0,0,-0.059423,0,35.5,0.12486
0,0,0,7.8,35.5,59.103
0,0.78,0,7.8,35.461,63.94
-0.0012518,1.56,-0.059313,7.8,35.337,65.667
-0.010889,2.34,-0.056381,7.8,35.133,67.279
-0.014526,3.12,-0.061536,7.8,34.866,68.896
-0.014526,3.9,0,7.8,34.514,70.366
-0.014526,4.68,0,7.8,34.083,71.965
-0.017655,5.46,-0.059115,7.8,33.566,73.695
-0.017655,6.24,0,6.7,32.979,72.858
-0.017655,6.91,0,6.7,32.32,74.232
-0.017655,7.58,0,6.7,31.594,75.605
-0.017655,8.25,0,-0.43936,30.8,61.977
-0.042811,8.2061,-0.07111,-0.45414,29.981,62.057
-0.042811,8.1606,0,-0.471,29.158,61.779
-0.042811,8.1135,0,-0.4883,28.341,61.646
-0.042811,8.0647,0,-0.5061,27.527,61.509
-0.042811,8.0141,0,-0.52531,26.719,61.364
-0.042811,7.9616,0,-0.54463,25.916,61.216
-0.042811,7.9071,0,-0.5662,25.118,61.059
-0.042811,7.8505,0,-0.58863,24.326,60.896
-0.042811,7.7916,0,-0.61289,23.54,60.724
-0.089707,7.7303,-0.051679,-0.63875,22.701,60.749
-0.089707,7.6665,0,-0.66451,21.922,60.455
-0.089707,7.6,0,-0.69289,21.15,60.26
-0.089707,7.5307,0,-0.72293,20.384,60.054
-0.090892,7.4584,-0.059513,-0.75461,19.621,59.967
-0.090892,7.383,0,-0.78808,18.869,59.617
-0.090892,7.3042,0,-0.82452,18.126,59.379
-0.090892,7.2217,0,-0.86336,17.391,59.128
-0.10282,7.1354,0.15498,-0.90445,16.648,58.564
-0.094848,7.0449,0.24919,-0.94576,15.936,58.077
-0.064336,6.9504,0.33486,-0.98638,15.234,57.555
-0.064336,6.8517,0,-1.0294,14.538,57.967
-0.064336,6.7488,0,-1.0738,13.851,57.662
-0.064336,6.6414,0,-1.1195,13.175,57.346
-0.064336,6.5294,0,-1.1661,12.51,57.019
-0.064336,6.4128,0,-1.2173,11.857,56.672
-0.064336,6.2911,0,-1.2732,11.215,56.305
0.19619,6.1638,0.71015,-1.3288,10.659,9.2679
0.19619,6.0309,0,-1.3757,10.069,13.225
0.19619,5.8934,0,-1.4097,9.4921,12.379
0.19619,5.7524,0,-1.4279,8.9294,11.648
0.19619,5.6096,0,-1.4294,8.3809,11.035
0.19619,5.4666,0,-1.4015,7.8467,10.621
0.19619,5.3265,0,-8.8,7.3267,0
0.19619,4.4465,0,-8.8,6.8576,0
1.7584,3.5665,2.2669,-0.44924,6.9716,3.7684
1.983,3.5216,2.1302,-0.39337,6.7951,3.3886
1.983,3.4822,0,-8.8,6.6432,0
2.3979,2.6022,1.8634,-0.03968,6.5863,2.6124
2.3979,2.5983,0,-0.0030955,6.5661,0.42644
2.3979,2.598,0,0.37642,6.546,1.7154
2.3979,2.6356,0,0.64293,6.5241,3.0881
2.3979,2.6999,0,0.82981,6.4972,4.3555
3.2075,2.7829,1.1413,0.89479,6.6724,0
3.2075,2.8724,0,0.9095,6.7104,2.4347
3.4185,2.9633,0.54245,0.87532,6.7725,0
3.4185,3.0508,0,0.77397,6.8136,1.6634
3.4185,3.1282,0,0.66007,6.8465,1.4019
3.4185,3.1942,0,0.5383,6.8723,1.096
3.4185,3.2481,0,0.43956,6.892,0.87161
3.4185,3.292,0,0.36621,6.9069,0.72951
3.5274,3.3286,0.34462,0.32239,6.9597,0
3.5274,3.3609,0,0.31516,6.9779,0.45226
3.5274,3.3924,0,0.37279,6.993,0.72945
3.5274,3.4297,0,0.49616,7.0046,1.305
3.5274,3.4793,0,0.6712,7.0119,2.2411
3.5274,3.5464,0,0.84639,7.0134,3.3789
3.5274,3.6311,0,0.96376,7.0072,4.3711
3.5274,3.7274,0,1.0117,6.992,5.046
3.5274,3.8286,0,0.99257,6.967,5.3383
3.5274,3.9279,0,0.93321,6.9319,5.3715
4.6831,4.0212,0.016498,0.83443,7.4728,0.91716
4.6831,4.1046,0,0.7117,7.5348,0.7354
4.6831,4.1758,0,0.59812,7.5891,0.505
4.6831,4.2356,0,0.50475,7.6369,0.338
4.6694,4.2861,0.092752,0.44478,7.6733,0.017893
4.6694,4.3306,0,0.40198,7.7094,0.28425
4.6694,4.3708,0,0.38605,7.7413,0.33728
4.6694,4.4094,0,0.38695,7.7692,0.44133
4.6694,4.4481,0,0.41508,7.7933,0.6413
4.6694,4.4896,0,0.48827,7.8134,1.0296
4.6694,4.5384,0,0.561,7.8289,1.4731
4.6694,4.5945,0,0.62204,7.8392,1.9215
4.6694,4.6567,0,0.66101,7.8436,2.3111
5.3688,4.7228,0.43893,0.66558,8.0556,0
5.3688,4.7894,0,0.63057,8.1169,0.42095
5.3688,4.8524,0,0.58607,8.1716,0.43544
5.3688,4.911,0,0.53787,8.2204,0.42531
5.3688,4.9648,0,0.48773,8.2634,0.39699
5.3688,5.0136,0,0.44187,8.3014,0.37209
5.3688,5.0578,0,0.39423,8.3347,0.33156
5.3688,5.0972,0,0.33727,8.3639,0.25302
5.3688,5.1309,0,0.2825,8.3893,0.17329
5.3688,5.1592,0,0.23635,8.4117,0.11085
5.3906,5.1828,-0.24044,0.19227,8.4991,0.76553
5.3601,5.202,-0.25854,0.1456,8.5132,0.80225
5.3601,5.2166,0,0.10638,8.5283,0
5.3601,5.2272,0,0.069821,8.5421,0
5.3601,5.2342,0,0.034431,8.5551,0
5.3601,5.2376,0,0.005812,8.5675,0
5.3601,5.2382,0,-0.001474,8.5797,0
5.3601,5.2381,0,-0.0052121,8.5919,0
5.2303,5.2376,0.29826,-0.0019709,8.5277,0
5.2303,5.2374,0,0.027643,8.527,0.075075
5.2303,5.2401,0,0.06908,8.5261,0.17893
5.2303,5.247,0,0.12652,8.5248,0.34468
5.2303,5.2597,0,0.17592,8.5225,0.51763
5.2303,5.2773,0,0.23668,8.5187,0.75459
5.2303,5.3009,0,0.29303,8.5128,1.0133
5.2303,5.3302,0,0.35528,8.5042,1.3302
5.8303,5.3658,1.032,0.41392,8.6941,0
5.8303,5.4072,0,0.4622,8.7385,0.25994
6.0251,5.4534,1.0427,0.50149,8.8061,0
6.0251,5.5035,0,0.54423,8.8608,0.27355
6.0251,5.558,0,0.58239,8.9102,0.56043
6.0251,5.6162,0,0.62137,8.954,0.87884
6.0251,5.6783,0,0.64873,8.9918,1.178
6.0251,5.7432,0,0.6694,9.0232,1.469
6.0251,5.8101,0,0.68382,9.0481,1.7481
6.0251,5.8785,0,0.70366,9.0662,2.0657
6.0251,5.9489,0,0.71501,9.0773,2.358
6.0251,6.0204,0,0.7207,9.0814,2.6329
6.0251,6.0925,0,0.72945,9.0782,2.931
6.0251,6.1654,0,0.73983,9.0678,3.2471
6.0251,6.2394,0,0.75439,9.0501,3.5966
7.3106,6.3148,0.89968,0.75608,9.8602,0
7.4012,6.3904,0.90281,0.75931,9.9635,0
7.4012,6.4664,0,0.7626,10.061,0
7.4012,6.5426,0,0.7644,10.15,0.12648
7.4012,6.6191,0,0.76789,10.232,0.35775
7.4012,6.6959,0,0.77754,10.307,0.62136
7.4012,6.7736,0,0.7801,10.373,0.86685
7.4012,6.8516,0,0.77786,10.432,1.0987
7.4012,6.9294,0,0.78058,10.483,1.3566
7.4012,7.0075,0,0.78063,10.527,1.609
7.4012,7.0855,0,0.78708,10.562,1.897
7.4012,7.1642,0,0.79031,10.59,2.1782
8.4161,7.2433,0.92394,0.79168,11.176,0
8.4161,7.3224,0,0.79444,11.289,0
8.4161,7.4019,0,0.78961,11.395,0
8.6794,7.4808,0.94577,0.78878,11.54,0
8.6794,7.5597,0,0.7896,11.656,0
8.6794,7.6387,0,0.80127,11.764,0
8.9747,7.7188,1.1299,0.80587,11.896,0
8.9747,7.7994,0,0.82376,12.017,0
8.9747,7.8818,0,0.83997,12.131,0
9.3342,7.9658,1.1835,0.85702,12.28,0
9.4519,8.0515,1.1896,0.87049,12.423,0
9.577,8.1385,1.1801,0.88647,12.555,0
9.577,8.2272,0,0.89889,12.694,0
9.577,8.3171,0,0.90962,12.825,0
9.577,8.408,0,0.91789,12.946,0
9.577,8.4998,0,0.93213,13.058,0.13389
9.577,8.593,0,0.94939,13.161,0.48252
10.321,8.688,1.312,0.96145,13.479,0
10.321,8.7841,0,0.97805,13.637,0
10.321,8.8819,0,0.99602,13.786,0
10.321,8.9815,0,1.0157,13.925,0
10.321,9.0831,0,1.0244,14.054,0.022483
10.321,9.1855,0,1.0386,14.173,0.39021
11.163,9.2894,1.4295,1.0539,14.523,0
11.309,9.3948,1.4542,1.0686,14.711,0
11.452,9.5016,1.4899,1.0816,14.914,0
11.594,9.6098,1.4776,1.0933,15.12,0
11.751,9.7191,1.4251,1.1118,15.323,0
11.751,9.8303,0,1.1252,15.521,0
11.751,9.9428,0,1.1293,15.707,0
11.751,10.056,0,1.1414,15.882,0
12.335,10.17,1.3842,1.1497,16.137,0
12.463,10.285,1.4072,1.1492,16.357,0
12.463,10.4,0,1.1521,16.569,0
12.463,10.515,0,1.1542,16.769,0
12.463,10.63,0,1.1589,16.958,0
12.463,10.746,0,1.1553,17.136,0
12.463,10.862,0,1.1597,17.302,0
12.463,10.978,0,1.1659,17.456,0
12.463,11.094,0,1.1642,17.599,0.20168
12.463,11.211,0,1.1592,17.73,0.54649
12.463,11.327,0,1.1499,17.849,0.87936
12.463,11.442,0,1.1449,17.957,1.2376
12.463,11.556,0,1.1341,18.054,1.5743
12.463,11.67,0,1.1317,18.139,1.957
12.463,11.783,0,1.1299,18.212,2.3511
12.463,11.896,0,1.1282,18.275,2.7543
12.463,12.009,0,1.1272,18.326,3.1692
12.463,12.121,0,1.1223,18.366,3.5696
12.463,12.234,0,1.1197,18.394,3.9894
12.463,12.346,0,1.1225,18.412,4.4489
12.463,12.458,0,1.1255,18.418,4.9191
14.969,12.57,1.1166,1.1276,20.935,0
14.969,12.683,0,1.12,21.169,0
15.193,12.795,1.0469,1.1159,21.407,0
15.193,12.907,0,1.1106,21.641,0
15.193,13.018,0,1.1051,21.864,0
15.193,13.128,0,1.1026,22.076,0
15.193,13.239,0,1.107,22.277,0
15.193,13.349,0,1.1079,22.467,0
15.193,13.46,0,1.1088,22.646,0
16.018,13.571,1.0437,1.1055,23.122,0
16.018,13.681,0,1.0943,23.361,0
16.018,13.791,0,1.084,23.589,0
16.319,13.899,1.1711,1.08,23.855,0
16.319,14.007,0,1.0767,24.092,0
16.319,14.115,0,1.0714,24.318,0
16.646,14.222,0.90753,1.0694,24.583,0
16.646,14.329,0,1.0571,24.82,0
16.646,14.435,0,1.0458,25.046,0
16.646,14.539,0,1.0307,25.262,0
16.646,14.642,0,1.0296,25.468,0
16.646,14.745,0,1.0234,25.663,0
16.646,14.848,0,1.0134,25.848,0
16.646,14.949,0,0.99842,26.022,0
17.333,15.049,0.72185,0.98059,26.5,0
17.333,15.147,0,0.96321,26.724,0
17.333,15.243,0,0.94685,26.938,0
17.333,15.338,0,0.93841,27.142,0
17.639,15.432,0.80541,0.93512,27.376,0
17.639,15.525,0,0.92612,27.592,0
17.639,15.618,0,0.91186,27.799,0
17.639,15.709,0,0.89622,27.997,0
17.639,15.799,0,0.88079,28.185,0
17.639,15.887,0,0.8676,28.365,0
17.639,15.974,0,0.8533,28.536,0
17.639,16.059,0,0.83243,28.698,0
17.639,16.142,0,0.80097,28.852,0
18.072,16.222,-0.20348,0.76506,29.256,0
18.072,16.299,0,0.72347,29.438,0
18.072,16.371,0,0.68101,29.611,0
18.072,16.439,0,0.64141,29.778,0
17.975,16.503,-0.26453,0.60361,29.931,0
17.975,16.564,0,0.56488,30.075,0
17.975,16.62,0,0.52577,30.214,0
17.871,16.673,-0.40586,0.48884,30.33,0
17.871,16.722,0,0.44871,30.447,0
17.871,16.766,0,0.41303,30.56,0
17.871,16.808,0,0.37801,30.668,0
17.871,16.846,0,0.34125,30.773,0
17.871,16.88,0,0.30688,30.874,0
17.871,16.91,0,0.27446,30.971,0
17.871,16.938,0,0.246,31.066,0
17.871,16.962,0,0.21937,31.158,0
17.871,16.984,0,0.19497,31.248,0
17.871,17.004,0,0.17229,31.336,0
17.871,17.021,0,0.14268,31.422,0
17.871,17.035,0,0.11279,31.506,0
17.871,17.047,0,0.090079,31.589,0
17.871,17.056,0,0.067306,31.671,0
17.871,17.062,0,0.042316,31.752,0
17.871,17.067,0,0.013295,31.833,0
17.033,17.068,-0.84643,-0.0039424,31.262,3.999
17.033,17.068,0,-0.012621,31.258,0.044034
17.033,17.066,0,-0.022355,31.255,0.021045
17.033,17.064,0,-0.03319,31.252,0
17.033,17.061,0,-0.042566,31.249,0
17.033,17.056,0,-0.052001,31.246,0
16.52,17.051,-0.73045,-0.06063,31.093,4.8551
16.52,17.045,0,-0.068302,31.041,1.0176
16.52,17.038,0,-0.074859,30.988,0.9812
16.52,17.031,0,-0.08117,30.937,0.94438
16.269,17.023,-0.47176,-0.087008,30.857,3.8064
16.269,17.014,0,-0.090669,30.782,1.5136
16.269,17.005,0,-0.096122,30.708,1.4713
16.269,16.995,0,-0.099117,30.635,1.436
16.269,16.985,0,-0.10254,30.563,1.3988
16.269,16.975,0,-0.10416,30.492,1.3669
16.269,16.965,0,-0.10589,30.421,1.3343
16.269,16.954,0,-0.10553,30.352,1.3082
16.269,16.944,0,-0.1054,30.284,1.2815
16.269,16.933,0,-0.10425,30.218,1.2581
16.269,16.923,0,-0.10232,30.152,1.2376
16.269,16.912,0,-0.1003,30.087,1.2178
16.269,16.902,0,-0.097671,30.023,1.2005
16.269,16.893,0,-0.093497,29.96,1.1887
16.269,16.883,0,-0.089213,29.898,1.1783
16.269,16.874,0,-0.086498,29.837,1.1641
16.269,16.866,0,-0.083125,29.777,1.1526
16.269,16.857,0,-0.080788,29.718,1.1388
16.269,16.849,0,-0.079021,29.66,1.1238
16.269,16.841,0,-0.076063,29.602,1.113
16.269,16.834,0,-0.074464,29.545,1.0987
16.269,16.826,0,-0.073085,29.489,1.0842
16.269,16.819,0,-0.072242,29.434,1.0685
16.269,16.812,0,-0.0715,29.379,1.0526
16.269,16.805,0,-0.069158,29.325,1.0419
16.269,16.798,0,-0.067651,29.272,1.0291
16.269,16.791,0,-0.066243,29.219,1.0165
16.269,16.784,0,-0.065799,29.167,1.0014
16.269,16.778,0,-0.064813,29.116,0.98805
16.269,16.771,0,-0.063872,29.066,0.97481
16.269,16.765,0,-0.062747,29.016,0.96237
16.269,16.759,0,-0.060216,28.967,0.95438
16.269,16.753,0,-0.060066,28.918,0.94
16.269,16.747,0,-0.059984,28.87,0.92548
16.271,16.741,-0.20826,-0.060334,28.604,1.6308
16.271,16.735,0,-0.061094,28.557,0.88803
16.226,16.729,-0.35174,-0.064863,28.514,2.3606
16.191,16.722,-0.41486,-0.068762,28.461,2.7662
16.191,16.715,0,-0.072716,28.408,1.0036
16.191,16.708,0,-0.078505,28.356,0.96864
16.191,16.7,0,-0.086157,28.305,0.92725
16.191,16.691,0,-0.093259,28.254,0.88617
15.905,16.682,-0.68808,-0.10228,28.125,5.3064
15.839,16.672,-0.67887,-0.10999,28.054,5.4228
15.839,16.661,0,-0.11833,27.971,1.6254
15.839,16.649,0,-0.12638,27.889,1.5666
15.636,16.636,-0.56001,-0.13408,27.765,5.0868
15.636,16.623,0,-0.1395,27.665,2.0039
15.636,16.609,0,-0.14454,27.567,1.9466
15.636,16.595,0,-0.14972,27.471,1.8881
15.636,16.58,0,-0.15494,27.376,1.8285
15.636,16.564,0,-0.15999,27.282,1.7688
15.636,16.548,0,-0.16493,27.19,1.7088
15.636,16.532,0,-0.17216,27.1,1.6406
15.636,16.514,0,-0.18221,27.011,1.5622
15.636,16.496,0,-0.19266,26.924,1.4815
15.636,16.477,0,-0.20831,26.839,1.3838
15.636,16.456,0,-0.22893,26.756,1.2705
15.636,16.433,0,-0.25242,26.675,1.1487
15.636,16.408,0,-0.27766,26.597,1.0225
15.636,16.38,0,-0.30651,26.521,0.8888
14.069,16.35,-2.5125,-0.34175,25.662,45.658
14.069,16.315,0,-0.38032,25.436,4.9273
14.069,16.277,0,-0.42125,25.213,4.5952
14.069,16.235,0,-0.46485,24.994,4.2495
14.069,16.189,0,-0.50873,24.78,3.9034
14.069,16.138,0,-0.55243,24.571,3.561
14.069,16.083,0,-0.59606,24.366,3.2241
14.069,16.023,0,-0.64067,24.168,2.8916
11.979,15.959,-2.671,-0.68894,23.141,59.55
11.979,15.89,0,-0.74307,22.747,9.1961
11.979,15.816,0,-0.80263,22.359,8.5243
11.112,15.735,-3.085,-0.86674,21.848,78.69
11.112,15.649,0,-0.93444,21.39,10.577
11.112,15.555,0,-1.0069,20.941,9.7162
11.112,15.455,0,-1.0862,20.502,8.8216
11.112,15.346,0,-1.1705,20.073,7.9154
11.112,15.229,0,-1.2607,19.655,7.0053
9.2374,15.103,-3.3535,-1.3608,18.692,94.305
9.2374,14.967,0,-1.4698,18.113,12.111
9.2374,14.82,0,-1.5923,17.547,10.697
9.2374,14.661,0,-1.7341,16.997,9.2277
9.2374,14.487,0,-1.8949,16.463,7.7597
9.2374,14.298,0,-2.0861,15.947,6.3309
9.2374,14.089,0,-2.3065,15.452,5.1086
9.2374,13.859,0,-2.551,14.978,4.3496
5.8796,13.603,-4.4612,-2.8152,13.275,26.013
5.8796,13.322,0,-3.1076,12.516,9.3465
5.8796,13.011,0,-3.4302,11.788,7.4178
5.8796,12.668,0,-7.4926,11.092,50.727
5.8796,11.919,0,-7.6112,10.45,48.941
3.6497,11.158,-4.6307,-7.6479,9.3416,9.0516
3.6497,10.393,0,-7.4757,8.629,10.907
2.7519,9.6454,-4.0553,-7.0653,7.8938,7.8069
2.3518,8.9388,-3.5624,-6.5702,7.2126,7.1832
1.9873,8.2818,-2.7115,-5.7317,6.5591,6.5573
1.9873,7.7086,0,-5.2,5.9583,3.7779
1.9873,7.1886,0,-5.2,5.4122,2.7119
1.5008,6.6686,0.45199,-5.2,4.832,2.5531
1.5558,6.1486,1.4933,-5.2,4.3362,7.0916
1.5558,5.6286,0,-8.8,3.9029,0
1.5558,4.7486,0,-8.8,3.5396,0
1.5558,3.8686,0,-8.8,3.2644,0
1.5558,2.9886,0,-8.8,3.0771,0
1.5558,2.1086,0,-8.8,2.9778,0
1.5558,1.2286,0,-8.8,2.9665,0
1.5558,0.34865,0,-8.8,3.0432,0
1.9974,0,-2.932,-8.8,3.6332,0
1.9974,0,0,-8.8,3.8769,0
1.9974,0,0,-8.8,4.1207,0
1.9974,0,0,-8.8,4.3644,0
0.28955,0,-5.3963,-8.8,4.3054,0
0.28955,0,0,-8.8,4.3784,0
0.28955,0,0,-8.8,4.4513,0
0.28955,0,0,-8.8,4.5243,0
0.28955,0,0,-8.8,4.5972,0
0.28955,0,0,-8.8,4.6702,0
0.28955,0,0,-8.8,4.7431,0
0.28955,0,0,-8.8,4.8161,0
0.28955,0,0,-8.8,4.8891,0
-0.89,0,0.8163,-8.8,3.8543,0
-0.8012,0,0.62465,-8.8,3.8181,0
-0.8012,0,0,-8.8,3.782,0
-0.8012,0,0,-8.8,3.7458,0
-0.8012,0,0,-8.8,3.7097,0
-0.8012,0,0,-8.8,3.6736,0
-0.8012,0,0,-8.8,3.6375,0
-0.8012,0,0,-8.8,3.6014,0
-0.8012,0,0,-8.8,3.5652,0
-0.8012,0,0,-8.8,3.5291,0
-0.8012,0,0,-8.8,3.493,0
-0.8012,0,0,-8.8,3.4569,0
-0.8012,0,0,-8.8,3.4208,0
-0.8012,0,0,-8.8,3.3846,0
-0.8012,0,0,-8.8,3.3485,0
-0.8012,0,0,-8.8,3.3124,0
-0.8012,0,0,-8.8,3.2763,0
-0.8012,0,0,-8.8,3.2402,0
-0.8012,0,0,-8.8,3.204,0
-0.8012,0,0,-8.8,3.1679,0
-0.8012,0,0,-8.8,3.1318,0
-0.8012,0,0,-8.8,3.0957,0
-0.8012,0,0,-8.8,3.0596,0
-0.8012,0,0,-8.8,3.0234,0
-3.4668,0,-1.2876,-8.8,0.90606,0
-3.4668,0,0,-11.942,0.60338,0
-3.4668,0,0,-24.703,0.31641,0
-3.4668,0,0,-160.17,0.09325,0
-3.4668,0,0,-18.614,0.54741,0
-3.4668,0,0,-57.649,0.2938,0
-4.2431,0,-1.3858,-582.49,0.015491,0
-4.2431,0,0,-8.8,2.5036,0
-4.2431,0,0,-8.8,2.1233,0
-4.6604,0,-1.3986,-8.8,1.6901,0
-4.6604,0,0,-10.541,1.2681,0
-4.6604,0,0,-16.188,0.85474,0
-4.6604,0,0,-33.394,0.46964,0
-4.6604,0,0,-299.83,0.17058,0
-5.3477,0,-1.2958,-15.289,1.0219,0
-5.4758,0,-1.3107,-28.106,0.55951,0
-5.6156,0,-1.3158,-110.46,0.14447,0
-5.6156,0,0,-122.47,0.1352,0
-5.6156,0,0,-103.45,0.186,0
-5.9768,0,-0.77772,-196.66,0.09118,0
-5.9768,0,0,-40.007,0.47682,0
-5.9768,0,0,-359.45,0.079179,0
-6.1571,0,-0.31931,-15.59,1.2413,0
-6.1919,0,-0.3162,-27.462,0.70618,0
-6.1919,0,0,-88.9,0.2243,0
-6.1919,0,0,-446.77,0.049612,0
-6.2894,0,-0.31066,-12.276,1.6529,0
-6.3151,0,-0.32499,-18.78,1.0805,0
-6.3416,0,-0.37306,-37.6,0.54013,0
-6.3416,0,0,-230.34,0.09398,0
-6.3416,0,0,-35.072,0.61151,0
-6.3416,0,0,-153.19,0.15272,0
-6.5515,0,-0.69721,-85.421,0.2533,0
-6.5515,0,0,-1538.1,0.025262,0
-6.5515,0,0,-1.0509,7.0608,11.274
-6.5515,0,0,-1.3134,6.4109,10.723
-6.928,0,-1.624,-1.624,5.6974,14.254
-6.928,0,0,-8.8,5.0128,0
-7.2967,0,-2.2454,-8.8,4.3226,1.237
-7.515,0,-2.4736,-10.267,3.6232,0
-7.515,0,0,-12.941,2.923,0
-7.515,0,0,-17.428,2.2362,0
-7.515,0,0,-26.529,1.5719,0
-7.515,0,0,-53.098,0.95301,0
-7.515,0,0,-295.52,0.467,0
-7.515,0,0,-61.587,1.1931,0
-7.515,0,0,-484.8,0.74954,0
-9.75,0,-2.8411,-33.525,1.5491,0
-10.029,0,-2.5761,-71.383,0.73091,0
-10.029,0,0,-666.4,0.084912,0
-10.527,0,-2.3577,-25.672,2.3767,0
-10.761,0,-2.282,-42.256,1.4485,0
-10.761,0,0,-107.31,0.58365,0
-10.761,0,0,9.8,1.0504,42.705
-10.761,0.98,0,9.8,1.1155,44.714
-10.761,1.96,0,9.8,1.1862,46.723
-10.761,2.94,0,9.8,1.2869,48.732
-10.761,3.92,0,9.8,1.4023,50.741
-12.32,4.9,-2.3197,9.8,1,60.82
-12.32,5.88,0,9.8,1.0176,57.955
-12.32,6.86,0,9.8,1.0608,59.964
-12.32,7.84,0,9.8,1.1191,61.973
-12.32,8.82,0,9.8,1.1914,63.982
-12.32,9.8,0,9.8,1.293,65.991
-12.32,10.78,0,9.8,1.4134,68
-12.32,11.76,0,9.8,1.5679,70.009
-12.32,12.74,0,9.8,1.736,72.018
-14.536,13.72,-3.2993,9.8,1,85.502
-14.536,14.7,0,9.8,1.0153,80.579
-14.536,15.68,0,9.8,1.0683,82.588
-14.536,16.66,0,9.8,1.1456,84.597
-14.536,17.64,0,9.8,1.2648,86.606
-14.536,18.62,0,9.8,1.4093,88.615
-14.536,19.6,0,9.8,1.5859,90.624
-14.536,20.58,0,9.8,1.7763,92.633
-14.536,21.56,0,9.8,1.9882,94.642
-14.536,22.54,0,9.8,2.2153,96.651
