21.944,21.944,0.22892,0,35.5,0
21.944,21.944,0,0.0097194,35.5,0.02066
21.944,21.945,0,0.01586,35.5,0.035987
21.944,21.947,0,0.021366,35.5,0.051421
21.944,21.949,0,0.022776,35.499,0.059056
21.944,21.951,0,0.024734,35.499,0.068246
21.944,21.954,0,0.029133,35.498,0.083424
21.944,21.957,0,0.032822,35.497,0.098072
21.944,21.96,0,0.038805,35.496,0.11898
21.944,21.964,0,0.044681,35.494,0.14122
21.944,21.968,0,0.048174,35.492,0.15932
21.944,21.973,0,0.05131,35.489,0.17748
21.944,21.978,0,0.052162,35.486,0.1909
21.944,21.984,0,0.057923,35.482,0.21667
21.944,21.989,0,0.061757,35.478,0.23923
22.22,21.996,0.17222,0.066585,35.685,0
22.22,22.002,0,0.07131,35.707,0
22.22,22.009,0,0.076298,35.728,0
22.22,22.017,0,0.076403,35.749,0
22.22,22.025,0,0.077922,35.769,0
22.22,22.032,0,0.078127,35.788,0
22.22,22.04,0,0.080555,35.806,0
22.22,22.048,0,0.084225,35.824,0
22.22,22.057,0,0.084906,35.841,0
22.22,22.065,0,0.084771,35.857,0
22.22,22.074,0,0.083674,35.872,0
22.22,22.082,0,0.083391,35.886,0
22.373,22.09,0.099436,0.083797,35.98,0
22.39,22.099,0.09177,0.086363,36,0
22.39,22.107,0,0.084333,36.028,0
22.39,22.116,0,0.085844,36.056,0
22.39,22.124,0,0.083427,36.083,0
22.39,22.133,0,0.08317,36.109,0
22.39,22.141,0,0.081743,36.134,0
22.39,22.149,0,0.079304,36.159,0
22.39,22.157,0,0.078365,36.182,0
22.428,22.165,0.056625,0.07816,36.199,0
22.428,22.173,0,0.077687,36.225,0
22.428,22.181,0,0.073672,36.25,0
22.437,22.188,0.099741,0.073923,36.289,0
22.441,22.195,0.056328,0.072836,36.311,0
22.441,22.203,0,0.071244,36.335,0
22.441,22.21,0,0.073777,36.358,0
22.441,22.217,0,0.075669,36.381,0
22.441,22.225,0,0.075386,36.403,0
22.441,22.232,0,0.075178,36.424,0
22.441,22.24,0,0.075347,36.445,0
22.441,22.247,0,0.0755,36.465,0
22.441,22.255,0,0.073423,36.484,0
22.441,22.262,0,0.071736,36.502,0
22.441,22.269,0,0.069865,36.519,0
22.441,22.276,0,0.068376,36.536,0
22.502,22.283,0.051384,0.064957,36.649,0
22.502,22.29,0,0.063784,36.67,0
22.502,22.296,0,0.063255,36.691,0
22.507,22.302,0.063812,0.060996,36.715,0
22.517,22.308,0.042288,0.062005,36.735,0
22.517,22.315,0,0.06187,36.755,0
22.517,22.321,0,0.057063,36.775,0
22.517,22.327,0,0.052473,36.795,0
22.517,22.332,0,0.048616,36.813,0
22.517,22.337,0,0.046162,36.832,0
22.517,22.341,0,0.043937,36.849,0
22.517,22.346,0,0.043995,36.867,0
22.492,22.35,0.019783,0.0421,36.872,0
22.492,22.354,0,0.043743,36.886,0
22.492,22.359,0,0.043122,36.899,0
22.492,22.363,0,0.04331,36.912,0
22.492,22.367,0,0.044851,36.925,0
22.492,22.372,0,0.040944,36.937,0
22.503,22.376,0.034097,0.037872,36.947,0
22.503,22.38,0,0.03882,36.959,0
22.51,22.384,0.059484,0.037552,36.969,0
22.51,22.387,0,0.037387,36.981,0
22.51,22.391,0,0.04042,36.993,0
22.51,22.395,0,0.042538,37.005,0
22.551,22.399,0.052423,0.045089,37.028,0
22.551,22.404,0,0.044727,37.043,0
22.551,22.408,0,0.044111,37.058,0
22.551,22.413,0,0.043469,37.072,0
22.551,22.417,0,0.041541,37.085,0
22.551,22.421,0,0.037513,37.099,0
22.542,22.425,0.017515,0.034958,37.125,0
22.542,22.429,0,0.035498,37.136,0
22.542,22.432,0,0.032289,37.147,0
22.542,22.435,0,0.029184,37.158,0
22.533,22.438,0.0059105,0.02813,37.154,0
22.533,22.441,0,0.027134,37.163,0
22.533,22.444,0,0.025241,37.172,0
22.533,22.446,0,0.025244,37.181,0
22.533,22.449,0,0.025325,37.19,0
22.533,22.451,0,0.022253,37.198,0
22.52,22.454,-0.061284,0.019846,37.196,0.039757
22.52,22.456,0,0.01975,37.202,0
22.523,22.458,-0.053834,0.019541,37.194,0.023848
22.526,22.459,-0.065088,0.019829,37.209,0.0488
22.527,22.461,-0.10824,0.019446,37.208,0.15787
22.527,22.463,0,0.015789,37.214,0
22.498,22.465,-0.051567,0.0098662,37.236,0.066325
22.498,22.466,0,0.0073459,37.24,0
22.498,22.467,0,0.006102,37.243,0
22.498,22.467,0,0.0037687,37.246,0
22.498,22.468,0,0.0031274,37.249,0
22.498,22.468,0,-4.2353e-05,37.252,0
22.498,22.468,0,-0.00077666,37.255,0
22.498,22.468,0,-0.0023398,37.258,0
22.498,22.468,0,-0.0032367,37.261,0
22.498,22.467,0,-0.0059559,37.264,0
22.498,22.467,0,-0.0075722,37.267,0
22.498,22.466,0,-0.010488,37.27,0
22.498,22.465,0,-0.012527,37.274,0
22.498,22.464,0,-0.014453,37.277,0
22.498,22.462,0,-0.016345,37.28,0
22.295,22.461,-0.23228,-0.01897,37.186,1.0115
22.295,22.459,0,-0.020299,37.169,0.30198
22.295,22.457,0,-0.022095,37.153,0.29324
22.246,22.454,-0.24141,-0.02391,37.124,1.1468
22.246,22.452,0,-0.027032,37.104,0.37878
22.246,22.449,0,-0.028722,37.083,0.36862
22.246,22.447,0,-0.031149,37.063,0.35634
22.156,22.443,-0.18831,-0.033112,37.02,1.1367
22.134,22.44,-0.21248,-0.035269,36.991,1.2703
22.134,22.437,0,-0.037784,36.961,0.56968
22.134,22.433,0,-0.040159,36.931,0.55474
22.134,22.429,0,-0.041512,36.901,0.54199
22.134,22.425,0,-0.042549,36.872,0.5298
22.134,22.42,0,-0.044095,36.843,0.5161
22.134,22.416,0,-0.046723,36.815,0.49937
22.134,22.411,0,-0.049015,36.787,0.483
22.134,22.406,0,-0.050085,36.76,0.46927
21.945,22.401,-0.21756,-0.053467,36.629,1.6585
21.945,22.396,0,-0.054522,36.584,0.87783
21.945,22.391,0,-0.056454,36.539,0.859
21.887,22.385,-0.17091,-0.058669,36.48,1.572
21.887,22.379,0,-0.059857,36.431,0.96271
21.887,22.373,0,-0.061256,36.382,0.94384
21.847,22.367,-0.20367,-0.061517,36.336,1.7552
21.847,22.361,0,-0.062655,36.284,1.0062
21.8,22.355,-0.24429,-0.065951,36.229,2.0178
21.8,22.348,0,-0.067871,36.174,1.077
21.8,22.341,0,-0.070473,36.12,1.0522
21.8,22.334,0,-0.07245,36.066,1.0287
21.8,22.327,0,-0.074674,36.013,1.0041
21.684,22.319,-0.2647,-0.07643,35.937,2.3196
21.684,22.312,0,-0.078282,35.874,1.2471
21.633,22.304,-0.26999,-0.08113,35.805,2.4379
21.633,22.296,0,-0.084338,35.738,1.3182
21.633,22.287,0,-0.08564,35.673,1.2922
21.633,22.279,0,-0.08868,35.608,1.2604
21.519,22.27,-0.29102,-0.091921,35.498,2.7537
21.519,22.261,0,-0.093688,35.423,1.494
21.459,22.251,-0.32328,-0.097659,35.343,3.0352
21.459,22.242,0,-0.10129,35.264,1.5786
21.459,22.231,0,-0.10338,35.187,1.5444
21.459,22.221,0,-0.10607,35.11,1.5079
21.329,22.211,-0.29526,-0.11006,35.014,3.1305
21.329,22.2,0,-0.11187,34.926,1.7794
21.329,22.188,0,-0.11456,34.84,1.7393
21.243,22.177,-0.32003,-0.11809,34.725,3.4085
21.243,22.165,0,-0.12016,34.632,1.894
21.191,22.153,-0.30466,-0.12248,34.547,3.3989
21.16,22.141,-0.27576,-0.12539,34.449,3.2936
21.16,22.128,0,-0.12662,34.352,1.9987
21.16,22.116,0,-0.12968,34.256,1.952
21.073,22.103,-0.30847,-0.13319,34.162,3.6033
21.073,22.089,0,-0.13551,34.06,2.1012
21.019,22.076,-0.37699,-0.13807,33.94,4.0778
21.019,22.062,0,-0.14287,33.835,2.1511
20.927,22.048,-0.3938,-0.14774,33.728,4.3677
20.927,22.033,0,-0.15108,33.616,2.3008
20.848,22.018,-0.41838,-0.1556,33.514,4.6678
20.848,22.002,0,-0.15895,33.398,2.4109
20.848,21.986,0,-0.16303,33.283,2.3487
20.848,21.97,0,-0.16765,33.17,2.2838
20.848,21.953,0,-0.17198,33.059,2.2194
20.848,21.936,0,-0.1774,32.949,2.1503
20.848,21.918,0,-0.18176,32.841,2.0843
20.848,21.9,0,-0.18466,32.735,2.023
20.848,21.882,0,-0.18768,32.631,1.9611
20.848,21.863,0,-0.19003,32.528,1.9013
20.848,21.844,0,-0.19139,32.428,1.8449
20.848,21.825,0,-0.19274,32.329,1.7886
20.848,21.806,0,-0.1953,32.233,1.7283
20.848,21.786,0,-0.19892,32.138,1.6645
20.848,21.766,0,-0.20027,32.045,1.6078
20.848,21.746,0,-0.20339,31.954,1.5457
20.848,21.726,0,-0.20701,31.865,1.4819
20.272,21.705,-0.3773,-0.21087,31.233,5.1009
20.272,21.684,0,-0.21533,31.091,2.9556
20.272,21.662,0,-0.21836,30.951,2.8774
20.168,21.641,-0.42705,-0.22102,30.803,5.5338
20.168,21.618,0,-0.22695,30.657,3.0258
20.168,21.596,0,-0.23042,30.513,2.9419
20.168,21.573,0,-0.23453,30.371,2.8552
20.168,21.549,0,-0.23759,30.232,2.7723
20.168,21.526,0,-0.24012,30.095,2.6915
19.943,21.501,-0.46183,-0.24394,29.904,5.9882
19.943,21.477,0,-0.2499,29.749,3.1872
19.943,21.452,0,-0.25621,29.597,3.0833
19.79,21.426,-0.38574,-0.26193,29.429,5.6553
19.79,21.4,0,-0.26722,29.267,3.3492
19.79,21.374,0,-0.27176,29.107,3.2461
19.79,21.346,0,-0.2739,28.95,3.1529
19.79,21.319,0,-0.27821,28.796,3.051
19.79,21.291,0,-0.28281,28.645,2.9477
19.79,21.263,0,-0.28928,28.496,2.8369
19.487,21.234,-0.50012,-0.29625,28.248,6.7241
19.443,21.204,-0.44875,-0.30127,28.08,6.3681
19.443,21.174,0,-0.3053,27.905,3.566
19.443,21.144,0,-0.30848,27.734,3.4555
19.342,21.113,-0.36301,-0.31116,27.546,5.7383
19.342,21.082,0,-0.31332,27.37,3.5569
19.271,21.05,-0.40955,-0.31839,27.188,6.0486
19.271,21.019,0,-0.32252,27.011,3.54
19.193,20.986,-0.40674,-0.32703,26.828,6.0336
19.193,20.954,0,-0.333,26.65,3.537
19.193,20.92,0,-0.33975,26.475,3.4035
19.193,20.886,0,-0.34629,26.304,3.2707
19.193,20.852,0,-0.35055,26.137,3.1474
19.193,20.817,0,-0.35664,25.973,3.0171
19.193,20.781,0,-0.35955,25.812,2.8996
19.193,20.745,0,-0.36455,25.655,2.7748
19.193,20.709,0,-0.36832,25.502,2.6552
19.193,20.672,0,-0.37281,25.352,2.5338
19.193,20.634,0,-0.37908,25.206,2.4068
19.193,20.597,0,-0.38536,25.063,2.2805
19.193,20.558,0,-0.39203,24.925,2.1538
19.193,20.519,0,-0.39609,24.79,2.0366
19.193,20.479,0,-0.39905,24.66,1.9243
19.193,20.439,0,-0.40213,24.533,1.8129
19.193,20.399,0,-0.40616,24.41,1.7003
19.193,20.358,0,-0.41245,24.292,1.5826
18.424,20.317,-0.4581,-0.41553,23.47,6.2483
18.379,20.276,-0.45418,-0.4211,23.28,6.2011
18.379,20.234,0,-0.4254,23.092,3.4338
18.379,20.191,0,-0.43167,22.909,3.2782
18.257,20.148,-0.45633,-0.43456,22.705,6.1086
18.257,20.104,0,-0.44145,22.518,3.3458
18.257,20.06,0,-0.4451,22.335,3.198
18.257,20.016,0,-0.44769,22.157,3.0558
18.257,19.971,0,-0.4505,21.984,2.9143
18.257,19.926,0,-0.4531,21.814,2.7753
18.257,19.881,0,-0.45815,21.65,2.629
18.257,19.835,0,-0.46152,21.49,2.4903
17.936,19.789,-0.46101,-0.46609,21.237,5.7878
17.896,19.742,-0.42073,-0.46986,21.057,5.468
17.847,19.695,-0.44432,-0.47614,20.87,5.5961
17.847,19.647,0,-0.47902,20.688,3.0546
17.847,19.6,0,-0.48539,20.51,2.8918
17.847,19.551,0,-0.49107,20.337,2.7332
17.847,19.502,0,-0.49824,20.17,2.5714
17.613,19.452,-0.55809,-0.50374,19.949,6.1873
17.613,19.402,0,-0.50983,19.768,2.9042
17.613,19.351,0,-0.52022,19.592,2.7226
17.613,19.299,0,-0.52715,19.42,2.5554
17.613,19.246,0,-0.53753,19.254,2.3792
17.613,19.192,0,-0.54725,19.094,2.208
17.613,19.137,0,-0.56017,18.939,2.0306
17.186,19.081,-0.69812,-0.56867,18.642,7.0755
17.186,19.025,0,-0.57816,18.455,2.7947
17.047,18.967,-0.67743,-0.59121,18.277,6.8604
17.047,18.908,0,-0.59911,18.088,2.7815
16.917,18.848,-0.67275,-0.61152,17.893,6.7313
16.917,18.787,0,-0.62037,17.703,2.7309
16.917,18.725,0,-0.63128,17.519,2.5291
16.917,18.661,0,-0.64385,17.342,2.3267
16.917,18.597,0,-0.65549,17.17,2.1323
16.917,18.532,0,-0.66867,17.006,1.9395
16.494,18.465,-0.69533,-0.683,16.716,6.5966
16.494,18.396,0,-0.69712,16.523,2.5632
16.494,18.327,0,-0.70915,16.336,2.3498
16.269,18.256,-0.69913,-0.72191,16.124,6.4347
16.193,18.184,-0.68845,-0.73549,15.921,6.2814
16.193,18.11,0,-0.7438,15.726,2.4564
16.193,18.036,0,-0.74996,15.538,2.2565
16.193,17.961,0,-0.76133,15.357,2.0498
16.193,17.884,0,-0.76745,15.184,1.864
16.193,17.808,0,-0.77365,15.019,1.6858
16.193,17.73,0,-0.77829,14.861,1.519
16.193,17.653,0,-0.79267,14.711,1.3438
16.193,17.573,0,-0.79914,14.569,1.192
16.193,17.493,0,-0.81236,14.435,1.0423
16.193,17.412,0,-0.82124,14.309,0.90984
16.193,17.33,0,-0.83175,14.191,0.78901
16.193,17.247,0,-4.4,14.082,205.16
16.193,16.807,0,-0.68058,13.998,0.22646
16.193,16.739,0,-4.4,13.94,331.25
16.193,16.299,0,-4.4,13.908,575.64
16.193,15.859,0,-0.36146,13.919,0
16.193,15.823,0,-0.39119,13.954,0
14.851,15.783,-1.0317,-4.4,12.827,0
14.851,15.343,0,-0.26254,12.755,0.45992
14.851,15.317,0,-0.30122,12.707,0.33745
14.851,15.287,0,-4.4,12.662,373.95
14.851,14.847,0,-0.20001,12.641,0
14.851,14.827,0,-0.24943,12.642,0
14.851,14.802,0,-0.30236,12.646,0
13.965,14.772,-1.5809,-4.4,12.378,0
13.965,14.332,0,-0.22975,12.32,0.27532
13.965,14.309,0,-0.29123,12.284,0.13194
13.965,14.28,0,-0.3532,12.251,0.00746
13.965,14.245,0,-4.4,12.222,452.53
13.965,13.805,0,-0.29261,12.216,0
13.965,13.775,0,-0.35996,12.233,0
13.965,13.739,0,-0.42601,12.254,0
12.577,13.697,-2.0521,-4.4,11.773,0
12.577,13.257,0,-0.39185,11.683,0.57867
12.577,13.217,0,-4.4,11.617,300.38
12.577,12.777,0,-0.38114,11.575,0
12.577,12.739,0,-0.4731,11.557,0
12.577,12.692,0,-4.4,11.543,568.22
11.115,12.252,-2.9215,-0.49411,11.146,49.9
11.115,12.203,0,-4.4,11.034,199.4
11.115,11.763,0,-0.53852,10.947,0.32766
11.115,11.709,0,-5.2,10.885,0
11.115,11.189,0,-0.57902,10.852,0
11.115,11.131,0,-5.2,10.847,0
11.115,10.611,0,-5.2,10.872,0
11.115,10.091,0,-0.61853,10.948,0.72101
11.115,10.029,0,-5.2,11.054,0
11.115,9.509,0,-0.75406,11.188,3.9357
11.115,9.4336,0,-5.2,11.352,0
11.115,8.9136,0,-5.2,11.547,0
11.115,8.3936,0,-5.2,11.793,0
11.115,7.8736,0,-0.78264,12.091,19.805
5.4543,7.7954,-3.8221,-5.2,8.7216,1.904
5.4543,7.2754,0,-5.2,8.5135,33.507
4.6946,6.7554,-3.6698,-5.2,8.2852,1.0092
4.6946,6.2354,0,-5.2,8.1051,17.811
3.9815,5.7154,-3.4635,-0.58379,7.8958,12.445
3.9815,5.657,0,-8.8,7.7254,1.0491
3.9815,4.777,0,-0.43735,7.6018,0.71804
3.9815,4.7333,0,-0.52658,7.5244,0.50128
3.9815,4.6806,0,-8.8,7.4519,0
3.9815,3.8006,0,-0.33981,7.426,0
3.9815,3.7666,0,-0.40351,7.4458,0
2.0203,3.7263,-2.3229,-8.8,6.764,0
1.779,2.8463,-2.2632,-0.22648,6.6181,7.563
1.5572,2.8236,-2.1397,-0.27493,6.493,7.5381
1.5572,2.7961,0,-8.8,6.3677,0
1.5572,1.9161,0,-0.11693,6.2878,0.49841
1.5572,1.9044,0,-0.14408,6.2525,0.41057
1.5572,1.89,0,-0.16699,6.2185,0.33137
1.5572,1.8733,0,-0.18582,6.1861,0.26004
0.60927,1.8547,-0.86689,-8.8,5.8514,0
0.528,0.97474,-0.6551,-0.037365,5.7698,2.5103
0.528,0.971,0,-0.042193,5.7253,0.89295
0.528,0.96678,0,-0.047051,5.6812,0.86846
0.38327,0.96208,-0.058557,-0.049983,5.611,1.4096
0.37999,0.95708,0.13487,-0.050357,5.5567,0.81561
0.37999,0.95204,0,-0.049104,5.4992,1.1965
0.37999,0.94713,0,-8.8,5.4422,0
0.37999,0.067132,0,0.29636,5.4295,0.031864
0.37999,0.096768,0,0.32359,5.4593,0.18266
0.37999,0.12913,0,0.34945,5.486,0.34389
0.37999,0.16407,0,0.3669,5.5094,0.49157
0.57288,0.20076,0.37243,0.37243,5.5879,0
0.61801,0.23801,0.36855,0.36855,5.6314,0
0.61801,0.27486,0,0.36628,5.6675,0.16176
0.69908,0.31149,0.38037,0.38037,5.71,0
0.69908,0.34952,0,0.43952,5.7469,0.37936
0.69908,0.39348,0,0.57054,5.7797,0.98307
0.69908,0.45053,0,0.77508,5.8074,2.0649
0.69908,0.52804,0,1.0376,5.8283,3.7374
0.69908,0.6318,0,1.2764,5.8403,5.6279
0.69908,0.75944,0,1.4444,5.8406,7.3297
0.69908,0.90388,0,4.9,5.8273,41.327
0.69908,1.3939,0,0.35493,5.7824,3.2274
0.69908,1.4294,0,0.97521,5.7111,7.03
0.69908,1.5269,0,1.0512,5.6332,7.9829
0.69908,1.632,0,0.98848,5.5452,8.0103
1.9422,1.7309,0.98168,0.90939,6.104,0
2.0344,1.8218,0.9742,0.84342,6.1353,0
2.0344,1.9061,0,0.83238,6.1523,2.7697
2.0344,1.9894,0,0.84379,6.161,3.1299
2.0344,2.0738,0,0.87978,6.1613,3.6396
2.0344,2.1617,0,0.88906,6.1529,4.0262
2.571,2.2506,1.1732,0.90975,6.2643,0
2.6891,2.3416,1.1069,0.92778,6.297,0
2.6891,2.4344,0,0.91198,6.3271,2.7338
2.6891,2.5256,0,0.86126,6.348,2.7946
2.6891,2.6117,0,0.79324,6.36,2.7477
2.6891,2.691,0,0.71709,6.3638,2.6381
2.6891,2.7628,0,0.61518,6.36,2.3821
2.6891,2.8243,0,0.51698,6.3496,2.1253
2.6891,2.876,0,0.41405,6.3335,1.8339
2.6891,2.9174,0,0.27872,6.3127,1.4077
2.6891,2.9452,0,0.16766,6.2885,1.0805
2.6891,2.962,0,0.026807,6.262,0.67822
2.8982,2.9647,-1.0194,-0.014966,6.5611,5.4918
2.8982,2.9632,0,-0.036836,6.5546,0.055998
2.8982,2.9595,0,-0.063437,6.5482,0
2.8982,2.9532,0,-0.093135,6.5424,0
2.8982,2.9439,0,-8.8,6.5374,0
2.1898,2.0639,-2.0193,0.4216,6.404,6.6066
1.9861,2.106,-2.1801,-0.019391,6.4077,5.6381
1.7592,2.1041,-2.2879,-0.055948,6.3904,6.1661
1.7592,2.0985,0,-0.093,6.3562,0.51316
1.7592,2.0892,0,-0.13246,6.3227,0.40017
1.7592,2.0759,0,-0.17135,6.2904,0.28999
1.7592,2.0588,0,-0.21525,6.2596,0.1741
1.7592,2.0373,0,-8.8,6.2307,0
1.7592,1.1573,0,-0.083587,6.2469,0
0.055691,1.1489,-2.5028,-0.11096,5.7142,7.4286
0.055691,1.1378,0,-0.13949,5.6054,2.2763
0.055691,1.1239,0,-8.8,5.4979,0
0.055691,0.24387,0,-2.3765,5.435,0
0.055691,0.0062236,0,-2.3955,5.4281,0
0.055691,0,0,-2.4722,5.445,0
-1.4112,0,-2.4079,-8.8,4.9939,0
-1.4112,0,0,-8.8,4.8968,0
-1.4112,0,0,-8.8,4.7997,0
-2.1189,0,-2.683,-8.8,4.5831,0
-2.1189,0,0,-8.8,4.4153,0
-2.1189,0,0,-8.8,4.2474,0
-2.1189,0,0,-8.8,4.0795,0
-2.1189,0,0,-8.8,3.9116,0
-3.5828,0,-2.9359,-8.8,3.3842,0
-3.5828,0,0,-8.8,3.07,0
-3.5828,0,0,-8.8,2.7557,0
-3.5828,0,0,-8.8,2.4414,0
-3.5828,0,0,-8.8,2.1271,0
-3.5828,0,0,-8.8,1.8129,0
-3.5828,0,0,-10.247,1.4986,0
-3.5828,0,0,-16.374,1.1915,0
-3.5828,0,0,-40.914,0.91513,0
-3.5828,0,0,-13309,0.76142,0
-3.5828,0,0,7.8,66.95,23.736
-3.5828,0.78,0,7.8,66.553,25.335
-3.5828,1.56,0,7.8,66.078,26.934
-3.5828,2.34,0,7.8,65.524,28.533
-3.9021,3.12,1.279,7.8,63.837,28.099
-3.9021,3.9,0,7.8,63.096,32.386
-3.9021,4.68,0,7.8,62.277,33.985
-3.9021,5.46,0,7.8,61.38,35.584
-3.9021,6.24,0,6.7,60.404,34.872
-3.9021,6.91,0,6.7,59.357,36.245
-3.9021,7.58,0,6.7,58.242,37.619
-3.9021,8.25,0,6.7,57.06,38.992
-3.9021,8.92,0,6.7,55.812,40.366
-3.9021,9.59,0,6.7,54.496,41.739
-3.9021,10.26,0,6.7,53.113,43.113
-3.9021,10.93,0,6.7,51.663,44.486
-3.9021,11.6,0,6.7,50.147,45.86
-3.9021,12.27,0,4.8,48.563,43.241
-3.9021,12.75,0,4.8,46.922,44.225
-3.9021,13.23,0,4.8,45.233,45.209
-3.9021,13.71,0,4.8,43.495,46.193
-1.936,14.19,1.0759,4.8,43.424,40.885
