23.889,23.889,0.29754,0,35.5,0
23.889,23.889,0,0.0085791,35.5,0.018212
23.889,23.89,0,0.014831,35.5,0.033506
23.973,23.891,0.23143,0.021067,35.501,0
24.003,23.893,0.21798,0.028327,35.514,0
24.003,23.896,0,0.031721,35.525,0
24.003,23.899,0,0.034534,35.536,0
24.003,23.903,0,0.037099,35.546,0
24.067,23.907,0.15799,0.041249,35.558,0
24.067,23.911,0,0.042201,35.573,0
24.067,23.915,0,0.043445,35.589,0
24.067,23.919,0,0.047752,35.604,0
24.067,23.924,0,0.051575,35.618,0
24.139,23.929,0.090544,0.054195,35.653,0
24.139,23.935,0,0.057018,35.674,0
24.174,23.94,0.09583,0.060352,35.713,0
24.174,23.946,0,0.060393,35.736,0
24.196,23.952,0.076843,0.062934,35.762,0
24.196,23.959,0,0.065844,35.786,0
24.196,23.965,0,0.065239,35.809,0
24.196,23.972,0,0.066582,35.832,0
24.227,23.978,-0.001197,0.064202,35.871,0
24.227,23.985,0,0.064933,35.896,0
24.227,23.991,0,0.062352,35.92,0
24.221,23.998,-0.060564,0.05773,35.943,0
24.221,24.003,0,0.056858,35.965,0
24.214,24.009,-0.076059,0.053025,35.989,0
24.214,24.014,0,0.051279,36.01,0
24.214,24.019,0,0.047449,36.029,0
24.214,24.024,0,0.04311,36.049,0
24.214,24.028,0,0.040428,36.067,0
24.214,24.033,0,0.037664,36.086,0
24.214,24.036,0,0.033096,36.104,0
24.214,24.04,0,0.030627,36.121,0
24.214,24.043,0,0.024617,36.139,0
24.214,24.045,0,0.023355,36.156,0
24.214,24.047,0,0.020903,36.172,0
24.117,24.05,-0.12847,0.01739,36.116,0.20153
24.112,24.051,-0.13943,0.015606,36.115,0.24273
24.112,24.053,0,0.011319,36.121,0
24.112,24.054,0,0.0054613,36.126,0
24.112,24.055,0,0.0026,36.132,0
24.112,24.055,0,-0.00017555,36.138,0
24.112,24.055,0,-0.00051327,36.144,0
24.046,24.055,-0.055362,-0.0011642,36.142,0.14107
24.046,24.055,0,-0.0011284,36.142,0.015887
24.046,24.054,0,-0.0010501,36.141,0.015821
24.046,24.054,0,-0.0016172,36.14,0.014405
24.046,24.054,0,-0.0031519,36.139,0.010834
24.046,24.054,0,-0.004766,36.138,0.0067952
24.046,24.053,0,-0.0067929,36.137,0.0015807
24.046,24.053,0,-0.007933,36.137,0
24.046,24.052,0,-0.0086507,36.136,0
24.046,24.051,0,-0.0090783,36.135,0
24.046,24.05,0,-0.01128,36.135,0
24.046,24.049,0,-0.013384,36.134,0
24.046,24.048,0,-0.016386,36.134,0
24.046,24.046,0,-0.019162,36.134,0
23.88,24.044,-0.193,-0.021235,36.077,0.85972
23.88,24.042,0,-0.024572,36.06,0.28742
23.88,24.04,0,-0.026692,36.044,0.27706
23.88,24.037,0,-0.027797,36.028,0.26867
23.88,24.034,0,-0.029441,36.013,0.25882
23.88,24.031,0,-0.033669,35.998,0.24269
23.735,24.028,-0.38,-0.038125,35.926,1.9345
23.693,24.024,-0.37352,-0.043167,35.904,2.0049
23.693,24.02,0,-0.046324,35.871,0.60355
23.693,24.015,0,-0.049195,35.838,0.58526
23.621,24.01,-0.24637,-0.051051,35.786,1.587
23.621,24.005,0,-0.054677,35.747,0.71624
23.621,24,0,-0.056692,35.709,0.69784
23.621,23.994,0,-0.059796,35.671,0.67614
23.621,23.988,0,-0.061272,35.634,0.65822
23.621,23.982,0,-0.063949,35.598,0.63687
23.621,23.975,0,-0.066744,35.562,0.61474
23.621,23.969,0,-0.067291,35.527,0.59798
23.621,23.962,0,-0.0706,35.492,0.57404
23.621,23.955,0,-0.072085,35.458,0.55419
23.621,23.948,0,-0.075227,35.425,0.52995
23.621,23.94,0,-0.078055,35.393,0.506
23.621,23.932,0,-0.080499,35.362,0.48257
23.621,23.924,0,-0.082754,35.331,0.45924
23.283,23.916,-0.21502,-0.085362,35.071,2.0473
23.258,23.908,-0.25736,-0.087838,35.011,2.2795
23.258,23.899,0,-0.090404,34.947,1.2418
23.258,23.89,0,-0.093008,34.883,1.2106
23.258,23.88,0,-0.096035,34.821,1.1776
23.258,23.871,0,-0.098767,34.759,1.145
23.258,23.861,0,-0.099946,34.698,1.1167
23.258,23.851,0,-0.10188,34.638,1.086
23.258,23.841,0,-0.10313,34.58,1.057
23.258,23.83,0,-0.105,34.522,1.0261
23.258,23.82,0,-0.10658,34.465,0.99582
23.258,23.809,0,-0.10982,34.41,0.96057
23.258,23.798,0,-0.11053,34.355,0.93201
23.258,23.787,0,-0.11272,34.301,0.89933
23.258,23.776,0,-0.1145,34.249,0.8675
22.933,23.765,-0.15267,-0.11736,33.976,2.2501
22.933,23.753,0,-0.117,33.894,1.6236
22.933,23.741,0,-0.11667,33.813,1.5933
22.933,23.729,0,-0.11606,33.732,1.5642
22.933,23.718,0,-0.11562,33.653,1.5349
22.933,23.706,0,-0.11694,33.575,1.4999
22.888,23.695,-0.053824,-0.11627,33.502,1.7863
22.888,23.683,0,-0.11545,33.422,1.5648
22.888,23.671,0,-0.11599,33.343,1.5323
22.888,23.66,0,-0.11496,33.266,1.505
22.888,23.648,0,-0.11553,33.189,1.4728
22.888,23.637,0,-0.1173,33.113,1.4367
22.888,23.625,0,-0.11904,33.039,1.4005
22.888,23.613,0,-0.12019,32.966,1.3659
22.779,23.601,-0.18959,-0.12168,32.88,2.3677
22.779,23.589,0,-0.12197,32.799,1.5823
22.779,23.577,0,-0.12344,32.718,1.545
22.779,23.564,0,-0.12588,32.639,1.5043
22.779,23.552,0,-0.12854,32.561,1.4625
22.779,23.539,0,-0.13186,32.484,1.4182
22.779,23.526,0,-0.13661,32.409,1.369
22.779,23.512,0,-0.14157,32.335,1.3184
22.779,23.498,0,-0.14451,32.262,1.2734
22.533,23.483,-0.25467,-0.14588,32.056,2.9825
22.533,23.469,0,-0.14879,31.962,1.8301
22.48,23.454,-0.14192,-0.1507,31.877,2.5031
22.48,23.439,0,-0.15207,31.78,1.8822
22.48,23.424,0,-0.15221,31.685,1.8399
22.48,23.409,0,-0.15049,31.591,1.8044
22.445,23.393,0.11223,-0.14925,31.493,1.4888
22.445,23.379,0,-0.14596,31.399,1.8333
22.445,23.364,0,-0.14196,31.306,1.8074
22.445,23.35,0,-0.13594,31.215,1.7897
22.445,23.336,0,-0.12837,31.125,1.779
22.445,23.323,0,-0.12171,31.037,1.7673
22.445,23.311,0,-0.11373,30.949,1.762
22.445,23.3,0,-0.10698,30.863,1.7545
22.445,23.289,0,-0.098903,30.779,1.7537
22.718,23.279,0.28991,-0.091224,30.791,0.37687
22.718,23.27,0,-0.084239,30.735,1.0385
22.718,23.262,0,-0.078388,30.681,1.0351
22.81,23.254,0.2999,-0.072604,30.636,0.18365
22.81,23.247,0,-0.066185,30.592,0.80822
22.81,23.24,0,-0.05987,30.549,0.81012
22.81,23.234,0,-0.056031,30.506,0.80658
22.81,23.228,0,-0.049511,30.464,0.81157
22.951,23.223,0.26508,-0.044887,30.485,0
22.951,23.219,0,-0.041181,30.458,0.48266
22.998,23.215,0.32143,-0.035694,30.449,0
23.024,23.211,0.34084,-0.030868,30.438,0
23.064,23.208,0.35402,-0.023875,30.419,0
23.064,23.206,0,-0.016497,30.405,0.26365
23.064,23.204,0,-0.0098022,30.39,0.27596
23.172,23.203,0.37171,-0.005093,30.407,0
23.172,23.203,0,0.0037377,30.404,0.07084
23.172,23.203,0,0.011527,30.401,0.088871
23.172,23.204,0,0.020905,30.398,0.1125
23.172,23.206,0,0.026853,30.394,0.13066
23.172,23.209,0,0.031907,30.391,0.14826
23.172,23.212,0,0.036678,30.387,0.16648
23.172,23.216,0,0.042893,30.383,0.18944
23.172,23.22,0,0.045851,30.378,0.20611
23.172,23.225,0,0.050205,30.373,0.22701
23.475,23.23,0.3725,0.057769,30.522,0
23.475,23.235,0,0.063826,30.546,0
23.475,23.242,0,0.071358,30.569,0
23.475,23.249,0,0.079456,30.592,0
23.475,23.257,0,0.086448,30.615,0
23.475,23.266,0,0.092692,30.636,0
23.699,23.275,0.3686,0.10025,30.738,0
23.699,23.285,0,0.10657,30.78,0
23.699,23.295,0,0.11477,30.821,0
23.699,23.307,0,0.12052,30.86,0
23.699,23.319,0,0.12801,30.899,0
23.902,23.332,0.54543,0.13529,30.986,0
23.902,23.345,0,0.14482,31.043,0
23.902,23.36,0,0.15575,31.098,0
23.902,23.375,0,0.16482,31.151,0
23.902,23.392,0,0.17391,31.203,0
23.902,23.409,0,0.18355,31.253,0
23.902,23.428,0,0.18927,31.302,0
23.902,23.447,0,0.19333,31.348,0
23.902,23.466,0,0.20111,31.393,0
24.342,23.486,0.46023,0.20454,31.647,0
24.342,23.506,0,0.21047,31.731,0
24.424,23.527,0.46907,0.21461,31.808,0
24.424,23.549,0,0.22257,31.897,0
24.424,23.571,0,0.22883,31.983,0
24.424,23.594,0,0.23411,32.067,0
24.424,23.618,0,0.2392,32.149,0
24.654,23.641,0.39434,0.24378,32.292,0
24.654,23.666,0,0.24683,32.392,0
24.654,23.69,0,0.25007,32.49,0
24.654,23.715,0,0.25139,32.585,0
24.654,23.741,0,0.2525,32.678,0
24.822,23.766,0.35744,0.25551,32.809,0
24.822,23.791,0,0.25704,32.913,0
24.822,23.817,0,0.26016,33.015,0
24.822,23.843,0,0.2626,33.114,0
24.822,23.869,0,0.26169,33.21,0
24.822,23.896,0,0.25838,33.304,0
24.822,23.921,0,0.25287,33.396,0
24.822,23.947,0,0.24325,33.484,0
24.822,23.971,0,0.2346,33.571,0
24.919,23.994,-0.25069,0.22584,33.744,0
24.919,24.017,0,0.21189,33.835,0
24.919,24.038,0,0.20147,33.925,0
24.919,24.058,0,0.18918,34.012,0
24.919,24.077,0,0.17408,34.097,0
24.919,24.095,0,0.16073,34.18,0
24.919,24.111,0,0.1478,34.262,0
24.919,24.126,0,0.13633,34.342,0
24.919,24.139,0,0.1227,34.421,0
24.919,24.151,0,0.11204,34.498,0
24.919,24.163,0,0.097935,34.574,0
24.919,24.172,0,0.086046,34.649,0
24.919,24.181,0,0.075643,34.724,0
24.461,24.189,-0.31757,0.067009,34.505,0.41992
24.461,24.195,0,0.056357,34.532,0
24.461,24.201,0,0.044771,34.558,0
24.34,24.205,-0.37322,0.033168,34.559,0.89097
24.34,24.209,0,0.023971,34.573,0
24.34,24.211,0,0.01221,34.586,0
24.34,24.212,0,-0.00052922,34.599,0
24.34,24.212,0,-0.0057917,34.611,0
24.34,24.212,0,-0.011637,34.624,0
24.34,24.211,0,-0.018246,34.637,0
24.34,24.209,0,-0.024238,34.65,0
24.34,24.206,0,-0.029904,34.664,0
24.34,24.203,0,-0.034928,34.677,0
24.34,24.2,0,-0.04049,34.691,0
24.34,24.196,0,-0.046202,34.705,0
24.34,24.191,0,-0.051877,34.72,0
24.34,24.186,0,-0.057253,34.735,0
24.34,24.18,0,-0.062695,34.751,0
24.34,24.174,0,-0.066642,34.767,0
24.34,24.167,0,-0.070928,34.784,0
24.34,24.16,0,-0.075215,34.802,0
24.34,24.153,0,-0.081184,34.82,0
24.34,24.145,0,-0.086016,34.839,0
23.495,24.136,-0.37437,-0.091907,34.003,2.8129
23.495,24.127,0,-0.097491,33.94,1.197
23.495,24.117,0,-0.10212,33.877,1.1581
23.495,24.107,0,-0.1059,33.815,1.1211
23.495,24.096,0,-0.10932,33.755,1.0845
23.302,24.085,-0.41716,-0.11392,33.661,3.4394
23.302,24.074,0,-0.11971,33.583,1.4874
23.302,24.062,0,-0.12446,33.507,1.4405
23.302,24.05,0,-0.13064,33.431,1.3883
23.302,24.036,0,-0.13484,33.357,1.3413
23.064,24.023,-0.51781,-0.14202,33.242,4.578
23.064,24.009,0,-0.1477,33.147,1.8575
22.961,23.994,-0.49822,-0.15433,33.043,4.6662
22.92,23.979,-0.48301,-0.15883,32.937,4.6373
22.92,23.963,0,-0.16555,32.832,2.065
22.92,23.946,0,-0.17017,32.728,2.0019
22.92,23.929,0,-0.17482,32.627,1.9382
22.92,23.912,0,-0.18138,32.527,1.8671
22.676,23.894,-0.46862,-0.18757,32.346,4.999
22.676,23.875,0,-0.19179,32.225,2.4136
22.595,23.856,-0.47766,-0.19651,32.084,5.1791
22.595,23.836,0,-0.20232,31.958,2.496
22.595,23.816,0,-0.20677,31.835,2.4198
22.595,23.795,0,-0.21251,31.714,2.3384
22.595,23.774,0,-0.21918,31.595,2.2528
22.595,23.752,0,-0.22338,31.479,2.1755
22.595,23.73,0,-0.22771,31.364,2.0976
22.595,23.707,0,-0.23086,31.252,2.0235
22.595,23.684,0,-0.23593,31.142,1.9428
22.595,23.66,0,-0.24182,31.034,1.859
22.595,23.636,0,-0.24573,30.929,1.7816
22.595,23.611,0,-0.25008,30.826,1.7028
22.076,23.586,-0.39616,-0.25392,30.423,5.274
22.076,23.561,0,-0.25738,30.273,3.0043
22.076,23.535,0,-0.26252,30.126,2.9051
22.076,23.509,0,-0.26814,29.982,2.8037
22.076,23.482,0,-0.27117,29.84,2.7122
22.076,23.455,0,-0.27692,29.7,2.6102
22.076,23.427,0,-0.28042,29.564,2.5166
21.786,23.399,-0.37162,-0.2856,29.332,5.3271
21.786,23.371,0,-0.28794,29.172,3.1822
21.725,23.342,-0.34199,-0.29077,29.009,5.1187
21.687,23.313,-0.32336,-0.29468,28.84,5.0091
21.687,23.283,0,-0.29673,28.679,3.179
21.687,23.254,0,-0.30046,28.521,3.0727
21.687,23.224,0,-0.30334,28.366,2.9701
21.551,23.193,-0.32754,-0.30715,28.206,5.0287
21.551,23.163,0,-0.31024,28.044,3.1706
21.551,23.132,0,-0.31472,27.884,3.0576
21.551,23.1,0,-0.31699,27.727,2.9535
21.551,23.068,0,-0.31971,27.574,2.8483
21.388,23.036,-0.16299,-0.32178,27.363,4.0222
21.388,23.004,0,-0.32044,27.2,3.1427
21.388,22.972,0,-0.31964,27.04,3.0487
21.388,22.94,0,-0.31857,26.883,2.9569
21.388,22.908,0,-0.31425,26.729,2.8792
21.388,22.877,0,-0.30921,26.579,2.8061
21.388,22.846,0,-0.30602,26.432,2.7276
21.388,22.815,0,-0.29955,26.287,2.6634
21.366,22.785,-0.010433,-0.29531,26.135,2.6973
21.366,22.756,0,-0.29056,25.994,2.5878
21.366,22.727,0,-0.28758,25.857,2.5153
21.366,22.698,0,-0.28924,25.722,2.4269
21.366,22.669,0,-0.29795,25.59,2.3132
21.366,22.639,0,-0.31768,25.462,2.1605
21.366,22.608,0,-0.35125,25.336,1.9616
21.366,22.573,0,-0.39833,25.213,1.7236
21.366,22.533,0,-0.45955,25.095,1.4553
21.366,22.487,0,-0.53441,24.98,1.1746
21.366,22.433,0,-0.62094,24.871,0.9088
21.366,22.371,0,-0.72002,24.767,0.68709
21.366,22.299,0,-0.83209,24.67,0.55302
21.366,22.216,0,-0.95989,24.581,0.57148
21.366,22.12,0,-1.0935,24.501,0.8141
21.366,22.011,0,-1.2278,24.431,1.3444
21.366,21.888,0,-1.3588,24.373,2.2192
21.366,21.752,0,-1.488,24.328,3.5278
21.366,21.603,0,-1.6066,24.296,5.2804
21.366,21.443,0,-1.7307,24.281,7.762
21.366,21.269,0,-1.8692,24.282,11.411
21.366,21.083,0,-2.0233,24.301,16.82
21.366,20.88,0,-2.1945,24.339,25.001
21.366,20.661,0,-2.39,24.399,38.091
21.366,20.422,0,-2.5924,24.481,58.726
21.366,20.163,0,-2.8137,24.589,95.04
21.366,19.881,0,-3.0442,24.723,165.96
12.169,19.577,-3.5311,-3.2786,14.977,93.49
12.169,19.249,0,-5.1561,14.252,15.074
11.509,18.733,-2.8995,-4.8336,13.494,37.109
11.509,18.25,0,-4.6136,12.795,10.266
11.509,17.789,0,-4.445,12.144,10.321
11.509,17.344,0,-4.4,11.539,11.761
11.509,16.904,0,-4.4,10.977,14.379
11.509,16.464,0,-4.4,10.46,17.945
11.509,16.024,0,-4.4,9.986,22.7
11.509,15.584,0,-4.4,9.5565,28.975
11.509,15.144,0,-4.4,9.1709,37.232
11.509,14.704,0,-4.4,8.8294,48.148
11.509,14.264,0,-4.4,8.5319,62.742
11.509,13.824,0,-4.4,8.2783,82.632
11.509,13.384,0,-4.4,8.0688,110.55
11.509,12.944,0,-4.4,7.9032,151.5
11.509,12.504,0,-4.4,7.7817,215.72
11.509,12.064,0,-5.2,7.7041,0
11.509,11.544,0,-5.2,7.6746,0
11.509,11.024,0,-5.2,7.697,0
11.509,10.504,0,-5.2,7.7715,0
11.509,9.984,0,-5.2,7.898,0
8.3582,9.464,0.09476,-5.2,4.0092,274.92
8.3675,8.944,0.12955,-5.2,3.9202,270.38
8.3675,8.424,0,-5.2,3.8886,293.78
8.3675,7.904,0,-5.2,3.9089,292.71
8.3675,7.384,0,-5.2,3.9813,291.65
8.3675,6.864,0,-5.2,4.1056,290.58
8.3675,6.344,0,-5.2,4.282,289.51
8.4872,5.824,0.3546,-8.8,4.5634,251.26
8.4872,4.944,0,-8.8,4.8737,318.41
8.4872,4.064,0,-8.8,5.272,316.61
8.4872,3.184,0,-8.8,5.7584,314.8
8.6752,2.304,0.66463,4.9,6.3538,0
8.6752,2.794,0,4.9,6.9664,5.5085
8.6752,3.284,0,4.9,7.53,8.0146
8.6752,3.774,0,4.9,8.0446,10.61
8.6752,4.264,0,4.9,8.5102,13.285
9.1078,4.754,1.0492,4.9,9.0376,3.4306
9.1078,5.244,0,3.9585,9.4485,7.9264
9.3163,5.6399,1.0165,3.3643,9.8373,0
9.4092,5.9763,1.0138,2.9416,10.186,0
9.4092,6.2705,0,2.641,10.515,1.6274
9.4092,6.5346,0,2.4109,10.815,1.2847
9.4092,6.7757,0,2.2179,11.091,1.0936
9.4092,6.9975,0,2.0556,11.343,1.0162
9.914,7.203,0.9923,1.9218,11.685,0
10.02,7.3952,0.96171,1.8166,11.948,0
10.125,7.5769,0.93807,1.7243,12.197,0
10.125,7.7493,0,1.6458,12.443,0
10.125,7.9139,0,1.5694,12.672,0
10.408,8.0708,0.78829,1.5011,12.945,0
10.408,8.2209,0,1.4348,13.171,0
10.408,8.3644,0,1.3746,13.383,0
10.408,8.5019,0,1.3211,13.58,0
10.408,8.634,0,1.2698,13.764,0
10.408,8.7609,0,1.2201,13.935,0
10.408,8.883,0,1.1774,14.094,0
10.408,9.0007,0,1.1371,14.241,0
11.02,9.1144,0.85087,1.1125,14.615,0
11.02,9.2256,0,1.0912,14.8,0
11.02,9.3348,0,1.0679,14.974,0
11.02,9.4416,0,1.045,15.137,0
11.02,9.5461,0,1.0331,15.29,0
11.457,9.6494,0.90573,1.0138,15.548,0
11.457,9.7507,0,1.0011,15.723,0
11.63,9.8509,0.92437,0.98398,15.906,0
11.63,9.9493,0,0.97691,16.079,0
11.829,10.047,0.98731,0.97225,16.259,0
11.829,10.144,0,0.96508,16.432,0
11.829,10.241,0,0.96081,16.596,0
12.13,10.337,1.135,0.96063,16.795,0
12.249,10.433,1.1443,0.96689,16.975,0
12.249,10.53,0,0.96589,17.151,0
12.249,10.626,0,0.97437,17.319,0
12.249,10.724,0,0.97698,17.476,0
12.249,10.821,0,0.9817,17.624,0
12.249,10.919,0,0.98144,17.761,0
12.249,11.018,0,0.97777,17.89,0
12.249,11.115,0,0.97935,18.008,0.1538
13.146,11.213,1.0912,0.98375,18.478,0
13.146,11.312,0,0.97935,18.666,0
13.146,11.41,0,0.97803,18.845,0
13.146,11.507,0,0.97227,19.013,0
13.146,11.605,0,0.96737,19.172,0
13.146,11.701,0,0.95725,19.322,0
13.146,11.797,0,0.94986,19.461,0
13.146,11.892,0,0.94396,19.591,0
13.146,11.986,0,0.93764,19.712,0
13.146,12.08,0,0.93574,19.823,0.18145
13.146,12.174,0,0.92967,19.925,0.43666
13.146,12.267,0,0.92458,20.018,0.70014
13.146,12.359,0,0.91882,20.101,0.96513
13.146,12.451,0,0.91348,20.175,1.2358
13.146,12.542,0,0.90839,20.24,1.5114
13.146,12.633,0,0.91054,20.296,1.8258
13.146,12.724,0,0.9114,20.343,2.1418
13.146,12.815,0,0.90687,20.38,2.4371
13.146,12.906,0,0.89884,20.409,2.7178
14.903,12.996,0.87699,0.89099,22.135,0
14.903,13.085,0,0.88812,22.322,0
14.903,13.174,0,0.88204,22.499,0
14.903,13.262,0,0.87936,22.668,0
14.903,13.35,0,0.8768,22.827,0
14.903,13.438,0,0.87855,22.978,0
14.903,13.526,0,0.87369,23.12,0
14.903,13.613,0,0.87115,23.254,0
14.903,13.7,0,0.87434,23.378,0
14.903,13.788,0,0.87578,23.494,0
14.903,13.875,0,0.87413,23.602,0.053505
14.903,13.963,0,0.86921,23.7,0.28839
15.979,14.049,0.82075,0.86386,24.426,0
16.07,14.136,0.80607,0.86313,24.622,0
16.07,14.222,0,0.85916,24.811,0
16.07,14.308,0,0.8539,24.991,0
16.305,14.393,0.77182,0.84541,25.214,0
16.305,14.478,0,0.83677,25.4,0
16.305,14.562,0,0.83183,25.579,0
16.305,14.645,0,0.82548,25.749,0
16.305,14.727,0,0.81791,25.911,0
16.305,14.809,0,0.81506,26.065,0
16.756,14.891,0.78019,0.81152,26.379,0
16.756,14.972,0,0.8113,26.562,0
16.756,15.053,0,0.8042,26.736,0
16.99,15.133,0.76286,0.80114,26.94,0
16.99,15.214,0,0.79474,27.121,0
16.99,15.293,0,0.79527,27.295,0
16.99,15.373,0,0.79448,27.461,0
16.99,15.452,0,0.79198,27.619,0
16.99,15.531,0,0.78452,27.768,0
16.99,15.61,0,0.78198,27.91,0
16.99,15.688,0,0.77229,28.044,0
17.575,15.765,0.52307,0.76498,28.418,0
17.575,15.842,0,0.74899,28.595,0
17.575,15.916,0,0.73465,28.765,0
17.575,15.99,0,0.71335,28.927,0
17.703,16.061,-0.066546,0.68675,29.087,0
17.703,16.13,0,0.65065,29.248,0
17.703,16.195,0,0.61675,29.402,0
17.703,16.257,0,0.57785,29.55,0
17.703,16.314,0,0.54131,29.692,0
17.703,16.369,0,0.50915,29.828,0
17.579,16.419,-0.24255,0.47933,29.932,0
17.579,16.467,0,0.44704,30.045,0
17.579,16.512,0,0.4236,30.154,0
17.579,16.554,0,0.40235,30.259,0
17.579,16.595,0,0.38786,30.359,0
17.579,16.634,0,0.37733,30.456,0
17.579,16.671,0,0.37091,30.548,0
17.579,16.708,0,0.36289,30.637,0
17.579,16.745,0,0.35709,30.722,0
17.657,16.78,0.32842,0.35886,30.817,0
17.657,16.816,0,0.3557,30.903,0
