32.222,32.222,-1.9391,0,35.5,18.044
32.023,32.222,-2.0276,-0.036352,35.484,20.839
32.023,32.219,0,-0.073789,35.465,0.2467
32.023,32.211,0,-0.10721,35.445,0.1608
32.023,32.2,0,-0.14206,35.427,0.072842
32.023,32.186,0,-0.17508,35.41,0
32.023,32.169,0,-0.20997,35.395,0
32.023,32.148,0,-0.24248,35.381,0
32.023,32.124,0,-0.27706,35.37,0
32.023,32.096,0,-0.31203,35.361,0
32.023,32.065,0,-0.34729,35.356,0
32.023,32.03,0,-0.38007,35.353,0
32.023,31.992,0,-0.41624,35.354,0
32.023,31.95,0,-0.45118,35.36,0
32.023,31.905,0,-0.48785,35.369,0
32.023,31.856,0,-0.5233,35.383,0
32.023,31.804,0,-0.56194,35.403,0
32.023,31.748,0,-0.5978,35.427,0
32.023,31.688,0,-0.63366,35.458,0
32.023,31.625,0,-0.67171,35.495,0.08332
32.023,31.558,0,-0.70945,35.538,0.30818
32.023,31.487,0,-0.74777,35.588,0.59039
27.81,31.412,-2.0486,-0.78945,31.245,36.542
27.81,31.333,0,-0.83132,30.889,7.1437
27.392,31.25,-2.0571,-0.87583,30.484,37.528
27.392,31.162,0,-0.91855,30.103,7.5865
27.392,31.07,0,-0.96497,29.73,6.9879
27.392,30.974,0,-1.0124,29.367,6.3934
27.392,30.873,0,-1.0621,29.014,5.8017
26.34,30.766,-2.0518,-1.1108,28.396,38.536
26.34,30.655,0,-1.1625,27.959,8.2694
26.34,30.539,0,-1.2138,27.533,7.5482
26.34,30.418,0,-1.2659,27.119,6.8417
26.34,30.291,0,-1.3205,26.718,6.1472
26.34,30.159,0,-1.3745,26.329,5.4856
26.34,30.022,0,-1.4326,25.954,4.8457
26.34,29.878,0,-1.4931,25.593,4.2464
26.34,29.729,0,-1.5513,25.247,3.7135
24.471,29.574,-2.068,-1.614,24.049,37.344
24.471,29.412,0,-1.6804,23.547,7.7617
24.471,29.244,0,-1.7484,23.061,6.8662
24.471,29.07,0,-1.8156,22.592,6.0343
24.471,28.888,0,-1.8824,22.142,5.276
24.471,28.7,0,-1.9483,21.709,4.6073
24.471,28.505,0,-2.0171,21.296,4.0372
24.471,28.303,0,-2.0844,20.903,3.5982
24.471,28.095,0,-2.1594,20.53,3.3125
24.471,27.879,0,-2.24,20.179,3.2362
24.471,27.655,0,-2.8925,19.849,6.749
24.471,27.366,0,-2.9137,19.545,8.1273
21.959,27.074,-2.1668,-2.9033,17.764,23.005
21.959,26.784,0,-2.8413,17.267,4.5885
21.959,26.5,0,-2.8218,16.799,4.4426
21.959,26.218,0,-2.7847,16.359,4.3598
21.959,25.939,0,-2.7408,15.947,4.3353
21.959,25.665,0,-2.7114,15.562,4.4407
20.703,25.394,-1.9812,-2.7238,14.817,18.451
20.515,25.122,-1.9737,-2.7133,14.346,17.868
20.515,24.85,0,-2.7202,13.899,4.2298
20.515,24.578,0,-2.7365,13.479,4.2844
20.515,24.304,0,-2.9,13.087,5.2528
20.515,24.014,0,-2.9,12.722,5.8698
20.515,23.724,0,-2.9,12.387,6.7279
20.515,23.434,0,-2.9,12.08,7.8585
20.515,23.144,0,-2.9,11.803,9.2989
18.933,22.854,-2.0612,-2.9,10.921,12.749
18.933,22.564,0,-2.9,10.543,5.5608
18.933,22.274,0,-2.9,10.195,6.3056
18.313,21.984,-2.077,-2.9,9.776,11.406
18.313,21.694,0,-2.9,9.4234,6.19
18.313,21.404,0,-2.9,9.0997,7.1555
17.69,21.114,-2.0973,-2.9,8.7181,10.172
17.69,20.824,0,-2.9,8.3902,6.9949
17.69,20.534,0,-2.9,8.0913,8.2025
17.058,20.244,-2.0436,-2.9,7.735,7.995
16.851,19.954,-2.0494,-2.9,7.4284,7.5968
16.851,19.664,0,-2.9,7.1326,8.3485
16.431,19.374,-2.0765,-2.9,6.8263,7.0365
16.431,19.084,0,-2.9,6.5464,9.1681
16.431,18.794,0,-2.9,6.2955,10.931
16.431,18.504,0,-2.9,6.0737,13.097
15.606,18.214,-2.0738,-4.4,5.724,0
15.606,17.774,0,-4.4,5.4852,90.905
15.606,17.334,0,-4.4,5.2903,122.46
15.606,16.894,0,-4.4,5.1395,169.65
15.606,16.454,0,-4.4,5.0327,245.92
14.574,16.014,-2.0734,-4.4,4.7333,0
14.574,15.574,0,-4.4,4.6112,214.74
14.574,15.134,0,-4.4,4.5331,326.16
14.574,14.694,0,-4.4,4.499,563.2
14.574,14.254,0,-4.4,4.509,1380.6
14.574,13.814,0,-4.4,4.5629,0
13.323,13.374,-2.1014,-4.4,4.2803,0
13.323,12.934,0,-4.4,4.2971,1732.8
12.915,12.494,-2.1375,-4.4,4.3291,0
12.915,12.054,0,-5.2,4.3931,0
12.915,11.534,0,-5.2,4.5051,0
12.915,11.014,0,-5.2,4.6691,0
12.915,10.494,0,-5.2,4.8851,0
11.837,9.9745,-2.0991,-5.2,4.8912,0
11.62,9.4545,-2.1451,-5.2,5.0958,0
11.62,8.9345,0,-5.2,5.3384,0
11.185,8.4145,-2.1442,-5.2,5.5977,0
11.185,7.8945,0,-5.2,5.9008,0
11.185,7.3745,0,-5.2,6.2559,0
11.185,6.8545,0,-5.2,6.663,0
10.339,6.3345,-2.0171,-5.2,6.9588,0
10.339,5.8145,0,-8.8,7.3853,0
10.339,4.9345,0,4.6703,7.8818,6.0182
10.339,5.4015,0,3.648,8.3989,0.60771
10.339,5.7663,0,2.9517,8.8745,0
10.339,6.0615,0,2.4219,9.317,0
10.339,6.3037,0,1.9915,9.7327,0
10.339,6.5028,0,1.6266,10.126,0
10.339,6.6655,0,1.3201,10.502,0
8.3289,6.7975,-2.5348,1.0397,9.9846,35.796
8.3289,6.9015,0,0.77993,10.133,0
8.3289,6.9795,0,0.5553,10.271,0
8.3289,7.035,0,0.34856,10.404,0
8.3289,7.0699,0,0.16326,10.531,0
8.3289,7.0862,0,-0.0042068,10.656,0
8.3289,7.0858,0,-0.072205,10.781,0
6.5775,7.0785,-2.4967,-0.13754,10.279,34.074
6.5775,7.0648,0,-0.20365,10.23,0.57391
6.5775,7.0444,0,-0.26936,10.182,0.39557
5.8328,7.0175,-2.45,-0.33546,10.03,35.214
5.8328,6.9839,0,-0.4011,9.9137,1.5797
5.8328,6.9438,0,-0.46846,9.8005,1.3067
5.8328,6.897,0,-0.5363,9.6918,1.0555
4.863,6.8434,-2.462,-0.6088,9.3873,13.168
4.863,6.7825,0,-0.68352,9.1923,2.6514
4.863,6.7141,0,-0.76245,9.0038,2.241
4.863,6.6379,0,-0.84599,8.8225,1.8618
4.863,6.5533,0,-0.93345,8.6492,1.5342
4.863,6.4599,0,-5.2,8.4848,20.749
4.863,5.9399,0,-8.8,8.3511,12.119
4.863,5.0599,0,-0.57868,8.2875,0
4.863,5.0021,0,-8.8,8.2707,10.196
4.863,4.1221,0,-0.37661,8.3008,0
4.863,4.0844,0,-0.44124,8.3767,0
4.863,4.0403,0,-8.8,8.4568,8.2246
4.863,3.1603,0,-0.2573,8.5831,0
4.863,3.1346,0,-0.30867,8.7546,0.22269
4.863,3.1037,0,-0.36408,8.929,0.69942
1.3262,3.0673,-2.3498,-8.8,6.4081,0
1.3262,2.1873,0,-0.19036,6.278,1.4918
1.3262,2.1682,0,-0.23258,6.1928,1.3144
1.3262,2.145,0,-8.8,6.1098,0
1.3262,1.265,0,-0.093082,6.0719,0
1.3262,1.2557,0,-0.1198,6.0785,0
1.3262,1.2437,0,-0.14784,6.0862,0
1.3262,1.2289,0,-8.8,6.0952,0
1.3262,0.34891,0,-2.5828,6.1489,0
1.3262,0.090628,0,-2.5693,6.2596,0
1.3262,0,0,-2.5344,6.396,0
1.3262,0,0,-2.5299,6.5413,0
1.3262,0,0,-8.8,6.6865,0
-1.8633,0,-2.5146,-8.8,4.839,0
-1.8633,0,0,-8.8,4.6967,0
-2.3732,0,-2.5923,-8.8,4.5222,0
-2.3732,0,0,-8.8,4.3289,0
-2.3732,0,0,-8.8,4.1356,0
-2.3732,0,0,-8.8,3.9423,0
-2.3732,0,0,-8.8,3.749,0
-3.6252,0,-2.3595,-8.8,3.2592,0
-3.6252,0,0,-8.8,2.9407,0
-3.6252,0,0,-8.8,2.6221,0
-3.6252,0,0,-8.8,2.3036,0
-3.6252,0,0,-8.8,1.9851,0
-3.6252,0,0,-10.773,1.6666,0
-5.0219,0,-2.2998,-16.133,0.91154,0
-5.0219,0,0,-31.025,0.49002,0
-5.0219,0,0,-146.1,0.14295,0
-5.6929,0,-2.1843,-59.403,0.2832,0
-5.6929,0,0,9.8,1.0113,33.483
-6.1356,0.98,-2.192,-76.682,0.33986,0
-6.1356,0,0,-5176.4,0.011706,0
-6.1356,0,0,7.8,25.28,30.188
-6.1356,0.78,0,7.8,24.628,31.787
-6.1356,1.56,0,7.8,23.897,33.386
-6.1356,2.34,0,-0.21321,23.089,18.148
-7.4403,2.3187,-2.1876,-0.23113,21.857,25.338
-7.4403,2.2956,0,-0.25205,20.882,20.65
-7.4403,2.2704,0,-0.2757,19.91,20.548
-7.4403,2.2428,0,-0.30243,18.94,20.436
-7.4403,2.2125,0,-0.33327,17.974,20.309
-7.4403,2.1792,0,-0.3693,17.01,20.165
-7.4403,2.1423,0,-0.41207,16.05,19.999
-7.4403,2.1011,0,-0.46272,15.094,19.808
-7.4403,2.0548,0,-0.52354,14.142,19.586
-7.4403,2.0025,0,-0.59791,13.195,19.322
-7.4403,1.9427,0,-0.68964,12.254,19.007
-7.4403,1.8737,0,-0.80692,11.319,18.619
-7.4403,1.793,0,-0.95828,10.391,18.135
-10.319,1.6972,-2.2473,-1.1627,7.5937,28.133
-10.319,1.5809,0,-1.4466,6.3979,22.575
-10.319,1.4363,0,-16.682,5.2152,0
-10.319,0,0,-17.252,4.1231,0
-10.319,0,0,-23.174,3.1775,0
-10.319,0,0,-35.26,2.2615,0
-10.319,0,0,-70.242,1.4059,0
-10.319,0,0,-396.12,0.72519,0
-10.319,0,0,-78.351,1.6739,0
-10.319,0,0,-552.49,1.0338,0
-10.319,0,0,-49.266,2.7643,0
-10.319,0,0,-126.36,1.9788,0
-12.954,0,-2.2669,9.8,1,53.132
-12.954,0.98,0,9.8,1.0159,50.377
-12.954,1.96,0,9.8,1.0511,52.386
-12.954,2.94,0,9.8,1.1021,54.395
-12.954,3.92,0,9.8,1.1906,56.404
-12.954,4.9,0,9.8,1.2947,58.413
-12.954,5.88,0,9.8,1.4249,60.422
-14.56,6.86,-2.2873,9.8,1,70.53
-14.56,7.84,0,9.8,1.0169,67.733
-14.56,8.82,0,9.8,1.049,69.742
-14.56,9.8,0,9.8,1.1081,71.751
-14.56,10.78,0,9.8,1.185,73.76
-15.693,11.76,-2.2808,9.8,1,82.884
-15.92,12.74,-2.3039,9.8,1,85.407
-15.92,13.72,0,9.8,1.0171,82.575
-16.386,14.7,-2.3343,9.8,1,90.444
-16.386,15.68,0,9.8,1.0178,87.548
-16.839,16.66,-2.346,9.8,1,95.416
-16.839,17.64,0,9.8,1.01,92.496
-17.297,18.62,-2.3328,9.8,1,100.35
-17.526,19.6,-2.322,9.8,1,102.8
-17.526,20.58,0,9.8,1.0098,99.93
-17.526,21.56,0,9.8,1.0532,101.94
-17.526,22.54,0,9.8,1.1017,103.95
-17.526,23.52,0,9.8,1.1821,105.96
-17.526,24.5,0,9.8,1.2781,107.97
-17.526,25.48,0,9.8,1.4025,109.97
-17.526,26.46,0,9.8,1.5582,111.98
-19.427,27.44,-2.3802,9.8,1,122.89
-19.427,28.42,0,9.8,1.0054,119.9
-19.427,29.4,0,9.8,1.0491,121.91
-19.427,30.38,0,9.8,1.106,123.92
-19.427,31.36,0,9.8,1.1924,125.93
-19.427,32.34,0,9.8,1.2862,127.94
-19.427,33.32,0,9.8,1.4209,129.94
-21.049,34.3,-2.3595,9.8,1,140.24
-21.049,35.28,0,9.8,1.0024,137.29
-21.049,36.26,0,9.8,1.039,139.3
-21.049,37.24,0,9.8,1.1025,141.3
-21.049,38.22,0,9.8,1.1803,143.31
-21.049,39.2,0,9.8,1.2799,145.32
-22.427,40.18,-2.1932,9.8,1,154.76
-22.427,41.16,0,9.8,1.0046,152.17
-22.427,42.14,0,9.8,1.0384,154.17
-23.085,43.12,-2.1615,9.8,1,162.07
-23.085,44.1,0,9.8,1.01,159.54
-23.511,45.08,-2.1595,9.8,1,166.96
-23.729,46.06,-2.1164,9.8,1,169.33
-23.729,47.04,0,9.8,1.0052,166.89
-23.729,48.02,0,9.8,1.0371,168.9
-23.729,49,0,9.8,1.0832,170.91
-23.729,49.98,0,9.8,1.1478,172.92
-24.775,50.96,-2.093,9.8,1,181.47
-24.992,51.94,-2.0775,9.8,1,183.89
-24.992,52.92,0,9.8,1.0087,181.53
-24.992,53.9,0,9.8,1.0336,183.54
-24.992,54.88,0,9.8,1.0797,185.55
-25.833,55.86,-2.0531,9.8,1,193.6
-25.833,56.84,0,9.8,1.0052,191.29
-25.833,57.82,0,9.8,1.0393,193.3
-25.833,58.8,0,9.8,1.0856,195.31
-25.833,59.78,0,9.8,1.1672,197.32
-25.833,60.76,0,9.8,1.2569,199.33
-25.833,61.74,0,9.8,1.3678,201.34
-27.301,62.72,-2.2414,9.8,1,211.07
-27.301,63.7,0,9.8,1.0156,208.37
-27.301,64.68,0,9.8,1.0581,210.37
-27.301,65.66,0,9.8,1.1245,212.38
-28.218,66.64,-2.3072,9.8,1,221.12
-28.218,67.62,0,9.8,1.0149,218.28
-28.218,68.6,0,9.8,1.0453,220.29
-28.218,69.58,0,9.8,1.1021,222.3
-28.218,70.56,0,9.8,1.1697,224.31
-28.218,71.54,0,9.8,1.2708,226.32
-28.218,72.52,0,9.8,1.3815,228.32
-28.218,73.5,0,9.8,1.5072,230.33
-28.218,74.48,0,9.8,1.6486,232.34
-28.218,75.46,0,9.8,1.8103,234.35
-28.218,76.44,0,9.8,1.9871,236.36
-28.218,77.42,0,9.8,2.1925,238.37
-28.218,78.4,0,9.8,2.4074,240.38
-28.218,79.38,0,9.8,2.647,242.39
-30.801,80.36,-1.5151,9.8,1,252.88
-30.801,81.34,0,9.8,1.0156,251.7
-30.801,82.32,0,9.8,1.0426,253.71
-30.801,83.3,0,9.8,1.0856,255.72
-30.801,84.28,0,9.8,1.1385,257.73
-30.801,85.26,0,9.8,1.2062,259.74
-30.801,86.24,0,9.8,1.2969,261.75
-30.801,87.22,0,9.8,1.4003,263.75
-30.801,88.2,0,9.8,1.5314,265.76
-30.801,89.18,0,9.8,1.6637,267.77
-30.801,90.16,0,9.8,1.8237,269.78
-30.801,91.14,0,9.8,1.9946,271.79
-30.801,92.12,0,9.8,2.1868,273.8
-30.801,93.1,0,9.8,2.4011,275.81
-33.19,94.08,-1.8842,9.8,1,286.68
-33.19,95.06,0,9.8,1.0135,284.73
-33.19,96.04,0,9.8,1.043,286.73
-33.19,97.02,0,9.8,1.083,288.74
-33.19,98,0,9.8,1.1428,290.75
-33.19,98.98,0,9.8,1.2187,292.76
-33.19,99.96,0,9.8,1.3286,294.77
-34.485,100.94,-1.9324,9.8,1,303.5
-34.485,101.92,0,9.8,1.0008,301.44
-34.485,102.9,0,9.8,1.0208,303.45
-34.485,103.88,0,9.8,1.0746,305.46
-34.485,104.86,0,9.8,1.1394,307.47
-34.485,105.84,0,9.8,1.2343,309.48
-34.485,106.82,0,9.8,1.3476,311.49
-35.835,107.8,-2.08,9.8,1,320.63
-35.835,108.78,0,9.8,1.0035,318.27
-35.835,109.76,0,9.8,1.0309,320.28
-36.464,110.74,-2.0783,9.8,1,327.95
-36.464,111.72,0,9.8,1.0028,325.59
-36.464,112.7,0,9.8,1.0442,327.6
-36.464,113.68,0,9.8,1.1074,329.61
-37.305,114.66,-2.0927,9.8,1,337.74
-37.305,115.64,0,9.8,1.0174,335.35
-37.305,116.62,0,9.8,1.0492,337.36
-37.305,117.6,0,9.8,1.0948,339.37
-38.159,118.58,-2.0083,9.8,1,347.35
-38.159,119.56,0,9.8,1.0051,345.14
-38.159,120.54,0,9.8,1.0421,347.15
-38.768,121.52,-1.9099,9.8,1,354.42
-38.768,122.5,0,9.8,1.008,352.41
-38.768,123.48,0,9.8,1.0412,354.42
-38.768,124.46,0,9.8,1.0882,356.43
-38.768,125.44,0,9.8,1.1513,358.44
-38.768,126.42,0,9.8,1.2477,360.45
-38.768,127.4,0,9.8,1.362,362.46
-40.179,128.38,-2.0718,9.8,1,371.71
-40.179,129.36,0,9.8,1.0108,369.37
-40.179,130.34,0,9.8,1.0375,371.38
-40.798,131.32,-2.0869,9.8,1,379.04
-40.798,132.3,0,9.8,1.0187,376.66
-40.798,133.28,0,9.8,1.0467,378.67
-40.798,134.26,0,9.8,1.0937,380.68
-40.798,135.24,0,9.8,1.1629,382.69
-40.798,136.22,0,9.8,1.2705,384.7
-40.798,137.2,0,9.8,1.4047,386.71
-42.514,138.18,-3.1407,9.8,1,398.84
-42.514,139.16,0,9.8,1.0238,394.25
-42.514,140.14,0,9.8,1.0702,396.25
-42.514,141.12,0,9.8,1.1511,398.26
-42.514,142.1,0,9.8,1.2913,400.27
-42.514,143.08,0,9.8,1.4882,402.28
-42.514,144.06,0,9.8,1.7515,404.29
-42.514,145.04,0,9.8,2.1098,406.3
-42.514,146.02,0,9.8,2.5539,408.31
-48.515,147,-10.655,9.8,1,445.01
-48.515,147.98,0,9.8,1.0551,424.63
-50.663,148.96,-10.797,9.8,1,453.73
-51.735,149.94,-10.335,9.8,1,456.96
-51.735,150.92,0,9.8,1.0579,437.25
-53.735,151.9,-8.9141,9.8,1,462.1
-53.735,152.88,0,9.8,1.0362,445.37
-53.735,153.86,0,9.8,1.1641,447.38
-53.735,154.84,0,9.8,1.374,449.39
-53.735,155.82,0,9.8,1.6505,451.4
-53.735,156.8,0,9.8,1.9965,453.41
-53.735,157.78,0,9.8,2.3902,455.42
-53.735,158.76,0,9.8,2.8593,457.43
-53.735,159.74,0,9.8,3.3703,459.44
-53.735,160.72,0,9.8,3.9388,461.45
-53.735,161.7,0,9.8,4.535,463.45
-53.735,162.68,0,9.8,5.1651,465.46
-53.735,163.66,0,9.8,5.8257,467.47
-60.763,164.64,-2.6376,9.8,1,489.43
-60.763,165.62,0,9.8,1.0088,485.9
-60.763,166.6,0,9.8,1.0435,487.91
-61.716,167.58,-4.4932,9.8,1,501.31
-61.716,168.56,0,9.8,1.032,493.88
-61.716,169.54,0,9.8,1.1092,495.89
-61.716,170.52,0,9.8,1.2283,497.9
-63.855,171.5,-5.9242,9.8,1,516.74
-64.451,172.48,-5.6919,9.8,1,519.48
-65.02,173.46,-5.3135,9.8,1,521.86
-65.02,174.44,0,9.8,1.0332,512.71
-65.02,175.42,0,9.8,1.1114,514.72
-65.02,176.4,0,9.8,1.2374,516.72
-65.02,177.38,0,9.8,1.401,518.73
-67.379,178.36,-4.2332,9.8,1,534.47
-67.379,179.34,0,9.8,1.0172,527.59
-67.379,180.32,0,9.8,1.0718,529.6
-68.595,181.3,-3.605,9.8,1,541.67
-68.595,182.28,0,9.8,1.0266,536.11
-69.286,183.26,-2.9258,9.8,1,545.68
-69.286,184.24,0,9.8,1.0104,541.54
-69.286,185.22,0,9.8,1.0502,543.55
-69.286,186.2,0,9.8,1.1212,545.56
-69.286,187.18,0,9.8,1.2198,547.57
-69.286,188.16,0,9.8,1.3233,549.58
-69.286,189.14,0,9.8,1.4627,551.59
-69.286,190.12,0,9.8,1.6194,553.6
-69.286,191.1,0,9.8,1.7878,555.61
-69.286,192.08,0,9.8,1.9845,557.61
-69.286,193.06,0,9.8,2.2041,559.62
-69.286,194.04,0,9.8,2.4228,561.63
-69.286,195.02,0,9.8,2.6643,563.64
-72.03,196,-1.7818,9.8,1,575.02
-72.03,196.98,0,9.8,1.0123,573.28
-72.03,197.96,0,9.8,1.0388,575.29
-72.03,198.94,0,9.8,1.0802,577.3
-72.03,199.92,0,9.8,1.1328,579.31
-72.03,200.9,0,9.8,1.2031,581.32
-72.03,201.88,0,9.8,1.2879,583.33
-72.03,202.86,0,9.8,1.3793,585.34
-72.03,203.84,0,9.8,1.4685,587.35
-72.03,204.82,0,9.8,1.5648,589.35
-72.03,205.8,0,9.8,1.6686,591.36
-73.083,206.78,-0.374,9.8,1,596.32
-73.083,207.76,0,9.8,1.0106,597.54
-73.083,208.74,0,9.8,1.027,599.55
-73.083,209.72,0,9.8,1.0359,601.56
-73.239,210.7,-0.40562,9.8,1,604.74
-73.239,211.68,0,9.8,1.0061,605.9
-73.239,212.66,0,9.8,1.0153,607.91
-73.239,213.64,0,9.8,1.0291,609.92
-73.239,214.62,0,9.8,1.0364,611.92
-73.239,215.6,0,9.8,1.0477,613.93
-73.239,216.58,0,9.8,1.061,615.94
-73.239,217.56,0,9.8,1.0808,617.95
-73.239,218.54,0,9.8,1.1139,619.96
-73.55,219.52,-0.29673,9.8,1,623.23
-73.55,220.5,0,9.8,1.0026,624.62
-73.55,221.48,0,9.8,1.0101,626.62
-73.629,222.46,-0.31552,9.8,1,629.46
-73.652,223.44,-0.34283,9.8,1,631.57
-73.652,224.42,0,9.8,0.99703,632.86
-73.652,225.4,0,9.8,0.9921,634.87
-73.652,226.38,0,9.8,1.0043,636.88
-73.652,227.36,0,9.8,1.0243,638.89
-73.819,228.34,-0.34178,9.8,1,641.96
-73.819,229.32,0,9.8,1.0083,643.25
-73.819,230.3,0,9.8,1.0045,645.26
-73.919,231.28,-0.36481,9.8,1,648.24
-73.919,232.26,0,9.8,0.99476,649.48
-73.919,233.24,0,9.8,0.99313,651.49
-73.919,234.22,0,9.8,0.99213,653.5
-73.919,235.2,0,9.8,1.0081,655.51
-73.919,236.18,0,9.8,1.015,657.51
-73.919,237.16,0,9.8,1.0304,659.52
-73.919,238.14,0,9.8,1.0534,661.53
-73.919,239.12,0,9.8,1.0723,663.54
-73.919,240.1,0,9.8,1.1022,665.55
-73.919,241.08,0,9.8,1.1292,667.56
-74.31,242.06,-0.44643,9.8,1,671.31
-74.31,243.04,0,9.8,1.0093,672.38
-74.31,244.02,0,9.8,1.0104,674.39
-74.31,245,0,9.8,1.0248,676.4
-74.31,245.98,0,9.8,1.0489,678.41
-74.563,246.96,-0.50077,9.8,1,681.99
-74.563,247.94,0,9.8,0.99581,682.94
-74.563,248.92,0,9.8,0.99432,684.95
-74.732,249.9,-0.56924,9.8,1,688.5
-74.732,250.88,0,9.8,0.99404,689.32
-74.844,251.86,-0.64935,9.8,1,692.92
-74.844,252.84,0,9.8,1.0111,693.57
-74.844,253.82,0,9.8,1.0198,695.57
-74.844,254.8,0,9.8,1.0321,697.58
-75.116,255.78,-0.84126,9.8,1,701.92
-75.116,256.76,0,9.8,0.99691,702.16
-75.116,257.74,0,9.8,1.0184,704.17
-75.116,258.72,0,9.8,1.0298,706.18
-75.116,259.7,0,9.8,1.0518,708.19
-75.116,260.68,0,9.8,1.0916,710.19
-75.116,261.66,0,9.8,1.1353,712.2
-75.116,262.64,0,9.8,1.1965,714.21
-75.74,263.62,-0.75807,9.8,1,719.09
-75.74,264.6,0,9.8,1.0004,719.51
-75.74,265.58,0,9.8,1.0125,721.52
-75.979,266.56,-0.90607,9.8,1,725.92
-75.979,267.54,0,9.8,1.0024,726.03
-75.979,268.52,0,9.8,1.0162,728.04
-76.279,269.5,-1.0252,9.8,1,732.81
-76.279,270.48,0,9.8,1.0078,732.67
-76.279,271.46,0,9.8,1.0319,734.68
-76.279,272.44,0,9.8,1.0579,736.69
-76.279,273.42,0,9.8,1.0829,738.7
-76.751,274.4,-0.971,9.8,1,743.71
-76.751,275.38,0,9.8,0.99487,743.68
-76.751,276.36,0,9.8,1.018,745.69
-76.751,277.34,0,9.8,1.042,747.7
-76.751,278.32,0,9.8,1.0849,749.71
-76.751,279.3,0,9.8,1.1292,751.72
-76.751,280.28,0,9.8,1.1795,753.73
-77.465,281.26,-1.0659,9.8,1,759.44
-77.571,282.24,-0.99107,9.8,1,761.51
-77.571,283.22,0,9.8,1.0043,761.43
-77.571,284.2,0,9.8,1.0223,763.44
-77.571,285.18,0,9.8,1.0528,765.45
-77.571,286.16,0,9.8,1.0863,767.46
-77.571,287.14,0,9.8,1.1409,769.47
-77.571,288.12,0,9.8,1.2062,771.48
-78.283,289.1,-0.97009,9.8,1,776.99
-78.283,290.08,0,9.8,0.99734,776.96
-78.283,291.06,0,9.8,1.0164,778.97
-78.283,292.04,0,9.8,1.0457,780.98
-78.283,293.02,0,9.8,1.0747,782.98
-78.283,294,0,9.8,1.1121,784.99
-78.88,294.98,-0.94052,9.8,1,790.2
-78.88,295.96,0,9.8,1.0001,790.24
-79.077,296.94,-0.93446,9.8,1,794.61
-79.077,297.92,0,9.8,0.99918,794.66
-79.279,298.9,-0.99516,9.8,1,799.17
-79.279,299.88,0,9.8,1.0096,799.09
-79.49,300.86,-1.0341,9.8,1,803.7
-79.592,301.84,-1.0659,9.8,1,805.99
-79.592,302.82,0,9.8,1.0109,805.76
-79.592,303.8,0,9.8,1.0223,807.77
-79.592,304.78,0,9.8,1.0469,809.78
-79.592,305.76,0,9.8,1.0931,811.79
-79.592,306.74,0,9.8,1.1485,813.79
-79.592,307.72,0,9.8,1.2014,815.8
