13.889,13.889,0.87832,0,35.5,0
13.889,13.889,0,0.057678,35.5,0.12947
14.066,13.895,0.82908,0.10922,35.528,0
14.066,13.906,0,0.15973,35.544,0.02272
14.066,13.922,0,0.19905,35.56,0.16215
14.066,13.941,0,0.23596,35.573,0.31449
14.066,13.965,0,0.27045,35.584,0.47848
14.066,13.992,0,0.29831,35.593,0.63883
14.066,14.022,0,0.32019,35.599,0.79317
14.601,14.054,0.67034,0.34427,35.804,0
14.601,14.088,0,0.3582,35.857,0
14.601,14.124,0,0.37332,35.906,0
14.601,14.162,0,0.38767,35.952,0
14.601,14.2,0,0.39501,35.994,0.10396
14.601,14.24,0,0.40142,36.032,0.22411
14.937,14.28,0.52371,0.40583,36.151,0
14.992,14.321,0.48375,0.41382,36.223,0
14.992,14.362,0,0.41787,36.288,0
14.992,14.404,0,0.42261,36.349,0
14.992,14.446,0,0.42323,36.406,0
14.992,14.488,0,0.41981,36.459,0
14.992,14.53,0,0.40714,36.507,0
15.228,14.571,0.20694,0.39691,36.641,0
15.228,14.611,0,0.3839,36.705,0
15.228,14.649,0,0.36579,36.765,0
15.264,14.686,0.11202,0.34641,36.841,0
15.264,14.72,0,0.32948,36.897,0
15.264,14.753,0,0.31235,36.95,0
15.264,14.784,0,0.30277,36.999,0
15.264,14.815,0,0.28712,37.045,0
15.264,14.843,0,0.27911,37.089,0
15.316,14.871,0.053747,0.26285,37.132,0
15.312,14.898,0.03845,0.24442,37.18,0
15.312,14.922,0,0.23385,37.22,0
15.312,14.945,0,0.22561,37.258,0
15.312,14.968,0,0.20704,37.294,0
15.312,14.989,0,0.18711,37.327,0
15.312,15.007,0,0.17209,37.358,0
15.276,15.025,-0.25135,0.147,37.405,0.52057
15.276,15.039,0,0.11977,37.43,0
15.276,15.051,0,0.091227,37.453,0
15.276,15.06,0,0.06422,37.475,0
15.276,15.067,0,0.041393,37.496,0
15.276,15.071,0,0.017052,37.517,0
15.058,15.073,-0.41908,-0.0010587,37.464,1.3962
15.058,15.073,0,-0.0045514,37.462,0.01976
14.97,15.072,-0.4456,-0.0075108,37.439,1.7709
14.97,15.071,0,-0.01129,37.428,0.18761
14.97,15.07,0,-0.014859,37.418,0.17706
14.97,15.069,0,-0.019124,37.408,0.16427
14.97,15.067,0,-0.022106,37.399,0.15355
14.97,15.065,0,-0.025783,37.389,0.14075
14.97,15.062,0,-0.030006,37.38,0.12611
14.602,15.059,-0.4932,-0.033893,37.254,3.1263
14.602,15.056,0,-0.037597,37.208,0.93338
14.602,15.052,0,-0.040835,37.163,0.91449
14.602,15.048,0,-0.044477,37.118,0.89374
14.602,15.043,0,-0.048882,37.074,0.87003
14.343,15.039,-0.54587,-0.052151,36.954,4.2638
14.285,15.033,-0.54853,-0.05627,36.873,4.4661
14.285,15.028,0,-0.059409,36.798,1.6134
14.285,15.022,0,-0.063759,36.724,1.5821
14.127,15.015,-0.64025,-0.067521,36.63,5.6513
14.055,15.009,-0.70569,-0.072757,36.53,6.4301
14.055,15.001,0,-0.077328,36.435,2.1221
14.055,14.994,0,-0.082195,36.341,2.0813
14.055,14.985,0,-0.088775,36.248,2.0329
14.055,14.977,0,-0.095964,36.155,1.9809
14.055,14.967,0,-0.10356,36.063,1.926
14.055,14.957,0,-0.1136,35.973,1.8607
14.055,14.945,0,-0.12471,35.883,1.7899
14.055,14.933,0,-0.13586,35.795,1.7171
13.078,14.919,-1.6058,-0.14738,35.339,22.52
12.921,14.904,-1.6442,-0.15998,35.148,24.048
12.921,14.888,0,-0.17332,34.951,5.0025
12.595,14.871,-1.6966,-0.187,34.716,26.768
12.595,14.852,0,-0.2009,34.489,5.9216
12.595,14.832,0,-0.21632,34.265,5.7606
12.595,14.811,0,-0.23149,34.042,5.5972
12.595,14.787,0,-0.24549,33.822,5.4365
11.797,14.763,-1.0797,-0.25772,33.392,19.899
11.797,14.737,0,-0.26808,33.097,8.2101
11.797,14.71,0,-0.2764,32.804,8.0474
11.797,14.683,0,-0.28506,32.514,7.8804
11.797,14.654,0,-0.29356,32.227,7.7122
11.382,14.625,-0.71761,-0.3017,31.843,16.251
11.382,14.595,0,-0.311,31.52,9.0722
11.382,14.564,0,-0.32013,31.201,8.8813
11.382,14.532,0,-0.32809,30.884,8.6956
11.382,14.499,0,-0.33455,30.571,8.5175
11.382,14.465,0,-0.34011,30.261,8.3439
11.382,14.431,0,-0.34387,29.954,8.1805
11.382,14.397,0,-0.34697,29.651,8.0208
11.058,14.362,-0.0045145,-0.34871,29.153,9.2455
11.058,14.327,0,-0.3499,28.824,9.0561
11.058,14.292,0,-0.35201,28.499,8.8951
11.079,14.257,0.11485,-0.35223,28.167,7.8571
11.079,14.222,0,-0.35339,27.851,8.5067
11.079,14.187,0,-0.35439,27.538,8.3546
11.103,14.151,-0.0027112,-0.35431,27.228,8.128
11.103,14.116,0,-0.3556,26.925,7.9568
11.103,14.08,0,-0.35774,26.626,7.7998
11.103,14.044,0,-0.35869,26.33,7.6503
11.113,14.009,0.15523,-0.35863,26.03,6.4849
11.113,13.973,0,-0.35784,25.742,7.3322
11.113,13.937,0,-0.35415,25.458,7.2132
11.113,13.901,0,-0.35113,25.177,7.0922
11.237,13.866,0.50015,-0.34619,24.915,3.9855
11.237,13.832,0,-0.33956,24.654,6.4114
11.237,13.798,0,-0.33415,24.396,6.3134
11.237,13.764,0,-0.3276,24.142,6.2242
11.237,13.732,0,-0.32251,23.891,6.1297
11.237,13.699,0,-0.31631,23.643,6.0434
11.237,13.668,0,-0.31036,23.398,5.9585
11.558,13.637,0.5336,-0.30108,23.263,2.5737
11.558,13.607,0,-0.29402,23.057,4.6732
11.558,13.577,0,-0.28475,22.853,4.6178
11.558,13.549,0,-0.27292,22.653,4.5783
11.558,13.521,0,-0.26081,22.455,4.5444
11.882,13.495,0.97502,-0.24745,22.315,1.1129
11.882,13.471,0,-0.23142,22.155,3.4378
11.882,13.447,0,-0.21447,21.998,3.4393
11.882,13.426,0,-0.19535,21.842,3.4559
11.882,13.406,0,-0.17941,21.689,3.4647
11.882,13.389,0,-0.16768,21.537,3.4598
12.374,13.372,0.088815,-0.16071,21.538,1.653
12.374,13.356,0,-0.15825,21.439,1.9236
12.377,13.34,-0.078872,-0.15703,21.334,2.1755
12.377,13.324,0,-0.15579,21.238,1.8354
12.377,13.309,0,-0.15513,21.144,1.7953
12.377,13.293,0,-0.15275,21.052,1.7614
12.404,13.278,0.3634,-0.14609,20.955,0.73641
12.432,13.263,0.42704,-0.13972,20.863,0.57028
12.432,13.249,0,-0.13103,20.78,1.5693
12.432,13.236,0,-0.12069,20.699,1.569
12.563,13.224,0.41311,-0.11278,20.643,0.34366
12.563,13.213,0,-0.10347,20.577,1.2243
12.563,13.202,0,-0.095481,20.513,1.2228
12.563,13.193,0,-0.087668,20.449,1.2229
12.563,13.184,0,-0.080755,20.387,1.2222
12.747,13.176,0.31061,-0.074345,20.388,0.14181
12.747,13.169,0,-0.067236,20.346,0.76877
12.747,13.162,0,-0.058678,20.304,0.77655
12.87,13.156,0.43825,-0.050047,20.267,0
12.914,13.151,0.50767,-0.041526,20.242,0
12.914,13.147,0,-0.030407,20.218,0.43066
12.914,13.144,0,-0.020635,20.195,0.44851
12.914,13.142,0,-0.0090507,20.172,0.47362
12.914,13.141,0,0.0035139,20.15,0.50455
12.914,13.141,0,0.027797,20.127,0.57125
12.914,13.144,0,0.057272,20.104,0.66168
12.914,13.15,0,0.080976,20.081,0.74627
12.914,13.158,0,0.10129,20.057,0.82941
12.914,13.168,0,0.1211,20.032,0.91877
13.51,13.18,0.56548,0.1394,20.261,0
13.51,13.194,0,0.1571,20.293,0
13.51,13.21,0,0.17547,20.324,0
13.51,13.227,0,0.19204,20.353,0
13.51,13.246,0,0.20673,20.381,0
13.51,13.267,0,0.21387,20.406,0
13.51,13.288,0,0.21984,20.429,0.037406
13.51,13.31,0,0.22584,20.451,0.1048
13.51,13.333,0,0.2323,20.469,0.17623
13.51,13.356,0,0.23457,20.486,0.23859
13.51,13.38,0,0.23685,20.5,0.30238
13.51,13.403,0,0.24465,20.512,0.38415
13.51,13.428,0,0.24505,20.522,0.44673
14.038,13.452,0.23453,0.24569,20.922,0
14.038,13.477,0,0.24463,20.979,0
14.038,13.501,0,0.24279,21.034,0
14.106,13.526,0.20064,0.24294,21.094,0
14.106,13.55,0,0.24187,21.151,0
14.106,13.574,0,0.24373,21.206,0
14.106,13.599,0,0.24627,21.258,0
14.106,13.623,0,0.24834,21.307,0
14.106,13.648,0,0.24906,21.354,0
14.264,13.673,0.29321,0.24675,21.437,0
14.264,13.698,0,0.24909,21.495,0
14.264,13.723,0,0.25333,21.55,0
14.264,13.748,0,0.25741,21.603,0
14.264,13.774,0,0.25944,21.654,0
14.264,13.8,0,0.26153,21.701,0
14.264,13.826,0,0.26078,21.747,0
14.264,13.852,0,0.25279,21.789,0
14.264,13.877,0,0.24719,21.829,0
14.264,13.902,0,0.23849,21.867,0
14.264,13.926,0,0.22619,21.902,0
14.264,13.948,0,0.21111,21.934,0
14.264,13.969,0,0.19423,21.965,0
14.264,13.989,0,0.17897,21.994,0
14.404,14.007,-0.17546,0.16441,22.23,0
14.404,14.023,0,0.15133,22.269,0
14.371,14.038,-0.097343,0.13742,22.303,0
14.371,14.052,0,0.12486,22.336,0
14.371,14.064,0,0.11636,22.367,0
14.371,14.076,0,0.1073,22.397,0
14.334,14.087,-0.044346,0.10205,22.443,0
14.324,14.097,-0.067992,0.093945,22.458,0
14.324,14.106,0,0.085856,22.48,0
14.324,14.115,0,0.078195,22.502,0
14.324,14.123,0,0.066151,22.522,0
14.324,14.129,0,0.051606,22.542,0
14.324,14.135,0,0.035676,22.561,0
14.324,14.138,0,0.020593,22.58,0
14.324,14.14,0,0.0030203,22.598,0
14.102,14.141,-0.46518,-0.0061024,22.548,1.6648
14.102,14.14,0,-0.01271,22.544,0.051017
14.102,14.139,0,-0.019363,22.54,0.034356
14.102,14.137,0,-0.027102,22.536,0.01438
13.924,14.134,-0.42056,-0.03354,22.475,1.8839
13.89,14.131,-0.4197,-0.038365,22.454,1.9554
13.89,14.127,0,-0.043758,22.43,0.40588
13.809,14.122,-0.4345,-0.05023,22.397,2.2161
13.809,14.117,0,-0.05491,22.366,0.54006
13.74,14.112,-0.45207,-0.059763,22.335,2.4584
13.74,14.106,0,-0.066171,22.298,0.64203
13.74,14.099,0,-0.0718,22.262,0.61199
13.74,14.092,0,-0.077192,22.226,0.58164
13.74,14.084,0,-0.085218,22.191,0.54383
13.74,14.076,0,-0.090692,22.157,0.51117
13.477,14.067,-0.49712,-0.096408,22.053,3.2957
13.426,14.057,-0.49111,-0.10361,21.985,3.3727
13.426,14.047,0,-0.11129,21.922,1.1265
13.426,14.036,0,-0.11654,21.861,1.0832
13.426,14.024,0,-0.12366,21.8,1.0337
13.426,14.012,0,-0.12893,21.741,0.98849
13.426,13.999,0,-0.13333,21.683,0.94506
13.426,13.985,0,-0.13791,21.627,0.90061
13.426,13.972,0,-0.14383,21.572,0.85205
13.426,13.957,0,-0.14771,21.518,0.80824
13.426,13.943,0,-0.15241,21.466,0.76196
13.426,13.927,0,-0.15425,21.415,0.72255
12.992,13.912,-0.37606,-0.15955,21.128,3.4565
12.992,13.896,0,-0.166,21.037,1.6841
12.992,13.879,0,-0.17298,20.948,1.6167
12.992,13.862,0,-0.1799,20.86,1.5487
12.992,13.844,0,-0.18835,20.774,1.475
12.992,13.825,0,-0.19606,20.689,1.4028
12.992,13.806,0,-0.20361,20.607,1.3304
12.633,13.785,-0.48521,-0.20964,20.4,4.7181
12.633,13.764,0,-0.21583,20.286,2.1306
12.633,13.743,0,-0.22374,20.174,2.0423
12.633,13.72,0,-0.22994,20.064,1.9591
12.633,13.697,0,-0.23616,19.957,1.8755
12.633,13.674,0,-0.24442,19.852,1.7847
12.633,13.649,0,-0.2505,19.749,1.7005
12.289,13.624,-0.47339,-0.25776,19.531,5.074
12.289,13.598,0,-0.26454,19.399,2.455
12.187,13.572,-0.45293,-0.2726,19.259,5.0463
12.187,13.545,0,-0.27974,19.122,2.5376
12.187,13.517,0,-0.28661,18.987,2.4315
12.187,13.488,0,-0.2912,18.856,2.3334
12.187,13.459,0,-0.2999,18.727,2.2208
11.916,13.429,-0.84565,-0.31348,18.54,8.502
11.824,13.398,-1.0019,-0.32981,18.38,10.275
11.824,13.365,0,-0.34872,18.224,2.8021
11.824,13.33,0,-0.37103,18.072,2.6161
11.486,13.293,-1.2222,-0.39275,17.884,13.633
11.486,13.253,0,-0.41823,17.705,3.1974
11.239,13.212,-1.183,-0.44145,17.5,13.601
11.239,13.167,0,-0.46363,17.305,3.4983
11.239,13.121,0,-0.48542,17.115,3.2687
11.239,13.072,0,-0.50997,16.929,3.03
11.239,13.021,0,-0.5327,16.748,2.8002
11.239,12.968,0,-0.55627,16.573,2.5708
11.239,12.913,0,-0.58125,16.402,2.341
11.239,12.854,0,-0.60554,16.238,2.119
11.239,12.794,0,-0.62907,16.08,1.9058
11.239,12.731,0,-0.65411,15.927,1.6967
11.239,12.666,0,-0.67937,15.781,1.4968
11.239,12.598,0,-0.70858,15.642,1.3009
9.9015,12.527,-1.104,-0.7369,14.735,13.493
9.9015,12.453,0,-0.76495,14.476,4.1496
9.9015,12.377,0,-0.79075,14.225,3.8141
9.9015,12.298,0,-0.81511,13.981,3.4922
9.9015,12.216,0,-0.84203,13.746,3.171
9.9015,12.132,0,-0.86399,13.518,2.8773
9.9015,12.045,0,-0.88747,13.3,2.5914
9.9015,11.957,0,-0.90825,13.09,2.3266
9.9015,11.866,0,-0.92602,12.889,2.0837
9.0875,11.773,-0.70058,-0.94948,12.302,7.9371
9.0875,11.678,0,-0.96913,12.038,3.4805
8.9385,11.581,-0.64644,-0.98731,11.771,7.0697
8.9385,11.483,0,-1.0051,11.511,3.2373
8.9385,11.382,0,-1.02,11.262,2.9381
8.9385,11.28,0,-1.0359,11.023,2.6515
8.9385,11.177,0,-1.0491,10.794,2.3883
8.9385,11.072,0,-5.2,10.575,352.54
8.9385,10.552,0,-5.2,10.388,599.17
8.9385,10.032,0,-0.6329,10.253,0.93669
8.9385,9.9684,0,-5.2,10.146,597.98
8.9385,9.4484,0,-0.43796,10.069,0.21894
8.9385,9.4046,0,-5.2,10.021,596.82
8.9385,8.8846,0,-0.26577,10,0
8.9385,8.858,0,-0.28571,10.007,0
8.0764,8.8294,-0.60863,-0.30299,9.4219,3.4357
8.0764,8.7991,0,-5.2,9.3481,223.55
8.0764,8.2791,0,-0.11968,9.3018,0.16524
8.0764,8.2671,0,-0.13578,9.2821,0.11042
8.0764,8.2536,0,-0.14198,9.2637,0.072784
7.8643,8.2394,-0.23683,-0.14654,9.1668,1.1528
7.8318,8.2247,-0.26833,-0.1544,9.1244,1.289
7.8064,8.2093,-0.35463,-5.2,9.0801,210.45
7.7805,7.6893,-0.41457,0.046247,9.0586,1.2497
7.7805,7.6939,0,0.027973,9.0675,0
7.7805,7.6967,0,0.0038636,9.076,0
7.7805,7.6971,0,-0.00426,9.0844,0
7.664,7.6967,-0.075008,-0.01204,9.0735,0.21502
7.664,7.6955,0,-0.012244,9.0703,0.038689
7.664,7.6942,0,-0.012915,9.0672,0.034755
7.664,7.6929,0,-0.018456,9.0642,0.020503
7.664,7.6911,0,-0.030525,9.0614,0
7.5588,7.688,-0.62259,-0.047947,9.0386,2.6103
7.5588,7.6832,0,-0.072285,9.0259,0.10351
7.5588,7.676,0,-0.091781,9.0138,0.050426
7.3721,7.6668,-0.50484,-0.1106,8.9617,2.2223
7.3721,7.6558,0,-0.1272,8.9328,0.31466
7.3721,7.6431,0,-0.14038,8.9051,0.26074
7.3721,7.629,0,-0.15766,8.8787,0.19813
7.1581,7.6133,-0.63299,-0.17425,8.8127,3.1865
7.1581,7.5958,0,-5.2,8.768,106.98
7.1581,7.0758,0,-0.018078,8.7503,0
7.1581,7.074,0,-0.040013,8.7586,0
7.1581,7.07,0,-0.065224,8.7672,0
7.1581,7.0635,0,-0.088634,8.7763,0
7.1581,7.0546,0,-0.10999,8.7862,0
7.1581,7.0436,0,-0.13294,8.7971,0
7.1581,7.0303,0,-0.15575,8.8092,0
7.1581,7.0148,0,-0.17687,8.8228,0
6.4689,6.9971,-0.57403,-5.2,8.4721,61.875
6.4689,6.4771,0,-0.022715,8.4453,0
6.4689,6.4748,0,-0.040619,8.4446,0
6.4689,6.4708,0,-0.053931,8.4442,0
6.2821,6.4654,-0.28331,-0.063698,8.3948,1.0879
6.2821,6.459,0,-0.072596,8.3768,0.21047
6.2821,6.4517,0,-0.08148,8.3595,0.17645
6.2821,6.4436,0,-0.083016,8.3429,0.15656
6.2821,6.4353,0,-0.087849,8.3272,0.12978
6.2821,6.4265,0,-0.095847,8.3123,0.096168
6.2821,6.4169,0,-0.10698,8.2984,0.055817
6.2821,6.4062,0,-0.11403,8.2854,0.022034
6.0502,6.3948,-0.31353,-5.2,8.1725,44.439
6.0502,5.8748,0,0.10304,8.1641,0
6.0502,5.8851,0,0.08336,8.1811,0
6.0502,5.8934,0,0.071988,8.1972,0
6.0502,5.9006,0,0.078659,8.2125,0
6.0502,5.9085,0,0.098883,8.2271,0
6.0502,5.9184,0,0.12781,8.2407,0.0084578
6.0502,5.9312,0,0.15768,8.2533,0.11187
6.2275,5.947,0.83793,0.20173,8.2875,0
6.2275,5.9671,0,0.25291,8.3145,0.036519
6.2275,5.9924,0,0.30133,8.3393,0.23562
6.2275,6.0225,0,0.34632,8.3613,0.45277
6.2275,6.0572,0,0.37793,8.3801,0.65103
6.2275,6.095,0,0.40322,8.3952,0.84494
6.7424,6.1353,0.56688,0.42647,8.5597,0
6.7424,6.1779,0,0.42905,8.6182,0
6.7424,6.2208,0,0.43503,8.6725,0
6.7424,6.2643,0,0.4249,8.7225,0.0018047
6.7424,6.3068,0,0.41435,8.7682,0.076225
6.7424,6.3483,0,0.39582,8.8097,0.12387
6.7424,6.3879,0,0.38083,8.8471,0.1777
6.7424,6.4259,0,0.35994,8.8807,0.20962
6.7424,6.4619,0,0.3408,8.9105,0.24166
6.7424,6.496,0,0.32231,8.9368,0.27087
6.7424,6.5282,0,0.30552,8.9599,0.30064
6.7424,6.5588,0,0.30677,8.9797,0.38184
6.7424,6.5895,0,0.31063,8.9966,0.47288
6.7424,6.6205,0,0.32697,9.0103,0.60785
6.7424,6.6532,0,0.35009,9.0209,0.77518
7.2476,6.6882,0.75932,0.36875,9.3714,0
7.2476,6.7251,0,0.39403,9.4254,0
7.2476,6.7645,0,0.42288,9.4757,0
7.2476,6.8068,0,0.44302,9.5219,0.15225
7.2476,6.8511,0,0.45244,9.5638,0.29816
7.2476,6.8964,0,0.46289,9.6012,0.4543
7.2476,6.9426,0,0.47775,9.634,0.63364
7.2476,6.9904,0,0.48538,9.6621,0.79594
7.8056,7.039,0.60567,0.48855,9.9282,0
7.8653,7.0878,0.58362,0.49291,10,0
7.8653,7.1371,0,0.49525,10.076,0
7.8653,7.1866,0,0.49571,10.146,0
8.0312,7.2362,0.54113,0.49678,10.228,0
8.0312,7.2859,0,0.49987,10.305,0
8.0312,7.3359,0,0.49419,10.377,0
8.0312,7.3853,0,0.49322,10.444,0
8.0312,7.4346,0,0.48939,10.506,0
8.0312,7.4835,0,0.48111,10.564,0
8.0312,7.5317,0,0.47524,10.616,0.10315
8.0312,7.5792,0,0.45884,10.664,0.17359
8.3692,7.6251,0.24966,0.44884,10.845,0
8.3692,7.6699,0,0.43058,10.917,0
8.3692,7.713,0,0.41852,10.985,0
8.3692,7.7549,0,0.41094,11.049,0
8.3692,7.7959,0,0.39975,11.108,0
8.3692,7.8359,0,0.39212,11.163,0
8.3692,7.8751,0,0.38202,11.215,0
8.3692,7.9133,0,0.3703,11.262,0
8.5773,7.9504,0.26679,0.36758,11.362,0
8.5773,7.9871,0,0.35864,11.423,0
8.5773,8.023,0,0.34865,11.48,0
8.5773,8.0579,0,0.34207,11.534,0
8.5773,8.0921,0,0.33732,11.584,0
8.5773,8.1258,0,0.34054,11.631,0
8.5773,8.1598,0,0.33307,11.675,0
8.5773,8.1932,0,0.3331,11.715,0
8.5773,8.2265,0,0.3286,11.751,0.03178
8.5773,8.2593,0,0.33116,11.785,0.11936
8.8624,8.2924,0.31829,0.32581,11.952,0
8.8624,8.325,0,0.32979,12.007,0
8.9364,8.358,0.29885,0.32921,12.069,0
8.9364,8.3909,0,0.32353,12.126,0
8.9956,8.4233,0.25909,0.32408,12.177,0
8.9956,8.4557,0,0.32183,12.233,0
8.9956,8.4879,0,0.31558,12.285,0
9.081,8.5194,0.24143,0.31625,12.361,0
9.081,8.551,0,0.30672,12.416,0
9.081,8.5817,0,0.30759,12.467,0
9.081,8.6125,0,0.30195,12.516,0
9.182,8.6427,0.20526,0.3009,12.568,0
9.182,8.6728,0,0.29026,12.62,0
9.182,8.7018,0,0.28658,12.67,0
9.182,8.7304,0,0.27896,12.716,0
9.182,8.7583,0,0.27762,12.76,0
9.182,8.7861,0,0.27205,12.801,0
9.182,8.8133,0,0.26871,12.839,0
9.182,8.8402,0,0.26543,12.875,0
9.182,8.8667,0,0.2552,12.908,0
9.182,8.8922,0,0.24543,12.938,0
9.3428,8.9168,0.07745,0.23331,13.052,0
9.3567,8.9401,0.039948,0.22766,13.084,0
9.3567,8.9629,0,0.21494,13.125,0
9.3567,8.9844,0,0.2038,13.163,0
9.3567,9.0048,0,0.18854,13.199,0
9.3567,9.0236,0,0.17987,13.233,0
9.3567,9.0416,0,0.17146,13.266,0
9.3567,9.0587,0,0.15532,13.297,0
9.3567,9.0743,0,0.1399,13.326,0
9.3567,9.0883,0,0.1332,13.353,0
9.3567,9.1016,0,0.12308,13.379,0
9.3567,9.1139,0,0.10921,13.404,0
9.3567,9.1248,0,0.098532,13.428,0
9.2836,9.1347,-0.24889,0.080705,13.49,0.56024
