0,0,-1.6285,0,35.5,3.422
0,0,0,7.8,35.5,59.103
0,0.78,0,7.8,35.461,63.94
0,1.56,0,7.8,35.344,68.834
0,2.34,0,7.8,35.149,73.779
0,3.12,0,7.8,34.876,78.774
0,3.9,0,7.8,34.525,83.814
0,4.68,0,7.8,34.096,88.898
-1.5629,5.46,-2.3767,7.8,32.991,98.695
-1.5629,6.24,0,6.7,32.25,92.988
-1.5629,6.91,0,6.7,31.436,94.362
-2.2818,7.58,-2.5415,6.7,30.463,102.55
-2.5317,8.25,-2.5766,-0.61547,29.433,89.137
-2.5317,8.1885,0,-0.66097,28.358,83.502
-3.0387,8.1224,-2.5529,-0.71146,27.25,89.664
-3.2955,8.0512,-2.485,-0.76766,26.133,89.783
-3.2955,7.9744,0,-0.83133,25.002,84.271
-3.2955,7.8913,0,-0.90146,23.879,83.953
-3.2955,7.8012,0,-0.97836,22.765,83.606
-3.2955,7.7033,0,-1.0635,21.66,83.227
-3.2955,7.597,0,-1.1605,20.566,82.805
-4.5933,7.4809,-1.7413,-1.27,19.061,88.657
-4.5933,7.3539,0,-1.394,17.86,84.477
-4.5933,7.2145,0,-1.5354,16.672,83.894
-5.0747,7.061,-1.4005,-1.7014,15.42,87.16
-5.211,6.8908,-1.3113,-1.8907,14.212,86.506
-5.3373,6.7018,-1.2139,-2.1158,12.995,85.699
-5.4494,6.4902,-1.1444,-2.3773,11.798,84.8
-5.4494,6.2525,0,-2.6934,10.616,81.243
-5.4494,5.9831,0,-3.0741,9.459,79.891
-5.4494,5.6757,0,-3.5357,8.3311,78.291
-5.4494,5.3221,0,-9.0712,7.2363,65.935
-5.4494,4.415,0,-8.8153,6.2045,64.613
-5.4494,3.5335,0,-8.8,5.2621,62.838
-5.4494,2.6535,0,-8.8,4.4078,61.034
-5.7976,1.7735,0.6389,-8.8,3.3855,58.601
-5.7976,0.89349,0,-8.8,2.6724,58.14
-5.7976,0.013491,0,-8.8,2.0473,56.336
-5.7976,0,0,-9.3561,1.5102,55.14
-5.7976,0,0,-13.939,0.97719,45.51
-5.7976,0,0,-26.217,0.46712,19.711
-5.3001,0,1.2025,-107.19,0.12958,0
-5.3001,0,0,-100.19,0.13553,0
-5.3001,0,0,-104.18,0.10648,0
-5.3001,0,0,-82.274,0.097351,0
-5.3001,0,0,-172.12,-0.021293,0
-5.3001,0,0,-24.634,0.30929,22.018
-5.3001,0,0,-126.44,-0.097556,0
-5.3001,0,0,-38.938,0.0046148,0
-4.4454,0,1.0258,-1670.5,0.0059112,0
-4.4454,0,0,0.99496,7.914,74.118
-4.229,0.099496,0.91684,0.91684,7.4794,71.787
-4.229,0.19118,0,0.85048,7.042,73.762
-4.229,0.27623,0,0.83991,6.5957,73.915
-4.229,0.36022,0,0.8388,6.141,74.084
-4.229,0.4441,0,0.86249,5.6779,74.306
-4.229,0.53035,0,0.92303,5.2062,74.61
-4.229,0.62265,0,-8.8,4.7257,54.369
-3.6172,0,0.93868,-8.8,4.5176,49.866
-3.6172,0,0,-8.8,4.1999,51.838
-3.4329,0,1.3735,-8.8,3.8907,48.574
-3.4329,0,0,-8.8,3.5914,51.461
-3.4329,0,0,-8.8,3.2921,51.461
-3.4329,0,0,-8.8,2.9928,51.461
-3.4329,0,0,-8.8,2.6935,51.461
-2.2992,0,3.14,-8.8,2.6291,42.538
-2.2992,0,0,-8.8,2.4432,49.136
-2.2992,0,0,-8.8,2.2573,49.136
-2.2992,0,0,-8.8,2.0714,49.136
-2.2992,0,0,-8.8,1.8855,49.136
-2.2992,0,0,-8.8,1.6995,49.136
-2.2992,0,0,-8.8,1.5136,49.136
-0.42703,0,2.263,-8.8,2.0361,40.543
-0.42703,0,0,-8.8,2.0374,45.298
-0.42703,0,0,-8.8,2.0387,45.298
-0.42703,0,0,-8.8,2.04,45.298
0.39579,0,1.557,-8.8,2.2045,0
0.39579,0,0,-8.8,2.288,0
0.39579,0,0,-8.8,2.3716,0
0.39579,0,0,-8.8,2.4552,0
0.39579,0,0,-8.8,2.5388,0
0.39579,0,0,-8.8,2.6224,0
0.39579,0,0,-8.8,2.7059,0
0.39579,0,0,-8.8,2.7895,0
0.39579,0,0,-8.8,2.8731,0
0.39579,0,0,-8.8,2.9567,0
0.39579,0,0,-8.8,3.0402,0
0.39579,0,0,-8.8,3.1238,0
2.5274,0,0.96001,-8.8,4.4605,0
2.5274,0,0,-8.8,4.7572,0
2.5274,0,0,-0.23477,5.0539,0
2.6506,0,-0.7157,-0.7157,5.3334,0
2.6506,0,0,-1.1749,5.6021,0
2.6506,0,0,-1.5618,5.873,0
2.288,0,-1.7425,-1.7425,6.1134,0
2.288,0,0,-1.9144,6.351,0
2.288,0,0,-1.7751,6.5893,0
2.288,0,0,-1.7491,6.827,0
2.288,0,0,-1.9437,7.0646,0
2.288,0,0,-2.0893,7.3031,0
1.1919,0,-1.9192,-1.9192,7.2215,0
0.99618,0,-2.0639,-2.0639,7.3456,0
0.99618,0,0,-2.0893,7.4556,0
0.99618,0,0,-1.836,7.5657,0
0.99618,0,0,-1.5623,7.6745,0
0.99618,0,0,-1.4484,7.7819,0
0.99618,0,0,-1.2103,7.8887,0
0.99618,0,0,-0.8748,7.9944,0
0.99618,0,0,-0.55577,8.0984,0
0.99618,0,0,-0.37861,8.2008,0
-0.17709,0,-0.29071,-0.29071,7.6527,1.0256
-0.17709,0,0,-0.20873,7.6364,0.58703
-0.20922,0,-0.087956,-0.087956,7.6045,1.0915
-0.20922,0,0,-0.0040117,7.5841,1.083
-0.20922,0,0,0.077479,7.5632,1.2543
-0.20922,0.0077479,0,0.12015,7.5418,1.3598
-0.20922,0.019763,0,0.12198,7.5196,1.3883
-0.20922,0.031961,0,0.10283,7.496,1.3731
-0.19941,0.042244,0.15928,0.15928,7.4899,1.158
-0.19941,0.058173,0,0.21923,7.4649,1.6513
-0.16651,0.080096,0.31044,0.31044,7.4431,1.1681
-0.16651,0.11114,0,0.34313,7.4169,1.9528
-0.16651,0.14545,0,0.33961,7.3874,2.0157
-0.16651,0.17941,0,0.29823,7.3545,1.9984
-0.16651,0.20924,0,0.23667,7.3184,1.9302
-0.16651,0.23291,0,0.14937,7.2797,1.7953
-0.16651,0.24784,0,0.072289,7.239,1.6639
-0.16651,0.25507,0,0.0029109,7.1972,1.5329
-0.16651,0.25536,0,-0.050167,7.155,1.422
-0.0084973,0.25035,-0.066067,-0.066067,7.2197,1.1932
-0.0084973,0.24374,0,-0.11287,7.1942,0.94249
-0.0084973,0.23245,0,-0.13449,7.1695,0.87394
-0.0084973,0.219,0,-0.15021,7.1461,0.81333
-0.0084973,0.20398,0,-0.15883,7.1241,0.76443
-0.0084973,0.1881,0,-0.15548,7.1036,0.73891
-0.0084973,0.17255,0,-0.16006,7.0847,0.6974
-0.0084973,0.15654,0,-0.14575,7.0674,0.69467
-0.0084973,0.14197,0,-0.16912,7.0517,0.61568
-0.0084973,0.12506,0,-0.21215,7.0375,0.4906
-0.17171,0.10384,-0.27648,-0.27648,6.9463,1.2275
-0.1928,0.076195,-0.30725,-0.30725,6.9233,1.214
-0.1928,0.04547,0,-0.30901,6.8979,0.50173
-0.1928,0.014569,0,-0.29075,6.8756,0.47674
-0.1928,0,0,-0.22059,6.8564,0.59429
-0.1928,0,0,-0.069568,6.8382,0.91164
-0.1928,0,0,0.028345,6.8192,1.1174
-0.1928,0.0028345,0,-0.0087486,6.7998,1.0452
-0.1928,0.0019597,0,-0.072942,6.7803,0.90857
-0.1928,0,0,-0.13963,6.7612,0.76441
-0.1928,0,0,-0.29525,6.7426,0.43742
-0.1928,0,0,-0.41628,6.7248,0.18311
-0.1928,0,0,-0.44485,6.7076,0.12307
-0.1928,0,0,-0.41372,6.6906,0.18849
-0.1928,0,0,-0.40037,6.6733,0.21655
-0.1928,0,0,-0.40056,6.6561,0.21614
-0.1928,0,0,-0.39811,6.6388,0.22129
-0.1928,0,0,-0.40141,6.6215,0.21436
-0.67727,0,-0.41484,-0.41484,6.2624,2.051
-0.67727,0,0,-0.44165,6.1968,1.123
-0.67727,0,0,-0.42994,6.1312,1.1476
-0.67727,0,0,-0.44038,6.0657,1.1256
-0.67727,0,0,-0.45154,6.0001,1.1022
-0.67727,0,0,-0.52925,5.9347,0.93891
-0.67727,0,0,-0.60059,5.8696,0.789
-0.67727,0,0,-0.72004,5.8049,0.53802
-0.67727,0,0,-0.84358,5.7407,0.27842
-0.67727,0,0,-0.90029,5.6772,0.15927
-1.2647,0,-0.88346,-0.88346,5.3865,3.2553
-1.2647,0,0,-0.95862,5.2645,1.241
-1.2647,0,0,-1.0202,5.1428,1.1116
-1.5576,0,-1.0609,-8.8,4.9873,0
-1.6687,0,-1.1746,-8.8,4.8775,0
-1.6687,0,0,-8.8,4.7547,0
-1.6687,0,0,-8.8,4.6318,0
-1.6687,0,0,-8.8,4.5089,0
-1.6687,0,0,-8.8,4.386,0
-1.6687,0,0,-8.8,4.2632,0
-2.3696,0,-1.0532,-8.8,3.9113,0
-2.3696,0,0,-8.8,3.7184,0
-2.3696,0,0,-8.8,3.5254,0
-2.3696,0,0,-8.8,3.3324,0
-2.8066,0,-1.0794,-8.8,3.0682,0
-2.8066,0,0,-8.8,2.8315,0
-2.8066,0,0,-8.8,2.5949,0
-2.8066,0,0,-8.8,2.3582,0
-2.8066,0,0,-8.8,2.1216,0
-2.8066,0,0,-8.8,1.8849,0
-3.4293,0,-0.85566,-8.8,1.4774,0
-3.4293,0,0,-8.8,1.1784,0
-3.5868,0,-0.69368,-8.8,0.85496,0
-3.5868,0,0,-12.782,0.54028,0
-3.6984,0,-0.44098,-29.957,0.2317,0
-3.6984,0,0,-607.35,0.011652,0
-3.7914,0,-0.14827,-8.8,2.6649,0
-3.7914,0,0,-8.8,2.3298,0
-3.7914,0,0,-8.8,1.9946,0
-3.7914,0,0,-8.8,1.6595,0
-3.7695,0,0.5591,-8.8,1.3127,0
-3.7695,0,0,-8.8,0.97973,0
-3.6148,0,1.2542,-8.8,0.67059,0
-3.4992,0,1.6743,-15.513,0.35621,0
-3.4992,0,0,-59.463,0.083853,0
-3.4992,0,0,-68.909,0.031245,0
-3.4992,0,0,-42.941,0.025868,0
-3.4992,0,0,-201.82,-0.10935,0
-2.868,0,-0.67982,-8.8,0.73966,0
-2.868,0,0,-10.288,0.49686,0
-3.0798,0,-2.1089,-22.454,0.2331,0
-3.2856,0,-2.4458,-263.05,0.020712,0
-3.2856,0,0,-8.8,1.0074,0
-3.7958,0,-2.4416,-13.188,0.67035,0
-3.7958,0,0,-26.228,0.35671,0
-3.7958,0,0,-194.77,0.10827,0
-3.7958,0,0,-19.528,0.70254,0
-3.7958,0,0,-52.964,0.4206,0
-4.904,0,-2.072,9.8,1,35.662
-4.904,0.98,0,-43.702,0.4606,0
-4.904,0,0,-302.66,0.090702,0
-4.904,0,0,-10.921,1.1136,0
-4.904,0,0,-19.293,0.6778,0
-4.904,0,0,-61.392,0.28386,0
-4.904,0,0,-336.46,0.10042,0
-4.904,0,0,-8.8,1.2923,0
-2.7099,0,1.2177,-8.8,1.0628,0
-2.7099,0,0,-8.8,0.83576,0
-2.7099,0,0,-8.8,0.60877,0
-2.7099,0,0,-8.8,0.38178,0
-2.7099,0,0,-12.372,0.15479,0
-2.7099,0,0,-56.213,-0.054341,0
-2.7099,0,0,-32.077,-0.044267,0
-2.7099,0,0,-705.56,-0.15487,0
-2.7099,0,0,-8.8,3.1019,0
-2.7099,0,0,-8.8,2.8749,0
-2.7099,0,0,-8.8,2.6479,0
-3.1603,0,-3.0107,-8.8,2.5573,0
-3.1603,0,0,-8.8,2.2853,0
-3.1603,0,0,-8.8,2.0133,0
-3.1603,0,0,-8.8,1.7412,0
-3.1603,0,0,-9.7166,1.4692,0
-3.1603,0,0,-14.22,1.2017,0
-3.1603,0,0,-26.984,0.9568,0
-3.1603,0,0,-127.26,0.77568,0
-4.8356,0,-0.035738,-46.105,0.25378,0
-4.8356,0,0,-1408.2,0.00074623,0
-4.8356,0,0,1.1854,6.5581,13.066
-4.8356,0.11854,0,1.0497,6.0686,13.024
-4.8356,0.2235,0,0.97296,5.5679,13.078
-4.8356,0.3208,0,-8.8,5.0572,0
-4.8356,0,0,-8.8,4.5855,0
-4.8356,0,0,-8.8,4.1459,0
-4.8356,0,0,-8.8,3.7064,0
-4.8356,0,0,-8.8,3.2668,0
-4.8356,0,0,-8.8,2.8273,0
-4.8356,0,0,-8.8,2.3877,0
-4.8356,0,0,-8.8,1.9481,0
-3.7992,0,0.87715,-8.8,2.1759,0
-3.7992,0,0,-8.8,1.84,0
-3.7992,0,0,-8.8,1.5041,0
-3.5053,0,1.16,-8.8,1.2169,0
-3.5053,0,0,-8.8,0.91036,0
-3.5053,0,0,-8.8,0.60383,0
-3.5053,0,0,-13.353,0.2973,0
-2.9997,0,1.4728,-49.169,0.088845,0
-2.8526,0,1.6671,-120.36,0.033342,0
-2.8526,0,0,-8.8,0.3499,0
-2.8526,0,0,-18.23,0.10864,0
-2.8526,0,0,9.8,0.91921,27.103
-2.8526,0.98,0,-8.8,0.58494,0
-2.8526,0.1,0,-8.8,0.24568,0
-2.8526,0,0,-8.8,-0.0055846,0
-1.6171,0,0.47676,-8.8,0.21858,0
-1.6171,0,0,-13.01,0.10087,0
-1.5895,0,-0.52694,-112.71,0.011261,0
-1.5895,0,0,-8.8,0.41585,0
-1.5895,0,0,-8.8,0.3009,0
-1.5895,0,0,-10.985,0.18594,0
-1.5895,0,0,-63.602,0.081913,0
-1.5895,0,0,-15.465,0.24097,0
-1.5895,0,0,-664.77,0.15934,0
-1.5895,0,0,-8.8,3.3242,0
-1.5895,0,0,-8.8,3.2093,0
-1.5895,0,0,-8.8,3.0943,0
-1.5895,0,0,-8.8,2.9794,0
-2.1746,0,0.60044,-8.8,2.406,0
-2.1746,0,0,-8.8,2.2326,0
-2.1746,0,0,-8.8,2.0591,0
-2.1746,0,0,-8.8,1.8857,0
-2.1746,0,0,-8.8,1.7122,0
-2.1746,0,0,-8.8,1.5387,0
-2.1746,0,0,-8.8,1.3653,0
-2.1746,0,0,-8.8,1.1918,0
-2.1746,0,0,-8.8,1.0184,0
-2.1746,0,0,-8.8,0.8449,0
-2.1746,0,0,-8.8,0.67144,0
-2.1746,0,0,-8.8,0.49798,0
-2.1746,0,0,-8.8,0.32452,0
-2.1746,0,0,-8.8,0.15107,0
-2.1746,0,0,-8.8,-0.022393,0
-1.8399,0,-0.088672,-8.8,0.22693,0
-1.8531,0,-0.05579,-18.927,0.090986,0
-1.8597,0,-0.073651,-192.54,0.0089845,0
-1.8597,0,0,-8.8,0.7857,0
-1.8597,0,0,-8.8,0.64374,0
-1.9019,0,-0.4437,-8.8,0.47912,0
-1.9019,0,0,-8.8,0.33293,0
-1.9019,0,0,-11.349,0.18674,0
-1.9019,0,0,-55.888,0.053295,0
-1.9019,0,0,-21.05,0.14255,0
-1.9019,0,0,-873.84,0.057606,0
-1.9019,0,0,-8.8,4.2366,0
-1.9019,0,0,-8.8,4.0904,0
-1.9019,0,0,-8.8,3.9442,0
-2.6949,0,-1.3679,-8.8,3.4942,0
-2.6949,0,0,-8.8,3.2687,0
-2.967,0,-1.4818,-8.8,3.0335,0
-2.967,0,0,-8.8,2.7808,0
-2.967,0,0,-8.8,2.5281,0
-3.2462,0,0.029232,-8.8,2.2163,0
-3.2462,0,0,-8.8,1.9357,0
-3.1811,0,1.0471,-8.8,1.6585,0
-3.1811,0,0,-8.8,1.3844,0
-3.1811,0,0,-8.8,1.1103,0
-2.8981,0,0.85051,-8.8,0.87408,0
-2.8981,0,0,-8.8,0.62827,0
-2.7265,0,0.69063,-8.8,0.3975,0
-2.7265,0,0,-19.324,0.16885,0
-2.7265,0,0,-1577.5,-0.0071769,0
-2.7265,0,0,0.77339,7.6076,7.877
-2.7265,0.077339,0,0.80459,7.3311,8.1011
-2.7265,0.1578,0,0.77012,7.0467,8.1936
-2.7265,0.23481,0,0.76242,6.7544,8.3353
-2.7265,0.31105,0,0.74804,6.4545,8.4614
-2.1133,0.38586,0.75447,0.75447,6.3567,5.7858
-2.0475,0.4613,0.78901,0.78901,6.1129,5.8056
-2.0475,0.5402,0,0.77053,5.8581,7.5864
-2.0475,0.61726,0,0.77625,5.5954,7.7564
-2.0475,0.69488,0,0.78743,5.3251,7.939
-2.0475,0.77362,0,-8.8,5.0469,0
-2.0475,0,0,-8.8,4.8088,0
-2.0475,0,0,-8.8,4.6481,0
-2.0475,0,0,-8.8,4.4873,0
-2.0475,0,0,-8.8,4.3266,0
-2.0475,0,0,-8.8,4.1658,0
-2.0475,0,0,-8.8,4.0051,0
-2.0475,0,0,-8.8,3.8443,0
-2.0475,0,0,-8.8,3.6836,0
-2.0475,0,0,-8.8,3.5228,0
-2.0475,0,0,-8.8,3.3621,0
-2.0475,0,0,-8.8,3.2013,0
-2.0475,0,0,-8.8,3.0406,0
-2.0475,0,0,-8.8,2.8798,0
