0,0,-0.083932,0,35.5,0.17636
0,0,0,7.8,35.5,59.103
0,0.78,0,7.8,35.461,63.94
0,1.56,0,7.8,35.344,68.834
0,2.34,0,7.8,35.149,73.779
0,3.12,0,7.8,34.876,78.774
0,3.9,0,7.8,34.525,83.814
-0.052172,4.68,-0.092999,7.8,34.096,85.716
-0.052172,5.46,0,7.8,33.584,87.119
-0.052172,6.24,0,6.7,32.994,86.407
-0.052172,6.91,0,6.7,32.331,87.78
-0.052172,7.58,0,6.7,31.601,89.154
-0.052172,8.25,0,-0.44206,30.805,75.52
-0.052172,8.2058,0,-0.45789,29.977,75.396
-0.052172,8.16,0,-0.47455,29.153,75.267
-0.12424,8.1125,-0.086785,-0.49207,28.32,75.463
-0.12424,8.0633,0,-0.51016,27.499,75.142
-0.12424,8.0123,0,-0.52932,26.683,74.997
-0.12424,7.9594,0,-0.55006,25.872,74.845
-0.12424,7.9044,0,-0.57205,25.066,74.686
-0.12424,7.8472,0,-0.59539,24.266,74.52
-0.12424,7.7876,0,-0.62008,23.472,74.346
-0.1713,7.7256,-0.10004,-0.64666,22.657,74.47
-0.1713,7.661,0,-0.67411,21.871,74.069
-0.1713,7.5936,0,-0.70465,21.091,73.867
-0.1713,7.5231,0,-0.73605,20.318,73.656
-0.1713,7.4495,0,-0.76975,19.552,73.435
-0.1713,7.3725,0,-0.80473,18.794,73.203
-0.1713,7.292,0,-0.84359,18.043,72.957
-0.1713,7.2077,0,-0.88532,17.301,72.696
-0.1713,7.1191,0,-0.9288,16.568,72.423
-0.24679,7.0263,-0.095863,-0.97487,15.795,72.492
-0.24679,6.9288,0,-1.0247,15.073,71.986
-0.24679,6.8263,0,-1.0765,14.36,71.667
-0.25965,6.7187,-0.093247,-1.1346,13.645,71.547
-0.25965,6.6052,0,-1.1977,12.953,70.986
-0.25965,6.4854,0,-1.2644,12.272,70.6
-0.30651,6.359,-0.097948,-1.3369,11.59,70.49
-0.30651,6.2253,0,-1.4112,10.93,69.854
-0.30651,6.0842,0,-1.4885,10.284,69.403
-0.32291,5.9353,-0.097731,-1.5759,9.6513,69.153
-0.33544,5.7777,-0.095611,-1.671,9.023,68.651
-0.33928,5.6106,-0.093277,-1.7675,8.4159,68.109
-0.33928,5.4339,0,-1.8716,7.8297,67.332
-0.33928,5.2467,0,-8.8,7.2617,52.39
-0.33928,4.3667,0,-8.8,6.7471,50.586
-0.35872,3.4867,-0.087397,-8.8,6.2984,49.005
-0.35872,2.6067,0,-8.8,5.9578,47.018
-0.35872,1.7267,0,-8.8,5.7053,45.214
-0.35872,0.84673,0,-0.090893,5.5407,61.71
-0.35872,0.83764,0,-0.089241,5.4206,61.694
-0.35872,0.82872,0,-8.8,5.3014,43.373
-0.35872,0,0,-0.091108,5.2267,59.973
-0.43148,0,-0.099781,-0.099781,5.1848,60.314
-0.43148,0,0,-0.10027,5.1421,60.103
-0.45933,0,-0.0045558,-0.0045558,5.107,60.371
-0.45933,0,0,0.14893,5.0611,60.684
-0.45933,0.014893,0,-8.8,5.0145,41.911
-0.45933,0,0,-8.8,5.011,41.88
-0.45933,0,0,0.66549,5.0091,61.769
-0.28697,0.066549,0.71983,-8.8,4.9658,40.151
-0.21707,0,0.70774,-8.8,4.9818,39.896
-0.21707,0,0,0.66299,5.0041,61.268
-0.21707,0.066299,0,-8.8,4.979,41.519
-0.21707,0,0,0.55577,4.9947,61.042
0.029546,0.055577,0.51138,0.51138,5.0288,0.053703
0.07257,0.10672,0.47288,-8.8,5.0353,0
0.11883,0,0.44456,0.44456,5.0687,0
0.11883,0.044456,0,0.41414,5.0784,1.0506
0.11883,0.085869,0,0.39001,5.0837,1.0782
0.11883,0.12487,0,0.37274,5.0851,1.1248
0.11883,0.16214,0,0.35585,5.0826,1.168
0.11883,0.19773,0,0.33505,5.0765,1.1914
0.11883,0.23123,0,0.34136,5.0669,1.3124
0.11883,0.26537,0,0.3964,5.054,1.635
0.11883,0.30501,0,0.53291,5.0373,2.3669
0.46904,0.3583,0.80982,-8.8,5.1768,0
0.46904,0,0,1.219,5.2319,3.6417
0.46904,0.1219,0,1.6406,5.2727,6.8938
0.46904,0.28597,0,2.0026,5.2992,10.397
0.46904,0.48623,0,2.2308,5.3075,13.293
0.46904,0.7093,0,2.2177,5.2946,14.345
1.4556,0.93107,1.9261,4.9,5.5088,13.256
1.4556,1.4211,0,-8.8,5.5368,0
1.4556,0.54107,0,1.0634,5.5843,1.2083
1.4556,0.64741,0,0.52402,5.6704,0
1.4556,0.69981,0,0.04776,5.7486,0
1.4556,0.70459,0,-0.32889,5.824,0
1.9448,0.6717,-0.69285,-0.69285,6.1101,0
1.9448,0.60242,0,-0.99622,6.2409,0
1.9448,0.5028,0,-1.2288,6.3801,0
1.9448,0.37991,0,-1.4345,6.5304,0
1.9448,0.23647,0,-1.6082,6.6941,0
1.9448,0.075651,0,-1.7497,6.873,0
1.9448,0,0,-1.8567,7.0686,0
1.9448,0,0,-1.9221,7.2724,0
0.78928,0,-1.9584,-1.9584,7.1103,0
0.5926,0,-1.946,-1.946,7.1936,0
0.5926,0,0,-1.8985,7.2626,0
0.5926,0,0,-1.75,7.3313,0
0.5926,0,0,-1.5206,7.3993,0
0.5926,0,0,-1.2913,7.4662,0
0.5926,0,0,-1.0768,7.5319,0
0.5926,0,0,-0.72675,7.5966,0
-0.43393,0,-0.40835,-0.40835,7.2506,1.1136
-0.46507,0,-0.15713,-0.15713,7.2144,1.1775
-0.46507,0,0,0.078827,7.1687,1.3431
-0.46507,0.0078827,0,0.28396,7.1218,1.7903
-0.46507,0.036279,0,0.35953,7.0731,2.0073
-0.46507,0.072231,0,0.40185,7.0211,2.17
-0.46507,0.11242,0,0.42437,6.9654,2.2997
-0.46507,0.15485,0,0.4669,6.9055,2.476
-0.46507,0.20154,0,0.69023,6.8412,3.041
-0.46507,0.27057,0,1.0766,6.7711,3.9943
-0.082167,0.37822,1.5895,1.5895,6.7733,1.1679
-0.082167,0.53717,0,2.1257,6.7193,5.9603
-0.082167,0.74974,0,2.6259,6.6467,7.4473
0.55845,1.0123,2.9305,-0.031314,6.6465,7.088
0.55845,1.0092,0,-0.011175,6.6012,1.0056
0.55845,1.0081,0,1.691,6.5562,11.021
0.55845,1.1772,0,2.3945,6.5028,17.962
0.55845,1.4166,0,2.0079,6.429,15.779
2.0004,1.6174,2.6869,2.009,6.7155,0
2.0004,1.8183,0,1.9797,6.7437,10.22
2.0004,2.0163,0,1.9182,6.752,10.702
2.0004,2.2081,0,1.9599,6.7408,11.996
2.0004,2.4041,0,1.9782,6.7103,13.146
2.0004,2.6019,0,1.9756,6.66,14.147
2.0004,2.7995,0,1.9697,6.59,15.132
2.0004,2.9964,0,1.956,6.5002,16.057
2.0004,3.1921,0,1.9317,6.3908,16.888
2.0004,3.3852,0,1.9223,6.262,17.849
2.0004,3.5774,0,1.9033,6.1139,18.727
2.0004,3.7678,0,1.8716,5.9467,19.484
5.3257,3.9549,2.5905,1.8409,7.7776,0
5.5874,4.139,2.6057,1.8315,7.9169,0
5.5874,4.3222,0,1.835,8.0525,4.232
5.5874,4.5057,0,1.8268,8.1699,4.9553
5.5874,4.6883,0,1.8258,8.2689,5.7407
5.5874,4.8709,0,1.8223,8.3497,6.526
5.5874,5.0531,0,1.8161,8.4122,7.3061
5.5874,5.2348,0,1.8032,8.4566,8.0486
5.5874,5.4151,0,1.7901,8.4828,8.7956
5.5874,5.5941,0,1.7759,8.4911,9.5379
5.5874,5.7717,0,1.7613,8.4815,10.281
5.5874,5.9478,0,1.7461,8.4543,11.022
5.5874,6.1224,0,1.7286,8.4095,11.746
8.4911,6.2953,2.2175,1.7223,10.167,0
8.7122,6.4675,2.1925,1.7158,10.391,0
8.7122,6.6391,0,1.7026,10.606,0.37776
8.7122,6.8093,0,1.6959,10.805,0.93947
9.3493,6.9789,2.2037,1.6891,11.077,0
9.3493,7.1478,0,1.6885,11.306,0
9.7885,7.3167,2.1669,1.6927,11.575,0
9.7885,7.486,0,1.6863,11.814,0
9.7885,7.6546,0,1.6914,12.035,0.11602
9.7885,7.8237,0,1.6917,12.24,0.69925
9.7885,7.9929,0,1.6837,12.428,1.2603
10.84,8.1613,1.8594,1.6798,12.872,0
10.84,8.3292,0,1.6649,13.132,0
10.84,8.4957,0,1.6476,13.374,0
10.84,8.6605,0,1.6224,13.6,0
10.84,8.8227,0,1.5939,13.81,0.044885
10.84,8.9821,0,1.5722,14.004,0.47525
10.84,9.1393,0,1.5548,14.182,0.93066
10.84,9.2948,0,1.5393,14.344,1.4013
10.84,9.4487,0,1.5146,14.491,1.8278
10.84,9.6002,0,1.4932,14.622,2.271
10.84,9.7495,0,1.4667,14.739,2.6856
10.84,9.8962,0,1.4349,14.841,3.0649
10.84,10.04,0,1.4145,14.928,3.5042
10.84,10.181,0,1.3867,15.001,3.8977
10.84,10.32,0,1.362,15.06,4.303
10.84,10.456,0,1.3399,15.105,4.72
10.84,10.59,0,1.3211,15.136,5.1543
13.231,10.722,1.0718,1.3047,17.401,0
13.231,10.853,0,1.2871,17.646,0
13.231,10.981,0,1.2687,17.877,0
13.231,11.108,0,1.2503,18.096,0
13.231,11.233,0,1.2328,18.302,0
13.762,11.356,1.0459,1.2083,18.643,0
13.762,11.477,0,1.1901,18.878,0
13.762,11.596,0,1.1793,19.1,0
14.093,11.714,1.2305,1.1723,19.341,0
14.093,11.831,0,1.166,19.573,0
14.093,11.948,0,1.1681,19.794,0
14.484,12.065,1.3458,1.1718,20.052,0
14.484,12.182,0,1.1747,20.288,0
14.484,12.3,0,1.1745,20.513,0
14.484,12.417,0,1.1803,20.725,0
14.484,12.535,0,1.1886,20.926,0
14.484,12.654,0,1.193,21.115,0
14.484,12.773,0,1.2,21.292,0
14.484,12.893,0,1.2091,21.457,0
14.484,13.014,0,1.2157,21.61,0.10794
14.484,13.136,0,1.2204,21.751,0.51304
15.903,13.258,1.3835,1.2186,22.617,0
15.903,13.38,0,1.2246,22.875,0
16.19,13.502,1.364,1.2268,23.167,0
16.19,13.625,0,1.23,23.43,0
16.19,13.748,0,1.2287,23.68,0
16.19,13.871,0,1.2257,23.918,0
16.19,13.993,0,1.2265,24.144,0
16.19,14.116,0,1.2193,24.357,0
16.19,14.238,0,1.2202,24.559,0
16.19,14.36,0,1.2149,24.748,0
16.19,14.481,0,1.21,24.925,0
16.19,14.602,0,1.2077,25.09,0
16.19,14.723,0,1.2004,25.242,0.052884
17.598,14.843,1.2097,1.1961,26.158,0
17.598,14.963,0,1.1911,26.427,0
17.598,15.082,0,1.1831,26.685,0
17.598,15.2,0,1.1746,26.93,0
17.598,15.318,0,1.1722,27.164,0
17.598,15.435,0,1.17,27.386,0
18.298,15.552,1.1175,1.1649,27.812,0
18.298,15.668,0,1.1581,28.081,0
18.298,15.784,0,1.1535,28.338,0
18.298,15.899,0,1.145,28.584,0
18.298,16.014,0,1.1361,28.818,0
18.298,16.127,0,1.1332,29.04,0
18.298,16.241,0,1.1301,29.252,0
18.298,16.354,0,1.1292,29.452,0
18.298,16.467,0,1.125,29.641,0
18.298,16.579,0,1.1201,29.818,0
18.298,16.691,0,1.1159,29.985,0
18.298,16.803,0,1.1065,30.14,0
18.298,16.914,0,1.0995,30.284,0
18.298,17.023,0,1.0915,30.417,0.18577
18.298,17.133,0,1.0835,30.539,0.48941
18.298,17.241,0,1.0716,30.65,0.78069
19.991,17.348,0.86299,1.0627,32.154,0
19.991,17.454,0,1.0506,32.413,0
19.991,17.559,0,1.0361,32.661,0
19.991,17.663,0,1.0264,32.899,0
20.315,17.766,0.77402,1.0135,33.2,0
20.315,17.867,0,0.99917,33.449,0
20.315,17.967,0,0.98841,33.689,0
20.315,18.066,0,0.97597,33.919,0
20.315,18.163,0,0.96482,34.139,0
20.704,18.26,0.90659,0.95928,34.452,0
20.704,18.356,0,0.95608,34.692,0
20.704,18.451,0,0.9507,34.922,0
20.704,18.546,0,0.94661,35.142,0
20.704,18.641,0,0.9406,35.353,0
20.704,18.735,0,0.9386,35.555,0
20.704,18.829,0,0.9336,35.747,0
20.704,18.922,0,0.92611,35.93,0
20.704,19.015,0,0.91934,36.103,0
20.704,19.107,0,0.91342,36.268,0
21.557,19.198,0.62455,0.90472,36.874,0
21.622,19.289,0.43569,0.89272,37.113,0
21.622,19.378,0,0.87044,37.341,0
21.622,19.465,0,0.8421,37.561,0
21.622,19.549,0,0.8122,37.773,0
21.622,19.631,0,0.77603,37.976,0
21.622,19.708,0,0.73377,38.171,0
21.622,19.782,0,0.69541,38.359,0
21.589,19.851,-0.10578,0.65597,38.555,0
21.589,19.917,0,0.62311,38.725,0
21.589,19.979,0,0.60087,38.889,0
21.598,20.039,0.41539,0.58535,39.026,0
21.598,20.098,0,0.57637,39.178,0
21.598,20.155,0,0.57186,39.326,0
21.598,20.212,0,0.57078,39.467,0
21.798,20.269,0.54613,0.571,39.636,0
21.85,20.327,0.5221,0.56841,39.794,0
21.85,20.383,0,0.56309,39.944,0
21.85,20.44,0,0.55934,40.087,0
21.85,20.496,0,0.55646,40.226,0
21.85,20.551,0,0.55108,40.358,0
21.85,20.606,0,0.54785,40.485,0
21.85,20.661,0,0.54339,40.607,0
21.85,20.716,0,0.54056,40.723,0
21.85,20.77,0,0.53325,40.834,0
21.85,20.823,0,0.52937,40.939,0
21.85,20.876,0,0.52463,41.039,0
21.85,20.928,0,0.51915,41.134,0
21.85,20.98,0,0.51259,41.224,0
22.42,21.032,0.45731,0.51034,41.701,0
22.42,21.083,0,0.50602,41.838,0
22.499,21.133,0.40167,0.50099,41.989,0
22.499,21.183,0,0.49579,42.123,0
22.499,21.233,0,0.48827,42.252,0
22.499,21.282,0,0.48014,42.377,0
22.622,21.33,0.36603,0.47187,42.521,0
22.622,21.377,0,0.46688,42.648,0
22.701,21.424,0.39531,0.46573,42.79,0
22.701,21.47,0,0.46008,42.916,0
22.701,21.516,0,0.45917,43.037,0
22.823,21.562,0.43804,0.45828,43.18,0
22.823,21.608,0,0.45522,43.304,0
22.823,21.653,0,0.45721,43.423,0
22.823,21.699,0,0.45373,43.537,0
22.992,21.744,0.38881,0.4519,43.671,0
22.992,21.79,0,0.45,43.793,0
22.992,21.835,0,0.44329,43.911,0
23.084,21.879,-0.058661,0.43503,44.038,0
23.084,21.923,0,0.41489,44.157,0
23.084,21.964,0,0.38829,44.271,0
23.084,22.003,0,0.35778,44.381,0
23.084,22.039,0,0.33095,44.487,0
23.084,22.072,0,0.30193,44.59,0
23.084,22.102,0,0.27197,44.689,0
23.084,22.129,0,0.24483,44.786,0
23.084,22.154,0,0.21647,44.881,0
23.084,22.175,0,0.18876,44.973,0
23.084,22.194,0,0.16462,45.062,0
23.084,22.211,0,0.14717,45.151,0
23.084,22.225,0,0.129,45.237,0
23.084,22.238,0,0.1144,45.322,0
23.084,22.25,0,0.10829,45.406,0
23.084,22.26,0,0.10475,45.489,0
23.084,22.271,0,0.10468,45.571,0
23.084,22.281,0,0.10544,45.652,0
22.6,22.292,0.196,0.11016,45.173,0
22.6,22.303,0,0.11456,45.204,0
22.6,22.314,0,0.11887,45.233,0
22.6,22.326,0,0.12301,45.261,0
22.6,22.339,0,0.11809,45.287,0
22.6,22.35,0,0.076339,45.313,0
22.6,22.358,0,-0.000685,45.337,0
22.6,22.358,0,-0.02826,45.362,0
22.6,22.355,0,-0.065594,45.386,0
22.6,22.349,0,-0.11022,45.411,0
22.6,22.338,0,-0.15022,45.436,0
22.6,22.323,0,-0.18281,45.463,0
22.6,22.304,0,-0.2093,45.492,0
22.6,22.283,0,-0.23133,45.522,0
19.336,22.26,-2.8402,-0.25122,43.996,63.736
19.336,22.235,0,-0.2759,43.705,7.9936
19.336,22.207,0,-0.30354,43.416,7.7097
18.459,22.177,-2.4701,-0.33044,42.996,55.707
18.459,22.144,0,-0.35372,42.625,10.834
18.459,22.109,0,-0.37273,42.259,10.545
18.459,22.071,0,-0.38599,41.896,10.289
18.459,22.033,0,-0.39795,41.536,10.04
18.459,21.993,0,-0.40748,41.181,9.8032
18.459,21.952,0,-0.41495,40.829,9.5784
18.459,21.911,0,-0.41986,40.482,9.3693
18.459,21.869,0,-0.42279,40.139,9.1725
18.459,21.827,0,-0.42234,39.8,8.9978
17.717,21.784,0.44957,-0.41931,38.839,8.7402
17.758,21.742,0.44821,-0.41717,38.428,8.4449
17.758,21.701,0,-0.41521,38.031,11.553
17.758,21.659,0,-0.41097,37.639,11.396
17.758,21.618,0,-0.40606,37.251,11.246
17.959,21.577,0.63529,-0.40173,36.901,6.1956
17.959,21.537,0,-0.39681,36.541,10.065
18.089,21.498,0.73765,-0.38901,36.202,5.1399
18.089,21.459,0,-0.3803,35.863,9.2809
18.248,21.421,0.70683,-0.37192,35.533,4.6414
18.319,21.383,0.70032,-0.36379,35.224,4.3902
18.319,21.347,0,-0.35655,34.92,8.0139
18.452,21.311,0.81006,-0.34806,34.618,3.5322
18.452,21.277,0,-0.33796,34.333,7.3124
18.452,21.243,0,-0.3268,34.053,7.2458
18.452,21.21,0,-0.31447,33.775,7.1907
18.452,21.179,0,-0.3029,33.501,7.1359
18.452,21.148,0,-0.29131,33.23,7.0858
18.96,21.119,0.78254,-0.28017,33.104,2.1929
19.035,21.091,0.74009,-0.26929,32.889,2.0937
19.035,21.064,0,-0.25927,32.685,4.7784
19.035,21.038,0,-0.24862,32.483,4.7417
19.035,21.014,0,-0.23763,32.284,4.7104
19.035,20.99,0,-0.22562,32.088,4.6882
19.035,20.967,0,-0.21476,31.893,4.6644
19.035,20.946,0,-0.20393,31.701,4.6441
19.035,20.925,0,-0.19257,31.511,4.6304
19.035,20.906,0,-0.17894,31.323,4.6322
19.035,20.888,0,-0.16661,31.137,4.6321
19.035,20.872,0,-0.15236,30.952,4.6463
19.035,20.856,0,-0.13772,30.77,4.6677
19.035,20.843,0,-0.12261,30.588,4.6968
19.035,20.83,0,-0.10875,30.408,4.7251
19.035,20.819,0,-0.095424,30.229,4.7557
19.035,20.81,0,-0.083257,30.051,4.7852
19.035,20.802,0,-0.071797,29.874,4.8155
19.035,20.794,0,-0.060328,29.698,4.8502
19.035,20.788,0,-0.047055,29.522,4.8989
20.548,20.784,0.84684,-0.033953,30.757,0
20.548,20.78,0,-0.019948,30.733,0.45601
20.548,20.778,0,-0.0074187,30.71,0.48385
20.548,20.777,0,0.0096399,30.687,0.52737
20.896,20.778,0.80928,0.033715,30.738,0
20.896,20.782,0,0.056585,30.749,0
20.896,20.787,0,0.077673,30.76,0
20.896,20.795,0,0.09903,30.771,0.0068351
20.896,20.805,0,0.11986,30.781,0.078833
20.896,20.817,0,0.13873,30.789,0.15367
20.896,20.831,0,0.15877,30.796,0.23901
20.896,20.847,0,0.17476,30.802,0.32103
20.896,20.864,0,0.19097,30.806,0.4102
20.896,20.883,0,0.20833,30.808,0.50974
20.896,20.904,0,0.22437,30.809,0.61269
20.896,20.927,0,0.24129,30.807,0.72578
20.896,20.951,0,0.25334,30.803,0.83017
21.918,20.976,0.79169,0.2708,31.493,0
21.918,21.003,0,0.28439,31.586,0
21.918,21.032,0,0.29829,31.676,0
21.918,21.062,0,0.30988,31.763,0
21.918,21.093,0,0.32484,31.847,0
21.918,21.125,0,0.33779,31.928,0
21.918,21.159,0,0.34573,32.006,0
21.918,21.193,0,0.35888,32.08,0
22.501,21.229,0.7369,0.36768,32.408,0
22.582,21.266,0.7245,0.3807,32.542,0
22.657,21.304,0.77178,0.39167,32.685,0
22.657,21.343,0,0.4006,32.818,0
22.657,21.383,0,0.41202,32.947,0
22.657,21.425,0,0.42199,33.073,0
22.657,21.467,0,0.43237,33.194,0
23.023,21.51,0.76411,0.43949,33.391,0
23.023,21.554,0,0.44667,33.541,0
23.164,21.599,0.74691,0.45509,33.692,0
23.164,21.644,0,0.46606,33.847,0
23.164,21.691,0,0.4736,33.996,0
23.164,21.738,0,0.48329,34.141,0
23.164,21.786,0,0.49392,34.281,0
23.164,21.836,0,0.50388,34.417,0
23.164,21.886,0,0.51301,34.547,0
23.164,21.937,0,0.52001,34.672,0
23.164,21.989,0,0.52505,34.792,0
23.164,22.042,0,0.53106,34.907,0
23.931,22.095,0.67769,0.53693,35.408,0
23.931,22.149,0,0.54165,35.589,0
23.931,22.203,0,0.54317,35.764,0
23.931,22.257,0,0.5484,35.934,0
23.931,22.312,0,0.55236,36.099,0
23.931,22.367,0,0.55392,36.258,0
23.931,22.423,0,0.55473,36.411,0
24.37,22.478,0.60072,0.55556,36.733,0
24.37,22.534,0,0.55938,36.919,0
24.37,22.59,0,0.55831,37.1,0
24.37,22.645,0,0.55914,37.275,0
24.37,22.701,0,0.56063,37.445,0
24.37,22.757,0,0.56418,37.609,0
24.37,22.814,0,0.56198,37.767,0
24.37,22.87,0,0.56416,37.92,0
24.37,22.926,0,0.56671,38.067,0
24.37,22.983,0,0.56483,38.209,0
24.37,23.04,0,0.56824,38.344,0
24.37,23.096,0,0.57141,38.475,0
25.091,23.154,0.56326,0.5721,39.062,0
25.091,23.211,0,0.57072,39.253,0
25.193,23.268,0.60549,0.56888,39.455,0
25.193,23.325,0,0.5684,39.644,0
25.193,23.382,0,0.56801,39.828,0
25.193,23.438,0,0.56649,40.007,0
25.193,23.495,0,0.55716,40.179,0
25.193,23.551,0,0.54159,40.346,0
25.364,23.605,-0.26717,0.52022,40.587,0
25.344,23.657,-0.32234,0.49899,40.754,0
25.344,23.707,0,0.4766,40.92,0
25.293,23.755,-0.26382,0.45509,41.085,0
25.27,23.8,-0.24114,0.43478,41.228,0
25.27,23.844,0,0.41553,41.372,0
25.27,23.885,0,0.39894,41.513,0
25.27,23.925,0,0.37614,41.649,0
25.27,23.963,0,0.35534,41.782,0
25.27,23.998,0,0.33099,41.911,0
25.27,24.031,0,0.30859,42.036,0
25.029,24.062,-0.51824,0.28589,42.065,0.026269
