0,0,-0.07453,0,35.5,0.15661
0,0,0,7.8,35.5,59.103
-0.023671,0.78,-0.072779,7.8,35.467,60.903
-0.023671,1.56,0,7.8,35.348,62.349
-0.023671,2.34,0,7.8,35.151,63.948
-0.023671,3.12,0,7.8,34.875,65.547
-0.023671,3.9,0,7.8,34.522,67.146
-0.023671,4.68,0,7.8,34.091,68.745
-0.023671,5.46,0,7.8,33.581,70.344
-0.064209,6.24,-0.074394,6.7,32.991,69.871
-0.064209,6.91,0,6.7,32.327,71.088
-0.064209,7.58,0,6.7,31.596,72.462
-0.064209,8.25,0,-0.44181,30.799,58.829
-0.10555,8.2058,-0.070062,-0.45785,29.97,58.936
-0.10555,8.16,0,-0.47394,29.141,58.661
-0.10555,8.1126,0,-0.49121,28.317,58.528
-0.11456,8.0635,-0.067745,-0.50965,27.494,58.549
-0.11456,8.0126,0,-0.52917,26.679,58.261
-0.11456,7.9596,0,-0.54969,25.869,58.11
-0.11456,7.9047,0,-0.572,25.064,57.95
-0.11456,7.8475,0,-0.59476,24.265,57.785
-0.11456,7.788,0,-0.61933,23.472,57.612
-0.11456,7.7261,0,-0.6454,22.685,57.43
-0.11456,7.6615,0,-0.6724,21.904,57.241
-0.11456,7.5943,0,-0.70229,21.13,57.04
-0.19774,7.524,-0.071758,-0.73461,20.334,57.15
-0.19774,7.4506,0,-0.76706,19.565,56.78
-0.19812,7.3739,-0.072156,-0.80145,18.811,56.703
-0.19812,7.2937,0,-0.83882,18.058,56.308
-0.19812,7.2099,0,-0.8802,17.313,56.05
-0.19812,7.1218,0,-0.92434,16.576,55.776
-0.19812,7.0294,0,-0.97169,15.849,55.487
-0.19812,6.9322,0,-1.0224,15.131,55.182
-0.26829,6.83,-0.073299,-1.0757,14.394,55.158
-0.26829,6.7224,0,-1.1345,13.689,54.66
-0.26829,6.609,0,-1.1956,12.996,54.299
-0.26829,6.4894,0,-1.2611,12.314,53.916
-0.26829,6.3633,0,-1.3314,11.645,53.51
-0.26829,6.2302,0,-1.4059,10.988,53.08
-0.26829,6.0896,0,-1.4828,10.345,52.631
-0.3022,5.9413,-0.072112,-1.5681,9.6731,52.369
-0.31502,5.7845,0.0028104,-1.6573,9.0626,51.728
-0.31502,5.6188,0,-1.7493,8.4609,51.201
-0.31849,5.4438,0.17925,-1.8453,7.8841,50.271
-0.31849,5.2593,0,-8.8,7.3171,35.656
-0.31849,4.3793,0,-8.8,6.8033,33.852
-0.31849,3.4993,0,-8.8,6.3775,32.048
-0.31849,2.6193,0,-8.8,6.0397,30.244
-0.20154,1.7393,0.51906,-8.8,5.8416,27.11
-0.20154,0.8593,0,0.72444,5.6915,46.41
-0.20154,0.93174,0,-0.083953,5.5818,44.86
-0.20154,0.92334,0,-0.075788,5.4689,44.86
0.17955,0.91577,1.8035,-8.8,5.4142,0
0.17955,0.035766,0,2.0761,5.3845,11.184
0.17955,0.24338,0,2.3163,5.3885,14.273
0.17955,0.47501,0,2.4311,5.3706,16.528
0.17955,0.71811,0,2.4974,5.3289,18.468
1.2973,0.96785,2.5702,3.4244,5.5257,1.692
1.2973,1.3103,0,-8.8,5.5415,0
1.2973,0.4303,0,2.7061,5.5842,12.764
1.2973,0.70091,0,2.7821,5.6573,14.861
1.2973,0.97911,0,4.9,5.7031,37.953
1.2973,1.4691,0,4.9,5.7104,41.113
1.2973,1.9591,0,3.3019,5.6687,27.03
1.2973,2.2893,0,2.4597,5.586,20.654
1.2973,2.5353,0,2.1634,5.4745,19.252
1.2973,2.7516,0,2.0092,5.3399,19.024
1.2973,2.9525,0,1.9081,5.1844,19.201
1.2973,3.1433,0,1.83,5.0093,19.535
1.2973,3.3263,0,1.7823,4.8156,20.107
1.2973,3.5046,0,1.7315,4.6037,20.626
1.2973,3.6777,0,1.7152,4.3744,21.442
1.2973,3.8492,0,1.6938,4.1277,22.206
5.3912,4.0186,2.3586,1.6845,7.2424,0
5.3912,4.1871,0,1.668,7.3713,3.4299
5.3912,4.3539,0,1.6583,7.4833,4.0462
6.0586,4.5197,2.0206,1.6347,7.6767,0
6.0586,4.6832,0,1.6026,7.8224,2.3735
6.0586,4.8434,0,1.5758,7.9519,2.8346
6.0586,5.001,0,1.5562,8.0656,3.3355
6.0586,5.1566,0,1.5355,8.1636,3.8311
6.0586,5.3102,0,1.5224,8.2461,4.3745
6.0586,5.4624,0,1.5166,8.3133,4.9696
6.0586,5.6141,0,1.4973,8.3654,5.4839
6.0586,5.7638,0,1.4689,8.4023,5.936
6.0586,5.9107,0,1.4493,8.4245,6.4407
6.0586,6.0556,0,1.427,8.432,6.9245
6.0586,6.1983,0,1.4038,8.4252,7.3975
6.0586,6.3387,0,1.391,8.4042,7.939
6.0586,6.4778,0,1.3849,8.3692,8.531
6.0586,6.6163,0,1.3777,8.3204,9.1195
6.0586,6.754,0,1.3722,8.2577,9.7252
6.0586,6.8913,0,1.3643,8.1813,10.317
6.0586,7.0277,0,1.342,8.0913,10.8
6.0586,7.1619,0,1.3293,7.9876,11.351
6.0586,7.2948,0,1.3154,7.8707,11.892
6.0586,7.4263,0,1.2968,7.7405,12.393
6.0586,7.556,0,1.2983,7.5972,13.052
9.7133,7.6859,1.5415,1.2924,11.713,0
9.7133,7.8151,0,1.295,11.909,0
9.7133,7.9446,0,1.2914,12.093,0
9.7133,8.0737,0,1.2797,12.263,0
9.7133,8.2017,0,1.2593,12.421,0.16509
9.7133,8.3276,0,1.2432,12.565,0.49518
9.7133,8.452,0,1.229,12.698,0.83629
9.7133,8.5749,0,1.2155,12.818,1.1831
9.7133,8.6964,0,1.2019,12.926,1.5323
9.7133,8.8166,0,1.1822,13.021,1.8524
9.7133,8.9348,0,1.1643,13.105,2.1801
9.7133,9.0513,0,1.1437,13.177,2.4915
9.7133,9.1656,0,1.1275,13.237,2.8232
9.7133,9.2784,0,1.1072,13.287,3.1312
9.7133,9.3891,0,1.0787,13.325,3.388
9.7133,9.497,0,1.045,13.352,3.6065
9.7133,9.6015,0,1.0102,13.368,3.8064
11.49,9.7025,0.31127,0.96946,15.121,0
11.49,9.7994,0,0.92956,15.295,0
11.49,9.8924,0,0.88605,15.459,0
11.49,9.981,0,0.83906,15.615,0
11.49,10.065,0,0.79949,15.761,0
11.49,10.145,0,0.75838,15.9,0
11.49,10.221,0,0.71305,16.031,0
11.49,10.292,0,0.67305,16.154,0
11.49,10.359,0,0.64048,16.27,0
11.49,10.423,0,0.59781,16.38,0
11.49,10.483,0,0.55498,16.484,0
11.49,10.539,0,0.5285,16.582,0
11.49,10.591,0,0.5007,16.675,0
11.49,10.642,0,0.47112,16.762,0
11.49,10.689,0,0.44189,16.845,0
11.49,10.733,0,0.41883,16.923,0
11.49,10.775,0,0.38197,16.996,0
11.49,10.813,0,0.34601,17.066,0
11.49,10.848,0,0.31129,17.132,0
11.49,10.879,0,0.287,17.195,0
11.49,10.907,0,0.26249,17.254,0
11.49,10.934,0,0.23664,17.311,0
11.49,10.957,0,0.21192,17.366,0
11.333,10.978,-0.48186,0.17807,17.512,1.3092
11.333,10.996,0,0.14881,17.547,0
11.333,11.011,0,0.11581,17.58,0
11.333,11.023,0,0.079422,17.611,0
11.333,11.031,0,0.03895,17.642,0
11.333,11.035,0,-0.0015804,17.672,0
11.333,11.034,0,-0.014643,17.702,0
10.875,11.033,-0.79096,-0.028819,17.6,3.9428
10.875,11.03,0,-0.043983,17.584,0.22782
10.712,11.026,-0.82133,-0.057405,17.549,4.6418
10.63,11.02,-0.82893,-0.071719,17.513,4.9388
10.63,11.013,0,-0.087348,17.474,0.62607
10.63,11.004,0,-0.10259,17.436,0.56755
10.371,10.994,-0.7977,-0.1158,17.368,5.4076
10.371,10.982,0,-0.1287,17.307,1.053
10.371,10.969,0,-0.14018,17.246,0.98883
10.371,10.955,0,-0.15436,17.187,0.916
10.059,10.94,-0.7035,-0.16745,17.073,5.4328
10.059,10.923,0,-0.18063,16.986,1.53
9.9242,10.905,-0.62789,-0.18946,16.877,5.1445
9.9242,10.886,0,-0.19986,16.78,1.7247
9.8047,10.866,-0.58504,-0.20834,16.675,5.0482
9.8047,10.845,0,-0.21671,16.57,1.8785
9.8047,10.824,0,-0.22264,16.467,1.8001
9.8047,10.801,0,-0.22767,16.366,1.7243
9.6323,10.779,-0.28385,-0.23263,16.255,3.3757
9.6323,10.755,0,-0.23763,16.142,2.0304
9.6323,10.732,0,-0.2416,16.031,1.9517
9.5346,10.707,-0.19651,-0.24535,15.89,2.9669
9.5346,10.683,0,-0.24594,15.774,2.0704
9.488,10.658,-0.26358,-0.24964,15.656,3.2693
9.4545,10.633,-0.38134,-0.25415,15.532,3.9201
9.4119,10.608,-0.49682,-0.26057,15.408,4.6642
9.4119,10.582,0,-0.26679,15.29,2.0562
9.4119,10.555,0,-0.27682,15.174,1.9494
9.2382,10.527,-0.81002,-0.29037,15.027,7.2802
9.1512,10.498,-0.85444,-0.30727,14.886,7.8306
9.1512,10.468,0,-0.32314,14.753,2.26
9.1512,10.435,0,-0.34229,14.623,2.1052
9.1512,10.401,0,-0.36403,14.496,1.9421
8.7585,10.365,-1.0472,-0.38646,14.291,10.454
8.7585,10.326,0,-0.40639,14.132,2.6603
8.7585,10.285,0,-0.42778,13.978,2.4688
8.7585,10.243,0,-0.44811,13.827,2.2822
8.7585,10.198,0,-0.47283,13.681,2.0836
8.7585,10.151,0,-0.49473,13.539,1.8967
8.7585,10.101,0,-0.51357,13.403,1.7222
8.7585,10.05,0,-0.53072,13.271,1.5563
8.7585,9.9967,0,-0.54107,13.144,1.4113
8.7585,9.9426,0,-0.55098,13.023,1.2715
8.7585,9.8875,0,-0.55287,12.908,1.1528
8.7585,9.8322,0,-0.55548,12.797,1.0365
8.7585,9.7767,0,-0.55455,12.693,0.93058
8.7585,9.7212,0,-0.55227,12.594,0.83067
8.7585,9.666,0,-0.54843,12.5,0.73681
8.7585,9.6111,0,-0.54177,12.412,0.65054
8.7585,9.557,0,-0.53268,12.33,0.57084
8.7585,9.5037,0,-0.51538,12.253,0.50476
7.986,9.4522,0.59166,-0.48868,11.043,1.0285
7.986,9.4033,0,-0.46102,10.899,2.0642
7.986,9.3572,0,-0.42941,10.759,2.0462
7.986,9.3142,0,-0.3962,10.624,2.042
8.2405,9.2746,0.6602,-0.36515,10.531,0.56514
8.3144,9.2381,0.62996,-0.32977,10.434,0.45443
8.3144,9.2051,0,-0.3007,10.344,1.2379
8.3144,9.1751,0,-0.27127,10.256,1.2482
8.4962,9.1479,0.64242,-0.23832,10.218,0.19521
8.4962,9.1241,0,-0.2048,10.154,0.88216
8.6399,9.1036,0.69799,-0.17203,10.097,0.048157
8.7058,9.0864,0.74138,-0.14172,10.062,0.0060665
8.7058,9.0722,0,-0.10922,10.024,0.53365
8.7058,9.0613,0,-0.076453,9.9883,0.59132
8.7058,9.0537,0,-0.043891,9.9531,0.65968
8.7058,9.0493,0,-0.012569,9.9185,0.73624
8.7058,9.048,0,0.018531,9.8843,0.8238
9.1536,9.0499,0.62881,0.043645,9.9858,0
9.2101,9.0542,0.62823,0.065621,9.9978,0
9.2101,9.0608,0,0.091696,10.013,0
9.2101,9.07,0,0.11725,10.027,0
9.2101,9.0817,0,0.14235,10.041,0.051706
9.2101,9.0959,0,0.16818,10.053,0.15055
9.2101,9.1128,0,0.18753,10.064,0.24254
9.2101,9.1315,0,0.21073,10.072,0.35396
9.2101,9.1526,0,0.23079,10.079,0.46635
9.7744,9.1757,0.66383,0.25316,10.297,0
9.7744,9.201,0,0.2676,10.356,0
9.7744,9.2277,0,0.28018,10.412,0
9.7744,9.2558,0,0.29614,10.465,0
10.007,9.2854,0.49922,0.30643,10.576,0
10.007,9.316,0,0.31556,10.647,0
10.112,9.3476,0.40245,0.32436,10.712,0
10.112,9.38,0,0.3252,10.787,0
10.112,9.4125,0,0.32794,10.858,0
10.112,9.4453,0,0.32754,10.926,0
10.112,9.4781,0,0.31878,10.991,0
10.112,9.51,0,0.31315,11.053,0
10.112,9.5413,0,0.30505,11.112,0
10.112,9.5718,0,0.29658,11.167,0
10.112,9.6014,0,0.28469,11.22,0
10.112,9.6299,0,0.27225,11.269,0
10.112,9.6571,0,0.25675,11.316,0
10.112,9.6828,0,0.24146,11.36,0
10.112,9.7069,0,0.22404,11.402,0
10.112,9.7294,0,0.20918,11.441,0
10.112,9.7503,0,0.19514,11.479,0
10.112,9.7698,0,0.17845,11.514,0
10.112,9.7876,0,0.16481,11.547,0
10.112,9.8041,0,0.15026,11.579,0
10.112,9.8191,0,0.13778,11.609,0
10.112,9.8329,0,0.12529,11.637,0
10.112,9.8454,0,0.11276,11.664,0
10.094,9.8567,-0.21465,0.10078,11.833,0.28059
10.094,9.8668,0,0.091432,11.856,0
10.094,9.8759,0,0.078951,11.879,0
10.094,9.8838,0,0.064344,11.9,0
10.094,9.8903,0,0.04842,11.921,0
10.094,9.8951,0,0.039763,11.941,0
9.9736,9.8991,-0.1834,0.031642,11.931,0.38213
9.9479,9.9023,-0.19007,0.019393,11.937,0.43766
9.9479,9.9042,0,0.0099201,11.942,0
9.9479,9.9052,0,-0.00015005,11.946,0
9.9479,9.9052,0,-0.0066234,11.95,0
9.9479,9.9045,0,-0.014137,11.955,0
9.9479,9.9031,0,-0.021819,11.959,0
9.9479,9.9009,0,-0.031988,11.964,0
9.9479,9.8977,0,-0.042554,11.968,0
9.7338,9.8935,-0.32158,-0.049503,11.886,1.2227
9.7338,9.8885,0,-0.059983,11.871,0.19169
9.6582,9.8825,-0.29446,-0.069913,11.841,1.2243
9.6347,9.8755,-0.32863,-0.075219,11.82,1.389
9.6347,9.868,0,-0.084287,11.796,0.3033
9.6347,9.8596,0,-0.091135,11.773,0.27031
9.5273,9.8505,-0.35661,-0.10172,11.745,1.6479
9.5273,9.8403,0,-0.11065,11.713,0.4135
9.5273,9.8292,0,-0.11925,11.682,0.37029
9.5273,9.8173,0,-0.13058,11.653,0.32037
9.5273,9.8042,0,-0.13691,11.624,0.28001
9.5273,9.7905,0,-0.14562,11.597,0.23438
9.5273,9.776,0,-0.15378,11.572,0.18932
9.5273,9.7606,0,-0.16329,11.548,0.14136
9.5273,9.7443,0,-0.17362,11.525,0.091691
9.1685,9.7269,-0.40881,-0.18386,11.335,2.2724
9.1685,9.7085,0,-0.19345,11.28,0.7127
9.1685,9.6892,0,-0.19964,11.227,0.65524
9.1685,9.6692,0,-0.20983,11.176,0.58851
9.0043,9.6482,-0.42194,-0.21772,11.095,2.461
8.9702,9.6265,-0.44302,-0.2237,11.024,2.5801
8.9702,9.6041,0,-0.23155,10.96,0.82786
8.9702,9.5809,0,-0.2409,10.898,0.75389
8.9702,9.5568,0,-0.2496,10.838,0.68148
8.7956,9.5319,-0.49996,-0.25907,10.744,2.982
8.7956,9.506,0,-0.26743,10.672,0.90979
8.7956,9.4792,0,-0.27954,10.602,0.82127
8.7956,9.4513,0,-0.29217,10.535,0.7321
8.7956,9.4221,0,-0.30532,10.471,0.64265
8.7956,9.3915,0,-0.3185,10.41,0.55434
8.7956,9.3597,0,-0.33408,10.352,0.4632
8.7956,9.3263,0,-0.34453,10.298,0.38272
8.7956,9.2918,0,-0.35426,10.246,0.30529
8.3024,9.2564,-0.58985,-0.36777,9.9727,3.7119
8.3024,9.2196,0,-0.38257,9.8791,1.0868
8.3024,9.1814,0,-0.39729,9.7893,0.96946
8.3024,9.1416,0,-0.40857,9.7034,0.86184
8.3024,9.1008,0,-0.42294,9.6215,0.75074
8.3024,9.0585,0,-5.2,9.5438,276.56
7.9034,8.5385,-0.84226,-0.24816,9.3822,4.9065
7.9034,8.5137,0,-0.27173,9.3199,0.6817
7.9034,8.4865,0,-0.30169,9.2603,0.5621
7.9034,8.4563,0,-5.2,9.2035,191.9
7.9034,7.9363,0,-0.15023,9.1742,0
7.9034,7.9213,0,-0.18552,9.1716,0
7.9034,7.9027,0,-0.2187,9.1708,0
7.9034,7.8809,0,-5.2,9.1719,190.72
7.9034,7.3609,0,-0.094301,9.2002,0
6.9836,7.3514,-1.2239,-0.13513,8.8319,8.0665
6.9836,7.3379,0,-0.17326,8.7958,0.36241
6.9836,7.3206,0,-0.21749,8.7612,0.24112
6.6153,7.2989,-1.2833,-0.25664,8.6747,9.3595
6.6153,7.2732,0,-5.2,8.6076,72.796
6.6153,6.7532,0,-0.14216,8.5679,0
6.2212,6.739,-1.2255,-0.18457,8.4958,8.4452
6.2212,6.7205,0,-0.22441,8.445,0.55298
6.2212,6.6981,0,-0.2592,8.3962,0.43475
6.2212,6.6722,0,-5.2,8.3498,54.607
6.2212,6.1522,0,-0.13889,8.3307,0
5.6237,6.1383,-1.1376,-0.17615,8.1909,7.5523
5.6237,6.1207,0,-0.21144,8.1403,0.57688
5.6237,6.0995,0,-0.24361,8.0917,0.46388
5.6237,6.0752,0,-8.8,8.0453,27.498
5.1881,5.1952,-1.0747,-0.0021228,7.9512,5.8159
5.1881,5.1949,0,-0.035254,7.9505,0
5.1881,5.1914,0,-0.0678,7.95,0
4.8224,5.1846,-1.6938,-0.10961,7.9031,14.727
4.8224,5.1737,0,-0.15724,7.8674,0.39023
4.8224,5.158,0,-0.22096,7.8331,0.23195
4.8224,5.1359,0,-0.29617,7.8006,0.073548
4.8224,5.1062,0,-0.38063,7.7708,0
4.8224,5.0682,0,-8.8,7.7443,9.7101
4.8224,4.1882,0,-0.23851,7.7637,0
4.8224,4.1643,0,-0.31554,7.8283,0
4.8224,4.1328,0,-0.38506,7.8957,0
2.5378,4.0943,-2.0586,-8.8,6.9641,0
2.5378,3.2143,0,-0.20197,6.8525,1.0026
2.5378,3.1941,0,-0.24574,6.7858,0.84275
2.5378,3.1695,0,-0.28334,6.7214,0.70118
2.5378,3.1412,0,-8.8,6.6597,0
2.5378,2.2612,0,-0.098268,6.6433,0
2.5378,2.2513,0,-0.11789,6.6715,0
1.4896,2.2395,-0.79044,-0.13431,6.2692,4.1646
1.4896,2.2261,0,-0.14962,6.1949,1.3013
1.4896,2.2111,0,-8.8,6.122,0
1.4896,1.3311,0,-0.005579,6.0938,0
1.4896,1.3306,0,-0.0099651,6.1097,0
1.4896,1.3296,0,-0.013325,6.1257,0
1.4896,1.3283,0,-0.016122,6.1417,0
1.1605,1.3266,-0.22889,-0.018137,6.0086,1.0034
1.1605,1.3248,0,-0.021037,5.992,0.30149
1.1605,1.3227,0,-0.023813,5.9757,0.29026
1.1605,1.3204,0,-0.026584,5.9596,0.27852
1.0551,1.3177,-0.28945,-0.028953,5.9448,1.4765
1.0269,1.3148,-0.3329,-0.031892,5.9188,1.7296
1.0269,1.3116,0,-0.035682,5.8902,0.53482
1.0269,1.308,0,-0.040073,5.8619,0.51528
1.0269,1.304,0,-0.045203,5.834,0.49305
1.0269,1.2995,0,-0.05179,5.8065,0.46626
1.0269,1.2943,0,-0.058867,5.7795,0.43716
1.0269,1.2884,0,-0.069278,5.7531,0.39896
1.0269,1.2815,0,-8.8,5.7272,0
1.0269,0.40152,0,-1.1181,5.7458,0
0.41189,0.28971,-1.2075,-1.2075,5.5668,0
0.30041,0.16895,-1.3086,-1.3086,5.5795,0
0.30041,0.038094,0,-1.3281,5.5991,0
0.30041,0,0,-1.3532,5.632,0
-0.10484,0,-1.4152,-1.4152,5.6196,0.27073
-0.10484,0,0,-1.4778,5.6162,0
-0.10484,0,0,-1.5296,5.6131,0
-0.54981,0,-1.6459,-1.6459,5.5337,1.1829
-0.54981,0,0,-1.749,5.487,0
-0.54981,0,0,-1.7772,5.4407,0
-0.54981,0,0,-1.8219,5.3947,0
-0.54981,0,0,-1.8723,5.3488,0
-0.54981,0,0,-1.8819,5.3032,0
-0.54981,0,0,-8.8,5.2576,0
-1.8043,0,-1.9287,-8.8,4.8144,0
-1.8043,0,0,-8.8,4.6779,0
-1.8043,0,0,-8.8,4.5415,0
-1.8043,0,0,-8.8,4.4051,0
-1.8043,0,0,-8.8,4.2687,0
-1.8043,0,0,-8.8,4.1322,0
-1.8043,0,0,-8.8,3.9958,0
-1.8043,0,0,-8.8,3.8594,0
-1.8043,0,0,-8.8,3.7229,0
-1.8043,0,0,-8.8,3.5865,0
-3.6102,0,-1.6081,-8.8,2.5207,0
-3.6102,0,0,-8.8,2.2037,0
-3.6102,0,0,-8.8,1.8867,0
-3.6102,0,0,-8.8,1.5696,0
-4.2438,0,-1.4823,-9.3744,1.141,0
-4.2438,0,0,-14.006,0.76351,0
-4.2438,0,0,-27.898,0.40915,0
-4.2438,0,0,-183.27,0.12426,0
-4.2438,0,0,-22.986,0.6162,0
-4.2438,0,0,-85.011,0.30675,0
-4.2438,0,0,-178.47,0.30742,0
-4.2438,0,0,-27.727,0.77537,0
-4.2438,0,0,-125.51,0.48963,0
-4.2438,0,0,-64.347,0.69279,0
-5.2228,0,-0.41857,-673.96,0.020249,0
-5.2228,0,0,-8.8,2.8678,0
-5.2228,0,0,-8.8,2.3895,0
-5.2228,0,0,-8.8,1.9112,0
-5.2228,0,0,-10.759,1.433,0
-5.2228,0,0,-16.546,0.96447,0
-5.2228,0,0,-33.632,0.52492,0
-5.2228,0,0,-227.53,0.17081,0
-5.2228,0,0,-24.495,0.78616,0
-5.2228,0,0,-77.995,0.38636,0
-5.2228,0,0,-469.14,0.25406,0
-5.2228,0,0,-9.0657,2.0775,0
-5.2228,0,0,-12.704,1.6005,0
-5.7214,0,0.12912,-20.95,0.77647,0
-5.7214,0,0,-52.634,0.30908,0
-5.6701,0,0.53664,-1974.4,0.0081395,0
-5.6701,0,0,0.83648,9.3132,13.437
-5.6701,0.083648,0,1.1806,8.742,14.332
-5.6701,0.2017,0,1.5138,8.1607,15.274
-5.6701,0.35308,0,1.8799,7.566,16.353
-5.0926,0.54107,2.1537,2.1537,7.0692,11.605
-4.8679,0.75644,2.323,2.323,6.5051,11.586
-4.6289,0.98874,2.4042,-0.45403,5.9461,5.566
-4.6289,0.94334,0,-8.8,5.3866,0
-4.6289,0.063335,0,-8.8,4.8734,0
-4.6289,0,0,-8.8,4.4482,0
-4.6289,0,0,-8.8,4.0293,0
-4.6289,0,0,-8.8,3.6104,0
-4.6289,0,0,-8.8,3.1915,0
-4.6289,0,0,-8.8,2.7727,0
-4.6289,0,0,-8.8,2.3538,0
-4.6289,0,0,-8.8,1.9349,0
-1.9848,0,2.6467,-8.8,2.7832,0
-1.9848,0,0,-8.8,2.6287,0
-1.9848,0,0,-8.8,2.4742,0
-1.9848,0,0,-8.8,2.3197,0
-1.9848,0,0,-8.8,2.1653,0
-1.9848,0,0,-8.8,2.0108,0
-1.9848,0,0,-8.8,1.8563,0
-1.9848,0,0,-8.8,1.7018,0
-1.9848,0,0,-8.8,1.5473,0
-1.9848,0,0,-8.8,1.3929,0
-1.9848,0,0,-8.8,1.2384,0
-1.9848,0,0,-8.8,1.0839,0
-1.9848,0,0,-8.8,0.92942,0
