18.333,18.333,-0.091482,0,35.5,0.21362
18.333,18.333,0,-0.001453,35.5,0
18.333,18.333,0,-0.00044819,35.5,0
18.333,18.333,0,-0.0017756,35.5,0
18.333,18.333,0,-0.0016862,35.5,0
18.333,18.333,0,-0.0010535,35.5,0
18.333,18.333,0,-0.0015158,35.5,0
18.333,18.333,0,-0.0014694,35.5,0
18.333,18.332,0,-0.0019682,35.5,0
18.317,18.332,-0.0014406,-0.0014646,35.478,0.030298
18.317,18.332,0,-0.002257,35.476,0.025236
18.317,18.332,0,-0.0014949,35.475,0.026392
18.317,18.332,0,-0.00087631,35.473,0.027401
18.317,18.332,0,-0.0010658,35.472,0.026816
18.334,18.331,0.059763,0.0010059,35.483,0
18.347,18.332,0.050282,0.0061924,35.489,0
18.347,18.332,0,0.0071233,35.491,0
18.347,18.333,0,0.0066305,35.492,0
18.347,18.334,0,0.0080283,35.494,0
18.347,18.334,0,0.0064698,35.495,0
18.34,18.335,-0.0084873,0.0020604,35.501,0.011777
18.34,18.335,0,-0.00041649,35.501,0
18.34,18.335,0,0.0005342,35.502,0
18.34,18.335,0,0.0012558,35.502,0
18.342,18.335,-0.017827,0.0028233,35.501,0.029684
18.337,18.336,-0.019875,0.00058646,35.508,0.040977
18.343,18.336,-0.017762,0.0028616,35.516,0.029429
18.343,18.336,0,0.0036517,35.517,0
18.343,18.336,0,0.0054499,35.517,0
18.343,18.337,0,0.0073733,35.518,0.0033487
18.343,18.338,0,0.013378,35.519,0.017721
18.426,18.339,0.73022,0.034811,35.535,0
18.426,18.342,0,0.059578,35.543,0
18.58,18.348,1.1881,0.092915,35.567,0.30439
18.58,18.358,0,0.13877,35.589,0
18.58,18.372,0,0.18694,35.611,0
18.58,18.39,0,0.23525,35.631,0.15425
18.58,18.414,0,0.27934,35.649,0.3403
18.58,18.442,0,0.31426,35.664,0.52167
18.58,18.473,0,0.3472,35.676,0.71589
18.58,18.508,0,0.38305,35.685,0.93979
18.58,18.546,0,0.41189,35.691,1.1584
18.58,18.587,0,0.43532,35.692,1.3726
18.58,18.631,0,0.45998,35.689,1.6066
19.883,18.677,0.95979,0.47905,36.44,0
19.883,18.725,0,0.49591,36.558,0
19.883,18.774,0,0.51238,36.671,0
19.883,18.826,0,0.53506,36.78,0
19.883,18.879,0,0.5524,36.883,0
19.883,18.934,0,0.57009,36.98,0
19.883,18.991,0,0.59045,37.072,0
19.883,19.05,0,0.60855,37.158,0
19.883,19.111,0,0.62487,37.239,0
19.883,19.174,0,0.63509,37.313,0.080144
19.883,19.237,0,0.64697,37.38,0.29629
19.883,19.302,0,0.65736,37.442,0.51778
19.883,19.368,0,0.66194,37.496,0.72646
19.883,19.434,0,0.65454,37.545,0.89332
19.883,19.499,0,0.64435,37.586,1.0488
19.883,19.564,0,0.62804,37.621,1.1775
19.883,19.627,0,0.60789,37.65,1.2857
19.883,19.687,0,0.58926,37.672,1.3946
19.883,19.746,0,0.56455,37.689,1.4722
19.883,19.803,0,0.53853,37.7,1.5365
19.883,19.857,0,0.51276,37.705,1.5939
19.883,19.908,0,0.49278,37.705,1.668
19.883,19.957,0,0.46704,37.7,1.7112
21.171,20.004,-0.032337,0.44773,39.826,0
21.171,20.049,0,0.42539,39.94,0
21.159,20.091,-0.059215,0.40872,40.063,0
21.157,20.132,-0.05347,0.39167,40.171,0
21.157,20.171,0,0.37232,40.272,0
21.157,20.208,0,0.35862,40.368,0
21.157,20.244,0,0.34444,40.461,0
21.157,20.279,0,0.32707,40.551,0
21.157,20.311,0,0.31325,40.637,0
21.157,20.343,0,0.29418,40.72,0
21.157,20.372,0,0.27284,40.8,0
21.157,20.4,0,0.24726,40.877,0
21.157,20.424,0,0.21848,40.951,0
20.947,20.446,-0.69894,0.18996,40.972,2.0398
20.947,20.465,0,0.15311,41.021,0
20.947,20.48,0,0.11667,41.069,0
20.947,20.492,0,0.075463,41.115,0
20.947,20.5,0,0.033868,41.16,0
20.947,20.503,0,-0.001664,41.205,0
20.947,20.503,0,-0.011265,41.249,0
20.273,20.502,-1.0979,-0.020119,41.081,6.9884
20.273,20.5,0,-0.028881,41.058,0.42028
20.273,20.497,0,-0.03845,41.036,0.39014
19.942,20.493,-1.2597,-0.048676,40.98,10.261
19.942,20.488,0,-0.059999,40.925,1.0964
19.942,20.482,0,-0.070817,40.871,1.0484
19.942,20.475,0,-0.081055,40.817,1.0003
19.426,20.467,-1.414,-0.092953,40.676,14.787
19.426,20.458,0,-0.10449,40.572,2.2643
19.426,20.447,0,-0.11787,40.469,2.1826
19.426,20.435,0,-0.13194,40.368,2.0958
19.426,20.422,0,-0.14837,40.267,1.9981
19.426,20.407,0,-0.1657,40.169,1.8949
19.426,20.391,0,-0.18391,40.071,1.7864
19.426,20.372,0,-0.20375,39.976,1.6707
19.426,20.352,0,-0.22487,39.882,1.5493
19.426,20.33,0,-0.24695,39.791,1.4241
19.426,20.305,0,-0.27073,39.702,1.2934
19.426,20.278,0,-0.29598,39.615,1.1591
19.426,20.248,0,-0.32092,39.531,1.0269
19.426,20.216,0,-0.34615,39.451,0.89605
16.468,20.181,-2.5086,-0.37334,37.512,56.324
16.468,20.144,0,-0.39978,37.143,10.474
16.468,20.104,0,-0.42785,36.777,10.107
15.712,20.061,-2.564,-0.45858,36.301,61.964
15.712,20.015,0,-0.49016,35.869,12.657
15.712,19.966,0,-0.52237,35.441,12.196
15.712,19.914,0,-0.55473,35.018,11.726
15.712,19.859,0,-0.58807,34.601,11.242
15.712,19.8,0,-0.62352,34.189,10.737
15.712,19.738,0,-0.66032,33.783,10.218
13.958,19.672,-2.511,-0.69918,32.745,67.535
13.958,19.602,0,-0.7389,32.177,17.182
13.958,19.528,0,-0.78309,31.617,16.458
13.958,19.449,0,-0.8298,31.064,15.704
12.945,19.366,-2.534,-0.87714,30.322,71.371
12.945,19.279,0,-0.92769,29.684,19.113
12.437,19.186,-2.4845,-0.98228,29,70.827
12.198,19.088,-2.4613,-1.0369,28.322,70.406
12.198,18.984,0,-1.0953,27.638,20.023
11.713,18.875,-2.4513,-1.1588,26.907,70.512
11.713,18.759,0,-1.2266,26.197,20.253
11.211,18.636,-2.4393,-1.299,25.451,70.233
11.211,18.506,0,-1.3754,24.715,20.28
11.211,18.369,0,-1.4539,23.993,18.928
11.211,18.223,0,-1.5351,23.284,17.553
11.211,18.07,0,-1.6209,22.591,16.146
10.113,17.908,-1.9459,-1.7098,21.619,53.183
9.9274,17.737,-1.9165,-1.8027,20.829,51.305
9.9274,17.556,0,-1.9053,20.057,17.638
9.9274,17.366,0,-2.0111,19.303,15.932
9.3631,17.165,-1.7213,-2.1193,18.472,42.478
9.3631,16.953,0,-2.2342,17.702,15.006
9.3631,16.729,0,-2.3518,16.954,13.233
9.3631,16.494,0,-2.4815,16.229,11.472
9.3631,16.246,0,-2.6275,15.529,9.7517
9.3631,15.983,0,-2.7788,14.854,8.1991
8.2372,15.705,-2.3945,-2.9485,13.894,46.234
8.2372,15.411,0,-3.1394,13.162,8.4114
8.2372,15.097,0,-4.7505,12.461,11.142
7.4931,14.622,-2.6358,-4.8112,11.68,25.275
7.4931,14.14,0,-4.8325,10.991,13.056
7.4931,13.657,0,-4.7869,10.35,15.364
7.4931,13.178,0,-4.6787,9.7577,17.121
7.4931,12.711,0,-4.5555,9.2125,18.812
7.4931,12.255,0,-4.4295,8.7135,20.587
7.4931,11.812,0,-5.2,8.2595,67.438
7.4931,11.292,0,-5.2,7.8536,93.124
7.4931,10.772,0,-5.2,7.4997,132.14
7.4931,10.252,0,-5.2,7.1978,142.37
7.4931,9.7321,0,-5.2,6.9479,141.31
4.9789,9.2121,-1.8289,-5.2,5.2775,6.5455
4.8041,8.6921,-1.6479,-5.2,4.8733,5.7783
4.6476,8.1721,-1.4588,-5.2,4.5095,5.268
4.6476,7.6521,0,-5.2,4.1831,20.069
4.6476,7.1321,0,-5.2,3.9086,19.003
4.6476,6.6121,0,-5.2,3.6861,17.937
4.6476,6.0921,0,-8.8,3.5157,9.3061
4.0264,5.2121,-1.0931,-8.8,3.2454,0
4.0264,4.3321,0,-8.8,3.1708,0
3.8059,3.4521,-0.89137,-8.8,3.1592,0
3.8059,2.5721,0,-8.8,3.2385,0
3.8059,1.6921,0,-8.8,3.4059,0
3.8059,0.81211,0,-8.8,3.6613,0
3.8059,0,0,-8.8,4.0047,0
3.5219,0,-0.25313,-8.8,4.3423,0
3.5219,0,0,-8.8,4.7385,0
3.5219,0,0,-0.20805,5.1347,4.0083
3.5219,0,0,-0.21684,5.4879,3.9898
3.5219,0,0,-0.21972,5.8412,3.9838
3.5219,0,0,-0.21396,6.1945,3.9959
3.3943,0,-0.23084,-0.23084,6.5218,1.3972
3.3943,0,0,-0.25861,6.8624,3.1146
3.3345,0,-0.28058,-0.28058,7.1978,0.64543
3.3345,0,0,-0.30872,7.5326,2.6646
3.3345,0,0,-0.33413,7.8676,2.6112
3.3345,0,0,-0.3416,8.2027,2.5955
3.3345,0,0,-0.29107,8.5379,2.7017
3.3345,0,0,-0.14081,8.8728,3.0174
3.3345,0,0,-0.01453,9.2069,3.2828
3.1573,0,0.094289,0.094289,9.4615,1.9368
3.1573,0.0094289,0,0.21976,9.7768,0.045989
3.1573,0.031405,0,0.27265,10.09,0
3.1573,0.05867,0,0.23499,10.402,0
3.2262,0.082169,0.22833,0.22833,10.717,1.3248
3.2262,0.105,0,0.24327,11.03,0
3.2716,0.12933,0.22757,0.22757,11.352,1.3211
3.2981,0.15209,0.23167,0.23167,11.676,1.3201
3.2981,0.17525,0,0.2377,11.989,0
3.2981,0.19902,0,0.23241,12.3,0
3.2981,0.22226,0,0.22929,12.609,0
3.2981,0.24519,0,0.2373,12.916,0
3.2981,0.26892,0,0.23762,13.22,0
3.2981,0.29269,0,0.23334,13.521,0
3.4691,0.31602,0.23969,0.23969,13.902,1.3169
3.4691,0.33999,0,0.24125,14.216,0
3.4691,0.36411,0,0.23802,14.527,0
3.4691,0.38792,0,0.23694,14.837,0
3.4691,0.41161,0,0.23576,15.144,0
3.4691,0.43519,0,0.23001,15.448,0
3.5878,0.45819,0.22897,0.22897,15.767,1.2659
3.5878,0.48108,0,0.23207,16.079,0
3.6189,0.50429,0.23249,0.23249,16.39,1.1948
3.6189,0.52754,0,0.2361,16.7,0
3.6189,0.55115,0,0.24421,17.008,0
3.6933,0.57557,0.26609,0.26609,17.319,1.083
3.7157,0.60218,0.29033,0.29033,17.635,0.98099
3.7157,0.63121,0,0.3073,17.945,0
3.7157,0.66194,0,0.32994,18.252,0
3.7157,0.69494,0,0.34443,18.556,0
3.7157,0.72938,0,0.33451,18.856,0
3.7157,0.76283,0,0.32275,19.153,0
3.8823,0.7951,0.34231,0.34231,19.5,0.71153
3.8823,0.82934,0,0.41299,19.807,0
3.9465,0.87063,0.52729,0.52729,20.124,0.12087
3.9465,0.92336,0,4.9,20.429,21.238
3.9465,1.4134,0,4.9,20.707,24.159
4.1558,1.9034,1.0147,4.9,20.969,13.462
4.1558,2.3934,0,4.9,21.169,28.857
4.1558,2.8834,0,4.9,21.321,31.903
4.484,3.3734,1.1801,4.8021,21.467,16.73
4.484,3.8536,0,2.5773,21.554,12.891
4.484,4.1113,0,1.8846,21.604,8.5653
4.83,4.2998,1.0984,1.5424,21.681,0
4.943,4.454,1.07,1.3436,21.726,0
5.06,4.5884,0.99161,1.2351,21.768,0
5.06,4.7119,0,1.1234,21.809,3.5525
5.06,4.8242,0,1.014,21.838,3.3574
5.06,4.9256,0,0.92258,21.856,3.229
5.06,5.0179,0,0.83727,21.865,3.1054
5.06,5.1016,0,0.7474,21.865,2.9327
5.06,5.1763,0,0.60938,21.857,2.4984
5.06,5.2373,0,0.397,21.843,1.7317
5.06,5.277,0,0.15766,21.823,0.94175
5.06,5.2927,0,-0.0042707,21.801,0.49757
5.0503,5.2923,-2.0611,-0.013784,22.041,22.172
5.0503,5.2909,0,-0.025393,22.017,0.46083
5.0503,5.2884,0,-0.038472,21.993,0.42219
5.0503,5.2846,0,-0.053069,21.969,0.37799
5.0503,5.2792,0,-0.066705,21.946,0.3342
5.0503,5.2726,0,-0.076162,21.924,0.29821
5.0503,5.265,0,-0.080084,21.902,0.27327
5.0503,5.257,0,-0.076969,21.881,0.2633
5.0503,5.2493,0,-0.067086,21.861,0.26911
5.0503,5.2425,0,-0.052045,21.841,0.28907
4.6703,5.2373,3.0742,-0.034315,21.101,7.5568
4.6703,5.2339,0,-0.016022,21.044,1.2818
4.6703,5.2323,0,0.037271,20.988,1.4595
4.6703,5.236,0,0.50905,20.932,3.5603
4.6703,5.2869,0,0.75393,20.873,5.1389
4.6703,5.3623,0,0.8209,20.807,5.8583
4.6703,5.4444,0,0.77965,20.734,5.9349
4.6703,5.5224,0,0.7222,20.653,5.8924
4.6703,5.5946,0,0.7155,20.564,6.1465
4.6703,5.6662,0,0.76225,20.468,6.7467
4.6703,5.7424,0,0.86589,20.364,7.7722
4.6703,5.829,0,0.98483,20.253,9.0018
4.6703,5.9275,0,1.1097,20.132,10.389
4.6703,6.0384,0,1.2133,20.001,11.727
4.6703,6.1598,0,1.3093,19.858,13.102
4.6703,6.2907,0,1.397,19.702,14.497
4.6703,6.4304,0,1.5195,19.533,16.279
7.7222,6.5823,2.6976,1.6424,21.894,0
7.7222,6.7466,0,1.7209,21.999,4.7058
8.2275,6.9187,1.7818,1.7521,22.133,0
8.2275,7.0939,0,1.6999,22.255,3.9142
8.2275,7.2639,0,1.5742,22.36,3.821
8.2275,7.4213,0,1.3969,22.448,3.3749
8.5889,7.561,0.16791,1.2095,22.616,0.7052
8.5889,7.6819,0,1.0615,22.713,1.2244
8.5889,7.7881,0,0.94803,22.798,1.0503
8.5889,7.8829,0,0.87481,22.873,1.0279
8.5889,7.9704,0,0.85427,22.94,1.2155
8.8904,8.0558,1.7347,0.89843,23.05,0
8.8904,8.1456,0,0.96903,23.129,1.3285
8.8904,8.2425,0,1.0945,23.199,2.2823
8.8904,8.352,0,1.2567,23.258,3.5935
8.8904,8.4777,0,1.3863,23.306,4.8946
8.8904,8.6163,0,1.5027,23.34,6.256
8.8904,8.7666,0,1.6058,23.36,7.6538
8.8904,8.9271,0,1.6759,23.364,8.9171
8.8904,9.0947,0,1.726,23.352,10.102
8.8904,9.2673,0,1.7739,23.323,11.328
8.8904,9.4447,0,1.8009,23.276,12.435
11.739,9.6248,2.3635,1.801,24.743,0
11.739,9.8049,0,1.8122,24.945,1.4478
11.739,9.9861,0,1.8004,25.13,2.0646
11.739,10.166,0,1.7903,25.296,2.7039
12.63,10.345,2.2021,1.7795,25.623,0
12.63,10.523,0,1.7743,25.842,0.62263
13.062,10.701,2.2411,1.7661,26.078,0
13.281,10.877,2.2312,1.7642,26.324,0
13.281,11.054,0,1.7696,26.555,0.17741
13.281,11.231,0,1.7715,26.769,0.80504
13.281,11.408,0,1.7751,26.966,1.4685
14.165,11.585,1.891,1.7627,27.351,0
14.165,11.762,0,1.7454,27.601,0
14.545,11.936,1.6238,1.7249,27.871,0
14.709,12.109,1.446,1.6927,28.133,0
14.846,12.278,1.2437,1.646,28.387,0
14.846,12.442,0,1.6016,28.635,0
14.846,12.603,0,1.5455,28.867,0
14.846,12.757,0,1.478,29.084,0
14.846,12.905,0,1.3908,29.285,0
15.218,13.044,-0.057997,1.3065,29.578,0
15.218,13.175,0,1.2163,29.789,0
15.218,13.296,0,1.1207,29.987,0
15.218,13.408,0,1.0274,30.173,0
15.218,13.511,0,0.94995,30.349,0
15.218,13.606,0,0.8831,30.515,0
15.218,13.694,0,0.81152,30.672,0
15.218,13.776,0,0.72936,30.82,0
15.218,13.848,0,0.6184,30.961,0
15.218,13.91,0,0.47584,31.095,0
15.218,13.958,0,0.31926,31.223,0
14.249,13.99,-2.9442,0.1447,31.096,48.907
14.249,14.004,0,-0.004267,31.121,0
14.249,14.004,0,-0.02994,31.146,0
14.249,14.001,0,-0.055698,31.17,0
14.249,13.995,0,-0.079019,31.195,0
14.249,13.987,0,-0.1019,31.221,0
14.249,13.977,0,-0.12363,31.248,0
14.249,13.965,0,-0.14217,31.276,0
14.249,13.951,0,-0.15836,31.305,0
12.116,13.935,-1.4499,-0.17463,30.273,19.356
12.116,13.917,0,-0.18775,30.092,4.3489
11.857,13.899,-0.99554,-0.19961,29.881,13.917
11.857,13.879,0,-0.20915,29.678,5.0089
11.857,13.858,0,-0.21757,29.477,4.8907
11.857,13.836,0,-0.22422,29.278,4.7797
11.578,13.814,-0.19277,-0.22806,29.011,6.9469
11.568,13.791,-0.13613,-0.22932,28.782,6.4971
11.561,13.768,-0.025445,-0.23004,28.57,5.7232
11.561,13.745,0,-0.22993,28.35,5.4867
11.561,13.722,0,-0.22822,28.133,5.4118
11.561,13.699,0,-0.22551,27.918,5.3432
11.619,13.676,0.23016,-0.22402,27.701,3.8938
11.619,13.654,0,-0.22195,27.497,4.9901
11.619,13.632,0,-0.21729,27.295,4.9353
11.619,13.61,0,-0.20779,27.094,4.9074
11.863,13.589,1.4172,-0.19559,26.934,1.24
11.863,13.57,0,-0.1786,26.763,4.0701
11.863,13.552,0,-0.16035,26.593,4.0979
11.863,13.536,0,-0.14202,26.425,4.1326
11.863,13.522,0,-0.12539,26.258,4.1657
11.863,13.509,0,-0.10769,26.093,4.21
11.863,13.498,0,-0.094276,25.929,4.2396
11.863,13.489,0,-0.081601,25.766,4.2703
11.863,13.481,0,-0.069028,25.603,4.3051
11.863,13.474,0,-0.056909,25.442,4.3423
11.863,13.468,0,-0.044904,25.281,4.3834
13.195,13.464,1.2027,-0.032139,25.922,0.46882
13.312,13.46,1.2881,-0.017713,25.903,0.68597
13.44,13.459,1.363,-0.0022265,25.892,0.94051
13.44,13.458,0,0.058304,25.89,0.17143
13.44,13.464,0,0.12229,25.888,0.35062
13.44,13.477,0,0.18869,25.885,0.57406
13.44,13.495,0,0.2574,25.88,0.84632
13.44,13.521,0,0.32484,25.873,1.1591
13.44,13.554,0,0.38835,25.864,1.502
14.49,13.592,1.6962,0.45189,26.189,1.0904
14.49,13.638,0,0.51182,26.276,0
14.49,13.689,0,0.56886,26.359,0
14.49,13.746,0,0.62498,26.436,0
14.49,13.808,0,0.6885,26.507,0.34555
14.49,13.877,0,0.74802,26.572,0.77876
14.49,13.952,0,0.80255,26.63,1.2421
15.782,14.032,2.0824,0.86171,27.112,1.8863
15.782,14.118,0,0.9166,27.283,0
15.782,14.21,0,0.96753,27.445,0
15.782,14.307,0,1.0183,27.597,0
15.782,14.409,0,1.0606,27.74,0
15.782,14.515,0,1.1006,27.872,0.24509
15.782,14.625,0,1.1428,27.993,0.7778
15.782,14.739,0,1.1751,28.103,1.3096
15.782,14.856,0,1.215,28.201,1.9182
15.782,14.978,0,1.2511,28.288,2.551
15.782,15.103,0,1.2822,28.362,3.1971
15.782,15.231,0,1.303,28.424,3.8181
15.782,15.362,0,1.3275,28.472,4.4903
15.782,15.494,0,1.3522,28.508,5.1942
15.782,15.63,0,1.3668,28.53,5.8619
15.782,15.766,0,1.388,28.538,6.5966
15.782,15.905,0,1.408,28.533,7.3507
15.782,16.046,0,1.4214,28.514,8.0833
15.782,16.188,0,1.4327,28.48,8.8209
19.581,16.331,1.8646,1.4419,32.063,0.38416
19.581,16.475,0,1.4477,32.38,0
19.581,16.62,0,1.4585,32.684,0
19.581,16.766,0,1.4666,32.973,0
19.581,16.913,0,1.4773,33.247,0
19.581,17.06,0,1.4904,33.506,0
19.581,17.209,0,1.4955,33.751,0
20.877,17.359,1.818,1.5012,34.416,0.40187
20.877,17.509,0,1.5044,34.761,0
21.234,17.66,1.7155,1.5097,35.13,0
21.234,17.811,0,1.5111,35.48,0
21.577,17.962,1.5771,1.5113,35.855,0
21.577,18.113,0,1.505,36.209,0
21.893,18.263,1.5364,1.5021,36.572,0
21.893,18.414,0,1.4971,36.928,0
21.893,18.563,0,1.4902,37.268,0
22.361,18.712,1.6167,1.4886,37.672,0
22.361,18.861,0,1.4875,38.029,0
22.678,19.01,1.6353,1.4833,38.419,0.021763
22.678,19.158,0,1.4857,38.779,0
22.678,19.307,0,1.4893,39.123,0
23.199,19.456,1.789,1.494,39.538,0.93696
23.369,19.605,1.8271,1.4958,39.923,1.1887
23.369,19.755,0,1.4993,40.292,0
23.369,19.905,0,1.5062,40.646,0
23.369,20.055,0,1.5144,40.984,0
23.369,20.207,0,1.5229,41.308,0
24.294,20.359,1.8402,1.5312,41.845,1.5015
24.294,20.512,0,1.5385,42.231,0
24.294,20.666,0,1.5446,42.601,0
24.294,20.82,0,1.548,42.956,0
24.294,20.975,0,1.5537,43.296,0
24.294,21.131,0,1.5547,43.62,0
24.294,21.286,0,1.5514,43.929,0
24.294,21.441,0,1.5574,44.222,0
24.294,21.597,0,1.5646,44.499,0
25.923,21.753,1.7336,1.5647,45.494,1.3731
25.923,21.91,0,1.5628,45.903,0
26.279,22.066,1.7378,1.5691,46.335,1.506
26.279,22.223,0,1.5671,46.748,0
26.616,22.38,1.7233,1.5661,47.178,1.5309
26.616,22.536,0,1.5658,47.594,0
26.616,22.693,0,1.5687,47.994,0
26.616,22.85,0,1.5664,48.379,0
26.616,23.006,0,1.5632,48.748,0
26.616,23.163,0,1.5644,49.101,0
26.616,23.319,0,1.5658,49.438,0
26.616,23.476,0,1.5696,49.76,0
26.616,23.633,0,1.5734,50.067,0
26.616,23.79,0,1.5795,50.357,0
26.616,23.948,0,1.5796,50.632,0
26.616,24.106,0,1.5797,50.891,0
28.727,24.264,1.7583,1.583,52.414,2.4243
28.895,24.422,1.759,1.5816,52.87,2.4833
28.895,24.58,0,1.5811,53.31,0
29.237,24.739,1.7066,4.8,53.767,0
29.237,25.219,0,1.4359,54.193,0
29.237,25.362,0,4.8,54.587,15.343
29.237,25.842,0,1.2971,54.951,0
29.237,25.972,0,4.8,55.284,18.829
29.237,26.452,0,1.1406,55.587,0
29.237,26.566,0,1.1208,55.859,0
29.237,26.678,0,4.8,56.121,22.984
29.237,27.158,0,0.91792,56.353,0
