23.889,23.889,-1.2974,0,35.5,8.129
23.889,23.889,0,-0.016809,35.5,0
23.889,23.887,0,-0.032234,35.5,0
23.889,23.884,0,-0.047373,35.5,0
23.401,23.879,-1.2679,-0.063506,35.395,9.8197
23.401,23.873,0,-0.080526,35.348,0.85372
23.13,23.865,-1.3072,-0.097913,35.288,11.433
23.13,23.855,0,-0.11485,35.215,1.3814
23.13,23.844,0,-0.12975,35.143,1.3045
23.13,23.831,0,-0.14465,35.072,1.2258
23.13,23.816,0,-0.15951,35.003,1.1456
23.13,23.8,0,-0.17702,34.935,1.0564
23.13,23.782,0,-0.19272,34.869,0.97097
23.13,23.763,0,-0.21014,34.805,0.88024
23.13,23.742,0,-0.2249,34.743,0.79558
21.99,23.72,-1.2374,-0.24134,34.179,14.885
21.99,23.696,0,-0.25611,34.007,3.7015
21.99,23.67,0,-0.27172,33.838,3.5489
21.99,23.643,0,-0.28652,33.671,3.3978
21.99,23.614,0,-0.30355,33.508,3.2356
21.381,23.584,-1.2401,-0.32083,33.177,16.947
21.381,23.552,0,-0.33621,32.959,4.8832
21.135,23.518,-1.2113,-0.35441,32.707,17.28
21.007,23.483,-1.1947,-0.37218,32.456,17.414
20.879,23.445,-1.2072,-0.39006,32.209,17.961
20.879,23.406,0,-0.4066,31.955,5.79
20.879,23.366,0,-0.4242,31.704,5.5491
20.879,23.323,0,-0.44271,31.457,5.3017
20.879,23.279,0,-0.46251,31.215,5.0465
20.247,23.233,-1.2509,-0.48306,30.826,20.218
20.247,23.184,0,-0.50403,30.53,6.7773
20.247,23.134,0,-0.52355,30.239,6.4775
20.247,23.082,0,-0.54497,29.953,6.1662
20.247,23.027,0,-0.56551,29.672,5.8586
20.247,22.971,0,-0.58509,29.397,5.5557
20.247,22.912,0,-0.6007,29.128,5.273
20.247,22.852,0,-0.6155,28.864,4.9954
20.247,22.791,0,-0.62887,28.607,4.7263
20.247,22.728,0,-0.64282,28.355,4.4568
19.216,22.663,-0.70654,-0.65462,27.527,14.059
19.154,22.598,-0.72232,-0.66527,27.188,14.12
19.154,22.531,0,-0.67793,26.847,7.4619
19.154,22.464,0,-0.69079,26.513,7.1287
18.938,22.395,-0.64801,-0.70484,26.157,13.044
18.938,22.324,0,-0.71543,25.815,7.2804
18.825,22.253,-0.44484,-0.72559,25.466,10.766
18.773,22.18,-0.36863,-0.73449,25.131,9.9432
18.773,22.106,0,-0.74038,24.794,6.942
18.773,22.032,0,-0.74578,24.465,6.6378
18.662,21.958,-0.36564,-0.75175,24.128,9.3006
18.616,21.883,-0.38708,-0.75913,23.802,9.2926
18.579,21.807,-0.35321,-0.76474,23.471,8.8129
18.579,21.73,0,-0.76927,23.152,6.1207
18.579,21.653,0,-0.77321,22.841,5.8292
18.579,21.576,0,-0.77741,22.537,5.5407
18.579,21.498,0,-0.77716,22.241,5.2779
18.433,21.421,-0.13148,-0.77813,21.905,6.2414
18.433,21.343,0,-0.77779,21.61,5.2437
18.433,21.265,0,-0.77312,21.323,5.0069
18.433,21.188,0,-0.768,21.044,4.7776
18.433,21.111,0,-0.76173,20.772,4.5589
18.433,21.035,0,-0.75543,20.508,4.3457
18.393,20.959,0.00032995,-0.74433,20.231,4.2807
18.393,20.885,0,-0.7373,19.978,4.0817
18.393,20.811,0,-0.72863,19.733,3.8932
18.393,20.738,0,-0.72062,19.495,3.7076
18.393,20.666,0,-0.71053,19.264,3.5352
18.393,20.595,0,-0.69549,19.04,3.387
18.393,20.526,0,-0.6817,18.823,3.24
18.393,20.457,0,-0.66833,18.613,3.097
18.393,20.39,0,-0.65654,18.41,2.9536
18.393,20.325,0,-0.64165,18.214,2.826
18.393,20.261,0,-0.62766,18.024,2.7006
18.393,20.198,0,-0.61132,17.84,2.588
18.393,20.137,0,-0.59647,17.663,2.4757
18.393,20.077,0,-0.5833,17.491,2.3628
18.393,20.019,0,-0.57044,17.326,2.2534
18.393,19.962,0,-0.55522,17.166,2.1556
18.393,19.906,0,-0.53679,17.012,2.0721
18.393,19.853,0,-0.52011,16.864,1.9882
18.393,19.801,0,-0.50574,16.72,1.9021
18.393,19.75,0,-0.49064,16.582,1.8221
18.393,19.701,0,-0.46864,16.449,1.7662
18.393,19.654,0,-0.45072,16.32,1.7038
18.393,19.609,0,-0.43086,16.196,1.6515
18.393,19.566,0,-0.41618,16.077,1.5892
18.526,19.524,0.1337,-0.39559,15.982,0.93779
18.526,19.485,0,-0.37404,15.884,1.2001
18.526,19.447,0,-0.35401,15.79,1.1663
18.526,19.412,0,-0.33261,15.699,1.1407
18.601,19.379,0.15583,-0.31724,15.631,0.62164
18.601,19.347,0,-0.29778,15.555,0.91454
18.601,19.317,0,-0.27834,15.482,0.89599
18.601,19.289,0,-0.26065,15.412,0.87759
18.601,19.263,0,-0.243,15.344,0.86311
18.601,19.239,0,-0.22979,15.279,0.8416
18.601,19.216,0,-0.2117,15.217,0.83537
18.601,19.195,0,-0.19809,15.156,0.82203
18.732,19.175,0.14471,-0.18774,15.173,0.24314
18.752,19.156,0.15547,-0.17173,15.127,0.18175
18.752,19.139,0,-0.15789,15.088,0.46328
18.752,19.123,0,-0.14373,15.05,0.46176
18.752,19.109,0,-0.12863,15.014,0.46568
18.752,19.096,0,-0.11241,14.979,0.47588
18.752,19.085,0,-0.098334,14.945,0.48494
18.752,19.075,0,-0.089073,14.912,0.48569
18.752,19.066,0,-0.076531,14.88,0.49671
18.752,19.058,0,-0.069261,14.849,0.49765
18.752,19.051,0,-0.059902,14.819,0.50556
18.752,19.045,0,-0.051362,14.789,0.51367
18.752,19.04,0,-0.044038,14.76,0.52074
18.752,19.036,0,-0.038626,14.732,0.52465
18.965,19.032,0.15689,-0.029338,14.837,0
18.979,19.029,0.12586,-0.021722,14.833,0
18.979,19.027,0,-0.012453,14.828,0.071785
18.979,19.026,0,-0.0077272,14.824,0.079428
18.979,19.025,0,0.00034111,14.819,0.095519
18.979,19.025,0,0.00085838,14.814,0.096737
18.979,19.025,0,0.0003604,14.81,0.095815
18.979,19.025,0,0.0003618,14.805,0.095894
18.979,19.025,0,0.00042361,14.801,0.096107
18.979,19.025,0,0.001035,14.796,0.097551
18.979,19.025,0,-0.00076641,14.792,0.093781
19.017,19.025,-0.038853,-0.0034706,14.796,0.094503
19.017,19.025,0,-0.0033489,14.796,0.0085041
19.017,19.025,0,-0.0040809,14.795,0.0062799
19.017,19.024,0,-0.0050243,14.794,0.0034673
19.017,19.024,0,-0.010159,14.794,0
19.017,19.023,0,-0.015479,14.793,0
19.017,19.021,0,-0.027001,14.793,0
19.017,19.018,0,-0.035461,14.792,0
19.017,19.015,0,-0.039226,14.792,0
19.017,19.011,0,-0.049642,14.793,0
19.017,19.006,0,-0.054063,14.794,0
19.017,19.001,0,-0.065096,14.795,0
19.017,18.994,0,-0.068478,14.797,0
18.82,18.987,-0.27171,-0.073945,14.7,0.96444
18.82,18.98,0,-0.084562,14.684,0.15057
18.82,18.971,0,-0.091679,14.668,0.11897
18.745,18.962,-0.23283,-0.096234,14.646,0.88529
18.719,18.953,-0.25686,-0.10376,14.619,0.98695
18.719,18.942,0,-0.1127,14.596,0.22024
18.669,18.931,-0.38574,-0.11717,14.553,1.5226
18.669,18.919,0,-0.13065,14.528,0.23839
18.669,18.906,0,-0.13957,14.503,0.19414
18.669,18.892,0,-0.15546,14.48,0.13622
18.669,18.877,0,-0.16254,14.459,0.093515
18.669,18.86,0,-2.9,14.439,43.022
18.669,18.57,0,-0.064315,14.434,0
18.669,18.564,0,-0.080203,14.444,0
18.339,18.556,-0.5399,-0.097054,14.344,2.2043
18.339,18.546,0,-0.11564,14.322,0.18125
18.339,18.535,0,-0.13383,14.302,0.12254
18.339,18.521,0,-0.15839,14.283,0.052153
18.339,18.505,0,-2.9,14.266,43.72
18.339,18.215,0,-0.086535,14.264,0
18.339,18.207,0,-0.1159,14.277,0
18.339,18.195,0,-0.14103,14.291,0
17.802,18.181,-0.67395,-0.17094,14.11,3.1718
17.802,18.164,0,-4.4,14.073,408.12
17.675,17.724,-0.61996,-0.021547,14.029,2.4432
17.675,17.722,0,-0.044507,14.024,0.003027
17.675,17.717,0,-0.069283,14.02,0
17.675,17.71,0,-0.095884,14.016,0
17.675,17.701,0,-0.11588,14.013,0
17.675,17.689,0,-0.1326,14.011,0
17.675,17.676,0,-0.15354,14.01,0
17.675,17.661,0,-0.17253,14.011,0
17.675,17.643,0,-4.4,14.013,721.26
17.675,17.203,0,-0.0085574,14.038,0
17.149,17.203,-0.40372,-0.023539,13.792,1.3534
17.149,17.2,0,-0.039206,13.787,0.022746
17.149,17.196,0,-0.054187,13.782,0
17.149,17.191,0,-0.066137,13.778,0
17.149,17.184,0,-0.076152,13.774,0
17.149,17.177,0,-0.079088,13.771,0
17.149,17.169,0,-0.086174,13.768,0
17.149,17.16,0,-0.089738,13.767,0
16.935,17.151,-0.36922,-0.096403,13.658,1.3984
16.902,17.141,-0.42579,-0.10723,13.625,1.6721
16.902,17.131,0,-0.12369,13.601,0.20895
16.902,17.118,0,-4.4,13.579,491.82
16.902,16.678,0,0.012643,13.58,0
16.902,16.68,0,0.0033366,13.602,0
16.902,16.68,0,-0.019307,13.624,0
16.902,16.678,0,-0.048271,13.646,0
16.902,16.673,0,-0.074683,13.669,0
16.902,16.666,0,-0.095776,13.692,0
16.902,16.656,0,-0.11607,13.716,0
16.902,16.645,0,-0.14232,13.742,0
16.902,16.63,0,-0.16243,13.768,0
16.902,16.614,0,-0.18887,13.796,0
16.902,16.595,0,-4.4,13.826,1331.8
16.902,16.155,0,-0.050183,13.879,0
16.902,16.15,0,-0.074166,13.954,0
16.902,16.143,0,-0.095784,14.029,0
15.864,16.133,-0.63719,-0.1192,13.19,2.824
15.864,16.121,0,-0.14021,13.163,0.23321
15.864,16.107,0,-0.16156,13.138,0.16376
15.688,16.091,-0.63648,-0.18004,13.092,2.9803
15.688,16.073,0,-0.19942,13.053,0.36998
15.688,16.053,0,-4.4,13.016,406.79
15.688,15.613,0,-0.049168,13.001,0
15.427,15.608,-0.72983,-0.079808,12.965,3.2978
15.427,15.6,0,-0.10867,12.948,0.12893
15.427,15.589,0,-0.13875,12.931,0.05097
15.217,15.575,-0.69614,-0.15877,12.889,3.3028
15.217,15.56,0,-0.1876,12.854,0.30918
15.217,15.541,0,-0.21281,12.821,0.22435
15.217,15.52,0,-4.4,12.789,439.23
15.217,15.08,0,-0.064557,12.781,0
15.217,15.073,0,-0.093777,12.795,0
14.788,15.064,-0.59176,-0.12071,12.695,2.5752
14.729,15.052,-0.46953,-0.14157,12.665,1.9901
14.729,15.038,0,-0.15262,12.633,0.31083
14.729,15.022,0,-0.1682,12.603,0.24841
14.729,15.005,0,-0.1758,12.575,0.20065
14.729,14.988,0,-0.18724,12.548,0.14581
14.543,14.969,-0.30996,-4.4,12.462,596.1
14.543,14.529,0,-0.0034513,12.441,0
14.543,14.529,0,-0.013301,12.442,0
14.543,14.527,0,-0.023007,12.444,0
14.543,14.525,0,-0.029485,12.446,0
14.543,14.522,0,-0.039409,12.448,0
14.543,14.518,0,-0.041644,12.45,0
14.543,14.514,0,-0.042457,12.453,0
14.409,14.51,-0.093514,-0.04408,12.398,0.33529
14.409,14.505,0,-0.043306,12.388,0.10659
14.409,14.501,0,-0.045825,12.379,0.092382
14.409,14.497,0,-0.046281,12.37,0.082059
14.409,14.492,0,-0.049265,12.361,0.066468
14.409,14.487,0,-0.048187,12.353,0.058698
14.409,14.482,0,-0.04791,12.346,0.049518
14.409,14.477,0,-0.046614,12.338,0.042488
14.358,14.473,-0.11024,-0.050729,12.316,0.39512
14.342,14.468,-0.14195,-0.055257,12.307,0.49501
14.342,14.462,0,-0.05929,12.294,0.12072
14.342,14.456,0,-0.065035,12.283,0.09672
14.271,14.45,-0.36172,-0.079213,12.271,1.3258
14.271,14.442,0,-0.093278,12.253,0.15462
14.271,14.432,0,-0.11026,12.237,0.10208
14.271,14.421,0,-4.4,12.221,539.11
14.271,13.981,0,0.022876,12.228,0
14.02,13.984,-0.63253,0.0089159,12.215,2.3692
14.02,13.985,0,-0.012515,12.219,0
14.02,13.983,0,-0.041996,12.222,0
13.828,13.979,-0.67825,-0.065472,12.186,2.9333
13.828,13.973,0,-0.096032,12.171,0.096877
13.828,13.963,0,-0.12295,12.157,0.02726
13.828,13.951,0,-0.14153,12.144,0
13.563,13.937,-0.59828,-0.16348,12.079,2.7405
13.563,13.92,0,-0.18014,12.042,0.3546
13.563,13.902,0,-0.20162,12.007,0.27574
13.563,13.882,0,-0.22479,11.975,0.1946
13.308,13.86,-0.67794,-4.4,11.923,2036.9
13.308,13.42,0,-0.079532,11.89,0.063922
13.167,13.412,-0.70213,-0.10568,11.858,3.2096
13.104,13.401,-0.65216,-0.12874,11.825,2.9636
13.104,13.388,0,-0.15398,11.796,0.2587
12.976,13.373,-0.558,-0.17334,11.757,2.5441
12.976,13.355,0,-0.19158,11.718,0.37481
12.976,13.336,0,-0.2095,11.681,0.30069
12.976,13.315,0,-4.4,11.646,419.72
12.976,12.875,0,-0.040501,11.634,0
12.976,12.871,0,-0.055429,11.644,0
12.976,12.866,0,-0.066594,11.655,0
12.976,12.859,0,-0.076363,11.667,0
12.976,12.851,0,-0.085331,11.679,0
12.976,12.843,0,-0.09772,11.692,0
12.976,12.833,0,-0.10902,11.705,0
12.976,12.822,0,-0.12043,11.72,0
12.976,12.81,0,-0.13691,11.736,0
12.976,12.796,0,-4.4,11.754,966.34
12.976,12.356,0,0.015307,11.794,0
12.976,12.358,0,0.0023253,11.856,0
12.976,12.358,0,-0.01473,11.917,0
12.976,12.357,0,-0.031703,11.979,0
12.976,12.354,0,-0.054154,12.041,0
12.184,12.348,-0.5188,-0.069793,11.353,2.0498
12.128,12.341,-0.51242,-0.090847,11.335,2.0813
12.128,12.332,0,-0.10837,11.314,0.1912
12.128,12.321,0,-0.12164,11.294,0.1428
12.128,12.309,0,-0.13615,11.275,0.09128
12.128,12.295,0,-0.14976,11.258,0.040786
12.128,12.28,0,-0.16938,11.242,0
12.128,12.264,0,-4.4,11.227,550.86
12.128,11.824,0,-0.010478,11.236,0
12.128,11.823,0,-0.026658,11.266,0
12.128,11.82,0,-0.034745,11.297,0
12.128,11.816,0,-0.042892,11.328,0
12.128,11.812,0,-0.050525,11.359,0
12.128,11.807,0,-0.052374,11.391,0
12.128,11.802,0,-0.050796,11.423,0
12.128,11.797,0,-0.051175,11.456,0
12.128,11.792,0,-0.047616,11.489,0
12.128,11.787,0,-0.044745,11.523,0
11.688,11.782,0.13903,-0.039971,11.014,0
11.688,11.778,0,-0.03347,11.005,0.1147
11.688,11.775,0,-0.029198,10.996,0.11697
11.688,11.772,0,-0.020644,10.987,0.12955
11.733,11.77,0.19328,-0.015921,10.989,0
11.733,11.768,0,-0.0093134,10.985,0.053985
11.733,11.768,0,-0.0015515,10.982,0.068818
11.733,11.767,0,0.0056843,10.978,0.084386
11.733,11.768,0,0.011368,10.975,0.098256
11.733,11.769,0,0.01643,10.971,0.1121
11.733,11.771,0,0.022858,10.967,0.13034
11.733,11.773,0,0.02984,10.963,0.15152
11.733,11.776,0,0.034226,10.959,0.16837
11.733,11.779,0,0.039469,10.955,0.18842
11.733,11.783,0,0.046777,10.95,0.21491
11.733,11.788,0,0.051845,10.944,0.23786
11.733,11.793,0,0.058488,10.939,0.26621
11.733,11.799,0,0.061982,10.932,0.28837
11.733,11.805,0,0.068698,10.925,0.31991
11.733,11.812,0,0.070923,10.918,0.34157
11.733,11.819,0,0.077808,10.909,0.37635
12.099,11.827,0.17939,0.081061,11.209,0
12.099,11.835,0,0.083983,11.236,0
12.099,11.843,0,0.083754,11.262,0
12.099,11.852,0,0.085996,11.287,0
12.15,11.86,0.18077,0.086935,11.325,0
12.15,11.869,0,0.0901,11.354,0
12.15,11.878,0,0.091942,11.382,0
12.15,11.887,0,0.09684,11.408,0
12.15,11.897,0,0.099874,11.434,0
12.15,11.907,0,0.10155,11.459,0
12.15,11.917,0,0.10474,11.483,0
12.288,11.928,0.14925,0.10876,11.543,0
12.288,11.939,0,0.10984,11.578,0
12.313,11.95,-0.080984,0.10996,11.606,0
12.313,11.961,0,0.1014,11.642,0
12.313,11.971,0,0.087502,11.677,0
12.313,11.979,0,0.041495,11.711,0
12.313,11.984,0,-0.063573,11.744,0
12.313,11.977,0,-0.23005,11.777,0
10.811,11.954,-6.9261,-0.45587,11.554,25.243
10.811,11.909,0,-0.72565,11.442,0.82099
10.811,11.836,0,-1.002,11.336,0.70585
10.811,11.736,0,-1.2756,11.238,1.2876
10.811,11.608,0,-6.5254,11.152,0
10.811,10.956,0,-6.3374,11.105,0
6.9616,10.322,-5.7108,-6.2807,9.9075,5.6914
6.9616,9.6939,0,-6.1263,9.6028,95.474
6.9616,9.0813,0,-5.9757,9.3602,94.535
6.9616,8.4837,0,-5.7469,9.1782,93.791
6.9616,7.9091,0,-5.5,9.0547,93.132
6.9616,7.3591,0,-5.2689,8.9874,92.49
6.9616,6.8322,0,-5.2,8.974,91.554
6.9616,6.3122,0,-5.2,9.013,90.488
6.9616,5.7922,0,-8.8,9.1039,81.858
6.9616,4.9122,0,-8.8,9.2649,80.054
6.9616,4.0322,0,-8.8,9.5138,78.25
1.6119,3.1522,-3.9706,-0.35322,6.7502,11.542
1.6119,3.1168,0,-0.45008,6.598,2.3311
1.6119,3.0718,0,-8.8,6.4497,0
1.6119,2.1918,0,-0.30155,6.3477,0.55612
1.6119,2.1617,0,-8.8,6.2912,0
1.6119,1.2817,0,-0.14663,6.2803,0
-0.26311,1.267,-1.564,-0.17269,5.7128,6.3153
-0.26311,1.2498,0,-8.8,5.5607,0
-0.26311,0.36975,0,-0.754,5.4534,0
-0.59676,0.29435,-0.53247,-0.53247,5.342,2.0818
-0.59676,0.24111,0,-0.51736,5.2555,0.88549
-0.59676,0.18937,0,-0.51926,5.1743,0.77544
-0.59676,0.13744,0,-0.5284,5.0983,0.64979
-0.80638,0.084605,-0.50841,-8.8,4.985,0
-0.80638,0,0,-8.8,4.9399,0
-0.91503,0,-0.47329,-8.8,4.8942,0
-0.91503,0,0,-8.8,4.8467,0
-0.91503,0,0,-8.8,4.7992,0
-0.91503,0,0,-8.8,4.7517,0
-1.1321,0,-0.50348,-8.8,4.6651,0
-1.1321,0,0,-8.8,4.5959,0
-1.1321,0,0,-8.8,4.5267,0
-1.1321,0,0,-8.8,4.4575,0
-1.1321,0,0,-8.8,4.3883,0
-1.1321,0,0,-8.8,4.3191,0
-1.1321,0,0,-8.8,4.2499,0
-1.1321,0,0,-8.8,4.1807,0
-1.5657,0,-0.79271,-8.8,3.9546,0
-1.5657,0,0,-8.8,3.842,0
-1.5657,0,0,-8.8,3.7295,0
-1.5657,0,0,-8.8,3.6169,0
-1.5657,0,0,-8.8,3.5043,0
-1.5657,0,0,-8.8,3.3918,0
-1.5657,0,0,-8.8,3.2792,0
-1.5657,0,0,-8.8,3.1666,0
-1.5657,0,0,-8.8,3.0541,0
-1.5657,0,0,-8.8,2.9415,0
-1.7154,0,0.72969,-8.8,2.5938,0
-1.7154,0,0,-8.8,2.4662,0
-1.7154,0,0,-8.8,2.3387,0
-1.7154,0,0,-8.8,2.2112,0
-1.3546,0,1.1023,-8.8,2.1599,0
-1.2494,0,1.1672,-8.8,2.0662,0
-1.127,0,1.1413,-8.8,1.9955,0
-1.0048,0,1.143,-8.8,1.9308,0
-1.0048,0,0,-8.8,1.8743,0
-1.0048,0,0,-8.8,1.8178,0
-1.0048,0,0,-8.8,1.7614,0
-0.52986,0,1.1782,-8.8,1.8146,0
-0.52986,0,0,-8.8,1.8056,0
-0.52986,0,0,-8.8,1.7966,0
-0.17913,0,1.2451,-8.8,1.8395,0
-0.17913,0,0,-8.8,1.8656,0
-0.17913,0,0,-8.8,1.8917,0
-0.17913,0,0,-8.8,1.9178,0
-0.17913,0,0,-8.8,1.9439,0
-0.17913,0,0,-8.8,1.97,0
-0.17913,0,0,-8.8,1.9961,0
0.61231,0,1.1481,-8.8,2.3071,0
0.61231,0,0,-8.8,2.4123,0
0.61231,0,0,-8.8,2.5176,0
0.95317,0,1.0679,-8.8,2.6756,0
0.95317,0,0,-8.8,2.8149,0
1.1508,0,1.0367,-8.8,2.9682,0
1.1508,0,0,-8.8,3.1273,0
1.1508,0,0,-8.8,3.2864,0
1.1508,0,0,-8.8,3.4454,0
1.1508,0,0,-8.8,3.6045,0
1.1508,0,0,-8.8,3.7636,0
1.1508,0,0,-8.8,3.9227,0
1.1508,0,0,-8.8,4.0818,0
2.0155,0,1.015,-8.8,4.5699,0
2.0155,0,0,-8.8,4.8155,0
2.0155,0,0,0.82903,5.061,0
2.0155,0.082903,0,0.81759,5.2584,0
2.0155,0.16466,0,0.84963,5.4476,0
2.0155,0.24962,0,0.85712,5.6284,0
2.0155,0.33534,0,0.8464,5.8007,0
2.0155,0.41998,0,0.8551,5.9645,0
2.731,0.50549,0.82095,0.82095,6.4081,0
2.8092,0.58758,0.79988,0.79988,6.6336,0
2.8853,0.66757,0.73544,0.73544,6.8613,0
2.964,0.74111,0.72197,0.72197,7.0849,0
3.0279,0.81331,0.6997,0.6997,7.3154,0
3.0279,0.88328,0,4.9,7.5334,26.513
3.0279,1.3733,0,4.9,7.7233,29.524
3.0279,1.8633,0,4.9,7.8643,32.579
3.0279,2.3533,0,2.966,7.9563,16.093
3.0279,2.6499,0,1.8098,8.0089,7.9792
3.0279,2.8309,0,1.3152,8.0377,5.3353
3.0279,2.9624,0,1.0307,8.0508,4.1052
3.0279,3.0654,0,0.8546,8.0522,3.4924
3.0279,3.1509,0,0.74307,8.0442,3.2017
3.5393,3.2252,0.22066,0.63022,8.3285,0.36219
3.5393,3.2882,0,0.52799,8.3567,0.97614
3.5393,3.341,0,0.45342,8.3792,0.84422
3.5393,3.3864,0,0.40574,8.3968,0.79712
3.6207,3.4269,0.15538,0.35572,8.4437,0.049741
3.6207,3.4625,0,0.30621,8.4613,0.44503
3.6207,3.4931,0,0.26114,8.4756,0.38271
3.6207,3.5193,0,0.25622,8.4871,0.4334
3.6207,3.5449,0,0.21035,8.4959,0.35946
3.6207,3.5659,0,0.18636,8.5025,0.34124
3.6207,3.5845,0,0.14528,8.507,0.27099
3.6207,3.5991,0,0.12113,8.5099,0.24016
3.6207,3.6112,0,0.068411,8.5115,0.13425
3.6207,3.618,0,0.052243,8.5121,0.11067
3.6207,3.6233,0,0.028636,8.5121,0.067544
3.6266,3.6261,-0.1165,0.00073073,8.5216,0.28059
3.6057,3.6262,-0.21687,-0.003716,8.5229,0.61971
3.6057,3.6258,0,-0.0077108,8.5208,0.025
