21.111,21.111,-0.32381,0,35.5,0.95944
21.111,21.111,0,-0.0035111,35.5,0
21.111,21.111,0,-0.007189,35.5,0
21.111,21.11,0,-0.010968,35.5,0
21.111,21.109,0,-0.014851,35.5,0
20.956,21.107,-0.26663,-0.017517,35.45,1.1047
20.956,21.106,0,-0.020486,35.435,0.27021
20.956,21.104,0,-0.023684,35.42,0.25824
20.956,21.101,0,-0.025085,35.405,0.24985
20.956,21.099,0,-0.026708,35.391,0.24067
20.956,21.096,0,-0.028134,35.377,0.23164
20.956,21.093,0,-0.029539,35.363,0.22238
20.956,21.09,0,-0.032062,35.35,0.21032
20.956,21.087,0,-0.036013,35.336,0.19461
20.956,21.084,0,-0.039321,35.323,0.17964
20.956,21.08,0,-0.044351,35.311,0.16033
20.956,21.075,0,-0.049458,35.299,0.14007
20.608,21.07,-0.31542,-0.054313,35.101,2.102
20.583,21.065,-0.32184,-0.056775,35.052,2.1855
20.583,21.059,0,-0.05889,35.004,0.9261
20.583,21.053,0,-0.062971,34.957,0.8998
20.583,21.047,0,-0.066278,34.91,0.87496
20.583,21.04,0,-0.071524,34.864,0.844
20.583,21.033,0,-0.077493,34.818,0.81011
20.583,21.025,0,-0.082278,34.774,0.77847
20.583,21.017,0,-0.087347,34.73,0.74528
20.583,21.008,0,-0.091931,34.687,0.71259
20.583,20.999,0,-0.096152,34.645,0.68015
20.583,20.99,0,-0.098787,34.604,0.65121
20.583,20.98,0,-0.10109,34.563,0.62279
20.583,20.97,0,-0.10441,34.524,0.59151
20.583,20.959,0,-0.10675,34.486,0.56223
20.583,20.949,0,-0.10915,34.449,0.53258
20.583,20.938,0,-0.11254,34.413,0.50028
20.583,20.926,0,-0.11337,34.378,0.47367
20.583,20.915,0,-0.11398,34.344,0.44758
20.583,20.904,0,-0.11508,34.312,0.42044
19.978,20.892,-0.043464,-0.11442,33.602,2.0584
19.978,20.881,0,-0.11381,33.511,1.8629
19.978,20.869,0,-0.11391,33.421,1.831
19.978,20.858,0,-0.1115,33.333,1.8081
19.978,20.847,0,-0.1095,33.245,1.7845
19.978,20.836,0,-0.10924,33.159,1.7554
19.978,20.825,0,-0.1077,33.073,1.7308
19.978,20.814,0,-0.10598,32.989,1.7074
19.978,20.804,0,-0.10477,32.906,1.6828
19.999,20.793,0.11548,-0.10271,32.827,1.2355
19.999,20.783,0,-0.10105,32.748,1.5818
20.01,20.773,0.019422,-0.099384,32.678,1.4673
20.01,20.763,0,-0.099347,32.602,1.5066
20.01,20.753,0,-0.099576,32.527,1.4795
20.01,20.743,0,-0.099271,32.453,1.4542
20.01,20.733,0,-0.10007,32.381,1.4254
20.01,20.723,0,-0.10124,32.309,1.3954
20.01,20.713,0,-0.10132,32.238,1.3688
20.01,20.703,0,-0.10129,32.168,1.3426
20.01,20.693,0,-0.10138,32.099,1.3161
20.01,20.682,0,-0.099757,32.032,1.2951
20.01,20.672,0,-0.09914,31.965,1.2715
19.932,20.662,-0.028032,-0.098707,31.848,1.5452
19.934,20.653,-0.071627,-0.097443,31.768,1.674
19.934,20.643,0,-0.098331,31.697,1.3933
19.934,20.633,0,-0.097641,31.627,1.3699
19.934,20.623,0,-0.097454,31.557,1.3451
19.934,20.614,0,-0.098088,31.489,1.3178
19.934,20.604,0,-0.09759,31.421,1.2941
19.934,20.594,0,-0.097739,31.355,1.2685
19.934,20.584,0,-0.097696,31.289,1.2437
19.934,20.574,0,-0.096667,31.225,1.222
19.934,20.565,0,-0.095798,31.161,1.2001
19.934,20.555,0,-0.095151,31.099,1.1778
19.934,20.546,0,-0.094627,31.037,1.1554
19.934,20.536,0,-0.095032,30.976,1.1304
19.934,20.527,0,-0.093747,30.916,1.1105
19.934,20.517,0,-0.094023,30.858,1.0863
19.934,20.508,0,-0.092843,30.8,1.0664
19.934,20.499,0,-0.090532,30.743,1.0503
19.934,20.49,0,-0.09019,30.687,1.0289
19.934,20.481,0,-0.088052,30.632,1.0129
19.934,20.472,0,-0.085507,30.577,0.99876
19.934,20.463,0,-0.083297,30.524,0.98423
19.934,20.455,0,-0.080687,30.472,0.97143
19.934,20.447,0,-0.078534,30.42,0.95795
19.92,20.439,0.093169,-0.075283,30.304,0.72813
19.934,20.431,0.10182,-0.072255,30.254,0.66512
19.951,20.424,0.1066,-0.068863,30.196,0.60768
19.951,20.417,0,-0.067089,30.149,0.87648
19.951,20.411,0,-0.064395,30.103,0.86795
19.951,20.404,0,-0.062703,30.057,0.8572
19.951,20.398,0,-0.061471,30.012,0.84556
19.951,20.392,0,-0.0584,29.968,0.83946
19.951,20.386,0,-0.057795,29.924,0.82709
19.951,20.38,0,-0.05697,29.881,0.81551
19.951,20.374,0,-0.056596,29.838,0.80287
19.986,20.369,-0.0616,-0.056756,29.806,0.88491
19.986,20.363,0,-0.056337,29.768,0.69386
19.986,20.357,0,-0.058003,29.73,0.67613
19.986,20.352,0,-0.058274,29.693,0.66185
19.986,20.346,0,-0.060102,29.657,0.64339
19.931,20.34,-0.12073,-0.061261,29.615,1.131
19.931,20.334,0,-0.062341,29.574,0.73922
19.931,20.327,0,-0.065576,29.534,0.71566
19.87,20.321,-0.13157,-0.067969,29.491,1.2593
19.87,20.314,0,-0.06767,29.446,0.82317
19.87,20.307,0,-0.067966,29.402,0.80612
19.87,20.301,0,-0.06775,29.359,0.7905
19.87,20.294,0,-0.067829,29.316,0.77415
19.839,20.287,-0.012339,-0.068147,29.266,0.86472
19.842,20.28,-0.029777,-0.066819,29.213,0.89578
19.842,20.273,0,-0.067102,29.17,0.79258
19.842,20.267,0,-0.066956,29.127,0.777
19.842,20.26,0,-0.067474,29.085,0.75966
19.842,20.253,0,-0.069528,29.044,0.73806
19.842,20.246,0,-0.070476,29.003,0.71911
19.782,20.239,-0.13813,-0.070763,28.94,1.2896
19.782,20.232,0,-0.073097,28.895,0.82194
19.782,20.225,0,-0.074399,28.85,0.80085
19.725,20.217,-0.12592,-0.07673,28.801,1.3213
19.725,20.21,0,-0.076997,28.752,0.89426
19.725,20.202,0,-0.078123,28.704,0.87243
19.725,20.194,0,-0.077661,28.657,0.85493
19.725,20.187,0,-0.076702,28.61,0.83899
19.725,20.179,0,-0.076486,28.565,0.82123
19.725,20.171,0,-0.07397,28.52,0.80999
19.725,20.164,0,-0.071177,28.475,0.80013
19.718,20.157,0.068855,-0.069519,28.429,0.62134
19.718,20.15,0,-0.068449,28.385,0.78952
19.718,20.143,0,-0.065643,28.342,0.78102
19.718,20.136,0,-0.06516,28.3,0.76675
19.718,20.13,0,-0.063208,28.259,0.75667
19.718,20.124,0,-0.060522,28.218,0.74909
19.747,20.117,0.12567,-0.059436,28.185,0.36991
19.756,20.112,0.14136,-0.057159,28.152,0.31296
19.756,20.106,0,-0.055506,28.117,0.63277
19.756,20.1,0,-0.053078,28.082,0.62634
19.756,20.095,0,-0.050644,28.048,0.62049
19.756,20.09,0,-0.047284,28.014,0.61766
19.756,20.085,0,-0.044427,27.981,0.61428
19.756,20.081,0,-0.043796,27.948,0.60564
19.756,20.076,0,-0.043691,27.916,0.59576
19.756,20.072,0,-0.043782,27.884,0.58541
19.756,20.068,0,-0.042554,27.853,0.57853
19.756,20.063,0,-0.039896,27.822,0.5757
19.822,20.059,0.080216,-0.038771,27.833,0.23635
19.822,20.055,0,-0.037547,27.809,0.41392
19.822,20.052,0,-0.035708,27.786,0.41009
19.822,20.048,0,-0.03574,27.763,0.40205
19.822,20.045,0,-0.034732,27.741,0.39657
19.822,20.041,0,-0.033264,27.719,0.39245
19.822,20.038,0,-0.030129,27.697,0.39277
19.822,20.035,0,-0.027624,27.675,0.39224
19.822,20.032,0,-0.023216,27.654,0.39701
19.822,20.03,0,-0.019042,27.633,0.40223
19.822,20.028,0,-0.017067,27.613,0.4029
19.822,20.026,0,-0.014793,27.592,0.40477
19.822,20.025,0,-0.01329,27.572,0.40522
19.822,20.023,0,-0.012362,27.552,0.40457
19.822,20.022,0,-0.010333,27.532,0.4069
19.822,20.021,0,-0.0093176,27.512,0.40714
19.822,20.02,0,-0.0091009,27.492,0.40558
19.822,20.019,0,-0.0089757,27.472,0.40384
19.966,20.018,0.027238,-0.0085723,27.613,0.031398
19.978,20.017,-0.0087985,-0.0064888,27.604,0.08649
19.968,20.017,-0.020777,-0.0080992,27.592,0.13039
19.972,20.016,-0.049633,-0.0072407,27.581,0.18904
19.972,20.015,0,-0.0071551,27.576,0.073647
19.965,20.014,-0.032023,-0.0082344,27.582,0.15782
19.965,20.014,0,-0.0077523,27.577,0.084683
19.97,20.013,0.019166,-0.0071281,27.572,0.033077
19.972,20.012,0.040033,-0.0067168,27.569,0
19.972,20.011,0,-0.0060536,27.565,0.069506
19.972,20.011,0,-0.0058372,27.561,0.068715
19.972,20.01,0,-0.0045052,27.557,0.070389
19.972,20.01,0,-0.0026434,27.553,0.073503
19.972,20.01,0,-0.0016254,27.549,0.075173
19.972,20.009,0,0.001408,27.545,0.081486
19.972,20.01,0,0.0014559,27.542,0.081887
19.972,20.01,0,0.0028448,27.538,0.085255
19.972,20.01,0,0.0048074,27.534,0.090199
19.972,20.01,0,0.0038611,27.53,0.089113
19.972,20.011,0,0.0033057,27.526,0.088696
19.972,20.011,0,0.0037076,27.522,0.090282
19.972,20.012,0,0.0032562,27.518,0.090063
19.972,20.012,0,0.0079979,27.514,0.10131
19.972,20.013,0,0.0087841,27.51,0.10477
19.972,20.014,0,0.013045,27.506,0.11625
19.972,20.015,0,0.015004,27.502,0.12349
19.972,20.016,0,0.016659,27.497,0.13049
19.972,20.018,0,0.017772,27.493,0.13662
20.087,20.02,-0.0066904,0.018708,27.661,0
20.087,20.022,0,0.015747,27.668,0
20.087,20.023,0,0.017035,27.674,0
20.087,20.025,0,0.01662,27.68,0
20.087,20.027,0,0.015462,27.687,0
20.087,20.028,0,0.013769,27.693,0
20.087,20.03,0,0.013794,27.698,0
20.094,20.031,0.077838,0.017386,27.702,0
20.094,20.033,0,0.020985,27.708,0
20.094,20.035,0,0.019684,27.714,0
20.094,20.037,0,0.020084,27.72,0
20.094,20.039,0,0.021466,27.726,0
20.127,20.041,0.11327,0.023773,27.741,0
20.127,20.043,0,0.028117,27.75,0
20.127,20.046,0,0.029671,27.758,0
20.127,20.049,0,0.033689,27.766,0
20.127,20.052,0,0.034043,27.774,0
20.127,20.056,0,0.038961,27.781,0
20.127,20.06,0,0.039232,27.788,0
20.127,20.064,0,0.040202,27.794,0
20.22,20.068,0.025482,0.042166,27.846,0
20.22,20.072,0,0.042312,27.861,0
20.22,20.076,0,0.040849,27.876,0
20.214,20.08,0.017322,0.03708,27.901,0
20.214,20.084,0,0.035681,27.915,0
20.219,20.087,-3.1565e-06,0.03659,27.928,0
20.219,20.091,0,0.037038,27.941,0
20.235,20.095,0.087873,0.03881,27.944,0
20.235,20.099,0,0.041653,27.958,0
20.235,20.103,0,0.046248,27.972,0
20.235,20.108,0,0.05275,27.985,0
20.235,20.113,0,0.056974,27.997,0
20.235,20.118,0,0.06012,28.009,0
20.235,20.124,0,0.064462,28.02,0
20.362,20.131,0.1211,0.064395,28.095,0
20.362,20.137,0,0.064581,28.118,0
20.362,20.144,0,0.067503,28.14,0
20.362,20.151,0,0.071817,28.162,0
20.362,20.158,0,0.078968,28.183,0
20.362,20.166,0,0.086641,28.203,0
20.362,20.174,0,0.093882,28.222,0
20.362,20.184,0,0.098187,28.24,0
20.362,20.194,0,0.10465,28.258,0
20.592,20.204,0.35899,0.10835,28.382,0
20.592,20.215,0,0.11511,28.42,0
20.592,20.226,0,0.12259,28.457,0
20.592,20.239,0,0.12942,28.493,0
20.592,20.252,0,0.13596,28.528,0
20.592,20.265,0,0.14701,28.562,0
20.592,20.28,0,0.155,28.594,0
20.882,20.295,0.48762,0.16421,28.726,0
20.882,20.312,0,0.1733,28.784,0
20.882,20.329,0,0.18579,28.84,0
20.882,20.348,0,0.199,28.894,0
20.882,20.368,0,0.2115,28.947,0
20.882,20.389,0,0.22265,28.997,0
20.882,20.411,0,0.23497,29.045,0
21.31,20.434,0.60892,0.24608,29.241,0
21.31,20.459,0,0.25739,29.327,0
21.31,20.485,0,0.26805,29.411,0
21.31,20.512,0,0.28165,29.492,0
21.31,20.54,0,0.29186,29.571,0
21.63,20.569,0.58711,0.29938,29.728,0
21.63,20.599,0,0.30769,29.832,0
21.63,20.63,0,0.31261,29.934,0
21.788,20.661,0.50453,0.31873,30.065,0
21.788,20.693,0,0.32272,30.176,0
21.788,20.725,0,0.32998,30.284,0
21.788,20.758,0,0.33393,30.389,0
21.788,20.791,0,0.33794,30.49,0
21.788,20.825,0,0.34282,30.588,0
21.788,20.86,0,0.34372,30.683,0
21.788,20.894,0,0.34041,30.774,0
21.788,20.928,0,0.33681,30.861,0
21.788,20.962,0,0.33531,30.946,0
21.788,20.995,0,0.32739,31.027,0
21.788,21.028,0,0.31981,31.104,0
21.788,21.06,0,0.31319,31.179,0
22.164,21.091,0.0086286,0.30637,31.583,0
22.164,21.122,0,0.29936,31.689,0
22.164,21.152,0,0.2924,31.791,0
22.181,21.181,-0.039221,0.28597,31.889,0
22.181,21.21,0,0.27406,31.988,0
22.181,21.237,0,0.26219,32.084,0
22.181,21.263,0,0.25107,32.177,0
22.181,21.288,0,0.23964,32.267,0
22.097,21.312,-0.19945,0.22507,32.351,0
22.097,21.335,0,0.21286,32.429,0
22.057,21.356,-0.24708,0.20103,32.491,0
22.037,21.376,-0.27363,0.18957,32.554,0
22.009,21.395,-0.29651,0.17612,32.627,0
22.009,21.413,0,0.16452,32.687,0
22.009,21.429,0,0.1491,32.746,0
22.009,21.444,0,0.13467,32.803,0
22.009,21.458,0,0.12347,32.859,0
22.009,21.47,0,0.11821,32.913,0
22.009,21.482,0,0.11071,32.967,0
21.853,21.493,-0.22996,0.10339,32.947,0.029029
21.853,21.503,0,0.094559,32.982,0
21.853,21.513,0,0.079836,33.017,0
21.853,21.521,0,0.067565,33.05,0
21.853,21.527,0,0.04837,33.083,0
21.853,21.532,0,0.024109,33.115,0
21.853,21.535,0,-0.0025829,33.147,0
21.384,21.534,-1.5313,-0.02003,33.054,11.841
21.384,21.532,0,-0.041233,33.039,0.22077
21.384,21.528,0,-0.065402,33.024,0.15914
21.384,21.522,0,-0.091136,33.01,0.093022
21.384,21.513,0,-0.11833,32.997,0.023596
21.384,21.501,0,-0.14579,32.984,0
21.384,21.486,0,-0.17345,32.973,0
21.384,21.469,0,-0.20264,32.964,0
21.384,21.449,0,-0.23203,32.957,0
21.384,21.425,0,-0.26161,32.951,0
21.384,21.399,0,-0.29274,32.948,0
19.088,21.37,-2.2664,-0.32185,31.722,38.547
19.088,21.338,0,-0.35296,31.495,5.0773
19.088,21.302,0,-0.38539,31.272,4.791
19.088,21.264,0,-0.41769,31.052,4.5025
18.195,21.222,-2.2176,-0.44857,30.644,41.179
18.195,21.177,0,-0.4807,30.343,7.0846
18.195,21.129,0,-0.51485,30.047,6.7049
18.195,21.078,0,-0.54908,29.756,6.3218
18.195,21.023,0,-0.58437,29.471,5.9316
18.195,20.964,0,-0.61795,29.191,5.5499
18.195,20.903,0,-0.65562,28.917,5.1494
16.68,20.837,-2.2006,-0.69638,28.108,45.989
16.68,20.767,0,-0.73674,27.696,9.9735
16.68,20.694,0,-0.78184,27.291,9.3732
16.68,20.616,0,-0.8323,26.893,8.7388
16.68,20.532,0,-0.88813,26.504,8.0744
16.68,20.444,0,-0.94598,26.123,7.4043
16.68,20.349,0,-1.0069,25.752,6.7283
16.68,20.248,0,-1.0701,25.39,6.0565
14.635,20.141,-2.477,-1.1341,24.255,58.715
14.635,20.028,0,-1.1989,23.71,12.497
14.635,19.908,0,-1.2697,23.177,11.489
14.635,19.781,0,-1.3418,22.656,10.485
14.635,19.647,0,-1.408,22.148,9.534
13.499,19.506,-1.6341,-1.4747,21.355,35.852
13.499,19.358,0,-1.5339,20.761,12.24
13.499,19.205,0,-1.5948,20.183,11.19
13.499,19.046,0,-1.659,19.62,10.143
13.499,18.88,0,-1.7212,19.074,9.1397
13.499,18.708,0,-1.7836,18.545,8.1745
13.499,18.529,0,-1.8432,18.033,7.2704
12.572,18.345,-0.8186,-1.8937,17.209,16.783
12.487,18.156,-0.96067,-1.9452,16.633,17.43
12.487,17.961,0,-2.0024,16.076,7.9996
12.487,17.761,0,-2.0561,15.538,7.0977
12.228,17.555,-0.7931,-2.0943,14.983,12.533
12.228,17.346,0,-2.1442,14.461,6.276
12.228,17.131,0,-2.1951,13.96,5.5323
12.228,16.912,0,-4.4,13.48,20.725
11.902,16.472,-1.0384,-4.4,12.952,11.055
11.902,16.032,0,-4.4,12.517,28.096
11.69,15.592,-0.64806,-4.4,12.098,23.703
11.62,15.152,-0.59908,-4.4,11.721,31.733
11.62,14.712,0,-4.4,11.39,51.22
11.62,14.272,0,-4.4,11.102,66.89
11.62,13.832,0,-4.4,10.859,88.375
11.62,13.392,0,-4.4,10.66,118.8
11.62,12.952,0,-4.4,10.505,164.02
11.62,12.512,0,-4.4,10.394,236.44
11.62,12.072,0,-5.2,10.327,0
11.62,11.552,0,-5.2,10.308,0
11.62,11.032,0,-5.2,10.341,0
11.62,10.512,0,0.47023,10.425,0
11.62,10.559,0,0.4901,10.534,0
11.62,10.608,0,0.51692,10.638,0
11.62,10.66,0,0.54078,10.736,0
11.62,10.714,0,0.56525,10.83,0
11.62,10.77,0,0.59128,10.918,0
11.62,10.829,0,0.61373,11,0
11.62,10.891,0,0.64156,11.076,0.045603
11.62,10.955,0,0.66745,11.145,0.31371
11.62,11.022,0,0.69238,11.209,0.59897
11.62,11.091,0,0.71974,11.265,0.9149
11.62,11.163,0,0.74669,11.314,1.2518
11.62,11.237,0,0.77415,11.356,1.6141
11.62,11.315,0,0.79532,11.391,1.9699
11.62,11.394,0,0.81655,11.417,2.3452
13.778,11.476,1.3025,0.83667,13.222,0
13.778,11.56,0,0.85695,13.448,0
13.778,11.645,0,0.8783,13.665,0
13.778,11.733,0,0.9004,13.874,0
14.319,11.823,1.3608,0.91833,14.172,0
14.319,11.915,0,0.93865,14.417,0
14.319,12.009,0,0.95908,14.653,0
14.319,12.105,0,0.97524,14.879,0
14.319,12.202,0,0.99297,15.096,0
14.997,12.302,1.3043,1.0039,15.482,0
14.997,12.402,0,1.0189,15.747,0
14.997,12.504,0,1.0301,16.001,0
14.997,12.607,0,1.0381,16.245,0
15.504,12.711,1.1109,1.0475,16.588,0
15.504,12.816,0,1.0481,16.862,0
15.504,12.92,0,1.0515,17.126,0
15.504,13.026,0,1.0496,17.379,0
15.504,13.13,0,1.0546,17.621,0
15.504,13.236,0,1.0576,17.853,0
15.504,13.342,0,1.0586,18.075,0
15.504,13.448,0,1.0612,18.286,0
15.504,13.554,0,1.0611,18.486,0
15.504,13.66,0,1.0637,18.676,0
15.504,13.766,0,1.0608,18.855,0
16.666,13.872,0.88339,1.0548,19.695,0
16.666,13.978,0,1.0473,19.969,0
16.666,14.082,0,1.0389,20.233,0
16.666,14.186,0,1.0247,20.486,0
16.666,14.289,0,1.0162,20.729,0
17.047,14.39,0.66409,1.001,21.046,0
17.047,14.49,0,0.98438,21.307,0
17.047,14.589,0,0.96649,21.558,0
17.047,14.686,0,0.95051,21.799,0
17.254,14.781,0.4756,0.92914,22.06,0
17.295,14.874,0.44346,0.90904,22.303,0
17.295,14.964,0,0.88827,22.541,0
17.295,15.053,0,0.86682,22.769,0
17.295,15.14,0,0.84516,22.989,0
17.295,15.224,0,0.82452,23.2,0
17.295,15.307,0,0.79861,23.403,0
17.462,15.387,0.065877,0.77637,23.669,0
17.47,15.464,0.0050352,0.7498,23.879,0
17.47,15.539,0,0.71878,24.076,0
17.47,15.611,0,0.68717,24.266,0
17.443,15.68,-0.20105,0.65699,24.425,0
17.443,15.746,0,0.62417,24.598,0
17.393,15.808,-0.2851,0.58973,24.761,0
17.362,15.867,-0.28175,0.5558,24.905,0
17.362,15.923,0,0.52613,25.052,0
17.362,15.975,0,0.4958,25.193,0
17.277,16.025,-0.26346,0.4644,25.31,0
17.255,16.071,-0.19307,0.43871,25.423,0
17.255,16.115,0,0.41852,25.539,0
17.255,16.157,0,0.38937,25.651,0
17.255,16.196,0,0.3632,25.759,0
17.255,16.232,0,0.33505,25.863,0
17.255,16.266,0,0.30887,25.963,0
17.255,16.297,0,0.28595,26.061,0
17.255,16.325,0,0.26363,26.155,0
17.255,16.352,0,0.23917,26.247,0
17.255,16.376,0,0.21336,26.336,0
17.255,16.397,0,0.18914,26.423,0
17.255,16.416,0,0.16147,26.508,0
17.255,16.432,0,0.12389,26.591,0
17.255,16.444,0,0.085864,26.672,0
17.255,16.453,0,0.049107,26.753,0
17.255,16.458,0,0.007317,26.833,0
17.255,16.459,0,-0.016384,26.913,0
17.255,16.457,0,-0.036283,26.992,0
17.255,16.453,0,-0.057666,27.072,0
17.255,16.448,0,-0.083938,27.153,0
17.255,16.439,0,-0.11123,27.234,0
17.255,16.428,0,-0.14143,27.316,0
17.255,16.414,0,-0.17443,27.399,0
17.255,16.396,0,-0.21059,27.484,0
17.255,16.375,0,-0.24933,27.571,0
17.255,16.35,0,-0.2919,27.661,0
17.255,16.321,0,-0.33627,27.752,0
17.255,16.288,0,-0.38464,27.847,0
17.255,16.249,0,-0.4344,27.946,0
17.255,16.206,0,-0.48827,28.049,0.01589
17.255,16.157,0,-0.53912,28.156,0.3787
