0,0,0.037668,0,35.5,0
0,0,0,7.8,35.5,59.103
0.011042,0.78,0.0058123,7.8,35.446,79.55
0.011042,1.56,0,7.8,35.33,85.214
0.011042,2.34,0,7.8,35.137,90.788
0.011042,3.12,0,7.8,34.865,96.393
0.011042,3.9,0,7.8,34.515,102.03
-0.0046085,4.68,0.0067499,7.8,34.085,103.64
-0.0046085,5.46,0,7.8,33.577,105.26
-0.0046085,6.24,0,6.7,32.992,104.54
-0.0046085,6.91,0,6.7,32.334,105.92
-0.0046085,7.58,0,6.7,31.609,107.29
0.019384,8.25,-0.0063559,-0.43494,30.843,34.422
0.019384,8.2065,0,-0.44967,30.022,33.924
0.019384,8.1615,0,-0.46566,29.206,33.494
0.019384,8.115,0,-0.4818,28.394,33.055
0.019384,8.0668,0,-0.49863,27.587,32.602
0.019384,8.0169,0,-0.5166,26.784,32.128
0.019384,7.9653,0,-0.53512,25.987,31.64
0.019384,7.9118,0,-0.5547,25.195,31.133
0.019384,7.8563,0,-0.57638,24.409,30.596
0.03177,7.7987,-0.019424,-0.59975,23.623,29.975
0.03177,7.7387,0,-0.6241,22.849,29.377
0.03177,7.6763,0,-0.64859,22.081,28.782
0.029599,7.6114,0.0032838,-0.67546,21.32,28.123
0.029599,7.5439,0,-0.70382,20.565,27.511
0.029599,7.4735,0,-0.73496,19.817,26.819
0.032092,7.4,0.0072248,-0.76529,19.071,26.019
0.025233,7.3235,-0.0051664,-0.79912,18.346,25.468
0.025233,7.2435,0,-0.83345,17.62,24.647
0.025233,7.1602,0,-0.8699,16.902,23.859
0.025233,7.0732,0,-0.90892,16.193,23.035
0.025233,6.9823,0,-0.95286,15.493,22.157
0.025233,6.887,0,-0.99694,14.802,21.266
0.025233,6.7873,0,-1.0432,14.121,20.345
0.025233,6.683,0,-1.0945,13.45,19.373
0.025233,6.5736,0,-1.1485,12.789,18.369
0.025561,6.4587,-0.030157,-1.2067,12.194,17.344
0.025561,6.3381,0,-1.2696,11.557,16.238
0.025561,6.2111,0,-1.335,10.932,15.133
0.025561,6.0776,0,-1.4077,10.32,13.977
0.025561,5.9368,0,-1.4774,9.7216,12.852
0.025561,5.7891,0,-1.5535,9.1379,11.699
0.025561,5.6337,0,-1.6295,8.5693,10.57
0.025561,5.4708,0,-1.7152,8.0166,9.4186
0.0023066,5.2993,-0.025634,-8.8,7.4736,0
0.0023066,4.4193,0,-8.8,6.9879,0
0.0023066,3.5393,0,-8.8,6.5903,0
0.0023066,2.6593,0,-8.8,6.2806,0
3.0066e-05,1.7793,-0.011881,-0.26401,6.0441,3.9251
3.0066e-05,1.7529,0,-8.8,5.8675,0
3.0066e-05,0.87287,0,-0.014093,5.7363,2.1523
0.0051,0.87146,-0.0014573,-0.0014573,5.6575,2.1891
0.0051,0.87131,0,0.029419,5.5708,2.307
0.0051,0.87425,0,0.015987,5.4841,2.2613
0.0051,0.87585,0,-8.8,5.3971,0
0.010847,0,0.00017247,0.00017247,5.3503,0
0.010847,1.7247e-05,0,-0.016857,5.3513,0
0.010847,0,0,-0.052703,5.3525,0
0.010847,0,0,-0.065335,5.3539,0
0.010847,0,0,-0.033738,5.3553,0
0.010847,0,0,-0.038103,5.3565,0
0.010847,0,0,-0.040794,5.3578,0
0.010847,0,0,-0.01706,5.3591,0
0.010847,0,0,0.011595,5.3603,0.002227
0.010847,0.0011595,0,-0.013166,5.3613,0
0.010847,0,0,-0.018208,5.3623,0
0.010847,0,0,0.0046837,5.3635,0
0.0028174,0.00046837,0.0083545,0.0083545,5.3551,0
0.0028174,0.0013038,0,-0.020535,5.3553,0
0.0028174,0,0,0.0016714,5.3556,0
0.0028174,0.00016714,0,-0.0058398,5.3559,0
-0.017036,0,-0.023241,-0.023241,5.3323,0.034928
-0.017036,0,0,-0.037466,5.3308,0
-0.017036,0,0,-0.0074488,5.3292,0.019276
-0.012506,0,-0.018854,-0.018854,5.3165,0.025642
-0.015561,0,-0.018641,-0.018641,5.3215,0.031905
-0.015561,0,0,0.0058698,5.3201,0.044239
-0.015561,0.00058698,0,0.025305,5.3185,0.08628
-0.015561,0.0031175,0,0.00036833,5.3167,0.03907
-0.015561,0.0031543,0,-0.0044558,5.3149,0.029009
-0.015561,0.0027087,0,0.022761,5.313,0.085285
-0.015561,0.0049848,0,0.016784,5.3111,0.077391
-0.015561,0.0066632,0,0.016343,5.3089,0.079906
-0.015561,0.0082975,0,0.039917,5.3066,0.13279
-0.015561,0.012289,0,0.057312,5.304,0.17752
-0.029999,0.01802,0.030806,0.030806,5.2777,0.098444
-0.017625,0.021101,0.018935,0.018935,5.2711,0.079394
-0.017625,0.022995,0,0.023252,5.2671,0.13213
-0.017625,0.02532,0,0.015885,5.2629,0.12142
-0.017625,0.026908,0,-0.001801,5.2585,0.087514
-0.017625,0.026728,0,0.015947,5.2541,0.12444
-0.0075196,0.028323,0.021228,0.021228,5.2541,0.073482
-0.0075196,0.030446,0,0.0038205,5.2504,0.085861
-0.0075196,0.030828,0,0.0072637,5.2466,0.093879
-0.014524,0.031554,0.017144,0.017144,5.2267,0.094464
-0.014524,0.033268,0,0.016593,5.222,0.13285
-0.014524,0.034928,0,0.024806,5.2171,0.1535
-0.014524,0.037408,0,0.027554,5.212,0.16436
-0.014524,0.040164,0,0.010674,5.2067,0.13454
-0.014524,0.041231,0,0.0047174,5.2012,0.12421
-0.014524,0.041703,0,0.0053522,5.1956,0.12652
-0.014524,0.042238,0,0.0069413,5.1899,0.13095
-0.014524,0.042932,0,-0.00064172,5.1842,0.11644
-0.014524,0.042868,0,0.0029403,5.1785,0.12384
-0.028611,0.043162,0.006331,0.006331,5.1623,0.14714
-0.028611,0.043795,0,0.0086274,5.1551,0.16657
-0.010344,0.044658,-0.0098632,-0.0098632,5.1439,0.11276
-0.010344,0.043671,0,-0.0091655,5.1384,0.091478
-0.010344,0.042755,0,-0.010449,5.1331,0.086903
-0.010344,0.04171,0,-0.011327,5.1278,0.082916
-0.010344,0.040577,0,-0.014745,5.1227,0.073412
-0.010344,0.039103,0,0.0027639,5.1177,0.10718
-0.010344,0.039379,0,0.0066741,5.1127,0.11596
-0.010344,0.040047,0,0.010481,5.1077,0.12533
-0.010344,0.041095,0,0.0043645,5.1026,0.11463
-0.00098203,0.041531,0.007084,0.007084,5.0847,0.087157
-0.00098203,0.04224,0,0.0080467,5.0804,0.10552
-0.00098203,0.043044,0,0.0061927,5.076,0.10327
-0.00098203,0.043664,0,0.0080057,5.0716,0.10835
-0.00098203,0.044464,0,0.0038838,5.0671,0.10133
-0.00098203,0.044852,0,-0.004833,5.0625,0.08381
-0.00098203,0.044369,0,-0.0091458,5.058,0.073757
-0.00098203,0.043455,0,0.0016232,5.0535,0.094511
-0.00098203,0.043617,0,0.0082965,5.049,0.10887
-0.00098203,0.044447,0,0.010745,5.0445,0.11571
-0.00098203,0.045521,0,0.0027275,5.0399,0.10107
-0.00098203,0.045794,0,-0.012162,5.0352,0.070341
-0.00098203,0.044578,0,-0.013943,5.0306,0.064105
-0.00098203,0.043183,0,-0.0086582,5.0261,0.072351
-0.00098203,0.042318,0,-0.0023017,5.0218,0.083933
0.0045685,0.042087,0.007779,0.007779,5.0651,0.077751
0.0045685,0.042865,0,0.025689,5.0613,0.1374
0.0045685,0.045434,0,0.014001,5.0574,0.11607
0.018145,0.046834,0.010347,0.010347,5.0473,0.059302
0.018145,0.047869,0,0.01961,5.0444,0.10505
0.018145,0.04983,0,0.018692,5.0413,0.10715
0.018145,0.051699,0,0.0057819,5.038,0.082164
0.018145,0.052277,0,0.0028378,5.0346,0.076886
0.018145,0.052561,0,-0.0060915,5.0312,0.05804
0.018145,0.051952,0,-0.0058763,5.0278,0.057239
0.018145,0.051364,0,0.00034006,5.0244,0.0695
0.018145,0.051398,0,0.0072135,5.0211,0.084702
0.018145,0.05212,0,0.015165,5.0178,0.10403
0.018145,0.053636,0,0.013091,5.0143,0.10258
0.018145,0.054945,0,0.0068639,5.0107,0.091405
0.018145,0.055632,0,0.0080026,5.007,0.095393
0.061979,0.056432,0.017648,0.017648,5.0543,0
0.061979,0.058197,0,0.021996,5.0548,0.039483
0.061979,0.060397,0,0.013,5.0551,0.024448
0.061979,0.061697,0,-0.0039814,5.0552,0
0.061979,0.061298,0,-0.022464,5.0552,0
0.061979,0.059052,0,-0.022748,5.0554,0
0.061979,0.056777,0,-0.01702,5.0558,0
0.061979,0.055075,0,-0.0039388,5.0564,0
0.061979,0.054681,0,0.0012285,5.0571,0
0.061979,0.054804,0,0.0024619,5.0578,0
0.061979,0.05505,0,0.00040761,5.0585,0
0.061979,0.055091,0,-0.0048293,5.0592,0
0.061979,0.054608,0,0.0075207,5.06,0.00073102
0.09192,0.05536,0.018106,0.018106,5.0712,0
0.09192,0.057171,0,0.02437,5.0748,0
0.095776,0.059608,0.0043247,0.0043247,5.0802,0
0.087809,0.06004,-0.0073993,-0.0073993,5.0845,0
0.087809,0.0593,0,-0.015373,5.0873,0
0.087809,0.057763,0,-0.0075135,5.0903,0
0.087809,0.057012,0,-0.0027397,5.0933,0
0.087809,0.056738,0,0.008179,5.0964,0
0.087809,0.057556,0,0.020121,5.0995,0
0.087809,0.059568,0,0.016435,5.1024,0
0.087809,0.061211,0,0.01259,5.1051,0
0.087809,0.06247,0,0.020173,5.1077,0
0.096547,0.064487,0.020627,0.020627,5.0892,0
0.096547,0.06655,0,0.009447,5.0923,0
0.096547,0.067495,0,-0.0019671,5.0952,0
0.096547,0.067298,0,-0.0090806,5.0982,0
0.12969,0.06639,-0.0090752,-0.0090752,5.1107,0
0.11997,0.065483,-0.0032061,-0.0032061,5.1133,0
0.11997,0.065162,0,0.0054555,5.1187,0
0.11997,0.065708,0,0.021019,5.1242,0
0.11997,0.067809,0,0.015812,5.1295,0
0.11997,0.069391,0,0.0061527,5.1346,0
0.11997,0.070006,0,0.0069534,5.1397,0
0.11997,0.070701,0,0.012182,5.1446,0
0.115,0.071919,0.007514,0.007514,5.1143,0
0.115,0.072671,0,-0.00097696,5.1185,0
0.11389,0.072573,0.00086134,0.00086134,5.126,0
0.11389,0.072659,0,0.0045447,5.1301,0
0.11389,0.073114,0,0.00047805,5.1342,0
0.11118,0.073162,0.0082486,0.0082486,5.1206,0
0.11118,0.073986,0,0.012662,5.1244,0
0.11118,0.075253,0,0.0037703,5.1281,0
0.11118,0.07563,0,-0.0041174,5.1316,0
0.10643,0.075218,0.0022913,0.0022913,5.117,0
0.10643,0.075447,0,0.001432,5.1202,0
0.10643,0.07559,0,0.012091,5.1233,0
0.10643,0.076799,0,0.010026,5.1263,0
0.10643,0.077802,0,-0.00029189,5.1292,0
0.10643,0.077773,0,-0.0021264,5.1321,0
0.10643,0.07756,0,0.0047605,5.1349,0
0.10643,0.078036,0,0.0065373,5.1378,0
0.10643,0.07869,0,0.015931,5.1406,0
0.10643,0.080283,0,0.01873,5.1433,0
0.10643,0.082156,0,0.014579,5.1458,0
0.084118,0.083614,0.011422,0.011422,5.1804,0
0.084118,0.084756,0,0.018595,5.1804,0.041279
0.084118,0.086616,0,0.014944,5.1803,0.037176
0.075801,0.08811,0.0058454,0.0058454,5.172,0.025323
0.075801,0.088694,0,-0.0016315,5.1707,0.023057
0.0736,0.088531,-0.0090292,-0.0090292,5.1633,0.030742
0.0736,0.087628,0,-0.0095319,5.1618,0.0087467
0.0736,0.086675,0,-0.0036055,5.1605,0.019247
0.0736,0.086315,0,0.0072586,5.1592,0.041771
0.0736,0.08704,0,0.0047392,5.1579,0.037831
0.0736,0.087514,0,0.0027113,5.1565,0.034448
0.0736,0.087786,0,-0.0018202,5.1551,0.02532
0.0736,0.087604,0,-0.00068727,5.1537,0.027357
0.080362,0.087535,-0.0036067,-0.0036067,5.1684,0.014736
0.080362,0.087174,0,-0.010296,5.1677,0
0.080362,0.086145,0,-0.018729,5.1671,0
0.080362,0.084272,0,-0.015292,5.1666,0
0.080362,0.082742,0,-0.0097788,5.1663,0
0.080362,0.081765,0,-0.0060898,5.1661,0
0.080362,0.081156,0,0.013077,5.166,0.029562
0.055487,0.082463,0.016075,0.016075,5.126,0.055733
0.055487,0.084071,0,-0.0029205,5.1232,0.052765
0.055487,0.083779,0,0.0012818,5.1204,0.061262
0.055487,0.083907,0,0.010697,5.1175,0.082248
0.055487,0.084977,0,0.013239,5.1146,0.090182
0.055487,0.086301,0,0.014081,5.1116,0.094877
0.055487,0.087709,0,0.030314,5.1085,0.13504
0.055487,0.09074,0,0.021768,5.1051,0.1218
0.074627,0.092917,0.0059194,0.0059194,5.0918,0.037693
0.084294,0.093509,0.0066898,0.0066898,5.0862,0.018941
0.084294,0.094178,0,0.014099,5.0852,0.050784
0.084294,0.095588,0,-0.0010483,5.0841,0.020999
0.084294,0.095483,0,0.011183,5.083,0.04713
0.084294,0.096601,0,0.034748,5.0818,0.10239
0.084294,0.10008,0,0.010489,5.0804,0.055222
0.084294,0.10112,0,0.010886,5.0788,0.058292
0.065743,0.10221,0.029096,0.029096,5.0601,0.07555
0.065743,0.10512,0,0.0092719,5.0563,0.10224
0.076889,0.10605,0.024505,0.024505,5.0664,0.060285
0.076889,0.1085,0,0.076713,5.0634,0.24696
0.076889,0.11617,0,0.11664,5.0598,0.37077
0.076889,0.12784,0,0.13358,5.0553,0.44628
0.076889,0.14119,0,0.17169,5.0496,0.59213
0.076889,0.15836,0,-8.8,5.0423,0
0.13359,0,0.15251,0.15251,5.1001,0
0.13359,0.015251,0,0.14992,5.1127,0.093412
0.16666,0.030242,0.17696,0.17696,5.1366,0
0.16666,0.047939,0,0.21094,5.1494,0.25699
0.16666,0.069033,0,0.30735,5.1602,0.6067
0.23938,0.099768,0.49429,0.49429,5.1712,0
0.23938,0.1492,0,0.70031,5.1827,2.2392
0.23938,0.21923,0,0.95096,5.1882,3.8172
0.23938,0.31432,0,1.1824,5.1855,5.6132
0.23938,0.43256,0,1.3291,5.1721,7.1106
0.23938,0.56548,0,-8.8,5.1461,0
0.23938,0,0,1.3321,5.1575,5.2673
0.94961,0.13321,1.1797,1.1797,5.382,0
0.94961,0.25118,0,1.0137,5.4578,1.6967
0.94961,0.35255,0,0.82309,5.5225,1.1458
0.94961,0.43486,0,0.62666,5.5781,0.59055
1.3122,0.49752,0.39465,0.39465,5.7084,0
1.3122,0.53699,0,0.18294,5.7879,0
1.3122,0.55528,0,-0.022474,5.8645,0
1.379,0.55303,-0.19478,-0.19478,5.9719,0
1.379,0.53356,0,-0.32773,6.0555,0
1.379,0.50078,0,-0.38326,6.1417,0
1.379,0.46246,0,-0.41416,6.2314,0
1.379,0.42104,0,-0.43822,6.3251,0
1.379,0.37722,0,-0.42493,6.4231,0
1.379,0.33473,0,-0.42782,6.5254,0
1.379,0.29194,0,-0.44137,6.632,0
1.379,0.24781,0,-0.42875,6.7429,0
1.379,0.20493,0,-0.40128,6.8582,0
1.379,0.1648,0,-0.41496,6.9776,0
1.379,0.12331,0,-0.39895,7.1011,0
0.92979,0.083414,-0.35201,-0.35201,6.9484,0
0.92979,0.048213,0,-0.31923,7.0348,0
0.92979,0.016289,0,-0.2818,7.1246,0
0.92979,0,0,-0.23211,7.2173,0
0.92979,0,0,-0.17601,7.3115,0
0.92979,0,0,-0.14877,7.4053,0
0.92979,0,0,-0.15163,7.4991,0
0.92979,0,0,-0.18908,7.5928,0
0.92979,0,0,-0.1887,7.6867,0
0.92979,0,0,-0.12831,7.7807,0
0.92979,0,0,0.027444,7.8743,0
0.92979,0.0027444,0,0.21282,7.9671,0
0.73442,0.024027,0.28576,0.28576,7.8954,0
0.77259,0.052602,0.20714,0.20714,7.9566,0
0.77259,0.073316,0,-0.06361,8.0276,0
0.77259,0.066955,0,-0.49403,8.0978,0
0.72889,0.017552,-0.88864,-0.88864,8.1818,0
0.72889,0,0,-1.1841,8.2573,0
0.72889,0,0,-1.6751,8.3362,0
0.72889,0,0,-2.2617,8.4174,0
0.14977,0,-2.9652,-2.9652,8.3898,0
0.14977,0,0,-4.0717,8.4196,0
0.14977,0,0,-5.1527,8.4549,0
0.14977,0,0,-5.0499,8.4956,0
0.14977,0,0,-4.1251,8.5359,0
0.14977,0,0,-2.8108,8.5715,0
0.14977,0,0,-1.1979,8.6005,0
-2.4054,0,0.48041,0.48041,7.6377,4.9447
-2.4054,0.048041,0,1.1562,7.3947,7.4726
-2.4054,0.16366,0,0.9035,7.1436,7.1787
-2.4054,0.25401,0,0.42477,6.8822,6.358
-2.4054,0.29648,0,0.069547,6.6141,5.6986
-2.1164,0.30344,-0.33738,-0.33738,6.4333,4.9743
-2.1164,0.2697,0,-0.46221,6.193,3.9339
-2.2096,0.22348,-0.26,-0.26,5.937,5.0015
-2.2096,0.19748,0,-0.039182,5.695,4.8658
-2.2327,0.19356,0.097099,0.097099,5.4475,4.9876
-2.2327,0.20327,0,0.21317,5.2044,5.4554
-2.1892,0.22459,0.16873,-8.8,4.9542,0
-2.1648,0,0.12146,-8.8,4.7518,0
-2.1648,0,0,-8.8,4.5793,0
-2.1648,0,0,-8.8,4.4069,0
-2.1648,0,0,-8.8,4.2344,0
-2.126,0,0.23375,-8.8,4.0785,0
-2.126,0,0,-8.8,3.9099,0
-2.126,0,0,-8.8,3.7413,0
-2.126,0,0,-8.8,3.5727,0
-1.8335,0,1.4804,-8.8,3.4562,0
-1.8335,0,0,-8.8,3.3169,0
-1.8335,0,0,-8.8,3.1775,0
-1.8335,0,0,-8.8,3.0382,0
-1.8335,0,0,-8.8,2.8988,0
-1.8335,0,0,-8.8,2.7595,0
-1.8335,0,0,-8.8,2.6201,0
-1.5595,0,-1.477,-8.8,2.683,0
-1.5595,0,0,-8.8,2.571,0
-1.8958,0,-2.3547,-8.8,2.4188,0
-1.8958,0,0,-8.8,2.2732,0
-2.3979,0,-2.9527,-8.8,2.082,0
-2.3979,0,0,-8.8,1.8862,0
-2.3979,0,0,-8.8,1.6904,0
-2.3979,0,0,-8.8,1.4946,0
-2.3979,0,0,-8.8,1.2988,0
-2.3979,0,0,-12.817,1.103,0
-2.3979,0,0,-24.566,0.92733,0
-4.4082,0,-2.9499,-112.65,0.088571,0
-4.4082,0,0,-62.494,0.211,0
-4.4082,0,0,-2056.7,0.082649,0
-5.3159,0,-3.0246,-3.0246,9.766,10.911
-5.3159,0,0,-3.0581,9.2495,4.4856
-5.3159,0,0,-3.1566,8.7332,4.2785
-5.3159,0,0,-3.2069,8.2174,4.1729
-6.5605,0,-3.1625,-3.1625,7.4493,13.463
-6.8782,0,-3.156,-3.156,6.7925,14.114
-6.8782,0,0,-3.1099,6.1204,7.5792
-7.511,0,-2.9219,-2.9219,5.3849,15.411
-7.511,0,0,-9.2131,4.6484,0
-7.511,0,0,-10.822,3.9433,0
-7.511,0,0,-13.293,3.2463,0
-8.5338,0,-2.1549,-17.741,2.3362,0
-8.5338,0,0,-26.623,1.5715,0
-8.5338,0,0,-51.389,0.85125,0
-8.5338,0,0,-254.08,0.25482,0
-9.3783,0,-2.1536,-87.705,0.51403,0
-9.3783,0,0,-88753,0.014728,0
-9.3783,0,0,7.8,442.84,35.629
-9.3783,0.78,0,7.8,441.87,37.228
-9.3783,1.56,0,7.8,440.81,38.827
-10.202,2.34,-0.61375,7.8,439.43,43.403
-10.202,3.12,0,7.8,438.14,43.713
-10.202,3.9,0,7.8,436.77,45.312
-10.267,4.68,0.32196,7.8,435.31,46.369
-10.267,5.46,0,7.8,433.78,48.645
-10.267,6.24,0,6.7,432.16,47.932
-10.267,6.91,0,6.7,430.48,49.306
-10.044,7.58,0.90111,6.7,428.78,48.328
-10.044,8.25,0,6.7,426.98,51.595
-9.8569,8.92,1.0555,6.7,425.13,50.367
-9.8569,9.59,0,6.7,423.22,53.958
-9.8569,10.26,0,6.7,421.24,55.332
-9.8569,10.93,0,6.7,419.2,56.705
-9.4394,11.6,0.99997,6.7,417.18,55.122
-9.4394,12.27,0,4.8,415.05,54.604
-9.4394,12.75,0,4.8,412.85,55.588
-9.4394,13.23,0,4.8,410.61,56.572
-9.4394,13.71,0,4.8,408.32,57.556
-9.4394,14.19,0,4.8,405.98,58.54
-9.4394,14.67,0,4.8,403.59,59.524
-9.4394,15.15,0,4.8,401.16,60.508
-9.4394,15.63,0,4.8,398.67,61.492
-8.5749,16.11,0.98735,4.8,396.52,58.629
-8.5749,16.59,0,4.8,394.03,61.688
-8.5749,17.07,0,4.8,391.49,62.672
-8.5749,17.55,0,4.8,388.9,63.656
-8.1939,18.03,0.85596,4.8,386.33,62.06
-8.1939,18.51,0,4.8,383.68,64.843
-8.0312,18.99,0.82795,4.8,381.01,63.753
-8.0312,19.47,0,4.8,378.28,66.477
-8.0312,19.95,0,4.8,375.51,67.461
-7.8058,20.43,0.71502,4.8,372.72,66.481
-7.8058,20.91,0,4.8,369.87,68.967
-7.8058,21.39,0,4.8,366.97,69.951
-7.8058,21.87,0,4.8,364.03,70.935
-7.8058,22.35,0,4.8,361.04,71.919
-7.8058,22.83,0,4.8,358,72.903
-7.8058,23.31,0,4.8,354.91,73.887
-7.8058,23.79,0,4.8,351.77,74.871
-7.8058,24.27,0,4.8,348.59,75.855
-7.8058,24.75,0,4.8,345.36,76.839
-7.8058,25.23,0,4.8,342.08,77.823
-7.8058,25.71,0,4.8,338.75,78.807
-7.8058,26.19,0,4.8,335.38,79.791
-7.8058,26.67,0,4.8,331.95,80.775
-7.8058,27.15,0,4.8,328.48,81.759
