13.611,13.611,-0.66684,0,35.5,2.6604
13.611,13.611,0,-0.0046724,35.5,0
13.611,13.611,0,-0.0085045,35.5,0
13.611,13.61,0,-0.01211,35.5,0
13.611,13.609,0,-0.015178,35.5,0
13.369,13.607,-0.14066,-0.017149,35.441,0.8917
13.369,13.605,0,-0.01803,35.418,0.46926
13.356,13.604,0.14092,-0.017861,35.395,0.17656
13.364,13.602,0.28835,-0.017196,35.375,0
13.364,13.6,0,-0.014792,35.351,0.47767
13.364,13.599,0,-0.011578,35.328,0.48262
13.364,13.597,0,-0.0070527,35.304,0.49178
13.364,13.597,0,-0.0028561,35.281,0.50119
13.364,13.596,0,0.020977,35.258,0.56475
13.364,13.599,0,0.068896,35.235,0.70699
13.364,13.605,0,0.11536,35.211,0.86771
13.364,13.617,0,0.16012,35.186,1.0459
13.364,13.633,0,0.20213,35.16,1.2375
13.364,13.653,0,0.23544,35.132,1.4181
14.087,13.677,0.57458,0.26733,35.422,0
14.141,13.703,0.47622,0.28479,35.465,0
14.141,13.732,0,0.29966,35.508,0
14.141,13.762,0,0.30748,35.547,0
14.141,13.793,0,0.31546,35.584,0
14.328,13.824,0.65045,0.32457,35.64,0
14.401,13.857,0.72864,0.34975,35.699,0
14.401,13.892,0,0.37387,35.751,0
14.401,13.929,0,0.39623,35.8,0
14.401,13.969,0,0.42052,35.846,0.10272
14.693,14.011,0.74604,0.43254,35.941,0
14.693,14.054,0,0.45018,36.007,0
14.693,14.099,0,0.47053,36.069,0
14.693,14.146,0,0.49353,36.126,0.040355
14.693,14.195,0,0.51256,36.178,0.23147
14.693,14.247,0,0.52068,36.225,0.39738
15.149,14.299,0.73239,0.52707,36.401,0
15.149,14.351,0,0.53944,36.483,0
15.149,14.405,0,0.55096,36.56,0
15.149,14.46,0,0.56899,36.632,0
15.482,14.517,0.8315,0.58808,36.758,0
15.482,14.576,0,0.59727,36.851,0
15.482,14.636,0,0.60374,36.939,0
15.482,14.696,0,0.62058,37.021,0
15.482,14.758,0,0.63601,37.096,0.044232
15.482,14.822,0,0.65158,37.165,0.2728
15.482,14.887,0,0.66718,37.228,0.5149
15.482,14.954,0,0.6813,37.284,0.76471
15.482,15.022,0,0.68777,37.333,0.99563
15.482,15.091,0,0.68103,37.376,1.1782
15.482,15.159,0,0.67949,37.412,1.3841
15.482,15.227,0,0.67045,37.44,1.5596
15.482,15.294,0,0.66525,37.463,1.7519
15.482,15.36,0,0.66443,37.478,1.9654
15.482,15.427,0,0.67353,37.487,2.2295
15.482,15.494,0,0.68509,37.489,2.5149
15.482,15.563,0,0.68432,37.484,2.7483
15.482,15.631,0,0.68004,37.473,2.9669
16.907,15.699,0.67992,0.6777,38.771,0
16.965,15.767,0.68048,0.6696,38.899,0
16.965,15.834,0,0.66209,39.015,0
16.965,15.9,0,0.6586,39.125,0
16.965,15.966,0,0.6559,39.228,0
16.965,16.031,0,0.64215,39.325,0
16.965,16.096,0,0.61947,39.415,0
16.965,16.158,0,0.59679,39.499,0
16.965,16.217,0,0.57107,39.577,0
17.3,16.274,0.40941,0.5548,39.806,0
17.3,16.33,0,0.54657,39.905,0
17.3,16.385,0,0.53787,40,0
17.3,16.438,0,0.52959,40.089,0
17.3,16.491,0,0.52126,40.172,0
17.3,16.543,0,0.51173,40.25,0
17.52,16.595,0.17438,0.49136,40.407,0
17.52,16.644,0,0.47799,40.497,0
17.52,16.691,0,0.45146,40.582,0
17.52,16.737,0,0.42331,40.663,0
17.52,16.779,0,0.38983,40.739,0
17.52,16.818,0,0.35839,40.811,0
17.52,16.854,0,0.33063,40.88,0
17.52,16.887,0,0.30897,40.945,0
17.52,16.918,0,0.29244,41.006,0
17.52,16.947,0,0.28111,41.065,0
17.52,16.975,0,0.26075,41.121,0
17.52,17.001,0,0.23807,41.174,0
17.52,17.025,0,0.21466,41.225,0
17.52,17.046,0,0.19374,41.274,0
17.52,17.066,0,0.17709,41.32,0
17.52,17.084,0,0.16601,41.365,0
17.52,17.1,0,0.15646,41.407,0
17.52,17.116,0,0.14801,41.449,0
17.52,17.131,0,0.13818,41.488,0
17.52,17.144,0,0.12253,41.527,0
17.52,17.157,0,0.10256,41.564,0
17.339,17.167,-0.26427,0.088132,41.439,0.57799
17.339,17.176,0,0.072869,41.455,0
17.339,17.183,0,0.049673,41.471,0
17.339,17.188,0,0.031872,41.487,0
17.219,17.191,-0.2564,0.014168,41.469,0.68557
17.219,17.193,0,-0.00024228,41.472,0
17.219,17.193,0,-0.0027225,41.474,0
17.122,17.192,-0.31072,-0.0050067,41.464,1.0901
17.092,17.192,-0.34689,-0.0071848,41.45,1.3189
17.053,17.191,-0.35498,-0.009883,41.43,1.4565
17.053,17.19,0,-0.012096,41.416,0.2623
16.984,17.189,-0.29506,-0.014691,41.399,1.3838
16.984,17.187,0,-0.017294,41.379,0.39641
16.984,17.186,0,-0.019144,41.358,0.38791
16.984,17.184,0,-0.021201,41.338,0.37853
16.984,17.182,0,-0.022693,41.319,0.37011
16.984,17.179,0,-0.024174,41.299,0.36143
16.984,17.177,0,-0.025666,41.28,0.35242
16.984,17.174,0,-0.026752,41.26,0.34411
16.984,17.172,0,-0.028485,41.242,0.33401
16.984,17.169,0,-0.029533,41.223,0.32523
16.744,17.166,-0.17621,-0.030644,41.074,1.4785
16.744,17.163,0,-0.032142,41.032,0.86249
16.744,17.16,0,-0.033074,40.99,0.85191
16.686,17.156,-0.19756,-0.034371,40.945,1.6933
16.669,17.153,-0.22178,-0.035365,40.895,1.8295
16.669,17.149,0,-0.036785,40.847,1.0008
16.634,17.146,-0.11687,-0.037544,40.794,1.4807
16.634,17.142,0,-0.038801,40.743,1.0645
16.634,17.138,0,-0.039657,40.693,1.052
16.634,17.134,0,-0.040633,40.643,1.039
16.634,17.13,0,-0.041403,40.593,1.0264
16.634,17.126,0,-0.041792,40.543,1.0149
16.551,17.122,-0.14133,-0.042367,40.466,1.7263
16.538,17.117,-0.065649,-0.043155,40.41,1.4617
16.538,17.113,0,-0.043941,40.352,1.2219
16.538,17.109,0,-0.044027,40.295,1.2103
16.538,17.104,0,-0.043873,40.238,1.1994
16.538,17.1,0,-0.043889,40.182,1.188
16.515,17.096,-0.09448,-0.043689,40.103,1.5679
16.515,17.091,0,-0.044658,40.045,1.2211
16.503,17.087,-0.062654,-0.044157,39.985,1.4592
16.503,17.082,0,-0.044404,39.927,1.2314
16.485,17.078,-0.14537,-0.04501,39.862,1.7979
16.485,17.073,0,-0.046547,39.803,1.2466
16.451,17.069,-0.19094,-0.0471,39.751,2.057
16.451,17.064,0,-0.048604,39.69,1.3047
16.406,17.059,-0.28484,-0.05003,39.609,2.5949
16.381,17.054,-0.30961,-0.051678,39.548,2.78
16.381,17.049,0,-0.054097,39.481,1.4304
16.381,17.044,0,-0.056398,39.414,1.4084
16.381,17.038,0,-0.059144,39.348,1.3843
16.381,17.032,0,-0.060918,39.283,1.3628
16.229,17.026,-0.23777,-0.062106,39.169,2.7827
16.229,17.02,0,-0.063225,39.089,1.734
16.229,17.013,0,-0.064638,39.011,1.7115
16.229,17.007,0,-0.06722,38.932,1.6845
16.229,17,0,-0.070589,38.855,1.6542
16.229,16.993,0,-0.073927,38.778,1.6233
16.229,16.986,0,-0.077296,38.702,1.5916
16.229,16.978,0,-0.080685,38.627,1.5591
16.229,16.97,0,-0.084582,38.552,1.5242
16.229,16.961,0,-0.086837,38.478,1.4941
16.229,16.953,0,-0.089018,38.406,1.4637
15.827,16.944,-0.31312,-0.090562,38.107,4.177
15.827,16.935,0,-0.092655,37.996,2.537
15.827,16.926,0,-0.094626,37.886,2.5012
15.827,16.916,0,-0.096212,37.776,2.4665
15.827,16.906,0,-0.096719,37.668,2.4357
15.827,16.897,0,-0.096883,37.561,2.4063
15.827,16.887,0,-0.098706,37.454,2.3704
15.827,16.877,0,-0.10036,37.349,2.3347
15.675,16.867,-0.099383,-0.10029,37.158,3.2241
15.675,16.857,0,-0.10092,37.04,2.7289
15.675,16.847,0,-0.10062,36.922,2.6993
15.675,16.837,0,-0.1004,36.805,2.6695
15.675,16.827,0,-0.10178,36.69,2.6333
15.675,16.817,0,-0.10326,36.575,2.5964
15.675,16.806,0,-0.10466,36.461,2.5595
15.675,16.796,0,-0.10672,36.349,2.5197
15.675,16.785,0,-0.1087,36.237,2.4798
15.529,16.774,-0.21386,-0.10922,36.099,3.9656
15.529,16.764,0,-0.11105,35.975,2.8467
15.462,16.752,-0.59393,-0.11444,35.837,6.7204
15.462,16.741,0,-0.1191,35.708,2.9528
15.462,16.729,0,-0.12545,35.581,2.8887
15.462,16.717,0,-0.1338,35.455,2.8148
15.462,16.703,0,-0.14428,35.33,2.7304
15.462,16.689,0,-0.15495,35.207,2.6432
14.843,16.673,-1.5622,-0.1682,34.958,21.42
14.843,16.656,0,-0.18189,34.776,4.4188
14.843,16.638,0,-0.19803,34.595,4.2765
14.328,16.618,-2.0743,-0.21589,34.349,34.964
14.122,16.597,-2.1802,-0.23559,34.112,38.832
14.122,16.573,0,-0.25695,33.865,6.3358
14.122,16.548,0,-0.27944,33.622,6.1109
14.122,16.52,0,-0.30091,33.38,5.887
14.122,16.49,0,-0.32218,33.142,5.66
14.122,16.457,0,-0.34324,32.907,5.4305
14.122,16.423,0,-0.36342,32.675,5.2024
14.122,16.387,0,-0.38399,32.447,4.9696
12.569,16.348,-1.5205,-0.40276,31.548,31.094
12.569,16.308,0,-0.42154,31.172,10.601
12.27,16.266,-1.2832,-0.4416,30.754,27.701
12.27,16.222,0,-0.45851,30.357,11.283
12.27,16.176,0,-0.4761,29.964,10.955
11.936,16.128,-0.92695,-0.49076,29.537,22.711
11.936,16.079,0,-0.50684,29.121,11.803
11.751,16.028,-0.78713,-0.52188,28.691,20.937
11.674,15.976,-0.6873,-0.53598,28.268,19.62
11.608,15.923,-0.55115,-0.54956,27.829,17.878
11.608,15.868,0,-0.56082,27.4,11.941
11.516,15.812,-0.35484,-0.57151,26.98,15.387
11.516,15.755,0,-0.58124,26.553,11.7
11.516,15.696,0,-0.59045,26.132,11.375
11.516,15.637,0,-0.60319,25.717,11.024
11.516,15.577,0,-0.61434,25.308,10.683
11.516,15.516,0,-0.62595,24.905,10.337
11.278,15.453,-0.42511,-0.63837,24.431,14.948
11.232,15.389,-0.37351,-0.65108,24.012,14.217
11.232,15.324,0,-0.66092,23.599,10.502
11.167,15.258,-0.43833,-0.67206,23.195,14.372
11.129,15.191,-0.41932,-0.68384,22.787,13.932
11.129,15.122,0,-0.69632,22.384,9.8426
11.129,15.053,0,-0.70811,21.988,9.4734
11.129,14.982,0,-0.71761,21.6,9.1193
11.129,14.91,0,-0.72252,21.218,8.7949
11.129,14.838,0,-0.72203,20.843,8.5059
11.129,14.766,0,-0.71958,20.476,8.2323
11.11,14.694,0.29449,-0.71763,20.072,6.2968
11.11,14.622,0,-0.71288,19.717,7.7813
11.11,14.551,0,-0.70807,19.369,7.5328
11.11,14.48,0,-0.70219,19.029,7.2949
11.11,14.41,0,-0.69413,18.695,7.0739
11.11,14.34,0,-0.6803,18.369,6.8901
11.11,14.272,0,-0.66936,18.049,6.6967
11.11,14.205,0,-0.65831,17.736,6.5095
11.11,14.139,0,-0.64876,17.43,6.3197
11.454,14.075,-0.011245,-0.64073,17.289,4.9841
11.454,14.011,0,-0.64007,17.03,4.7171
11.454,13.946,0,-0.64088,16.778,4.5042
11.454,13.882,0,-0.64285,16.532,4.2895
11.392,13.818,-0.19362,-0.6431,16.267,5.2831
11.392,13.754,0,-0.6466,16.028,4.0646
11.392,13.689,0,-0.64692,15.795,3.8635
11.392,13.624,0,-0.64801,15.568,3.6631
11.392,13.56,0,-0.6499,15.348,3.4633
11.392,13.495,0,-0.65747,15.135,3.2459
11.392,13.429,0,-0.66493,14.928,3.0331
11.392,13.362,0,-0.67878,14.727,2.8028
11.038,13.295,-1.0819,-0.70068,14.409,11.538
10.932,13.224,-1.2553,-0.72679,14.18,13.62
10.932,13.152,0,-0.7614,13.954,3.1934
10.932,13.076,0,-0.79913,13.736,2.86
10.502,12.996,-1.6695,-0.84386,13.478,19.955
10.342,12.911,-1.8194,-0.88985,13.233,22.716
10.342,12.822,0,-0.9454,12.981,3.266
10.342,12.728,0,-1.0083,12.737,2.8319
10.342,12.627,0,-1.0721,12.504,2.4367
9.5616,12.52,-2.227,-1.141,12.149,31.562
9.5616,12.406,0,-1.2186,11.859,3.3392
9.1232,12.284,-2.3895,-1.3026,11.526,35.389
8.875,12.154,-2.4194,-1.4005,11.2,35.834
8.875,12.014,0,-5.2,10.879,146.21
8.875,11.494,0,-5.2,10.591,220.59
8.875,10.974,0,-5.2,10.355,366.39
8.875,10.454,0,-5.2,10.171,544.75
8.875,9.9335,0,-5.2,10.04,543.68
7.4631,9.4135,-2.2278,-5.2,9.5485,0
7.4631,8.8935,0,-5.2,9.3795,136.51
7.4631,8.3735,0,-0.53585,9.2624,0.76207
6.7994,8.3199,-1.9306,-5.2,9.0856,0
6.7994,7.7999,0,-0.45437,8.9595,1.0992
6.7994,7.7545,0,-5.2,8.8617,83.572
6.7994,7.2345,0,-0.34767,8.7922,0.20893
6.1781,7.1997,-0.92132,-0.38182,8.6208,6.3398
6.1781,7.1616,0,-5.2,8.5206,54.029
6.1781,6.6416,0,-0.22263,8.4482,0.48226
6.1781,6.6193,0,-0.23237,8.403,0.41686
6.1781,6.5961,0,-0.2325,8.36,0.3703
6.1781,6.5728,0,-5.2,8.3194,52.822
6.1781,6.0528,0,-0.049062,8.3059,0
6.1781,6.0479,0,-0.051962,8.3187,0
6.1781,6.0427,0,-0.055313,8.332,0
6.1781,6.0372,0,-0.060352,8.3458,0
6.1781,6.0311,0,-0.065378,8.3602,0
5.8206,6.0246,-0.2977,-0.0691,8.1437,1.1819
5.8206,6.0177,0,-0.079132,8.1237,0.23854
5.8206,6.0098,0,-0.088006,8.1044,0.20299
5.8206,6.001,0,-0.096513,8.0859,0.16721
5.8206,5.9913,0,-0.10566,8.0683,0.12928
5.8206,5.9808,0,-0.11134,8.0518,0.097219
5.8206,5.9696,0,-8.8,8.0363,32.536
5.618,5.0896,-0.34155,0.47547,7.9624,1.4298
5.618,5.1372,0,0.39731,8.0128,0
5.5419,5.1769,-0.55008,0.32268,8.0577,2.3796
5.5419,5.2092,0,0.23837,8.0926,0
5.5419,5.233,0,0.15478,8.1247,0
5.5419,5.2485,0,0.085389,8.1548,0
5.5419,5.257,0,0.010335,8.1837,0
5.5419,5.2581,0,-0.017761,8.2121,0
5.5419,5.2563,0,-0.04009,8.2406,0
5.5419,5.2523,0,-0.05733,8.2694,0
5.5419,5.2465,0,-0.074516,8.2986,0
5.5419,5.2391,0,-0.089646,8.3285,0
5.5419,5.2301,0,-0.10227,8.3593,0
5.5419,5.2199,0,-0.11167,8.391,0
5.5419,5.2087,0,-0.1149,8.4237,0
5.5419,5.1972,0,-0.12099,8.4576,0
5.5419,5.1851,0,-0.119,8.4927,0
5.5419,5.1732,0,-0.11508,8.529,0
5.5419,5.1617,0,-0.11318,8.5664,0
4.8036,5.1504,0.052702,-0.10748,7.7558,0.37459
4.8036,5.1397,0,-0.10377,7.7217,0.47989
4.8036,5.1293,0,-0.099606,7.6886,0.46711
4.8036,5.1193,0,-0.099955,7.6565,0.4445
4.8036,5.1093,0,-0.11389,7.6254,0.39057
4.8036,5.0979,0,-0.13381,7.5954,0.32249
4.8036,5.0846,0,-8.8,7.5667,9.4612
4.8036,4.2046,0,0.22304,7.5826,0
4.8036,4.2269,0,-0.013139,7.6413,0
4.8036,4.2256,0,-0.079285,7.6991,0
4.8036,4.2176,0,-0.14784,7.7573,0
4.8036,4.2028,0,-0.22526,7.8166,0
4.8036,4.1803,0,-0.30679,7.8778,0
2.7367,4.1496,-3.2109,-0.396,7.156,10.489
2.4174,4.11,-3.2221,-8.8,6.9947,0
2.0956,3.23,-3.2462,-0.26103,6.845,9.702
2.0956,3.2039,0,-0.33781,6.7328,1.6616
2.0956,3.1702,0,-8.8,6.6237,0
2.0956,2.2902,0,-0.20485,6.5602,0
0.82132,2.2697,-2.8741,-0.26152,6.2932,8.9678
0.82132,2.2435,0,-0.31898,6.1497,2.5729
0.82132,2.2116,0,-8.8,6.009,0
0.82132,1.3316,0,-0.15015,5.914,0.75467
0.82132,1.3166,0,-8.8,5.8637,0
-0.3345,0.4366,-1.3776,-1.3776,5.5414,2.0223
-0.3345,0.29884,0,-1.0307,5.4712,0
-0.3345,0.19577,0,-0.70648,5.413,0.044072
-0.3345,0.12512,0,-0.39921,5.3635,0.54489
-0.3345,0.085198,0,-0.16085,5.3196,0.96391
-0.3345,0.069113,0,-0.13332,5.2784,0.98879
-0.3345,0.055781,0,-0.094465,5.2387,1.0431
-0.3345,0.046335,0,-8.8,5.2002,0
-0.3345,0,0,-8.8,5.2061,0
-0.3345,0,0,-8.8,5.2166,0
-0.3345,0,0,-8.8,5.2272,0
-0.80881,0,-0.15678,-8.8,4.8429,0
-0.80881,0,0,-8.8,4.806,0
-0.84355,0,-0.15971,-8.8,4.7815,0
-0.86491,0,-0.16009,-8.8,4.7449,0
-0.86491,0,0,-8.8,4.7024,0
-0.86491,0,0,-8.8,4.66,0
-0.86491,0,0,-8.8,4.6175,0
-0.86491,0,0,-8.8,4.575,0
-0.86491,0,0,-8.8,4.5325,0
-0.86491,0,0,-8.8,4.49,0
-0.86491,0,0,-8.8,4.4475,0
-0.86491,0,0,-8.8,4.405,0
-0.86491,0,0,-8.8,4.3625,0
-0.86491,0,0,-8.8,4.32,0
-0.86491,0,0,-8.8,4.2775,0
-0.86491,0,0,-8.8,4.235,0
-0.86491,0,0,-8.8,4.1926,0
-0.86491,0,0,-8.8,4.1501,0
-0.86491,0,0,-8.8,4.1076,0
-0.72985,0,0.44095,-8.8,3.9539,0
-0.72985,0,0,-8.8,3.9249,0
-0.72985,0,0,-8.8,3.8959,0
-0.72985,0,0,-8.8,3.8669,0
-0.55471,0,0.4659,-8.8,3.8571,0
-0.55471,0,0,-8.8,3.8457,0
-0.55471,0,0,-8.8,3.8342,0
-0.55471,0,0,-8.8,3.8227,0
-0.37131,0,0.41088,-8.8,3.8496,0
-0.33391,0,0.43965,-8.8,3.8604,0
-0.33391,0,0,-8.8,3.871,0
-0.33391,0,0,-8.8,3.8816,0
-0.22558,0,0.40726,-8.8,3.9095,0
-0.22558,0,0,-8.8,3.931,0
-0.22558,0,0,-8.8,3.9524,0
-0.10807,0,0.32064,-8.8,4.0081,0
-0.10807,0,0,-8.8,4.0413,0
-0.10807,0,0,-8.8,4.0745,0
-0.10807,0,0,-8.8,4.1077,0
-0.10807,0,0,-8.8,4.1409,0
-0.10807,0,0,-8.8,4.1741,0
-0.10807,0,0,-8.8,4.2073,0
-0.10807,0,0,-8.8,4.2405,0
-0.10807,0,0,-8.8,4.2737,0
-0.10807,0,0,-8.8,4.3069,0
-0.10807,0,0,-8.8,4.3401,0
-0.10807,0,0,-8.8,4.3733,0
-0.10807,0,0,-8.8,4.4065,0
-0.10807,0,0,-8.8,4.4396,0
-0.10807,0,0,-8.8,4.4728,0
-0.51826,0,-0.80642,-8.8,4.4612,0
-0.51826,0,0,-8.8,4.4534,0
-0.51826,0,0,-8.8,4.4456,0
-0.51826,0,0,-8.8,4.4378,0
-0.51826,0,0,-8.8,4.4299,0
-0.51826,0,0,-8.8,4.4221,0
-0.51826,0,0,-8.8,4.4143,0
-0.51826,0,0,-8.8,4.4065,0
-0.51826,0,0,-8.8,4.3986,0
-1.0536,0,-0.30898,-8.8,4.0726,0
-1.0536,0,0,-8.8,4.0112,0
-1.1076,0,-0.27383,-8.8,3.9421,0
-1.1279,0,-0.25579,-8.8,3.8771,0
-1.1279,0,0,-8.8,3.8084,0
-1.1279,0,0,-8.8,3.7396,0
-1.1279,0,0,-8.8,3.6708,0
-1.1279,0,0,-8.8,3.602,0
-1.1279,0,0,-8.8,3.5332,0
-1.1279,0,0,-8.8,3.4644,0
-1.1747,0,0.30288,-8.8,3.3967,0
-1.1747,0,0,-8.8,3.3233,0
-1.1747,0,0,-8.8,3.2498,0
-1.1747,0,0,-8.8,3.1763,0
-1.1747,0,0,-8.8,3.1029,0
-1.1747,0,0,-8.8,3.0294,0
-1.1747,0,0,-8.8,2.9559,0
-1.1747,0,0,-8.8,2.8825,0
-1.1747,0,0,-8.8,2.809,0
-1.1747,0,0,-8.8,2.7355,0
-1.1747,0,0,-8.8,2.6621,0
-1.1747,0,0,-8.8,2.5886,0
-1.0827,0,-0.069122,-8.8,2.6316,0
-1.0827,0,0,-8.8,2.5673,0
-1.0827,0,0,-8.8,2.503,0
-1.0827,0,0,-8.8,2.4387,0
-1.0827,0,0,-8.8,2.3745,0
-1.0827,0,0,-8.8,2.3102,0
-1.1262,0,-0.031875,-8.8,2.2279,0
-1.1262,0,0,-8.8,2.1593,0
-1.1262,0,0,-8.8,2.0907,0
-1.1262,0,0,-8.8,2.022,0
-1.1262,0,0,-8.8,1.9534,0
-1.1262,0,0,-8.8,1.8848,0
-1.1262,0,0,-8.8,1.8162,0
-1.1262,0,0,-8.8,1.7475,0
-1.1262,0,0,-8.8,1.6789,0
-1.1262,0,0,-8.8,1.6103,0
-1.1262,0,0,-8.8,1.5417,0
-1.2665,0,-0.22134,-8.8,1.428,0
-1.2915,0,-0.21692,-8.8,1.3525,0
-1.2915,0,0,-8.8,1.2674,0
-1.3301,0,-0.20866,-8.8,1.1857,0
-1.3301,0,0,-8.8,1.0967,0
-1.3301,0,0,-8.8,1.0077,0
-1.3301,0,0,-8.8,0.91866,0
-1.3301,0,0,-8.8,0.82964,0
-1.4675,0,-0.23035,-8.8,0.68963,0
-1.4675,0,0,-8.8,0.58688,0
-1.5007,0,-0.22351,-8.8,0.48347,0
-1.5007,0,0,-8.8,0.3774,0
-1.5007,0,0,-8.8,0.27133,0
-1.5659,0,-0.23597,-8.8,0.14968,0
-1.5659,0,0,-32.631,0.037097,0
-1.5659,0,0,-34.564,0.043664,0
-1.5659,0,0,-24.332,0.059897,0
-1.5659,0,0,-137.3,0.024971,0
-1.5659,0,0,-8.8,0.5549,0
-1.5659,0,0,-8.8,0.44231,0
-1.5659,0,0,-8.8,0.32973,0
