14.261,14.261,-1.0921,0,35.5,5.9633
14.147,14.261,-1.0328,-0.008599,35.503,5.8864
14.147,14.26,0,-0.015908,35.491,0.20162
14.147,14.258,0,-0.02373,35.48,0.18043
14.147,14.256,0,-0.03192,35.469,0.15715
14.147,14.253,0,-0.039829,35.458,0.13321
14.147,14.249,0,-0.047773,35.448,0.10802
13.528,14.244,-0.94496,-0.054721,35.245,7.6097
13.429,14.238,-0.88176,-0.062093,35.168,7.4015
13.429,14.232,0,-0.068985,35.087,1.7469
13.429,14.225,0,-0.075539,35.007,1.7046
13.429,14.218,0,-0.081937,34.928,1.6615
13.079,14.209,-0.83255,-0.08814,34.786,8.2897
12.99,14.201,-0.85146,-0.094817,34.675,8.817
12.908,14.191,-0.83107,-0.10102,34.555,8.9258
12.831,14.181,-0.84683,-0.10685,34.414,9.3673
12.831,14.17,0,-0.11411,34.28,3.162
12.65,14.159,-0.80677,-0.12086,34.132,9.6447
12.65,14.147,0,-0.12715,33.982,3.6121
12.5,14.134,-0.78133,-0.13276,33.811,9.9224
12.5,14.121,0,-0.13905,33.648,3.9715
12.5,14.107,0,-0.14531,33.487,3.8948
12.5,14.092,0,-0.15224,33.327,3.8134
12.185,14.077,-0.79442,-0.15854,33.097,11.161
12.185,14.061,0,-0.16591,32.908,4.7201
12.01,14.045,-0.91191,-0.17347,32.696,13.108
11.923,14.027,-0.97886,-0.18114,32.481,14.239
11.923,14.009,0,-0.18923,32.272,5.3503
11.923,13.99,0,-0.19902,32.064,5.229
11.923,13.971,0,-0.21117,31.858,5.0929
11.923,13.949,0,-0.22469,31.655,4.9469
11.923,13.927,0,-0.23959,31.453,4.7909
11.923,13.903,0,-0.25555,31.254,4.6266
11.923,13.877,0,-0.27112,31.057,4.4613
11.923,13.85,0,-0.28835,30.863,4.2854
10.644,13.821,-1.5735,-0.30414,30.161,29.16
10.644,13.791,0,-0.32207,29.845,8.7228
10.325,13.759,-1.5277,-0.33917,29.506,29.615
10.325,13.725,0,-0.35656,29.164,9.5674
10.325,13.689,0,-0.37496,28.826,9.293
10.325,13.652,0,-0.3931,28.491,9.0158
10.325,13.612,0,-0.41247,28.161,8.7264
10.325,13.571,0,-0.43203,27.834,8.4318
10.325,13.528,0,-0.45232,27.511,8.1288
10.325,13.483,0,-0.47429,27.193,7.812
10.325,13.435,0,-0.49719,26.88,7.4865
10.325,13.386,0,-0.51934,26.571,7.1623
10.325,13.334,0,-0.54251,26.268,6.8302
10.325,13.279,0,-0.56829,25.97,6.4819
10.325,13.223,0,-0.59395,25.677,6.1331
10.325,13.163,0,-0.62248,25.39,5.7693
8.2542,13.101,-1.4013,-0.65223,23.691,33.131
8.1175,13.036,-1.3045,-0.68162,23.196,31.456
7.9895,12.968,-1.2323,-0.71083,22.702,30.22
7.8646,12.897,-1.1167,-0.74127,22.197,28.247
7.8646,12.822,0,-0.77204,21.698,13.605
7.8646,12.745,0,-0.80018,21.206,13.04
7.8646,12.665,0,-0.83069,20.722,12.454
7.8646,12.582,0,-0.86183,20.246,11.86
7.8646,12.496,0,-0.89377,19.779,11.259
7.2818,12.407,-0.79324,-0.92443,19.142,21.993
7.1926,12.314,-0.75217,-0.95788,18.635,21.091
7.1926,12.218,0,-0.99097,18.128,12.325
7.1926,12.119,0,-1.022,17.63,11.671
7.1926,12.017,0,-1.0536,17.143,11.014
7.1926,11.912,0,-1.0875,16.666,10.344
7.1926,11.803,0,-1.1224,16.199,9.6736
7.1926,11.691,0,-1.1536,15.744,9.0318
7.1926,11.575,0,-1.1884,15.3,8.3781
7.1926,11.456,0,-1.2224,14.867,7.7399
7.1926,11.334,0,-1.2578,14.447,7.1082
6.5686,11.208,-0.60745,-1.2928,13.762,13.75
6.5686,11.079,0,-1.3281,13.304,8.0731
6.5686,10.946,0,-1.3685,12.86,7.3735
6.5686,10.809,0,-1.4061,12.429,6.7092
6.3266,10.669,-0.52195,-1.4442,11.969,10.375
6.3266,10.524,0,-1.4823,11.542,6.2101
6.3266,10.376,0,-1.5162,11.13,5.5997
6.3266,10.225,0,-1.5436,10.732,5.0472
6.3266,10.07,0,-1.5678,10.35,4.5396
6.3266,9.9135,0,-5.2,9.9835,65.328
6.0757,9.3935,-0.27013,-5.2,9.5802,51.971
6.0757,8.8735,0,-5.2,9.2744,53.961
6.0757,8.3535,0,-5.2,9.0206,52.895
6.0757,7.8335,0,-5.2,8.8189,51.829
6.0757,7.3135,0,-5.2,8.6691,50.763
6.0757,6.7935,0,-0.30867,8.5713,0.82705
6.0757,6.7626,0,-0.31098,8.5011,0.75609
6.0757,6.7315,0,-5.2,8.4339,49.57
6.0757,6.2115,0,-0.1273,8.3944,0.020362
6.0757,6.1988,0,-0.13828,8.3814,0
6.0757,6.1849,0,-0.15054,8.3698,0
6.0757,6.1699,0,-0.16054,8.3596,0
6.0757,6.1538,0,-0.16522,8.351,0
5.6399,6.1373,-0.37405,-0.17411,8.0805,1.9578
5.6399,6.1199,0,-5.2,8.0317,35.561
5.6399,5.5999,0,-0.010613,8.0097,0
5.6399,5.5988,0,-0.021379,8.0137,0
5.6399,5.5967,0,-0.033295,8.0179,0
5.6399,5.5934,0,-0.049158,8.0224,0
5.6399,5.5885,0,-0.061311,8.0273,0
5.6399,5.5823,0,-0.074716,8.0327,0
5.6399,5.5749,0,-0.092205,8.0389,0
5.6399,5.5656,0,-0.11226,8.0458,0
5.6399,5.5544,0,-0.12922,8.0538,0
5.6399,5.5415,0,-0.14884,8.063,0
5.0105,5.5266,-0.83474,-8.8,7.7617,3.2281
5.0105,4.6466,0,0.27703,7.7541,0
5.0105,4.6743,0,0.15212,7.7891,0
5.0105,4.6895,0,0.027254,7.822,0
4.614,4.6922,-1.0736,-0.021829,7.7747,5.996
4.614,4.6901,0,-0.050321,7.7669,0.050551
4.614,4.685,0,-0.081847,7.7596,0
4.614,4.6768,0,-0.11232,7.7529,0
4.614,4.6656,0,-0.14092,7.7472,0
4.614,4.6515,0,-0.1724,7.7427,0
4.614,4.6343,0,-0.20097,7.7398,0
4.614,4.6142,0,-0.2309,7.7388,0
4.614,4.5911,0,-0.26251,7.74,0
4.614,4.5648,0,-0.29783,7.7436,0
4.614,4.5351,0,-8.8,7.75,5.6648
3.3042,3.6551,-1.4714,-0.086291,7.1282,11.515
3.3042,3.6464,0,-0.11949,7.0935,0.45608
3.3042,3.6345,0,-0.15369,7.0599,0.35426
3.3042,3.6191,0,-0.18767,7.0276,0.25415
3.3042,3.6003,0,-0.22198,6.9971,0.15602
3.3042,3.5781,0,-0.25893,6.9686,0.058104
3.3042,3.5523,0,-8.8,6.9425,0
2.3038,2.6723,-1.5172,-0.07316,6.6112,5.311
2.3038,2.6649,0,-0.10106,6.5747,0.54195
2.3038,2.6548,0,-0.1338,6.5391,0.44195
1.8246,2.6415,-1.8988,-0.16762,6.4315,6.4438
1.8246,2.6247,0,-0.20523,6.3507,1.2919
1.4619,2.6042,-1.7342,-8.8,6.2384,0
1.4619,1.7242,0,-0.059463,6.1682,0.42443
1.4619,1.7182,0,-0.081471,6.1423,0.35909
1.4619,1.7101,0,-0.10232,6.117,0.29472
1.4619,1.6998,0,-0.12205,6.0927,0.23149
1.4619,1.6876,0,-0.14288,6.0695,0.16535
1.4619,1.6734,0,-8.8,6.0477,0
1.4619,0.79335,0,-1.1819,6.0705,0
1.4619,0.67517,0,-1.1094,6.1433,0
1.4619,0.56422,0,-1.0656,6.2275,0
1.4619,0.45766,0,-1.04,6.3226,0
1.4619,0.35366,0,-0.95742,6.4282,0
1.4619,0.25792,0,-0.84115,6.5438,0
1.4619,0.17381,0,-0.75755,6.6684,0
1.4619,0.09805,0,-0.71498,6.801,0
1.4619,0.026552,0,-0.69133,6.941,0
1.4619,0,0,-0.71025,7.088,0
1.4619,0,0,-0.68635,7.2377,0
-0.51576,0,-0.64212,-0.64212,5.3442,2.5648
-0.51576,0,0,-0.60331,5.2959,1.2971
-0.51576,0,0,-0.54615,5.2473,1.4172
-0.51576,0,0,-0.48717,5.1985,1.5411
-0.51576,0,0,-0.51036,5.1493,1.4924
-0.789,0,-0.60371,-0.60371,5.0347,3.1249
-0.789,0,0,-8.8,4.9588,0
-0.789,0,0,-8.8,4.9239,0
-0.9709,0,-0.74553,-8.8,4.8565,0
-0.9709,0,0,-8.8,4.8034,0
-0.9709,0,0,-8.8,4.7503,0
-0.9709,0,0,-8.8,4.6972,0
-0.9709,0,0,-8.8,4.6441,0
-1.3097,0,-0.67698,-8.8,4.4914,0
-1.3097,0,0,-8.8,4.4044,0
-1.3097,0,0,-8.8,4.3175,0
-1.3097,0,0,-8.8,4.2305,0
-1.3097,0,0,-8.8,4.1435,0
-1.3097,0,0,-8.8,4.0565,0
-1.3097,0,0,-8.8,3.9696,0
-1.8559,0,-0.89639,-8.8,3.6932,0
-1.9457,0,-0.90099,-8.8,3.5452,0
-1.9457,0,0,-8.8,3.3946,0
-1.9457,0,0,-8.8,3.244,0
-1.9457,0,0,-8.8,3.0935,0
-1.9457,0,0,-8.8,2.9429,0
-2.3967,0,-0.98057,-8.8,2.6711,0
-2.3967,0,0,-8.8,2.4754,0
-2.3967,0,0,-8.8,2.2797,0
-2.3967,0,0,-8.8,2.0841,0
-2.8165,0,-1.0283,-8.8,1.7897,0
-2.8165,0,0,-8.8,1.552,0
-2.8165,0,0,-8.8,1.3143,0
-3.1295,0,-1.0126,-8.8,1.044,0
-3.1295,0,0,-8.8,0.77504,0
-3.3308,0,-1.1373,-12.577,0.48492,0
-3.3308,0,0,-29.729,0.21472,0
-3.3308,0,0,-4008.6,0.030288,0
-3.3308,0,0,-1.2722,19.74,5.6625
-3.8152,0,-1.3016,-1.3016,19.301,9.3287
-3.8152,0,0,-1.2798,18.926,6.6395
-3.8152,0,0,-1.3047,18.55,6.5872
-3.8152,0,0,-1.3383,18.175,6.5167
-4.3325,0,-1.364,-1.364,17.697,10.389
-4.3325,0,0,-1.4104,17.271,7.4253
-4.3325,0,0,-1.444,16.845,7.3549
-4.3325,0,0,-1.4648,16.419,7.3111
-4.9071,0,-1.4085,-1.4085,15.889,11.567
-4.9071,0,0,-1.3848,15.405,8.6574
-5.1948,0,-1.3739,-1.3739,14.896,12.157
-5.1948,0,0,-1.331,14.383,9.36
-5.4613,0,-1.3101,-1.3101,13.836,12.703
-5.4613,0,0,-1.4007,13.297,9.7598
-5.4613,0,0,-1.4293,12.758,9.6998
-5.4613,0,0,-1.4377,12.219,9.6822
-5.4613,0,0,-1.4553,11.68,9.6451
-5.4613,0,0,-1.4497,11.141,9.657
-5.4613,0,0,-1.383,10.602,9.797
-5.4613,0,0,-1.3697,10.063,9.825
-5.4613,0,0,-1.3655,9.5236,9.8339
-5.4613,0,0,-1.3758,8.9843,9.8122
-5.4613,0,0,-1.3866,8.4451,9.7896
-6.9787,0,-1.4069,-1.4069,7.0239,15.814
-6.9787,0,0,-1.3977,6.3331,12.877
-7.2777,0,-1.3641,-1.3641,5.6045,16.427
-7.4073,0,-1.343,-8.8,4.881,1.0233
-7.4073,0,0,-8.8,4.1843,0
-7.4073,0,0,-9.8751,3.4876,0
-7.4073,0,0,-12.533,2.7962,0
-7.9403,0,-1.4409,-17.117,2.011,0
-7.9403,0,0,-26.843,1.3025,0
-7.9403,0,0,-57.212,0.64274,0
-7.9403,0,0,-561.02,0.13477,0
-8.5402,0,-1.5225,-19.503,2.0282,0
-8.7005,0,-1.4495,-31.404,1.2635,0
-8.7005,0,0,-73.809,0.55052,0
-8.7005,0,0,-2073.8,0.049516,0
-8.7005,0,0,-1.3876,9.5483,16.428
-8.7005,0,0,-1.4109,8.6852,16.379
-8.7005,0,0,-1.4561,7.8222,16.284
-9.5624,0,-1.4003,-1.4003,6.6997,21.11
-9.5624,0,0,-1.3575,5.7505,18.258
-9.5624,0,0,-11.529,4.801,0
-9.9817,0,-1.4343,-14.394,3.8439,0
-10.127,0,-1.3978,-19.007,2.9121,0
-10.127,0,0,-27.985,1.9944,0
-10.127,0,0,-50.934,1.1216,0
-10.127,0,0,-192.42,0.36355,0
-10.127,0,0,-307.56,0.31293,0
-10.127,0,0,-92.113,0.83801,0
-10.127,0,0,-2936.3,0.28585,0
-10.127,0,0,-1.4717,13.955,19.176
-11.263,0,-1.5119,-1.5119,12.491,24.597
-11.263,0,0,-1.5661,11.373,21.306
-11.263,0,0,-1.5955,10.254,21.245
-11.263,0,0,-1.6292,9.1358,21.174
-11.884,0,-1.6466,-1.6466,7.9208,25.87
-11.884,0,0,-1.6887,6.7407,22.322
-11.884,0,0,-1.7843,5.5607,22.121
-12.384,0,-1.9054,-19.73,4.3019,0
-12.384,0,0,-27.114,3.1622,0
-12.384,0,0,-42.457,2.0594,0
-13.006,0,-2.1187,-91.979,0.94115,0
-13.006,0,0,-975.91,0.10049,0
-13.426,0,-2.0841,-26.843,3.6404,0
-13.426,0,0,-40.381,2.432,0
-13.426,0,0,-77.909,1.2913,0
-13.426,0,0,-372.71,0.3382,0
-13.426,0,0,-145.77,0.85913,0
-14.521,0,-2.1933,9.8,1,56.476
-14.521,0.98,0,9.8,1.0025,53.876
-14.521,1.96,0,9.8,1.0413,55.885
-14.521,2.94,0,9.8,1.0872,57.894
-15.334,3.92,-1.7116,9.8,1,65.168
-15.334,4.9,0,9.8,1.0047,63.58
-15.334,5.88,0,9.8,1.0343,65.589
-15.334,6.86,0,9.8,1.077,67.598
-15.334,7.84,0,9.8,1.1315,69.607
-15.334,8.82,0,9.8,1.1945,71.616
-15.334,9.8,0,9.8,1.2834,73.625
-15.334,10.78,0,9.8,1.3734,75.634
-15.334,11.76,0,9.8,1.469,77.643
-15.334,12.74,0,9.8,1.5749,79.652
-16.512,13.72,-0.52317,9.8,1,85.175
-16.512,14.7,0,9.8,1.0063,86.085
-16.512,15.68,0,9.8,1.0109,88.094
-16.512,16.66,0,9.8,1.0301,90.103
-16.512,17.64,0,9.8,1.0529,92.112
-16.512,18.62,0,9.8,1.0803,94.121
-16.512,19.6,0,9.8,1.1071,96.13
-16.512,20.58,0,9.8,1.1437,98.139
-16.512,21.56,0,9.8,1.1913,100.15
-16.512,22.54,0,9.8,1.2551,102.16
-16.512,23.52,0,9.8,1.3342,104.17
-16.512,24.5,0,9.8,1.4156,106.17
-17.444,25.48,-0.98778,9.8,1,112.17
-17.444,26.46,0,9.8,1.0141,112.1
-17.644,27.44,-0.95012,9.8,1,116.52
-17.644,28.42,0,9.8,1.0084,116.53
-17.816,29.4,-0.78319,9.8,1,120.54
-17.816,30.38,0,9.8,0.99753,120.9
-17.972,31.36,-0.69459,9.8,1,124.69
-17.972,32.34,0,9.8,1.0076,125.24
-17.972,33.32,0,9.8,1.0159,127.25
-17.972,34.3,0,9.8,1.0329,129.26
-17.972,35.28,0,9.8,1.0544,131.27
-18.317,36.26,-1.0009,9.8,1,136.09
-18.317,37.24,0,9.8,1.0123,135.99
-18.317,38.22,0,9.8,1.0227,138
-18.317,39.2,0,9.8,1.0564,140.01
-18.317,40.18,0,9.8,1.1155,142.02
-18.317,41.16,0,9.8,1.1979,144.03
-18.317,42.14,0,9.8,1.3025,146.04
-18.317,43.12,0,9.8,1.454,148.04
-18.317,44.1,0,9.8,1.6345,150.05
-18.317,45.08,0,9.8,1.8779,152.06
-18.317,46.06,0,9.8,2.1761,154.07
-18.317,47.04,0,9.8,2.5492,156.08
-18.317,48.02,0,9.8,2.9795,158.09
-18.317,49,0,9.8,3.4862,160.1
-18.317,49.98,0,9.8,4.0764,162.11
-18.317,50.96,0,9.8,4.7391,164.12
-18.317,51.94,0,9.8,5.4724,166.13
-18.317,52.92,0,9.8,6.2955,168.13
-18.317,53.9,0,9.8,7.179,170.14
-28.38,54.88,-7.2285,9.8,1,207.97
-28.38,55.86,0,9.8,1.0401,194.79
-28.38,56.84,0,9.8,1.1425,196.8
-30.509,57.82,-6.8792,9.8,1,217.63
-30.509,58.8,0,9.8,1.0286,205.18
-30.509,59.78,0,9.8,1.1397,207.19
-30.509,60.76,0,9.8,1.3188,209.2
-30.509,61.74,0,9.8,1.5683,211.21
-30.509,62.72,0,9.8,1.889,213.22
-30.509,63.7,0,9.8,2.2672,215.23
-35.329,64.68,-6.0756,9.8,1,239.89
-35.329,65.66,0,9.8,1.0244,229.13
-35.329,66.64,0,9.8,1.1212,231.14
-35.329,67.62,0,9.8,1.2542,233.15
-37.233,68.6,-2.4321,9.8,1,244.17
-37.233,69.58,0,9.8,1.021,241.07
-37.233,70.56,0,9.8,1.0444,243.08
-37.233,71.54,0,9.8,1.1036,245.08
-37.233,72.52,0,9.8,1.1672,247.09
-38.002,73.5,-1.0648,9.8,1,252.92
-38.002,74.48,0,9.8,0.99763,252.69
-38.218,75.46,-1.0843,9.8,1,257.42
-38.218,76.44,0,9.8,1.003,257.15
-38.218,77.42,0,9.8,1.0142,259.16
-38.614,78.4,-2.1578,9.8,1,266.51
-38.821,79.38,-2.7177,9.8,1,270.12
-39.096,80.36,-3.2479,9.8,1,273.81
-39.096,81.34,0,9.8,1.0153,268.99
-39.096,82.32,0,9.8,1.0604,271
-39.096,83.3,0,9.8,1.1434,273.01
-39.096,84.28,0,9.8,1.2613,275.02
-39.096,85.26,0,9.8,1.4271,277.03
-39.096,86.24,0,9.8,1.6332,279.04
-39.096,87.22,0,9.8,1.8678,281.05
-39.096,88.2,0,9.8,2.1385,283.06
-42.243,89.18,-1.9338,9.8,1,295.58
-42.243,90.16,0,9.8,1.0079,293.53
-42.243,91.14,0,9.8,1.0341,295.54
-42.243,92.12,0,9.8,1.0785,297.54
-42.243,93.1,0,9.8,1.1171,299.55
-42.243,94.08,0,9.8,1.1829,301.56
-42.243,95.06,0,9.8,1.246,303.57
-42.243,96.04,0,9.8,1.3207,305.58
-43.207,97.02,-1.1134,9.8,1,311.91
-43.207,98,0,9.8,0.9971,311.57
-43.438,98.98,-1.1039,9.8,1,316.38
-43.438,99.96,0,9.8,1.0116,316.07
-43.438,100.94,0,9.8,1.0307,318.08
-43.438,101.92,0,9.8,1.0564,320.08
-43.438,102.9,0,9.8,1.0986,322.09
-43.438,103.88,0,9.8,1.1442,324.1
-43.438,104.86,0,9.8,1.2164,326.11
-43.438,105.84,0,9.8,1.2909,328.12
-43.438,106.82,0,9.8,1.3729,330.13
-43.438,107.8,0,9.8,1.4697,332.14
-44.549,108.78,-1.0622,9.8,1,338.66
-44.646,109.76,-1.0947,9.8,1,340.93
-44.646,110.74,0,9.8,1.0076,340.64
-44.646,111.72,0,9.8,1.0237,342.65
-44.646,112.7,0,9.8,1.0509,344.66
-44.646,113.68,0,9.8,1.0812,346.67
-45.193,114.66,-1.0955,9.8,1,352.1
-45.193,115.64,0,9.8,1.002,351.81
-45.193,116.62,0,9.8,1.0262,353.82
-45.193,117.6,0,9.8,1.0451,355.83
-45.193,118.58,0,9.8,1.0826,357.84
-45.193,119.56,0,9.8,1.1234,359.84
-45.193,120.54,0,9.8,1.1873,361.85
-45.193,121.52,0,9.8,1.2555,363.86
-46.086,122.5,-1.1655,9.8,1,370.15
-46.086,123.48,0,9.8,1.0083,369.71
-46.086,124.46,0,9.8,1.0348,371.72
-46.086,125.44,0,9.8,1.0573,373.73
-46.54,126.42,-1.2095,9.8,1,379.21
-46.54,127.4,0,9.8,0.99979,378.68
-46.54,128.38,0,9.8,1.0082,380.69
-46.54,129.36,0,9.8,1.0431,382.7
-46.54,130.34,0,9.8,1.0763,384.7
-46.54,131.32,0,9.8,1.1233,386.71
-47.239,132.3,-1.1367,9.8,1,392.54
-47.361,133.28,-1.1551,9.8,1,394.84
-47.361,134.26,0,9.8,1.0036,394.42
-47.361,135.24,0,9.8,1.0138,396.43
-47.361,136.22,0,9.8,1.0515,398.44
-47.361,137.2,0,9.8,1.1008,400.45
-47.361,138.18,0,9.8,1.1607,402.46
-47.361,139.16,0,9.8,1.2268,404.47
-47.361,140.14,0,9.8,1.303,406.48
-47.361,141.12,0,9.8,1.3853,408.49
-48.438,142.1,-1.0929,9.8,1,415
-48.438,143.08,0,9.8,1.0108,414.71
-48.646,144.06,-1.1752,9.8,1,419.62
-48.646,145.04,0,9.8,1.0005,419.16
-48.646,146.02,0,9.8,1.0169,421.17
-48.646,147,0,9.8,1.0506,423.17
-49.085,147.98,-1.0511,9.8,1,428.29
-49.085,148.96,0,9.8,1.0085,428.09
-49.085,149.94,0,9.8,1.0198,430.1
-49.39,150.92,-1.1037,9.8,1,435.06
-49.39,151.9,0,9.8,1.0009,434.75
-49.39,152.88,0,9.8,1.0111,436.75
-49.39,153.86,0,9.8,1.0449,438.76
-49.835,154.84,-1.0033,9.8,1,443.79
-49.835,155.82,0,9.8,1.0013,443.69
-49.835,156.8,0,9.8,1.0131,445.7
-49.835,157.78,0,9.8,1.0459,447.71
-50.214,158.76,-0.85932,9.8,1,452.3
-50.214,159.74,0,9.8,1.0099,452.5
-50.393,160.72,-0.9742,9.8,1,456.93
-50.393,161.7,0,9.8,1.0052,456.89
-50.393,162.68,0,9.8,1.0213,458.9
-50.692,163.66,-1.0607,9.8,1,463.75
-50.692,164.64,0,9.8,1.0087,463.53
-50.692,165.62,0,9.8,1.0186,465.54
-50.692,166.6,0,9.8,1.0474,467.55
-50.692,167.58,0,9.8,1.0899,469.56
-50.692,168.56,0,9.8,1.1413,471.57
-50.692,169.54,0,9.8,1.1987,473.57
-50.692,170.52,0,9.8,1.2754,475.58
-50.692,171.5,0,9.8,1.3588,477.59
-50.692,172.48,0,9.8,1.4513,479.6
-50.692,173.46,0,9.8,1.5596,481.61
-50.692,174.44,0,9.8,1.6756,483.62
-52.055,175.42,-1.2044,9.8,1,490.95
-52.055,176.4,0,9.8,1.0159,490.43
-52.055,177.38,0,9.8,1.0415,492.44
-52.055,178.36,0,9.8,1.0743,494.45
-52.055,179.34,0,9.8,1.1114,496.46
-52.692,180.32,-0.99593,9.8,1,501.87
