19.444,19.444,0.72886,0,35.5,0
19.444,19.444,0,0.025573,35.5,0.055373
19.444,19.447,0,0.053986,35.5,0.12627
19.444,19.452,0,0.077926,35.499,0.19662
19.444,19.46,0,0.10134,35.498,0.27447
19.444,19.47,0,0.12344,35.496,0.35776
19.444,19.483,0,0.13984,35.493,0.43341
19.444,19.497,0,0.16156,35.488,0.53124
20.007,19.513,0.6937,0.1794,35.714,0
20.007,19.531,0,0.1973,35.762,0
20.146,19.55,0.73807,0.21604,35.812,0
20.146,19.572,0,0.23449,35.871,0
20.146,19.596,0,0.25131,35.927,0
20.146,19.621,0,0.26731,35.981,0
20.146,19.647,0,0.2836,36.032,0
20.146,19.676,0,0.29739,36.08,0
20.146,19.705,0,0.30612,36.126,0
20.146,19.736,0,0.31384,36.169,0
20.146,19.767,0,0.32802,36.208,0
20.146,19.8,0,0.3368,36.244,0.06658
20.146,19.834,0,0.34066,36.277,0.16097
20.824,19.868,0.29527,0.34469,36.702,0
20.855,19.903,0.20508,0.34338,36.798,0
20.855,19.937,0,0.33974,36.892,0
20.855,19.971,0,0.33441,36.982,0
20.855,20.004,0,0.32202,37.069,0
20.855,20.036,0,0.30738,37.152,0
20.855,20.067,0,0.28435,37.232,0
20.804,20.096,-0.71361,0.25469,37.342,1.7136
20.734,20.121,-0.94409,0.22007,37.408,3.471
20.734,20.143,0,0.17601,37.468,0
20.734,20.161,0,0.13105,37.526,0
20.734,20.174,0,0.081929,37.583,0
20.734,20.182,0,0.031746,37.639,0
20.128,20.185,-1.4759,-0.0057752,37.556,10.65
20.128,20.185,0,-0.021485,37.55,0.07174
20.128,20.182,0,-0.035821,37.545,0.03732
20.128,20.179,0,-0.04907,37.539,0.0033963
20.128,20.174,0,-0.063255,37.534,0
19.404,20.168,-1.4216,-0.077234,37.347,13.372
19.254,20.16,-1.3941,-0.092001,37.267,13.689
19.254,20.151,0,-0.10607,37.177,1.8749
19.254,20.14,0,-0.12024,37.087,1.795
19.254,20.128,0,-0.1347,36.999,1.7118
19.254,20.115,0,-0.1498,36.913,1.6243
19.254,20.1,0,-0.1679,36.827,1.5251
19.254,20.083,0,-0.1869,36.743,1.4213
19.254,20.064,0,-0.20784,36.661,1.3102
19.254,20.043,0,-0.2308,36.581,1.1923
19.254,20.02,0,-0.2549,36.504,1.071
19.254,19.995,0,-0.27876,36.428,0.95075
19.254,19.967,0,-0.30302,36.355,0.83069
19.254,19.937,0,-0.3283,36.286,0.71048
16.768,19.904,-1.9198,-0.35226,34.757,35.705
16.768,19.869,0,-0.37523,34.445,8.1948
16.393,19.831,-1.5709,-0.39724,34.088,29.791
16.393,19.791,0,-0.41614,33.746,9.169
16.393,19.75,0,-0.43345,33.408,8.8822
16.393,19.706,0,-0.44726,33.075,8.6141
16.393,19.662,0,-0.45947,32.746,8.3535
16.393,19.616,0,-0.47168,32.421,8.091
16.393,19.569,0,-0.47944,32.101,7.854
16.393,19.521,0,-0.48527,31.786,7.6281
16.393,19.472,0,-0.49017,31.475,7.4078
16.393,19.423,0,-0.4932,31.17,7.1988
15.753,19.374,0.48807,-0.49251,30.406,6.5128
15.753,19.324,0,-0.48582,30.047,9.4411
15.753,19.276,0,-0.47706,29.692,9.2934
15.753,19.228,0,-0.46571,29.342,9.1667
15.753,19.182,0,-0.45438,28.997,9.0449
15.753,19.136,0,-0.44195,28.656,8.9354
15.753,19.092,0,-0.42803,28.32,8.8409
15.753,19.049,0,-0.41661,27.989,8.7363
15.753,19.008,0,-0.40441,27.661,8.6415
15.753,18.967,0,-0.39404,27.338,8.5404
15.753,18.928,0,-0.38464,27.018,8.4376
16.545,18.889,0.48377,-0.37391,27.155,3.1687
16.545,18.852,0,-0.36548,26.923,5.2132
16.545,18.815,0,-0.35791,26.694,5.1229
16.545,18.779,0,-0.34806,26.469,5.0472
16.545,18.745,0,-0.33848,26.247,4.9738
16.759,18.711,0.38569,-0.32895,26.101,2.6181
16.759,18.678,0,-0.3205,25.907,4.1044
16.759,18.646,0,-0.31501,25.717,4.0242
16.802,18.614,-0.53464,-0.31483,25.537,7.1501
16.802,18.583,0,-0.32067,25.358,3.6535
16.802,18.551,0,-0.33445,25.181,3.4914
16.802,18.517,0,-0.35476,25.008,3.3007
16.802,18.482,0,-0.37704,24.838,3.101
16.802,18.444,0,-0.40444,24.672,2.8809
16.802,18.404,0,-0.42899,24.51,2.6719
16.802,18.361,0,-0.45704,24.352,2.4519
16.802,18.315,0,-0.48644,24.198,2.2301
16.802,18.267,0,-0.51858,24.05,2.0042
16.802,18.215,0,-0.55329,23.906,1.7775
16.802,18.159,0,-0.58882,23.767,1.5576
16.802,18.1,0,-0.62523,23.635,1.3473
16.802,18.038,0,-0.66399,23.508,1.1471
14.664,17.972,-1.8955,-0.70575,22.037,31.852
14.664,17.901,0,-0.74705,21.71,6.5499
14.664,17.826,0,-0.79159,21.39,6.0464
14.064,17.747,-2.1306,-0.8404,20.986,38.559
14.064,17.663,0,-0.89034,20.621,7.1028
14.064,17.574,0,-0.94459,20.266,6.4889
14.064,17.48,0,-1.0057,19.92,5.8538
14.064,17.379,0,-1.0698,19.583,5.2254
14.064,17.272,0,-1.138,19.257,4.6073
12.669,17.158,-2.4832,-1.212,18.536,49.867
12.669,17.037,0,-1.2907,18.093,7.752
12.669,16.908,0,-1.372,17.663,6.8699
12.669,16.771,0,-1.4601,17.246,6.0019
11.632,16.625,-2.5555,-1.5542,16.656,51.395
11.632,16.469,0,-1.6521,16.164,7.5422
11.632,16.304,0,-1.75,15.689,6.535
11.632,16.129,0,-1.8579,15.23,5.5808
11.632,15.943,0,-1.9684,14.79,4.7469
11.632,15.746,0,-2.0841,14.369,4.071
11.632,15.538,0,-2.1947,13.968,3.6204
11.632,15.319,0,-2.3073,13.588,3.4402
11.632,15.088,0,-4.4,13.231,41.315
11.632,14.648,0,-4.4,12.907,53.581
11.632,14.208,0,-4.4,12.628,70.092
11.632,13.768,0,-4.4,12.392,92.836
11.632,13.328,0,-4.4,12.201,125.27
11.632,12.888,0,-4.4,12.053,173.98
11.632,12.448,0,-4.4,11.949,253.3
11.632,12.008,0,-5.2,11.89,0
8.3739,11.488,0.54257,-5.2,9.0004,138.02
8.4233,10.968,1.5463,-5.2,8.7259,172.42
8.4233,10.448,0,-5.2,8.4975,315.33
8.4233,9.9279,0,-5.2,8.321,314.26
8.4233,9.4079,0,-5.2,8.1966,313.2
8.4233,8.8879,0,-5.2,8.1241,312.13
8.4233,8.3679,0,-5.2,8.1037,311.06
9.8818,7.8479,2.6615,-5.2,8.5595,311.72
10.154,7.3279,2.6057,1.5119,8.7977,2.4393
10.154,7.479,0,1.5583,9.0727,0
10.154,7.6349,0,1.5983,9.3324,0
10.154,7.7947,0,1.6351,9.5762,0
10.154,7.9582,0,1.6681,9.8039,0
10.154,8.125,0,1.6852,10.015,0.44501
10.154,8.2935,0,1.7009,10.21,1.1189
10.154,8.4636,0,1.7113,10.387,1.7996
12.006,8.6348,2.0042,1.7178,11.33,0
12.006,8.8065,0,1.7188,11.659,0
12.006,8.9784,0,1.7274,11.97,0
12.006,9.1511,0,1.7312,12.264,0
12.006,9.3243,0,1.7477,12.541,0
12.006,9.499,0,1.7631,12.801,0
13.305,9.6753,2.23,1.7775,13.415,0.67714
13.305,9.8531,0,1.785,13.769,0
13.305,10.032,0,1.7971,14.106,0
13.305,10.211,0,1.8052,14.424,0
13.305,10.392,0,1.8142,14.724,0
13.305,10.573,0,1.8195,15.007,0
13.305,10.755,0,1.8261,15.271,0
13.305,10.938,0,1.8352,15.517,0.022357
13.305,11.121,0,1.8381,15.744,0.6781
13.305,11.305,0,1.8433,15.953,1.3753
13.305,11.489,0,1.8477,16.144,2.0969
13.305,11.674,0,1.8519,16.316,2.8452
13.305,11.859,0,1.8504,16.47,3.5829
13.305,12.044,0,1.8497,16.606,4.3466
13.305,12.229,0,1.845,16.722,5.1032
13.305,12.414,0,1.8461,16.821,5.9157
13.305,12.599,0,1.8463,16.901,6.741
16.952,12.783,1.9356,1.8431,20.167,0.14239
16.952,12.967,0,1.8361,20.575,0
16.952,13.151,0,1.8327,20.964,0
16.952,13.334,0,1.8264,21.335,0
16.952,13.517,0,1.8179,21.688,0
16.952,13.699,0,1.8104,22.022,0
16.952,13.88,0,1.8061,22.339,0
16.952,14.06,0,1.7962,22.637,0
16.952,14.24,0,1.786,22.917,0
18.643,14.419,1.8384,1.7821,23.982,0.27382
18.643,14.597,0,1.7744,24.396,0
18.643,14.774,0,1.7717,24.792,0
19.206,14.951,1.8367,1.7697,25.275,0.4503
19.206,15.128,0,1.767,25.691,0
19.206,15.305,0,1.7646,26.09,0
19.776,15.482,1.8173,1.7607,26.541,0.54295
19.948,15.658,1.799,1.751,26.973,0.51149
19.948,15.833,0,1.7418,27.393,0
20.297,16.007,1.6852,1.7351,27.83,0.033503
20.297,16.18,0,1.7276,28.25,0
20.297,16.353,0,1.7145,28.653,0
20.297,16.525,0,1.7014,29.039,0
20.297,16.695,0,1.6902,29.408,0
20.297,16.864,0,1.6838,29.76,0
20.297,17.032,0,1.6765,30.095,0
20.297,17.2,0,1.6722,30.413,0
20.297,17.367,0,1.6684,30.714,0
20.297,17.534,0,1.6602,30.999,0
20.297,17.7,0,1.6569,31.267,0
22.132,17.866,1.6014,1.6505,32.538,0.20321
22.132,18.031,0,1.6452,32.956,0
22.453,18.195,1.5935,1.6358,33.407,0.25748
22.453,18.359,0,1.6298,33.825,0
22.453,18.522,0,1.6238,34.226,0
22.946,18.684,1.6532,1.6203,34.699,0.72883
22.946,18.846,0,1.6187,35.117,0
22.946,19.008,0,1.612,35.519,0
22.946,19.169,0,1.608,35.905,0
22.946,19.33,0,1.6027,36.274,0
22.946,19.49,0,1.5963,36.628,0
22.946,19.65,0,1.5881,36.966,0
22.946,19.809,0,1.5735,37.287,0
24.186,19.966,1.2574,1.5613,38.121,0
24.186,20.122,0,1.5488,38.535,0
24.186,20.277,0,1.5339,38.934,0
24.186,20.431,0,1.5172,39.317,0
24.694,20.582,1.305,1.5023,39.792,0
24.694,20.732,0,1.4871,40.195,0
24.694,20.881,0,1.4769,40.584,0
24.694,21.029,0,1.4687,40.958,0
24.694,21.176,0,1.4594,41.317,0
24.694,21.322,0,1.4473,41.662,0
24.694,21.466,0,1.4414,41.992,0
25.605,21.611,1.284,1.4304,42.63,0
25.605,21.754,0,1.4213,43.022,0
25.605,21.896,0,1.4147,43.4,0
25.605,22.037,0,1.4103,43.764,0
25.605,22.178,0,1.4056,44.114,0
25.605,22.319,0,1.4021,44.449,0
25.605,22.459,0,1.4009,44.771,0
25.605,22.599,0,1.393,45.078,0
25.605,22.738,0,1.387,45.372,0
26.831,22.877,1.2739,1.3828,46.202,0
26.956,23.015,1.184,1.3749,46.599,0
27.08,23.153,0.99461,1.3672,46.998,0
27.08,23.29,0,1.3503,47.384,0
27.08,23.425,0,1.3249,47.756,0
27.08,23.557,0,1.2928,48.115,0
27.08,23.686,0,1.2591,48.461,0
27.08,23.812,0,1.2204,48.794,0
27.383,23.934,0.10974,1.1828,49.199,0
27.383,24.053,0,1.1431,49.538,0
27.383,24.167,0,1.1056,49.865,0
27.383,24.277,0,1.066,50.181,0
27.383,24.384,0,1.0222,50.486,0
27.383,24.486,0,0.97188,50.781,0
27.383,24.583,0,0.92594,51.066,0
27.383,24.676,0,0.87551,51.341,0
27.383,24.764,0,0.82999,51.608,0
27.383,24.847,0,0.79056,51.865,0
27.383,24.926,0,0.75724,52.115,0
27.383,25.001,0,0.73121,52.357,0
27.383,25.075,0,0.71135,52.591,0
27.383,25.146,0,0.69642,52.818,0
27.383,25.215,0,0.68162,53.039,0
27.383,25.283,0,0.65962,53.252,0
27.383,25.349,0,0.64104,53.459,0
27.383,25.414,0,0.62023,53.659,0
27.278,25.476,0.046481,0.60193,53.659,0
27.278,25.536,0,0.58559,53.836,0
27.278,25.594,0,0.57089,54.008,0
27.328,25.651,0.14649,0.55836,54.185,0
27.34,25.707,0.18061,0.54323,54.352,0
27.34,25.762,0,0.5279,54.513,0
27.34,25.814,0,0.52076,54.668,0
27.34,25.866,0,0.5127,54.818,0
27.34,25.918,0,0.50481,54.963,0
27.479,25.968,0.34525,0.50045,55.132,0
27.479,26.018,0,0.49376,55.281,0
27.545,26.068,0.34262,0.48858,55.434,0
27.545,26.116,0,4.8,55.58,29.866
27.545,26.596,0,0.33103,55.698,0
27.656,26.63,0.37702,0.3295,55.806,0
27.656,26.663,0,0.33026,55.907,0
27.738,26.696,0.31867,0.33453,56.018,0
27.738,26.729,0,0.33592,56.121,0
27.797,26.763,0.098988,0.33165,56.225,0
27.797,26.796,0,0.32236,56.327,0
27.797,26.828,0,0.31079,56.425,0
27.797,26.859,0,4.8,56.521,32.925
27.797,27.339,0,0.12771,56.591,0
27.797,27.352,0,0.11351,56.636,0
27.797,27.363,0,0.10348,56.68,0
27.797,27.374,0,0.093337,56.723,0
27.797,27.383,0,0.078413,56.764,0
27.797,27.391,0,0.06679,56.805,0
27.797,27.397,0,0.054529,56.846,0
27.797,27.403,0,0.040966,56.886,0
27.797,27.407,0,0.027043,56.925,0
27.797,27.41,0,0.018074,56.964,0
27.424,27.411,-0.4655,0.0038317,56.821,1.547
27.424,27.412,0,-0.0029828,56.822,0
27.424,27.412,0,-0.0079962,56.823,0
27.424,27.411,0,-0.01321,56.825,0
27.424,27.409,0,-0.018847,56.826,0
27.424,27.408,0,-0.024852,56.827,0
26.969,27.405,-0.87787,-0.03087,56.7,5.8427
26.969,27.402,0,-0.037576,56.657,0.8824
26.969,27.398,0,-0.043474,56.614,0.85603
26.969,27.394,0,-0.048171,56.571,0.83194
26.969,27.389,0,-0.052785,56.529,0.80717
26.969,27.384,0,-0.05773,56.487,0.78059
26.969,27.378,0,-0.063216,56.446,0.7516
26.969,27.372,0,-0.069439,56.405,0.71964
26.969,27.365,0,-0.075425,56.365,0.68727
26.969,27.357,0,-0.082141,56.326,0.65201
26.121,27.349,-0.9466,-0.08885,55.859,9.9406
26.121,27.34,0,-0.095632,55.736,2.8649
26.121,27.331,0,-0.10229,55.615,2.8071
26.121,27.32,0,-0.11088,55.495,2.7396
26.121,27.309,0,-0.12074,55.375,2.665
25.446,27.297,-2.1904,-0.13675,55.093,35.696
25.229,27.283,-1.2387,-0.1526,54.89,17.769
25.229,27.268,0,-0.16197,54.686,5.3235
25.229,27.252,0,-0.16692,54.483,5.2378
25.229,27.235,0,-0.16944,54.281,5.1637
25.229,27.218,0,-0.16085,54.082,5.1481
25.291,27.202,0.95103,-0.14625,53.818,1.6649
25.384,27.188,0.33299,-0.13868,53.639,3.0531
25.384,27.174,0,-0.13572,53.46,4.569
25.384,27.16,0,-0.13193,53.281,4.5407
25.384,27.147,0,-0.13093,53.104,4.4996
25.384,27.134,0,-0.13187,52.929,4.4491
25.462,27.121,0.56575,-0.13057,52.782,1.962
25.462,27.108,0,-0.12595,52.617,4.1164
25.462,27.095,0,-0.11895,52.453,4.1077
25.462,27.083,0,-0.11317,52.29,4.0954
25.462,27.072,0,-0.10752,52.129,4.0844
25.462,27.061,0,-0.10428,51.969,4.0636
25.462,27.051,0,-0.10115,51.809,4.0433
25.462,27.041,0,-0.098031,51.651,4.0241
25.462,27.031,0,-0.09453,51.494,4.0078
25.462,27.021,0,-0.08974,51.337,3.999
25.462,27.012,0,-0.083614,51.182,3.9983
25.462,27.004,0,-0.078702,51.027,3.9938
25.462,26.996,0,-0.073352,50.873,3.9931
25.462,26.989,0,-0.068627,50.72,3.9912
25.462,26.982,0,-0.064989,50.568,3.9856
25.462,26.975,0,-0.061578,50.417,3.9801
26.277,26.969,0.45136,-0.057414,50.96,0.41509
26.277,26.964,0,-0.053396,50.891,1.4835
26.277,26.958,0,-0.048428,50.823,1.4861
26.435,26.953,0.51384,-0.04317,50.784,0.09776
26.435,26.949,0,-0.038244,50.732,1.0811
26.555,26.945,0.58063,-0.032607,50.69,0
26.555,26.942,0,-0.027533,50.652,0.79845
26.555,26.939,0,-0.021662,50.613,0.80868
26.555,26.937,0,-0.01584,50.575,0.8203
26.555,26.935,0,-0.00823,50.537,0.83872
26.555,26.935,0,-0.0007432,50.499,0.85887
26.555,26.935,0,0.026811,50.461,0.94243
26.555,26.937,0,0.053353,50.423,1.0332
26.555,26.943,0,0.075899,50.384,1.1211
27.297,26.95,0.84521,0.10021,50.66,0
27.297,26.96,0,0.12167,50.694,0
27.297,26.972,0,0.14329,50.727,0
27.297,26.987,0,0.16779,50.759,0
27.297,27.003,0,0.18888,50.789,0
27.297,27.022,0,0.21463,50.817,0
27.297,27.044,0,0.23856,50.844,0.014363
27.297,27.068,0,0.25912,50.868,0.12686
27.297,27.094,0,0.27707,50.89,0.2415
27.297,27.121,0,0.286,50.909,0.33719
27.297,27.15,0,0.29733,50.925,0.44501
28.227,27.18,0.5734,0.30269,51.496,0
28.227,27.21,0,0.31074,51.599,0
28.348,27.241,0.57,0.31998,51.722,0
28.348,27.273,0,0.32922,51.831,0
28.348,27.306,0,0.33343,51.937,0
28.52,27.339,0.53998,0.34113,52.055,0
28.52,27.373,0,0.34687,52.172,0
28.52,27.408,0,0.3501,52.285,0
28.52,27.443,0,0.35633,52.394,0
28.52,27.479,0,0.36154,52.5,0
28.52,27.515,0,0.36287,52.602,0
28.52,27.551,0,0.36553,52.701,0
28.52,27.588,0,0.36466,52.796,0
28.52,27.624,0,0.36724,52.888,0
28.52,27.661,0,0.36563,52.976,0
28.52,27.697,0,0.36461,53.06,0
28.52,27.734,0,0.36751,53.14,0
28.52,27.771,0,0.36817,53.217,0
28.52,27.807,0,0.36543,53.29,0
29.113,27.844,0.5076,0.36616,53.822,0
29.154,27.881,0.58644,0.3674,53.942,0
29.154,27.917,0,0.37416,54.067,0
29.276,27.955,0.71629,0.38116,54.207,0
29.346,27.993,0.75738,0.39032,54.335,0
29.346,28.032,0,0.40214,54.468,0
29.346,28.072,0,0.41286,54.597,0
29.346,28.113,0,0.42275,54.723,0
29.669,28.156,0.7735,0.43622,54.897,0
29.669,28.199,0,0.44502,55.046,0
29.809,28.244,0.73085,0.45128,55.212,0
29.809,28.289,0,0.45804,55.366,0
29.809,28.335,0,0.46476,55.516,0
29.809,28.381,0,0.47029,55.661,0
29.809,28.428,0,0.48054,55.801,0
29.809,28.476,0,0.48632,55.937,0
29.809,28.525,0,0.49303,56.068,0
29.809,28.574,0,0.50041,56.194,0
29.809,28.624,0,0.50904,56.315,0
29.809,28.675,0,0.51387,56.431,0
29.809,28.727,0,0.52418,56.541,0
29.809,28.779,0,0.53299,56.647,0
29.809,28.832,0,0.54564,56.747,0
29.809,28.887,0,0.561,56.842,0
29.809,28.943,0,0.57798,56.932,0
29.809,29.001,0,0.59678,57.016,0
31.191,29.06,1.1264,0.61292,58.104,0.086997
31.191,29.122,0,0.62918,58.314,0
31.191,29.185,0,0.64417,58.518,0
31.538,29.249,1.1105,0.65788,58.77,0.05602
31.538,29.315,0,0.66894,58.996,0
31.538,29.382,0,0.68044,59.215,0
31.538,29.45,0,0.69079,59.427,0
31.538,29.519,0,0.69667,59.632,0
31.538,29.588,0,0.70148,59.831,0
31.538,29.659,0,0.70423,60.022,0
31.538,29.729,0,-2,60.207,45.567
32.279,29.529,0.88779,-2,60.689,90.276
32.279,29.329,0,-2,60.974,98.648
32.473,29.129,0.91117,-2,61.301,122.2
32.473,28.929,0,4.8,61.645,17.225
32.66,29.409,0.84978,-2,61.976,116.47
32.66,29.209,0,-2,62.311,142.72
32.822,29.009,0.77258,4.8,62.684,7.4066
32.892,29.489,0.72546,-2,63.041,126.72
32.892,29.289,0,-2,63.391,160.87
32.892,29.089,0,-2,63.762,189.69
32.892,28.889,0,4.8,64.152,14.623
32.892,29.369,0,-2,64.528,150.98
32.892,29.169,0,-2,64.891,177.39
32.892,28.969,0,4.8,65.273,15.072
33.519,29.449,0.96656,-2,65.828,179.14
33.519,29.249,0,-2,66.245,292.37
33.715,29.049,0.93453,4.8,66.693,2.3223
33.715,29.529,0,-2,67.135,268.83
33.715,29.329,0,-2,67.564,330.69
33.715,29.129,0,-2,68.013,417.49
33.715,28.929,0,4.8,68.481,10.335
33.715,29.409,0,-2,68.936,303.6
33.715,29.209,0,-2,69.377,378.91
34.295,29.009,0.81654,4.8,70.016,0.63165
34.295,29.489,0,-2,70.52,563.57
34.295,29.289,0,-2,71.011,791.25
34.295,29.089,0,-2,71.521,1249.2
34.295,28.889,0,4.8,72.052,7.0902
34.295,29.369,0,-2,72.568,683.95
34.295,29.169,0,-2,73.071,1019.9
34.295,28.969,0,4.8,73.594,7.5015
34.295,29.449,0,-2,74.102,599.43
34.295,29.249,0,-2,74.597,856.5
35.191,29.049,0.93736,4.8,75.568,0
35.191,29.529,0,-2,76.158,0
