16.111,16.111,-0.10162,0,35.5,0.23999
16.104,16.111,-0.1283,-0.00061729,35.501,0.3272
16.104,16.111,0,-0.0020806,35.5,0.010166
16.104,16.111,0,-0.0040275,35.5,0.0056448
16.104,16.11,0,-0.0054507,35.499,0.0018407
16.034,16.11,-0.25828,-0.0065486,35.458,0.90191
16.034,16.109,0,-0.0087206,35.451,0.1375
16.034,16.108,0,-0.011985,35.443,0.12837
16.034,16.107,0,-0.014521,35.436,0.12023
16.034,16.106,0,-0.017077,35.429,0.11157
16.034,16.104,0,-0.019127,35.422,0.10352
16.034,16.102,0,-0.022406,35.415,0.09244
15.816,16.1,-0.26486,-0.024689,35.353,1.4561
15.816,16.097,0,-0.026985,35.325,0.551
15.816,16.095,0,-0.028067,35.297,0.54192
15.816,16.092,0,-0.029174,35.269,0.53255
15.816,16.089,0,-0.030959,35.242,0.52119
15.816,16.086,0,-0.032557,35.215,0.50996
15.816,16.083,0,-0.034098,35.188,0.49855
15.816,16.079,0,-0.035139,35.161,0.48812
15.816,16.076,0,-0.035818,35.135,0.47841
15.816,16.072,0,-0.035732,35.109,0.47052
15.681,16.069,0.35506,-0.03416,34.987,0.068829
15.681,16.065,0,-0.030361,34.948,0.78344
15.681,16.062,0,-0.025649,34.91,0.78957
15.681,16.06,0,-0.02035,34.872,0.79859
15.681,16.057,0,-0.014861,34.835,0.80954
15.681,16.056,0,-0.0083922,34.797,0.82479
15.681,16.055,0,-0.003024,34.76,0.83853
15.681,16.055,0,0.010774,34.722,0.87899
16.128,16.056,0.35297,0.035457,34.851,0
16.155,16.059,0.2701,0.046976,34.861,0
16.155,16.064,0,0.060287,34.87,0
16.197,16.07,0.14807,0.062471,34.89,0
16.197,16.076,0,0.065999,34.902,0
16.197,16.083,0,0.070308,34.914,0
16.197,16.09,0,0.070552,34.925,0
16.197,16.097,0,0.068043,34.935,0
16.197,16.104,0,0.064959,34.945,0
16.247,16.11,0.033419,0.066758,34.964,0
16.247,16.117,0,0.064025,34.977,0
16.247,16.124,0,0.059218,34.99,0
16.247,16.129,0,0.058628,35.002,0
16.247,16.135,0,0.062021,35.013,0
16.247,16.142,0,0.057274,35.024,0
16.247,16.147,0,0.047954,35.034,0
16.247,16.152,0,0.033979,35.044,0
16.247,16.155,0,0.021202,35.053,0
16.247,16.158,0,0.0089798,35.062,0
16.143,16.158,-0.29038,-0.0014006,35.06,0.87228
16.143,16.158,0,-0.0047407,35.058,0.022252
16.143,16.158,0,-0.0069505,35.057,0.016615
16.143,16.157,0,-0.0097529,35.055,0.0093194
16.143,16.156,0,-0.012246,35.054,0.0021435
16.143,16.155,0,-0.013926,35.053,0
16.143,16.154,0,-0.01661,35.051,0
16.143,16.152,0,-0.018051,35.05,0
16.143,16.15,0,-0.019986,35.05,0
16.143,16.148,0,-0.022475,35.049,0
16.143,16.146,0,-0.024112,35.049,0
15.857,16.143,-0.11529,-0.025487,34.914,0.90836
15.857,16.141,0,-0.025689,34.886,0.55971
15.857,16.138,0,-0.025146,34.858,0.5552
15.857,16.136,0,-0.024241,34.83,0.55177
15.862,16.133,0.065637,-0.024272,34.805,0.37258
15.862,16.131,0,-0.022753,34.778,0.53333
15.862,16.129,0,-0.022027,34.752,0.52999
15.862,16.126,0,-0.021051,34.725,0.52747
15.862,16.124,0,-0.019022,34.699,0.52795
15.953,16.122,0.41174,-0.015215,34.718,0
15.993,16.121,0.49849,-0.011504,34.706,0
15.993,16.12,0,-0.007137,34.693,0.25314
16.103,16.119,0.55101,-0.0014769,34.697,0
16.103,16.119,0,0.023419,34.695,0.085125
16.214,16.121,0.53637,0.045292,34.709,0
16.214,16.126,0,0.074009,34.719,0
16.214,16.133,0,0.09536,34.727,0.041721
16.214,16.143,0,0.11314,34.735,0.10603
16.214,16.154,0,0.13811,34.741,0.19563
16.214,16.168,0,0.15788,34.747,0.28116
16.214,16.184,0,0.18065,34.75,0.38338
16.214,16.202,0,0.1976,34.753,0.47794
16.214,16.221,0,0.21286,34.753,0.57451
16.214,16.243,0,0.22615,34.751,0.67142
16.214,16.265,0,0.24585,34.747,0.79574
16.214,16.29,0,0.25945,34.741,0.9082
16.214,16.316,0,0.27713,34.732,1.0418
16.214,16.344,0,0.29143,34.72,1.1717
16.214,16.373,0,0.29761,34.706,1.2779
16.214,16.403,0,0.30433,34.689,1.3897
16.214,16.433,0,0.30927,34.668,1.4983
16.214,16.464,0,0.31834,34.645,1.6265
16.214,16.496,0,0.32601,34.618,1.754
16.214,16.528,0,0.33562,34.589,1.894
16.214,16.562,0,0.34789,34.556,2.051
16.214,16.597,0,0.35617,34.519,2.1973
16.214,16.632,0,0.36499,34.479,2.351
16.214,16.669,0,0.36962,34.435,2.4908
16.214,16.706,0,0.36633,34.388,2.5969
16.214,16.742,0,0.36098,34.337,2.6929
16.214,16.778,0,0.35148,34.283,2.7681
16.214,16.814,0,0.33979,34.224,2.83
16.214,16.848,0,0.33257,34.163,2.9093
16.214,16.881,0,0.31713,34.098,2.9472
16.214,16.913,0,0.3077,34.03,3.0086
16.214,16.943,0,0.30037,33.958,3.0771
16.214,16.973,0,0.28959,33.884,3.1266
17.621,17.002,0.25704,0.28851,36.546,0
17.621,17.031,0,0.29128,36.607,0
17.621,17.06,0,0.29174,36.664,0
17.713,17.089,0.37852,0.28957,36.734,0
17.713,17.118,0,0.29114,36.795,0
17.795,17.148,0.41609,0.2999,36.862,0
17.836,17.178,0.43687,0.30427,36.923,0
17.836,17.208,0,0.30726,36.988,0
17.836,17.239,0,0.3123,37.049,0
17.964,17.27,0.43614,0.31962,37.142,0
17.964,17.302,0,0.32703,37.209,0
17.964,17.335,0,0.32982,37.274,0
17.964,17.368,0,0.33003,37.335,0
17.964,17.401,0,0.33607,37.393,0
17.964,17.434,0,0.34025,37.448,0
17.964,17.468,0,0.34474,37.499,0
18.267,17.503,0.44794,0.34874,37.664,0
18.267,17.538,0,0.35247,37.739,0
18.267,17.573,0,0.35257,37.81,0
18.267,17.608,0,0.35852,37.878,0
18.267,17.644,0,0.36185,37.942,0
18.267,17.68,0,0.36048,38.002,0
18.267,17.716,0,0.35887,38.059,0
18.267,17.752,0,0.36426,38.112,0
18.267,17.788,0,0.36471,38.162,0
18.267,17.825,0,0.36929,38.208,0
18.267,17.862,0,0.37225,38.251,0.024812
18.267,17.899,0,0.37003,38.289,0.11029
18.267,17.936,0,0.37086,38.324,0.20574
18.267,17.973,0,0.36438,38.356,0.27992
18.267,18.01,0,0.36074,38.383,0.36211
18.267,18.046,0,0.35548,38.407,0.43891
18.267,18.081,0,0.34804,38.428,0.50778
18.267,18.116,0,0.33975,38.444,0.57228
18.267,18.15,0,0.33743,38.458,0.65507
18.946,18.184,0.26871,0.33713,39.118,0
18.946,18.217,0,0.33564,39.193,0
18.946,18.251,0,0.33639,39.264,0
18.946,18.285,0,0.33104,39.332,0
18.946,18.318,0,0.32926,39.396,0
18.946,18.351,0,0.32824,39.457,0
19.133,18.384,0.29756,0.32909,39.571,0
19.164,18.416,0.26083,0.32762,39.64,0
19.164,18.449,0,0.32432,39.713,0
19.164,18.482,0,0.31645,39.783,0
19.164,18.513,0,0.3115,39.85,0
19.164,18.544,0,0.30266,39.913,0
19.164,18.575,0,0.30193,39.974,0
19.294,18.605,0.19111,0.29971,40.05,0
19.294,18.635,0,0.29698,40.117,0
19.294,18.665,0,0.29377,40.182,0
19.368,18.694,0.20348,0.292,40.243,0
19.368,18.723,0,0.29196,40.309,0
19.368,18.752,0,0.29069,40.372,0
19.368,18.781,0,0.28583,40.432,0
19.368,18.81,0,0.27852,40.489,0
19.368,18.838,0,0.27535,40.544,0
19.368,18.865,0,0.26508,40.595,0
19.368,18.892,0,0.24869,40.644,0
19.448,18.917,-0.32424,0.22837,40.73,0.3015
19.448,18.94,0,0.20738,40.782,0
19.448,18.96,0,0.18411,40.832,0
19.355,18.979,-0.35281,0.16138,40.875,0.6019
19.355,18.995,0,0.13531,40.912,0
19.355,19.008,0,0.11592,40.947,0
19.355,19.02,0,0.097568,40.981,0
19.355,19.03,0,0.080364,41.014,0
19.355,19.038,0,0.05888,41.046,0
19.355,19.044,0,0.038427,41.078,0
19.355,19.048,0,0.020205,41.109,0
19.355,19.05,0,0.0048996,41.14,0
19.355,19.05,0,-0.0022424,41.17,0
19.355,19.05,0,-0.004406,41.201,0
19.355,19.049,0,-0.0067251,41.231,0
19.355,19.049,0,-0.010651,41.262,0
19.355,19.048,0,-0.013971,41.293,0
19.355,19.046,0,-0.017851,41.323,0
19.355,19.044,0,-0.021481,41.354,0
18.738,19.042,-0.44304,-0.024892,40.895,2.3501
18.738,19.04,0,-0.02833,40.865,0.59325
18.738,19.037,0,-0.031499,40.835,0.57821
18.62,19.034,-0.37145,-0.034048,40.785,2.3105
18.62,19.03,0,-0.036467,40.744,0.83086
18.549,19.027,-0.41853,-0.039361,40.702,2.7465
18.549,19.023,0,-0.041819,40.654,0.96935
18.549,19.019,0,-0.044837,40.607,0.94995
18.549,19.014,0,-0.048657,40.561,0.92755
18.549,19.009,0,-0.051308,40.514,0.9078
18.549,19.004,0,-0.054619,40.469,0.8856
18.549,18.999,0,-0.057646,40.423,0.86356
18.549,18.993,0,-0.060245,40.379,0.84217
18.549,18.987,0,-0.063106,40.335,0.81954
18.549,18.981,0,-0.066696,40.291,0.79434
18.135,18.974,-0.5785,-0.070779,40.062,4.9567
18.135,18.967,0,-0.075798,39.978,1.802
18.135,18.959,0,-0.081749,39.895,1.7597
17.919,18.951,-0.80329,-0.087995,39.788,7.5397
17.919,18.942,0,-0.094159,39.685,2.2814
17.919,18.933,0,-0.10124,39.583,2.2264
17.919,18.923,0,-0.10792,39.483,2.1715
17.919,18.912,0,-0.11548,39.383,2.1118
17.496,18.9,-0.84344,-0.12234,39.197,9.4815
17.412,18.888,-0.83797,-0.12925,39.051,9.7287
17.412,18.875,0,-0.13649,38.904,3.4593
17.412,18.862,0,-0.14347,38.758,3.3836
17.155,18.847,-0.79595,-0.15097,38.566,10.215
17.155,18.832,0,-0.15793,38.398,4.0703
16.992,18.816,-0.7582,-0.16489,38.22,10.38
16.992,18.8,0,-0.1715,38.039,4.4511
16.992,18.783,0,-0.17726,37.859,4.3631
16.772,18.765,-0.6652,-0.18412,37.646,10.132
16.697,18.747,-0.61711,-0.19086,37.436,9.8878
16.697,18.728,0,-0.19562,37.232,5.1119
16.697,18.708,0,-0.20144,37.03,5.0111
16.519,18.688,-0.49985,-0.20712,36.799,9.2501
16.519,18.667,0,-0.21244,36.583,5.4511
16.519,18.646,0,-0.21615,36.37,5.3536
16.519,18.624,0,-0.22062,36.158,5.2512
16.519,18.602,0,-0.22655,35.949,5.1403
16.519,18.58,0,-0.23164,35.741,5.0325
16.519,18.556,0,-0.23689,35.536,4.9228
16.519,18.533,0,-0.24171,35.334,4.8145
16.519,18.508,0,-0.2475,35.134,4.7004
16.519,18.484,0,-0.25291,34.936,4.5873
16.002,18.458,-0.51583,-0.25732,34.511,10.379
16.002,18.433,0,-0.2637,34.267,6.2199
16.002,18.406,0,-0.27003,34.025,6.0846
16.002,18.379,0,-0.27679,33.786,5.9457
16.002,18.352,0,-0.28234,33.55,5.8121
16.002,18.323,0,-0.28896,33.316,5.6717
16.002,18.295,0,-0.29502,33.085,5.5332
15.615,18.265,-0.48469,-0.29987,32.711,10.69
15.615,18.235,0,-0.30552,32.448,6.706
15.615,18.205,0,-0.31002,32.187,6.5623
15.615,18.173,0,-0.31662,31.93,6.406
15.431,18.142,-0.47987,-0.32184,31.631,10.766
15.385,18.11,-0.47392,-0.32743,31.361,10.732
15.385,18.077,0,-0.3336,31.09,6.8184
15.286,18.044,-0.44632,-0.34008,30.8,10.536
15.286,18.01,0,-0.34519,30.525,6.8737
15.286,17.975,0,-0.35105,30.255,6.7063
15.286,17.94,0,-0.35752,29.988,6.5346
15.286,17.904,0,-0.36488,29.724,6.3571
15.286,17.868,0,-0.37188,29.464,6.1808
15.286,17.83,0,-0.37954,29.208,6
14.938,17.793,-0.52947,-0.38646,28.841,11.431
14.938,17.754,0,-0.39395,28.558,6.9469
14.938,17.714,0,-0.40037,28.278,6.7578
14.938,17.674,0,-0.40691,28.002,6.5674
14.938,17.634,0,-0.41408,27.731,6.3731
14.938,17.592,0,-0.42172,27.463,6.1757
14.938,17.55,0,-0.42717,27.2,5.9898
14.622,17.507,-0.44792,-0.4327,26.824,10.452
14.576,17.464,-0.45971,-0.43968,26.536,10.519
14.576,17.42,0,-0.44803,26.249,6.7428
14.576,17.375,0,-0.45465,25.967,6.5351
14.576,17.33,0,-0.46269,25.689,6.3195
14.576,17.284,0,-0.47034,25.416,6.1059
14.576,17.237,0,-0.47823,25.148,5.891
14.285,17.189,-0.50849,-0.48581,24.803,10.69
14.232,17.14,-0.50731,-0.49435,24.519,10.634
14.232,17.091,0,-0.50211,24.23,6.4928
14.232,17.041,0,-0.50999,23.947,6.2622
14.232,16.99,0,-0.52005,23.669,6.0202
14.026,16.938,-0.5124,-0.52936,23.357,10.429
13.968,16.885,-0.49883,-0.53993,23.056,10.249
13.968,16.831,0,-0.5501,22.767,6.2433
13.968,16.776,0,-0.56033,22.484,5.9874
13.968,16.72,0,-0.56659,22.206,5.7527
13.796,16.663,-0.29209,-0.57125,21.862,8.0939
13.796,16.606,0,-0.57738,21.578,5.9056
13.796,16.548,0,-0.58188,21.3,5.6758
13.699,16.49,-0.24026,-0.58603,21.031,7.3046
13.683,16.431,-0.22877,-0.58759,20.757,7.0469
13.683,16.373,0,-0.59111,20.485,5.4086
13.639,16.313,-0.18019,-0.59283,20.212,6.4053
13.63,16.254,-0.14929,-0.59166,19.957,6.0278
13.63,16.195,0,-0.59029,19.697,4.984
13.63,16.136,0,-0.59061,19.443,4.7839
13.594,16.077,-0.10173,-0.59081,19.176,5.241
13.589,16.018,-0.10917,-0.58753,18.94,5.1083
13.589,15.959,0,-0.58748,18.7,4.3514
13.589,15.9,0,-0.58643,18.466,4.1678
13.589,15.842,0,-0.5831,18.238,3.997
13.589,15.783,0,-0.58132,18.016,3.8232
13.589,15.725,0,-0.57616,17.799,3.6665
13.52,15.668,-0.052417,-0.57427,17.567,3.9436
13.52,15.61,0,-0.56706,17.355,3.5637
13.52,15.553,0,-0.56322,17.149,3.4093
13.52,15.497,0,-0.5583,16.949,3.2623
13.52,15.441,0,-0.55047,16.754,3.13
13.52,15.386,0,-0.5486,16.564,2.979
13.52,15.331,0,-0.54525,16.38,2.8365
13.52,15.277,0,-0.542,16.202,2.6968
13.52,15.223,0,-0.54544,16.029,2.5373
13.52,15.168,0,-0.54648,15.861,2.3885
13.52,15.114,0,-0.54801,15.699,2.2412
13.52,15.059,0,-0.54981,15.543,2.0962
13.52,15.004,0,-0.54971,15.392,1.9599
13.52,14.949,0,-0.55082,15.246,1.8235
13.52,14.894,0,-0.55477,15.106,1.6828
13.52,14.838,0,-0.57065,14.971,1.516
13.52,14.781,0,-0.59702,14.842,1.3315
13.52,14.721,0,-0.64018,14.719,1.125
13.52,14.657,0,-0.70257,14.602,0.91199
13.52,14.587,0,-0.78135,14.492,0.72695
12.103,14.509,-3.2864,-0.87587,13.856,72.594
12.103,14.421,0,-0.98803,13.619,2.7255
12.103,14.323,0,-1.1138,13.392,2.2114
12.103,14.211,0,-1.2671,13.176,1.8098
12.103,14.085,0,-1.44,12.972,1.663
12.103,13.941,0,-1.6381,12.781,1.9678
12.103,13.777,0,-1.8691,12.605,3.092
12.103,13.59,0,-6.2816,12.447,0
8.4903,12.962,-5.3548,-6.2623,11.016,7.2611
8.4903,12.335,0,-6.2726,10.6,340.03
8.4903,11.708,0,-6.3056,10.247,338.67
8.4903,11.078,0,-6.311,9.9564,337.37
8.4903,10.447,0,-6.2615,9.7292,336.18
8.4903,9.8204,0,-6.0903,9.5649,335.26
8.4903,9.2113,0,-5.8092,9.4624,334.6
8.4903,8.6304,0,-5.5618,9.4193,333.93
8.4903,8.0743,0,-5.3631,9.4331,333.21
8.4903,7.5379,0,-5.2438,9.5015,332.36
8.4903,7.0136,0,-5.3383,9.623,331.08
8.4903,6.4797,0,-5.6553,9.7974,329.32
8.4903,5.9142,0,-8.8,10.027,321.56
8.4903,5.0342,0,-8.8,10.328,319.75
1.4721,4.1542,-5.7253,-8.8,5.6525,0
1.4721,3.2742,0,-8.8,5.4283,0
0.31363,2.3942,-5.9481,-8.8,5.1681,0
0.31363,1.5142,0,-8.8,5.004,0
0.31363,0.63421,0,-8.8,4.928,0
0.31363,0,0,-8.8,4.9399,0
0.31363,0,0,-8.8,5.0153,0
-2.4726,0,-4.8353,-8.8,4.377,0
-2.4726,0,0,-8.8,4.1738,0
-2.4726,0,0,-8.8,3.9705,0
-2.4726,0,0,-8.8,3.7672,0
-2.4726,0,0,-8.8,3.564,0
-2.4726,0,0,-8.8,3.3607,0
-4.8236,0,-2.5455,-8.8,2.4162,0
-5.0733,0,-2.1337,-8.8,1.9616,0
-5.2951,0,-1.6934,-11.122,1.4868,0
-5.2951,0,0,-15.969,1.0129,0
-5.2951,0,0,-29.907,0.56327,0
-5.2951,0,0,-125.58,0.18329,0
-5.2951,0,0,-92.254,0.28169,0
-5.2951,0,0,-254.3,0.21345,0
-5.2951,0,0,-22.565,0.95547,0
-5.2951,0,0,-57.65,0.53878,0
-5.2951,0,0,-2280.5,0.29753,0
-5.2951,0,0,-0.24377,11.17,10.404
-5.2951,0,0,-0.24413,10.642,10.403
-5.9223,0,-0.24142,-0.24142,9.6573,12.202
-5.9536,0,-0.2107,-0.2107,9.0695,12.266
-5.9536,0,0,-0.30632,8.4752,11.622
-6.0083,0,-0.41629,-0.41629,7.8632,12.378
-6.0083,0,0,-0.38484,7.2645,11.569
-6.0083,0,0,-0.45541,6.6656,11.421
-6.0083,0,0,-0.55015,6.067,11.222
-6.0083,0,0,-0.5049,5.4689,11.317
-6.0083,0,0,-8.8,4.8706,0
-6.2951,0,-0.51601,-8.8,4.2357,0
-6.2951,0,0,-8.8,3.6502,0
-6.2951,0,0,-8.8,3.0646,0
-6.2951,0,0,-8.8,2.4791,0
-6.2951,0,0,-11.044,1.8936,0
-6.2951,0,0,-15.675,1.3193,0
-6.2951,0,0,-27.978,0.7682,0
-6.2951,0,0,-94.365,0.27858,0
-6.126,0,1.55,-288.61,0.064667,0
-6.126,0,0,-17.934,0.89514,0
-6.126,0,0,-40.525,0.3722,0
-6.126,0,0,-794.68,-0.037772,0
-6.126,0,0,-8.8,3.323,0
-6.126,0,0,-8.8,2.7544,0
-6.126,0,0,-8.8,2.1858,0
-4.9518,0,1.6558,-8.8,2.006,0
-4.9518,0,0,-8.8,1.5549,0
-4.608,0,1.6116,-8.8,1.1278,0
-4.608,0,0,-12.232,0.71096,0
-4.608,0,0,-25.239,0.31131,0
-4.608,0,0,-186.04,-0.0233,0
-4.608,0,0,-12.668,0.4461,0
-4.608,0,0,-30.334,0.048634,0
-4.608,0,0,-391.19,-0.2605,0
-4.608,0,0,-8.8,1.2347,0
-4.608,0,0,-8.8,0.81786,0
-4.608,0,0,-8.8,0.40106,0
-4.608,0,0,-8.8,-0.015747,0
-4.608,0,0,-12.398,-0.43255,0
-4.608,0,0,-35.851,-0.83137,0
-4.608,0,0,-1387.7,-1.1129,0
-4.608,0,0,0.72977,5.3645,11.041
-4.608,0.072977,0,0.75735,4.9001,11.248
-4.608,0.14871,0,0.78642,4.4282,11.465
-2.8321,0.22735,0.82235,0.82235,5.7087,6.3328
-2.8321,0.30959,0,0.85256,5.3987,8.2928
-2.8321,0.39484,0,-8.8,5.0802,0
-2.8321,0,0,-8.8,4.8015,0
-2.8321,0,0,-8.8,4.5623,0
-2.4262,0,0.85149,-8.8,4.4274,0
-2.3506,0,0.84296,-8.8,4.228,0
-2.3506,0,0,-8.8,4.037,0
-2.3506,0,0,-8.8,3.8459,0
-2.0964,0,0.85034,-8.8,3.7014,0
-2.0964,0,0,-8.8,3.5357,0
-1.9314,0,0.86909,-8.8,3.3867,0
-1.9314,0,0,-8.8,3.2376,0
-1.9314,0,0,-8.8,3.0884,0
-1.6812,0,0.84681,-8.8,2.9836,0
-1.6812,0,0,-8.8,2.8595,0
-1.6812,0,0,-8.8,2.7354,0
-1.4378,0,0.81573,-8.8,2.6645,0
-1.3543,0,0.81495,-8.8,2.5766,0
-1.3543,0,0,-8.8,2.4851,0
-1.1865,0,0.79359,-8.8,2.3989,0
-1.1865,0,0,-8.8,2.3242,0
-1.1865,0,0,-8.8,2.2496,0
-1.1865,0,0,-8.8,2.1749,0
-1.1865,0,0,-8.8,2.1003,0
-1.1865,0,0,-8.8,2.0256,0
-1.1865,0,0,-8.8,1.951,0
-1.1865,0,0,-8.8,1.8764,0
-0.58304,0,0.69764,-8.8,2.0476,0
-0.58304,0,0,-8.8,2.0333,0
-0.58304,0,0,-8.8,2.019,0
-0.58304,0,0,-8.8,2.0047,0
-0.58304,0,0,-8.8,1.9904,0
-0.58304,0,0,-8.8,1.9761,0
-0.58304,0,0,-8.8,1.9618,0
-0.58304,0,0,-8.8,1.9475,0
-0.031941,0,0.53202,-8.8,2.1759,0
0.013981,0,0.51027,-8.8,2.2104,0
0.013981,0,0,-8.8,2.2558,0
0.013981,0,0,-8.8,2.3012,0
0.013981,0,0,-8.8,2.3466,0
0.013981,0,0,-8.8,2.392,0
0.013981,0,0,-8.8,2.4374,0
0.2618,0,0.31859,-8.8,2.5506,0
0.2618,0,0,-8.8,2.6208,0
0.2618,0,0,-8.8,2.691,0
0.2618,0,0,-8.8,2.7611,0
0.2618,0,0,-8.8,2.8313,0
0.2618,0,0,-8.8,2.9015,0
0.2618,0,0,-8.8,2.9717,0
0.2618,0,0,-8.8,3.0419,0
0.2618,0,0,-8.8,3.112,0
0.2618,0,0,-8.8,3.1822,0
0.48526,0,0.10448,-8.8,3.4147,0
0.48526,0,0,-8.8,3.5072,0
