0,0,-0.068727,0,35.5,0.14441
0,0,0,7.8,35.5,59.103
0,0.78,0,7.8,35.461,63.94
0,1.56,0,7.8,35.344,68.834
0,2.34,0,7.8,35.149,73.779
0,3.12,0,7.8,34.876,78.774
0,3.9,0,7.8,34.525,83.814
0,4.68,0,7.8,34.096,88.898
0,5.46,0,7.8,33.589,94.022
0,6.24,0,6.7,33.004,86.677
0,6.91,0,6.7,32.346,91.046
0,7.58,0,6.7,31.622,95.444
0,8.25,0,-0.44112,30.831,27.979
-0.069014,8.2059,0.0076479,-0.45608,29.961,27.982
-0.069014,8.1603,0,-0.47152,29.136,27.872
-0.069014,8.1131,0,-0.48823,28.315,27.741
-0.069014,8.0643,0,-0.50514,27.499,27.605
-0.069014,8.0138,0,-0.52429,26.688,27.461
-0.069014,7.9614,0,-0.54343,25.883,27.313
-0.069014,7.907,0,-0.564,25.082,27.159
-0.045799,7.8506,0.016339,-0.58678,24.284,26.913
-0.045799,7.7919,0,-0.61063,23.498,26.777
-0.045799,7.7309,0,-0.63477,22.717,26.601
-0.045799,7.6674,0,-0.66029,21.942,26.418
-0.045799,7.6014,0,-0.68708,21.174,26.226
-0.045799,7.5327,0,-0.71648,20.413,26.023
-0.045799,7.461,0,-0.74793,19.659,25.81
-0.027216,7.3862,0.0049791,-0.77977,18.903,25.542
-0.027216,7.3082,0,-0.81503,18.166,25.318
-0.042352,7.2267,-0.0092465,-0.85201,17.452,25.124
-0.042352,7.1415,0,-0.89002,16.729,24.85
-0.042352,7.0525,0,-0.93234,16.015,24.579
-0.055759,6.9593,-0.012774,-0.97883,15.319,24.344
-0.055759,6.8614,0,-1.0267,14.622,24.016
-0.059541,6.7588,0.0022292,-1.0783,13.93,23.7
-0.059541,6.6509,0,-1.1333,13.254,23.368
-0.059541,6.5376,0,-1.1911,12.589,23.014
-0.059541,6.4185,0,-1.2508,11.935,22.645
-0.059541,6.2934,0,-1.3154,11.293,22.253
-0.059541,6.1619,0,-1.3841,10.665,21.839
-0.059541,6.0235,0,-1.4551,10.049,21.406
-0.059541,5.8779,0,-1.5344,9.4483,20.941
-0.059541,5.7245,0,-1.6164,8.8622,20.454
-0.059541,5.5629,0,-1.7029,8.2919,19.941
-0.059541,5.3926,0,-1.792,7.7382,19.404
-0.059541,5.2134,0,-8.8,7.2019,4.3115
-0.076357,4.3334,0.034931,-8.8,6.6974,2.4686
-0.076357,3.4534,0,-8.8,6.3005,0.73802
-0.076357,2.5734,0,-8.8,5.9915,0
-0.076357,1.6934,0,-8.8,5.7705,0
-0.076357,0.81337,0,0.010908,5.6375,13.84
-0.076357,0.81446,0,-0.041813,5.5485,13.731
-0.076357,0.81028,0,-0.043828,5.4596,13.719
-0.076357,0.8059,0,-8.8,5.3712,0
-0.076357,0,0,0.0081873,5.327,12.167
-0.076357,0.00081873,0,0.024609,5.3193,12.203
-0.076357,0.0032796,0,0.072923,5.3114,12.31
-0.076357,0.010572,0,0.085604,5.3031,12.351
-0.058852,0.019132,0.055559,0.055559,5.3024,12.153
-0.058852,0.024688,0,0.050234,5.2943,12.27
-0.058852,0.029712,0,0.043082,5.2857,12.265
-0.058852,0.03402,0,0.030838,5.2766,12.248
-0.058852,0.037104,0,-0.0091104,5.2672,12.171
-0.058852,0.036192,0,-0.024744,5.2577,12.136
-0.058852,0.033718,0,-0.052625,5.2483,12.072
-0.058852,0.028456,0,-0.063603,5.2393,12.038
-0.056794,0.022095,-0.072118,-0.072118,5.2626,12.155
-0.056794,0.014884,0,-0.055712,5.2551,12.023
-0.056794,0.0093124,0,-0.028257,5.2482,12.069
-0.056794,0.0064867,0,-0.023893,5.2417,12.073
-0.056794,0.0040974,0,-0.039018,5.2355,12.036
-0.056794,0.00019555,0,-0.005438,5.2296,12.098
-0.056794,0,0,-0.019535,5.2239,12.068
-0.062572,0,-0.028889,-0.028889,5.2216,12.121
-0.062572,0,0,-0.010306,5.2155,12.1
-0.062572,0,0,0.0087444,5.2093,12.14
-0.062572,0.00087444,0,-0.024485,5.203,12.072
-0.062572,0,0,-0.029817,5.1968,12.059
-0.062572,0,0,-0.063804,5.1907,11.987
-0.062572,0,0,-0.077142,5.1847,11.959
-0.062572,0,0,-0.064126,5.1789,11.987
-0.062572,0,0,-0.10128,5.1729,11.909
-0.062572,0,0,-0.10644,5.1672,11.898
-0.068386,0,-0.091641,-0.091641,5.1731,12.133
-0.077274,0,-0.097838,-0.097838,5.1761,12.151
-0.077274,0,0,-0.13081,5.1688,11.877
-0.077274,0,0,-0.10676,5.1617,11.927
-0.11341,0,-0.089153,-0.089153,5.1588,12.226
-0.11341,0,0,-0.065325,5.1479,12.088
-0.11341,0,0,-0.055099,5.1369,12.11
-0.11341,0,0,-0.038322,5.1258,12.145
-0.11341,0,0,-0.0064325,5.1147,12.212
-0.12862,0,0.0063377,0.0063377,5.1074,12.257
-0.12862,0.00063377,0,0.016794,5.0945,12.293
-0.12862,0.0023131,0,-0.0068137,5.0815,12.247
-0.11851,0.0016318,-0.033835,-0.033835,5.071,12.239
-0.11496,0,-0.0517,-0.0517,5.0644,12.229
-0.11496,0,0,-0.061238,5.0532,12.1
-0.12526,0,-0.096958,-0.096958,5.0347,12.25
-0.12526,0,0,-0.10787,5.0227,12.023
-0.14423,0,-0.09916,-0.09916,5.0027,12.289
-0.14423,0,0,-8.8,4.9888,0
-0.14423,0,0,-0.084372,5.0184,12.111
-0.14423,0,0,-8.8,5.0044,0
-0.14423,0,0,-0.10066,5.034,12.077
-0.20534,0,-0.11449,-0.11449,5.0054,12.414
-0.20534,0,0,-8.8,4.9855,0
-0.20534,0,0,-8.8,5.0089,0
-0.20534,0,0,-0.11395,5.0324,12.175
-0.20534,0,0,-8.8,5.0124,0
-0.20534,0,0,-0.082244,5.0359,12.241
-0.20534,0,0,-8.8,5.0158,0
-0.20534,0,0,-0.041462,5.0392,12.327
-0.27845,0,-0.046065,-8.8,4.9811,0
-0.27845,0,0,-8.8,4.9972,0
-0.27845,0,0,0.052481,5.0134,12.674
-0.27845,0.0052481,0,-8.8,4.9853,0
-0.27845,0,0,-0.0053024,5.0009,12.553
-0.27845,0,0,-8.8,4.9731,0
-0.27845,0,0,-8.8,4.9893,0
-0.27845,0,0,-0.033302,5.0054,12.494
-0.27845,0,0,-8.8,4.9777,0
-0.27845,0,0,-0.043185,4.9939,12.473
-0.2697,0,-0.035674,-8.8,4.9689,0
-0.2697,0,0,-8.8,4.986,0
-0.27902,0,-0.075427,-0.075427,5.0014,12.565
-0.28451,0,-0.054074,-8.8,4.9722,0
-0.28451,0,0,-8.8,4.9878,0
-0.28451,0,0,0.0057418,5.0033,12.588
-0.28451,0.00057418,0,-8.8,4.9748,0
-0.28451,0,0,-8.8,4.9903,0
-0.28451,0,0,-8.8,5.0059,0
-0.28451,0,0,0.0043206,5.0214,12.585
-0.28451,0.00043206,0,-8.8,4.993,0
-0.28451,0,0,-8.8,5.0085,0
-0.28451,0,0,-0.0018964,5.024,12.572
-0.28451,0,0,-8.8,4.9956,0
-0.28451,0,0,-8.8,5.0111,0
-0.28451,0,0,-0.053591,5.0267,12.464
-0.28451,0,0,-8.8,4.9985,0
-0.28451,0,0,-0.090416,5.014,12.386
-0.28451,0,0,-8.8,4.986,0
-0.28451,0,0,-8.8,5.0016,0
-0.28451,0,0,-8.8,5.0171,0
-0.28451,0,0,-0.053564,5.0327,12.464
-0.28451,0,0,-8.8,5.0045,0
-0.36582,0,-0.045601,-8.8,4.9918,0
-0.36582,0,0,-0.062901,4.9993,12.611
-0.36582,0,0,-8.8,4.963,0
-0.36582,0,0,-8.8,4.9704,0
-0.39901,0,-0.0403,-8.8,4.9694,0
-0.39901,0,0,-8.8,4.9735,0
-0.39901,0,0,-8.8,4.9776,0
-0.40517,0,0.062398,-8.8,4.9715,0
-0.39066,0,0.030429,-8.8,4.9721,0
-0.39066,0,0,-8.8,4.977,0
-0.39155,0,0.010257,-8.8,4.974,0
-0.39155,0,0,-8.8,4.9789,0
-0.39155,0,0,-8.8,4.9837,0
-0.39155,0,0,-8.8,4.9885,0
-0.39155,0,0,-8.8,4.9934,0
-0.38944,0,-0.0073289,-8.8,4.9793,0
-0.38944,0,0,-8.8,4.9843,0
-0.38944,0,0,-8.8,4.9894,0
-0.38944,0,0,-8.8,4.9944,0
-0.38944,0,0,-8.8,4.9995,0
-0.38944,0,0,-8.8,5.0046,0
-0.38944,0,0,-8.8,5.0096,0
-0.38944,0,0,-8.8,5.0147,0
-0.34914,0,0.057793,0.057793,5.0052,12.709
-0.34914,0.0057793,0,-8.8,4.97,0
-0.34914,0,0,-8.8,4.9785,0
-0.33206,0,-0.0090257,-8.8,4.9885,0
-0.33206,0,0,-8.8,4.9993,0
-0.33206,0,0,0.018447,5.0101,12.713
-0.33206,0.0018447,0,-8.8,4.9768,0
-0.33206,0,0,-8.8,4.9874,0
-0.30547,0,0.06931,-8.8,4.9798,0
-0.29805,0,0.064519,-8.8,4.9905,0
-0.29805,0,0,-8.8,5.0047,0
-0.29805,0,0,0.080093,5.0189,12.772
-0.26729,0.0080093,0.078,-8.8,4.9919,0
-0.2565,0,0.075311,0.075311,5.0042,12.519
-0.2565,0.0075311,0,-8.8,4.9782,0
-0.2565,0,0,-8.8,4.9958,0
-0.2565,0,0,0.027534,5.0142,12.577
-0.2565,0.0027534,0,-8.8,4.9884,0
-0.22393,0,0.034231,0.034231,5.0199,12.452
-0.22284,0.0034231,0.073669,-8.8,4.997,0
-0.22284,0,0,0.072548,5.0184,12.602
-0.21111,0.0072548,0.070337,0.070337,5.0112,12.441
-0.21111,0.014288,0,-8.8,4.989,0
-0.21111,0,0,0.03328,5.0104,12.496
-0.19102,0.003328,-0.020061,-8.8,4.987,0
-0.19102,0,0,-0.1034,5.0115,12.167
-0.19102,0,0,-8.8,4.9929,0
-0.19102,0,0,-0.16013,5.0178,12.048
-0.19102,0,0,-8.8,4.9995,0
-0.26603,0,-0.30528,-0.30528,5.0197,12.538
-0.30416,0,-0.37184,-8.8,4.9926,0
-0.30416,0,0,-0.51793,5.0061,11.528
-0.30416,0,0,-8.8,4.9783,0
-0.45445,0,-0.74526,-8.8,4.9769,0
-0.45445,0,0,-8.8,4.9754,0
-0.45445,0,0,-8.8,4.974,0
-0.45445,0,0,-8.8,4.9725,0
-0.45445,0,0,-8.8,4.9711,0
-0.45445,0,0,-8.8,4.9696,0
-0.93974,0,-0.86515,-8.8,4.8295,0
-0.93974,0,0,-8.8,4.7795,0
-0.93974,0,0,-8.8,4.7295,0
-0.93974,0,0,-8.8,4.6796,0
-1.31,0,-0.99612,-8.8,4.5432,0
-1.31,0,0,-8.8,4.4562,0
-1.31,0,0,-8.8,4.3692,0
-1.31,0,0,-8.8,4.2822,0
-1.7946,0,-1.5925,-8.8,4.1088,0.52717
-1.7946,0,0,-8.8,3.9734,0
-2.1302,0,-1.7488,-8.8,3.7989,1.5435
-2.1302,0,0,-8.8,3.6299,0
-2.481,0,-1.8929,-8.8,3.4362,2.5657
-2.481,0,0,-8.8,3.2321,0
-2.8659,0,-2.0341,-8.8,3.0003,3.6513
-2.8659,0,0,-8.8,2.7577,0
-2.8659,0,0,-8.8,2.5151,0
-2.8659,0,0,-8.8,2.2725,0
-2.8659,0,0,-8.8,2.0299,0
-2.8659,0,0,-8.8,1.7873,0
-4.1908,0,-2.3871,-9.8835,1.1714,4.8323
-4.1908,0,0,-15.003,0.80173,0
-4.1908,0,0,-30.112,0.45767,0
-4.1908,0,0,-179.09,0.18916,0
-4.1908,0,0,-31.085,0.66554,0
-4.1908,0,0,-163.62,0.40189,0
-4.1908,0,0,-46.464,0.80093,0
-5.9093,0,-2.6371,-1070,0.016358,0
-5.9093,0,0,-8.8,4.7753,5.6161
-5.9093,0,0,-8.8,4.2284,5.6161
-5.9093,0,0,-9.0104,3.6815,5.1741
-5.9093,0,0,-11.029,3.1356,0.93243
-7.2587,0,-2.7146,-14.343,2.2656,2.4402
-7.2587,0,0,-20.57,1.6115,0
-7.2587,0,0,-35.471,0.98843,0
-7.2587,0,0,-103.38,0.43991,0
-7.2587,0,0,-1612.8,0.23094,0
-7.2587,0,0,-2.8118,7.5693,20.965
-7.2587,0,0,-2.7741,6.8575,21.044
-7.2587,0,0,-2.7287,6.1455,21.14
-9.5117,0,-2.6759,-12.59,4.5627,10.659
-9.7751,0,-2.6108,-15.645,3.6654,4.6437
-9.7751,0,0,-20.775,2.7661,0
-9.7751,0,0,-31.138,1.8925,0
-9.7751,0,0,-59.949,1.0707,0
-9.7751,0,0,-290.99,0.39292,0
-9.7751,0,0,-107.38,0.87034,0
-9.7751,0,0,-7587.3,0.42972,0
-9.7751,0,0,7.8,37.389,48.422
-9.7751,0.78,0,7.8,36.372,50.021
-9.7751,1.56,0,7.8,35.277,51.62
-11.496,2.34,-0.78699,7.8,33.08,58.4
-11.496,3.12,0,7.8,31.657,58.345
-11.496,3.9,0,7.8,30.157,59.944
-11.496,4.68,0,7.8,28.578,61.543
-11.496,5.46,0,-0.73186,26.922,45.214
-11.496,5.3868,0,-0.8028,25.23,44.915
-11.496,5.3065,0,-0.88525,23.545,44.578
-11.496,5.218,0,-0.98157,21.87,44.194
-11.828,5.1199,0.027152,-1.0944,19.988,44.38
-11.828,5.0104,0,-1.2296,18.299,43.928
-11.828,4.8875,0,-1.3916,16.621,43.336
-11.808,4.7483,0.16154,-1.5905,14.956,42.253
-11.788,4.5892,0.18108,-1.8367,13.316,41.326
-11.788,4.4056,0,-2.1516,11.687,40.668
-11.788,4.1904,0,-2.5665,10.079,39.355
-11.788,3.9338,0,-3.1224,8.4939,37.661
-11.788,3.6215,0,-3.8984,6.9373,35.39
-11.788,3.2317,0,-20.821,5.4159,0
-11.788,1.1495,0,-20.988,4.0181,0
-11.788,0,-0.41642,-24.869,2.8414,0
-11.788,0,0,-39.799,1.7869,0
-11.788,0,0,-89.253,0.8071,0
-11.788,0,0,-1531.4,0.07455,0
-11.788,0,0,-0.52155,6.5526,35.063
-11.788,0,0,-0.55532,5.3764,34.992
-11.788,0,0,-18.345,4.2004,0
-11.788,0,0,-25.165,3.1133,0
-11.788,0,0,-39.706,2.0603,0
-11.788,0,0,-86.56,1.08,0
-11.788,0,0,-957.02,0.334,0
-11.788,0,0,-22.026,3.9403,0
-11.788,0,0,-32.09,2.8716,0
-11.788,0,0,-56.849,1.8533,0
-11.788,0,0,-182.97,0.95872,0
-11.788,0,0,-905.88,0.69475,0
-11.788,0,0,-25.544,4.0453,0
-11.788,0,0,-39.2,2.9942,0
-11.788,0,0,-78.735,2.0114,0
-11.788,0,0,-501.37,1.2263,0
-11.788,0,0,-65.288,2.5543,0
-13.304,0,-0.96282,-250.17,0.35512,0
-13.393,0,-0.93087,-324.51,0.27716,0
-13.393,0,0,-163.69,0.56043,0
-13.564,0,-0.98233,-4775.3,0.019268,0
-13.564,0,0,7.8,22.539,56.189
-13.564,0.78,0,7.8,21.144,57.788
-13.85,1.56,-1.0026,-0.28387,19.637,45.093
-13.85,1.5316,0,-0.32041,18.098,42.852
-13.85,1.4996,0,-0.36434,16.561,42.694
-13.85,1.4631,0,-0.41972,15.028,42.503
-14.25,1.4212,-0.99852,-0.48963,13.413,45.188
-14.25,1.3722,0,-0.57987,11.848,42.799
-14.25,1.3142,0,-0.70166,10.289,42.425
-14.25,1.2441,0,-0.87166,8.7362,41.924
-14.25,1.1569,0,-1.121,7.1912,41.221
-14.25,1.0448,0,-1.514,5.6561,40.165
-14.784,0.89338,-0.80783,-31.698,3.9785,0
-14.784,0,0,-43.852,2.5692,0
-14.784,0,0,-87.064,1.31,0
-14.784,0,0,-497.9,0.2669,0
-14.784,0,0,-95.668,1.278,0
-14.784,0,0,-704.81,0.27785,0
-14.784,0,0,-54.416,2.3235,0
-14.784,0,0,-129.57,1.1171,0
-14.784,0,0,-4041.2,0.28652,0
-14.784,0,0,-0.77512,19.014,40.673
-14.784,0,0,-0.78402,17.54,40.654
-14.784,0,0,-0.77116,16.065,40.681
-14.784,0,0,-0.76086,14.59,40.703
-14.784,0,0,-0.7793,13.116,40.664
-14.784,0,0,-0.84963,11.641,40.516
-14.784,0,0,-0.96453,10.167,40.275
-16.082,0,-1.1138,-1.1138,7.687,44.961
-16.082,0,0,-1.2688,6.0844,42.295
-16.082,0,0,-31.321,4.4825,0
-16.082,0,0,-47.257,3.0309,0
-16.632,0,-1.6398,-91.225,1.544,0
-16.632,0,0,-438.23,0.33688,0
-16.958,0,-1.7477,-177.53,0.81793,0
-16.958,0,0,9.8,1.0141,67.348
-16.958,0.98,0,9.8,1.0422,69.357
-16.958,1.96,0,9.8,1.0882,71.366
-16.958,2.94,0,9.8,1.1585,73.375
-16.958,3.92,0,9.8,1.2324,75.384
-16.958,4.9,0,9.8,1.3199,77.393
-18.194,5.88,-1.8112,9.8,1,85.742
-18.194,6.86,0,9.8,1.0103,83.946
-18.194,7.84,0,9.8,1.0376,85.955
-18.194,8.82,0,9.8,1.082,87.964
-18.194,9.8,0,9.8,1.146,89.973
-18.194,10.78,0,9.8,1.2392,91.982
-18.194,11.76,0,9.8,1.3573,93.991
-18.194,12.74,0,9.8,1.5161,96
-18.194,13.72,0,9.8,1.7458,98.009
-21.447,14.7,-7.6096,9.8,1,122.68
-21.447,15.68,0,9.8,1.0292,108.7
-21.447,16.66,0,9.8,1.1412,110.71
-23.725,17.64,-7.5158,9.8,1,133.18
-23.725,18.62,0,9.8,1.0472,119.39
-23.725,19.6,0,9.8,1.1572,121.4
-23.725,20.58,0,9.8,1.3413,123.41
-23.725,21.56,0,9.8,1.6014,125.42
-23.725,22.54,0,9.8,1.9232,127.43
-23.725,23.52,0,9.8,2.313,129.44
-28.483,24.5,-5.7207,9.8,1,153.22
-28.483,25.48,0,9.8,1.025,143.21
-28.483,26.46,0,9.8,1.1075,145.22
-30.217,27.44,-5.8673,9.8,1,163.11
-30.217,28.42,0,9.8,1.0222,152.79
-30.217,29.4,0,9.8,1.113,154.8
-30.217,30.38,0,9.8,1.2509,156.81
-30.217,31.36,0,9.8,1.4304,158.82
-30.217,32.34,0,9.8,1.6634,160.83
-30.217,33.32,0,9.8,1.9354,162.84
-30.217,34.3,0,9.8,2.2581,164.85
-30.217,35.28,0,9.8,2.6432,166.85
-30.217,36.26,0,9.8,3.0746,168.86
-30.217,37.24,0,9.8,3.5489,170.87
-30.217,38.22,0,9.8,4.0765,172.88
-30.217,39.2,0,9.8,4.6404,174.89
-30.217,40.18,0,9.8,5.2665,176.9
-37.066,41.16,-4.5122,9.8,1,202.43
-37.522,42.14,-4.4633,9.8,1,205.27
-37.522,43.12,0,9.8,1.0217,197.9
-37.522,44.1,0,9.8,1.0971,199.91
-37.522,45.08,0,9.8,1.1997,201.92
-39.182,46.06,-3.5049,9.8,1,214.7
-39.182,47.04,0,9.8,1.0195,209.34
-39.182,48.02,0,9.8,1.076,211.35
-40.059,49,-1.8736,9.8,1,219.09
-40.059,49.98,0,9.8,1.0018,217.17
-40.059,50.96,0,9.8,1.0304,219.17
-40.059,51.94,0,9.8,1.0752,221.18
-40.059,52.92,0,9.8,1.1098,223.19
-40.606,53.9,-0.44067,9.8,1,227.25
-40.648,54.88,-0.4177,9.8,1,229.3
-40.689,55.86,-0.42953,9.8,1,231.41
-40.689,56.84,0,9.8,1.0095,232.52
-40.689,57.82,0,9.8,1.0218,234.53
-40.689,58.8,0,9.8,1.0288,236.54
-40.689,59.78,0,9.8,1.0358,238.55
-40.689,60.76,0,9.8,1.0577,240.56
-40.689,61.74,0,9.8,1.0803,242.56
-40.689,62.72,0,9.8,1.1174,244.57
-40.689,63.7,0,9.8,1.163,246.58
-40.689,64.68,0,9.8,1.2121,248.59
-40.689,65.66,0,9.8,1.2696,250.6
-40.689,66.64,0,9.8,1.3285,252.61
-40.689,67.62,0,9.8,1.394,254.62
-40.689,68.6,0,9.8,1.461,256.63
-40.689,69.58,0,9.8,1.5388,258.64
-40.689,70.56,0,9.8,1.6159,260.65
-40.689,71.54,0,9.8,1.6881,262.65
-40.689,72.52,0,9.8,1.7691,264.66
-40.689,73.5,0,9.8,1.8512,266.67
-40.689,74.48,0,9.8,1.95,268.68
-40.689,75.46,0,9.8,2.067,270.69
-40.689,76.44,0,9.8,2.1884,272.7
-40.689,77.42,0,9.8,2.3234,274.71
-40.689,78.4,0,9.8,2.4657,276.72
-40.689,79.38,0,9.8,2.6357,278.73
-40.689,80.36,0,9.8,2.825,280.74
-40.689,81.34,0,9.8,3.0251,282.74
-43.015,82.32,-2.11,9.8,1,293.96
-43.015,83.3,0,9.8,1.0156,291.53
-43.015,84.28,0,9.8,1.04,293.54
-43.015,85.26,0,9.8,1.0922,295.55
-43.893,86.24,-2.2708,9.8,1,304.13
-43.893,87.22,0,9.8,1.0128,301.37
-43.893,88.2,0,9.8,1.045,303.38
-43.893,89.18,0,9.8,1.1012,305.38
-43.893,90.16,0,9.8,1.1894,307.39
-45.021,91.14,-2.3395,9.8,1,316.63
-45.021,92.12,0,9.8,1.0068,313.72
-45.021,93.1,0,9.8,1.0429,315.73
-45.021,94.08,0,9.8,1.1122,317.74
-45.021,95.06,0,9.8,1.2031,319.75
-45.021,96.04,0,9.8,1.3082,321.76
-46.57,97.02,-2.7532,9.8,1,332.73
-46.852,98,-2.7742,9.8,1,335.36
-46.852,98.98,0,9.8,1.0209,331.54
-46.852,99.96,0,9.8,1.0535,333.55
-46.852,100.94,0,9.8,1.1316,335.56
-46.852,101.92,0,9.8,1.2228,337.57
-46.852,102.9,0,9.8,1.356,339.58
-46.852,103.88,0,9.8,1.5201,341.59
-46.852,104.86,0,9.8,1.713,343.59
-46.852,105.84,0,9.8,1.9331,345.6
-46.852,106.82,0,9.8,2.1645,347.61
-46.852,107.8,0,9.8,2.4422,349.62
-46.852,108.78,0,9.8,2.7307,351.63
-46.852,109.76,0,9.8,3.0643,353.64
-46.852,110.74,0,9.8,3.4077,355.65
-46.852,111.72,0,9.8,3.7926,357.66
-46.852,112.7,0,9.8,4.1969,359.67
-51.332,113.68,-2.6142,9.8,1,376.35
-51.332,114.66,0,9.8,1.0063,372.87
-51.332,115.64,0,9.8,1.0542,374.88
-52.077,116.62,-2.321,9.8,1,383.29
-52.077,117.6,0,9.8,1.0045,380.42
-52.077,118.58,0,9.8,1.0302,382.43
-52.077,119.56,0,9.8,1.0915,384.44
-52.077,120.54,0,9.8,1.177,386.45
-52.077,121.52,0,9.8,1.2733,388.46
-52.077,122.5,0,9.8,1.3937,390.47
-52.077,123.48,0,9.8,1.5155,392.48
-52.077,124.46,0,9.8,1.6617,394.49
-52.077,125.44,0,9.8,1.8118,396.5
-52.077,126.42,0,9.8,1.9553,398.5
-52.077,127.4,0,9.8,2.1163,400.51
-52.077,128.38,0,9.8,2.2667,402.52
-52.077,129.36,0,9.8,2.4272,404.53
-53.662,130.34,-0.21813,9.8,1,410.25
-53.662,131.32,0,9.8,0.99685,411.8
-53.662,132.3,0,9.8,1.0008,413.81
-53.662,133.28,0,9.8,1.0035,415.82
-53.662,134.26,0,9.8,1.0071,417.83
-53.662,135.24,0,9.8,1.0306,419.83
-53.662,136.22,0,9.8,1.0557,421.84
-53.662,137.2,0,9.8,1.0876,423.85
-53.966,138.18,-0.46669,9.8,1,427.46
-53.966,139.16,0,9.8,1.0097,428.49
-53.966,140.14,0,9.8,1.0157,430.5
-53.966,141.12,0,9.8,1.0257,432.51
-54.148,142.1,-0.54668,9.8,1,436.04
-54.148,143.08,0,9.8,0.99325,436.9
-54.275,144.06,-0.65975,9.8,1,440.56
-54.347,145.04,-0.70798,9.8,1,442.82
-54.347,146.02,0,9.8,1.0036,443.34
-54.509,147,-0.77698,9.8,1,447.31
-54.592,147.98,-0.8694,9.8,1,449.68
