17.222,17.222,-0.66263,0,35.5,2.6347
17.222,17.222,0,-0.005642,35.5,0
17.222,17.222,0,-0.012931,35.5,0
17.222,17.22,0,-0.018539,35.5,0
17.222,17.219,0,-0.024414,35.5,0
17.222,17.216,0,-0.029318,35.501,0
17.222,17.213,0,-0.035114,35.502,0
17.222,17.21,0,-0.040284,35.503,0
17.222,17.206,0,-0.044722,35.504,0
17.222,17.201,0,-0.048722,35.506,0
17.222,17.196,0,-0.053002,35.508,0
16.584,17.191,-0.429,-0.0571,35.149,3.1719
16.584,17.185,0,-0.060779,35.089,1.2338
16.518,17.179,-0.20756,-0.062582,35.022,2.2001
16.518,17.173,0,-0.063846,34.956,1.3652
16.518,17.167,0,-0.064317,34.891,1.3468
16.518,17.16,0,-0.063153,34.827,1.3338
16.518,17.154,0,-0.061252,34.763,1.3235
16.535,17.148,0.30587,-0.058723,34.698,0.49924
16.575,17.142,0.36303,-0.05452,34.638,0.33042
16.575,17.136,0,-0.051489,34.581,1.1624
16.64,17.131,0.47917,-0.047394,34.53,0.085058
16.64,17.126,0,-0.04179,34.481,1.0009
16.64,17.122,0,-0.037211,34.432,1.0043
16.781,17.119,0.52228,-0.032738,34.4,0
16.781,17.115,0,-0.02744,34.367,0.67184
16.781,17.113,0,-0.021796,34.334,0.68093
16.781,17.11,0,-0.015331,34.301,0.69375
16.781,17.109,0,-0.0084149,34.268,0.70954
17.087,17.108,0.68237,-0.0020764,34.298,0
17.087,17.108,0,0.022392,34.296,0.092956
17.087,17.11,0,0.04948,34.294,0.161
17.087,17.115,0,0.079179,34.291,0.24569
17.087,17.123,0,0.10608,34.288,0.33466
17.456,17.133,0.92018,0.14067,34.376,0
17.456,17.148,0,0.17485,34.408,0
17.456,17.165,0,0.20592,34.438,0
17.456,17.186,0,0.2399,34.466,0
17.837,17.21,1.0975,0.27251,34.554,0
17.837,17.237,0,0.31134,34.616,0
17.837,17.268,0,0.34439,34.674,0
17.837,17.302,0,0.37636,34.729,0
17.837,17.34,0,0.40485,34.781,0
17.837,17.381,0,0.43121,34.829,0.075698
17.837,17.424,0,0.46119,34.872,0.28304
18.608,17.47,1.123,0.48992,35.174,0
18.608,17.519,0,0.51258,35.285,0
18.608,17.57,0,0.53485,35.392,0
18.608,17.624,0,0.55532,35.493,0
18.608,17.679,0,0.57855,35.589,0
18.608,17.737,0,0.59634,35.679,0
18.608,17.797,0,0.61057,35.763,0
18.608,17.858,0,0.62315,35.841,0
18.608,17.92,0,0.64052,35.913,0.15553
18.608,17.984,0,0.65849,35.978,0.39846
18.608,18.05,0,0.67449,36.037,0.64881
19.753,18.117,1.0828,0.68787,36.688,0
19.753,18.186,0,0.70153,36.848,0
19.753,18.256,0,0.71575,37.001,0
19.753,18.328,0,0.73001,37.147,0
20.186,18.401,1.2022,0.7439,37.371,0
20.186,18.475,0,0.76348,37.545,0
20.186,18.552,0,0.7805,37.713,0
20.186,18.63,0,0.79911,37.872,0
20.186,18.709,0,0.8149,38.024,0
20.186,18.791,0,0.82525,38.168,0
20.186,18.874,0,0.83736,38.303,0
20.186,18.957,0,0.84175,38.43,0
20.186,19.041,0,0.84235,38.549,0
20.186,19.126,0,0.84306,38.659,0
21.279,19.21,0.8504,0.83993,39.363,0
21.279,19.294,0,0.83541,39.565,0
21.432,19.377,0.80029,0.82994,39.773,0
21.505,19.46,0.75815,0.82389,39.985,0
21.505,19.543,0,0.81841,40.185,0
21.505,19.625,0,0.81137,40.377,0
21.505,19.706,0,0.80311,40.561,0
21.505,19.786,0,0.79745,40.737,0
21.85,19.866,0.49231,0.78967,40.994,0
21.85,19.945,0,0.77782,41.188,0
21.952,20.023,0.47541,0.76439,41.38,0
21.952,20.099,0,0.74882,41.569,0
22.035,20.174,0.49477,0.73403,41.761,0
22.035,20.247,0,0.72677,41.943,0
22.035,20.32,0,0.71507,42.119,0
22.035,20.392,0,0.7039,42.286,0
22.035,20.462,0,0.69318,42.447,0
22.035,20.531,0,0.68583,42.601,0
22.035,20.6,0,0.68031,42.748,0
22.035,20.668,0,0.66928,42.888,0
22.035,20.735,0,0.65907,43.022,0
22.481,20.801,0.46281,0.65098,43.364,0
22.481,20.866,0,0.63873,43.529,0
22.481,20.93,0,0.63152,43.687,0
22.605,20.993,0.38804,0.62158,43.868,0
22.605,21.055,0,0.60865,44.026,0
22.605,21.116,0,0.59557,44.178,0
22.605,21.175,0,0.57671,44.324,0
22.605,21.233,0,0.55545,44.464,0
22.605,21.289,0,0.5255,44.598,0
22.605,21.341,0,0.49995,44.727,0
22.605,21.391,0,0.46463,44.851,0
22.605,21.438,0,0.4276,44.97,0
22.605,21.48,0,0.38266,45.085,0
22.401,21.519,-0.79555,0.33529,45.217,2.0251
22.322,21.552,-0.79022,0.29243,45.297,2.1744
22.322,21.581,0,0.25432,45.372,0
22.322,21.607,0,0.21367,45.445,0
22.322,21.628,0,0.1736,45.516,0
21.978,21.646,-1.2889,0.12565,45.513,7.369
21.978,21.658,0,0.072684,45.545,0
21.978,21.665,0,0.017263,45.577,0
21.978,21.667,0,-0.007451,45.608,0
21.978,21.666,0,-0.016634,45.639,0
21.978,21.665,0,-0.025909,45.67,0
21.978,21.662,0,-0.035392,45.702,0
21.978,21.659,0,-0.045521,45.734,0
21.978,21.654,0,-0.056167,45.766,0
21.978,21.648,0,-0.068198,45.798,0
21.978,21.642,0,-0.079633,45.832,0
21.978,21.634,0,-0.089906,45.866,0
20.383,21.625,-1.2983,-0.099719,44.965,14.261
20.383,21.615,0,-0.10953,44.841,2.8449
20.383,21.604,0,-0.11921,44.719,2.7704
20.383,21.592,0,-0.12948,44.597,2.6914
20.383,21.579,0,-0.13967,44.477,2.6107
20.383,21.565,0,-0.15137,44.358,2.522
19.599,21.55,-1.1432,-0.16179,44.001,15.693
19.493,21.534,-0.91027,-0.17038,43.8,13.149
19.409,21.517,-0.67547,-0.17727,43.589,10.864
19.409,21.499,0,-0.18247,43.379,5.4012
19.305,21.481,-0.38471,-0.18568,43.152,8.4453
19.267,21.462,-0.37292,-0.1888,42.928,8.414
19.267,21.443,0,-0.19165,42.709,5.6686
19.267,21.424,0,-0.1955,42.493,5.5764
19.146,21.404,-0.42361,-0.19881,42.248,9.0549
19.146,21.385,0,-0.20213,42.023,5.8412
19.146,21.364,0,-0.20485,41.8,5.7506
19.146,21.344,0,-0.208,41.579,5.6571
18.999,21.323,-0.42473,-0.21129,41.335,9.2784
18.999,21.302,0,-0.21586,41.103,6.0087
18.999,21.28,0,-0.21917,40.874,5.9089
18.999,21.258,0,-0.22297,40.647,5.8058
18.999,21.236,0,-0.22658,40.422,5.703
18.999,21.213,0,-0.23096,40.2,5.5953
18.999,21.19,0,-0.23422,39.979,5.4927
18.999,21.167,0,-0.23841,39.761,5.3847
18.999,21.143,0,-0.24134,39.546,5.2825
18.999,21.119,0,-0.24398,39.332,5.1816
18.999,21.095,0,-0.24604,39.122,5.0833
18.999,21.07,0,-0.24778,38.913,4.9866
18.999,21.045,0,-0.24958,38.707,4.8896
18.999,21.02,0,-0.25252,38.504,4.7868
18.521,20.995,-0.26092,-0.25515,37.899,8.2795
18.521,20.969,0,-0.2567,37.652,6.3258
18.466,20.944,-0.28785,-0.26044,37.407,8.4737
18.437,20.918,-0.27784,-0.2634,37.152,8.3888
18.437,20.891,0,-0.26631,36.905,6.296
18.437,20.865,0,-0.26841,36.661,6.1831
18.353,20.838,-0.30952,-0.27149,36.422,8.6038
18.353,20.811,0,-0.2736,36.175,6.2665
18.305,20.783,-0.34829,-0.27621,35.923,8.8587
18.305,20.756,0,-0.27992,35.676,6.2039
18.305,20.728,0,-0.28389,35.433,6.0761
18.305,20.699,0,-0.28657,35.192,5.9548
18.305,20.671,0,-0.29075,34.954,5.8252
18.305,20.642,0,-0.294,34.719,5.7001
18.305,20.612,0,-0.29614,34.487,5.5807
18.305,20.583,0,-0.30058,34.257,5.4491
18.305,20.553,0,-0.30234,34.031,5.3311
18.017,20.522,-0.35536,-0.30618,33.694,8.8273
18.017,20.492,0,-0.30992,33.445,6.1268
18.017,20.461,0,-0.31497,33.199,5.9828
18.017,20.429,0,-0.31833,32.956,5.8473
18.017,20.397,0,-0.32399,32.716,5.6993
17.813,20.365,-0.38614,-0.32912,32.446,9.1293
17.813,20.332,0,-0.33266,32.192,6.1643
17.813,20.299,0,-0.33713,31.942,6.0151
17.813,20.265,0,-0.34209,31.695,5.8629
17.638,20.231,-0.66087,-0.34999,31.426,11.738
17.638,20.196,0,-0.3581,31.168,6.1679
17.499,20.16,-0.80256,-0.3683,30.884,13.476
17.499,20.123,0,-0.37955,30.619,6.2981
17.499,20.085,0,-0.3916,30.359,6.0892
17.499,20.046,0,-0.40338,30.102,5.8801
17.499,20.006,0,-0.4165,29.85,5.6627
17.039,19.964,-1.0488,-0.4324,29.488,17.443
17.039,19.921,0,-0.44791,29.197,6.8894
17.039,19.876,0,-0.46367,28.911,6.6283
17.039,19.83,0,-0.4817,28.63,6.3529
16.609,19.782,-1.0003,-0.49814,28.255,17.581
16.609,19.732,0,-0.51293,27.941,7.4409
16.609,19.681,0,-0.53009,27.631,7.1409
16.609,19.628,0,-0.54764,27.326,6.8373
16.609,19.573,0,-0.56713,27.027,6.522
16.609,19.516,0,-0.58658,26.734,6.2062
15.979,19.457,-1.0595,-0.60509,26.268,19.132
15.979,19.397,0,-0.62584,25.923,7.9281
15.763,19.334,-1.0247,-0.64539,25.564,18.795
15.763,19.27,0,-0.66387,25.21,8.0536
15.763,19.203,0,-0.68464,24.863,7.6691
15.763,19.135,0,-0.70649,24.522,7.2786
15.763,19.064,0,-0.72626,24.188,6.9004
15.264,18.992,-1.0062,-0.74628,23.747,18.456
15.169,18.917,-1.0057,-0.76675,23.375,18.362
15.169,18.84,0,-0.79156,23.004,7.9375
14.954,18.761,-0.96774,-0.81603,22.602,17.717
14.954,18.68,0,-0.83927,22.225,7.8698
14.954,18.596,0,-0.86262,21.857,7.4147
14.954,18.509,0,-0.88894,21.497,6.9471
14.954,18.42,0,-0.91452,21.146,6.4884
14.954,18.329,0,-0.94132,20.804,6.0299
14.954,18.235,0,-0.97233,20.471,5.5594
14.954,18.138,0,-1.0042,20.148,5.0957
14.1,18.037,-1.1254,-1.0325,19.493,18.469
13.979,17.934,-1.1454,-1.0661,19.097,18.511
13.979,17.827,0,-1.1,18.707,6.8828
13.979,17.717,0,-1.1365,18.328,6.312
13.979,17.604,0,-1.1706,17.96,5.7675
13.979,17.487,0,-1.204,17.603,5.2441
13.979,17.366,0,-1.2409,17.259,4.7272
13.281,17.242,-1.2237,-1.2774,16.698,17.513
13.281,17.114,0,-1.3163,16.308,5.7844
13.281,16.983,0,-1.3584,15.931,5.1956
13.281,16.847,0,-1.3982,15.568,4.6467
13.281,16.707,0,-1.44,15.218,4.1269
12.661,16.563,-1.1712,-1.4811,14.733,14.494
12.661,16.415,0,-1.5186,14.351,4.7346
12.427,16.263,-1.1479,-1.561,13.958,13.118
12.427,16.107,0,-1.6013,13.582,4.2711
12.427,15.947,0,-1.6369,13.222,3.7929
12.427,15.783,0,-4.4,12.878,43.788
12.427,15.343,0,-4.4,12.565,56.886
12.427,14.903,0,-4.4,12.295,74.595
12.427,14.463,0,-4.4,12.069,99.152
12.427,14.023,0,-4.4,11.888,134.52
12.427,13.583,0,-4.4,11.75,188.45
12.427,13.143,0,-4.4,11.656,278.44
12.427,12.703,0,-4.4,11.607,454.05
12.427,12.263,0,-4.4,11.601,932.4
10.641,11.823,-2.3644,-5.2,10.737,0
10.641,11.303,0,-5.2,10.644,0
10.641,10.783,0,-0.24755,10.604,0
10.641,10.759,0,-0.33971,10.591,0
10.641,10.725,0,-0.42939,10.581,0
10.641,10.682,0,-5.2,10.575,0
9.2415,10.162,-2.2676,-0.37774,10.204,27.438
9.0246,10.124,-2.209,-0.45765,10.094,26.222
9.0246,10.078,0,-5.2,9.9859,688.18
9.0246,9.5581,0,-0.391,9.9065,0.31634
8.3931,9.519,-2.0799,-5.2,9.7536,0
8.3931,8.999,0,-0.3243,9.667,0.56265
7.9711,8.9665,-1.8768,-0.39787,9.5559,18.9
7.9711,8.9267,0,-5.2,9.4583,204.21
7.9711,8.4067,0,-0.31513,9.3887,0.25805
7.9711,8.3752,0,-0.37265,9.3468,0.12602
7.9711,8.338,0,-5.2,9.3082,203
7.0798,7.818,-1.598,-0.27732,9.0703,13.748
7.0798,7.7902,0,-0.3294,8.9978,0.76508
6.7571,7.7573,-1.5394,-0.38507,8.8911,13.342
6.7571,7.7188,0,-5.2,8.793,81.123
6.7571,7.1988,0,-0.2722,8.7229,0.34178
6.7571,7.1716,0,-0.32406,8.6801,0.2072
6.7571,7.1392,0,-5.2,8.6402,79.935
6.0749,6.6192,-0.79137,-0.19229,8.4425,4.5038
6.0749,6.5999,0,-0.21259,8.389,0.63439
5.9547,6.5787,-0.23052,-0.22456,8.3148,1.5395
5.9547,6.5562,0,-5.2,8.2535,45.292
5.9547,6.0362,0,-0.046009,8.2193,0.070524
5.9547,6.0316,0,-0.043337,8.2114,0.066693
5.9547,6.0273,0,-0.030324,8.2039,0.085131
5.9547,6.0243,0,-0.00059752,8.1968,0.14409
6.157,6.0242,1.5983,0.092442,8.1841,1.4489
6.316,6.0334,1.7569,0.19672,8.2118,1.7079
6.4842,6.0531,1.5587,0.29975,8.25,0.72391
6.4842,6.0831,0,0.38493,8.2916,0.073247
6.4842,6.1216,0,0.43962,8.3298,0.34502
6.4842,6.1655,0,0.44628,8.3638,0.48512
6.4842,6.2102,0,0.38973,8.3935,0.41373
6.4842,6.2491,0,0.28481,8.4189,0.18692
6.4842,6.2776,0,0.1294,8.441,0
6.4842,6.2906,0,-0.029039,8.461,0
6.4842,6.2877,0,-0.12466,8.4805,0
6.4842,6.2752,0,-0.22134,8.5008,0
6.4842,6.2531,0,-0.31575,8.5228,0
6.4842,6.2215,0,-0.40458,8.5475,0
6.4842,6.181,0,-0.48942,8.5758,0
6.4842,6.1321,0,-5.2,8.6086,64.272
6.4842,5.6121,0,-0.42843,8.6698,0
6.4842,5.5692,0,-8.8,8.7592,55.554
4.0342,4.6892,-0.73647,-0.18869,7.6241,4.5859
4.0342,4.6704,0,-0.20863,7.5595,0.89115
4.0342,4.6495,0,-0.21375,7.4969,0.83061
4.0342,4.6281,0,-0.20897,7.4365,0.7945
3.9362,4.6072,0.047953,-0.20217,7.3348,0.86462
3.9483,4.587,-0.042118,-8.8,7.2771,0
3.9525,3.707,-0.065013,0.34496,7.2482,0.56282
3.9525,3.7415,0,0.28786,7.271,0.25524
3.9525,3.7703,0,0.22614,7.2907,0.14778
3.9525,3.7929,0,0.18531,7.3078,0.090696
3.9525,3.8114,0,0.14507,7.3228,0.030094
3.9525,3.826,0,0.11106,7.3362,0
3.9525,3.8371,0,0.08058,7.3483,0
3.8697,3.8451,-0.26541,0.032831,7.3469,0.79127
3.8697,3.8484,0,-0.0015891,7.3492,0
3.8697,3.8482,0,-0.0066035,7.3513,0
3.8697,3.8476,0,-0.012455,7.3535,0
3.8697,3.8463,0,-0.018147,7.3558,0
3.7503,3.8445,-0.21793,-0.023403,7.3257,0.75236
3.7503,3.8422,0,-0.028593,7.3164,0.12901
3.7503,3.8393,0,-0.03103,7.3074,0.11775
3.7503,3.8362,0,-0.038093,7.2986,0.096197
3.7503,3.8324,0,-0.067274,7.2902,0.028909
3.348,3.8257,-3.1857,-0.12003,7.2494,9.3481
3.348,3.8137,0,-0.19937,7.2022,0.53765
2.5966,3.7937,-4.9495,-0.30844,7.101,13.317
2.5966,3.7629,0,-0.43782,6.9829,1.513
2.5966,3.7191,0,-8.8,6.8684,0
1.2493,2.8391,-2.8304,-0.33911,6.5864,9.271
1.2493,2.8052,0,-0.40243,6.4291,2.6416
1.2493,2.765,0,-8.8,6.2755,0
1.2493,1.885,0,-0.17671,6.1679,0.9753
1.2493,1.8673,0,-0.1763,6.1053,0.93479
1.2493,1.8497,0,-8.8,6.0443,0
1.2493,0.96966,0,-0.015568,6.0283,0
1.2493,0.9681,0,-0.015335,6.0563,0
1.2493,0.96657,0,-0.016973,6.0845,0
0.75024,0.96487,-0.090671,-0.018055,5.7117,0.67149
0.75024,0.96307,0,-0.018934,5.6903,0.41433
0.75024,0.96117,0,-0.017649,5.6691,0.41331
0.75024,0.95941,0,-0.015389,5.6481,0.41502
0.75024,0.95787,0,-0.010192,5.6273,0.42472
0.75024,0.95685,0,-0.0018683,5.6065,0.44376
1.0458,0.95666,1.3164,0.96022,5.63,0
1.0458,1.0527,0,1.1477,5.6341,5.1094
1.0458,1.1675,0,1.205,5.6277,5.9582
1.0458,1.288,0,1.1412,5.6095,6.0485
1.5991,1.4021,1.3375,-8.8,5.6757,0
1.5991,0.52208,0,1.2587,5.7394,1.6096
1.8688,0.64795,1.1594,1.1594,5.8692,0
1.8688,0.76389,0,1.055,5.9855,0.55637
1.8688,0.86939,0,0.8999,6.0907,0.23595
1.8688,0.95938,0,4.9,6.1862,34.187
1.8688,1.4494,0,4.7918,6.2526,36.116
1.8688,1.9286,0,1.4113,6.2706,7.0932
1.8688,2.0697,0,0.94351,6.2576,4.633
1.8688,2.164,0,0.67271,6.2328,3.4511
1.8688,2.2313,0,0.53251,6.1999,2.9638
2.4074,2.2846,-0.20012,0.35056,6.4765,1.495
2.4074,2.3196,0,0.19696,6.487,0.29177
2.3416,2.3393,-0.90353,0.0061482,6.4988,4.3496
2.3416,2.3399,0,-0.015412,6.499,0
2.3416,2.3384,0,-0.036639,6.4992,0
2.3416,2.3347,0,-0.062336,6.4997,0
2.3416,2.3285,0,-0.094418,6.5007,0
2.3416,2.3191,0,-0.12953,6.5025,0
2.3416,2.3061,0,-0.16967,6.5054,0
2.3416,2.2891,0,-8.8,6.5098,0
2.3416,1.4091,0,-0.053166,6.559,0
2.3416,1.4038,0,-0.080305,6.6526,0
2.3416,1.3958,0,-0.10867,6.7467,0
0.23991,1.3849,-2.4193,-0.13809,5.8168,7.3753
0.23991,1.3711,0,-0.16987,5.703,2.3019
0.23991,1.3541,0,-8.8,5.5907,0
0.23991,0.47412,0,-2.3483,5.5233,0
0.23991,0.2393,0,-2.2488,5.5116,0
-0.93032,0.01441,-2.1463,-2.1463,5.2449,1.972
-0.93032,0,0,-2.1541,5.1612,0
-1.3723,0,-2.1272,-2.1272,5.0502,2.8485
-1.5819,0,-1.9875,-8.8,4.9224,0
-1.5819,0,0,-8.8,4.8082,0
-1.5819,0,0,-8.8,4.694,0
-1.5819,0,0,-8.8,4.5798,0
-2.284,0,-1.2896,-8.8,4.3128,0
-2.284,0,0,-8.8,4.1284,0
-2.284,0,0,-8.8,3.944,0
-2.284,0,0,-8.8,3.7596,0
-2.284,0,0,-8.8,3.5752,0
-2.284,0,0,-8.8,3.3908,0
-2.284,0,0,-8.8,3.2065,0
-2.851,0,-0.55273,-8.8,2.7754,0
-2.851,0,0,-8.8,2.5343,0
-2.851,0,0,-8.8,2.2932,0
-2.851,0,0,-8.8,2.0521,0
-2.851,0,0,-8.8,1.811,0
-2.851,0,0,-8.8,1.5699,0
-2.851,0,0,-8.8,1.3288,0
-3.3416,0,-0.79875,-8.8,0.90132,0
-3.3416,0,0,-10.631,0.61116,0
-3.3416,0,0,-21.003,0.33015,0
-3.3416,0,0,-125.67,0.10101,0
-3.3416,0,0,-21.223,0.39521,0
-3.3416,0,0,-111.72,0.16716,0
-3.3416,0,0,-29.55,0.39158,0
-3.3416,0,0,-436.16,0.20517,0
-3.3416,0,0,-8.8,2.0518,0
-3.3416,0,0,-8.8,1.7616,0
-3.3416,0,0,-8.8,1.4715,0
-3.3416,0,0,-10.629,1.1813,0
-3.9748,0,0.2547,-19.898,0.39198,0
-3.9399,0,0.20558,-73.646,0.1051,0
-3.9399,0,0,-107.63,0.079335,0
-3.8824,0,0.33474,-33.528,0.22257,0
-3.8824,0,0,9.8,1.0021,28.587
-3.8824,0.98,0,-19.96,0.56481,0
-3.8824,0,0,-35.977,0.17837,0
-3.8824,0,0,-806.23,-0.029989,0
-3.8824,0,0,-8.8,3.6129,0
-3.8824,0,0,-8.8,3.2687,0
-3.8824,0,0,-8.8,2.9244,0
-3.8824,0,0,-8.8,2.5802,0
-3.8824,0,0,-8.8,2.236,0
-3.8824,0,0,-8.8,1.8917,0
-3.2354,0,1.1262,-8.8,1.8514,0
-3.2354,0,0,-8.8,1.5718,0
-3.2354,0,0,-8.8,1.2923,0
-3.2354,0,0,-8.8,1.0127,0
-3.2354,0,0,-8.8,0.73321,0
-2.3754,0,2.6417,-8.8,0.64267,0
-2.3754,0,0,-8.8,0.44914,0
-2.3754,0,0,-8.8,0.2556,0
-2.3754,0,0,-8.8,0.062061,0
