11.667,11.667,-3.3891,0,35.5,73.337
11.667,11.667,0,-0.020584,35.5,0
11.667,11.665,0,-0.041326,35.5,0
11.667,11.66,0,-0.061284,35.501,0
11.667,11.654,0,-0.080906,35.501,0
11.667,11.646,0,-0.10014,35.503,0
11.667,11.636,0,-0.11831,35.506,0
11.667,11.624,0,-0.13657,35.509,0
11.667,11.611,0,-0.15499,35.514,0
11.667,11.595,0,-0.17317,35.521,0
11.667,11.578,0,-0.19264,35.529,0
11.667,11.559,0,-0.21222,35.538,0
11.667,11.537,0,-0.23194,35.55,0
7.7947,11.514,-2.6738,-0.25248,32.962,63.723
7.7947,11.489,0,-0.27308,32.592,11.449
7.7947,11.462,0,-0.29408,32.224,11.175
7.7947,11.432,0,-0.31653,31.858,10.884
7.7947,11.401,0,-0.3387,31.496,10.587
7.7947,11.367,0,-0.36185,31.137,10.278
6.3137,11.331,-1.9149,-0.38428,30.314,49.152
6.3137,11.292,0,-0.40579,29.814,16.571
6.3137,11.252,0,-0.42523,29.318,16.21
5.8656,11.209,-0.67405,-0.44187,28.736,26.524
5.8074,11.165,-0.30023,-0.4549,28.206,21.483
5.8074,11.119,0,-0.46573,27.672,17.761
5.8074,11.073,0,-0.47606,27.143,17.438
5.8074,11.025,0,-0.48511,26.619,17.123
5.8074,10.977,0,-0.49522,26.1,16.796
5.8074,10.927,0,-0.50446,25.586,16.473
5.7611,10.877,0.19125,-0.51341,25.055,14.573
5.7611,10.825,0,-0.52162,24.546,16.059
5.7611,10.773,0,-0.52756,24.042,15.754
5.7611,10.72,0,-0.53172,23.544,15.462
5.7611,10.667,0,-0.53534,23.051,15.174
5.7611,10.614,0,-0.53676,22.563,14.903
5.7611,10.56,0,-0.53587,22.08,14.651
5.7611,10.506,0,-0.53232,21.603,14.421
5.7611,10.453,0,-0.52596,21.131,14.215
5.7611,10.401,0,-0.51964,20.664,14.013
5.7611,10.349,0,-0.51314,20.203,13.816
5.7611,10.297,0,-0.50363,19.747,13.645
6.7282,10.247,1.2713,-0.49215,19.706,3.512
6.7282,10.198,0,-0.47801,19.356,9.0638
6.7282,10.15,0,-0.46301,19.012,8.961
6.7282,10.104,0,-0.44206,18.672,8.9031
6.7282,10.06,0,-0.418,18.337,8.8738
6.7282,10.018,0,-0.39102,18.006,8.8736
7.7081,9.9786,1.9475,-0.36027,17.94,2.2535
7.7081,9.9426,0,-0.32886,17.715,5.1462
7.7081,9.9097,0,-0.29612,17.493,5.1993
7.7081,9.8801,0,-0.26244,17.275,5.2701
7.7081,9.8538,0,-0.22909,17.059,5.3526
7.7081,9.8309,0,-0.19734,16.845,5.4399
7.7081,9.8112,0,-0.16494,16.634,5.5438
7.7081,9.7947,0,-0.13299,16.424,5.659
7.7081,9.7814,0,-0.10239,16.216,5.7802
9.3566,9.7712,1.605,-0.071841,16.775,1.5565
9.5089,9.764,1.5409,-0.044272,16.752,1.4123
9.5089,9.7595,0,-0.0174,16.726,0.50439
9.5089,9.7578,0,0.032999,16.701,0.63778
9.5089,9.7611,0,0.10715,16.676,0.86944
10.087,9.7718,1.3554,0.18528,16.762,0.47757
10.087,9.7903,0,0.25567,16.792,0
10.087,9.8159,0,0.32083,16.821,0.20372
10.498,9.848,1.0534,0.37927,16.894,0
10.498,9.8859,0,0.42213,16.957,0
10.498,9.9281,0,0.44265,17.016,0
10.749,9.9724,0.28717,0.44893,17.105,0
10.749,10.017,0,0.44243,17.18,0
10.749,10.062,0,0.42295,17.251,0
10.749,10.104,0,0.39247,17.318,0
10.776,10.143,-0.0049566,0.36103,17.403,0
10.776,10.179,0,0.34258,17.465,0
10.788,10.213,0.045439,0.32567,17.514,0
10.788,10.246,0,0.31114,17.57,0
10.788,10.277,0,0.29739,17.622,0
10.788,10.307,0,0.27936,17.672,0
10.788,10.335,0,0.26116,17.718,0
10.788,10.361,0,0.24471,17.762,0
10.789,10.385,-0.13049,0.22634,17.821,0
10.789,10.408,0,0.203,17.86,0
10.789,10.428,0,0.18383,17.897,0
10.789,10.447,0,0.16597,17.932,0
10.739,10.463,-0.11421,0.15348,17.955,0.042932
10.739,10.479,0,0.14113,17.981,0
10.739,10.493,0,0.12962,18.007,0
10.739,10.506,0,0.12085,18.031,0
10.739,10.518,0,0.11204,18.053,0
10.739,10.529,0,0.1056,18.075,0
10.739,10.54,0,0.10008,18.095,0
10.739,10.55,0,0.087457,18.115,0
10.702,10.558,0.014727,0.079339,18.1,0
10.702,10.566,0,0.080771,18.114,0
10.702,10.574,0,0.083982,18.127,0
10.702,10.583,0,0.085801,18.14,0
10.762,10.591,0.20423,0.094175,18.144,0
10.762,10.601,0,0.096629,18.16,0
10.762,10.61,0,0.10494,18.176,0
10.762,10.621,0,0.10637,18.191,0
10.84,10.632,0.27243,0.11467,18.238,0
10.84,10.643,0,0.12086,18.258,0
10.84,10.655,0,0.13475,18.277,0
10.935,10.669,0.44374,0.1464,18.323,0
10.935,10.683,0,0.15867,18.349,0
10.935,10.699,0,0.1792,18.373,0
11.088,10.717,0.62622,0.20313,18.395,0
11.088,10.737,0,0.22829,18.431,0
11.088,10.76,0,0.25313,18.465,0
11.088,10.785,0,0.27197,18.497,0
11.088,10.813,0,0.29666,18.526,0.12184
11.088,10.842,0,0.31996,18.552,0.26414
11.088,10.874,0,0.34336,18.575,0.41916
11.088,10.909,0,0.3688,18.595,0.59399
11.088,10.946,0,0.38607,18.611,0.75431
11.732,10.984,0.69987,0.4016,18.888,0
11.732,11.024,0,0.41502,18.961,0
11.732,11.066,0,0.42609,19.029,0
11.732,11.108,0,0.442,19.094,0
11.732,11.153,0,0.4559,19.154,0
11.732,11.198,0,0.46475,19.21,0
12.139,11.245,0.72379,0.47295,19.385,0
12.139,11.292,0,0.48626,19.472,0
12.139,11.341,0,0.4982,19.555,0
12.139,11.39,0,0.51251,19.632,0
12.449,11.442,0.73703,0.52598,19.758,0
12.519,11.494,0.72731,0.53373,19.858,0
12.519,11.548,0,0.54405,19.958,0
12.519,11.602,0,0.5542,20.053,0
12.519,11.657,0,0.56099,20.142,0
12.519,11.714,0,0.56294,20.225,0
12.519,11.77,0,0.56496,20.303,0
12.946,11.826,0.72639,0.57203,20.508,0
12.946,11.884,0,0.57974,20.617,0
12.946,11.942,0,0.58492,20.72,0
12.946,12,0,0.58746,20.818,0
13.222,12.059,0.67975,0.58619,20.948,0
13.295,12.117,0.69542,0.59169,21.062,0
13.295,12.177,0,0.59093,21.177,0
13.295,12.236,0,0.59728,21.286,0
13.512,12.295,0.68935,0.60546,21.415,0
13.512,12.356,0,0.60878,21.533,0
13.512,12.417,0,0.61045,21.646,0
13.512,12.478,0,0.6139,21.752,0
13.512,12.539,0,0.61379,21.853,0
13.512,12.601,0,0.61839,21.947,0
13.512,12.662,0,0.62322,22.035,0
14.002,12.725,0.66358,0.62173,22.275,0
14.067,12.787,0.65649,0.62112,22.405,0
14.067,12.849,0,0.62292,22.53,0
14.067,12.911,0,0.62484,22.648,0
14.067,12.974,0,0.63106,22.761,0
14.067,13.037,0,0.63289,22.867,0
14.067,13.1,0,0.63279,22.967,0
14.067,13.163,0,0.63256,23.06,0
14.067,13.227,0,0.6357,23.147,0
14.067,13.29,0,0.63368,23.228,0
14.067,13.354,0,0.63764,23.303,0.076607
14.067,13.417,0,0.63908,23.371,0.25601
14.067,13.481,0,0.63545,23.433,0.42149
14.067,13.545,0,0.64178,23.488,0.62698
14.067,13.609,0,0.64554,23.537,0.82969
14.067,13.674,0,0.64562,23.58,1.0232
14.067,13.738,0,0.6446,23.616,1.2159
14.067,13.803,0,0.64439,23.645,1.4153
14.067,13.867,0,0.64061,23.669,1.6025
15.326,13.931,0.71283,0.64226,24.812,0
15.326,13.995,0,0.64414,24.948,0
15.326,14.06,0,0.64234,25.078,0
15.326,14.124,0,0.64192,25.202,0
15.326,14.188,0,0.64028,25.319,0
15.326,14.252,0,0.64424,25.429,0
15.326,14.317,0,0.64481,25.533,0
15.326,14.381,0,0.64695,25.631,0
15.326,14.446,0,0.64368,25.722,0
15.326,14.51,0,0.63786,25.807,0
15.326,14.574,0,0.63789,25.885,0
15.326,14.638,0,0.64396,25.957,0.16735
16.145,14.702,0.7263,0.64356,26.487,0
16.145,14.767,0,0.64839,26.628,0
16.145,14.831,0,0.65029,26.762,0
16.145,14.896,0,0.64595,26.891,0
16.417,14.961,0.6808,0.64312,27.077,0
16.417,15.025,0,0.64592,27.219,0
16.417,15.09,0,0.64792,27.355,0
16.64,15.155,0.70841,0.65183,27.526,0
16.64,15.22,0,0.65358,27.671,0
16.64,15.285,0,0.65602,27.81,0
16.64,15.351,0,0.65178,27.942,0
16.64,15.416,0,0.65203,28.068,0
16.995,15.481,0.7392,0.65629,28.269,0
16.995,15.547,0,0.65449,28.417,0
16.995,15.612,0,0.65956,28.559,0
16.995,15.678,0,0.66419,28.694,0
16.995,15.745,0,0.65926,28.822,0
16.995,15.811,0,0.65159,28.944,0
16.995,15.876,0,0.64269,29.059,0
16.995,15.94,0,0.63488,29.167,0
16.995,16.004,0,0.62534,29.27,0
16.995,16.066,0,0.60917,29.366,0
16.995,16.127,0,0.5857,29.455,0
17.499,16.186,-0.14256,0.55568,29.9,0
17.499,16.241,0,0.52439,30.029,0
17.459,16.294,-0.20549,0.49134,30.145,0
17.447,16.343,-0.22074,0.4648,30.256,0
17.447,16.389,0,0.43483,30.365,0
17.412,16.433,-0.16601,0.41089,30.473,0
17.412,16.474,0,0.38444,30.569,0
17.412,16.512,0,0.36152,30.661,0
17.337,16.548,-0.35774,0.32935,30.729,0.076196
17.337,16.581,0,0.30357,30.806,0
17.337,16.612,0,0.26998,30.88,0
17.337,16.639,0,0.23541,30.951,0
17.337,16.662,0,0.19996,31.02,0
17.337,16.682,0,0.15937,31.086,0
17.337,16.698,0,0.11764,31.151,0
17.337,16.71,0,0.072143,31.214,0
17.337,16.717,0,0.018507,31.276,0
17.337,16.719,0,-0.0083486,31.338,0
17.337,16.718,0,-0.019844,31.4,0
17.337,16.716,0,-0.03178,31.462,0
17.337,16.713,0,-0.042418,31.524,0
17.337,16.709,0,-0.051975,31.587,0
17.337,16.703,0,-0.061952,31.65,0
17.337,16.697,0,-0.071844,31.713,0
15.976,16.69,-0.80232,-0.080949,30.809,6.1021
15.897,16.682,-0.74877,-0.089211,30.74,5.9129
15.897,16.673,0,-0.097971,30.662,1.5718
15.746,16.663,-0.72581,-0.10503,30.575,6.2023
15.676,16.653,-0.59103,-0.11238,30.489,5.3569
15.676,16.642,0,-0.11902,30.392,2.0208
15.676,16.63,0,-0.12375,30.296,1.9699
15.676,16.617,0,-0.12796,30.201,1.92
15.676,16.604,0,-0.12959,30.108,1.8786
15.676,16.592,0,-0.13177,30.016,1.835
15.439,16.578,-0.28299,-0.13492,29.867,3.8445
15.439,16.565,0,-0.13741,29.753,2.4124
15.439,16.551,0,-0.14058,29.642,2.3597
15.439,16.537,0,-0.14356,29.531,2.3072
15.439,16.523,0,-0.14521,29.422,2.2593
15.439,16.508,0,-0.14772,29.314,2.2079
15.268,16.493,-0.30492,-0.15004,29.161,4.2022
15.268,16.478,0,-0.15277,29.04,2.6004
15.204,16.463,-0.24687,-0.1562,28.905,3.9571
15.183,16.448,-0.2149,-0.15785,28.77,3.788
15.159,16.432,-0.23233,-0.1599,28.649,3.9051
15.131,16.416,-0.25588,-0.16244,28.513,4.066
15.101,16.399,-0.26221,-0.16534,28.377,4.1376
15.101,16.383,0,-0.16657,28.248,2.7609
15.101,16.366,0,-0.16995,28.12,2.6967
15.101,16.349,0,-0.17176,27.995,2.6384
15.006,16.332,-0.1263,-0.17339,27.852,3.4596
15.006,16.315,0,-0.1734,27.721,2.8149
15.006,16.297,0,-0.17337,27.591,2.7624
15.006,16.28,0,-0.17491,27.462,2.7038
15.006,16.263,0,-0.17756,27.336,2.6406
15.006,16.245,0,-0.18181,27.211,2.5708
15.006,16.227,0,-0.18386,27.088,2.509
15.006,16.208,0,-0.18645,26.967,2.4449
15.006,16.19,0,-0.18869,26.848,2.382
15.006,16.171,0,-0.19142,26.73,2.3171
15.006,16.152,0,-0.19385,26.615,2.2531
14.735,16.132,-0.22971,-0.19717,26.377,4.1388
14.735,16.113,0,-0.19785,26.239,2.9221
14.735,16.093,0,-0.19911,26.102,2.8565
14.735,16.073,0,-0.20062,25.967,2.79
14.735,16.053,0,-0.20168,25.834,2.7253
14.735,16.033,0,-0.20375,25.704,2.6567
14.735,16.012,0,-0.20571,25.575,2.5885
14.606,15.992,-0.14771,-0.20608,25.411,3.6127
14.606,15.971,0,-0.20792,25.273,2.8441
14.572,15.95,-0.17955,-0.20816,25.128,3.742
14.572,15.929,0,-0.20975,24.991,2.8124
14.572,15.908,0,-0.21167,24.856,2.7415
14.499,15.887,-0.21255,-0.21454,24.714,3.9215
14.499,15.866,0,-0.21669,24.576,2.8117
14.499,15.844,0,-0.21689,24.441,2.7457
14.499,15.822,0,-0.21891,24.307,2.6729
14.499,15.801,0,-0.21908,24.176,2.6074
14.499,15.779,0,-0.22003,24.047,2.5393
14.499,15.757,0,-0.22211,23.92,2.4671
14.499,15.734,0,-0.22519,23.796,2.3911
14.499,15.712,0,-0.22607,23.673,2.3233
14.499,15.689,0,-0.22689,23.553,2.256
14.319,15.667,-0.13594,-0.22574,23.322,3.3325
14.319,15.644,0,-0.22545,23.189,2.6518
14.319,15.622,0,-0.22571,23.057,2.5843
14.276,15.599,-0.17172,-0.22703,22.923,3.424
14.276,15.576,0,-0.22699,22.792,2.5741
14.276,15.554,0,-0.22663,22.663,2.5091
14.237,15.531,-0.21679,-0.22737,22.529,3.5547
14.237,15.508,0,-0.22862,22.401,2.4821
14.237,15.485,0,-0.23074,22.275,2.4079
14.18,15.462,-0.20663,-0.23081,22.14,3.4466
14.18,15.439,0,-0.23264,22.013,2.4326
14.128,15.416,-0.21864,-0.23535,21.897,3.5062
14.128,15.392,0,-0.23808,21.77,2.4272
14.066,15.369,-0.23569,-0.24172,21.643,3.6119
14.066,15.344,0,-0.24231,21.514,2.4495
14.066,15.32,0,-0.24271,21.388,2.3784
14.066,15.296,0,-0.24424,21.264,2.3036
14.066,15.271,0,-0.24479,21.142,2.2326
14.066,15.247,0,-0.24765,21.023,2.1538
14.066,15.222,0,-0.24989,20.906,2.0774
14.066,15.197,0,-0.25293,20.791,1.9983
14.066,15.172,0,-0.25808,20.679,1.9123
14.066,15.146,0,-0.28516,20.57,1.7543
14.066,15.118,0,-0.34926,20.464,1.4864
14.066,15.083,0,-0.43965,20.36,1.1676
12.331,15.039,-7.3811,-0.56289,19.921,33.483
11.59,14.982,-7.5966,-0.72022,19.622,34.072
11.59,14.91,0,-0.88878,19.286,6.105
10.087,14.822,-7.779,-1.0665,18.797,34.821
9.3172,14.715,-7.8984,-1.2622,18.288,35.1
8.5308,14.589,-7.9874,-1.479,17.716,35.242
7.731,14.441,-7.8942,-1.7201,17.086,35.023
6.9484,14.269,-7.5676,-1.9843,16.389,34.284
6.9484,14.07,0,-2.2773,15.667,12.694
6.9484,13.843,0,-2.5957,14.966,9.9547
6.9484,13.583,0,-2.9422,14.289,7.6238
6.9484,13.289,0,-3.319,13.641,6.159
6.9484,12.957,0,-3.7264,13.023,6.4021
6.9484,12.584,0,-7.5729,12.441,97.505
6.9484,11.827,0,-6.6849,11.915,97.819
6.9484,11.158,0,-5.9602,11.461,97.971
6.9484,10.562,0,-5.4502,11.07,97.821
6.9484,10.017,0,-5.2818,10.735,97.058
6.9484,9.4893,0,-5.3423,10.455,95.848
6.9484,8.955,0,-5.4279,10.228,94.573
6.9484,8.4122,0,-5.4619,10.054,93.389
6.9484,7.866,0,-5.2813,9.9349,92.648
6.9484,7.3379,0,-5.2,9.8696,91.737
1.3819,6.8179,-0.70682,-5.2,3.7498,1.7026
1.3819,6.2979,0,-5.2,3.2322,0.48542
1.2874,5.7779,-0.098175,-8.8,2.7548,0
1.2874,4.8979,0,-8.8,2.3498,0
1.2874,4.0179,0,-8.8,2.0327,0
1.2874,3.1379,0,-8.8,1.8037,0
1.2874,2.2579,0,-8.8,1.6626,0
1.2874,1.3779,0,-8.8,1.6096,0
1.2874,0.49791,0,-8.8,1.6445,0
1.2874,0,0,-8.8,1.7674,0
1.2874,0,0,-8.8,1.9402,0
1.2874,0,0,-8.8,2.1129,0
1.2874,0,0,-8.8,2.2857,0
1.2874,0,0,-8.8,2.4584,0
1.2874,0,0,-8.8,2.6311,0
1.2874,0,0,-8.8,2.8039,0
1.2874,0,0,-8.8,2.9766,0
1.2874,0,0,-8.8,3.1493,0
2.6841,0,2.4525,-8.8,3.8238,2.3577
2.6841,0,0,-8.8,4.1362,0
3.1696,0,2.4692,-8.8,4.5023,7.2813
3.1696,0,0,-8.8,4.8633,0
3.1696,0,0,2.4304,5.2242,0.26807
3.1696,0.24304,0,2.4388,5.529,1.2465
3.1696,0.48692,0,2.4518,5.8095,2.3029
3.1696,0.7321,0,2.4599,6.0655,3.3781
3.1696,0.97809,0,4.9,6.2969,26.227
3.1696,1.4681,0,4.9,6.4916,29.234
3.1696,1.9581,0,4.9,6.6372,32.286
3.1696,2.4481,0,4.9,6.7339,35.378
3.1696,2.9381,0,4.9,6.7815,38.509
3.1696,3.4281,0,4.3712,6.7802,35.83
3.1696,3.8652,0,3.3543,6.7325,27.769
3.1696,4.2006,0,2.8526,6.6462,24.698
3.1696,4.4859,0,2.5421,6.5288,23.303
3.1696,4.7401,0,2.3304,6.3844,22.711
3.1696,4.9732,0,2.1686,6.2157,22.486
7.2126,5.19,2.1333,2.0675,9.531,0
7.2126,5.3968,0,1.9796,9.7229,2.8845
7.645,5.5947,2.0732,1.9191,9.9389,0
7.8479,5.7866,2.0428,1.8582,10.15,0
7.8479,5.9725,0,1.8099,10.347,1.6543
7.8479,6.1534,0,1.7627,10.526,2.0721
7.8479,6.3297,0,1.726,10.686,2.5378
8.6185,6.5023,1.8537,1.6848,10.986,0
8.6185,6.6708,0,1.6488,11.19,0.54286
8.6185,6.8357,0,1.6244,11.376,0.99521
8.6185,6.9981,0,1.5927,11.546,1.4106
9.3158,7.1574,1.6309,1.5656,11.848,0
9.3158,7.3139,0,1.5367,12.056,0
9.3158,7.4676,0,1.5109,12.249,0.21448
9.3158,7.6187,0,1.483,12.426,0.58646
9.3158,7.767,0,1.4559,12.588,0.96037
9.3158,7.9126,0,1.435,12.736,1.3627
10.222,8.0561,1.3471,1.4133,13.136,0
10.355,8.1974,1.3321,1.3876,13.35,0
10.355,8.3362,0,1.3632,13.559,0
10.609,8.4725,1.2842,1.337,13.775,0
10.746,8.6062,1.2954,1.323,13.991,0
10.746,8.7385,0,1.3104,14.199,0
10.746,8.8695,0,1.2901,14.393,0
10.746,8.9985,0,1.2748,14.574,0
10.746,9.126,0,1.2654,14.743,0
10.746,9.2526,0,1.2487,14.898,0.17502
10.746,9.3774,0,1.2361,15.041,0.51753
11.624,9.501,1.2392,1.2198,15.512,0
11.624,9.623,0,1.21,15.718,0
11.624,9.744,0,1.2027,15.912,0
12.005,9.8643,1.2413,1.1965,16.138,0
12.005,9.9839,0,1.191,16.346,0
12.005,10.103,0,1.1828,16.542,0
12.005,10.221,0,1.1778,16.726,0
12.005,10.339,0,1.1733,16.899,0
12.005,10.456,0,1.1652,17.059,0
12.005,10.573,0,1.1616,17.208,0
12.005,10.689,0,1.1568,17.346,0.33503
12.005,10.805,0,1.1571,17.472,0.70445
13.124,10.921,1.2346,1.1499,18.086,0
13.124,11.035,0,1.1449,18.3,0
13.124,11.15,0,1.1438,18.504,0
13.505,11.264,1.2674,1.1462,18.745,0
13.505,11.379,0,1.1412,18.963,0
13.505,11.493,0,1.1405,19.17,0
13.505,11.607,0,1.1371,19.366,0
13.997,11.721,1.1967,1.1364,19.644,0
13.997,11.835,0,1.131,19.866,0
13.997,11.948,0,1.1306,20.077,0
13.997,12.061,0,1.1204,20.276,0
13.997,12.173,0,1.1117,20.464,0
14.553,12.284,0.98458,1.1019,20.796,0
14.658,12.394,0.98313,1.093,21.013,0
14.658,12.503,0,1.0844,21.233,0
14.658,12.612,0,1.0704,21.443,0
14.658,12.719,0,1.0627,21.643,0
14.658,12.825,0,1.0573,21.831,0
15.149,12.931,0.98056,1.045,22.128,0
15.245,13.035,0.95983,1.036,22.349,0
15.35,13.139,0.93036,1.0319,22.568,0
15.35,13.242,0,1.0246,22.784,0
15.35,13.345,0,1.0202,22.989,0
15.35,13.447,0,1.0096,23.185,0
15.35,13.548,0,1.0059,23.37,0
