14.167,14.167,0.6457,0,35.5,0
14.167,14.167,0,0.042661,35.5,0.094183
14.167,14.171,0,0.085989,35.5,0.2086
14.167,14.18,0,0.12355,35.499,0.32728
14.167,14.192,0,0.15216,35.497,0.43723
14.167,14.207,0,0.18697,35.494,0.57883
14.167,14.226,0,0.216,35.489,0.7186
14.167,14.247,0,0.24504,35.482,0.87251
14.167,14.272,0,0.2644,35.472,1.0066
14.167,14.298,0,0.2844,35.461,1.1526
14.167,14.327,0,0.30682,35.446,1.3179
14.167,14.357,0,0.32273,35.428,1.4694
14.167,14.39,0,0.34156,35.408,1.6413
15.002,14.424,0.51558,0.34954,35.99,0
15.044,14.459,0.49362,0.35303,36.04,0
15.044,14.494,0,0.35757,36.097,0
15.044,14.53,0,0.35729,36.15,0
15.044,14.566,0,0.3615,36.2,0
15.044,14.602,0,0.36056,36.246,0
15.044,14.638,0,0.36932,36.288,0.014679
15.044,14.675,0,0.37651,36.327,0.12753
15.044,14.712,0,0.38442,36.362,0.24733
15.044,14.751,0,0.3902,36.393,0.36529
15.044,14.79,0,0.39276,36.421,0.47657
15.044,14.829,0,0.40055,36.444,0.60857
15.044,14.869,0,0.40372,36.464,0.72933
15.044,14.91,0,0.41667,36.479,0.88901
15.044,14.951,0,0.42114,36.49,1.0244
15.044,14.993,0,0.43664,36.498,1.2068
15.044,15.037,0,0.45051,36.5,1.3923
15.044,15.082,0,0.46747,36.499,1.5999
15.044,15.129,0,0.47748,36.493,1.7882
15.044,15.177,0,0.48839,36.482,1.9877
16.113,15.225,0.75216,0.50793,37.408,0
16.113,15.276,0,0.52184,37.494,0
16.113,15.328,0,0.52802,37.575,0
16.113,15.381,0,0.53995,37.651,0
16.389,15.435,0.53878,0.5382,37.784,0
16.389,15.489,0,0.54128,37.877,0
16.389,15.543,0,0.5398,37.964,0
16.389,15.597,0,0.53104,38.046,0
16.389,15.65,0,0.52555,38.122,0
16.389,15.703,0,0.52842,38.194,0
16.389,15.756,0,0.52834,38.26,0
16.389,15.808,0,0.53186,38.32,0.075045
16.819,15.862,0.49244,0.52521,38.549,0
16.819,15.914,0,0.51689,38.642,0
16.819,15.966,0,0.51643,38.73,0
16.819,16.017,0,0.51109,38.813,0
16.819,16.069,0,0.5144,38.89,0
16.819,16.12,0,0.51465,38.963,0
16.819,16.172,0,0.51292,39.03,0
16.819,16.223,0,0.51695,39.092,0
16.819,16.274,0,0.51675,39.149,0.12126
16.819,16.326,0,0.5136,39.201,0.24744
16.819,16.378,0,0.50821,39.248,0.36713
17.392,16.428,0.51694,0.51089,39.594,0
17.392,16.479,0,0.51089,39.688,0
17.392,16.531,0,0.50973,39.776,0
17.545,16.582,0.51626,0.50612,39.884,0
17.545,16.632,0,0.50478,39.978,0
17.545,16.683,0,0.50074,40.067,0
17.545,16.733,0,0.49672,40.15,0
17.545,16.782,0,0.49502,40.229,0
17.545,16.832,0,0.49365,40.303,0
17.545,16.881,0,0.48654,40.372,0
17.545,16.93,0,0.48221,40.436,0
17.91,16.978,0.40507,0.4786,40.663,0
17.91,17.026,0,0.47767,40.754,0
17.91,17.074,0,0.47173,40.84,0
17.91,17.121,0,0.46196,40.921,0
17.91,17.167,0,0.4537,40.998,0
17.91,17.212,0,0.43998,41.07,0
18.115,17.256,0.26353,0.43453,41.213,0
18.143,17.3,0.20244,0.42557,41.297,0
18.143,17.342,0,0.4137,41.379,0
18.143,17.384,0,0.39641,41.457,0
18.18,17.423,0.026012,0.3792,41.52,0
18.18,17.461,0,0.35863,41.594,0
18.179,17.497,-0.033624,0.33997,41.65,0
18.179,17.531,0,0.31992,41.716,0
18.179,17.563,0,0.2978,41.779,0
18.179,17.593,0,0.28139,41.839,0
18.179,17.621,0,0.25922,41.897,0
18.179,17.647,0,0.24141,41.951,0
18.179,17.671,0,0.22716,42.003,0
18.179,17.694,0,0.21164,42.052,0
18.179,17.715,0,0.19613,42.1,0
18.093,17.735,-0.236,0.17646,42.085,0.28012
18.068,17.752,-0.3217,0.15531,42.111,0.63251
18.068,17.768,0,0.1333,42.142,0
18.068,17.781,0,0.10994,42.171,0
17.97,17.792,-0.49038,0.087198,42.201,1.5102
17.92,17.801,-0.57913,0.058597,42.207,2.0306
17.92,17.807,0,0.032102,42.218,0
17.92,17.81,0,0.0042045,42.23,0
17.92,17.81,0,-0.0044718,42.241,0
17.92,17.81,0,-0.0093778,42.252,0
17.92,17.809,0,-0.014582,42.263,0
17.92,17.808,0,-0.018797,42.274,0
17.92,17.806,0,-0.021517,42.285,0
17.92,17.804,0,-0.023035,42.297,0
17.92,17.801,0,-0.024014,42.309,0
17.92,17.799,0,-0.024511,42.321,0
17.92,17.796,0,-0.023575,42.333,0
17.462,17.794,-0.047924,-0.024237,41.976,0.8166
17.462,17.792,0,-0.024549,41.943,0.67066
17.462,17.789,0,-0.024458,41.91,0.66509
17.442,17.787,-0.03862,-0.025188,41.868,0.81481
17.442,17.784,0,-0.025011,41.834,0.69705
17.442,17.782,0,-0.024506,41.8,0.69249
17.442,17.779,0,-0.024984,41.766,0.68534
17.442,17.777,-0.043844,-0.024654,41.723,0.80978
17.442,17.774,0,-0.025002,41.69,0.67577
17.442,17.772,0,-0.024647,41.657,0.67082
17.426,17.769,-0.20084,-0.02532,41.624,1.3692
17.414,17.767,-0.2865,-0.026026,41.598,1.7483
17.414,17.764,0,-0.028557,41.563,0.70629
17.414,17.761,0,-0.031275,41.528,0.69195
17.414,17.758,0,-0.034542,41.493,0.67554
17.414,17.755,0,-0.037503,41.459,0.6593
17.414,17.751,0,-0.04043,41.425,0.64256
17.414,17.747,0,-0.044083,41.392,0.62329
17.414,17.743,0,-0.047083,41.359,0.60506
17.077,17.738,-0.54358,-0.049488,41.203,4.1274
17.077,17.733,0,-0.053941,41.137,1.3995
17.077,17.727,0,-0.058159,41.072,1.3712
17.077,17.722,0,-0.062344,41.007,1.3421
16.812,17.715,-0.945,-0.06842,40.906,8.4366
16.812,17.709,0,-0.075277,40.816,1.9876
16.812,17.701,0,-0.082922,40.727,1.9379
16.812,17.693,0,-0.092416,40.638,1.8798
16.367,17.684,-1.3979,-0.10139,40.445,16.158
16.225,17.673,-1.444,-0.11206,40.312,17.585
16.225,17.662,0,-0.12335,40.168,3.4371
16.225,17.65,0,-0.13556,40.025,3.3421
16.225,17.636,0,-0.14777,39.883,3.2443
16.225,17.622,0,-0.16045,39.742,3.142
16.225,17.605,0,-0.17295,39.603,3.038
15.295,17.588,-1.3894,-0.18487,39.188,21.293
15.295,17.57,0,-0.19694,38.96,6.0068
15.295,17.55,0,-0.20833,38.733,5.8688
15.295,17.529,0,-0.21787,38.509,5.7381
15.295,17.507,0,-0.22707,38.287,5.6069
15.295,17.485,0,-0.23607,38.067,5.4746
15.295,17.461,0,-0.24331,37.849,5.3497
15.295,17.437,0,-0.25066,37.633,5.2228
15.295,17.412,0,-0.25596,37.421,5.105
15.295,17.386,0,-0.2596,37.21,4.9949
15.295,17.36,0,-0.26206,37.002,4.8905
14.422,17.334,-0.22268,-0.26392,36.156,9.8481
14.422,17.308,0,-0.26592,35.866,7.999
14.422,17.281,0,-0.26872,35.579,7.8731
14.422,17.254,0,-0.27077,35.294,7.7512
14.422,17.227,0,-0.27359,35.012,7.6244
14.422,17.2,0,-0.27738,34.733,7.4912
14.3,17.172,-0.21581,-0.27964,34.409,9.5016
14.3,17.144,0,-0.28264,34.123,7.7274
14.3,17.116,0,-0.28631,33.84,7.5909
14.214,17.087,-0.40976,-0.29015,33.549,11.135
14.172,17.058,-0.59379,-0.29507,33.26,12.996
14.172,17.028,0,-0.30271,32.972,7.6533
14.172,16.998,0,-0.3111,32.688,7.4807
14.172,16.967,0,-0.32295,32.407,7.2854
14.172,16.935,0,-0.33608,32.129,7.0799
14.172,16.901,0,-0.3523,31.855,6.8536
14.172,16.866,0,-0.36856,31.584,6.6239
14.172,16.829,0,-0.3875,31.316,6.3762
14.172,16.79,0,-0.40845,31.052,6.1145
14.172,16.75,0,-0.4314,30.793,5.8391
12.852,16.706,-2.0016,-0.45657,30.012,41.664
12.852,16.661,0,-0.48377,29.629,10.478
12.852,16.612,0,-0.51397,29.25,10.062
12.852,16.561,0,-0.54436,28.877,9.64
12.852,16.507,0,-0.57745,28.508,9.1951
12.852,16.449,0,-0.61245,28.146,8.7338
12.852,16.388,0,-0.65227,27.789,8.2394
12.852,16.322,0,-0.69418,27.439,7.7305
11.031,16.253,-2.658,-0.74162,26.404,68.115
11.031,16.179,0,-0.7921,25.885,14.345
11.031,16.1,0,-0.84264,25.375,13.593
10.244,16.015,-2.5046,-0.89685,24.764,65.016
9.9903,15.926,-2.4917,-0.95356,24.18,65.084
9.9903,15.83,0,-1.0119,23.591,15.966
9.9903,15.729,0,-1.0741,23.012,15
9.9903,15.622,0,-1.1426,22.443,13.984
9.0032,15.507,-2.5097,-1.2133,21.705,66.508
9.0032,15.386,0,-1.2912,21.061,16.409
9.0032,15.257,0,-1.3735,20.429,15.163
9.0032,15.12,0,-1.4641,19.81,13.863
9.0032,14.973,0,-1.5616,19.206,12.53
9.0032,14.817,0,-1.6691,18.617,11.162
9.0032,14.65,0,-1.7838,18.044,9.7971
7.2209,14.472,-2.4153,-1.9045,16.859,59.663
7.2209,14.281,0,-2.0298,16.144,14.086
7.2209,14.078,0,-2.164,15.448,12.321
7.2209,13.862,0,-2.3114,14.773,10.57
7.2209,13.631,0,-2.4658,14.12,8.9239
7.2209,13.384,0,-2.6361,13.492,7.4159
7.2209,13.121,0,-2.8151,12.889,6.1888
7.2209,12.839,0,-3.0032,12.313,5.3905
7.2209,12.539,0,-4.4,11.766,14.934
7.2209,12.099,0,-5.2,11.256,48.639
5.1093,11.579,-1.6469,-5.2,9.6941,7.1463
5.1093,11.059,0,-5.2,9.0732,27.106
5.1093,10.539,0,-5.2,8.5043,33.237
4.6453,10.019,-1.5629,-5.2,7.9083,8.1317
4.6453,9.4987,0,-5.2,7.397,23.823
4.6453,8.9787,0,-5.2,6.9376,22.757
4.6453,8.4587,0,-5.2,6.5303,21.691
4.6453,7.9387,0,-5.2,6.1749,20.625
4.6453,7.4187,0,-5.2,5.8716,19.559
4.6453,6.8987,0,-5.2,5.6203,18.493
4.6453,6.3787,0,-5.2,5.4209,17.427
3.3572,5.8587,-1.7752,-8.8,4.77,0
3.3572,4.9787,0,-8.8,4.5638,0
3.3572,4.0987,0,-8.8,4.4457,0
3.3572,3.2187,0,-8.8,4.4155,0
3.3572,2.3387,0,-8.8,4.4734,0
3.3572,1.4587,0,-8.8,4.6192,0
3.3572,0.57871,0,-8.8,4.8531,0
3.3572,0,0,-8.8,5.1749,0
3.3572,0,0,-8.8,5.5546,0
3.3572,0,0,-1.868,5.9344,0
1.543,0,-1.7756,-1.7756,5.3502,0
1.543,0,0,-1.6499,5.5134,0
1.543,0,0,-1.5988,5.6759,0
1.543,0,0,-1.4301,5.8382,0
1.543,0,0,-1.3088,5.9996,0
0.79204,0,-1.1694,-1.1694,5.9662,0
0.79204,0,0,-1.0121,6.0512,0
0.57781,0,-0.8281,-0.8281,6.1115,0
0.49004,0,-0.74365,-0.74365,6.1737,0
0.49004,0,0,-0.62894,6.2264,0
0.49004,0,0,-0.54666,6.2786,0
0.2877,0,-0.41402,-0.41402,6.2946,0
0.23906,0,-0.29424,-0.29424,6.3228,0
0.23906,0,0,-0.1823,6.3482,0
0.19327,0,-0.046776,-0.046776,6.3673,0
0.19327,0,0,0.17924,6.3869,0
0.19327,0.017924,0,0.41561,6.4053,0.77027
0.19327,0.059485,0,0.6977,6.4208,2.0801
0.19327,0.12925,0,0.94716,6.4307,3.6288
0.19327,0.22397,0,1.1845,6.4323,5.4423
0.53675,0.34242,1.3242,1.3242,6.504,0
0.67307,0.47484,1.3258,1.3258,6.5246,0
0.67307,0.60743,0,1.2393,6.5378,5.3936
0.67307,0.73136,0,1.085,6.5382,4.9263
0.67307,0.83986,0,0.88898,6.527,4.1773
0.67307,0.92875,0,2.4149,6.5058,16.168
0.67307,1.1702,0,0.087626,6.4682,1.4599
0.67307,1.179,0,0.32539,6.418,2.4563
0.67307,1.2115,0,0.16615,6.3658,1.8775
0.67307,1.2282,0,0.040043,6.3111,1.4503
0.67307,1.2322,0,-0.0026829,6.2554,1.3142
0.67307,1.2319,0,-0.0065225,6.1995,1.3007
1.1119,1.2312,-0.51911,-0.010275,6.6072,2.1903
1.1119,1.2302,0,-0.015217,6.5953,0.21514
1.0089,1.2287,-0.47696,-0.019033,6.5738,2.2688
1.0089,1.2268,0,-0.023113,6.5519,0.41519
1.0089,1.2245,0,-0.027068,6.5303,0.40013
1.0089,1.2218,0,-0.029175,6.5088,0.38887
1.0089,1.2189,0,-0.030168,6.4877,0.37993
1.0089,1.2158,0,-0.030521,6.4669,0.37236
1.0089,1.2128,0,-0.030939,6.4463,0.36457
0.86792,1.2097,0.19669,-0.030891,6.3407,0.23121
0.86792,1.2066,0,-0.029762,6.3066,0.67667
0.86792,1.2036,0,-0.025968,6.2729,0.68008
0.86792,1.201,0,-0.020077,6.2395,0.69026
0.86792,1.199,0,-0.012837,6.2063,0.70575
1.1509,1.1977,0.89867,-0.0043454,6.2031,0
1.1509,1.1973,0,0.34419,6.1984,1.1329
1.3129,1.2317,0.82628,0.62505,6.2027,0
1.3945,1.2942,0.95611,0.71161,6.2109,0
1.4834,1.3654,1.0818,0.7667,6.2154,0
1.4834,1.4421,0,0.90739,6.2234,3.4911
1.4834,1.5328,0,1.0209,6.223,4.4989
1.4834,1.6349,0,1.1471,6.213,5.7049
1.4834,1.7496,0,1.2476,6.1921,6.8678
1.4834,1.8744,0,1.3005,6.1592,7.7917
1.4834,2.0044,0,1.3051,6.1136,8.4153
1.4834,2.1349,0,1.3014,6.055,8.989
1.4834,2.2651,0,1.2692,5.9833,9.3554
1.4834,2.392,0,1.2141,5.8988,9.5363
1.4834,2.5134,0,1.1009,5.8019,9.2596
1.4834,2.6235,0,0.98905,5.6934,8.9477
1.4834,2.7224,0,0.9078,5.5744,8.8111
3.2074,2.8132,0.61375,0.81376,6.6534,0
3.2074,2.8945,0,0.73392,6.6887,1.6587
3.3215,2.9679,0.68622,0.67443,6.7311,0
3.3215,3.0354,0,0.64104,6.7631,1.3329
3.3215,3.0995,0,0.62067,6.7885,1.4454
3.5191,3.1616,0.7143,0.62151,6.8288,0
3.5955,3.2237,0.67993,0.62905,6.87,0
3.5955,3.2866,0,0.61813,6.9041,1.1663
3.5955,3.3484,0,0.61439,6.9319,1.3406
3.5955,3.4099,0,0.59264,6.9535,1.4386
3.5955,3.4691,0,0.59179,6.9691,1.6208
3.5955,3.5283,0,0.60061,6.9788,1.8492
3.5955,3.5884,0,0.62857,6.9825,2.1752
3.5955,3.6512,0,0.69599,6.9801,2.7189
3.5955,3.7208,0,0.77955,6.971,3.4061
4.443,3.7988,1.5189,0.86939,7.2506,0
4.443,3.8857,0,0.93428,7.3107,1.7899
4.443,3.9791,0,0.9759,7.3617,2.3211
4.8941,4.0767,1.4833,1.0056,7.4609,0
4.8941,4.1773,0,1.0217,7.5376,1.673
4.8941,4.2795,0,1.0564,7.6041,2.2022
4.8941,4.3851,0,1.0922,7.6603,2.7731
4.8941,4.4943,0,1.1397,7.7058,3.4481
4.8941,4.6083,0,1.1749,7.7401,4.0978
4.8941,4.7258,0,1.199,7.7628,4.7156
4.8941,4.8457,0,1.2009,7.7736,5.2185
4.8941,4.9658,0,1.2052,7.7725,5.7477
4.8941,5.0863,0,1.2141,7.7593,6.3192
6.5432,5.2077,1.6562,1.231,8.5397,0
6.5432,5.3308,0,1.2383,8.6671,1.0434
6.5432,5.4546,0,1.2442,8.7821,1.496
6.5432,5.579,0,1.2417,8.8848,1.9211
6.5432,5.7032,0,1.2359,8.975,2.3384
6.5432,5.8268,0,1.2405,9.0528,2.8207
6.5432,5.9509,0,1.2359,9.1182,3.2642
7.6553,6.0745,1.656,1.2469,9.5691,0
7.6553,6.1991,0,1.2513,9.721,0.30566
7.6553,6.3243,0,1.2624,9.8603,0.7622
8.1603,6.4505,1.7339,1.2765,10.069,0
8.3272,6.5782,1.7336,1.2837,10.247,0
8.4987,6.7065,1.6121,1.2926,10.421,0
8.4987,6.8358,0,1.29,10.593,0
8.4987,6.9648,0,1.2627,10.753,0.11004
8.4987,7.0911,0,1.2281,10.9,0.35761
8.9479,7.2139,0.42091,1.1748,11.136,0
8.9479,7.3314,0,1.1096,11.304,0
8.9479,7.4423,0,1.0434,11.46,0
8.9479,7.5467,0,0.98067,11.605,0
8.9479,7.6447,0,0.9303,11.741,0
8.9479,7.7378,0,0.88052,11.866,0
8.9479,7.8258,0,0.83376,11.983,0
9.1663,7.9092,0.29702,0.79272,12.21,0
9.1663,7.9885,0,0.75022,12.332,0
9.1663,8.0635,0,0.72145,12.446,0
9.2549,8.1356,0.20045,0.69086,12.569,0
9.2549,8.2047,0,0.65955,12.678,0
9.2549,8.2707,0,0.61942,12.779,0
9.2549,8.3326,0,0.58433,12.875,0
9.2549,8.3911,0,0.55331,12.964,0
9.2549,8.4464,0,0.51656,13.048,0
9.2549,8.498,0,0.49327,13.126,0
9.2549,8.5474,0,0.47915,13.199,0
9.3871,8.5953,0.3435,0.46834,13.283,0
9.3871,8.6421,0,0.46108,13.36,0
9.3871,8.6882,0,0.44699,13.432,0
9.3871,8.7329,0,0.40792,13.5,0
9.3871,8.7737,0,0.35265,13.563,0
9.2729,8.809,-1.675,0.26927,13.616,13.304
9.2729,8.8359,0,0.1583,13.661,0
9.2729,8.8517,0,0.027418,13.704,0
9.2729,8.8545,0,-0.042527,13.746,0
8.4287,8.8502,-2.4197,-0.092241,13.649,31.736
8.4287,8.841,0,-0.14545,13.608,0.54731
8.4287,8.8265,0,-0.19371,13.567,0.40835
8.4287,8.8071,0,-0.23945,13.528,0.2802
8.4287,8.7831,0,-0.28171,13.492,0.16517
7.3791,8.755,-1.1861,-0.316,13.162,11.462
7.2698,8.7234,-0.82142,-0.33821,13.027,7.7951
7.2698,8.6895,0,-0.35587,12.884,2.4291
7.2698,8.654,0,-0.36556,12.743,2.2959
7.2698,8.6174,0,-0.36983,12.607,2.1816
7.0763,8.5804,-0.07494,-0.37196,12.42,2.9106
7.0763,8.5432,0,-0.36828,12.272,2.5163
7.0763,8.5064,0,-0.36429,12.127,2.4276
7.0763,8.47,0,-0.35224,11.986,2.3696
7.1492,8.4347,0.54099,-0.33639,11.868,0.92872
7.1492,8.4011,0,-0.31952,11.741,2.096
7.1492,8.3692,0,-0.30185,11.618,2.0704
7.1492,8.339,0,-0.28225,11.497,2.0564
7.1492,8.3107,0,-0.26233,11.38,2.0489
7.1492,8.2845,0,-0.23962,11.265,2.0569
7.1492,8.2605,0,-0.21908,11.152,2.0638
7.5435,8.2386,0.59398,-0.19558,11.184,0.21849
7.5435,8.2191,0,-0.1758,11.116,1.0732
7.5435,8.2015,0,-0.15714,11.049,1.084
7.5435,8.1858,0,-0.13825,10.984,1.1006
7.5435,8.172,0,-0.11552,10.92,1.1339
7.5435,8.1604,0,-0.092576,10.858,1.1748
7.5435,8.1512,0,-0.066058,10.797,1.2343
7.5435,8.1445,0,-0.036615,10.736,1.3124
7.5435,8.1409,0,-0.0041062,10.676,1.4119
7.5435,8.1405,0,0.055549,10.617,1.6226
8.3599,8.146,1.3214,0.11594,10.887,0.56309
8.3599,8.1576,0,0.18304,10.908,0
8.3599,8.1759,0,0.25337,10.927,0.22031
8.3599,8.2013,0,0.31662,10.944,0.47718
8.3599,8.2329,0,0.37895,10.958,0.77303
8.3599,8.2708,0,0.43783,10.969,1.0987
8.3599,8.3146,0,0.49668,10.976,1.4661
8.3599,8.3643,0,0.55636,10.978,1.8804
8.3599,8.4199,0,0.61469,10.975,2.3336
8.3599,8.4814,0,0.66685,10.966,2.8011
9.8959,8.5481,1.6719,0.71831,11.693,0.29653
9.8959,8.6199,0,0.7715,11.824,0
9.8959,8.697,0,0.81532,11.948,0
9.8959,8.7786,0,0.85657,12.064,0
9.8959,8.8642,0,0.88808,12.171,0.095974
9.8959,8.953,0,0.91446,12.27,0.46324
10.857,9.0445,1.6712,0.94576,12.696,0
10.857,9.1391,0,0.9797,12.872,0
10.857,9.237,0,1.0157,13.039,0
10.857,9.3386,0,1.0447,13.196,0
10.857,9.4431,0,1.0707,13.343,0
10.857,9.5501,0,1.0947,13.479,0.1018
10.857,9.6596,0,1.1212,13.604,0.55435
10.857,9.7717,0,1.1463,13.718,1.032
10.857,9.8864,0,1.1679,13.821,1.5238
10.857,10.003,0,1.1841,13.912,2.0146
10.857,10.122,0,1.1979,13.992,2.5163
10.857,10.241,0,1.2049,14.059,3.0003
10.857,10.362,0,1.2079,14.115,3.4763
10.857,10.483,0,1.2106,14.158,3.963
13.109,10.604,1.4676,1.22,15.834,0
13.109,10.726,0,1.2264,16.078,0
13.391,10.848,1.4358,1.2262,16.345,0
13.391,10.971,0,1.231,16.593,0
13.391,11.094,0,1.237,16.829,0
13.391,11.218,0,1.2365,17.053,0
13.391,11.341,0,1.2325,17.264,0
13.391,11.465,0,1.2288,17.462,0
13.391,11.588,0,1.2195,17.649,0
13.391,11.709,0,1.2049,17.823,0
13.391,11.83,0,1.1873,17.985,0
13.391,11.949,0,1.1709,18.135,0.0045623
13.391,12.066,0,1.1622,18.274,0.32972
13.391,12.182,0,1.1522,18.4,0.65493
13.391,12.297,0,1.1397,18.516,0.973
13.391,12.411,0,1.1319,18.619,1.3165
13.391,12.524,0,1.1143,18.712,1.6163
13.391,12.636,0,1.1005,18.793,1.9336
15.175,12.746,0.97152,1.0913,20.425,0
15.175,12.855,0,1.0809,20.663,0
15.175,12.963,0,1.0728,20.889,0
15.175,13.07,0,1.067,21.105,0
15.175,13.177,0,1.0565,21.31,0
15.645,13.283,0.88567,1.0423,21.621,0
15.645,13.387,0,1.0311,21.852,0
15.645,13.49,0,1.0183,22.073,0
15.645,13.592,0,1.0165,22.284,0
15.645,13.694,0,1.0106,22.484,0
15.645,13.795,0,1.0105,22.674,0
16.245,13.896,1.2279,1.0163,23.016,0
16.245,13.997,0,1.0233,23.246,0
16.245,14.1,0,1.0273,23.465,0
16.245,14.202,0,1.0347,23.675,0
16.245,14.306,0,1.0446,23.874,0
16.245,14.41,0,1.0556,24.063,0
16.245,14.516,0,1.0634,24.241,0
16.245,14.622,0,1.0652,24.409,0
17.26,14.729,1.1474,1.0684,24.97,0
17.26,14.836,0,1.0667,25.217,0
17.26,14.942,0,1.0682,25.455,0
17.583,15.049,1.0024,1.0593,25.72,0
17.675,15.155,0.94667,1.0503,25.973,0
17.675,15.26,0,1.0457,26.22,0
17.675,15.365,0,1.0337,26.456,0
17.675,15.468,0,1.0169,26.682,0
17.675,15.57,0,1.0012,26.898,0
18.064,15.67,0.49921,0.98355,27.216,0
18.111,15.768,0.48635,0.96026,27.462,0
18.167,15.864,0.5575,0.94133,27.698,0
18.167,15.958,0,0.92191,27.924,0
18.167,16.05,0,0.90641,28.14,0
18.167,16.141,0,0.89498,28.347,0
18.167,16.231,0,0.88334,28.545,0
18.479,16.319,0.64472,0.8723,28.812,0
18.479,16.406,0,0.86099,29.023,0
18.479,16.492,0,0.85246,29.226,0
18.479,16.577,0,0.83568,29.421,0
