16.944,16.944,0.63268,0,35.5,0
16.944,16.944,0,0.030807,35.5,0.067107
17.081,16.948,0.65046,0.060805,35.513,0
17.081,16.954,0,0.086947,35.526,0
17.081,16.962,0,0.11728,35.539,0.012629
17.081,16.974,0,0.14247,35.55,0.101
17.081,16.988,0,0.16372,35.56,0.18922
17.081,17.005,0,0.18715,35.568,0.29239
17.081,17.023,0,0.21037,35.575,0.40528
17.081,17.044,0,0.23059,35.58,0.51944
17.081,17.067,0,0.25001,35.582,0.64036
17.081,17.092,0,0.267,35.582,0.76236
17.081,17.119,0,0.28904,35.58,0.9103
17.081,17.148,0,0.30755,35.574,1.0567
17.081,17.179,0,0.32768,35.566,1.2188
17.081,17.212,0,0.35152,35.555,1.4065
17.081,17.247,0,0.37327,35.54,1.5989
17.081,17.284,0,0.39738,35.521,1.814
17.081,17.324,0,0.42205,35.499,2.0458
17.081,17.366,0,0.44103,35.472,2.2668
17.081,17.41,0,0.46629,35.442,2.5292
17.081,17.457,0,0.48351,35.406,2.7687
17.081,17.505,0,0.50126,35.366,3.0222
17.081,17.555,0,0.51616,35.321,3.2729
17.081,17.607,0,0.53573,35.271,3.5586
17.081,17.66,0,0.55093,35.216,3.8343
17.081,17.715,0,0.56631,35.155,4.1218
17.081,17.772,0,0.58415,35.089,4.4345
17.081,17.831,0,0.59956,35.017,4.7461
17.081,17.891,0,0.61271,34.939,5.0559
17.081,17.952,0,0.62191,34.855,5.3522
19.459,18.014,0.98218,0.63322,38.002,0
19.459,18.077,0,0.6426,38.143,0
19.459,18.142,0,0.65512,38.278,0
19.459,18.207,0,0.66945,38.407,0
19.459,18.274,0,0.68088,38.529,0
19.459,18.342,0,0.68482,38.644,0
19.459,18.411,0,0.68096,38.752,0
19.459,18.479,0,0.66961,38.854,0
19.459,18.546,0,0.65586,38.948,0
19.459,18.611,0,0.637,39.036,0
19.459,18.675,0,0.61739,39.118,0
19.459,18.737,0,0.59599,39.193,0
20.162,18.796,0.27883,0.58112,39.812,0
20.162,18.854,0,0.56649,39.945,0
20.162,18.911,0,0.55665,40.073,0
20.251,18.967,0.35663,0.54274,40.198,0
20.251,19.021,0,0.52975,40.324,0
20.318,19.074,0.34105,0.52366,40.449,0
20.318,19.126,0,0.51238,40.571,0
20.318,19.178,0,0.5057,40.687,0
20.318,19.228,0,0.50784,40.799,0
20.318,19.279,0,0.50907,40.905,0
20.318,19.33,0,0.5167,41.007,0
20.318,19.381,0,0.52964,41.103,0
20.318,19.434,0,0.53849,41.194,0
20.318,19.488,0,0.54299,41.279,0
20.318,19.543,0,0.54887,41.36,0
20.943,19.597,0.67172,0.55614,41.697,0
20.943,19.653,0,0.55991,41.828,0
20.943,19.709,0,0.55905,41.955,0
20.943,19.765,0,0.55549,42.075,0
21.16,19.821,0.36422,0.54966,42.233,0
21.16,19.875,0,0.53706,42.364,0
21.16,19.929,0,0.52966,42.49,0
21.16,19.982,0,0.51856,42.611,0
21.274,20.034,0.27304,0.50519,42.737,0
21.274,20.085,0,0.49103,42.859,0
21.274,20.134,0,0.48182,42.975,0
21.274,20.182,0,0.46936,43.087,0
21.274,20.229,0,0.45792,43.194,0
21.274,20.275,0,0.44135,43.296,0
21.274,20.319,0,0.42578,43.394,0
21.274,20.361,0,0.41201,43.487,0
21.392,20.402,0.063636,0.39824,43.622,0
21.392,20.442,0,0.38623,43.719,0
21.392,20.481,0,0.37374,43.812,0
21.392,20.518,0,0.36397,43.901,0
21.392,20.555,0,0.35263,43.987,0
21.392,20.59,0,0.34573,44.069,0
21.392,20.625,0,0.34063,44.147,0
21.392,20.659,0,0.34057,44.222,0
21.392,20.693,0,0.33813,44.294,0
21.392,20.726,0,0.33375,44.362,0
21.392,20.76,0,0.33258,44.427,0
21.617,20.793,0.28123,0.32736,44.593,0
21.617,20.826,0,0.32291,44.674,0
21.617,20.858,0,0.32502,44.751,0
21.617,20.891,0,0.32944,44.826,0
21.617,20.924,0,0.3272,44.897,0
21.786,20.956,0.36936,0.32842,45.004,0
21.786,20.989,0,0.32648,45.085,0
21.786,21.022,0,0.32409,45.163,0
21.786,21.054,0,0.31992,45.238,0
21.786,21.086,0,0.32084,45.31,0
21.786,21.118,0,0.31818,45.378,0
21.786,21.15,0,0.31635,45.443,0
21.786,21.182,0,0.3125,45.505,0
21.786,21.213,0,0.31204,45.564,0
21.786,21.244,0,0.30691,45.62,0
21.786,21.275,0,0.30756,45.673,0
22.087,21.306,0.30239,0.30563,45.865,0
22.117,21.336,0.3153,0.30518,45.947,0
22.117,21.367,0,0.30612,46.024,0
22.117,21.397,0,0.30961,46.097,0
22.117,21.428,0,0.30964,46.168,0
22.117,21.459,0,0.31236,46.235,0
22.117,21.49,0,0.31444,46.299,0
22.117,21.522,0,0.31681,46.36,0
22.117,21.554,0,0.31911,46.418,0
22.117,21.585,0,0.31712,46.473,0
22.117,21.617,0,0.31386,46.524,0
22.117,21.649,0,0.31297,46.573,0
22.117,21.68,0,0.31326,46.618,0
22.117,21.711,0,0.31607,46.66,0
22.555,21.743,0.32087,0.31392,46.994,0
22.555,21.774,0,0.31127,47.073,0
22.555,21.805,0,0.31181,47.15,0
22.641,21.837,0.34403,0.31007,47.228,0
22.677,21.868,0.32468,0.31188,47.3,0
22.677,21.899,0,0.3114,47.379,0
22.746,21.93,0.33112,0.31372,47.45,0
22.746,21.961,0,0.31517,47.53,0
22.813,21.993,0.3595,0.31486,47.628,0
22.813,22.024,0,0.3192,47.709,0
22.813,22.056,0,0.31758,47.786,0
22.813,22.088,0,0.31535,47.86,0
22.813,22.119,0,0.3127,47.931,0
22.974,22.151,0.26825,0.31457,48.052,0
22.974,22.182,0,0.31281,48.132,0
22.974,22.213,0,0.31307,48.21,0
22.974,22.245,0,0.31067,48.284,0
22.974,22.276,0,0.31115,48.356,0
22.974,22.307,0,0.30909,48.424,0
22.974,22.338,0,0.31067,48.489,0
22.974,22.369,0,0.31515,48.551,0
22.974,22.4,0,0.3161,48.61,0
22.974,22.432,0,0.3145,48.666,0
22.974,22.463,0,0.31473,48.718,0
22.974,22.495,0,0.31028,48.768,0
22.974,22.526,0,0.3065,48.814,0
22.974,22.557,0,0.30369,48.857,0
22.974,22.587,0,0.29474,48.898,0
22.974,22.616,0,0.28294,48.935,0
22.974,22.645,0,0.27447,48.969,0
22.974,22.672,0,0.25694,49.001,0
22.974,22.698,0,0.23734,49.029,0
22.974,22.722,0,0.20966,49.056,0
22.974,22.743,0,0.18627,49.08,0
22.974,22.761,0,0.16252,49.102,0
23.133,22.777,-0.52181,0.13362,49.626,1.2938
23.133,22.791,0,0.10709,49.661,0
23.133,22.802,0,0.086731,49.695,0
23.133,22.81,0,0.056561,49.728,0
22.881,22.816,-1.0461,0.024591,49.699,5.4096
22.774,22.818,-1.1493,-0.0031707,49.706,6.7208
22.774,22.818,0,-0.011645,49.701,0.06521
22.774,22.817,0,-0.020304,49.697,0.044394
22.774,22.815,0,-0.028466,49.693,0.023274
22.774,22.812,0,-0.036182,49.689,0.0018372
22.774,22.808,0,-0.044107,49.685,0
22.774,22.804,0,-0.052584,49.682,0
22.774,22.799,0,-0.060799,49.679,0
22.774,22.793,0,-0.069779,49.677,0
21.698,22.786,-1.4374,-0.079585,49.233,15.567
21.561,22.778,-1.5439,-0.089372,49.109,17.977
21.397,22.769,-1.6314,-0.10121,48.971,20.377
21.397,22.759,0,-0.1137,48.834,3.2367
21.051,22.747,-1.6865,-0.12629,48.667,23.295
21.051,22.735,0,-0.13832,48.498,4.1869
21.051,22.721,0,-0.15029,48.33,4.0813
21.051,22.706,0,-0.16138,48.164,3.9771
21.051,22.69,0,-0.17139,47.999,3.8754
21.051,22.672,0,-0.18013,47.836,3.7775
21.051,22.654,0,-0.18899,47.675,3.6771
21.051,22.636,0,-0.19535,47.516,3.5864
21.051,22.616,0,-0.2002,47.358,3.5013
21.051,22.596,0,-0.20404,47.203,3.4199
21.051,22.576,0,-0.20622,47.049,3.3452
21.051,22.555,0,-0.20721,46.898,3.2756
19.968,22.534,-0.075817,-0.20832,45.896,7.5929
19.957,22.513,-0.08457,-0.20934,45.631,7.6105
19.957,22.493,0,-0.20998,45.376,6.9387
19.937,22.472,-0.1354,-0.21095,45.13,7.8796
19.937,22.45,0,-0.21149,44.878,6.8437
19.937,22.429,0,-0.21165,44.628,6.7599
19.937,22.408,0,-0.2129,44.38,6.6701
19.937,22.387,0,-0.21339,44.133,6.5845
19.904,22.365,-0.021579,-0.21335,43.894,6.7699
19.904,22.344,0,-0.2142,43.649,6.5409
19.904,22.323,0,-0.21401,43.406,6.4593
19.904,22.301,0,-0.21423,43.165,6.3757
19.904,22.28,0,-0.21453,42.927,6.2919
19.904,22.258,0,-0.21509,42.69,6.2069
19.904,22.237,0,-0.21651,42.456,6.1171
19.904,22.215,0,-0.21837,42.224,6.0247
19.904,22.193,0,-0.22193,41.993,5.9226
19.904,22.171,0,-0.22605,41.766,5.8166
19.904,22.149,0,-0.22991,41.54,5.7112
19.904,22.126,0,-0.23556,41.317,5.5953
19.904,22.102,0,-0.24189,41.096,5.4746
19.904,22.078,0,-0.24785,40.877,5.3545
19.464,22.053,-0.59205,-0.25305,40.439,11.815
19.464,22.028,0,-0.25898,40.181,6.7588
19.464,22.002,0,-0.26537,39.926,6.621
19.464,21.975,0,-0.27123,39.674,6.4849
19.464,21.948,0,-0.27892,39.424,6.3372
19.125,21.92,-0.78682,-0.2869,39.107,14.756
19.125,21.892,0,-0.29612,38.829,7.3367
19.125,21.862,0,-0.3045,38.554,7.1691
19.125,21.832,0,-0.31364,38.282,6.9951
19.125,21.8,0,-0.32118,38.012,6.8286
19.125,21.768,0,-0.32926,37.747,6.6575
19.125,21.735,0,-0.33675,37.484,6.4884
19.125,21.702,0,-0.34376,37.224,6.3208
19.125,21.667,0,-0.35063,36.968,6.1529
19.125,21.632,0,-0.35582,36.716,5.9935
19.125,21.597,0,-0.36071,36.467,5.8353
19.125,21.56,0,-0.3632,36.222,5.6897
19.125,21.524,0,-0.36538,35.98,5.5461
19.125,21.488,0,-0.36796,35.742,5.4009
18.397,21.451,-0.16913,-0.37031,34.846,9.2966
18.397,21.414,0,-0.37294,34.543,7.8671
18.397,21.376,0,-0.37462,34.243,7.7069
18.397,21.339,0,-0.37783,33.947,7.5377
18.335,21.301,-0.06174,-0.37836,33.638,8.0609
18.335,21.263,0,-0.37768,33.343,7.4836
18.335,21.226,0,-0.37968,33.052,7.3222
18.335,21.188,0,-0.38106,32.765,7.1648
18.335,21.15,0,-0.38083,32.482,7.0175
18.314,21.111,0.089304,-0.38026,32.179,6.3974
18.314,21.073,0,-0.37924,31.901,6.8141
18.335,21.036,0.20381,-0.37648,31.618,5.4277
18.335,20.998,0,-0.37319,31.35,6.4811
18.335,20.961,0,-0.36873,31.085,6.3651
18.335,20.924,0,-0.3637,30.824,6.2544
18.424,20.887,0.23737,-0.36007,30.579,4.5496
18.424,20.851,0,-0.35641,30.334,5.6952
18.424,20.816,0,-0.35228,30.093,5.5876
18.424,20.78,0,-0.34839,29.856,5.4807
18.424,20.746,0,-0.34362,29.622,5.3804
18.424,20.711,0,-0.34025,29.392,5.275
18.424,20.677,0,-0.33365,29.165,5.1881
18.424,20.644,0,-0.32755,28.941,5.1012
18.424,20.611,0,-0.3222,28.721,5.0131
18.424,20.579,0,-0.31569,28.504,4.933
18.424,20.547,0,-0.30823,28.29,4.8603
18.424,20.516,0,-0.30254,28.079,4.7816
18.424,20.486,0,-0.29647,27.871,4.7069
18.424,20.457,0,-0.29239,27.666,4.6248
18.424,20.427,0,-0.28609,27.465,4.5553
18.424,20.399,0,-0.28317,27.266,4.4716
18.726,20.37,-0.11011,-0.28165,27.328,3.9285
18.726,20.342,0,-0.28187,27.165,3.3053
18.726,20.314,0,-0.28111,27.005,3.221
18.726,20.286,0,-0.28155,26.847,3.1324
18.726,20.258,0,-0.28242,26.693,3.0427
18.726,20.23,0,-0.28389,26.541,2.9512
18.726,20.201,0,-0.28498,26.392,2.8615
18.726,20.173,0,-0.28547,26.246,2.7749
18.726,20.144,0,-0.28705,26.103,2.6846
18.726,20.115,0,-0.2874,25.962,2.5995
18.726,20.087,0,-0.28551,25.825,2.5236
18.726,20.058,0,-0.28527,25.69,2.4428
18.726,20.03,0,-0.28531,25.558,2.3616
18.502,20.001,-0.26087,-0.28638,25.27,4.2125
18.502,19.972,0,-0.28771,25.121,2.8353
18.502,19.944,0,-0.28958,24.976,2.7426
18.502,19.915,0,-0.29137,24.833,2.6508
18.391,19.886,-0.31296,-0.29499,24.682,4.4528
18.391,19.856,0,-0.29896,24.534,2.775
18.391,19.826,0,-0.30327,24.389,2.6705
18.391,19.796,0,-0.30761,24.247,2.566
18.391,19.765,0,-0.31108,24.108,2.465
18.391,19.734,0,-0.31518,23.973,2.3621
18.391,19.702,0,-0.32254,23.84,2.248
18.114,19.67,-0.36197,-0.32665,23.608,4.8044
18.114,19.638,0,-0.32931,23.454,2.8271
18.114,19.605,0,-0.33155,23.304,2.7219
18.114,19.571,0,-0.33383,23.156,2.6172
18.114,19.538,0,-0.33701,23.012,2.5099
18.114,19.504,0,-0.33778,22.871,2.412
18.114,19.471,0,-0.34234,22.734,2.3016
18.114,19.436,0,-0.34535,22.6,2.1971
18.114,19.402,0,-0.34693,22.47,2.0983
17.831,19.367,-0.27196,-0.35057,22.218,4.0745
17.806,19.332,-0.26071,-0.35175,22.058,3.9714
17.806,19.297,0,-0.35133,21.907,2.6481
17.806,19.262,0,-0.35171,21.76,2.5463
17.806,19.227,0,-0.3536,21.616,2.4401
17.702,19.191,-0.32785,-0.35675,21.442,4.188
17.702,19.156,0,-0.35739,21.295,2.5178
17.702,19.12,0,-0.36103,21.152,2.4043
17.702,19.084,0,-0.36866,21.012,2.2776
17.702,19.047,0,-0.37858,20.875,2.1438
17.702,19.009,0,-0.39228,20.743,1.9983
17.702,18.97,0,-0.4201,20.614,1.8105
17.702,18.928,0,-0.4668,20.489,1.5734
17.702,18.881,0,-0.52726,20.369,1.3143
17.702,18.828,0,-0.60011,20.254,1.054
17.702,18.768,0,-0.68899,20.144,0.81219
15.851,18.699,-3.3179,-0.77971,19.447,78.446
15.851,18.621,0,-0.86422,19.166,4.4061
15.851,18.535,0,-0.9487,18.893,3.8136
15.851,18.44,0,-1.0255,18.63,3.2886
14.707,18.338,-1.6651,-1.091,18.144,24.624
14.707,18.229,0,-1.1411,17.787,5.5689
14.413,18.114,-0.98957,-1.1761,17.399,14.008
14.413,17.997,0,-1.2041,17.035,5.4834
14.236,17.876,-0.723,-1.2246,16.663,10.51
14.172,17.754,-0.86315,-1.2405,16.301,11.456
14.172,17.63,0,-1.2633,15.949,4.8499
14.172,17.504,0,-1.2889,15.609,4.3884
14.172,17.375,0,-1.3011,15.283,3.9956
14.172,17.245,0,-1.3053,14.969,3.6477
14.172,17.114,0,-1.3129,14.668,3.3102
14.172,16.983,0,-1.3315,14.38,2.969
14.172,16.85,0,-1.3628,14.106,2.6345
14.172,16.713,0,-1.4092,13.845,2.3244
14.172,16.572,0,-4.4,13.598,78.251
13.189,16.132,-1.4137,-4.4,12.933,43.344
13.189,15.692,0,-4.4,12.661,73.34
12.901,15.252,-1.3351,-4.4,12.385,100.31
12.764,14.812,-1.4067,-4.4,12.169,207.5
12.764,14.372,0,-4.4,11.986,133.38
12.764,13.932,0,-4.4,11.847,186.65
12.764,13.492,0,-4.4,11.752,275.28
12.764,13.052,0,-0.36516,11.701,0
12.764,13.016,0,-4.4,11.674,468.94
12.764,12.576,0,-0.25104,11.671,0
11.918,12.551,-0.7098,-0.27392,11.345,3.782
11.918,12.523,0,-0.29461,11.283,0.62173
11.918,12.494,0,-4.4,11.224,321.01
11.918,12.054,0,-0.13013,11.189,0.015367
11.918,12.041,0,-0.13299,11.176,0
11.918,12.028,0,-0.13411,11.164,0
11.918,12.014,0,-0.12219,11.154,0
11.918,12.002,0,-0.10739,11.145,0
11.918,11.991,0,-0.093115,11.137,0
11.918,11.982,0,-0.072892,11.13,0
11.918,11.975,0,-0.047168,11.124,0.017713
11.918,11.97,0,-0.02031,11.119,0.063571
11.918,11.968,0,0.0021436,11.114,0.10827
11.918,11.968,0,0.018652,11.109,0.14627
11.918,11.97,0,0.035142,11.103,0.18921
11.918,11.973,0,0.048946,11.098,0.23063
11.918,11.978,0,0.061945,11.092,0.27429
12.258,11.985,0.62523,0.07898,11.09,0
12.258,11.992,0,0.096294,11.117,0
12.383,12.002,0.55703,0.1103,11.145,0
12.383,12.013,0,0.12186,11.183,0
12.492,12.025,0.46632,0.13578,11.227,0
12.492,12.039,0,0.14639,11.273,0
12.492,12.054,0,0.15819,11.317,0
12.492,12.069,0,0.17132,11.36,0
12.492,12.086,0,0.1807,11.402,0
12.492,12.105,0,0.1928,11.442,0
12.492,12.124,0,0.20283,11.479,0
12.492,12.144,0,0.20759,11.515,0
12.492,12.165,0,0.21111,11.549,0
12.492,12.186,0,0.21254,11.581,0
12.492,12.207,0,0.21253,11.61,0
12.915,12.228,-0.062817,0.2052,11.953,0
12.915,12.249,0,0.19598,12.021,0
12.885,12.269,-0.17343,0.18489,12.076,0
12.885,12.287,0,0.17413,12.137,0
12.885,12.304,0,0.16316,12.195,0
12.819,12.321,-0.23965,0.15012,12.243,0
12.819,12.336,0,0.13908,12.292,0
12.819,12.35,0,0.12971,12.34,0
12.819,12.363,0,0.11417,12.386,0
12.701,12.374,-0.47131,0.099015,12.42,0.99688
12.701,12.384,0,0.081348,12.452,0
12.701,12.392,0,0.063977,12.484,0
12.701,12.399,0,0.047081,12.514,0
12.701,12.403,0,0.028495,12.544,0
12.701,12.406,0,0.0078647,12.574,0
12.701,12.407,0,-0.012731,12.603,0
12.701,12.406,0,-0.03579,12.633,0
12.701,12.402,0,-0.061413,12.662,0
12.16,12.396,-0.77416,-0.086223,12.46,3.7782
12.16,12.387,0,-0.11485,12.437,0.22397
12.16,12.376,0,-0.13923,12.414,0.15211
11.923,12.362,-0.8735,-0.16211,12.364,4.8843
11.84,12.346,-0.88066,-0.18751,12.322,5.0587
11.753,12.327,-0.99093,-0.2139,12.275,6.1203
11.753,12.306,0,-0.246,12.219,0.61659
11.753,12.281,0,-0.2827,12.165,0.48929
11.753,12.253,0,-0.32098,12.113,0.3646
11.753,12.221,0,-0.35941,12.065,0.24749
11.753,12.185,0,-0.40388,12.02,0.13387
11.753,12.144,0,-0.44954,11.979,0.035303
10.849,12.099,-1.5847,-0.49816,11.65,14.378
10.698,12.049,-1.6034,-0.54533,11.528,14.796
10.698,11.995,0,-0.59913,11.395,1.4023
10.698,11.935,0,-0.65344,11.269,1.169
10.194,11.87,-1.6501,-0.71263,11.057,15.773
10.028,11.798,-1.6201,-5.2,10.889,0
10.028,11.278,0,-0.59548,10.738,1.3131
10.028,11.219,0,-5.2,10.616,2208.9
9.5382,10.699,-1.7087,-0.48442,10.449,15.959
9.5382,10.65,0,-5.2,10.336,3182.1
9.5382,10.13,0,-0.38322,10.25,0.43162
9.5382,10.092,0,-0.44717,10.193,0.27775
9.5382,10.047,0,-5.2,10.14,3180.9
8.6614,9.5274,-1.7717,-0.34915,9.8904,16.651
8.6614,9.4924,0,-0.41046,9.8055,0.8412
8.6614,9.4514,0,-5.2,9.7245,409.05
8.6614,8.9314,0,-0.31118,9.6715,0
8.0052,8.9003,-1.2366,-0.35846,9.4981,9.0469
8.0052,8.8644,0,-5.2,9.4104,210.16
8.0052,8.3444,0,-0.21255,9.3505,0.25444
8.0052,8.3232,0,-0.23698,9.3176,0.17106
8.0052,8.2995,0,-0.25615,9.287,0.097736
8.0052,8.2739,0,-0.27346,9.2588,0.028799
8.0052,8.2465,0,-5.2,9.2334,208.89
7.4821,7.7265,-0.25908,-0.091416,9.025,1.0686
7.4821,7.7174,0,-0.096564,9.001,0.28026
7.4821,7.7077,0,-0.098031,8.9779,0.25692
7.4821,7.6979,0,-0.099113,8.9558,0.23428
7.4821,7.688,0,-0.092847,8.9348,0.22718
7.4821,7.6787,0,-0.092416,8.9146,0.20894
7.4477,7.6695,0.057531,-0.085053,8.846,0.158
7.4477,7.661,0,-5.2,8.8243,132.44
7.464,7.141,0.088442,0.18101,8.8279,0
7.4732,7.1591,0.12047,0.17578,8.8549,0
7.4732,7.1767,0,0.16862,8.8854,0
7.4732,7.1935,0,0.17053,8.9142,0
7.5035,7.2106,0.071945,0.16362,8.9567,0
7.5035,7.2269,0,0.16132,8.9851,0
7.5035,7.2431,0,0.15539,9.012,0
7.518,7.2586,0.0018397,0.14441,9.0351,0
