9.1667,9.1667,-0.58218,0,35.5,2.1681
9.1667,9.1667,0,6.7,35.5,60.872
9.1667,9.8367,0,6.7,35.467,65.492
9.1667,10.507,0,6.7,35.366,70.147
9.1667,11.177,0,-0.13279,35.198,5.376
9.1667,11.163,0,-0.13771,34.998,5.3005
9.1667,11.15,0,-0.14434,34.799,5.2144
9.1667,11.135,0,-0.15173,34.602,5.1225
9.1667,11.12,0,-0.15982,34.406,5.0248
9.1667,11.104,0,-0.16971,34.211,4.9156
9.1667,11.087,0,-0.18086,34.018,4.7974
9.1667,11.069,0,-0.19228,33.827,4.6751
9.1667,11.05,0,-0.20517,33.638,4.5428
9.1667,11.029,0,-0.21821,33.45,4.407
9.1667,11.007,0,-0.23221,33.265,4.2638
9.1667,10.984,0,-0.24766,33.082,4.1111
9.1667,10.959,0,-0.26482,32.902,3.9478
9.1667,10.933,0,-0.28314,32.724,3.7767
9.1667,10.905,0,-0.30163,32.549,3.6024
6.4721,10.874,-2.1335,-0.32181,30.358,51.108
6.4721,10.842,0,-0.34205,29.919,14.093
6.4721,10.808,0,-0.36381,29.484,13.761
5.8418,10.772,-2.0076,-0.38529,28.971,50.876
5.8418,10.733,0,-0.40725,28.48,16.124
5.8418,10.692,0,-0.43064,27.993,15.734
5.2766,10.649,-1.5773,-0.45386,27.432,42.899
5.2766,10.604,0,-0.47687,26.897,17.747
5.2766,10.556,0,-0.49828,26.367,17.327
5.2766,10.506,0,-0.51959,25.841,16.901
5.2766,10.455,0,-0.54018,25.321,16.473
5.2766,10.4,0,-0.55897,24.806,16.054
5.2766,10.345,0,-0.57836,24.296,15.624
5.2766,10.287,0,-0.5976,23.792,15.19
5.2766,10.227,0,-0.61786,23.294,14.743
5.2766,10.165,0,-0.63943,22.802,14.281
4.4298,10.101,-0.62592,-0.66135,21.796,25.56
4.3628,10.035,-0.74815,-0.68629,21.223,27.078
4.3628,9.9665,0,-0.71256,20.659,17.197
4.3628,9.8953,0,-0.7442,20.102,16.586
4.0772,9.8208,-1.3276,-0.78041,19.504,36.332
4.0772,9.7428,0,-0.82026,18.934,16.633
4.0772,9.6608,0,-0.86633,18.371,15.864
3.6228,9.5741,-1.9726,-0.91941,17.746,24.797
3.6228,9.4822,0,-0.9791,17.156,16.319
3.2171,9.3843,-2.3418,-1.0469,16.543,23.921
3.2171,9.2796,0,-1.1241,15.932,16.166
3.2171,9.1672,0,-1.2123,15.331,14.951
3.2171,9.046,0,-1.3089,14.742,13.676
3.2171,8.9151,0,-1.4152,14.166,12.345
3.2171,8.7735,0,-1.536,13.603,10.946
3.2171,8.62,0,-1.6658,13.055,9.5407
3.2171,8.4534,0,-1.8101,12.523,8.136
3.2171,8.2724,0,-1.9652,12.009,6.8049
3.2171,8.0758,0,-2.1383,11.513,5.5965
3.2171,7.862,0,-2.3236,11.038,4.6483
3.2171,7.6297,0,-2.5326,10.585,4.1197
0.43345,7.3764,-1.5406,-5.2,8.4344,6.5437
0.43345,6.8564,0,-5.2,7.7661,2.3584
0.43345,6.3364,0,-5.2,7.1498,1.2924
0.43345,5.8164,0,-8.8,6.5855,0
0.43345,4.9364,0,-8.8,6.0912,0
-0.1331,4.0564,-0.74464,-8.8,5.5485,0
-0.1331,3.1764,0,-8.8,5.1735,0
-0.1331,2.2964,0,-8.8,4.8866,0
-0.1331,1.4164,0,-8.8,4.6876,0
-0.1331,0.53639,0,-8.8,4.5767,0
-0.1331,0,0,-8.8,4.5538,0
-0.1331,0,0,-8.8,4.5844,0
-0.1331,0,0,-8.8,4.6151,0
-0.1331,0,0,-8.8,4.6458,0
-0.1331,0,0,-8.8,4.6765,0
-0.1331,0,0,-8.8,4.7072,0
-0.1331,0,0,-8.8,4.7379,0
-0.1331,0,0,-8.8,4.7686,0
-0.1331,0,0,-8.8,4.7993,0
-0.1331,0,0,-8.8,4.83,0
-0.047252,0,0.42619,-8.8,4.6636,0
-0.047252,0,0,-8.8,4.7028,0
-0.047252,0,0,-8.8,4.7421,0
-0.047252,0,0,-8.8,4.7814,0
-0.047252,0,0,-8.8,4.8207,0
0.084601,0,0.0076319,-8.8,4.9166,0
0.084601,0,0,-8.8,4.9691,0
0.082112,0,-0.17799,-0.17799,5.024,0
0.082112,0,0,-0.31027,5.0331,0
0.026935,0,-0.47877,-0.47877,5.048,0
-0.017342,0,-0.6318,-0.6318,5.0457,0.035551
-0.076537,0,-0.75602,-0.75602,5.0506,0.1569
-0.076537,0,0,-0.75989,5.0467,0
-0.076537,0,0,-0.53056,5.0429,0
-0.076537,0,0,-0.32675,5.0379,0
-0.076537,0,0,-8.8,5.0319,0
-0.076537,0,0,-8.8,5.0682,0
-0.076537,0,0,-8.8,5.1046,0
-0.076537,0,0,0.057362,5.1409,0.27743
-0.076537,0.0057362,0,-8.8,5.133,0
-0.076537,0,0,-8.8,5.1687,0
-0.30667,0,0.0435,0.0435,5.0001,0.62867
-0.30667,0.00435,0,-8.8,4.9692,0
-0.30667,0,0,-8.8,4.9821,0
-0.30667,0,0,-8.8,4.9954,0
-0.30667,0,0,0.064089,5.0087,0.76334
-0.30667,0.0064089,0,-8.8,4.9777,0
-0.30667,0,0,0.068176,4.9904,0.77193
-0.30667,0.0068176,0,-8.8,4.9594,0
-0.30667,0,0,0.056947,4.9721,0.74833
-0.30667,0.0056947,0,-8.8,4.9411,0
-0.30667,0,0,-8.8,4.9539,0
-0.30667,0,0,0.055118,4.9672,0.74449
-0.30667,0.0055118,0,-8.8,4.9363,0
-0.20334,0,0.064552,0.064552,5.0257,0.41684
-0.20334,0.0064552,0,0.063122,5.0051,0.56271
-0.19469,0.012767,0.060005,-8.8,4.9842,0
-0.19756,0,0.060788,0.060788,5.0099,0.40499
-0.19756,0.0060788,0,-8.8,4.9899,0
-0.19756,0,0,0.05566,5.0135,0.52195
-0.19756,0.005566,0,-8.8,4.9935,0
-0.19756,0,0,0.062286,5.0172,0.53587
-0.19756,0.0062286,0,-8.8,4.9971,0
-0.19972,0,0.05577,0.05577,5.0258,0.40943
-0.19009,0.005577,0.055931,0.055931,5.0143,0.40111
-0.19009,0.01117,0,-8.8,4.9945,0
-0.17025,0,0.052712,0.052712,5.0252,0.34902
-0.17025,0.0052712,0,0.058401,5.008,0.48254
-0.17025,0.011111,0,-8.8,4.9901,0
-0.17025,0,0,0.062445,5.016,0.48023
-0.17025,0.0062445,0,0.061552,4.9986,0.49116
-0.17025,0.0124,0,-8.8,4.9807,0
-0.17025,0,0,0.062045,5.0064,0.47939
-0.17025,0.0062045,0,0.059291,4.9891,0.48632
-0.17025,0.012134,0,0.061099,4.9711,0.50228
-0.17025,0.018243,0,0.058665,4.9526,0.50969
-0.17025,0.02411,0,-8.8,4.9334,0
-0.17025,0,0,0.055883,4.958,0.46645
-0.087073,0.0055883,0.055687,-8.8,5.0013,0
-0.087073,0,0,0.051686,5.036,0.2871
-0.087073,0.0051686,0,0.054643,5.0271,0.30391
-0.087073,0.010633,0,0.06018,5.0176,0.32675
-0.087073,0.016651,0,0.060258,5.0075,0.33925
-0.087073,0.022677,0,0.06016,4.9968,0.3514
-0.055924,0.028693,0.068111,-8.8,5.0104,0
-0.055924,0,0,0.063577,5.0459,0.24823
-0.055924,0.0063577,0,0.059748,5.04,0.25322
-0.055924,0.012332,0,0.05899,5.0335,0.26388
-0.025492,0.018231,0.06362,0.06362,5.0132,0.089634
-0.025492,0.024593,0,-8.8,5.0085,0
-0.0061829,0,0.055622,0.055622,5.0484,0.012675
-0.0061829,0.0055622,0,0.05548,5.0475,0.14066
-0.0061829,0.01111,0,0.056318,5.0461,0.15379
-0.0061829,0.016742,0,0.04917,5.0441,0.15032
0.0095847,0.021659,0.059907,0.059907,5.0529,0.024838
0.0095847,0.02765,0,0.060875,5.0514,0.177
0.0095847,0.033737,0,0.058409,5.0493,0.18447
0.0095847,0.039578,0,0.060826,5.0466,0.20341
0.0095847,0.045661,0,0.064976,5.0433,0.22736
0.0095847,0.052158,0,0.059446,5.0393,0.22812
0.0095847,0.058103,0,0.056772,5.0348,0.23477
0.0095847,0.06378,0,-8.8,5.0296,0
0.0095847,0,0,0.049921,5.0682,0.090354
0.0095847,0.0049921,0,0.054772,5.0689,0.11255
0.0095847,0.010469,0,0.052526,5.0691,0.11917
0.10949,0.015722,0.051478,0.051478,5.0917,0
0.10949,0.02087,0,0.058046,5.1009,0
0.10949,0.026674,0,0.062957,5.1094,0
0.13901,0.03297,0.05098,0.05098,5.1301,0
0.13901,0.038068,0,0.058195,5.1404,0
0.15069,0.043887,0.061208,0.061208,5.1578,0
0.15069,0.050008,0,0.080459,5.1682,0
0.15069,0.058054,0,0.16415,5.1779,0.18978
0.18416,0.07447,0.25136,0.25136,5.1875,0
0.18416,0.099605,0,0.3213,5.1972,0.68826
0.18416,0.13174,0,0.37881,5.204,0.98085
0.18416,0.16962,0,0.4051,5.2074,1.1893
0.31862,0.21013,0.41554,0.41554,5.2285,0
0.31862,0.25168,0,0.55704,5.2372,1.6566
0.31862,0.30738,0,0.80897,5.2411,3.0664
0.31862,0.38828,0,1.1032,5.2382,5.0863
0.31862,0.4986,0,1.3897,5.2257,7.4783
0.31862,0.63758,0,-8.8,5.2008,0
0.31862,0,0,1.4829,5.2129,5.928
0.31862,0.14829,0,1.1202,5.2374,4.2264
0.31862,0.26032,0,0.5831,5.2488,1.7991
0.31862,0.31863,0,-0.12874,5.2517,0
0.31862,0.30575,0,-1.0265,5.2523,0
0.31862,0.2031,0,-1.9444,5.2588,0
0.31862,0.0086601,0,-2.7577,5.28,0
0.31862,0,0,-3.4536,5.3248,0
0.31862,0,0,-3.973,5.3739,0
0.31862,0,0,-4.3537,5.4257,0
-0.53234,0,-4.5816,-4.5816,6.0667,1.1542
-0.53234,0,0,-4.6975,6.0364,0
-0.53234,0,0,-4.7303,6.0066,0
-1.9381,0,-4.7378,-4.7378,5.7526,4.036
-2.4096,0,-4.7097,-4.7097,5.5541,5.0025
-2.4096,0,0,-4.7036,5.3367,0
-2.4096,0,0,-4.7748,5.1192,0
-2.4096,0,0,-8.8,4.9021,0
-4.3081,0,-4.8701,-8.8,4.3064,0.63669
-4.3081,0,0,-8.8,3.9196,0
-4.3081,0,0,-8.8,3.5328,0
-4.3081,0,0,-10.128,3.146,0
-4.3081,0,0,-12.289,2.7658,0
-6.6255,0,-3.974,-16.071,1.8144,0
-6.6255,0,0,-24.032,1.2322,0
-6.6255,0,0,-47.833,0.68977,0
-6.6255,0,0,-308.57,0.26638,0
-6.6255,0,0,-38.481,1.1467,0
-8.1045,0,-1.3356,-134.31,0.24698,0
-8.1045,0,0,-343.52,0.10808,0
-8.3584,0,-1.0971,-36.445,0.98821,0
-8.3584,0,0,-113.32,0.33459,0
-8.3584,0,0,-1089.7,0.065356,0
-8.3584,0,0,-9.903,4.6778,0
-8.3584,0,0,-12.142,3.8915,0
-9.0819,0,-1.5751,-15.565,2.9479,0
-9.2451,0,-1.5073,-21.777,2.1083,0
-9.2451,0,0,-35.652,1.2927,0
-9.2451,0,0,-87.646,0.54644,0
-9.2451,0,0,-4388.3,0.060165,0
-9.2451,0,0,7.8,21.077,35.405
-9.2451,0.78,0,-1.7669,20.114,16.902
-10.18,0.60331,-1.8042,-1.8042,18.869,22.169
-10.18,0.42288,0,-1.7344,17.8,18.154
-10.18,0.24944,0,-1.4413,16.748,18.415
-10.681,0.10531,-0.99709,-0.99709,15.643,22.174
-10.775,0.0056025,-0.43677,-0.43677,14.569,22.164
-10.775,0,0,0.049888,13.493,22.257
-10.775,0.0049888,0,0.39376,12.416,22.99
-10.775,0.044365,0,0.61378,11.336,23.533
-10.775,0.10574,0,0.72148,10.251,23.885
-10.775,0.17789,0,0.82817,9.1589,24.257
-10.775,0.26071,0,0.97787,8.0594,24.742
-10.775,0.3585,0,1.1647,6.951,25.334
-10.336,0.47496,1.3004,1.3004,5.9472,22.226
-10.336,0.60501,0,-10.647,4.8595,0.11984
-10.336,0,0,-11.817,3.8186,0
-10.336,0,0,-15.649,2.8441,0
-10.336,0,0,-22.898,1.8887,0
-10.336,0,0,-40,0.96951,0
-9.5511,0,1.1609,-122.63,0.36845,0
-9.5511,0,0,-1601.1,0.026504,0
-9.3169,0,1.1105,1.1105,7.0976,19.163
-9.3169,0.11105,0,1.1047,6.1604,21.711
-9.3169,0.22152,0,1.0907,5.212,21.909
-8.9855,0.33059,1.0412,-9.0793,4.2878,0
-8.9855,0,0,-10.551,3.4016,0
-8.9855,0,0,-13.931,2.5558,0
-8.9855,0,0,-20.287,1.7269,0
-8.9855,0,0,-35.392,0.92977,0
-8.5064,0,0.93217,-108.81,0.32966,0
-8.4146,0,0.94055,-1056.9,0.033467,0
-8.4146,0,0,-8.8,4.4766,0
-8.2178,0,0.9516,-8.8,3.6873,0
-8.2178,0,0,-10.371,2.9095,0
-8.2178,0,0,-13.957,2.1396,0
-8.2178,0,0,-21.191,1.3876,0
-8.2178,0,0,-40.669,0.67177,0
-8.2178,0,0,-179.21,0.053333,0
-8.2178,0,0,-102.69,0.1276,0
-8.2178,0,0,-702.63,-0.18075,0
-8.2178,0,0,-9.249,2.5106,0
-8.2178,0,0,-12.292,1.7351,0
-8.2178,0,0,-17.988,0.97478,0
-8.2178,0,0,-32.196,0.24294,0
-7.2076,0,0.54429,-104.1,0.24823,0
-7.2076,0,0,-620.35,0.047954,0
-7.2076,0,0,-9.8264,2.429,0
-7.0491,0,0.5509,-13.468,1.7722,0
-7.0029,0,0.5995,-21.125,1.1287,0
-7.0029,0,0,-44.203,0.53405,0
-7.0029,0,0,-389.08,0.05477,0
-7.0029,0,0,-16.83,1.2999,0
-7.0029,0,0,-30.867,0.68373,0
-6.6875,0,0.54116,-105.85,0.21018,0
-6.6875,0,0,-268.17,0.070684,0
-6.6875,0,0,-28.355,0.74281,0
-6.6875,0,0,-88.218,0.21583,0
-6.6875,0,0,-585.84,-0.011822,0
-6.6875,0,0,-8.9471,2.2486,0
-6.6875,0,0,-12.086,1.6246,0
-6.6875,0,0,-18.249,1.0163,0
-6.6875,0,0,-35.224,0.43878,0
-6.6875,0,0,-162.46,-0.053854,0
-6.4882,0,-0.10308,-71.295,0.29565,0
-6.4888,0,-0.12858,9.8,1,34.227
-6.4888,0.98,0,-95.901,0.30212,0
-6.4888,0,0,-1015,0.034746,0
-6.4888,0,0,-8.8,4.4611,0
-6.4888,0,0,-8.8,3.8562,0
-6.4888,0,0,-8.8,3.2513,0
-6.4888,0,0,-8.8,2.6465,0
-6.4888,0,0,-10.914,2.0416,0
-6.4888,0,0,-15.664,1.4473,0
-6.4888,0,0,-26.9,0.87671,0
-6.4888,0,0,-74.057,0.36233,0
-6.4888,0,0,-1702.8,0.083732,0
-6.4888,0,0,0.26403,7.9491,13.92
-6.5455,0.026403,0.29938,0.29938,7.2233,13.535
-6.5455,0.056341,0,0.29764,6.5646,14.222
-6.5455,0.086105,0,0.2416,5.9029,14.165
-6.5455,0.11027,0,0.14893,5.2386,14.02
-6.5455,0.12516,0,-8.8,4.5722,0
-6.4563,0,-0.11766,-8.8,3.9619,0
-6.4563,0,0,-8.8,3.3603,0
-6.4563,0,0,-8.8079,2.7587,0
-6.4563,0,0,-12.38,2.1571,0
-6.4563,0,0,-18.519,1.5733,0
-6.4563,0,0,-31.933,1.0203,0
-6.4563,0,0,-87.986,0.53432,0
-6.4563,0,0,9.8,1.3295,33.891
-6.4563,0.98,0,-437.6,0.63489,0
-9.4543,0,-6.9598,-41.554,1.2919,0
-9.4543,0,0,-105.82,0.55421,0
-9.4543,0,0,9.8,1.1438,40.036
-9.4543,0.98,0,9.8,1.3179,42.045
-9.4543,1.96,0,9.8,1.58,44.054
-9.4543,2.94,0,9.8,1.9134,46.063
-13.951,3.92,-7.7944,9.8,1,73.668
-14.723,4.9,-7.8127,9.8,1,77.298
-14.723,5.88,0,9.8,1.0302,62.891
-16.286,6.86,-7.7819,9.8,1,84.457
-17.062,7.84,-7.7404,9.8,1,87.968
-17.062,8.82,0,9.8,1.0431,73.712
-18.605,9.8,-7.5597,9.8,1,94.771
-19.357,10.78,-7.2156,9.8,1,97.598
-19.357,11.76,0,9.8,1.0413,84.445
-19.357,12.74,0,9.8,1.1392,86.454
-21.385,13.72,-5.6824,9.8,1,104.56
-21.385,14.7,0,9.8,1.0193,94.629
-22.458,15.68,-4.7281,9.8,1,108.77
-22.458,16.66,0,9.8,1.026,100.85
-22.458,17.64,0,9.8,1.1051,102.86
-22.458,18.62,0,9.8,1.21,104.87
-22.458,19.6,0,9.8,1.3681,106.87
-22.458,20.58,0,9.8,1.5536,108.88
-22.458,21.56,0,9.8,1.7607,110.89
-22.458,22.54,0,9.8,2.0069,112.9
-22.458,23.52,0,9.8,2.2724,114.91
-22.458,24.5,0,9.8,2.5608,116.92
-22.458,25.48,0,9.8,2.8797,118.93
-22.458,26.46,0,9.8,3.2063,120.94
-22.458,27.44,0,9.8,3.531,122.95
-22.458,28.42,0,9.8,3.8553,124.96
-22.458,29.4,0,9.8,4.1766,126.96
-25.75,30.38,-0.14266,9.8,1,136.02
-25.75,31.36,0,9.8,1.0022,137.73
-25.75,32.34,0,9.8,1.0025,139.74
-25.75,33.32,0,9.8,1.0101,141.75
-25.75,34.3,0,9.8,1.0156,143.76
-25.75,35.28,0,9.8,1.0158,145.77
-25.75,36.26,0,9.8,1.0283,147.78
-25.75,37.24,0,9.8,1.0336,149.79
-25.75,38.22,0,9.8,1.0584,151.79
-25.75,39.2,0,9.8,1.0713,153.8
-25.75,40.18,0,9.8,1.0962,155.81
-25.75,41.16,0,9.8,1.1258,157.82
-25.75,42.14,0,9.8,1.1457,159.83
-26.066,43.12,-0.15003,9.8,1,162.8
-26.066,44.1,0,9.8,1.0005,164.5
-26.066,45.08,0,9.8,1.0083,166.5
-26.066,46.06,0,9.8,1.0163,168.51
-26.066,47.04,0,9.8,1.023,170.52
-26.062,48.02,-0.25973,9.8,1,173.07
-26.062,49,0,9.8,1.0008,174.53
-26.062,49.98,0,9.8,0.99924,176.54
-26.062,50.96,0,9.8,1.0027,178.55
-26.062,51.94,0,9.8,1.0228,180.56
-26.062,52.92,0,9.8,1.055,182.57
-26.363,53.9,-0.038625,9.8,1,185.28
-26.375,54.88,-0.17419,9.8,1,187.59
-26.375,55.86,0,9.8,1.0016,189.24
-26.375,56.84,0,9.8,1.0068,191.25
-26.442,57.82,-0.27292,9.8,1,193.96
-26.442,58.8,0,9.8,0.99895,195.4
-26.494,59.78,-0.26211,9.8,1,198.07
-26.494,60.76,0,9.8,1.0006,199.53
-26.494,61.74,0,9.8,1.0102,201.53
-26.494,62.72,0,9.8,1.0256,203.54
-26.609,63.7,-0.2665,9.8,1,206.35
-26.609,64.68,0,9.8,1.0057,207.8
-26.609,65.66,0,9.8,1.0011,209.81
-26.609,66.64,0,9.8,1.0123,211.82
-26.609,67.62,0,9.8,1.0235,213.82
-26.609,68.6,0,9.8,1.0445,215.83
-26.609,69.58,0,9.8,1.0583,217.84
-26.609,70.56,0,9.8,1.0667,219.85
-26.609,71.54,0,9.8,1.0839,221.86
-26.609,72.52,0,9.8,1.1168,223.87
-26.609,73.5,0,9.8,1.1509,225.88
-26.609,74.48,0,9.8,1.1759,227.89
-26.609,75.46,0,9.8,1.2016,229.9
-26.609,76.44,0,9.8,1.2381,231.91
-26.609,77.42,0,9.8,1.2693,233.91
-26.609,78.4,0,9.8,1.3061,235.92
-27.023,79.38,-0.26256,9.8,1,239.33
-27.047,80.36,-0.25969,9.8,1,241.38
-27.047,81.34,0,9.8,0.99973,242.85
-27.047,82.32,0,9.8,1.0002,244.86
-27.047,83.3,0,9.8,1.0087,246.87
-27.047,84.28,0,9.8,1.0098,248.87
-27.047,85.26,0,9.8,1.0129,250.88
-27.047,86.24,0,9.8,1.0287,252.89
-27.047,87.22,0,9.8,1.0535,254.9
-27.047,88.2,0,9.8,1.0756,256.91
-27.047,89.18,0,9.8,1.0971,258.92
-27.047,90.16,0,9.8,1.1122,260.93
-27.047,91.14,0,9.8,1.1469,262.94
-27.047,92.12,0,9.8,1.1677,264.95
-27.047,93.1,0,9.8,1.2039,266.96
-27.047,94.08,0,9.8,1.2327,268.96
-27.047,95.06,0,9.8,1.2698,270.97
-27.047,96.04,0,9.8,1.2978,272.98
-27.047,97.02,0,9.8,1.3234,274.99
-27.304,98,0.38577,9.8,1,276.72
-27.27,98.98,0.41055,9.8,1,278.6
-27.27,99.96,0,9.8,1.0011,281.48
-27.27,100.94,0,9.8,0.9864,283.48
-27.27,101.92,0,9.8,0.974,285.49
-27.27,102.9,0,9.8,0.95659,287.5
-26.97,103.88,1.09,9.8,1,286.61
-26.871,104.86,1.4288,9.8,1,287.7
-26.871,105.84,0,9.8,0.99948,292.71
-26.871,106.82,0,9.8,0.98224,294.72
-26.871,107.8,0,9.8,0.93885,296.73
-26.871,108.78,0,9.8,0.87332,298.74
-26.871,109.76,0,9.8,0.79183,300.75
-26.871,110.74,0,9.8,0.68812,302.76
-25.375,111.72,2.5549,9.8,1,296.33
-25.375,112.7,0,9.8,0.99484,303.71
-25.375,113.68,0,9.8,0.94833,305.72
-24.637,114.66,2.1839,9.8,1,301.63
-24.637,115.64,0,9.8,0.98441,308.22
-24.637,116.62,0,9.8,0.95645,310.23
-24.637,117.6,0,9.8,0.9049,312.24
-24.637,118.58,0,9.8,0.83969,314.25
-23.747,119.56,1.0112,9.8,1,312.31
-23.747,120.54,0,9.8,0.9867,316.44
-23.634,121.52,-0.84341,9.8,1,319.99
-23.634,122.5,0,9.8,1.0141,320.23
-23.634,123.48,0,9.8,1.023,322.24
-23.634,124.46,0,9.8,1.0698,324.25
-23.634,125.44,0,9.8,1.1307,326.26
-23.634,126.42,0,9.8,1.2281,328.27
-23.634,127.4,0,9.8,1.333,330.28
-23.634,128.38,0,9.8,1.447,332.28
-23.634,129.36,0,9.8,1.5804,334.29
-24.825,130.34,1.3859,9.8,1,335.83
-24.825,131.32,0,9.8,0.98686,340.75
-24.507,132.3,1.9789,9.8,1,337.95
-24.507,133.28,0,9.8,0.98469,344.12
-24.507,134.26,0,9.8,0.94837,346.13
-23.876,135.24,2.0949,9.8,1,342.44
-23.876,136.22,0,9.8,0.98476,348.85
-23.876,137.2,0,9.8,0.95574,350.86
-23.247,138.18,2.0021,9.8,1,347.37
-23.247,139.16,0,9.8,0.98304,353.59
-23.247,140.14,0,9.8,0.94358,355.6
-23.247,141.12,0,9.8,0.88799,357.61
-23.247,142.1,0,9.8,0.81277,359.62
-23.247,143.08,0,9.8,0.73608,361.62
-23.247,144.06,0,9.8,0.64014,363.63
-23.247,145.04,0,9.8,0.51758,365.64
-23.247,146.02,0,9.8,0.38804,367.65
-23.247,147,0,9.8,0.2373,369.66
-23.247,147.98,0,9.8,0.073137,371.67
-23.247,148.96,0,9.8,-0.094607,373.68
-23.247,149.94,0,9.8,-0.27604,375.69
-21.237,150.92,0.62285,9.8,1,372.27
-21.237,151.9,0,9.8,1.0012,375.59
-21.237,152.88,0,9.8,0.99544,377.59
-21.089,153.86,0.43698,9.8,1,378.38
-21.089,154.84,0,9.8,0.99388,381.31
-21.089,155.82,0,9.8,0.97996,383.32
-21.089,156.8,0,9.8,0.98022,385.33
-20.918,157.78,0.43447,9.8,1,386.07
-20.918,158.76,0,9.8,1.0018,389
-20.918,159.74,0,9.8,0.99888,391.01
-20.918,160.72,0,9.8,0.99082,393.01
-20.918,161.7,0,9.8,0.98047,395.02
-20.918,162.68,0,9.8,0.9581,397.03
-20.918,163.66,0,9.8,0.92542,399.04
-20.918,164.64,0,9.8,0.89099,401.05
-20.918,165.62,0,9.8,0.83877,403.06
-20.918,166.6,0,9.8,0.77944,405.07
-20.918,167.58,0,9.8,0.71373,407.08
-20.918,168.56,0,9.8,0.63947,409.09
-20.918,169.54,0,9.8,0.56787,411.1
-20.918,170.52,0,9.8,0.4806,413.1
-20.918,171.5,0,9.8,0.39348,415.11
-20.918,172.48,0,9.8,0.29636,417.12
-20.918,173.46,0,9.8,0.20324,419.13
-20.918,174.44,0,9.8,0.10733,421.14
-20.918,175.42,0,9.8,0.013295,423.15
-19.802,176.4,0.58729,9.8,1,421.64
-19.802,177.38,0,9.8,0.99346,424.88
-19.802,178.36,0,9.8,0.9937,426.89
-19.802,179.34,0,9.8,0.97825,428.9
-19.802,180.32,0,9.8,0.95495,430.91
-19.802,181.3,0,9.8,0.91831,432.92
-19.802,182.28,0,9.8,0.88427,434.92
-19.802,183.26,0,9.8,0.82891,436.93
-19.802,184.24,0,9.8,0.76623,438.94
-19.802,185.22,0,9.8,0.70852,440.95
-19.802,186.2,0,9.8,0.64821,442.96
-19.802,187.18,0,9.8,0.58815,444.97
-19.802,188.16,0,9.8,0.52701,446.98
-19.802,189.14,0,9.8,0.46293,448.99
-19.802,190.12,0,9.8,0.38894,451
-19.802,191.1,0,9.8,0.31759,453.01
-19.802,192.08,0,9.8,0.23539,455.01
-19.802,193.06,0,9.8,0.1568,457.02
-19.802,194.04,0,9.8,0.071832,459.03
-19.802,195.02,0,9.8,-0.012724,461.04
-19.802,196,0,9.8,-0.091339,463.05
-19.802,196.98,0,9.8,-0.16338,465.06
-19.802,197.96,0,9.8,-0.23778,467.07
-19.802,198.94,0,9.8,-0.30523,469.08
-19.187,199.92,-0.30991,9.8,1,470.48
