14.722,14.722,0.24087,0,35.5,0
14.722,14.722,0,0.019362,35.5,0.041623
14.722,14.724,0,0.033645,35.5,0.077655
14.722,14.728,0,0.043488,35.5,0.10754
14.722,14.732,0,0.052152,35.499,0.13741
14.722,14.737,0,0.058173,35.498,0.16334
14.722,14.743,0,0.065935,35.496,0.19527
14.722,14.749,0,0.066218,35.493,0.21071
14.722,14.756,0,0.074607,35.49,0.24678
14.722,14.764,0,0.077175,35.487,0.27033
14.891,14.771,-0.051085,0.069052,35.549,0.015901
14.891,14.778,0,0.056685,35.561,0
14.891,14.784,0,0.045171,35.572,0
14.891,14.788,0,0.038712,35.582,0
14.891,14.792,0,0.031326,35.592,0
14.891,14.795,0,0.019227,35.602,0
14.891,14.797,0,0.0094279,35.612,0
14.891,14.798,0,0.00090555,35.621,0
14.891,14.798,0,-0.0010445,35.63,0
14.891,14.798,0,-0.00052182,35.64,0
14.891,14.798,0,-0.001174,35.649,0
14.891,14.798,0,-0.00062206,35.658,0
14.891,14.798,0,-0.00092869,35.668,0
14.891,14.798,0,-0.0016362,35.677,0
14.891,14.798,0,-0.0010536,35.686,0
14.891,14.798,0,-0.00084337,35.696,0
14.891,14.798,0,-0.00092218,35.705,0
14.788,14.797,0.0096188,-0.00076231,35.557,0
14.793,14.797,0.05047,-0.00032433,35.549,0
14.793,14.797,0,0.0062133,35.549,0.021621
14.793,14.798,0,0.012278,35.548,0.036002
14.819,14.799,0.08813,0.011175,35.553,0
14.819,14.8,0,0.015426,35.555,0
14.819,14.802,0,0.021502,35.557,0.011121
14.819,14.804,0,0.024759,35.558,0.022707
14.819,14.807,0,0.031792,35.56,0.043456
14.819,14.81,0,0.032031,35.561,0.050713
14.819,14.813,0,0.031801,35.561,0.056986
14.819,14.816,0,0.028933,35.562,0.057292
14.819,14.819,0,0.026315,35.562,0.057559
14.819,14.822,0,0.02292,35.562,0.055552
14.819,14.824,0,0.022919,35.561,0.060388
14.819,14.826,0,0.024628,35.561,0.069056
14.819,14.829,0,0.023953,35.56,0.072761
14.819,14.831,0,0.034771,35.559,0.10248
14.819,14.835,0,0.042176,35.557,0.12722
14.819,14.839,0,0.052776,35.556,0.16166
14.819,14.844,0,0.065028,35.553,0.20333
14.819,14.851,0,0.084509,35.55,0.26743
14.819,14.859,0,0.10217,35.547,0.33361
14.819,14.869,0,0.11964,35.542,0.40569
14.819,14.881,0,0.13784,35.537,0.48649
14.819,14.895,0,0.1548,35.53,0.5707
14.819,14.91,0,0.1705,35.521,0.65779
14.819,14.927,0,0.18752,35.511,0.75563
14.819,14.946,0,0.19932,35.499,0.84336
14.819,14.966,0,0.19948,35.486,0.89679
14.819,14.986,0,0.20121,35.47,0.956
14.819,15.006,0,0.19959,35.452,1.0047
14.819,15.026,0,0.19534,35.433,1.0441
15.377,15.046,0.035341,0.18698,36.022,0
15.377,15.064,0,0.18296,36.055,0
15.377,15.083,0,0.17223,36.085,0
15.377,15.1,0,0.16207,36.113,0
15.377,15.116,0,0.14951,36.14,0
15.377,15.131,0,0.1377,36.166,0
15.377,15.145,0,0.12258,36.19,0
15.377,15.157,0,0.10007,36.212,0
15.377,15.167,0,0.08183,36.234,0
15.377,15.175,0,0.071817,36.254,0
15.377,15.182,0,0.053824,36.274,0
15.25,15.188,-0.21173,0.034917,36.288,0.51209
15.25,15.191,0,0.0238,36.294,0
15.221,15.194,-0.19056,0.01552,36.302,0.47246
15.221,15.195,0,0.006775,36.304,0
15.221,15.196,0,9.6832e-05,36.307,0
15.221,15.196,0,-0.0022676,36.31,0
15.221,15.196,0,-0.0041214,36.312,0
15.12,15.195,-0.22811,-0.0059231,36.265,0.79659
15.12,15.195,0,-0.0080779,36.257,0.13905
15.12,15.194,0,-0.009913,36.25,0.13323
15.12,15.193,0,-0.01169,36.242,0.12718
15.12,15.192,0,-0.013015,36.235,0.12178
15.12,15.19,0,-0.013763,36.228,0.11739
15.12,15.189,0,-0.014959,36.221,0.11187
15.12,15.188,0,-0.017098,36.214,0.10406
15.12,15.186,0,-0.017723,36.207,0.099128
14.949,15.184,-0.22148,-0.018512,36.106,1.1667
14.929,15.182,-0.28076,-0.019937,36.086,1.4478
14.929,15.18,0,-0.02258,36.061,0.49165
14.866,15.178,-0.20001,-0.024629,36.024,1.2792
14.866,15.176,0,-0.026381,35.993,0.61657
14.866,15.173,0,-0.027111,35.962,0.60842
14.82,15.17,-0.079414,-0.027822,35.917,0.94986
14.815,15.167,-0.10983,-0.027994,35.884,1.0544
14.804,15.165,-0.15122,-0.02871,35.855,1.2204
14.804,15.162,0,-0.030294,35.819,0.72125
14.804,15.159,0,-0.031456,35.783,0.71078
14.804,15.156,0,-0.032766,35.748,0.69965
14.712,15.152,-0.38436,-0.03516,35.728,2.4569
14.712,15.149,0,-0.038597,35.684,0.887
14.625,15.145,-0.476,-0.041744,35.63,3.2127
14.625,15.141,0,-0.04567,35.579,1.0641
14.625,15.136,0,-0.049297,35.527,1.0415
14.625,15.131,0,-0.05263,35.476,1.019
14.625,15.126,0,-0.057033,35.426,0.99263
14.625,15.12,0,-0.060249,35.376,0.96892
14.625,15.114,0,-0.064001,35.327,0.943
14.625,15.108,0,-0.068479,35.278,0.91427
14.214,15.101,-0.59004,-0.072747,35.098,5.2284
14.214,15.094,0,-0.077964,35.01,1.9284
14.214,15.086,0,-0.082436,34.922,1.89
14.214,15.078,0,-0.087782,34.836,1.8475
14.214,15.069,0,-0.092586,34.75,1.8058
14.214,15.06,0,-0.09776,34.665,1.7618
13.828,15.05,-0.58878,-0.10283,34.472,6.4529
13.828,15.04,0,-0.10709,34.35,2.7922
13.828,15.029,0,-0.11144,34.23,2.7411
13.828,15.018,0,-0.11675,34.11,2.6851
13.828,15.006,0,-0.12119,33.992,2.6314
13.828,14.994,0,-0.12667,33.875,2.5727
13.828,14.981,0,-0.13171,33.759,2.5145
13.828,14.968,0,-0.13636,33.644,2.4569
13.828,14.954,0,-0.14161,33.531,2.396
13.828,14.94,0,-0.14721,33.419,2.3328
13.225,14.926,-0.58209,-0.15233,33.016,8.2036
13.173,14.91,-0.57786,-0.15677,32.853,8.3063
13.173,14.895,0,-0.16202,32.68,4.2013
13.173,14.878,0,-0.16666,32.509,4.1235
13.173,14.862,0,-0.17139,32.339,4.0442
13.173,14.845,0,-0.17703,32.171,3.9596
13.173,14.827,0,-0.18137,32.005,3.8798
12.84,14.809,-0.50203,-0.18672,31.734,8.4928
12.84,14.79,0,-0.19157,31.538,4.8476
12.84,14.771,0,-0.19646,31.344,4.7547
12.84,14.751,0,-0.20081,31.152,4.6634
12.84,14.731,0,-0.20449,30.962,4.5747
12.629,14.711,-0.26604,-0.20677,30.725,6.9742
12.629,14.69,0,-0.20993,30.518,5.1486
12.576,14.669,-0.21513,-0.21185,30.316,6.6238
12.576,14.648,0,-0.21342,30.108,5.1678
12.576,14.627,0,-0.21584,29.902,5.0783
12.576,14.605,0,-0.21791,29.698,4.9903
12.576,14.583,0,-0.22026,29.496,4.9006
12.576,14.561,0,-0.22284,29.296,4.8095
12.576,14.539,0,-0.22459,29.099,4.7223
12.576,14.516,0,-0.22639,28.904,4.6347
12.576,14.494,0,-0.22695,28.711,4.5532
12.576,14.471,0,-0.22623,28.52,4.4784
12.576,14.449,0,-0.22524,28.332,4.4054
12.458,14.426,0.39948,-0.22233,28.054,2.9628
12.503,14.404,0.47639,-0.21678,27.864,2.5515
12.544,14.382,0.5555,-0.21178,27.669,2.1902
12.544,14.361,0,-0.20487,27.487,4.3167
12.544,14.34,0,-0.1959,27.306,4.2906
12.544,14.321,0,-0.18654,27.127,4.2696
12.544,14.302,0,-0.17698,26.951,4.2528
12.544,14.284,0,-0.1689,26.776,4.2319
12.932,14.268,0.64478,-0.16131,26.743,1.093
12.932,14.251,0,-0.15251,26.61,2.9332
13.064,14.236,0.601,-0.14339,26.508,0.90229
13.12,14.222,0.58844,-0.13564,26.391,0.81193
13.12,14.208,0,-0.12687,26.281,2.3439
13.236,14.196,0.52494,-0.11928,26.198,0.68065
13.281,14.184,0.50269,-0.11272,26.115,0.62463
13.281,14.172,0,-0.1067,26.026,1.8573
13.281,14.162,0,-0.098791,25.937,1.856
13.281,14.152,0,-0.092158,25.849,1.8525
13.281,14.143,0,-0.08433,25.763,1.8551
13.523,14.134,0.47273,-0.077805,25.748,0.23857
13.523,14.126,0,-0.070802,25.688,1.2082
13.523,14.119,0,-0.064672,25.628,1.2093
13.523,14.113,0,-0.057625,25.568,1.2151
13.523,14.107,0,-0.050878,25.51,1.2217
13.523,14.102,0,-0.044314,25.451,1.2296
13.523,14.098,0,-0.039476,25.394,1.2337
13.523,14.094,0,-0.034603,25.337,1.2391
13.523,14.09,0,-0.030846,25.28,1.2423
13.523,14.087,0,-0.025927,25.223,1.2503
13.92,14.085,0.24906,-0.02134,25.38,0
13.92,14.082,0,-0.017149,25.363,0.30593
13.963,14.081,0.18192,-0.015376,25.348,0
13.963,14.079,0,-0.013116,25.337,0.21631
13.963,14.078,0,-0.010196,25.325,0.22027
13.963,14.077,0,-0.007988,25.313,0.22322
13.963,14.076,0,-0.0066941,25.302,0.22451
13.963,14.075,0,-0.0054806,25.291,0.22591
13.963,14.075,0,-0.0051711,25.28,0.22545
13.963,14.074,0,-0.0028104,25.268,0.22988
13.963,14.074,0,0.00033956,25.257,0.23671
13.963,14.074,0,0.011745,25.246,0.26416
13.963,14.075,0,0.021875,25.235,0.29162
13.963,14.077,0,0.032664,25.223,0.32359
14.188,14.081,0.33664,0.049486,25.298,0
14.225,14.086,0.33128,0.063977,25.308,0
14.225,14.092,0,0.076362,25.321,0
14.225,14.1,0,0.088424,25.334,0
14.225,14.108,0,0.09971,25.346,0
14.225,14.118,0,0.10591,25.357,0.012126
14.225,14.129,0,0.11295,25.367,0.052279
14.225,14.14,0,0.12662,25.376,0.1113
14.225,14.153,0,0.13087,25.384,0.15081
14.225,14.166,0,0.13417,25.391,0.18933
14.481,14.18,0.27165,0.13815,25.498,0
14.481,14.193,0,0.14829,25.528,0
14.481,14.208,0,0.15269,25.556,0
14.481,14.223,0,0.15613,25.582,0
14.481,14.239,0,0.16022,25.607,0
14.481,14.255,0,0.16481,25.631,0
14.481,14.272,0,0.17164,25.653,0
14.481,14.289,0,0.17218,25.673,0
14.691,14.306,0.21159,0.17535,25.782,0
14.691,14.323,0,0.17376,25.82,0
14.691,14.341,0,0.17255,25.856,0
14.691,14.358,0,0.17677,25.89,0
14.691,14.376,0,0.17475,25.922,0
14.691,14.393,0,0.17476,25.953,0
14.691,14.411,0,0.17826,25.981,0
14.691,14.429,0,0.17583,26.009,0
14.691,14.446,0,0.18142,26.034,0
14.691,14.464,0,0.18039,26.057,0
14.879,14.482,0.24001,0.17955,26.172,0
14.879,14.5,0,0.1827,26.211,0
14.879,14.519,0,0.18767,26.248,0
14.879,14.537,0,0.18663,26.283,0
14.879,14.556,0,0.18927,26.317,0
14.879,14.575,0,0.19417,26.348,0
15.026,14.594,0.20788,0.19474,26.438,0
15.026,14.614,0,0.19942,26.48,0
15.026,14.634,0,0.20244,26.52,0
15.026,14.654,0,0.20442,26.558,0
15.026,14.674,0,0.20157,26.595,0
15.026,14.695,0,0.20032,26.629,0
15.026,14.715,0,0.19955,26.661,0
15.026,14.735,0,0.19699,26.691,0
15.026,14.754,0,0.19819,26.719,0
15.026,14.774,0,0.20082,26.745,0
15.026,14.794,0,0.20194,26.77,0
15.026,14.814,0,0.19637,26.792,0
15.277,14.834,0.23848,0.19786,26.996,0
15.277,14.854,0,0.19654,27.039,0
15.277,14.873,0,0.20222,27.08,0
15.346,14.894,0.28327,0.20149,27.127,0
15.346,14.914,0,0.20228,27.171,0
15.346,14.934,0,0.20334,27.213,0
15.346,14.954,0,0.21097,27.253,0
15.346,14.975,0,0.21558,27.292,0
15.346,14.997,0,0.217,27.327,0
15.525,15.019,0.29552,0.22467,27.41,0
15.525,15.041,0,0.22324,27.459,0
15.525,15.063,0,0.22365,27.506,0
15.525,15.086,0,0.22719,27.551,0
15.525,15.109,0,0.22715,27.594,0
15.525,15.131,0,0.23302,27.635,0
15.525,15.155,0,0.23765,27.673,0
15.525,15.178,0,0.24414,27.709,0
15.525,15.203,0,0.24832,27.742,0
15.525,15.228,0,0.25459,27.773,0
15.525,15.253,0,0.25863,27.802,0.025076
15.525,15.279,0,0.26383,27.827,0.10063
15.525,15.305,0,0.26712,27.851,0.17341
15.525,15.332,0,0.26679,27.871,0.23758
15.525,15.359,0,0.26641,27.889,0.30226
15.525,15.385,0,0.27246,27.905,0.38718
15.525,15.413,0,0.27231,27.917,0.4558
15.525,15.44,0,0.2726,27.927,0.52654
15.525,15.467,0,0.27957,27.934,0.61992
15.525,15.495,0,0.28054,27.939,0.69682
15.525,15.523,0,0.28403,27.94,0.78352
16.206,15.552,0.33319,0.28481,28.632,0
16.206,15.58,0,0.28438,28.696,0
16.206,15.608,0,0.28388,28.757,0
16.206,15.637,0,0.28636,28.815,0
16.206,15.665,0,0.28575,28.871,0
16.206,15.694,0,0.28381,28.923,0
16.206,15.722,0,0.28487,28.973,0
16.206,15.751,0,0.28111,29.02,0
16.206,15.779,0,0.27894,29.064,0
16.46,15.807,0.26483,0.28202,29.253,0
16.46,15.835,0,0.28085,29.317,0
16.51,15.863,0.27139,0.27884,29.39,0
16.51,15.891,0,0.27624,29.453,0
16.51,15.919,0,0.27666,29.514,0
16.51,15.946,0,0.2768,29.572,0
16.51,15.974,0,0.27306,29.627,0
16.51,16.001,0,0.26949,29.679,0
16.51,16.028,0,0.2677,29.728,0
16.674,16.055,0.1805,0.26483,29.827,0
16.674,16.082,0,0.26393,29.888,0
16.674,16.108,0,0.25736,29.946,0
16.674,16.134,0,0.25102,30.001,0
16.674,16.159,0,0.23789,30.054,0
16.706,16.183,-0.092772,0.22293,30.11,0
16.706,16.205,0,0.20819,30.161,0
16.688,16.226,-0.15797,0.1965,30.192,0
16.663,16.245,-0.14757,0.17734,30.24,0
16.663,16.263,0,0.16629,30.281,0
16.651,16.28,-0.11809,0.15771,30.316,0
16.651,16.295,0,0.14777,30.353,0
16.651,16.31,0,0.13582,30.387,0
16.651,16.324,0,0.12387,30.421,0
16.651,16.336,0,0.1201,30.453,0
16.617,16.348,-0.029315,0.11359,30.478,0
16.617,16.36,0,0.10395,30.505,0
16.617,16.37,0,0.097221,30.53,0
16.617,16.38,0,0.089879,30.554,0
16.617,16.389,0,0.089764,30.577,0
16.617,16.398,0,0.091319,30.6,0
16.617,16.407,0,0.084865,30.621,0
16.617,16.415,0,0.080395,30.642,0
16.617,16.423,0,0.075611,30.661,0
16.573,16.431,-0.79084,0.059975,30.688,3.2714
16.573,16.437,0,0.020762,30.702,0
16.573,16.439,0,-0.0055205,30.715,0
16.573,16.438,0,-0.014801,30.729,0
16.573,16.437,0,-0.023464,30.742,0
16.573,16.435,0,-0.028996,30.756,0
16.573,16.432,0,-0.029333,30.77,0
16.573,16.429,0,-0.030116,30.784,0
16.573,16.426,0,-0.031457,30.799,0
16.573,16.423,0,-0.032526,30.814,0
16.573,16.419,0,-0.0322,30.829,0
16.573,16.416,0,-0.032223,30.844,0
16.573,16.413,0,-0.031512,30.86,0
16.573,16.41,0,-0.03042,30.876,0
16.573,16.407,0,-0.029102,30.893,0
16.573,16.404,0,-0.028502,30.909,0
16.573,16.401,0,-0.027971,30.927,0
16.573,16.398,0,-0.028724,30.944,0
16.573,16.395,0,-0.028538,30.961,0
16.148,16.392,-0.067151,-0.027979,30.243,0.64547
16.148,16.39,0,-0.028252,30.219,0.45528
16.148,16.387,0,-0.029523,30.195,0.44567
16.148,16.384,0,-0.030203,30.171,0.4373
16.148,16.381,0,-0.031299,30.148,0.42775
16.1,16.378,-0.038716,-0.032081,30.093,0.63392
16.1,16.374,0,-0.031215,30.065,0.5237
16.1,16.371,0,-0.029783,30.038,0.52027
16.1,16.368,0,-0.028803,30.011,0.51598
16.1,16.365,0,-0.027601,29.984,0.5125
16.1,16.363,0,-0.024839,29.958,0.51336
16.1,16.36,0,-0.023242,29.932,0.51182
16.1,16.358,0,-0.021247,29.906,0.51168
16.207,16.356,0.25872,-0.017319,29.91,0
16.237,16.354,0.32447,-0.013676,29.9,0
16.237,16.353,0,-0.010348,29.889,0.22153
16.237,16.352,0,-0.0063795,29.877,0.22857
16.237,16.351,0,-0.0015569,29.866,0.23856
16.237,16.351,0,0.017465,29.854,0.28417
16.237,16.353,0,0.041019,29.843,0.34746
16.237,16.357,0,0.062009,29.831,0.41218
16.237,16.363,0,0.083535,29.819,0.48588
16.237,16.371,0,0.10141,29.806,0.55701
16.237,16.381,0,0.11778,29.792,0.63025
16.237,16.393,0,0.12769,29.777,0.68977
16.237,16.406,0,0.13616,29.76,0.74842
16.237,16.42,0,0.15025,29.743,0.82823
16.237,16.435,0,0.16466,29.724,0.91468
16.237,16.451,0,0.17355,29.703,0.98826
16.237,16.468,0,0.18019,29.681,1.0577
16.237,16.486,0,0.19013,29.657,1.1416
16.237,16.505,0,0.19631,29.631,1.2161
16.237,16.525,0,0.2027,29.603,1.2941
16.237,16.545,0,0.21122,29.573,1.3829
16.237,16.566,0,0.21223,29.541,1.4471
16.237,16.588,0,0.21407,29.507,1.5152
17.137,16.609,0.25642,0.21816,30.541,0
17.137,16.631,0,0.21848,30.593,0
17.137,16.653,0,0.22064,30.643,0
17.137,16.675,0,0.22451,30.69,0
17.137,16.697,0,0.22611,30.735,0
17.137,16.72,0,0.22714,30.778,0
17.137,16.743,0,0.22455,30.818,0
17.137,16.765,0,0.2248,30.857,0
17.137,16.788,0,0.21992,30.893,0
17.137,16.81,0,0.21737,30.927,0
17.137,16.831,0,0.21361,30.958,0
17.349,16.853,-0.026844,0.20331,31.109,0
17.349,16.873,0,0.19364,31.158,0
17.349,16.892,0,0.18492,31.205,0
17.349,16.911,0,0.17296,31.249,0
17.349,16.928,0,0.15952,31.292,0
17.349,16.944,0,0.14674,31.333,0
17.349,16.959,0,0.13184,31.373,0
17.349,16.972,0,0.11806,31.412,0
17.349,16.984,0,0.097003,31.449,0
17.349,16.993,0,0.077196,31.485,0
17.127,17.001,-0.569,0.051371,31.45,1.916
17.127,17.006,0,0.022579,31.462,0
17.127,17.009,0,0.00096083,31.474,0
17.127,17.009,0,-0.0050859,31.486,0
17.127,17.008,0,-0.010685,31.498,0
17.127,17.007,0,-0.016265,31.51,0
17.127,17.005,0,-0.022021,31.522,0
17.127,17.003,0,-0.02709,31.534,0
17.127,17.001,0,-0.034012,31.546,0
17.127,16.997,0,-0.040722,31.559,0
17.127,16.993,0,-0.047308,31.572,0
17.127,16.988,0,-0.053928,31.586,0
17.127,16.983,0,-0.061124,31.6,0
17.127,16.977,0,-0.066268,31.615,0
17.127,16.97,0,-0.071934,31.63,0
17.127,16.963,0,-0.078757,31.646,0
17.127,16.955,0,-0.085911,31.663,0
16.136,16.947,-0.71999,-0.093028,30.87,5.7648
16.069,16.937,-0.72113,-0.10003,30.786,5.98
15.998,16.927,-0.72257,-0.10754,30.69,6.2107
15.998,16.916,0,-0.1149,30.598,1.9012
15.853,16.905,-0.58953,-0.12289,30.498,5.5922
15.786,16.893,-0.49808,-0.12999,30.388,5.1108
15.732,16.88,-0.41717,-0.13543,30.282,4.6921
15.732,16.866,0,-0.13994,30.168,2.4262
15.732,16.852,0,-0.14231,30.055,2.3758
15.732,16.838,0,-0.14627,29.944,2.3189
15.732,16.823,0,-0.14835,29.834,2.2685
15.732,16.808,0,-0.15045,29.726,2.2178
15.732,16.793,0,-0.15181,29.619,2.1696
15.732,16.778,0,-0.1518,29.513,2.1264
15.732,16.763,0,-0.14984,29.409,2.0907
15.732,16.748,0,-0.14864,29.307,2.0528
15.732,16.733,0,-0.14509,29.206,2.024
15.6,16.719,0.28888,-0.14048,28.978,1.4208
15.638,16.705,0.35579,-0.13464,28.878,1.1585
15.638,16.691,0,-0.12905,28.772,2.233
15.638,16.678,0,-0.12374,28.667,2.216
15.638,16.666,0,-0.1171,28.564,2.2056
