0,0,0.49846,0,35.5,0
0,0,0,7.8,35.5,59.103
0.097838,0.78,0.53352,7.8,35.469,68.472
0.14493,1.56,0.54428,7.8,35.36,73.269
0.19747,2.34,0.5518,7.8,35.175,78.122
0.24501,3.12,0.52562,7.8,34.933,83.712
0.30594,3.9,0.52255,7.8,34.61,88.791
0.36035,4.68,0.52465,7.8,34.208,93.841
0.40389,5.46,0.50904,7.8,33.749,99.366
0.44923,6.24,0.49927,6.7,33.21,91.167
0.50366,6.91,0.51091,6.7,32.601,95.251
0.55662,7.58,0.495,6.7,31.929,99.934
0.59716,8.25,0.48409,-0.3967,31.205,25.312
0.64285,8.2103,0.49169,-0.40643,30.445,24.69
0.69132,8.1697,0.49365,-0.41642,29.689,24.114
0.7415,8.128,0.52086,-0.42674,28.937,23.254
0.78937,8.0854,0.57909,-0.43739,28.198,22.092
0.84484,8.0416,0.62224,-0.44753,27.482,21.075
0.91701,7.9969,0.68048,-0.45715,26.764,19.858
0.99208,7.9512,0.73189,-0.46654,26.064,18.727
1.0718,7.9045,0.7736,-0.47585,25.371,17.692
1.1535,7.8569,0.77745,-0.48519,24.688,16.996
1.232,7.8084,0.78523,-0.49472,24.02,16.286
1.232,7.7589,0,-0.50403,23.364,23.867
1.3919,7.7085,0.77531,-0.51304,22.736,15.084
1.4602,7.6572,0.71991,-0.52319,22.112,14.932
1.5312,7.6049,0.65473,-0.53349,21.492,14.843
1.5974,7.5516,0.58694,-0.54413,20.885,14.79
1.6538,7.4971,0.51682,-0.55554,20.294,14.793
1.6977,7.4416,0.44858,-0.56804,19.719,14.828
1.7352,7.3848,0.39997,-0.58162,19.148,14.714
1.7786,7.3266,0.39148,-0.59494,18.584,14.23
1.8237,7.2671,0.37879,-0.60764,18.041,13.776
1.8703,7.2064,0.38379,-0.62098,17.495,13.165
1.9152,7.1443,0.3707,-0.63388,16.971,12.713
1.9577,7.0809,0.38804,-0.64801,16.443,12.028
1.9984,7.0161,0.4024,-0.66235,15.927,11.383
2.0401,6.9498,0.42093,-0.67616,15.427,10.72
2.0401,6.8822,0,-0.69033,14.94,13.676
2.1115,6.8132,0.4327,-0.7042,14.473,9.6423
2.1639,6.7428,0.42629,-0.71554,14.01,9.1443
2.2094,6.6712,0.41877,-0.7278,13.555,8.679
2.2473,6.5984,0.4784,-0.73978,13.124,7.8614
2.2867,6.5245,0.55646,-0.75158,12.699,6.9976
2.35,6.4493,0.62957,-0.75875,12.281,6.1749
2.35,6.3734,0,-0.76452,11.875,9.526
2.4922,6.297,0.77902,-0.76723,11.478,4.7285
2.5759,6.2203,0.81231,-0.76619,11.102,4.2281
2.6609,6.1436,0.8308,-0.76133,10.755,3.8156
2.7478,6.0675,0.84731,-0.75545,10.411,3.4381
2.7478,5.992,0,-0.74554,10.083,6.5828
2.9178,5.9174,0.86669,-0.73631,9.7825,2.8188
2.997,5.8438,0.85084,-0.72352,9.5003,2.5955
3.0726,5.7714,0.83184,-0.71041,9.2249,2.3933
3.1595,5.7004,0.79526,-0.69247,8.9597,2.2071
3.1595,5.6311,0,-0.67637,8.7091,4.28
3.3026,5.5635,0.81152,-0.65737,8.4792,1.8228
3.3866,5.4978,0.80631,-0.63303,8.258,1.6502
3.4711,5.4345,0.80528,-0.60533,8.0584,1.4882
3.4711,5.3739,0,-0.57881,7.8651,2.9709
3.6333,5.316,0.82802,-0.54649,7.6967,1.207
3.713,5.2614,0.78116,-8.8,7.5368,5.6879
3.7819,4.3814,0.71724,-0.16715,7.4386,0.14074
3.8452,4.3647,0.74709,-0.14597,7.3852,0.086683
3.9295,4.3501,0.67903,-0.11901,7.3373,0
4.005,4.3382,0.51827,-0.09473,7.3035,0
4.0496,4.3287,0.44037,-0.079724,7.2719,0
4.1001,4.3207,0.44721,-0.063244,7.2487,0
4.1514,4.3144,0.34645,-0.04683,7.2304,0
4.1514,4.3097,0,-0.036537,7.2143,0.25183
4.2054,4.3061,0.33611,-0.02895,7.2163,0
4.2366,4.3032,0.32791,-0.019172,7.2114,0
4.2623,4.3013,0.25554,-0.01124,7.1983,0
4.2868,4.3001,0.17117,-0.0038472,7.1898,0
4.2988,4.2998,0.1736,-0.00026201,7.1807,0
4.3256,4.2997,0.23998,0.028145,7.1755,0
4.3513,4.3025,0.26134,0.052903,7.1756,0
4.3763,4.3078,0.27168,0.074191,7.1771,0
4.4094,4.3153,0.17883,0.1019,7.1873,0
4.4283,4.3254,-0.24486,0.1111,7.2013,0.77921
4.4104,4.3366,-0.94038,0.079411,7.2009,4.8485
4.3247,4.3445,-1.6601,-0.0057637,7.2,13.134
4.1609,4.3439,-2.3348,-0.053406,7.1944,8.373
3.9187,4.3386,-2.8114,-8.8,7.1594,0
3.6314,3.4586,-2.9296,0.26935,7.1495,8.8918
3.3457,3.4855,-2.7656,-0.032553,7.1435,7.9627
3.0662,3.4823,-2.5371,-0.097531,7.11,7.8661
2.8026,3.4725,-2.3055,-0.15861,7.0537,7.7294
2.5661,3.4566,-2.1609,-0.21327,6.9841,7.6887
2.3469,3.4353,-2.106,-0.26502,6.8865,7.7553
2.1412,3.4088,-2.2044,-0.31486,6.7693,8.0476
1.9161,3.3773,-2.517,-8.8,6.6258,0
1.6607,2.4973,-2.9468,-0.15821,6.5144,8.3511
1.3605,2.4815,-3.4335,-0.2164,6.407,9.6757
1.3605,2.4599,0,-0.28447,6.296,1.8076
0.63667,2.4314,-4.328,-8.8,6.1099,0
0.63667,1.5514,0,-0.17801,5.9744,1.6726
-0.25823,1.5336,-4.4429,-0.24322,5.7883,12.669
-0.70323,1.5093,-4.2404,-8.8,5.5831,0
-1.1278,0.62929,-3.9719,-3.9719,5.3763,3.7734
-1.5259,0.2321,-3.7143,-3.7143,5.1972,3.7753
-1.8993,0,-3.5208,-3.5208,5.0288,4.0649
-2.2554,0,-3.3765,-8.8,4.84,0
-2.5843,0,-3.3044,-8.8,4.6376,0
-2.9236,0,-3.2619,-8.8,4.4159,0
-3.2466,0,-3.2032,-8.8,4.1504,0
-3.5751,0,-3.1079,-8.8,3.8588,0
-3.5751,0,0,-8.8,3.5453,0
-4.1688,0,-2.4798,-8.8,3.1821,0
-4.4219,0,-1.9603,-8.8,2.8038,0
-4.4219,0,0,-8.8,2.4056,0
-4.762,0,-0.84412,-8.8,1.972,0
-4.8558,0,-0.33205,-8.8,1.5437,0
-4.8817,0,0.074636,-10.788,1.0969,0
-4.8775,0,0.46235,-17.307,0.6694,0
-4.8313,0,0.88704,-41.063,0.2782,0
-4.7411,0,1.2868,-1404.7,0.0079938,0
-4.6113,0,1.5862,1.5862,6.5678,9.6246
-4.4538,0.15862,1.8077,1.8077,6.1111,9.6268
-4.2711,0.33939,1.926,1.926,5.6513,9.6229
-4.07,0.53199,2.0288,-8.8,5.1971,0
-3.8697,0,2.3169,-8.8,4.8,0
-3.6424,0,2.8736,-8.8,4.4642,0
-3.3511,0,3.565,-8.8,4.1487,0
-2.9961,0,4.2199,-8.8,3.8684,0
-2.5767,0,4.7536,-8.8,3.6435,0
-2.107,0,5.0044,-8.8,3.4542,0
-2.107,0,0,-8.8,3.2875,0
-2.107,0,0,-8.8,3.1208,0
-2.107,0,0,-8.8,2.9541,0
-0.18714,0,4.2456,-8.8,3.196,0
0.24224,0,4.1079,-8.8,3.2335,0
0.6453,0,4.0293,-8.8,3.314,1.3577
1.0514,0,4.0297,-8.8,3.4402,4.1616
1.4499,0,4.0328,-8.8,3.6072,7.261
1.4499,0,0,-8.8,3.7962,0
2.2517,0,4.0013,-8.8,4.0697,14.181
2.6532,0,3.9311,-8.8,4.3643,17.629
3.0548,0,3.8088,-8.8,4.7015,20.875
3.429,0,3.6753,3.6753,5.0687,0
3.8016,0.36753,3.5749,3.5749,5.4177,0
4.1596,0.72502,3.5311,3.5311,5.7566,0
4.5178,1.0781,3.492,4.9,6.1097,0
4.8646,1.5681,3.4292,4.9,6.4525,0
5.2012,2.0581,3.3124,4.9,6.7672,0
5.5361,2.5481,3.1274,4.9,7.0709,0
5.8396,3.0381,2.8827,4.9,7.3543,0
6.119,3.5281,2.6836,4.1323,7.6154,0
6.119,3.9414,0,3.3246,7.8539,11.241
6.6342,4.2738,2.451,2.8913,8.1125,0
6.8715,4.563,2.4019,2.6004,8.3477,0
7.1167,4.823,2.3895,2.4145,8.584,0
7.3578,5.0644,2.3058,2.28,8.823,0
7.5828,5.2924,2.1249,2.1656,9.0577,0
7.7956,5.509,1.8535,2.069,9.2944,0
7.9902,5.7159,1.4441,1.9772,9.5227,0
8.1291,5.9136,1.0367,1.8574,9.7444,0
8.2232,6.0994,0.72058,1.726,9.9716,0
8.2873,6.272,0.44788,1.5929,10.184,0
8.337,6.4312,0.30403,1.4695,10.382,0
8.3628,6.5782,0.29546,1.3466,10.572,0
8.3848,6.7129,0.28193,1.2382,10.753,0
8.4192,6.8367,0.24972,1.1516,10.911,0
8.4406,6.9518,0.21112,1.0662,11.058,0
8.4632,7.0585,0.24035,0.99208,11.202,0
8.4809,7.1577,0.32614,0.92341,11.346,0
8.5036,7.25,0.39676,0.86437,11.465,0
8.538,7.3364,0.43284,0.8205,11.597,0
8.538,7.4185,0,0.78783,11.713,0
8.538,7.4973,0,0.76942,11.821,0
8.6997,7.5742,0.59939,0.74853,11.952,0
8.7566,7.6491,0.65955,0.73047,12.061,0
8.8263,7.7221,0.77499,0.72278,12.174,0
8.9102,7.7944,0.88015,0.72541,12.294,0
8.9989,7.8669,0.93293,0.73039,12.405,0
9.0977,7.94,0.97369,0.74184,12.523,0
9.1865,8.0142,0.98702,0.74528,12.631,0
9.2881,8.0887,0.94822,0.7575,12.757,0
9.2881,8.1644,0,0.76112,12.874,0
9.4713,8.2405,0.85142,0.7662,12.999,0
9.547,8.3172,0.8459,0.75999,13.117,0
9.6258,8.3932,0.85353,0.75622,13.235,0
9.7198,8.4688,0.81387,0.7622,13.355,0
9.7922,8.545,0.78252,0.75464,13.476,0
9.8696,8.6205,0.73603,0.75125,13.609,0
9.9387,8.6956,0.64907,0.74298,13.735,0
10,8.7699,0.56373,0.73043,13.852,0
10.064,8.8429,0.54985,0.72027,13.969,0
10.122,8.915,0.47236,0.70771,14.081,0
10.167,8.9857,0.42938,0.68866,14.201,0
10.205,9.0546,0.31836,0.66634,14.31,0
10.242,9.1212,0.14136,0.64632,14.43,0
10.264,9.1859,0.022909,0.61853,14.537,0
10.262,9.2477,-0.066246,0.57928,14.643,0
10.255,9.3056,-0.046144,0.53912,14.736,0
10.244,9.3596,-0.019927,0.50042,14.819,0
10.236,9.4096,0.048851,0.46556,14.898,0
10.236,9.4562,0.13504,0.4379,14.98,0
10.252,9.4999,0.28623,0.42113,15.062,0
10.278,9.5421,0.44013,0.41038,15.13,0
10.318,9.5831,0.67657,0.40855,15.204,0
10.376,9.624,0.90506,0.41702,15.276,0
10.461,9.6657,1.0748,0.44001,15.352,0
10.559,9.7097,1.1294,0.46853,15.44,0
10.665,9.7565,1.073,0.4998,15.525,0
10.77,9.8065,0.97363,0.52852,15.622,0
10.864,9.8593,0.91118,0.54895,15.712,0
10.949,9.9142,0.82398,0.56334,15.815,0
11.022,9.9706,0.83472,0.57057,15.926,0
11.103,10.028,0.8371,0.58151,16.037,0
11.189,10.086,0.89798,0.59439,16.139,0
11.273,10.145,0.85754,0.60525,16.254,0
11.362,10.206,0.81601,0.61812,16.358,0
11.446,10.268,0.73364,0.6273,16.467,0
11.517,10.33,0.65792,0.6293,16.582,0
11.592,10.393,0.64811,0.63307,16.703,0
11.664,10.457,0.74592,0.63536,16.829,0
11.746,10.52,0.84571,0.64282,16.954,0
11.837,10.584,0.90683,0.6545,17.07,0
11.931,10.65,0.99337,0.66696,17.201,0
12.038,10.716,0.97182,0.68517,17.324,0
12.128,10.785,0.92948,0.69363,17.456,0
12.217,10.854,0.81363,0.70112,17.594,0
12.295,10.924,0.75316,0.70221,17.721,0
12.295,10.995,0,0.7055,17.855,0
12.43,11.065,0.47785,0.69388,17.998,0
12.485,11.135,0.38638,0.68418,18.136,0
12.524,11.203,0.31373,0.66657,18.269,0
12.56,11.27,0.21362,0.64848,18.396,0
12.59,11.335,0.21441,0.62918,18.529,0
12.612,11.397,0.19847,0.60681,18.65,0
12.631,11.458,0.1289,0.58374,18.763,0
12.646,11.517,0.11781,0.56013,18.87,0
12.646,11.573,0,0.53998,18.98,0
12.685,11.627,0.13068,0.52228,19.09,0
12.704,11.679,0.1345,0.50419,19.185,0
12.704,11.729,0,0.48121,19.285,0
12.732,11.777,0.16453,0.46671,19.366,0
12.752,11.824,0.23594,0.45251,19.458,0
12.777,11.869,0.1169,0.44169,19.543,0
