13.889,13.889,0.38364,0,35.5,0
13.889,13.889,0,0.030721,35.5,0.066914
13.961,13.892,0.22041,0.043869,35.493,0
13.982,13.896,0.23067,0.05447,35.505,0
13.982,13.902,0,0.064585,35.513,0
14.036,13.908,0.33915,0.080947,35.535,0
14.067,13.916,0.38496,0.095977,35.552,0
14.11,13.926,0.44122,0.1168,35.574,0
14.146,13.938,0.35325,0.13208,35.584,0
14.185,13.951,0.23147,0.14807,35.601,0
14.198,13.966,0.21242,0.14687,35.625,0
14.223,13.98,0.20849,0.15345,35.65,0
14.254,13.996,0.18196,0.16284,35.679,0
14.254,14.012,0,0.1635,35.704,0
14.299,14.028,0.32162,0.17058,35.726,0
14.325,14.045,0.28566,0.1759,35.747,0
14.356,14.063,0.27138,0.18394,35.775,0
14.356,14.081,0,0.18998,35.803,0
14.412,14.1,0.26263,0.19521,35.832,0
14.44,14.12,0.32503,0.20036,35.873,0
14.466,14.14,0.34711,0.20338,35.903,0
14.5,14.16,0.31786,0.21178,35.927,0
14.54,14.181,0.31766,0.22287,35.958,0
14.578,14.204,0.33657,0.23222,35.991,0
14.607,14.227,0.26736,0.23565,36.027,0
14.635,14.25,0.30979,0.23793,36.06,0
14.666,14.274,0.3353,0.24177,36.109,0
14.7,14.298,0.31177,0.24751,36.158,0
14.7,14.323,0,0.25437,36.197,0
14.764,14.349,0.31012,0.25511,36.238,0
14.786,14.374,0.27304,0.25211,36.274,0
14.819,14.399,0.29074,0.25686,36.32,0
14.85,14.425,0.29162,0.25946,36.353,0
14.883,14.451,0.23353,0.26312,36.401,0
14.904,14.477,0.18792,0.25958,36.438,0
14.93,14.503,0.15324,0.259,36.481,0
14.944,14.529,0.1032,0.2512,36.528,0
14.947,14.554,0.072905,0.2374,36.567,0
14.959,14.578,0.048184,0.23006,36.611,0
14.972,14.601,0.00026995,0.22322,36.651,0
14.971,14.623,-0.011952,0.2089,36.689,0
14.979,14.644,-0.0088507,0.20126,36.72,0
14.985,14.664,-0.054847,0.19229,36.754,0
14.987,14.684,-0.055924,0.18182,36.788,0
14.99,14.702,-0.050567,0.17248,36.811,0
14.979,14.719,-0.084591,0.15506,36.849,0.0038116
14.979,14.735,-0.090408,0.14577,36.872,0.030154
14.975,14.749,-0.051519,0.13432,36.891,0
14.974,14.763,-0.055601,0.12568,36.903,0
14.972,14.775,-0.037111,0.11691,36.928,0
14.972,14.787,-0.0049587,0.11022,36.939,0
14.976,14.798,-0.032381,0.10549,36.949,0
14.963,14.808,-0.072441,0.09183,36.963,0.047671
14.951,14.818,-0.061403,0.079231,36.98,0.035828
14.95,14.825,-0.058035,0.073995,37.001,0.034154
14.95,14.833,-0.071416,0.069278,37.016,0.073523
14.937,14.84,-0.083162,0.057387,37.037,0.11872
14.919,14.846,-0.084759,0.043526,37.044,0.1405
14.915,14.85,-0.089607,0.038658,37.059,0.15925
14.907,14.854,-0.072376,0.031593,37.055,0.12437
14.907,14.857,0,0.029234,37.06,0
14.896,14.86,0.0061215,0.021402,37.074,0
14.901,14.862,-0.0047294,0.02285,37.074,0
14.908,14.864,-0.024921,0.025864,37.08,0.019165
14.899,14.867,-0.068799,0.019057,37.085,0.13172
14.886,14.869,-0.13339,0.010022,37.089,0.31357
14.864,14.87,-0.17276,-0.00044614,37.098,0.45407
14.847,14.87,-0.16323,-0.0016426,37.105,0.46214
14.837,14.87,-0.12865,-0.0023947,37.098,0.3838
14.832,14.869,-0.12399,-0.0027599,37.091,0.38144
14.824,14.869,-0.13344,-0.0033518,37.087,0.42612
14.814,14.869,-0.1091,-0.0040164,37.092,0.37688
14.812,14.868,-0.076823,-0.0041486,37.084,0.29362
14.807,14.868,-0.06245,-0.0044855,37.081,0.26607
14.805,14.867,0.0049012,-0.0046335,37.065,0.10994
14.807,14.867,0.062674,-0.0044332,37.065,0
14.812,14.867,0.075004,-0.004029,37.059,0
14.813,14.866,0.034253,-0.0039021,37.052,0.028668
14.826,14.866,-0.068049,-0.002923,37.054,0.23621
14.816,14.865,-0.1904,-0.0036233,37.05,0.60815
14.792,14.865,-0.21883,-0.0054243,37.053,0.76051
14.773,14.865,-0.15918,-0.0067449,37.046,0.60736
14.753,14.864,-0.076306,-0.0082173,37.028,0.4091
14.738,14.863,0.070486,-0.0092101,37.015,0.089055
14.751,14.862,0.2284,-0.0081747,37.005,0
14.751,14.861,0,-0.005904,36.994,0.2184
14.79,14.861,-0.018736,-0.0052452,36.987,0.17958
14.782,14.86,-0.1838,-0.0057919,36.984,0.65519
14.76,14.86,-0.34941,-0.0073518,36.965,1.3263
14.76,14.859,0,-0.0091621,36.955,0.18669
14.689,14.858,-0.48122,-0.012477,36.95,2.148
14.649,14.857,-0.47802,-0.015388,36.923,2.2506
14.6,14.855,-0.4318,-0.018927,36.89,2.1549
14.548,14.853,-0.40875,-0.022689,36.857,2.1886
14.498,14.851,-0.45424,-0.026285,36.827,2.573
14.448,14.848,-0.4338,-0.029873,36.78,2.6095
14.414,14.845,-0.39206,-0.032251,36.735,2.4837
14.378,14.842,-0.40717,-0.034735,36.687,2.6623
14.334,14.839,-0.37892,-0.037824,36.645,2.6363
14.291,14.835,-0.33765,-0.040866,36.583,2.5409
14.248,14.831,-0.32338,-0.043875,36.532,2.5844
14.248,14.826,0,-0.045889,36.474,1.2229
14.186,14.822,-0.28683,-0.048076,36.42,2.5575
14.153,14.817,-0.28989,-0.050327,36.355,2.6554
14.132,14.812,-0.28405,-0.051711,36.289,2.6744
14.096,14.807,-0.2707,-0.05418,36.223,2.6977
14.096,14.801,0,-0.056187,36.153,1.5247
14.034,14.796,-0.25427,-0.058397,36.08,2.7649
14.034,14.79,0,-0.059452,36.004,1.6506
13.984,14.784,-0.23665,-0.061737,35.913,2.7877
13.97,14.778,-0.19251,-0.062595,35.831,2.5964
13.952,14.772,-0.16753,-0.063721,35.74,2.5109
13.952,14.765,0,-0.06429,35.658,1.7923
13.924,14.759,-0.030241,-0.065329,35.577,1.9646
13.918,14.752,-0.03496,-0.065488,35.499,1.9808
13.918,14.746,0,-0.065798,35.416,1.8271
13.902,14.739,0.0051711,-0.066149,35.334,1.8326
13.906,14.733,-0.02973,-0.065505,35.254,1.937
13.901,14.726,-0.0032098,-0.0656,35.171,1.831
13.906,14.719,0.033482,-0.064933,35.079,1.6682
13.917,14.713,0.039416,-0.063796,34.998,1.6058
13.917,14.707,0.017463,-0.063482,34.914,1.6659
13.909,14.7,0.033348,-0.063865,34.827,1.6137
13.909,14.694,0.027235,-0.063549,34.752,1.6191
13.919,14.687,0.044188,-0.062424,34.68,1.5212
13.918,14.681,0.07354,-0.062189,34.602,1.4108
13.927,14.675,0.10927,-0.061174,34.518,1.2641
13.946,14.669,0.12246,-0.059248,34.442,1.1671
13.957,14.663,0.077196,-0.058069,34.363,1.265
13.961,14.657,0.023486,-0.057428,34.297,1.4152
13.961,14.651,-0.032527,-0.057085,34.23,1.5954
13.958,14.646,-0.082448,-0.057116,34.152,1.7775
13.945,14.64,-0.075908,-0.057891,34.086,1.7705
13.936,14.634,0.0049153,-0.058275,34.016,1.4806
13.936,14.628,0,-0.058607,33.947,1.4808
13.946,14.622,0.15635,-0.056775,33.894,0.97084
13.964,14.617,0.2142,-0.05496,33.83,0.77906
13.982,14.611,0.22697,-0.053128,33.769,0.70415
14.001,14.606,0.2205,-0.051169,33.702,0.67027
14.001,14.601,0,-0.048215,33.642,1.271
14.055,14.596,0.20628,-0.04595,33.596,0.57872
14.079,14.591,0.17543,-0.043682,33.535,0.59276
14.09,14.587,0.15946,-0.042433,33.476,0.59782
14.099,14.583,0.099296,-0.041433,33.431,0.71831
14.101,14.579,0.087517,-0.040916,33.393,0.73454
14.101,14.575,0,-0.039484,33.345,0.97565
14.131,14.571,0.22034,-0.037812,33.306,0.3629
14.161,14.567,0.20357,-0.034948,33.264,0.33384
14.185,14.563,0.17905,-0.0327,33.215,0.3328
14.193,14.56,0.13547,-0.031768,33.179,0.40161
14.199,14.557,0.098182,-0.031043,33.148,0.46802
14.208,14.554,0.13672,-0.030028,33.121,0.35937
14.219,14.551,0.23039,-0.028823,33.084,0.15785
14.239,14.548,0.28045,-0.026845,33.054,0.044655
14.259,14.545,0.25719,-0.024891,33.033,0.041397
14.288,14.543,0.15684,-0.022242,33.013,0.15418
14.306,14.541,0.037081,-0.020485,32.984,0.36836
14.31,14.539,-0.010961,-0.019924,32.957,0.47467
14.3,14.537,0.037858,-0.02067,32.925,0.36933
14.302,14.534,0.085323,-0.02036,32.903,0.25476
14.309,14.532,0.16246,-0.019581,32.881,0.088346
14.317,14.53,0.17346,-0.018687,32.861,0.051714
14.333,14.529,0.076867,-0.017157,32.851,0.20326
14.332,14.527,-0.043887,-0.017157,32.822,0.4936
14.333,14.525,-0.22328,-0.016935,32.81,1.0604
14.305,14.523,-0.45534,-0.01926,32.783,2.1519
14.256,14.522,-0.63225,-0.023356,32.759,3.3186
14.192,14.519,-0.77136,-0.028894,32.738,4.5108
14.122,14.516,-0.93374,-0.034814,32.698,6.1108
14.03,14.513,-1.0132,-0.042803,32.644,7.2285
13.933,14.509,-1.0622,-0.051112,32.583,8.123
13.834,14.503,-1.1448,-0.059671,32.516,9.4484
13.719,14.497,-1.2493,-0.069584,32.452,11.215
13.596,14.491,-1.3477,-0.080195,32.372,13.084
13.457,14.483,-1.4245,-0.092353,32.278,14.856
13.457,14.473,0,-0.10543,32.175,2.2172
13.164,14.463,-1.4855,-0.11814,32.04,17.227
13.024,14.451,-1.3741,-0.13072,31.899,16.169
12.887,14.438,-1.2059,-0.14305,31.743,14.383
12.77,14.424,-1.0177,-0.15358,31.586,12.459
12.669,14.408,-0.84225,-0.16283,31.408,10.839
12.586,14.392,-0.68456,-0.17046,31.234,9.5101
12.586,14.375,0,-0.17643,31.054,4.3599
12.462,14.357,-0.59492,-0.18189,30.873,9.01
12.412,14.339,-0.62847,-0.18662,30.678,9.4367
12.359,14.32,-0.67733,-0.19169,30.485,10.036
12.284,14.301,-0.7605,-0.19891,30.29,11.1
12.215,14.281,-0.86384,-0.20588,30.079,12.432
12.119,14.261,-0.95519,-0.21555,29.867,13.833
12.031,14.239,-1.0362,-0.22444,29.655,15.144
11.928,14.217,-1.1329,-0.23524,29.425,16.812
11.806,14.193,-1.2286,-0.2482,29.19,18.661
11.682,14.168,-1.3035,-0.26167,28.941,20.288
11.561,14.142,-1.3717,-0.27518,28.683,21.853
11.415,14.115,-1.4593,-0.29167,28.415,23.943
11.265,14.086,-1.5038,-0.30916,28.133,25.351
11.119,14.055,-1.5277,-0.32671,27.835,26.363
10.965,14.022,-1.5757,-0.34557,27.528,27.875
10.814,13.987,-1.6509,-0.3645,27.218,29.939
10.656,13.951,-1.7007,-0.38516,26.885,31.568
10.495,13.912,-1.7908,-0.40679,26.542,34.109
10.309,13.872,-1.8527,-0.43215,26.19,36.237
10.121,13.829,-1.91,-0.45876,25.825,38.298
9.9315,13.783,-1.9529,-0.48659,25.444,40.032
9.7328,13.734,-2.0163,-0.51676,25.051,42.335
9.526,13.682,-2.0356,-0.54933,24.642,43.561
9.3144,13.627,-2.0936,-0.58386,24.223,45.8
9.1061,13.569,-2.1143,-0.62015,23.775,47.004
8.9018,13.507,-2.1288,-0.65744,23.319,47.977
8.6822,13.441,-2.1474,-0.69914,22.845,49.094
8.4602,13.371,-2.185,-0.7437,22.352,50.696
8.2385,13.297,-2.1897,-0.79006,21.857,51.329
8.0132,13.218,-2.2192,-0.84038,21.338,52.601
7.7816,13.134,-2.2547,-0.89502,20.803,54.015
7.5594,13.044,-2.2888,-0.95028,20.27,55.282
7.3293,12.949,-2.3652,-1.0119,19.708,57.788
7.0954,12.848,-2.4581,-1.0772,19.147,60.833
6.8508,12.74,-2.5534,-1.1491,18.573,64.04
6.6041,12.626,-2.6363,-1.2281,17.973,66.819
6.3365,12.503,-2.6868,-1.3175,17.362,68.5
6.0655,12.371,-2.707,-1.4138,16.746,68.975
5.8018,12.23,-2.751,-1.5179,16.107,70.094
5.525,12.078,-2.8081,-1.633,15.463,26.763
5.2478,11.915,-2.8783,-1.7588,14.805,25.823
4.9648,11.739,-2.9599,-1.901,14.123,24.805
4.6717,11.549,-3.0198,-2.0561,13.446,23.732
4.366,11.343,-3.0612,-2.2312,12.758,22.567
4.0674,11.12,-3.0428,-2.4216,12.062,21.257
3.7719,10.878,-3.025,-2.6315,11.357,19.843
3.4683,10.614,-3.0094,-2.8658,10.65,18.351
3.1593,10.328,-3.0114,-5.5966,9.9387,9.2633
2.8513,9.7682,-3.0194,-5.6102,9.2336,8.7359
2.552,9.2072,-2.9864,-5.5765,8.5502,8.2007
2.552,8.6496,0,-5.5013,7.9126,6.2346
1.9536,8.0994,-2.7652,-5.3601,7.2781,7.1465
1.6794,7.5634,-2.515,-5.2,6.6793,6.4205
1.6794,7.0434,0,-5.2,6.1169,2.1132
1.1911,6.5234,-1.9214,-5.2,5.5502,4.0422
0.99662,6.0034,-1.6452,-8.8,5.0348,0
0.82761,5.1234,-1.2118,-8.8,4.5601,0
0.71345,4.2434,-0.79347,-8.8,4.1611,0
0.6369,3.3634,-0.42529,-8.8,3.8515,0
0.59386,2.4834,-0.037244,-8.8,3.627,0
0.58021,1.6034,0.31262,-8.8,3.4765,0
0.61912,0.72343,0.42659,-8.8,3.4244,0
0.65484,0,0.45149,-8.8,3.4592,0
0.69685,0,0.53399,-8.8,3.563,0
0.75818,0,0.69375,-8.8,3.6702,0
0.75818,0,0,-8.8,3.79,0
0.90985,0,1.4004,-8.8,3.9269,0
1.0405,0,1.904,-8.8,4.0703,0
1.2211,0,2.3566,-8.8,4.2253,0
1.463,0,2.6556,-8.8,4.4006,0
1.72,0,2.733,-8.8,4.6021,0
1.9935,0,2.6542,-8.8,4.8358,0
2.2647,0,2.4022,2.4022,5.0977,0
2.4996,0.24022,2.0601,2.0601,5.3223,0
2.7144,0.44624,1.6415,1.6415,5.545,0
2.8833,0.61039,1.2312,1.2312,5.7706,0
3.0082,0.73351,0.78332,0.78332,6.0046,0
3.0915,0.81184,0.32556,0.32556,6.2316,0
3.1334,0.8444,-0.12266,-0.12266,6.46,0
3.1199,0.83213,-0.50619,-0.50619,6.6906,0
3.0637,0.78151,-0.88371,-0.88371,6.913,0
2.9807,0.69314,-1.2089,-1.2089,7.1328,0
2.9807,0.57225,0,-1.4863,7.3676,0
2.6993,0.42362,-1.7939,-1.7939,7.5946,0
2.5215,0.24423,-2.1317,-2.1317,7.8203,0
2.3043,0.031057,-2.3497,-2.3497,8.0429,0
2.0667,0,-2.4021,-2.4021,8.2657,0
1.8196,0,-2.4029,-2.4029,8.4642,0
1.578,0,-2.4333,-2.4333,8.6457,0
1.3294,0,-2.5129,-2.5129,8.801,0
1.0717,0,-2.5484,-2.5484,8.9248,0
0.82527,0,-2.5732,-2.5732,9.0391,0
0.56414,0,-2.5435,-2.5435,9.115,0
0.30441,0,-2.2855,-2.2855,9.1722,0
0.083702,0,-1.9326,-1.9326,9.2046,0
-0.11092,0,-1.7037,-1.7037,9.2076,0.22738
-0.11092,0,0,-1.7235,9.2051,0
-0.46444,0,-1.8876,-1.8876,9.1627,0.95209
-0.65792,0,-2.102,-2.102,9.1203,1.3487
-0.87507,0,-2.295,-2.295,9.045,1.7939
-1.1076,0,-2.4498,-2.4498,8.9674,2.2705
-1.3567,0,-2.4692,-2.4692,8.8471,2.7813
-1.613,0,-2.5967,-2.5967,8.7033,3.3066
-1.8818,0,-2.8426,-2.8426,8.5486,3.8578
-2.1568,0,-2.9836,-2.9836,8.3517,4.4215
-2.448,0,-3.1175,-3.1175,8.1326,5.0184
-2.7503,0,-3.3086,-3.3086,7.8973,5.6381
-3.0904,0,-3.2696,-3.2696,7.6134,6.3353
-3.0904,0,0,-3.0707,7.3207,0
-3.7236,0,-2.8734,-2.8734,6.9597,7.6333
-4.0155,0,-2.539,-2.539,6.5863,8.2317
-4.2773,0,-2.0186,-2.0186,6.1944,8.7684
-4.4855,0,-1.3175,-1.3175,5.7633,9.1953
-4.6171,0,-0.61566,-0.61566,5.3115,9.4651
-4.6885,0,-0.033486,-8.8,4.8493,0
-4.6944,0,0.39833,-8.8,4.4164,0
-4.6446,0,0.70989,-8.8,4.0003,0
-4.5739,0,0.80428,-8.8,3.5911,0
-4.5021,0,0.85002,-8.8,3.1808,0
-4.4094,0,0.92566,-8.8,2.7813,0
-4.4094,0,0,-8.8,2.3844,0
-4.2198,0,1.0358,-8.8,2.0141,0
-4.1184,0,1.119,-8.8,1.6339,0
-4.0074,0,1.1764,-8.8,1.2805,0
-3.8849,0,1.2181,-8.8,0.92361,0
-3.7678,0,1.3238,-10.923,0.57962,0
-3.6268,0,1.3139,-22.725,0.2736,0
-3.5011,0,1.3371,-268.41,0.022721,0
-3.365,0,1.3352,-8.8,1.0249,0
-3.2404,0,1.3381,-8.8,0.73585,0
-3.2404,0,0,-9.2773,0.45581,0
-2.9861,0,0.69028,-20.5,0.2104,0
-2.9201,0,-0.21833,-166.88,0.025582,0
-2.9502,0,-1.2047,-8.888,0.5664,0
-3.0727,0,-2.075,-17.142,0.31332,0
-3.2725,0,-2.6594,-70.934,0.078431,0
-3.5366,0,-2.7428,-64.614,0.10108,0
-3.8074,0,-2.2664,-129.38,0.057021,0
-4.0295,0,-1.6448,-27.124,0.31864,0
-4.1929,0,-1.1586,-250.65,0.035233,0
-4.3032,0,-0.90057,-11.569,0.86787,0
-4.399,0,-0.90247,-20.749,0.48751,0
-4.4954,0,-0.89967,-69.416,0.14747,0
-4.5941,0,-0.83752,-268.09,0.039486,0
-4.6681,0,-0.65634,-12.425,0.92579,0
-4.7312,0,-0.26396,-21.848,0.51852,0
-4.7312,0,0,-69.643,0.15465,0
-4.7329,0,0.46664,-268.27,0.041678,0
-4.6775,0,0.68821,-11.427,0.90297,0
-4.6022,0,0.81318,-20.336,0.50073,0
-4.5246,0,0.85171,-66.588,0.15178,0
-4.4448,0,0.9437,-253.69,0.038793,0
-4.3497,0,1.0532,-9.9536,0.85945,0
-4.235,0,1.1066,-17.824,0.4737,0
-4.1201,0,1.1497,-54.567,0.15233,0
-4.1201,0,0,-337.87,0.013161,0
-4.1201,0,0,-8.8,1.2905,0
-3.7612,0,1.1569,-8.8,0.97827,0
-3.6423,0,1.1559,-9.0605,0.64926,0
-3.5272,0,1.1538,-17.75,0.32907,0
-3.5272,0,0,-92.173,0.065101,0
-3.5272,0,0,-28.468,0.17324,0
-3.191,0,1.1346,9.8,1,24.75
-3.0793,0.98,1.119,-11.678,0.64382,0
-2.9654,0,1.1133,-13.007,0.31137,0
-2.8626,0,1.1045,-47.812,0.08376,0
-2.7584,0,1.113,-98.009,0.038381,0
-2.6381,0,1.0853,-12.476,0.2566,0
-2.5391,0,1.0551,-45.3,0.069541,0
-2.4435,0,1.0487,-61.553,0.04769,0
-2.4435,0,0,-22.634,0.1111,0
-2.2351,0,1.0216,-479.87,0.0051944,0
-2.141,0,1.0418,-8.8,2.1852,0
-2.0381,0,1.0736,-8.8,2.0124,0
-1.935,0,1.047,-8.8,1.8663,0
-1.8233,0,1.0381,-8.8,1.7197,0
-1.7267,0,0.99784,-8.8,1.5878,0
-1.6292,0,0.96332,-8.8,1.4628,0
-1.5274,0,0.92567,-8.8,1.3399,0
-1.4267,0,0.91267,-8.8,1.2333,0
-1.3284,0,0.88375,-8.8,1.1343,0
-1.2317,0,0.8745,-8.8,1.0421,0
-1.1437,0,0.84715,-8.8,0.97286,0
-1.1437,0,0,-8.8,0.9025,0
-1.1437,0,0,-8.8,0.83213,0
-0.89532,0,0.75611,-8.8,0.79802,0
-0.81873,0,0.70883,-8.8,0.76505,0
-0.73861,0,0.65301,-8.8,0.72515,0
-0.68253,0,0.57958,-8.8,0.7009,0
-0.62849,0,0.50559,-8.8,0.68074,0
-0.56831,0,0.47159,-8.8,0.66822,0
-0.51772,0,0.44712,-8.8,0.65471,0
-0.47003,0,0.41728,-8.8,0.65326,0
-0.42116,0,0.41401,-8.8,0.6476,0
-0.3759,0,0.39623,-8.8,0.64348,0
-0.32693,0,0.36368,-8.8,0.64407,0
-0.28182,0,0.32624,-8.8,0.66384,0
-0.25481,0,0.29095,-8.8,0.67982,0
-0.21811,0,0.27714,-8.8,0.69388,0
-0.21811,0,0,-8.8,0.71607,0
-0.15842,0,0.27179,-8.8,0.74529,0
-0.1253,0,0.27848,-8.8,0.77091,0
-0.090805,0,0.34384,-8.8,0.81052,0
-0.055798,0,0.38621,-8.8,0.8538,0
-0.0079399,0,0.4026,-8.8,0.88748,0
-0.0079399,0,0,-8.8,0.93069,0
0.075385,0,0.43212,-8.8,0.97723,0
0.12313,0,0.38612,-8.8,1.0402,0
0.16868,0,0.34311,-8.8,1.0895,0
0.21246,0,0.27675,-8.8,1.1518,0
0.24333,0,0.22704,-8.8,1.223,0
0.26114,0,0.18008,-8.8,1.3001,0
0.26114,0,0,-8.8,1.3702,0
0.29518,0,0.1335,-8.8,1.4409,0
0.29518,0,0,-8.8,1.5144,0
0.29518,0,0,-8.8,1.5879,0
0.32126,0,0.0099414,-8.8,1.6484,0
0.31309,0,-0.027518,-8.8,1.7339,0
0.30601,0,-0.037499,-8.8,1.7998,0
0.29301,0,-0.0011808,-8.8,1.869,0
0.28603,0,0.033557,-8.8,1.9452,0
0.28535,0,0.046737,-8.8,2.015,0
0.29212,0,0.039933,-8.8,2.0901,0
0.3046,0,0.037078,-8.8,2.1578,0
0.31268,0,0.024536,-8.8,2.2382,0
0.30788,0,0.016491,-8.8,2.3178,0
0.30775,0,-0.031928,-8.8,2.3959,0
0.30357,0,-0.06655,-8.8,2.4649,0
0.2896,0,-0.1124,-8.8,2.5385,0
0.28264,0,-0.14893,-8.8,2.6028,0
0.2759,0,-0.20099,-8.8,2.6812,0
0.24835,0,-0.19705,-8.8,2.7486,0
0.22769,0,-0.18042,-8.8,2.8088,0
0.22769,0,0,-8.8,2.8756,0
0.19738,0,-0.16,-8.8,2.93,0
0.18676,0,-0.1418,-8.8,3.0013,0
0.17051,0,-0.1487,-8.8,3.0655,0
0.16359,0,-0.1885,-8.8,3.125,0
0.14093,0,-0.1972,-8.8,3.1762,0
0.11851,0,-0.20163,-8.8,3.2267,0
0.096618,0,-0.19099,-8.8,3.282,0
0.072951,0,-0.16661,-8.8,3.3286,0
0.06504,0,-0.12993,-8.8,3.3709,0
0.060807,0,-0.15127,-8.8,3.4211,0
0.060807,0,0,-8.8,3.4711,0
0.03508,0,-0.28351,-8.8,3.5303,0
