23.889,23.889,0.30511,0,35.5,0
23.925,23.889,0.48894,0.0093066,35.512,0
23.981,23.89,0.28485,0.023434,35.513,0
24.004,23.892,0.30734,0.028721,35.532,0
24.032,23.895,0.22262,0.035303,35.545,0
24.062,23.899,0.29268,0.042185,35.569,0
24.084,23.903,0.3954,0.046807,35.59,0
24.116,23.907,0.38938,0.053799,35.614,0
24.165,23.913,0.35068,0.065028,35.639,0
24.199,23.919,0.44614,0.072236,35.666,0
24.199,23.927,0,0.083093,35.693,0
24.299,23.935,0.42922,0.093979,35.732,0
24.34,23.944,0.48327,0.10215,35.772,0
24.395,23.954,0.53771,0.11381,35.806,0
24.451,23.966,0.50199,0.12515,35.842,0
24.499,23.978,0.51387,0.13455,35.886,0
24.56,23.992,0.50781,0.14685,35.934,0
24.603,24.007,0.46615,0.15421,35.996,0
24.657,24.022,0.41692,0.16406,36.049,0
24.691,24.038,0.36183,0.16866,36.112,0
24.732,24.055,0.20768,0.17509,36.187,0
24.756,24.073,0.042933,0.17685,36.263,0
24.756,24.09,-0.12806,0.17238,36.329,0
24.752,24.108,-0.23675,0.16705,36.404,0
24.752,24.124,0,0.15458,36.467,0
24.698,24.14,-0.33383,0.14489,36.524,0
24.665,24.154,-0.37546,0.13261,36.569,0.20426
24.638,24.168,-0.39343,0.12198,36.608,0.34505
24.6,24.18,-0.41264,0.10915,36.654,0.51116
24.561,24.191,-0.44559,0.096107,36.695,0.74073
24.561,24.2,0,0.084513,36.732,0
24.481,24.209,-0.43127,0.070666,36.751,0.87153
24.44,24.216,-0.43255,0.058189,36.776,0.97102
24.394,24.222,-0.4477,0.044804,36.787,1.1387
24.342,24.226,-0.44032,0.030084,36.805,1.2191
24.304,24.229,-0.44546,0.01945,36.812,1.3242
24.263,24.231,-0.50878,0.0083811,36.816,1.7132
24.218,24.232,-0.48553,-0.0017905,36.819,1.7041
24.175,24.232,-0.51752,-0.0072211,36.819,1.9836
24.132,24.231,-0.54797,-0.012564,36.805,2.2654
24.073,24.23,-0.53617,-0.019834,36.785,2.3652
24.016,24.228,-0.46915,-0.026817,36.758,2.1626
23.977,24.225,-0.5306,-0.031412,36.741,2.5973
23.92,24.222,-0.52781,-0.038312,36.712,2.7393
23.872,24.218,-0.51053,-0.043973,36.68,2.7698
23.83,24.214,-0.51244,-0.048781,36.646,2.8899
23.778,24.209,-0.55696,-0.054894,36.613,3.2973
23.723,24.203,-0.50215,-0.061233,36.564,3.1139
23.678,24.197,-0.50439,-0.066409,36.512,3.244
23.625,24.191,-0.49921,-0.072452,36.465,3.351
23.577,24.183,-0.47563,-0.077816,36.407,3.3304
23.532,24.176,-0.47243,-0.082832,36.343,3.4219
23.494,24.167,-0.47852,-0.086818,36.281,3.5454
23.44,24.159,-0.457,-0.09304,36.208,3.5525
23.391,24.149,-0.42402,-0.098472,36.131,3.4732
23.353,24.139,-0.44266,-0.10231,36.063,3.6641
23.313,24.129,-0.4418,-0.10655,35.989,3.7479
23.261,24.119,-0.47686,-0.11234,35.912,4.091
23.218,24.107,-0.49243,-0.11691,35.816,4.2861
23.17,24.096,-0.55346,-0.12209,35.725,4.8101
23.119,24.083,-0.53842,-0.12772,35.628,4.8278
23.061,24.071,-0.63322,-0.13428,35.527,5.6678
22.99,24.057,-0.68092,-0.14251,35.426,6.2392
22.99,24.043,0,-0.14905,35.32,2.1555
22.85,24.028,-0.706,-0.15867,35.21,6.8287
22.774,24.012,-0.75418,-0.1677,35.08,7.4599
22.703,23.995,-0.72918,-0.17602,34.953,7.4307
22.703,23.978,0,-0.18505,34.824,2.6647
22.559,23.959,-0.72856,-0.19291,34.678,7.8035
22.483,23.94,-0.76729,-0.20198,34.53,8.3598
22.413,23.92,-0.7701,-0.21025,34.375,8.5622
22.338,23.899,-0.76584,-0.2191,34.225,8.7123
22.269,23.877,-0.69656,-0.22707,34.076,8.2313
22.195,23.854,-0.61014,-0.236,33.913,7.6463
22.137,23.831,-0.58942,-0.2425,33.752,7.5795
22.078,23.806,-0.5099,-0.24941,33.572,7.0368
22.034,23.781,-0.44719,-0.25408,33.396,6.6038
21.997,23.756,-0.54321,-0.25769,33.218,7.3811
21.937,23.73,-0.52429,-0.26493,33.033,7.3316
21.888,23.704,-0.53962,-0.27038,32.848,7.5171
21.829,23.677,-0.58303,-0.27736,32.667,7.9762
21.768,23.649,-0.62711,-0.28478,32.472,8.4587
21.695,23.62,-0.56832,-0.29391,32.278,8.0813
21.639,23.591,-0.59174,-0.30072,32.074,8.3564
21.58,23.561,-0.49588,-0.30806,31.869,7.6299
21.531,23.53,-0.34512,-0.31352,31.679,6.5227
21.497,23.499,-0.1372,-0.31669,31.488,5.1604
21.478,23.467,0.085421,-0.31745,31.294,3.9362
21.477,23.435,0.28382,-0.31524,31.104,3.0273
21.515,23.404,0.43257,-0.30678,30.909,2.3891
21.551,23.373,0.48717,-0.29842,30.72,2.1063
21.605,23.343,0.55705,-0.28715,30.535,1.7893
21.605,23.315,0,-0.27452,30.363,3.6319
21.605,23.287,0,-0.26118,30.193,3.6035
21.795,23.261,0.61159,-0.24748,30.07,1.2438
21.86,23.236,0.60901,-0.23403,29.92,1.1126
21.914,23.213,0.59325,-0.22217,29.79,1.0195
21.966,23.191,0.59391,-0.21087,29.658,0.91194
22.019,23.17,0.57391,-0.19907,29.543,0.83032
22.069,23.15,0.54581,-0.18797,29.439,0.76628
22.069,23.131,0,-0.17649,29.331,2.0803
22.177,23.113,0.52814,-0.1646,29.226,0.58652
22.234,23.097,0.55817,-0.1523,29.13,0.45953
22.298,23.082,0.56016,-0.13888,29.048,0.35839
22.353,23.068,0.57571,-0.1272,28.967,0.26502
22.412,23.055,0.55119,-0.11472,28.899,0.19407
22.47,23.044,0.57252,-0.10281,28.832,0.10512
22.533,23.033,0.55287,-0.089862,28.787,0.031442
22.596,23.024,0.54528,-0.076917,28.75,0
22.659,23.017,0.53926,-0.064499,28.701,0
22.717,23.01,0.55954,-0.052845,28.678,0
22.77,23.005,0.53899,-0.042367,28.651,0
22.831,23.001,0.52101,-0.030738,28.629,0
22.89,22.998,0.52456,-0.01942,28.614,0
22.947,22.996,0.55661,-0.0088421,28.602,0
23.001,22.995,0.55761,0.0013741,28.604,0
23.062,22.995,0.57666,0.015212,28.606,0
23.124,22.996,0.54646,0.028927,28.618,0
23.124,22.999,0,0.038582,28.631,0
23.225,23.003,0.54144,0.05037,28.65,0
23.271,23.008,0.54647,0.059656,28.679,0
23.271,23.014,0,0.071106,28.706,0
23.388,23.021,0.58955,0.083138,28.725,0
23.447,23.03,0.60672,0.094739,28.759,0
23.498,23.039,0.60378,0.10427,28.8,0
23.561,23.049,0.58617,0.11611,28.842,0
23.627,23.061,0.55051,0.12874,28.895,0
23.673,23.074,0.5416,0.1363,28.954,0
23.723,23.088,0.51865,0.14476,29.019,0
23.769,23.102,0.50624,0.15215,29.089,0
23.817,23.117,0.53722,0.15969,29.152,0
23.869,23.133,0.55358,0.16811,29.215,0
23.93,23.15,0.54889,0.1782,29.285,0
23.986,23.168,0.54719,0.18725,29.362,0
24.042,23.187,0.53858,0.19595,29.45,0
24.042,23.206,0,0.20184,29.534,0
24.146,23.226,0.55015,0.2111,29.614,0
24.195,23.247,0.58466,0.21789,29.713,0
24.26,23.269,0.56696,0.22804,29.818,0
24.324,23.292,0.57631,0.23788,29.921,0
24.385,23.316,0.59486,0.24685,30.031,0
24.445,23.341,0.56053,0.25538,30.145,0
24.507,23.366,0.50212,0.26429,30.255,0
24.561,23.392,0.53126,0.27116,30.371,0
24.621,23.42,0.54499,0.27904,30.488,0
24.679,23.448,0.48316,0.2865,30.604,0
24.717,23.476,0.48027,0.28927,30.731,0
24.762,23.505,0.47673,0.29347,30.855,0
24.801,23.534,0.43152,0.29605,30.974,0
24.834,23.564,0.3662,0.29737,31.1,0
24.862,23.594,0.31981,0.29735,31.233,0
24.898,23.624,0.26006,0.29933,31.367,0
24.918,23.653,0.22858,0.29752,31.503,0
24.942,23.683,0.22001,0.29663,31.633,0
24.942,23.713,0,0.293,31.758,0
24.967,23.742,0.22568,0.2895,31.892,0
24.999,23.771,0.26398,0.29051,32.013,0
24.999,23.8,0,0.28809,32.134,0
25.05,23.829,0.24758,0.29001,32.276,0
25.065,23.858,0.24081,0.2871,32.406,0
25.08,23.887,0.2802,0.28431,32.534,0
25.099,23.915,0.32441,0.28249,32.661,0
25.128,23.943,0.39697,0.28307,32.782,0
25.167,23.972,0.41013,0.28593,32.911,0
25.205,24,0.39116,0.28848,33.029,0
25.248,24.029,0.34482,0.29234,33.147,0
25.281,24.058,0.30399,0.2936,33.277,0
25.302,24.088,0.24272,0.29191,33.401,0
25.319,24.117,0.2738,0.28932,33.525,0
25.336,24.146,0.3071,0.28689,33.635,0
25.376,24.175,0.36645,0.28981,33.751,0
25.414,24.203,0.37816,0.29231,33.863,0
25.456,24.233,0.39502,0.29583,33.988,0
25.493,24.262,0.36943,0.29773,34.108,0
25.536,24.292,0.3099,0.30158,34.24,0
25.576,24.322,0.20613,0.30416,34.368,0
25.606,24.353,0.10794,0.30448,34.494,0
25.606,24.383,0,0.30164,34.618,0
25.627,24.413,-0.17921,0.2956,34.738,0
25.606,24.443,-0.24759,0.28355,34.857,0
25.58,24.471,-0.30454,0.27061,34.971,0
25.556,24.498,-0.38595,0.25836,35.089,0
25.508,24.524,-0.42783,0.24045,35.193,0
25.457,24.548,-0.40213,0.2224,35.283,0
25.409,24.57,-0.4424,0.2052,35.367,0
25.366,24.591,-0.49742,0.18971,35.446,0.1301
25.318,24.61,-0.52186,0.17364,35.524,0.36017
25.274,24.627,-0.51835,0.15867,35.59,0.46899
25.213,24.643,-0.5544,0.13985,35.651,0.78613
25.161,24.657,-0.55457,0.1238,35.714,0.92488
25.111,24.669,-0.5275,0.1085,35.76,0.93059
25.051,24.68,-0.52199,0.090941,35.808,1.0551
25.006,24.689,-0.53507,0.077721,35.852,1.2307
25.006,24.697,0,0.063511,35.883,0
24.901,24.704,-0.49055,0.048579,35.896,1.2709
24.847,24.708,-0.39791,0.034009,35.921,0.98478
24.799,24.712,-0.28243,0.021522,35.925,0.64034
24.762,24.714,-0.16799,0.011767,35.925,0.34309
24.753,24.715,-0.08811,0.0093644,35.938,0.14266
24.753,24.716,-0.0093604,0.0090552,35.939,0
24.745,24.717,0.047876,0.0069435,35.952,0
24.745,24.718,0,0.007115,35.954,0
24.752,24.718,0.11851,0.008387,35.944,0
24.752,24.719,0,0.012736,35.947,0
24.789,24.72,0.23384,0.016866,35.937,0
24.814,24.722,0.24603,0.02246,35.95,0
24.832,24.724,0.26478,0.026481,35.953,0
24.832,24.727,0,0.030943,35.964,0
24.881,24.73,0.3044,0.037,35.972,0
24.914,24.734,0.29282,0.044305,35.982,0
24.942,24.738,0.29088,0.050075,36.009,0
24.965,24.743,0.31606,0.054418,36.037,0
24.989,24.749,0.32941,0.059169,36.063,0
25.031,24.755,0.35058,0.067923,36.085,0
25.071,24.761,0.38662,0.076244,36.109,0
25.113,24.769,0.41377,0.084591,36.144,0
25.162,24.778,0.45714,0.094581,36.177,0
25.212,24.787,0.44177,0.10471,36.207,0
25.259,24.797,0.41822,0.11368,36.261,0
25.292,24.809,0.38208,0.11914,36.301,0
25.324,24.821,0.36521,0.1242,36.354,0
25.354,24.833,0.33587,0.1284,36.404,0
25.397,24.846,0.34084,0.136,36.45,0
25.441,24.86,0.35526,0.14353,36.502,0
25.47,24.874,0.36873,0.14714,36.559,0
25.47,24.889,0,0.15076,36.618,0
25.529,24.904,0.34551,0.15458,36.668,0
25.56,24.919,0.36376,0.1584,36.729,0
25.597,24.935,0.36107,0.16385,36.798,0
25.631,24.951,0.38341,0.16813,36.857,0
25.67,24.968,0.37671,0.17388,36.928,0
25.701,24.986,0.39336,0.17733,36.995,0
25.741,25.003,0.37522,0.18288,37.071,0
25.776,25.022,0.3587,0.18706,37.146,0
25.806,25.04,0.34262,0.18995,37.217,0
25.831,25.059,0.34289,0.19161,37.286,0
25.858,25.078,0.33039,0.19377,37.374,0
25.891,25.098,0.32388,0.19712,37.452,0
25.918,25.118,0.29747,0.19914,37.534,0
25.946,25.137,0.32247,0.2012,37.616,0
25.976,25.158,0.2799,0.20371,37.69,0
26.001,25.178,0.29232,0.20497,37.782,0
26.03,25.198,0.32383,0.20748,37.873,0
26.057,25.219,0.36367,0.20917,37.962,0
26.1,25.24,0.33448,0.21481,38.049,0
26.142,25.262,0.37902,0.22011,38.138,0
26.186,25.284,0.37346,0.2257,38.223,0
26.221,25.306,0.35502,0.22883,38.321,0
26.262,25.329,0.36196,0.23352,38.419,0
26.289,25.352,0.35919,0.23467,38.522,0
26.331,25.376,0.36413,0.23955,38.617,0
26.368,25.4,0.38782,0.24285,38.711,0
26.406,25.424,0.3995,0.24649,38.815,0
26.443,25.449,0.40268,0.24969,38.905,0
26.489,25.474,0.43569,0.25525,38.996,0
26.533,25.499,0.43855,0.26002,39.106,0
26.573,25.525,0.41233,0.26356,39.202,0
26.618,25.552,0.4041,0.26858,39.303,0
26.655,25.579,0.40831,0.27142,39.416,0
26.69,25.606,0.39999,0.27346,39.533,0
26.721,25.633,0.39457,0.27456,39.652,0
26.768,25.66,0.39228,0.27975,39.759,0
26.806,25.688,0.34544,0.28257,39.878,0
26.849,25.717,0.29709,0.28654,39.985,0
26.874,25.745,0.25214,0.28566,40.092,0
26.874,25.774,0,0.28649,40.203,0
26.92,25.803,0.21181,0.28321,40.329,0
26.936,25.831,0.2531,0.28041,40.449,0
26.963,25.859,0.27274,0.28033,40.567,0
26.982,25.887,0.26607,0.2782,40.674,0
27.003,25.915,0.19235,0.27644,40.774,0
27.027,25.942,0.15641,0.27583,40.882,0
27.051,25.97,0.22073,0.27508,40.99,0
27.064,25.998,0.25625,0.27149,41.095,0
27.092,26.025,0.23297,0.27186,41.196,0
27.124,26.052,0.26098,0.27328,41.31,0
27.15,26.079,0.27326,0.27301,41.422,0
27.169,26.106,0.24947,0.27108,41.523,0
27.195,26.134,0.22249,0.27094,41.619,0
27.225,26.161,0.26593,0.27195,41.735,0
27.251,26.188,0.3251,0.2717,41.837,0
27.282,26.215,0.36192,0.27267,41.948,0
27.324,26.242,0.33383,0.27658,42.048,0
27.352,26.27,0.3383,0.27675,42.148,0
27.387,26.298,0.34471,0.27879,42.263,0
27.415,26.326,0.39677,0.27906,42.38,0
27.459,26.353,0.40668,0.28333,42.496,0
27.508,26.382,0.32647,0.28889,42.605,0
27.537,26.411,0.2681,0.28902,42.716,0
27.559,26.44,0.16292,0.2874,42.821,0
27.58,26.468,0.034754,0.28563,42.931,0
27.574,26.497,-0.11114,0.27687,43.046,0
27.57,26.525,-0.23164,0.26872,43.151,0
27.555,26.551,-0.32109,0.2582,43.246,0
27.532,26.577,-0.33604,0.2456,43.336,0
27.508,26.602,-0.36594,0.2331,43.439,0
27.475,26.625,-0.3585,0.21889,43.521,0
27.439,26.647,-0.32059,0.20395,43.611,0
27.439,26.667,0,0.19019,43.689,0
27.439,26.686,0,0.17685,43.766,0
27.325,26.704,-0.68237,0.1599,43.813,1.3536
27.25,26.72,-0.90736,0.13659,43.878,2.9938
27.159,26.734,-1.1706,0.10972,43.931,5.5101
27.045,26.745,-1.512,0.077445,43.968,9.8643
26.898,26.752,-1.9698,0.037631,43.997,18.103
26.701,26.756,-2.6259,-0.0057743,43.998,36.677
26.701,26.756,0,-0.032204,43.992,0.044198
26.098,26.752,-4.6332,-0.068731,43.943,223.2
26.098,26.746,0,-0.11616,43.878,1.1804
25.084,26.734,-6.4633,-0.17458,43.713,2165.6
24.429,26.716,-7.0446,-0.24372,43.509,11796
23.721,26.692,-7.2517,-0.31952,43.239,5313.8
23.721,26.66,0,-0.39938,42.943,7.3956
22.254,26.62,-7.4483,-0.48162,42.505,1913.3
21.519,26.572,-7.319,-0.56678,42.029,1183.3
20.778,26.515,-6.8727,-0.65591,41.487,684.11
20.778,26.45,0,-0.74209,40.916,17.295
19.472,26.376,-5.7155,-0.82598,40.219,316.88
18.901,26.293,-5.0361,-0.90796,39.503,229.31
18.401,26.202,-4.5249,-0.98563,38.747,184.42
17.942,26.104,-4.3344,-1.063,37.945,171.4
17.506,25.997,-4.2105,-1.1423,37.108,164.01
17.085,25.883,-4.0002,-1.2247,36.244,151.78
16.694,25.761,-3.6772,-1.3083,35.354,134.52
16.321,25.63,-3.2575,-1.3949,34.438,114.92
15.993,25.49,-2.7299,-1.4815,33.491,93.948
15.719,25.342,-2.1807,-1.5646,32.536,75.692
15.508,25.186,-1.6581,-1.6424,31.573,60.963
15.35,25.021,-1.2284,-1.7159,30.603,50.311
15.35,24.85,0,-1.7868,29.644,28.467
15.35,24.671,0,-1.8559,28.703,26.834
15.35,24.486,0,-1.9192,27.78,25.249
15.023,24.294,-0.41906,-1.9843,26.79,30.727
14.984,24.095,-0.39099,-2.0476,25.872,28.776
14.936,23.89,-0.37558,-2.1129,24.978,27.029
14.898,23.679,-0.39597,-2.1787,24.089,25.675
14.861,23.461,-0.39352,-2.2436,23.226,24.023
14.814,23.237,-0.3084,-2.3134,22.371,21.443
14.782,23.006,-0.18622,-2.3792,21.537,18.588
14.762,22.768,-0.075277,-2.4409,20.722,16.045
14.751,22.524,0.07251,-2.4969,19.935,13.461
14.763,22.274,0.24326,-2.541,19.178,11.071
14.763,22.02,0,-2.5782,18.44,11.394
14.831,21.762,0.4267,-2.6004,17.74,8.1025
14.871,21.502,0.45023,-2.6199,17.059,7.1999
14.923,21.24,0.46244,-2.6276,16.403,6.4574
14.964,20.977,0.47957,-2.6266,15.794,5.8656
15.015,20.715,0.47327,-2.9,15.212,5.4364
15.065,20.425,0.4667,-2.9,14.656,5.3135
15.122,20.135,0.51351,-2.9,14.135,5.4897
15.179,19.845,0.52588,-2.9,13.646,5.8501
15.223,19.555,0.52718,-2.9,13.191,6.3978
15.271,19.265,0.54719,-2.9,12.765,7.3014
15.32,18.975,0.52732,-2.9,12.377,8.2854
15.378,18.685,0.49481,-2.9,12.03,9.5125
15.378,18.395,0,-2.9,11.714,7.451
15.478,18.105,0.46621,-4.4,11.434,72.464
15.53,17.665,0.45463,-4.4,11.199,94.187
15.583,17.225,0.48477,-4.4,11.001,124.27
15.583,16.785,0,-4.4,10.859,181.75
15.671,16.345,0.46088,-4.4,10.773,230.09
15.71,15.905,0.47618,-4.4,10.729,329.31
15.766,15.465,0.47674,-4.4,10.734,524.94
15.808,15.025,0.4377,-4.4,10.778,1086.2
15.853,14.585,0.43256,-4.4,10.882,6376.1
15.853,14.145,0,-4.4,11.031,0
15.943,13.705,0.46236,-4.4,11.239,0
15.989,13.265,0.46361,-4.4,11.495,0
16.045,12.825,0.48406,0.87886,11.801,0
16.088,12.912,0.52107,0.87721,12.119,0
16.135,13,0.53226,0.87599,12.434,0
16.195,13.088,0.53303,0.87774,12.743,0
16.257,13.176,0.52429,0.87989,13.062,0
16.308,13.264,0.51357,0.87808,13.376,0
16.354,13.351,0.51025,0.87402,13.681,0
16.396,13.439,0.49462,0.86822,13.985,0
16.447,13.526,0.49501,0.8647,14.284,0
16.497,13.612,0.50458,0.86039,14.583,0
16.547,13.698,0.48052,0.85523,14.861,0
16.599,13.784,0.42312,0.85061,15.148,0
16.648,13.869,0.4204,0.84477,15.426,0
16.695,13.953,0.4259,0.83806,15.701,0
16.739,14.037,0.39249,0.83046,15.979,0
16.785,14.12,0.41709,0.82321,16.248,0
16.835,14.202,0.4593,0.81684,16.504,0
16.881,14.284,0.43808,0.80888,16.757,0
16.921,14.365,0.4395,0.79932,17.016,0
16.965,14.445,0.48242,0.7914,17.27,0
17.007,14.524,0.50359,0.78254,17.522,0
17.059,14.602,0.53075,0.77684,17.764,0
17.109,14.68,0.5804,0.77088,18.012,0
17.172,14.757,0.59187,0.76827,18.246,0
17.239,14.834,0.59826,0.76764,18.489,0
17.303,14.911,0.6371,0.7654,18.72,0
17.373,14.987,0.67989,0.76515,18.95,0
17.434,15.064,0.72063,0.76247,19.198,0
17.506,15.14,0.7504,0.76318,19.439,0
17.59,15.216,0.78504,0.76705,19.667,0
17.677,15.293,0.7705,0.7723,19.904,0
17.76,15.37,0.75098,0.77563,20.139,0
17.842,15.448,0.7576,0.7785,20.374,0
17.911,15.526,0.75631,0.7771,20.606,0
17.991,15.603,0.73534,0.77911,20.844,0
18.067,15.681,0.75515,0.77994,21.081,0
18.133,15.759,0.79097,0.77713,21.31,0
18.211,15.837,0.79807,0.7782,21.544,0
18.299,15.915,0.80199,0.78322,21.788,0
18.384,15.993,0.83902,0.78648,22.024,0
18.461,16.072,0.86978,0.787,22.263,0
18.461,16.15,0,0.7925,22.498,0
18.642,16.23,0.8472,0.79691,22.752,0
18.724,16.309,0.82775,0.79864,22.998,0
18.805,16.389,0.81029,0.80019,23.243,0
18.889,16.469,0.81515,0.80247,23.488,0
18.98,16.549,0.79176,0.80695,23.735,0
19.05,16.63,0.78784,0.8044,23.981,0
19.133,16.711,0.79588,0.80607,24.23,0
19.133,16.791,0,0.80865,24.468,0
19.307,16.872,0.82226,0.81108,24.705,0
19.396,16.953,0.85871,0.81474,24.956,0
19.396,17.035,0,0.81521,25.196,0
19.548,17.116,0.73828,0.81206,25.45,0
19.631,17.197,0.68704,0.81341,25.698,0
19.696,17.279,0.62751,0.80839,25.944,0
19.749,17.36,0.56117,0.79947,26.185,0
19.804,17.439,0.49084,0.79137,26.42,0
19.858,17.519,0.47296,0.78332,26.664,0
19.901,17.597,0.48117,0.77174,26.891,0
19.956,17.674,0.49385,0.7645,27.126,0
20.015,17.751,0.49259,0.75889,27.351,0
20.015,17.826,0,0.74866,27.574,0
20.123,17.901,0.62282,0.74459,27.797,0
20.18,17.976,0.65249,0.73889,28.023,0
20.238,18.05,0.68362,0.73379,28.25,0
20.314,18.123,0.70949,0.73503,28.473,0
20.394,18.197,0.753,0.73727,28.694,0
20.469,18.27,0.85723,0.73744,28.908,0
20.469,18.344,0,0.74423,29.124,0
20.649,18.418,1.0443,0.74788,29.338,0
20.76,18.493,0.85084,0.75988,29.555,0
