8.6111,8.6111,1.0757,0,35.5,0.21129
8.7183,8.6111,1.2438,6.7,35.497,39.405
8.8339,9.2811,1.1428,6.7,35.476,44.268
8.9403,9.9511,1.1502,6.7,35.396,47.653
9.0501,10.621,1.1263,6.7,35.274,51.543
9.1582,11.291,1.1014,-0.12787,35.086,1.8546
9.1582,11.278,0,-0.12103,34.874,5.8519
9.3809,11.266,1.1012,-0.11489,34.692,1.4732
9.3809,11.255,0,-0.10878,34.504,5.0083
9.6017,11.244,1.0827,-0.1015,34.349,1.1565
9.7136,11.234,1.0839,-0.094606,34.187,1.0051
9.8241,11.224,1.0643,-0.087697,34.035,0.87479
9.9258,11.215,1.059,-0.081274,33.891,0.7571
10.028,11.207,1.042,-0.074701,33.764,0.64785
10.133,11.2,1.0493,-0.067906,33.654,0.54547
10.23,11.193,1.037,-0.061586,33.543,0.45667
10.333,11.187,1.0374,-0.054878,33.443,0.37622
10.442,11.181,1.0215,-0.047672,33.368,0.29197
10.542,11.177,1.0225,-0.041037,33.3,0.23317
10.648,11.173,1.0015,-0.033997,33.249,0.16091
10.751,11.169,0.98675,-0.027164,33.197,0.10167
10.855,11.166,0.97238,-0.020273,33.153,0.048938
10.942,11.164,0.98256,-0.014475,33.132,0.041042
11.048,11.163,0.95968,-0.0074612,33.106,0
11.148,11.162,0.95383,-0.00092219,33.104,0
11.235,11.162,0.95561,0.063125,33.108,0
11.333,11.168,0.978,0.14129,33.114,0
11.333,11.183,0,0.20568,33.13,0.16785
11.526,11.203,0.96838,0.27665,33.15,0
11.625,11.231,0.94265,0.33688,33.177,0
11.717,11.265,0.91769,0.38498,33.215,0
11.812,11.303,0.87498,0.43175,33.258,0
11.905,11.346,0.84639,0.47122,33.304,0
11.998,11.393,0.81988,0.5073,33.368,0
12.089,11.444,0.786,0.53799,33.436,0
12.171,11.498,0.75124,0.55804,33.497,0
12.254,11.554,0.75082,0.57688,33.558,0
12.331,11.611,0.73387,0.58868,33.621,0
12.396,11.67,0.74794,0.58996,33.7,0
12.465,11.729,0.77228,0.59455,33.775,0
12.552,11.789,0.79713,0.61242,33.843,0
12.64,11.85,0.77768,0.63,33.929,0
12.715,11.913,0.7459,0.63519,34.013,0
12.786,11.976,0.72524,0.63632,34.088,0
12.858,12.04,0.70452,0.63872,34.172,0
12.858,12.104,0,0.63862,34.25,0
12.99,12.168,0.67524,0.63383,34.33,0
13.059,12.231,0.65841,0.6336,34.418,0
13.126,12.295,0.60891,0.63226,34.496,0
13.189,12.358,0.5921,0.62812,34.585,0
13.243,12.421,0.57694,0.61793,34.666,0
13.3,12.482,0.56878,0.61034,34.743,0
13.363,12.543,0.57347,0.60774,34.819,0
13.43,12.604,0.561,0.60885,34.902,0
13.491,12.665,0.53839,0.6052,34.976,0
13.548,12.726,0.5073,0.59885,35.051,0
13.599,12.785,0.47561,0.58906,35.138,0
13.654,12.844,0.49601,0.58357,35.228,0
13.697,12.903,0.52342,0.5692,35.303,0
13.752,12.96,0.57995,0.56465,35.378,0
13.808,13.016,0.63144,0.56122,35.462,0
13.881,13.072,0.65656,0.57008,35.546,0
13.881,13.129,0,0.56798,35.624,0
14.01,13.186,0.69501,0.57507,35.72,0
14.07,13.244,0.69888,0.57379,35.807,0
14.07,13.301,0,0.57505,35.886,0
14.195,13.358,0.71453,0.57523,35.966,0
14.274,13.416,0.69817,0.58661,36.042,0
14.341,13.475,0.67594,0.58963,36.134,0
14.411,13.534,0.64561,0.59348,36.217,0
14.484,13.593,0.59633,0.59988,36.308,0
14.549,13.653,0.54028,0.60062,36.406,0
14.604,13.713,0.50357,0.5935,36.487,0
14.644,13.772,0.47587,0.57817,36.582,0
14.686,13.83,0.46624,0.56496,36.66,0
14.733,13.887,0.45624,0.55597,36.743,0
14.769,13.942,0.4282,0.54071,36.835,0
14.809,13.996,0.41596,0.52893,36.907,0
14.85,14.049,0.40731,0.51859,36.991,0
14.897,14.101,0.39618,0.51326,37.061,0
14.897,14.152,0,0.50563,37.138,0
14.985,14.203,0.46927,0.50077,37.238,0
15.038,14.253,0.48186,0.50064,37.315,0
15.095,14.303,0.48316,0.50278,37.4,0
15.135,14.353,0.49132,0.49451,37.481,0
15.191,14.403,0.46752,0.4969,37.566,0
15.247,14.452,0.43064,0.49894,37.652,0
15.289,14.502,0.41902,0.492,37.734,0
15.34,14.552,0.40381,0.49087,37.807,0
15.384,14.601,0.33962,0.48599,37.881,0
15.418,14.649,0.30126,0.47541,37.953,0
15.441,14.697,0.26836,0.45805,38.019,0
15.471,14.743,0.24187,0.44685,38.097,0
15.491,14.787,0.21661,0.43035,38.167,0
15.515,14.83,0.2389,0.41742,38.243,0
15.534,14.872,0.23902,0.40206,38.312,0
15.564,14.912,0.22707,0.39528,38.385,0
15.595,14.952,0.23181,0.38869,38.459,0
15.612,14.991,0.23536,0.37479,38.526,0
15.637,15.028,0.24812,0.36595,38.588,0
15.637,15.065,0,0.35992,38.647,0
15.685,15.101,0.24243,0.34903,38.703,0
15.703,15.136,0.23883,0.33871,38.769,0
15.703,15.17,0,0.32609,38.824,0
15.743,15.202,0.097147,0.32138,38.886,0
15.748,15.234,0.042984,0.30445,38.941,0
15.743,15.265,0.030936,0.28247,38.992,0
15.744,15.293,0.0033113,0.26591,39.039,0
15.741,15.32,-0.016748,0.24827,39.088,0
15.743,15.344,-0.019882,0.23449,39.126,0
15.742,15.368,-0.018748,0.21935,39.16,0
15.737,15.39,-0.03647,0.20337,39.202,0
15.73,15.41,-0.058259,0.1874,39.233,0
15.715,15.429,-0.087219,0.16735,39.258,0
15.707,15.446,-0.091275,0.15233,39.287,0.011027
15.701,15.461,-0.069178,0.14017,39.305,0
15.696,15.475,-0.046587,0.12881,39.338,0
15.697,15.488,-0.059376,0.12164,39.367,0
15.696,15.5,-0.048031,0.11416,39.381,0
15.7,15.511,-0.022599,0.10936,39.399,0
15.705,15.522,-0.064865,0.10607,39.418,0.0014872
15.702,15.533,-0.1279,0.098012,39.441,0.18106
15.681,15.543,-0.13273,0.080318,39.466,0.218
15.668,15.551,-0.11001,0.067789,39.482,0.17108
15.652,15.557,-0.11106,0.054742,39.5,0.19135
15.646,15.563,-0.056565,0.048007,39.508,0.060201
15.635,15.568,-0.016864,0.038724,39.509,0
15.636,15.572,-0.024199,0.037207,39.512,0
15.638,15.575,-0.046584,0.036026,39.512,0.052793
15.625,15.579,-0.081404,0.026911,39.522,0.15088
15.609,15.582,-0.15875,0.015865,39.535,0.37785
15.585,15.583,-0.19992,0.0012377,39.532,0.52257
15.556,15.583,-0.16689,-0.0018875,39.534,0.48426
15.53,15.583,-0.11502,-0.0037346,39.534,0.39189
15.51,15.583,-0.11425,-0.0050543,39.526,0.43128
15.508,15.582,-0.15412,-0.0051971,39.513,0.55368
15.502,15.582,-0.12405,-0.0055868,39.506,0.47633
15.499,15.581,-0.14097,-0.0057516,39.496,0.53172
15.478,15.581,-0.15426,-0.0071605,39.49,0.61873
15.455,15.58,-0.17076,-0.0087232,39.479,0.72375
15.447,15.579,-0.16765,-0.0092094,39.471,0.73
15.426,15.578,-0.18757,-0.010618,39.454,0.84457
15.405,15.577,-0.19699,-0.012023,39.435,0.92599
15.381,15.576,-0.23092,-0.013648,39.417,1.107
15.353,15.574,-0.15078,-0.015552,39.393,0.88904
15.341,15.573,-0.1019,-0.016254,39.363,0.75378
15.333,15.571,-0.099682,-0.016758,39.339,0.76291
15.324,15.57,-0.11892,-0.017245,39.309,0.83944
15.304,15.568,-0.14454,-0.018553,39.281,0.96829
15.29,15.566,-0.22098,-0.019451,39.256,1.2775
15.26,15.564,-0.21198,-0.021449,39.233,1.3155
15.247,15.562,-0.23622,-0.02223,39.196,1.4391
15.229,15.56,-0.22635,-0.023401,39.174,1.4426
15.207,15.557,-0.20273,-0.024824,39.137,1.4005
15.195,15.555,-0.1985,-0.025485,39.095,1.4066
15.181,15.552,-0.23913,-0.026342,39.054,1.601
15.149,15.55,-0.24675,-0.028454,39.019,1.7124
15.123,15.547,-0.2356,-0.030164,38.974,1.7284
15.091,15.544,-0.1854,-0.032299,38.935,1.5994
15.064,15.541,-0.12143,-0.034049,38.891,1.413
15.052,15.537,-0.047839,-0.034696,38.841,1.1732
15.047,15.534,-0.019921,-0.034906,38.792,1.0866
15.047,15.53,0,-0.034346,38.744,1.0168
15.048,15.527,-0.07434,-0.034455,38.688,1.2479
15.049,15.523,-0.07419,-0.034177,38.649,1.2362
15.04,15.52,-0.024528,-0.034637,38.606,1.0839
15.04,15.516,0,-0.034724,38.559,0.99785
15.039,15.513,0.1356,-0.034379,38.504,0.62412
15.039,15.51,0,-0.033651,38.456,0.98755
15.039,15.506,0,-0.032667,38.409,0.98211
15.069,15.503,0.18225,-0.03163,38.361,0.4404
15.09,15.5,0.21127,-0.029889,38.31,0.33647
15.106,15.497,0.19694,-0.028562,38.263,0.32953
15.121,15.494,0.14537,-0.027341,38.22,0.40226
15.127,15.491,0.084668,-0.026754,38.182,0.52395
15.126,15.489,0.053976,-0.026604,38.149,0.59535
15.124,15.486,0.062383,-0.026652,38.106,0.57393
15.13,15.483,0.083846,-0.026009,38.061,0.50174
15.146,15.481,0.12645,-0.024682,38.034,0.36843
15.156,15.478,0.15179,-0.02377,38.005,0.29157
15.162,15.476,0.14568,-0.023232,37.976,0.28964
15.171,15.473,0.08701,-0.022368,37.939,0.39278
15.172,15.471,0.057208,-0.02221,37.901,0.45776
15.172,15.469,0,-0.021971,37.871,0.60026
15.175,15.467,0.141,-0.021649,37.846,0.25633
15.19,15.465,0.17583,-0.020462,37.823,0.16065
15.215,15.463,0.19983,-0.018419,37.796,0.071194
15.242,15.461,0.22435,-0.016261,37.779,0
15.255,15.459,0.29462,-0.015212,37.754,0
15.284,15.458,0.35648,-0.012934,37.739,0
15.326,15.456,0.40944,-0.0097291,37.731,0
15.376,15.455,0.47924,-0.00593,37.727,0
15.428,15.455,0.53042,-0.0020113,37.726,0
15.484,15.454,0.51311,0.016373,37.732,0
15.526,15.456,0.52114,0.039001,37.728,0
15.578,15.46,0.57386,0.066038,37.735,0
15.639,15.467,0.59175,0.096587,37.744,0
15.695,15.476,0.60574,0.12305,37.763,0
15.755,15.489,0.63131,0.14951,37.794,0
15.827,15.504,0.65223,0.18107,37.824,0
15.895,15.522,0.63531,0.20901,37.858,0
15.962,15.543,0.60866,0.23465,37.889,0
16.017,15.566,0.56931,0.25184,37.933,0
16.084,15.591,0.54589,0.27451,37.972,0
16.131,15.619,0.54885,0.28512,38.03,0
16.187,15.647,0.59149,0.30004,38.089,0
16.254,15.677,0.70282,0.31961,38.137,0
16.254,15.709,0,0.33924,38.193,0
16.407,15.743,0.72369,0.3667,38.272,0
16.473,15.78,0.67316,0.38207,38.336,0
16.535,15.818,0.71234,0.39382,38.411,0
16.596,15.857,0.74746,0.40522,38.494,0
16.674,15.898,0.82454,0.42454,38.561,0
16.764,15.94,0.87385,0.4493,38.631,0
16.851,15.985,0.90591,0.47102,38.724,0
16.946,16.032,0.82699,0.49577,38.814,0
17.035,16.082,0.7591,0.51501,38.898,0
17.12,16.133,0.73132,0.53195,38.999,0
17.187,16.187,0.78106,0.53709,39.089,0
17.255,16.24,0.84038,0.54302,39.185,0
17.339,16.295,0.87211,0.55701,39.278,0
17.431,16.35,0.8083,0.57437,39.384,0
17.512,16.408,0.75353,0.5849,39.493,0
17.591,16.466,0.73522,0.59367,39.599,0
17.672,16.526,0.75076,0.60304,39.713,0
17.743,16.586,0.78139,0.60675,39.838,0
17.823,16.647,0.83502,0.61488,39.951,0
17.913,16.708,0.87686,0.6274,40.06,0
17.913,16.771,0,0.64116,40.177,0
18.095,16.835,0.83268,0.65123,40.289,0
18.18,16.9,0.80315,0.65881,40.409,0
18.267,16.966,0.77116,0.66726,40.536,0
18.347,17.033,0.75144,0.67152,40.667,0
18.423,17.1,0.78243,0.67364,40.79,0
18.499,17.167,0.82531,0.6755,40.925,0
18.577,17.235,0.81871,0.67812,41.059,0
18.66,17.303,0.79096,0.68352,41.193,0
18.738,17.371,0.78854,0.68592,41.331,0
18.823,17.439,0.75051,0.69142,41.465,0
18.899,17.509,0.67883,0.69251,41.61,0
18.964,17.578,0.66927,0.68782,41.755,0
19.033,17.647,0.68282,0.68579,41.891,0
19.101,17.715,0.67263,0.68295,42.034,0
19.168,17.784,0.66671,0.68003,42.181,0
19.168,17.852,0,0.67665,42.316,0
19.293,17.919,0.62984,0.67042,42.46,0
19.356,17.986,0.62627,0.6659,42.603,0
19.421,18.053,0.61093,0.6632,42.732,0
19.492,18.119,0.60774,0.66295,42.868,0
19.553,18.185,0.61505,0.65856,43.009,0
19.618,18.251,0.60957,0.6559,43.139,0
19.677,18.317,0.5779,0.65052,43.281,0
19.741,18.382,0.54598,0.64835,43.423,0
19.799,18.447,0.49998,0.64307,43.568,0
19.841,18.511,0.48132,0.6303,43.694,0
19.885,18.574,0.47357,0.61978,43.835,0
19.928,18.636,0.49063,0.60875,43.968,0
19.97,18.697,0.52144,0.59817,44.09,0
20.03,18.757,0.58787,0.59659,44.219,0
20.089,18.816,0.63288,0.5945,44.342,0
20.161,18.876,0.66761,0.59891,44.472,0
20.225,18.936,0.71783,0.59916,44.591,0
20.289,18.996,0.72814,0.59957,44.717,0
20.352,19.056,0.67465,0.59941,44.851,0
20.41,19.116,0.63195,0.59672,44.972,0
20.481,19.175,0.58405,0.60018,45.109,0
20.548,19.235,0.49008,0.60204,45.239,0
20.599,19.295,0.41095,0.59599,45.361,0
20.646,19.355,0.36909,0.5887,45.481,0
20.646,19.414,0,0.58027,45.608,0
20.711,19.472,0.22823,0.56202,45.727,0
20.731,19.528,0.26448,0.54435,45.859,0
20.75,19.583,0.18915,0.52703,45.981,0
20.764,19.635,0.10722,0.50824,46.086,0
20.776,19.686,0.097734,0.48967,46.2,0
20.789,19.735,0.088882,0.47288,46.306,0
20.801,19.782,0.0086662,0.45622,46.413,0
20.798,19.828,0.033657,0.43341,46.521,0
20.807,19.871,0.049759,0.4176,46.623,0
20.807,19.913,0,0.40087,46.714,0
20.813,19.953,-0.050148,0.38226,46.817,0
20.812,19.991,-0.047168,0.36423,46.901,0
20.801,20.028,-0.065595,0.34293,46.98,0
20.801,20.062,-0.11789,0.32703,47.053,0
20.797,20.095,-0.16396,0.31033,47.13,0
20.774,20.126,-0.16253,0.28597,47.202,0
20.754,20.154,-0.15946,0.26461,47.273,0
20.731,20.181,-0.15644,0.24256,47.335,0
20.714,20.205,-0.12825,0.22375,47.379,0
20.705,20.228,-0.081395,0.20973,47.423,0
20.703,20.249,-0.09049,0.19971,47.478,0
20.693,20.269,-0.17172,0.18641,47.524,0
20.673,20.287,-0.99334,0.16905,47.56,4.5295
20.575,20.304,-2.1526,0.11878,47.599,22.236
20.362,20.316,-3.3498,0.020083,47.618,70.706
20.024,20.318,-4.5842,-0.02011,47.604,221.42
19.562,20.316,-5.7295,-0.051612,47.542,817.02
18.993,20.311,-5.9761,-0.09053,47.435,884.58
18.388,20.302,-5.7751,-0.13222,47.269,535.65
17.811,20.289,-5.457,-0.17239,47.051,356.47
17.269,20.271,-5.1019,-0.21074,46.775,260.37
16.749,20.25,-4.788,-0.2482,46.459,208.45
16.277,20.225,-4.5935,-0.28322,46.089,184.94
15.813,20.197,-4.4952,-0.31883,45.669,175.3
15.355,20.165,-4.4978,-0.35494,45.218,176.07
14.897,20.13,-4.4944,-0.39267,44.712,176.52
14.452,20.09,-4.5465,-0.43079,44.17,181.83
13.993,20.047,-4.5658,-0.47157,43.594,184.39
13.537,20,-4.5929,-0.5143,42.968,187.64
13.07,19.949,-4.5359,-0.55994,42.308,184.2
12.621,19.893,-4.4672,-0.60693,41.594,180.24
12.184,19.832,-4.3638,-0.65538,40.856,174.21
11.74,19.767,-4.1886,-0.70755,40.073,164.11
11.74,19.696,0,-0.76077,39.274,29.484
10.923,19.62,-3.9095,-0.81632,38.388,150.47
10.538,19.538,-3.7972,-0.87435,37.495,145.73
10.164,19.451,-3.6764,-0.93529,36.577,140.71
9.7872,19.357,-3.6953,-1.0009,35.638,142.88
9.4239,19.257,-3.7449,-1.0704,34.666,146.43
9.0513,19.15,-3.734,-1.1471,33.66,146.81
8.6688,19.035,-3.7206,-1.231,32.638,146.99
8.2882,18.912,-3.71,-1.3219,31.592,147.16
7.9226,18.78,-3.6856,-1.42,30.511,146.37
7.5587,18.638,-3.5894,-1.5273,29.407,141.87
7.1931,18.485,-3.5196,-1.6447,28.29,52.216
6.8474,18.321,-3.4528,-1.771,27.152,51.23
6.4953,18.144,-3.3445,-1.9114,25.999,50.156
6.1641,17.953,-3.187,-2.0648,24.818,48.946
5.8412,17.746,-3.0094,-2.2322,23.634,47.565
5.5499,17.523,-2.796,-2.4112,22.447,46.004
5.5499,17.282,0,-2.61,21.261,33.284
5.0086,17.021,-2.4158,-2.8252,20.046,84.104
4.7667,16.738,-2.2691,-3.0622,18.844,75.887
4.532,16.432,-2.1666,-3.3214,17.659,68.72
4.3063,16.1,-2.0767,-3.6102,16.476,61.428
4.1073,15.739,-2.0055,-3.9203,15.314,30.154
3.915,15.347,-1.7837,-4.2659,14.161,42.807
3.7452,14.92,-1.2975,-4.6371,13.036,27.631
3.6158,14.456,-0.84278,-5.7619,11.945,12.338
3.5337,13.88,-0.55465,-5.4755,10.877,10.92
3.4799,13.333,-0.29777,-5.2214,9.8585,9.8928
3.4467,12.811,-0.087525,-5.0124,8.9021,9.2078
3.442,12.309,-0.20494,-5.128,7.9859,8.9622
3.4137,11.797,-0.34971,-5.2759,7.1325,9.3858
3.3867,11.269,-0.31819,-5.2302,6.3244,10.217
3.3498,10.746,-0.16334,-5.2,5.5672,12.654
3.3248,10.226,-0.097537,-5.2,4.8538,12.55
3.317,9.706,0.0023784,-5.2,4.1919,12.205
3.3197,9.186,0.13702,-5.2,3.5851,12.222
3.3385,8.666,0.26794,-5.2,3.0302,12.359
3.3655,8.146,0.41544,-5.2,2.5275,12.754
3.4154,7.626,0.7327,-5.2,2.084,14.985
3.4958,7.106,1.1373,-5.2,1.7019,18.632
3.6148,6.586,1.4794,-5.2,1.3713,22.369
3.7674,6.066,1.6311,-8.8,1.1091,17.111
3.9307,5.186,1.4502,-8.8,0.92164,15.193
4.0737,4.306,0.86261,-8.8,0.85475,8.4324
4.1525,3.426,0.01209,-8.8,0.88846,0
4.1553,2.546,-0.80101,-8.8,1.0015,0
4.0735,1.666,-1.4724,-8.8,1.2081,0
3.9245,0.78595,-1.9707,-8.8,1.4761,0
3.7188,0,-2.2736,-8.8,1.8303,0
3.5007,0,-2.2156,-8.8,2.2347,0
3.2822,0,-1.8779,-8.8,2.6156,0
3.0983,0,-1.2625,-8.8,2.9742,0
2.9698,0,-0.39719,-8.8,3.3316,0
2.9201,0,0.35226,-8.8,3.6643,0
2.9568,0,0.5015,-8.8,4.01,0
3.0169,0,-0.13862,-8.8,4.3496,0
2.9975,0,-1.2316,-8.8,4.7016,0
2.8712,0,-2.718,-2.718,5.0389,0
2.591,0,-4.0663,-4.0663,5.3197,0
2.184,0,-4.8999,-4.8999,5.575,0
1.689,0,-5.0144,-5.0144,5.7997,0
1.1975,0,-4.7721,-4.7721,5.9644,0
0.71436,0,-4.0512,-4.0512,6.0855,0
0.71436,0,0,-2.8965,6.1772,0
0.030924,0,-1.783,-1.783,6.1885,0
-0.13788,0,-0.85796,-0.85796,6.1968,0.28265
-0.21378,0,-0.091211,-0.091211,6.186,0.43825
-0.22958,0,0.55434,0.55434,6.1608,0.47065
-0.1704,0.055434,1.0054,1.0054,6.1442,0.46296
-0.073901,0.15598,1.5164,1.5164,6.1192,0.47125
0.076115,0.30762,2.0137,2.0137,6.1062,0.49259
0.2766,0.509,2.3709,2.3709,6.0853,0.49328
0.51405,0.74609,2.4645,2.4645,6.0589,0.49219
0.77012,0.99254,2.1884,-0.017571,6.0442,3.8305
0.98567,0.99078,1.673,-0.00040492,6.0302,1.9928
1.1445,0.99074,1.0555,1.6636,6.0386,1.436
1.2516,1.1571,0.59053,0.79079,6.0546,0.27474
1.3085,1.2362,0.29845,0.54302,6.0654,0.46091
1.3433,1.2905,0.17126,0.36945,6.0689,0.37605
1.3433,1.3274,0,0.17365,6.0723,0.39921
1.3727,1.3448,0.61037,0.1827,6.0902,0
1.4345,1.3631,0.94297,0.45694,6.0893,0
1.532,1.4088,1.2311,0.74821,6.1059,0
1.6599,1.4836,1.4842,0.98535,6.1304,0
1.8103,1.5821,1.5506,1.1468,6.1408,0
1.9589,1.6968,1.4536,1.1753,6.1589,0
2.1051,1.8143,1.3735,1.169,6.1773,0
2.2433,1.9312,1.2869,1.1356,6.2097,0
2.3798,2.0448,1.1973,1.1128,6.2397,0
2.5023,2.1561,1.2174,1.0577,6.2722,0
2.5023,2.2618,0,1.0226,6.3015,3.3881
2.5023,2.3641,0,1.0139,6.3204,3.7267
2.8664,2.4655,1.1405,0.99376,6.3805,0
2.9877,2.5649,1.0885,0.98636,6.417,0
3.0967,2.6635,1.004,0.95341,6.4529,0
3.2018,2.7588,0.98191,0.92371,6.4882,0
3.3048,2.8512,0.99839,0.9012,6.5351,0
3.4062,2.9413,1.0595,0.883,6.5875,0
3.5069,3.0296,1.2071,0.86733,6.6256,0
3.6184,3.1164,1.3704,0.87627,6.6767,0
3.7484,3.204,1.5256,0.91296,6.7236,0
3.9017,3.2953,1.5859,0.97751,6.7796,0
4.0623,3.393,1.5425,1.0362,6.8453,0
4.2156,3.4967,1.3826,1.0674,6.9091,0
4.3467,3.6034,1.1905,1.0599,6.9853,0
4.4565,3.7094,0.97821,1.0255,7.0676,0
4.5578,3.8119,0.76036,0.98649,7.1351,0
4.6326,3.9106,0.56803,0.92329,7.2064,0
4.6326,4.0029,0,0.85666,7.274,1.1903
4.7355,4.0886,0.25209,0.78084,7.3429,0
4.7532,4.1667,0.16178,0.69142,7.4084,0.044733
4.7673,4.2358,0.1085,0.61379,7.466,0.11158
4.7829,4.2972,0.081226,0.55092,7.5161,0.11742
4.7829,4.3523,0,0.49378,7.562,0.34583
4.7961,4.4016,0.04493,0.43395,7.5989,0.1008
4.7997,4.445,-0.0061846,0.38539,7.6331,0.21099
4.8047,4.4836,-0.0094135,0.34543,7.6707,0.18264
4.7953,4.5181,0.01213,0.29509,7.6922,0.079495
4.787,4.5476,0.052439,0.25288,7.7177,0
4.787,4.5729,0,0.22126,7.7403,0.059549
4.8053,4.595,0.24572,0.21912,7.7503,0
4.8214,4.617,0.3193,0.21168,7.7645,0
4.8604,4.6381,0.37091,0.2287,7.776,0
4.903,4.661,0.28451,0.24756,7.7977,0
4.9349,4.6858,0.11239,0.25321,7.8161,0
4.9457,4.7111,-0.069643,0.23719,7.8483,0.25557
4.9374,4.7348,-0.23531,0.20346,7.865,0.80266
4.9048,4.7551,-0.40821,0.14946,7.8789,1.4887
4.8561,4.7701,-0.44793,0.085532,7.8825,1.5952
4.8167,4.7786,-0.4397,0.037716,7.8816,1.4945
4.7673,4.7824,-0.47341,-0.0042041,7.8738,1.637
4.7288,4.782,-0.48781,-0.014854,7.8724,1.7832
4.6764,4.7805,-0.47243,-0.029045,7.8739,1.8091
4.6377,4.7776,-0.4559,-0.039086,7.8616,1.7993
4.6001,4.7737,-0.45107,-0.048584,7.8486,1.8421
4.6001,4.7688,0,-0.059745,7.8315,0.22154
4.5148,4.7629,-0.37352,-0.069862,7.8087,1.6252
4.4811,4.7559,-0.34943,-0.077645,7.7856,1.5692
4.4413,4.7481,-0.4165,-0.087109,7.7539,1.933
4.3904,4.7394,-0.60667,-0.099473,7.7265,3.0451
4.3334,4.7294,-0.90271,-0.11357,7.6884,5.2732
4.2396,4.7181,-1.159,-0.13821,7.6427,7.9123
4.2396,4.7043,0,-0.16838,7.5956,0.60733
3.9905,4.6874,-1.6761,-0.20583,7.5082,15.522
3.8224,4.6668,-1.7691,-0.25293,7.4227,17.574
3.8224,4.6416,0,-0.29982,7.3395,1.0737
3.4636,4.6116,-1.906,-8.8,7.2265,0
3.2757,3.7316,-2.0014,-0.11416,7.1472,7.3406
3.0853,3.7202,-2.0943,-0.16069,7.0867,7.6093
3.0853,3.7041,0,-0.21306,7.0241,0.84033
2.6615,3.6828,-2.2371,-0.2649,6.9364,8.107
2.4418,3.6563,-2.334,-0.32069,6.8292,8.391
2.2042,3.6242,-2.4184,-8.8,6.6961,0
1.9697,2.7442,-2.5232,-0.15914,6.5894,7.6104
1.7185,2.7283,-2.6333,-0.21097,6.4983,8.0895
1.4579,2.7072,-2.6224,-0.2665,6.3844,8.3404
1.2003,2.6806,-2.5965,-8.8,6.2408,0
0.93926,1.8006,-2.5773,-0.12675,6.1219,7.3493
0.67638,1.7879,-2.525,-0.16635,6.0319,7.624
0.67638,1.7713,0,-0.20684,5.9215,2.062
0.17925,1.7506,-2.3937,-8.8,5.7676,0
-0.060412,0.87057,-2.4103,-2.4103,5.6409,1.9085
-0.29188,0.62954,-2.4468,-2.4468,5.5382,1.8889
-0.53649,0.38485,-2.4658,-2.4658,5.4546,1.8888
-0.78553,0.13827,-2.4881,-2.4881,5.3703,1.8938
-1.0435,0,-2.4602,-2.4602,5.2836,2.1393
-1.283,0,-2.3751,-2.3751,5.1731,2.6301
-1.5274,0,-2.2405,-2.2405,5.0405,3.1311
-1.5274,0,0,-8.8,4.899,0
-1.9499,0,-2.0973,-8.8,4.7498,0
-2.1561,0,-2.125,-8.8,4.5843,0
-2.3597,0,-2.1697,-8.8,4.393,0
-2.5722,0,-2.2086,-8.8,4.1949,0
-2.5722,0,0,-8.8,3.9817,0
-3.0124,0,-2.1556,-8.8,3.7247,0
-3.2228,0,-1.9509,-8.8,3.4614,0
-3.4225,0,-1.7057,-8.8,3.1636,0
-3.4225,0,0,-8.8,2.8654,0
-3.7254,0,-1.2761,-8.8,2.5393,0
-3.8544,0,-0.85327,-8.8,2.1975,0
-3.9437,0,-0.40626,-8.8,1.8615,0
-3.9865,0,-0.075604,-8.8,1.5006,0
-3.9978,0,0.14539,-8.8,1.1519,0
-3.9787,0,0.37846,-9.48,0.80288,0
-3.9381,0,0.41324,-17,0.44531,0
-3.8927,0,0.29034,-51.689,0.14576,0
-3.8733,0,0.21519,-590.85,0.012691,0
-3.8584,0,0.26229,-8.8,2.5806,0
-3.8274,0,0.30742,-8.8,2.2316,0
-3.8274,0,0,-8.8,1.8928,0
-3.7666,0,0.27148,-8.8,1.5558,0
-3.7468,0,0.27801,-8.8,1.2149,0
-3.7186,0,0.28877,-8.8,0.88231,0
