0,0,-0.71111,0,35.5,1.4942
0,0,0,7.8,35.5,59.103
0,0.78,0,7.8,35.461,63.94
-0.22549,1.56,-0.72242,7.8,35.306,67.52
-0.29492,2.34,-0.72243,7.8,35.094,69.261
-0.29492,3.12,0,7.8,34.791,69.342
-0.43962,3.9,-0.72421,7.8,34.394,72.759
-0.51802,4.68,-0.72514,7.8,33.925,74.521
-0.59999,5.46,-0.72028,7.8,33.37,76.278
-0.68174,6.24,-0.71959,6.7,32.714,75.732
-0.75993,6.91,-0.72148,6.7,31.979,77.269
-0.83085,7.58,-0.72248,6.7,31.174,78.79
-0.90642,8.25,-0.72134,-0.49817,30.303,65.191
-0.90642,8.2002,0,-0.52177,29.39,63.524
-1.0428,8.148,-0.72102,-0.54729,28.456,65.158
-1.0428,8.0933,0,-0.57449,27.54,63.473
-1.1936,8.0358,-0.59835,-0.60449,26.619,64.859
-1.2536,7.9754,-0.51393,-0.63581,25.688,64.615
-1.3052,7.9118,-0.43417,-0.66862,24.767,64.354
-1.3499,7.8449,-0.35388,-0.70352,23.847,64.066
-1.3499,7.7746,0,-0.74011,22.931,63.102
-1.4246,7.7006,-0.33188,-0.78036,22.022,63.716
-1.4632,7.6225,-0.33246,-0.82376,21.115,63.545
-1.4632,7.5402,0,-0.87036,20.21,62.58
-1.5322,7.4531,-0.37965,-0.921,19.315,63.234
-1.5322,7.361,0,-0.97646,18.421,62.131
-1.617,7.2634,-0.45245,-1.0385,17.533,62.925
-1.6585,7.1595,-0.58135,-1.1067,16.641,62.925
-1.7082,7.0489,-0.70926,-1.1817,15.764,62.911
-1.7813,6.9307,-0.81224,-1.2672,14.898,62.855
-1.7813,6.804,0,-1.3662,14.033,60.681
-1.963,6.6673,-0.96424,-1.4784,13.154,62.563
-2.0675,6.5195,-1.002,-1.6057,12.292,62.286
-2.1757,6.3589,-1.0486,-1.7514,11.43,61.971
-2.2787,6.1838,-1.1167,-1.9118,10.588,61.629
-2.397,5.9926,-1.203,-2.0994,9.7494,61.267
-2.5148,5.7827,-1.299,-2.3124,8.9226,60.832
-2.6393,5.5514,-1.2371,-2.5615,8.1013,59.96
-2.7663,5.2953,-1.0727,-8.8,7.2868,46.241
-2.8818,4.4153,-0.93213,-8.8,6.5282,44.378
-2.973,3.5353,-0.82085,-8.8,5.832,42.527
-3.0648,2.6553,-0.67904,-8.8,5.2114,40.614
-3.1424,1.7753,-0.63514,-8.8,4.6824,38.876
-3.2029,0.89528,-0.60974,-8.8,4.2378,37.143
-3.2564,0.015281,-0.5549,-8.8,3.8782,35.333
-3.3128,0,-0.46545,-8.8,3.5859,35.23
-3.3128,0,0,-8.8,3.2986,34.252
-3.3892,0,-0.32607,-8.8,3.0023,35.094
-3.3892,0,0,-8.8,2.7074,34.408
-3.4452,0,-0.3349,-8.8,2.415,35.227
-3.4452,0,0,-8.8,2.1145,34.523
-3.5001,0,-0.36981,-8.8,1.8077,35.413
-3.5412,0,-0.38397,-8.8,1.5025,35.527
-3.5846,0,-0.34917,-8.8,1.1856,35.543
-3.6205,0,-0.32384,-8.8,0.86175,35.563
-3.6625,0,-0.32104,-12.805,0.53728,27.229
-3.6861,0,-0.29236,-29.286,0.23431,0
-3.7217,0,-0.22537,-418.13,0.016572,0
-3.7373,0,-0.18185,-8.8,1.7241,35.504
-3.7552,0,-0.096959,-8.8,1.3876,35.362
-3.7717,0,0.088487,-8.8,1.0532,35.007
-3.7607,0,0.34613,-9.5948,0.71134,32.773
-3.7204,0,0.56837,-17.267,0.38801,16.101
-3.6625,0,0.80407,-60.691,0.10907,0
-3.5741,0,1.0017,-120.42,0.052601,0
-3.4652,0,1.1386,-18.21,0.31029,12.399
-3.3597,0,1.2342,-88.269,0.063055,0
-3.2392,0,1.3422,-30.29,0.16585,0
-3.0978,0,1.4316,9.8,1,69.886
-2.9494,0.98,1.5002,-10.35,0.65147,29.106
-2.8011,0,1.5062,-10.708,0.32118,26.029
-2.8011,0,0,-33.702,0.094612,0
-2.5184,0,1.3467,-218.82,0.014404,0
-2.3928,0,1.2278,-8.8,0.85856,29.786
-2.2749,0,1.1308,-8.8,0.67384,29.748
-2.1654,0,1.0652,-8.8,0.49188,29.661
-2.0613,0,1.0386,-8.8,0.32372,29.504
-1.9516,0,1.0287,-9.9338,0.17371,26.917
-1.8415,0,1.0428,-40.484,0.04083,0
-1.7404,0,1.0569,-20.976,0.068736,3.2224
-1.6349,0,1.0852,-137.25,0.0096615,0
-1.6349,0,0,-8.8,0.53241,30.812
-1.4218,0,1.0873,-8.8,0.43277,28.091
-1.3041,0,1.0446,-8.8,0.34473,27.939
-1.1975,0,0.9711,-8.8,0.2584,27.875
-1.1056,0,0.81372,-8.8,0.18182,28.017
-1.1056,0,0,-8.8,0.11526,29.727
-0.95698,0,0.30487,-8.8,0.078903,28.782
-0.92967,0,0.024909,-18.884,0.022854,8.1246
-0.92967,0,0,-17.232,0.024308,11.648
-0.93313,0,-0.15705,-30.949,0.014139,0
-0.94125,0,-0.10594,-8.8,0.074488,29.613
-0.9436,0,-0.012184,-29.832,0.014929,0
-0.93572,0,0.14038,-8.8,0.074087,29.084
-0.92042,0,0.2099,-24.592,0.017079,0
-0.89009,0,0.25731,-8.8,0.053279,28.745
-0.86577,0,0.34703,-50.484,0.0073731,0
-0.82412,0,0.44177,-8.8,0.18008,28.222
-0.77917,0,0.5092,-8.8,0.14823,27.988
-0.72982,0,0.57553,-8.8,0.11618,27.747
-0.6705,0,0.59311,-8.8,0.092988,27.589
-0.6063,0,0.58447,-8.8,0.077933,27.475
-0.55125,0,0.58765,-8.8,0.06866,27.356
-0.49746,0,0.58647,-8.8,0.058029,27.248
-0.43846,0,0.54488,-8.8,0.047396,27.215
-0.39057,0,0.53556,-8.8,0.053289,27.136
-0.33537,0,0.53911,-8.8,0.066292,27.015
-0.2808,0,0.50639,-8.8,0.070639,26.972
-0.229,0,0.50046,-8.8,0.096138,26.878
-0.1811,0,0.51152,-8.8,0.12726,26.757
-0.13906,0,0.48743,-8.8,0.16216,26.721
-0.094107,0,0.47385,-8.8,0.19878,26.658
-0.04381,0,0.49629,-8.8,0.23568,26.508
0.0074004,0,0.50771,-8.8,0.28195,0
0.052043,0,0.51669,-8.8,0.33379,0
0.10675,0,0.50832,-8.8,0.38298,0
0.10675,0,0,-8.8,0.43766,0
0.19056,0,0.44331,-8.8,0.5054,0
0.22506,0,0.38633,-8.8,0.56461,0
0.26913,0,0.37872,-8.8,0.6239,0
0.31228,0,0.40502,-8.8,0.69711,0
0.34964,0,0.45257,-8.8,0.77552,0
0.3989,0,0.42464,-8.8,0.86473,0
0.43471,0,0.42428,-8.8,0.95079,0
0.47495,0,0.42265,-8.8,1.0409,0
0.51038,0,0.41866,-8.8,1.1391,0
0.51038,0,0,-8.8,1.2341,0
0.51038,0,0,-8.8,1.3292,0
0.63346,0,0.4155,-8.8,1.4348,0
0.63346,0,0,-8.8,1.5422,0
0.71866,0,0.33482,-8.8,1.6656,0
0.75261,0,0.28832,-8.8,1.78,0
0.78687,0,0.23189,-8.8,1.897,0
0.81848,0,0.093759,-8.8,2.0198,0
0.82145,0,-0.080695,-8.8,2.1501,0
0.81535,0,-0.27958,-8.8,2.2681,0
0.7842,0,-0.55129,-8.8,2.4014,0
0.72079,0,-0.91221,-8.8,2.5168,0
0.62945,0,-1.1222,-8.8,2.6289,0
0.50779,0,-1.164,-8.8,2.7329,0
0.38749,0,-1.0402,-8.8,2.8208,0
0.29343,0,-0.93072,-8.8,2.8911,0
0.29343,0,0,-8.8,2.9645,0
0.10891,0,-0.80639,-8.8,3.0142,0
0.019135,0,-0.84919,-8.8,3.069,0
-0.063358,0,-1.0414,-8.8,3.1197,0
-0.16287,0,-1.0843,-8.8,3.1489,0
-0.26413,0,-0.97057,-8.8,3.1665,0
-0.26413,0,0,-8.8,3.1841,0
-0.43123,0,-0.49664,-8.8,3.1849,0
-0.48119,0,-0.23672,-8.8,3.1756,0
-0.50178,0,-0.05474,-8.8,3.1622,0
-0.50926,0,0.076862,-8.8,3.1645,0
-0.49283,0,0.111,-8.8,3.1533,0
-0.48641,0,0.11769,-8.8,3.1532,0
-0.4691,0,0.11256,-8.8,3.1507,0
-0.46689,0,0.10155,-8.8,3.1568,0
-0.4628,0,0.11345,-8.8,3.1618,0
-0.44563,0,0.11386,-8.8,3.1666,0
-0.44406,0,0.16517,-8.8,3.1644,0
-0.41978,0,0.18229,-8.8,3.1748,0
-0.39915,0,0.20388,-8.8,3.1721,0
-0.369,0,0.16049,-8.8,3.1786,0
-0.35561,0,0.0759,-8.8,3.1895,0
-0.35141,0,-0.14256,-8.8,3.2024,0
-0.35791,0,-0.32954,-8.8,3.2134,0
-0.3921,0,-0.49415,-8.8,3.2207,0
-0.44713,0,-0.67575,-8.8,3.224,0
-0.51479,0,-0.85683,-8.8,3.2172,0
-0.6058,0,-0.94799,-8.8,3.203,0
-0.6058,0,0,-8.8,3.1864,0
-0.80699,0,-1.1081,-8.8,3.1529,0
-0.91632,0,-1.1262,-8.8,3.1057,0
-1.0256,0,-1.0333,-8.8,3.0521,0
-1.0256,0,0,-8.8,2.9936,0
-1.2228,0,-0.6738,-8.8,2.9057,0
-1.2976,0,-0.48341,-8.8,2.8247,0
-1.2976,0,0,-8.8,2.7389,0
-1.363,0,-0.17587,-8.8,2.636,0
-1.387,0,-0.21679,-8.8,2.539,0
-1.4038,0,-0.32291,-8.8,2.4423,0
-1.4336,0,-0.41765,-8.8,2.345,0
-1.4671,0,-0.55078,-8.8,2.2434,0
-1.5298,0,-0.71088,-8.8,2.1313,0
-1.5298,0,0,-8.8,2.0223,0
-1.6777,0,-0.89903,-8.8,1.9053,0
-1.7735,0,-0.97649,-8.8,1.7733,0
-1.8709,0,-1.0334,-8.8,1.6272,0
-1.8709,0,0,-8.8,1.4841,0
-2.0838,0,-1.0455,-8.8,1.3157,0
-2.191,0,-0.99887,-8.8,1.1465,0
-2.2928,0,-1.0082,-8.8,0.95887,0
-2.3891,0,-1.0253,-8.8,0.77775,0
-2.4902,0,-0.99216,-8.8,0.57828,0
-2.4902,0,0,-10.162,0.37326,0
-2.6989,0,-1.0169,-25.049,0.15155,0
-2.8051,0,-1.0003,-587.46,0.0067088,0
-2.8051,0,0,-8.8,2.6635,0
-2.9916,0,-0.93515,-8.8,2.401,0
-3.0772,0,-0.95109,-8.8,2.1389,0
-3.1638,0,-1.1252,-8.8,1.8703,0
-3.2803,0,-1.2468,-8.8,1.5931,0
-3.4047,0,-1.3441,-8.8,1.3042,0
-3.5297,0,-1.406,-8.8,1.0028,0
-3.6723,0,-1.3902,-11.112,0.69357,0
-3.8061,0,-1.2174,-20.904,0.36794,0
-3.8061,0,0,-93.884,0.091841,0
-4.0283,0,-0.95422,-51.817,0.15952,0
-4.1275,0,-0.98578,-536.96,0.015893,0
-4.2361,0,-1.0173,-8.8,2.2859,0
-4.3392,0,-0.99727,-8.8,1.9073,0
-4.4418,0,-0.97167,-8.8,1.5169,0
-4.5464,0,-0.79704,-10.122,1.1083,0
-4.6292,0,-0.55143,-16.042,0.6917,0
-4.6839,0,-0.4173,-35.374,0.31381,0
-4.7239,0,-0.32475,-466.16,0.023952,0
-4.7563,0,-0.33926,-8.8,1.878,0
-4.7563,0,0,-8.8,1.4463,0
-4.8238,0,-0.22676,-11.761,1.0087,0
-4.8541,0,-0.06971,-20.306,0.58217,0
-4.864,0,0.0086948,-59.96,0.19726,0
-4.8546,0,0.090094,-870.08,0.013541,0
-4.8497,0,0.059263,-8.8,3.883,0
-4.8414,0,-0.030912,-8.8,3.4398,0
-4.853,0,-0.16021,-8.8,3.0018,0
-4.8683,0,-0.19312,-8.8,2.5548,0
-4.8893,0,-0.21113,-8.8,2.121,0
-4.8893,0,0,-8.8,1.676,0
-4.9286,0,-0.16806,-9.9693,1.2392,0
-4.955,0,-0.14841,-15.5,0.79967,0
-4.9636,0,-0.16109,-32.767,0.37781,0
-4.9732,0,-0.18271,-339.72,0.036421,0
-4.9877,0,-0.23354,-10.339,1.2309,0
-5.0195,0,-0.25539,-16.159,0.79213,0
-5.0195,0,0,-35.249,0.37098,0
-5.0614,0,-0.20927,-316.25,0.040529,0
-5.089,0,-0.21696,-11.799,1.1181,0
-5.1029,0,-0.2624,-19.954,0.66116,0
-5.1341,0,-0.39643,-55.435,0.23946,0
-5.1341,0,0,9.8,1.0042,31.117
-5.2256,0.98,-0.69174,-44.708,0.43744,0
-5.2256,0,0,-432.17,0.040425,0
-5.3825,0,-0.91544,-9.6702,1.6546,0
-5.4684,0,-0.93784,-13.742,1.1677,0
-5.5577,0,-0.91692,-23.375,0.6877,0
-5.6558,0,-0.92171,-64.594,0.25119,0
-5.7495,0,-0.88465,9.8,1,34.238
-5.8416,0.98,-0.88964,-62.375,0.37841,0
-5.9214,0,-0.94401,-1809.1,0.0096959,0
-6.0234,0,-1.0065,-1.0065,8.451,12.348
-6.1315,0,-1.0396,-1.0396,7.8516,12.57
-6.2445,0,-1.0624,-1.0624,7.2397,12.801
-6.3591,0,-1.1596,-1.1596,6.6099,13.036
-6.4705,0,-1.1864,-1.1864,5.9812,13.265
-6.4705,0,0,-1.2795,5.3401,10.576
-6.7174,0,-1.4372,-8.8,4.6814,0
-6.8675,0,-1.7297,-8.8,4.0495,0
-7.0333,0,-1.9479,-9.2144,3.4038,0
-7.2298,0,-2.1321,-11.662,2.7423,0
-7.4351,0,-2.1641,-15.48,2.0758,0
-7.6448,0,-2.0985,-22.853,1.4079,0
-7.863,0,-1.8589,-43.14,0.74885,0
-8.0408,0,-1.5223,-184.98,0.17621,0
-8.203,0,-1.2625,-118.26,0.28757,0
-8.3338,0,-1.1072,-667.45,0.052115,0
-8.452,0,-0.99165,-15.004,2.5491,0
-8.5608,0,-0.94459,-21.551,1.7783,0
-8.6524,0,-0.98949,-37.259,1.0321,0
-8.7414,0,-1.1547,-108.62,0.35552,0
-8.8616,0,-1.3338,-1835.6,0.021406,0
-8.9882,0,-1.5157,-1.5157,8.302,18.426
-8.9882,0,0,-1.6989,7.4108,14.856
-9.3111,0,-1.8624,-1.8624,6.4775,19.088
-9.3111,0,0,-1.9159,5.5557,15.062
-9.6916,0,-1.9803,-12.196,4.5973,0
-9.8945,0,-2.0677,-15.366,3.681,0
-10.099,0,-2.18,-20.653,2.7602,0
-10.308,0,-2.2958,-30.997,1.8511,0
-10.543,0,-2.421,-60.663,0.95428,0
-10.794,0,-2.5061,-302.59,0.19414,0
-11.042,0,-2.5202,-100.61,0.62152,0
-11.289,0,-2.5016,-4854.6,0.013133,0
-11.536,0,-2.3426,7.8,23.146,44.96
-11.765,0.78,-1.9782,7.8,21.936,46.264
-11.962,1.56,-1.6258,-0.22941,20.642,30.655
-12.129,1.5371,-1.327,-0.25523,19.286,30.267
-12.266,1.5115,-1.0272,-0.28536,17.917,29.802
-12.36,1.483,-0.86308,-0.32067,16.535,29.519
-12.447,1.4509,-0.87089,-0.36294,15.157,29.558
-12.536,1.4146,-0.85764,-0.41576,13.761,29.526
-12.623,1.3731,-0.80243,-0.48141,12.372,29.367
-12.699,1.3249,-0.77675,-0.56633,10.966,29.191
-12.699,1.2683,0,-0.67902,9.5668,27.206
-12.856,1.2004,-0.61588,-0.83106,8.1593,28.362
-12.907,1.1173,-0.49993,-1.046,6.7627,27.603
-12.907,1.0127,0,-18.657,5.3655,0
-12.907,0,0,-21.306,4.0668,0
-13.04,0,-0.60498,-30.396,2.8538,0
-13.04,0,0,-50.939,1.7018,0
-13.178,0,-0.97092,-135.28,0.64648,0
-13.268,0,-1.1395,-19712,0.0044653,0
-13.391,0,-1.1239,7.8,97.241,46.203
-13.511,0.78,-1.0069,7.8,95.865,47.802
-13.614,1.56,-0.86569,7.8,94.401,49.315
-13.696,2.34,-0.75968,7.8,92.839,50.861
-13.775,3.12,-0.65462,7.8,91.201,52.4
-13.834,3.9,-0.58655,7.8,89.459,53.976
-13.895,4.68,-0.58045,7.8,87.644,55.687
-13.946,5.46,-0.77178,7.8,85.741,57.794
-14.016,6.24,-1.0112,6.7,83.748,57.728
-14.107,6.91,-1.2579,6.7,81.686,59.807
-14.229,7.58,-1.5637,6.7,79.536,62.073
-14.389,8.25,-2.0701,6.7,77.317,64.839
-14.593,8.92,-2.5405,6.7,75.009,67.619
-14.593,9.59,0,6.7,72.624,63.654
-15.154,10.26,-3.7061,6.7,70.113,73.964
-15.531,10.93,-4.2145,6.7,67.525,77.18
-15.956,11.6,-4.486,6.7,64.832,79.995
-16.406,12.27,-4.5927,4.8,62.028,78.523
-16.869,12.75,-4.5964,4.8,59.116,80.463
-17.326,13.23,-4.542,4.8,56.106,82.269
-17.777,13.71,-4.5178,4.8,53.002,84.127
-18.236,14.19,-4.2855,4.8,49.807,85.564
-18.671,14.67,-3.7912,4.8,46.524,86.401
-19.047,15.15,-3.0331,4.8,43.153,86.564
-19.343,15.63,-2.2117,-2.4304,39.692,71.235
-19.562,15.387,-1.391,-2.7797,36.201,68.727
-19.709,15.109,-0.83228,-3.2091,32.714,66.382
-19.798,14.788,-0.55512,-3.7461,29.252,64.196
-19.858,14.413,-0.50804,-4.4385,25.812,61.997
-19.901,13.97,-0.433,-5.3603,22.395,59.081
-19.949,13.434,-0.21307,-6.6271,19.027,54.957
-19.949,12.771,0,-7.84,15.722,50.602
-19.937,11.987,0.62222,-7.84,12.502,47.662
-19.869,11.203,0.84032,-50.789,9.35,0
-19.777,6.124,0.43834,-51.197,6.4961,0
-19.723,1.0043,-0.78337,-52.281,4.1713,0
-19.811,0,-2.4983,-85.807,2.3555,0
-20.069,0,-4.3822,-259.74,0.78866,0
-20.506,0,-6.0142,-3834.6,0.054915,0
-21.117,0,-6.6579,-6.6579,17.149,43.29
-21.79,0,-5.5967,-5.5967,15.032,44.67
-22.351,0,-3.8973,-3.8973,12.86,45.819
-22.742,0,-2.2545,-2.2545,10.623,46.621
-22.972,0,-0.69307,-0.69307,8.3404,47.094
-22.972,0,0,0.48543,6.0466,48.114
-22.975,0.048543,0.28306,-70.446,3.7474,0
-22.946,0,-0.3822,-146.89,1.7969,0
-22.986,0,-0.73585,-1110.4,0.23807,0
-23.063,0,-0.97658,-77.354,3.482,0
-23.17,0,-1.2521,-173.23,1.5608,0
-23.3,0,-1.073,-2784.3,0.097533,0
-23.3,0,0,-0.68291,11.689,46.331
-23.488,0,-0.45125,-0.45125,9.347,48.151
-23.543,0,-0.28474,-0.28474,6.998,48.263
-23.581,0,-0.12397,-59.943,4.6479,0
-23.587,0,0.079696,-107.52,2.5854,0
-23.588,0,0.32833,-366.57,0.75826,0
-23.555,0,0.67381,-1222.6,0.22679,0
-23.48,0,1.0305,-68.146,3.9846,0
-23.378,0,1.2211,-136.21,1.9885,0
-23.26,0,1.1178,-788.62,0.34254,0
-23.149,0,0.87308,-135.69,1.9619,0
-23.065,0,0.60896,-815.46,0.32596,0
-22.998,0,0.44744,-125.46,2.1003,0
-22.952,0,0.49886,-607.42,0.43329,0
-22.9,0,0.76816,-223.03,1.1716,0
-22.826,0,1.1814,-42478,0.0061329,0
-22.701,0,1.4618,7.8,210.12,59.856
-22.56,0.78,1.5291,7.8,207.82,61.024
-22.398,1.56,1.4565,7.8,205.45,62.443
-22.25,2.34,1.2297,7.8,203.03,64.215
-22.119,3.12,1.008,7.8,200.53,66.012
-22.019,3.9,0.91887,7.8,197.98,67.593
-21.92,4.68,0.7891,7.8,195.35,69.262
-21.845,5.46,0.73534,7.8,192.66,70.82
-21.772,6.24,0.77202,6.7,189.9,69.88
-21.685,6.91,0.79768,6.7,187.06,71.022
-21.613,7.58,0.87221,6.7,184.17,72.091
-21.523,8.25,1.1157,6.7,181.22,72.769
-21.412,8.92,1.3904,6.7,178.22,73.338
-21.267,9.59,1.6284,6.7,175.15,73.914
-21.1,10.26,1.7712,6.7,172.05,74.645
-20.916,10.93,1.7256,6.7,168.89,75.736
-20.745,11.6,1.6723,6.7,165.68,76.872
-20.568,12.27,1.6335,4.8,162.42,73.971
-20.402,12.75,1.6898,4.8,159.12,74.497
-20.241,13.23,1.8674,4.8,155.79,74.778
-20.046,13.71,2.1302,4.8,152.42,74.809
-19.823,14.19,2.2974,4.8,149.03,74.986
-19.588,14.67,2.3249,4.8,145.62,75.431
-19.361,15.15,2.2234,4.8,142.18,76.163
-19.143,15.63,1.9982,4.8,138.71,77.172
-18.939,16.11,1.7678,4.8,135.22,78.223
-18.754,16.59,1.6097,4.8,131.7,79.16
-18.6,17.07,1.4722,4.8,128.15,80.116
-18.459,17.55,1.2904,4.8,124.56,81.193
-18.325,18.03,1.0074,4.8,120.94,82.497
-18.231,18.51,0.68174,4.8,117.29,83.973
-18.164,18.99,0.38824,4.8,113.59,85.437
-18.12,19.47,0.26985,4.8,109.86,86.578
-18.086,19.95,0.2074,4.8,106.09,87.625
-18.074,20.43,0.15786,4.8,102.26,88.687
-18.064,20.91,0.050639,4.8,98.382,89.877
-18.067,21.39,-0.10056,4.8,94.462,91.184
-18.067,21.87,0,4.8,90.492,91.957
-18.12,22.35,-0.70482,4.8,86.465,94.53
-18.12,22.83,0,4.8,82.394,94.033
-18.12,23.31,0,4.8,78.275,95.017
-18.431,23.79,-1.4054,4.8,74.062,99.592
-18.563,24.27,-1.4358,4.8,69.818,100.91
-18.712,24.75,-1.3736,4.8,65.499,102.07
-18.84,25.23,-1.2182,4.8,61.119,102.99
-18.962,25.71,-1.0501,4.8,56.684,103.87
-19.075,26.19,-0.93806,-3.4976,52.182,87.415
-19.172,25.84,-0.92645,-3.9807,47.662,85.857
-19.265,25.442,-0.94239,-4.5784,43.166,84.009
-19.352,24.984,-0.94304,-5.3293,38.71,81.673
-19.448,24.451,-0.91469,-6.2922,34.306,78.695
-19.532,23.822,-0.90118,-7.5597,29.948,74.886
-19.626,23.066,-0.87632,-7.84,25.651,72.887
-19.718,22.282,-0.81385,-7.84,21.413,71.336
-19.796,21.498,-0.70853,-7.84,17.247,69.669
-19.875,20.714,-0.55145,-63.134,13.162,0
-19.925,14.401,-0.40169,-62.95,9.4185,0
-19.961,8.1057,-0.27407,-62.877,6.2916,0
-19.961,1.8181,0,-63.019,3.7993,0
-20.023,0,-0.32496,-104.17,1.9303,0
-20.046,0,-0.51575,-448.34,0.44865,0
-20.092,0,-0.67491,-298.74,0.67715,0
-20.092,0,0,-1250.2,0.1617,0
-20.25,0,-0.90903,-47.523,4.3983,0
-20.343,0,-0.94737,-80.187,2.6112,0
-20.343,0,0,-217.43,0.97789,0
-20.541,0,-0.97884,-21877,0.0096438,0
-20.641,0,-0.97231,7.8,107.33,60.747
-20.744,0.78,-0.95484,7.8,105.22,62.52
-20.843,1.56,-0.93734,7.8,103.03,64.286
-20.933,2.34,-0.84465,7.8,100.76,65.875
-21.015,3.12,-0.75992,7.8,98.383,67.463
-21.096,3.9,-0.60282,7.8,95.925,68.897
-21.161,4.68,-0.38235,7.8,93.392,70.167
-21.19,5.46,-0.1379,7.8,90.76,71.312
-21.205,6.24,0.037808,6.7,88.051,70.261
-21.204,6.91,0.18152,6.7,85.266,71.33
-21.204,7.58,0,6.7,82.421,73.085
-21.159,8.25,0.26565,6.7,79.521,73.809
-21.142,8.92,0.26055,6.7,76.553,75.158
-21.125,9.59,0.27808,6.7,73.522,76.46
-21.091,10.26,0.25543,6.7,70.425,77.811
-21.055,10.93,0.22,6.7,67.253,79.186
-21.038,11.6,0.1909,6.7,64.015,80.586
-21.023,12.27,0.17347,4.8,60.709,77.972
-21.015,12.75,0.17437,4.8,57.365,78.938
-20.995,13.23,0.20952,4.8,53.969,79.808
-20.976,13.71,0.23332,4.8,50.533,80.702
-20.947,14.19,0.25256,4.8,47.04,81.586
-20.929,14.67,0.26025,4.8,43.504,82.518
-20.899,15.15,0.27223,-2.4002,39.912,68.285
-20.868,14.91,0.31383,-2.7349,36.326,66.939
-20.845,14.636,0.36225,-3.1519,32.765,65.352
-20.845,14.321,0,-3.6796,29.232,64.358
-20.786,13.953,0.4574,-4.3644,25.739,61.083
-20.743,13.517,0.47324,-5.2772,22.28,58.149
-20.694,12.989,0.46363,-6.5253,18.891,54.365
-20.646,12.337,0.43533,-7.84,15.557,50.225
-20.604,11.553,0.42085,-7.84,12.296,48.563
-20.569,10.769,0.40849,-53.429,9.1206,0
-20.522,5.4257,0.33084,-53.518,6.2516,0
-20.488,0.073962,0.18642,-53.68,3.9245,0
-20.488,0,0,-97.738,2.1367,0
-20.479,0,-0.29735,-361.09,0.58119,0
-20.479,0,0,-620.91,0.33878,0
-20.571,0,-0.78568,-153.06,1.3895,0
-20.646,0,-0.92528,-2541.8,0.083881,0
-20.735,0,-0.8723,-0.8723,10.717,42.506
-20.827,0,-0.6619,-0.6619,8.6389,42.694
-20.897,0,-0.36741,-0.36741,6.5585,42.839
-20.927,0,-0.069177,-49.168,4.46,0
-20.941,0,0.2196,-83.463,2.6201,0
-20.913,0,0.31347,-233.3,0.93608,0
-20.89,0,0.21467,-22884,0.0095343,0
-20.866,0,-0.028573,7.8,112.35,59.226
-20.879,0.78,-0.40572,7.8,110.22,61.643
-20.927,1.56,-0.97275,7.8,108.01,64.532
-21.032,2.34,-1.4512,7.8,105.72,67.352
-21.186,3.12,-1.8701,7.8,103.33,70.146
-21.381,3.9,-2.2082,7.8,100.86,72.857
-21.594,4.68,-2.3963,7.8,98.281,75.287
-21.841,5.46,-2.3969,7.8,95.602,77.394
-22.074,6.24,-2.4505,6.7,92.821,77.27
-22.074,6.91,0,6.7,89.956,73.495
-22.549,7.58,-2.4916,6.7,86.97,81.078
-22.549,8.25,0,6.7,83.923,77.216
-23.038,8.92,-2.2008,6.7,80.754,84.217
-23.257,9.59,-1.8443,6.7,77.518,85.29
-23.449,10.26,-1.5232,6.7,74.201,86.381
-23.604,10.93,-1.1533,6.7,70.784,87.296
-23.713,11.6,-0.89897,6.7,67.292,88.359
-23.796,12.27,-0.88604,4.8,63.719,85.883
-23.877,12.75,-0.84157,4.8,60.076,86.94
-23.954,13.23,-0.75674,4.8,56.392,87.904
-24.03,13.71,-0.67619,4.8,52.642,88.875
-24.105,14.19,-0.50498,4.8,48.833,89.652
-24.151,14.67,-0.3018,4.8,44.971,90.304
-24.179,15.15,-0.08608,4.8,41.058,90.891
