24.051,24.051,0.1457,0,35.5,0
24.062,24.051,0.14242,0.0028173,35.503,0
24.085,24.051,0.15799,0.0085602,35.513,0
24.106,24.052,0.16431,0.013806,35.517,0
24.13,24.053,0.1636,0.019568,35.532,0
24.13,24.055,0,0.021522,35.539,0
24.164,24.057,0.16647,0.027173,35.55,0
24.164,24.06,0,0.029521,35.56,0
24.191,24.063,0.079003,0.032512,35.589,0
24.201,24.066,0.028583,0.034306,35.609,0
24.2,24.07,-0.029702,0.033175,35.629,0
24.194,24.073,-0.093772,0.030844,35.639,0.024942
24.194,24.076,0,0.025294,35.651,0
24.165,24.079,-0.18251,0.022026,35.663,0.32152
24.165,24.081,0,0.016148,35.671,0
24.12,24.082,-0.25203,0.0095755,35.679,0.62858
24.096,24.083,-0.27877,0.0032636,35.688,0.76735
24.062,24.084,-0.27067,-0.0029391,35.692,0.81243
24.031,24.083,-0.24161,-0.0069906,35.685,0.77863
24,24.083,-0.19463,-0.010922,35.681,0.6852
23.98,24.082,-0.12521,-0.013448,35.671,0.50983
23.975,24.08,-0.02113,-0.013956,35.655,0.23996
23.967,24.079,0.058647,-0.014814,35.646,0.075995
23.971,24.077,0.12665,-0.014082,35.626,0
23.971,24.076,0,-0.012572,35.616,0.19238
23.993,24.075,0.19325,-0.01085,35.609,0
24.018,24.074,0.17794,-0.0073672,35.592,0
24.044,24.073,0.18895,-0.0038945,35.593,0
24.065,24.073,0.20048,-0.0010187,35.585,0
24.083,24.072,0.2035,0.0027646,35.587,0
24.096,24.073,0.23012,0.0059356,35.592,0
24.121,24.073,0.26993,0.012158,35.601,0
24.152,24.075,0.28772,0.019825,35.613,0
24.185,24.077,0.30741,0.027683,35.627,0
24.22,24.079,0.35384,0.035944,35.648,0
24.253,24.083,0.38087,0.043333,35.662,0
24.291,24.087,0.40392,0.051867,35.673,0
24.327,24.092,0.42408,0.059903,35.698,0
24.361,24.098,0.44103,0.06694,35.726,0
24.401,24.105,0.41407,0.075524,35.752,0
24.445,24.113,0.42426,0.084681,35.778,0
24.49,24.121,0.41033,0.094256,35.812,0
24.537,24.131,0.41424,0.10372,35.859,0
24.571,24.141,0.42551,0.10993,35.904,0
24.612,24.152,0.45358,0.11767,35.94,0
24.668,24.164,0.4559,0.12882,35.992,0
24.714,24.177,0.46101,0.13749,36.035,0
24.768,24.19,0.44078,0.14767,36.088,0
24.82,24.205,0.42906,0.15743,36.156,0
24.857,24.221,0.40625,0.16285,36.21,0
24.898,24.237,0.39879,0.16925,36.271,0
24.943,24.254,0.40778,0.17642,36.345,0
24.988,24.272,0.42339,0.18361,36.416,0
25.02,24.29,0.41765,0.1874,36.497,0
25.059,24.309,0.44196,0.19252,36.566,0
25.106,24.328,0.44219,0.19976,36.633,0
25.154,24.348,0.41308,0.20712,36.704,0
25.196,24.369,0.36654,0.21251,36.784,0
25.223,24.39,0.31105,0.21432,36.87,0
25.264,24.411,0.38939,0.21937,36.959,0
25.294,24.433,0.40206,0.22156,37.04,0
25.328,24.455,0.41148,0.2246,37.127,0
25.371,24.478,0.3694,0.23021,37.206,0
25.41,24.501,0.40419,0.23434,37.287,0
25.452,24.524,0.30859,0.23922,37.373,0
25.482,24.548,0.27593,0.24095,37.464,0
25.516,24.572,0.23826,0.24364,37.548,0
25.544,24.597,0.27024,0.24449,37.635,0
25.581,24.621,0.23024,0.24784,37.729,0
25.595,24.646,0.15135,0.24513,37.816,0
25.612,24.671,0.086315,0.24351,37.917,0
25.626,24.695,0.055535,0.24079,38.007,0
25.63,24.719,-0.0022566,0.23571,38.095,0
25.629,24.743,-0.034391,0.22956,38.186,0
25.633,24.765,-0.040425,0.22487,38.282,0
25.633,24.788,0,0.21905,38.367,0
25.631,24.81,0.0049463,0.21313,38.46,0
25.624,24.831,0.022933,0.20563,38.535,0
25.626,24.852,0.020856,0.2011,38.611,0
25.634,24.872,0.049198,0.19792,38.68,0
25.647,24.892,0.025406,0.19623,38.747,0
25.645,24.911,-0.040335,0.19066,38.813,0
25.649,24.93,-0.043586,0.1867,38.888,0
25.644,24.949,-0.0027666,0.18075,38.958,0
25.647,24.967,0.015097,0.17694,39.023,0
25.647,24.985,0.066191,0.17228,39.082,0
25.645,25.002,0.16174,0.1674,39.146,0
25.662,25.019,0.23304,0.16749,39.212,0
25.694,25.036,0.25959,0.17157,39.279,0
25.694,25.053,0,0.17271,39.344,0
25.736,25.07,0.25935,0.17346,39.4,0
25.768,25.087,0.23894,0.17739,39.472,0
25.786,25.105,0.20983,0.17759,39.549,0
25.817,25.123,0.16622,0.18111,39.618,0
25.824,25.141,0.16006,0.1783,39.689,0
25.832,25.159,0.1696,0.17589,39.753,0
25.855,25.176,0.16371,0.17722,39.828,0
25.868,25.194,0.16361,0.17599,39.895,0
25.877,25.212,0.18124,0.17389,39.972,0
25.891,25.229,0.17664,0.17299,40.036,0
25.9,25.246,0.17589,0.17107,40.097,0
25.92,25.263,0.20065,0.17175,40.169,0
25.937,25.281,0.19079,0.1719,40.233,0
25.959,25.298,0.18923,0.17301,40.304,0
25.98,25.315,0.19925,0.17418,40.369,0
25.98,25.333,0,0.17705,40.435,0
26.022,25.35,0.14115,0.17607,40.508,0
26.022,25.368,0,0.17363,40.574,0
26.047,25.385,0.13672,0.17366,40.63,0
26.055,25.403,0.13017,0.17104,40.687,0
26.058,25.42,0.13209,0.16751,40.759,0
26.065,25.436,0.11858,0.16503,40.82,0
26.072,25.453,0.096174,0.16244,40.888,0
26.072,25.469,0,0.16282,40.949,0
26.106,25.485,0.054308,0.16298,41.009,0
26.109,25.502,0.034687,0.15961,41.079,0
26.12,25.518,0.026371,0.15818,41.131,0
26.125,25.534,0.024082,0.15542,41.198,0
26.126,25.549,0.010342,0.15186,41.259,0
26.119,25.564,-0.0065064,0.14592,41.306,0
26.127,25.579,-0.010159,0.14406,41.355,0
26.135,25.593,-0.024516,0.14257,41.412,0
26.142,25.607,-0.048593,0.14056,41.456,0
26.142,25.622,-0.041784,0.13688,41.504,0
26.133,25.635,-0.02778,0.13114,41.556,0
26.125,25.648,-0.013619,0.12543,41.602,0
26.117,25.661,0.035701,0.12,41.648,0
26.115,25.673,0.079736,0.1164,41.696,0
26.119,25.685,0.10096,0.11439,41.732,0
26.124,25.696,0.11067,0.11286,41.784,0
26.134,25.707,0.1019,0.11248,41.836,0
26.152,25.719,0.085556,0.11431,41.883,0
26.166,25.73,0.062836,0.11497,41.925,0
26.178,25.741,0.05434,0.11524,41.975,0
26.178,25.753,0,0.11588,42.018,0
26.204,25.765,0.055005,0.11594,42.061,0
26.208,25.776,0.051779,0.11404,42.097,0
26.205,25.788,0.080622,0.11003,42.14,0
26.213,25.799,0.075929,0.10926,42.182,0
26.212,25.809,0.071596,0.10626,42.228,0
26.213,25.82,0.057666,0.10376,42.271,0
26.228,25.83,0.0506,0.10499,42.317,0
26.241,25.841,0.04316,0.1056,42.351,0
26.254,25.852,0.057248,0.10624,42.4,0
26.261,25.862,0.067524,0.1055,42.444,0
26.263,25.873,0.080436,0.10326,42.481,0
26.27,25.883,0.08409,0.10233,42.523,0
26.27,25.893,0,0.10427,42.561,0
26.293,25.904,0.10857,0.10305,42.595,0
26.293,25.914,0,0.10073,42.634,0
26.304,25.924,0.17021,0.1006,42.674,0
26.328,25.934,0.19609,0.10426,42.708,0
26.342,25.945,0.22468,0.10524,42.741,0
26.359,25.955,0.25173,0.10689,42.775,0
26.374,25.966,0.25647,0.1081,42.81,0
26.405,25.977,0.25093,0.11348,42.852,0
26.439,25.988,0.25514,0.11941,42.889,0
26.472,26,0.24697,0.12496,42.93,0
26.487,26.012,0.23678,0.12568,42.98,0
26.504,26.025,0.22989,0.12672,43.03,0
26.52,26.038,0.24558,0.12778,43.078,0
26.52,26.05,0,0.12964,43.126,0
26.563,26.063,0.26903,0.13226,43.182,0
26.563,26.077,0,0.13425,43.232,0
26.605,26.09,0.28152,0.13641,43.284,0
26.628,26.104,0.27152,0.139,43.329,0
26.651,26.118,0.28121,0.14148,43.383,0
26.684,26.132,0.29429,0.14648,43.436,0
26.713,26.146,0.28722,0.1502,43.501,0
26.74,26.161,0.29965,0.15354,43.55,0
26.76,26.177,0.30944,0.15484,43.603,0
26.799,26.192,0.297,0.16097,43.666,0
26.832,26.208,0.27364,0.16557,43.722,0
26.865,26.225,0.26062,0.16989,43.789,0
26.897,26.242,0.25523,0.17387,43.849,0
26.922,26.259,0.23314,0.17594,43.905,0
26.947,26.277,0.19415,0.17808,43.976,0
26.967,26.295,0.14214,0.17851,44.038,0
26.977,26.312,0.083445,0.17654,44.109,0
26.98,26.33,-0.0055163,0.17264,44.181,0
26.985,26.347,-0.067979,0.1696,44.245,0
26.972,26.364,-0.12988,0.16152,44.304,0
26.968,26.381,-0.15295,0.15625,44.365,0
26.951,26.396,-0.18089,0.14747,44.413,0
26.94,26.411,-0.19158,0.14078,44.467,0
26.94,26.425,0,0.13176,44.519,0
26.909,26.438,-0.22056,0.12527,44.57,0
26.886,26.451,-0.24013,0.11597,44.617,0
26.866,26.462,-0.24233,0.10751,44.657,0
26.837,26.473,-0.24596,0.096818,44.686,0.047342
26.807,26.483,-0.24053,0.086155,44.712,0.09846
26.776,26.491,-0.20901,0.075765,44.737,0.070835
26.75,26.499,-0.16426,0.066736,44.754,0.0019804
26.737,26.506,-0.11329,0.061676,44.781,0
26.737,26.512,0,0.059084,44.804,0
26.725,26.518,0.01725,0.055146,44.827,0
26.725,26.523,0.059722,0.053727,44.857,0
26.721,26.529,0.082136,0.051231,44.871,0
26.727,26.534,0.10764,0.051345,44.888,0
26.737,26.539,0.12404,0.052774,44.916,0
26.757,26.544,0.13491,0.056658,44.94,0
26.765,26.55,0.13118,0.057351,44.969,0
26.765,26.555,0,0.05935,44.991,0
26.793,26.561,0.11999,0.061718,45.008,0
26.814,26.568,0.10205,0.065766,45.042,0
26.827,26.574,0.076922,0.067377,45.059,0
26.829,26.581,0.061525,0.06605,45.079,0
26.841,26.587,0.060664,0.067628,45.113,0
26.851,26.594,0.039605,0.068475,45.13,0
26.862,26.601,0.03241,0.069595,45.149,0
26.862,26.608,0.048034,0.067629,45.167,0
26.871,26.615,0.048726,0.068101,45.185,0
26.866,26.622,0.039623,0.064973,45.202,0
26.86,26.628,0.021838,0.061746,45.23,0
26.87,26.634,0.017336,0.062705,45.26,0
26.863,26.641,-0.0020963,0.059379,45.278,0
26.863,26.647,0,0.058984,45.3,0
26.877,26.652,0.01549,0.059891,45.328,0
26.884,26.658,0.045372,0.060197,45.359,0
26.892,26.664,0.04979,0.060553,45.384,0
26.895,26.67,0.04747,0.05995,45.413,0
26.891,26.676,0.039852,0.057174,45.445,0
26.901,26.682,0.034873,0.058299,45.475,0
26.895,26.688,0.034032,0.055218,45.502,0
26.89,26.694,0.042953,0.052506,45.52,0
26.89,26.699,0,0.052171,45.54,0
26.909,26.704,0.052526,0.054627,45.566,0
26.909,26.709,0.067186,0.05337,45.583,0
26.917,26.715,0.063793,0.05391,45.607,0
26.916,26.72,0.052629,0.052238,45.62,0
26.914,26.725,0.013921,0.050445,45.632,0
26.921,26.73,-0.048269,0.050769,45.659,0
26.921,26.736,0,0.050467,45.678,0
26.91,26.741,-0.23773,0.045316,45.696,0.35265
26.879,26.745,-0.33788,0.035683,45.706,0.76617
26.879,26.749,0,0.023756,45.72,0
26.789,26.751,-0.40876,0.010174,45.712,1.2359
26.756,26.752,-0.38772,0.0011253,45.703,1.2111
26.726,26.752,-0.35008,-0.0025814,45.697,1.1302
26.691,26.752,-0.30649,-0.005974,45.694,1.0435
26.657,26.751,-0.25948,-0.0092819,45.682,0.94793
26.635,26.75,-0.23461,-0.011344,45.678,0.90791
26.614,26.749,-0.19215,-0.013339,45.672,0.80755
26.594,26.748,-0.15535,-0.015199,45.66,0.72909
26.568,26.746,-0.089266,-0.017562,45.651,0.57933
26.554,26.745,-0.035591,-0.01881,45.635,0.45638
26.543,26.743,0.019156,-0.019666,45.617,0.33545
26.545,26.741,0.052368,-0.019336,45.597,0.25222
26.551,26.739,0.080424,-0.018534,45.578,0.1768
26.55,26.737,0.10882,-0.018505,45.552,0.11929
26.555,26.735,0.14124,-0.01782,45.526,0.047241
26.562,26.733,0.19786,-0.016939,45.517,0
26.592,26.732,0.22898,-0.013853,45.507,0
26.615,26.73,0.25366,-0.011438,45.488,0
26.645,26.729,0.26943,-0.0083718,45.478,0
26.645,26.728,0,-0.0063356,45.469,0.16111
26.696,26.728,0.25162,-0.0031865,45.482,0
26.728,26.727,0.2433,0.00014721,45.476,0
26.745,26.727,0.25989,0.0047993,45.485,0
26.772,26.728,0.24021,0.01183,45.478,0
26.772,26.729,0,0.017547,45.482,0
26.818,26.731,0.20818,0.023253,45.485,0
26.841,26.733,0.21913,0.028756,45.493,0
26.86,26.736,0.21069,0.032978,45.496,0
26.873,26.739,0.2207,0.035602,45.505,0
26.899,26.743,0.24714,0.041478,45.529,0
26.92,26.747,0.25441,0.046095,45.547,0
26.939,26.752,0.26435,0.049898,45.561,0
26.957,26.757,0.26743,0.053219,45.577,0
26.983,26.762,0.2678,0.058767,45.606,0
27.016,26.768,0.27811,0.066102,45.622,0
27.047,26.774,0.29753,0.072613,45.639,0
27.075,26.782,0.29722,0.077905,45.66,0
27.101,26.789,0.29203,0.08288,45.685,0
27.127,26.798,0.28961,0.087688,45.721,0
27.166,26.807,0.28562,0.095611,45.748,0
27.198,26.816,0.27577,0.10174,45.79,0
27.227,26.826,0.24709,0.10675,45.827,0
27.26,26.837,0.21714,0.1125,45.878,0
27.28,26.848,0.14996,0.11486,45.919,0
27.301,26.86,0.0082019,0.11745,45.961,0
27.309,26.871,-0.15412,0.11661,46.009,0
27.29,26.883,-0.32136,0.10846,46.05,0.21354
27.255,26.894,-0.48699,0.09612,46.096,0.94824
27.203,26.904,-0.58217,0.079826,46.121,1.5301
27.135,26.912,-0.63244,0.059552,46.153,1.9633
27.076,26.917,-0.67921,0.042209,46.181,2.3787
26.998,26.922,-0.70259,0.020337,46.183,2.7083
26.998,26.924,0,0.0014984,46.19,0
26.863,26.924,-0.80608,-0.0059736,46.196,3.7985
26.786,26.923,-0.81604,-0.013392,46.193,4.1436
26.695,26.922,-0.78768,-0.022109,46.176,4.2518
26.621,26.92,-0.74983,-0.029152,46.159,4.2284
26.55,26.917,-0.70005,-0.035808,46.12,4.1071
26.475,26.913,-0.66457,-0.042837,46.07,4.1039
26.408,26.909,-0.79005,-0.048985,46.031,5.2694
26.338,26.904,-0.97528,-0.055455,45.979,7.1632
26.24,26.899,-1.1724,-0.064697,45.917,9.6609
26.116,26.892,-1.3704,-0.076333,45.851,12.733
25.98,26.884,-1.5648,-0.089265,45.773,16.315
25.832,26.875,-1.6617,-0.10324,45.678,18.706
25.666,26.865,-1.7265,-0.11917,45.562,20.75
25.486,26.853,-1.7824,-0.13641,45.43,22.771
25.312,26.84,-1.8094,-0.15311,45.288,24.226
25.122,26.824,-1.6153,-0.17153,45.132,21.481
24.966,26.807,-1.3989,-0.18666,44.946,18.541
24.831,26.788,-1.1574,-0.19966,44.757,15.548
24.711,26.769,-0.92303,-0.21126,44.557,13.021
24.711,26.747,0,-0.21971,44.352,5.0085
24.567,26.725,-0.60136,-0.22474,44.137,10.004
24.51,26.703,-0.61474,-0.22995,43.92,10.258
24.439,26.68,-0.82524,-0.23676,43.69,12.65
24.358,26.656,-1.1507,-0.2448,43.455,17.024
24.236,26.632,-1.5968,-0.2573,43.219,24.813
24.082,26.606,-2.1968,-0.27326,42.975,39.144
23.872,26.579,-2.985,-0.29584,42.705,67.394
23.567,26.549,-3.8188,-0.32902,42.425,115.51
23.186,26.516,-4.6347,-0.37147,42.11,192.32
22.725,26.479,-5.4524,-0.42423,41.746,321.18
22.173,26.437,-6.073,-0.48855,41.353,472.95
21.568,26.388,-6.4739,-0.56112,40.905,591.3
20.917,26.332,-6.595,-0.64221,40.388,593.66
20.25,26.267,-6.5131,-0.72896,39.811,523.48
19.601,26.195,-6.2636,-0.81751,39.186,430.57
18.976,26.113,-5.9394,-0.90783,38.503,353.06
18.39,26.022,-5.5631,-0.99831,37.768,290.9
17.844,25.922,-5.1544,-1.0896,36.981,241.51
17.331,25.813,-4.8283,-1.1821,36.154,210.65
16.846,25.695,-4.5665,-1.2775,35.284,189.98
16.39,25.567,-4.2493,-1.3747,34.391,168.23
15.966,25.43,-3.8533,-1.4752,33.452,144.79
15.578,25.282,-3.3998,-1.5769,32.497,121.96
15.242,25.125,-2.6995,-1.677,31.524,93.134
14.965,24.957,-1.9267,-1.775,30.528,68.463
14.771,24.779,-1.2387,-1.8636,29.531,51.074
14.657,24.593,-0.64519,-1.9422,28.533,38.704
14.591,24.399,-0.20516,-2.0138,27.553,30.68
14.571,24.197,-0.040632,-2.0784,26.581,26.958
14.563,23.99,-0.028198,-2.1417,25.628,25.152
14.562,23.775,-0.10015,-2.2027,24.703,24.286
14.559,23.555,-0.20273,-2.2655,23.791,23.732
14.536,23.329,-0.27992,-2.334,22.899,22.915
14.505,23.095,-0.34969,-2.4045,22.028,21.997
14.469,22.855,-0.39226,-2.4774,21.173,20.746
14.435,22.607,-0.40348,-2.5468,20.354,19.163
14.4,22.352,-0.39966,-2.6174,19.545,17.433
14.4,22.091,0,-2.6864,18.763,12.453
14.319,21.822,-0.40499,-2.7588,17.991,14.26
14.281,21.546,-0.34728,-2.8218,17.26,12.325
14.244,21.264,-0.22563,-2.881,16.549,10.193
14.229,20.976,-0.1029,-2.9288,15.853,8.4061
14.225,20.683,0.030318,-2.9,15.2,7.1971
14.22,20.393,0.25858,-2.9,14.567,6.0693
14.254,20.103,0.4134,-2.9,13.964,5.5322
14.299,19.813,0.52019,-2.9,13.391,5.4061
14.343,19.523,0.63614,-2.9,12.854,5.6863
14.398,19.233,0.73484,-2.9,12.345,6.3447
14.463,18.943,0.76998,-2.9,11.876,7.1531
14.544,18.653,0.8243,-2.9,11.454,8.4575
14.632,18.363,0.88134,-2.9,11.057,10.248
14.725,18.073,0.9531,-4.4,10.698,56.331
14.814,17.633,1.0328,-4.4,10.398,72.19
14.913,17.193,1.0792,-4.4,10.15,92.22
15.028,16.753,1.0671,-4.4,9.9484,118.64
15.14,16.313,1.0016,-4.4,9.8092,155.18
15.231,15.873,0.83359,-4.4,9.715,211.9
15.306,15.433,0.66911,-4.4,9.68,313.78
15.371,14.993,0.56199,-4.4,9.6936,522.4
15.428,14.553,0.52806,-4.4,9.7541,1049.1
15.473,14.113,0.52819,-4.4,9.8691,4328.9
15.532,13.673,0.63545,-4.4,10.03,0
15.587,13.233,0.75712,-4.4,10.231,0
15.66,12.793,0.82495,-4.4,10.495,0
15.735,12.353,0.8743,-4.4,10.808,0
15.828,11.913,0.93215,1.1513,11.177,0
15.927,12.028,1.0021,1.1632,11.564,0
16.023,12.144,1.0411,1.1724,11.952,0
16.125,12.262,1.0465,1.1823,12.336,0
16.234,12.38,1.0835,1.1924,12.717,0
16.333,12.499,1.122,1.1988,13.103,0.054358
16.447,12.619,1.0774,1.2092,13.494,0
16.555,12.74,1.002,1.2157,13.872,0
16.649,12.861,0.96109,1.2168,14.252,0
16.747,12.983,0.92759,1.2181,14.627,0
16.848,13.105,0.86479,1.2198,15,0
16.944,13.227,0.84563,1.2188,15.372,0
16.944,13.349,0,1.2111,15.737,0
17.112,13.47,0.90575,1.2081,16.112,0
17.201,13.591,0.90504,1.2031,16.469,0
17.291,13.711,0.92197,1.1978,16.818,0
17.392,13.831,0.94584,1.1962,17.172,0
17.392,13.95,0,1.195,17.522,0
17.595,14.07,0.94201,1.1928,17.88,0
17.69,14.189,0.93047,1.1883,18.232,0
17.69,14.308,0,1.1798,18.576,0
17.87,14.426,0.88547,1.1753,18.919,0
17.953,14.544,0.86496,1.166,19.254,0
18.034,14.66,0.88081,1.1563,19.596,0
18.114,14.776,0.87799,1.1468,19.936,0
18.114,14.89,0,1.1382,20.264,0
18.29,15.004,0.92328,1.1323,20.592,0
18.385,15.118,0.93852,1.1278,20.924,0
18.47,15.23,0.91536,1.1199,21.251,0
18.559,15.342,0.91056,1.1131,21.57,0
18.648,15.454,0.89481,1.1064,21.886,0
18.648,15.564,0,1.1027,22.2,0
18.648,15.675,0,1.0957,22.503,0
18.923,15.784,0.87432,1.0905,22.855,0
19.018,15.893,0.88084,1.0867,23.173,0
19.108,16.002,0.8767,1.0806,23.478,0
19.188,16.11,0.86386,1.0714,23.793,0
19.188,16.217,0,1.0647,24.096,0
19.356,16.323,0.83055,1.056,24.403,0
19.449,16.429,0.7772,1.0518,24.704,0
19.532,16.534,0.75679,1.0441,25.003,0
19.603,16.639,0.77338,1.0328,25.308,0
19.682,16.742,0.776,1.0242,25.606,0
19.769,16.844,0.77245,1.0185,25.89,0
19.839,16.946,0.82214,1.0071,26.175,0
19.925,17.047,0.89891,1.0022,26.47,0
20.023,17.147,0.9169,1.0012,26.76,0
20.106,17.247,0.91657,0.99484,27.038,0
20.197,17.347,0.93219,0.99176,27.327,0
20.297,17.446,0.93578,0.99139,27.603,0
20.396,17.545,0.86328,0.99097,27.888,0
20.473,17.644,0.81305,0.98283,28.17,0
20.55,17.742,0.79246,0.97495,28.444,0
20.632,17.84,0.79272,0.96902,28.724,0
20.709,17.937,0.78154,0.96193,29.004,0
20.793,18.033,0.76889,0.95674,29.271,0
20.862,18.129,0.75069,0.94745,29.555,0
20.935,18.223,0.707,0.93941,29.827,0
21.01,18.317,0.66553,0.9321,30.087,0
21.087,18.411,0.62136,0.92572,30.353,0
21.145,18.503,0.57506,0.9134,30.625,0
21.207,18.595,0.55287,0.9027,30.883,0
21.255,18.685,0.55306,0.88743,31.144,0
21.304,18.774,0.3842,0.87315,31.394,0
21.333,18.861,0.16615,0.85223,31.636,0
21.351,18.946,-0.15594,0.82851,31.885,0
21.329,19.029,-0.42933,0.79198,32.125,0
21.289,19.108,-0.69952,0.75028,32.356,0
21.222,19.183,-0.81296,0.70076,32.563,0
21.222,19.253,0,0.65066,32.764,0
21.067,19.318,-0.71862,0.60038,32.938,0
21,19.378,-0.66741,0.55621,33.1,0
20.939,19.434,-0.64611,0.51597,33.25,0
20.869,19.486,-0.62527,0.47387,33.395,0.0045227
20.797,19.533,-0.61564,0.43263,33.521,0.15803
20.797,19.576,0,0.39499,33.645,0
20.665,19.616,-0.62035,0.35886,33.753,0.5423
20.607,19.652,-0.56655,0.32671,33.859,0.44202
20.55,19.684,-0.51347,0.29582,33.949,0.35069
20.496,19.714,-0.44632,0.26697,34.023,0.20414
20.445,19.741,-0.35216,0.24062,34.094,0
20.411,19.765,-0.27498,0.22067,34.171,0
20.387,19.787,-0.20593,0.20481,34.238,0
20.358,19.807,-0.12436,0.1881,34.304,0
20.344,19.826,-0.097675,0.17691,34.367,0
20.344,19.844,-0.10501,0.17088,34.412,0
20.33,19.861,-0.13683,0.16021,34.462,0
20.309,19.877,-0.18352,0.14754,34.516,0
20.309,19.892,0,0.13697,34.559,0
20.265,19.905,-0.29454,0.1229,34.601,0.29519
20.233,19.918,-0.32659,0.10771,34.63,0.47645
20.191,19.928,-0.34118,0.089698,34.656,0.61258
20.164,19.937,-0.33355,0.077196,34.678,0.64106
20.123,19.945,-0.32323,0.060822,34.692,0.67723
20.094,19.951,-0.32605,0.048724,34.709,0.74327
20.06,19.956,-0.31816,0.035453,34.718,0.77442
20.031,19.959,-0.30987,0.02451,34.732,0.79351
20.031,19.962,0,0.015879,34.739,0
20.031,19.964,0,0.0068795,34.746,0
19.952,19.964,-0.25546,-0.0013749,34.751,0.73653
19.919,19.964,-0.21253,-0.0050354,34.743,0.66425
19.893,19.964,-0.15568,-0.0079658,34.738,0.54047
19.877,19.963,-0.086403,-0.0096704,34.73,0.3726
19.869,19.962,-0.028289,-0.010428,34.718,0.23685
19.873,19.961,0.0039011,-0.0098941,34.699,0.15263
19.876,19.96,0.036758,-0.0095137,34.694,0.075434
19.878,19.959,0.042269,-0.0091727,34.677,0.05854
19.888,19.958,0.022363,-0.0079238,34.662,0.079943
19.886,19.957,0.025919,-0.0080582,34.66,0.074581
19.897,19.956,0.052217,-0.0066717,34.658,0
19.897,19.956,0,-0.0059378,34.652,0.10827
19.9,19.955,0.043665,-0.0062155,34.658,0.0091112
19.907,19.954,0.050083,-0.0053519,34.644,0
19.909,19.954,0.05292,-0.0050399,34.645,0
19.906,19.953,0.046743,-0.0053215,34.632,0
19.92,19.953,0.07479,-0.0037188,34.628,0
19.926,19.952,0.065782,-0.0029949,34.627,0
