0,0,0.84734,0,35.5,0
0.077716,0,0.81747,7.8,35.513,58.261
0.1556,0.78,0.46214,7.8,35.493,69.429
0.21149,1.56,0.27459,7.8,35.4,78.106
0.23648,2.34,0.061647,7.8,35.22,87.85
0.23717,3.12,-0.1398,7.8,34.972,93.538
0.22123,3.9,-0.24304,7.8,34.635,97.391
0.18864,4.68,-0.30355,7.8,34.223,101.99
0.14879,5.46,-0.418,7.8,33.74,105.73
0.14879,6.24,0,6.7,33.17,103.96
0.0637,6.91,-0.55217,6.7,32.513,100.59
0.0094848,7.58,-0.62374,6.7,31.795,104.31
-0.059043,8.25,-0.64816,-0.4356,30.992,90.88
-0.059043,8.2064,0,-0.45414,30.163,89.39
-0.18203,8.161,-0.6345,-0.47395,29.311,90.84
-0.24158,8.1136,-0.64187,-0.49443,28.486,90.838
-0.31246,8.0642,-0.62763,-0.51705,27.656,90.804
-0.36664,8.0125,-0.60083,-0.54052,26.814,90.704
-0.43084,7.9584,-0.56275,-0.56592,25.981,90.591
-0.43084,7.9018,0,-0.59244,25.145,89.237
-0.53057,7.8426,-0.28058,-0.6203,24.313,89.851
-0.56502,7.7806,-0.018808,-0.64959,23.473,89.183
-0.56715,7.7156,0.2323,-0.67854,22.632,88.466
-0.54946,7.6478,0.48586,-0.70743,21.802,87.697
-0.50477,7.577,0.67262,-0.73489,20.994,87.01
-0.44441,7.5035,0.70858,-0.7623,20.198,86.602
-0.36626,7.4273,0.66914,-0.78891,19.418,86.313
-0.29251,7.3484,0.54876,-0.81815,18.637,86.191
-0.2441,7.2666,0.37011,-0.85067,17.882,86.232
-0.21472,7.1815,0.19405,-0.88724,17.138,86.29
-0.19383,7.0928,-0.025648,-0.92614,16.413,86.445
-0.18914,7.0002,-0.22504,-0.97102,15.684,86.57
-0.2042,6.9031,-0.33562,-1.0216,14.966,86.528
-0.23428,6.8009,-0.45775,-1.078,14.257,86.519
-0.28566,6.6931,-0.58212,-1.1415,13.561,86.531
-0.33706,6.579,-0.68332,-1.2109,12.868,86.469
-0.41206,6.4579,-0.79369,-1.2902,12.183,86.44
-0.48854,6.3289,-0.92294,-1.3771,11.504,86.421
-0.48854,6.1911,0,-1.4791,10.829,83.985
-0.48854,6.0432,0,-1.5927,10.169,83.443
-0.79926,5.884,-1.0042,-1.7141,9.4904,85.609
-0.89658,5.7126,-0.99539,-1.8488,8.8315,85.155
-0.99952,5.5277,-0.98989,-2.0009,8.1771,84.656
-1.1027,5.3276,-0.95792,-8.8,7.52,70.104
-1.2013,4.4476,-0.95794,-8.8,6.9115,68.502
-1.2982,3.5676,-0.91733,-8.8,6.3813,66.811
-1.3962,2.6876,-0.88162,-8.8,5.9272,65.133
-1.4916,1.8076,-0.82183,-8.8,5.5632,63.399
-1.5827,0.92759,-0.86603,-8.8,5.2681,61.875
-1.6752,0.04759,-0.86559,-0.86559,5.0573,76.931
-1.7665,0,-0.8316,-8.8,4.8771,60.278
-1.7665,0,0,-8.8,4.7444,58.53
-1.7665,0,0,-8.8,4.6118,58.53
-2.0154,0,-0.81852,-8.8,4.4328,60.76
-2.0154,0,0,-8.8,4.2753,59.04
-2.1868,0,-0.84473,-8.8,4.1023,61.167
-2.278,0,-0.85927,-8.8,3.9177,61.384
-2.278,0,0,-8.8,3.7339,59.579
-2.4489,0,-0.80974,-8.8,3.5224,61.631
-2.5215,0,-0.81212,-8.8,3.3221,61.784
-2.5955,0,-0.83179,-8.8,3.1148,61.977
-2.6694,0,-0.85067,-8.8,2.8955,62.169
-2.7504,0,-0.87331,-8.8,2.6618,62.382
-2.8408,0,-0.89847,-8.8,2.421,62.62
-2.8408,0,0,-8.8,2.1809,60.733
-3.0266,0,-0.88027,-8.8,1.9266,62.963
-3.1063,0,-0.86999,-8.8,1.6667,63.105
-3.1944,0,-0.85801,-8.8,1.3888,63.26
-3.2755,0,-0.84643,-8.8,1.1074,63.402
-3.3674,0,-0.86587,-8.8,0.82101,63.631
-3.4522,0,-0.89024,-12.071,0.53298,56.984
-3.5423,0,-0.87624,-27.246,0.23793,25.253
-3.6271,0,-0.94002,-317.59,0.020773,0
-3.6271,0,0,-8.8,1.246,62.344
-3.8151,0,-0.88049,-8.9309,0.90401,64.305
-3.8979,0,-0.87827,-14.389,0.56227,53.001
-3.9885,0,-0.91347,-32.956,0.24823,14.246
-3.9885,0,0,-2441.5,0.014164,0
-4.1812,0,-0.83997,-0.83997,11.794,81.971
-4.2726,0,-0.8857,-0.8857,11.368,82.159
-4.3694,0,-0.9123,-0.9123,10.937,82.357
-4.4602,0,-0.90787,-0.90787,10.509,82.543
-4.4602,0,0,-0.94477,10.068,80.558
-4.4602,0,0,-0.98624,9.6264,80.471
-4.4602,0,0,-0.97618,9.1853,80.492
-4.8427,0,-0.93143,-0.93143,8.6741,83.327
-4.934,0,-0.90503,-0.90503,8.1818,83.515
-5.0208,0,-0.87842,-0.87842,7.6923,83.692
-5.1163,0,-0.82889,-0.82889,7.1878,83.888
-5.2057,0,-0.77343,-0.77343,6.6692,84.071
-5.2778,0,-0.76059,-0.76059,6.1401,84.219
-5.3546,0,-0.74731,-0.74731,5.6067,84.377
-5.439,0,-0.70792,-0.70792,5.0773,84.55
-5.514,0,-0.6724,-8.8,4.543,67.625
-5.5779,0,-0.66821,-8.8,4.0385,67.748
-5.6349,0,-0.644,-8.8,3.5305,67.814
-5.7055,0,-0.59567,-8.8,3.0052,67.857
-5.7705,0,-0.52742,-8.8,2.467,67.847
-5.8195,0,-0.46366,-9.2638,1.9242,66.839
-5.8674,0,-0.3866,-12.823,1.3841,59.296
-5.9086,0,-0.29205,-20.61,0.85911,42.819
-5.9306,0,-0.17362,-48.329,0.36519,0
-5.9306,0,0,-861.84,0.013777,0
-5.9503,0,0.20439,-8.8,3.7432,66.677
-5.9397,0,0.4984,-8.8,3.1871,66.038
-5.8858,0,0.79004,-8.8,2.6345,65.315
-5.8858,0,0,-8.8,2.09,66.975
-5.7062,0,1.248,-9.0684,1.5781,63.42
-5.5777,0,1.3529,-13.405,1.054,53.823
-5.4499,0,1.4044,-24.481,0.57372,30.181
-5.3136,0,1.4439,-87.479,0.15876,0
-5.1644,0,1.4877,-163.54,0.080806,0
-5.1644,0,0,-30.713,0.38209,19.452
-4.8621,0,1.5062,-203.37,0.057692,0
-4.7072,0,1.5036,-16.845,0.6038,44.495
-4.5557,0,1.5073,-43.639,0.22986,0
-4.3982,0,1.4816,-6120.8,0.0015798,0
-4.2581,0,1.4613,7.8,30.182,95.448
-4.1187,0.78,1.4592,7.8,29.715,96.766
-3.9796,1.56,1.469,7.8,29.192,98.059
-3.823,2.34,1.4405,7.8,28.605,99.397
-3.6876,3.12,1.4364,7.8,27.966,100.73
-3.5432,3.9,1.4601,7.8,27.261,101.98
-3.3992,4.68,1.4789,7.8,26.487,103.24
-3.2568,5.46,1.4402,-0.39982,25.65,87.403
-3.1173,5.42,1.4075,-0.4108,24.797,87.081
-2.9807,5.3789,1.3603,-0.42216,23.961,86.792
-2.9807,5.3367,0,-0.4346,23.128,89.537
-2.7277,5.2933,1.1911,-0.44768,22.316,86.399
-2.618,5.2485,1.1438,-0.4615,21.532,86.153
-2.5082,5.2023,1.1177,-0.47599,20.757,85.858
-2.3918,5.1547,1.0932,-0.49095,19.987,85.542
-2.2765,5.1056,1.074,-0.50581,19.248,85.214
-2.1609,5.0551,1.0707,-0.52095,18.526,84.848
-2.0441,5.003,1.0794,-0.53644,17.82,84.451
-1.9422,4.9493,1.077,-0.55349,17.129,84.101
-1.8391,4.894,1.0927,-0.57118,16.448,83.706
-1.7249,4.8369,1.1051,-0.58879,15.777,83.292
-1.6241,4.778,1.1151,-0.60725,15.133,82.905
-1.5168,4.7173,1.1024,-0.62526,14.507,82.549
-1.4143,4.6547,1.1068,-0.64465,13.89,82.161
-1.3008,4.5903,1.078,-0.66282,13.292,81.819
-1.2015,4.524,1.0241,-0.68322,12.705,81.55
-1.1074,4.4557,0.94739,-0.70466,12.132,81.333
-1.0132,4.3852,0.8254,-0.7253,11.585,81.208
-0.922,4.3127,0.7028,-0.74596,11.057,81.087
-0.922,4.2381,0,-0.77048,10.538,82.359
-0.78485,4.161,0.61456,-0.795,10.041,80.577
-0.71383,4.0815,0.60211,-0.81977,9.5519,80.243
-0.6479,3.9995,0.59663,-0.84508,9.0797,79.898
-0.57889,3.915,0.56697,-0.86922,8.6248,79.595
-0.51353,3.8281,0.50772,-0.89288,8.1889,79.357
-0.46738,3.7388,0.43524,-0.91989,7.7684,79.175
-0.42513,3.6468,0.37823,-0.94944,7.3517,78.958
-0.38375,3.5519,0.35546,-0.98042,6.9418,78.661
-0.35725,3.4539,0.35901,-8.8,6.564,61.967
-0.31626,2.5739,0.34813,-8.8,6.2224,60.102
-0.27828,1.6939,0.3422,-0.28322,5.9698,76.129
-0.24505,1.6655,0.33475,-8.8,5.7726,58.122
-0.21287,0.78553,0.33226,0.33226,5.6276,75.447
-0.17335,0.81876,0.34578,0.34578,5.5271,75.434
-0.14709,0.85334,0.48329,-8.8,5.4217,55.944
-0.092847,0,0.68665,0.68665,5.3765,73.59
-0.021001,0.068665,0.82441,0.82441,5.3743,73.584
0.055777,0.15111,0.94354,0.94354,5.3593,0.19941
0.055777,0.24546,0,1.0495,5.345,5.2395
0.2568,0.35041,1.0541,1.0541,5.3371,0.19563
0.36267,0.45581,1.0044,1.0044,5.3179,0.19469
0.36267,0.55625,0,0.99572,5.3035,4.9212
0.57403,0.65582,1.0039,-8.8,5.3087,0
0.67719,0,1.0163,1.0163,5.3538,0
0.78381,0.10163,1.0265,1.0265,5.4199,0
0.88522,0.20427,1.0233,1.0233,5.492,0
0.98411,0.3066,1.0323,1.0323,5.5541,0
1.087,0.40982,1.0462,1.0462,5.63,0
1.1829,0.51444,1.049,1.049,5.6877,0
1.2799,0.61935,1.06,1.06,5.7467,0
1.3804,0.72535,1.082,1.082,5.8164,0
1.498,0.83355,1.1002,1.1002,5.8743,0
1.6113,0.94356,1.1247,4.9,5.9476,20.478
1.6113,1.4336,0,1.7404,5.9899,8.3958
1.8482,1.6076,1.1613,1.1566,6.0195,0
1.9604,1.7233,1.1672,1.0186,6.0436,0
2.0865,1.8251,1.1841,1.0242,6.071,0
2.2074,1.9276,1.1769,1.0064,6.1078,0
2.3304,2.0282,1.163,1.0014,6.129,0
2.4487,2.1283,1.1488,0.98321,6.1555,0
2.5558,2.2267,1.1457,0.94216,6.1951,0
2.6773,2.3209,1.1329,0.95739,6.2336,0
2.7959,2.4166,1.1439,0.95599,6.2613,0
2.9009,2.5122,1.1389,0.92278,6.296,0
3.0167,2.6045,1.1304,0.92735,6.3422,0
3.1225,2.6972,1.1177,0.90763,6.3818,0
3.2299,2.788,1.1092,0.89859,6.4327,0
3.3387,2.8779,1.109,0.89493,6.4819,0
3.4577,2.9673,1.1055,0.91079,6.5314,0
3.5679,3.0584,1.0272,0.9055,6.5785,0
3.671,3.149,0.89839,0.88947,6.6265,0
3.7523,3.2379,0.73647,0.84188,6.674,0
3.8251,3.3221,0.55511,0.7948,6.7317,0
3.8894,3.4016,0.38635,0.74619,6.7853,0
3.92,3.4762,0.35857,0.65861,6.8297,0
3.9631,3.5421,0.49572,0.60923,6.8771,0
4.0221,3.603,0.70259,0.59332,6.9281,0
4.0937,3.6623,0.86013,0.597,6.9647,0
4.1733,3.722,1.0112,0.61192,7.0164,0
4.2789,3.7832,1.1057,0.65742,7.0568,0
4.3937,3.849,1.0728,0.70587,7.0999,0
4.4914,3.9195,1.0195,0.7243,7.1607,0
4.5976,3.992,1.003,0.75022,7.2286,0
4.6958,4.067,1.006,0.76012,7.2829,0
4.8034,4.143,1.0125,0.77998,7.3452,0
4.9036,4.221,1.0136,0.7882,7.417,0
5.005,4.2998,0.99678,0.79698,7.4955,0
5.1001,4.3795,1.0056,0.79728,7.5755,0
5.2024,4.4593,1.0152,0.80411,7.6418,0
5.2951,4.5397,1.004,0.80006,7.715,0
5.4026,4.6197,1.0034,0.8117,7.7834,0
5.4026,4.7008,0,0.80636,7.8576,0.74958
5.5924,4.7815,1.014,0.80886,7.9501,0
5.6875,4.8624,1.0058,0.80844,8.0411,0
5.7975,4.9432,1.0078,0.82104,8.1163,0
5.9022,5.0253,1.0107,0.8276,8.202,0
6.0003,5.1081,1.0056,0.82773,8.2954,0
6.1002,5.1908,1.0047,0.82878,8.3802,0
6.1974,5.2737,1.0079,0.82715,8.4647,0
6.1974,5.3564,0,0.83358,8.5529,0.4419
6.1974,5.4398,0,0.84207,8.6328,0.72752
6.5189,5.524,1.0106,0.8496,8.7541,0
6.5189,5.609,0,0.85885,8.8494,0.338
6.7233,5.6949,1.0105,0.85304,8.9708,0
6.823,5.7802,1.008,0.85186,9.0675,0
6.9328,5.8653,1.006,0.86002,9.1759,0
7.0252,5.9513,1.0054,0.85328,9.2845,0
7.1251,6.0367,1.0043,0.85344,9.3948,0
7.1251,6.122,0,0.85276,9.4994,0.044475
7.3273,6.2073,1.0085,0.85579,9.6153,0
7.424,6.2929,1.0103,0.85375,9.7313,0
7.5307,6.3782,1.0111,0.85864,9.8354,0
7.6391,6.4641,1.0123,0.86482,9.9486,0
7.7357,6.5506,1.0105,0.86253,10.071,0
7.8396,6.6368,1.0353,0.86529,10.188,0
7.9487,6.7234,1.1089,0.87121,10.302,0
8.0618,6.8105,1.2091,0.88003,10.426,0
8.1757,6.8985,1.2974,0.88866,10.551,0
8.3096,6.9874,1.3896,0.91053,10.684,0
8.4399,7.0784,1.4548,0.92847,10.827,0
8.5783,7.1713,1.4833,0.94907,10.96,0
8.7314,7.2662,1.4615,0.97887,11.112,0
8.8825,7.3641,1.459,1.0032,11.253,0
9.0269,7.4644,1.4648,1.0216,11.408,0
9.1704,7.5665,1.4796,1.037,11.557,0
9.3114,7.6702,1.4842,1.0497,11.712,0
9.461,7.7752,1.5069,1.0667,11.871,0
9.6187,7.8819,1.5009,1.0885,12.047,0
9.7633,7.9907,1.5013,1.0991,12.214,0
9.7633,8.1006,0,1.1175,12.386,0
10.07,8.2124,1.497,1.1298,12.578,0
10.219,8.3254,1.4776,1.1401,12.764,0
10.362,8.4394,1.4737,1.1464,12.951,0
10.519,8.554,1.4784,1.1601,13.135,0
10.672,8.67,1.4639,1.1707,13.324,0
10.82,8.7871,1.4416,1.1782,13.531,0
10.972,8.9049,1.4367,1.1881,13.741,0
10.972,9.0237,0,1.1941,13.942,0
11.266,9.1431,1.5455,1.199,14.16,0
11.411,9.263,1.749,1.2025,14.371,0
11.411,9.3833,0,1.221,14.579,0
11.778,9.5054,2.3727,1.2522,14.811,1.7692
12.017,9.6306,2.7124,1.3051,15.054,3.3959
12.292,9.7611,2.9406,1.3726,15.295,4.5467
12.589,9.8983,3.0533,1.4474,15.559,5.072
12.886,10.043,3.1152,1.5165,15.836,5.3386
13.191,10.195,3.1573,1.5844,16.129,5.506
13.506,10.353,3.1947,1.6522,16.44,5.6578
13.829,10.518,3.244,1.7183,16.755,5.9146
14.157,10.69,3.2779,1.7832,17.094,6.0894
14.487,10.869,3.286,1.8441,17.452,6.1217
14.823,11.053,3.2445,1.9041,17.827,5.8461
15.152,11.243,3.1621,1.9543,18.202,5.3544
15.472,11.439,3.0687,1.9976,18.605,4.8092
15.783,11.639,3.0021,2.0326,19.005,4.4732
16.079,11.842,2.9295,2.0583,19.424,4.1187
16.373,12.048,2.8599,2.0808,19.844,3.7998
16.655,12.256,2.7948,2.097,20.283,3.516
16.936,12.465,2.7605,2.1122,20.727,3.4279
17.218,12.677,2.7243,2.1271,21.187,3.3221
17.496,12.889,2.6872,2.1395,21.653,3.2167
17.769,13.103,2.6344,2.1487,22.121,3.0228
18.04,13.318,2.6221,2.1568,22.595,3.0812
18.309,13.534,2.6177,2.1631,23.071,3.1948
18.569,13.75,2.6076,2.1658,23.559,3.2736
18.569,13.967,0,2.1691,24.03,0
19.096,14.184,2.4978,2.1728,24.525,2.8786
19.345,14.401,2.262,2.1697,25.016,1.5867
19.576,14.618,1.9361,2.1596,25.509,0
19.773,14.834,1.6403,2.1358,26.008,0
19.935,15.047,1.4423,2.0974,26.49,0
20.08,15.257,1.3369,2.0556,26.98,0
20.207,15.463,1.3135,2.0093,27.467,0
20.337,15.664,1.3317,1.9671,27.943,0
20.473,15.86,1.3273,1.9299,28.416,0
20.616,16.053,1.2065,1.8972,28.869,0
20.74,16.243,1.0847,1.8597,29.329,0
20.856,16.429,0.97958,1.82,29.766,0
20.955,16.611,0.92405,1.776,30.203,0
20.955,16.789,0,1.7341,30.628,0
21.134,16.962,0.87619,1.6892,31.065,0
21.134,17.131,0,1.6449,31.474,0
21.286,17.295,0.069687,1.6001,31.868,0
21.3,17.456,-1.2756,1.5341,32.252,1.093
21.166,17.609,-2.9639,1.4133,32.627,41.907
20.862,17.75,-4.2297,1.2312,32.965,170.64
20.433,17.873,-4.7915,1.0089,33.254,347.84
20.433,17.974,0,0.77906,33.505,0
19.513,18.052,-3.301,0.57229,33.656,64.786
19.175,18.109,-1.5567,0.41677,33.786,9.3573
19.023,18.151,-0.17461,0.34067,33.888,0
18.997,18.185,0.56015,0.31672,33.968,0
19.06,18.217,0.92623,0.32905,34.057,0
19.16,18.25,1.1045,0.35484,34.142,0
19.279,18.285,1.0615,0.38701,34.242,0
19.383,18.324,0.94713,0.412,34.345,0
19.474,18.365,0.94058,0.431,34.445,0
19.564,18.408,0.96778,0.44874,34.552,0
19.658,18.453,1.0333,0.46722,34.662,0
19.77,18.5,1.0579,0.49221,34.795,0
19.883,18.549,1.0941,0.51621,34.925,0
19.984,18.601,1.1566,0.53474,35.068,0
20.097,18.654,1.2425,0.55722,35.212,0
20.226,18.71,1.3354,0.58475,35.355,0.016515
20.368,18.768,1.4663,0.6162,35.516,0.47025
20.514,18.83,1.6125,0.64798,35.682,1.0444
20.669,18.895,1.7055,0.68176,35.86,1.4325
20.669,18.963,0,0.71737,36.034,0
21.018,19.035,1.872,0.75942,36.231,2.192
21.202,19.111,1.9868,0.79972,36.44,2.7745
21.396,19.191,2.2017,0.84171,36.649,3.9686
21.609,19.275,2.3589,0.88914,36.875,4.9155
21.849,19.364,2.4289,0.94471,37.108,5.3754
22.089,19.458,2.3797,0.99844,37.368,5.0933
22.333,19.558,2.3349,1.0508,37.635,4.8452
22.558,19.663,2.1051,1.0937,37.914,3.473
22.776,19.772,1.8667,1.1318,38.205,2.1285
22.965,19.886,1.7126,1.1577,38.515,1.3136
23.147,20.001,1.5202,1.1792,38.822,0.3542
23.304,20.119,1.2277,1.1912,39.148,0
23.428,20.238,1.0347,1.1899,39.474,0
23.525,20.357,0.93799,1.1787,39.793,0
23.617,20.475,0.84199,1.1662,40.11,0
23.695,20.592,0.83407,1.1489,40.421,0
23.783,20.707,0.87219,1.1361,40.739,0
23.876,20.82,0.88761,1.1255,41.037,0
23.964,20.933,1.0073,1.1142,41.352,0
24.068,21.044,0.99178,1.109,41.661,0
24.168,21.155,1.0157,1.1023,41.964,0
24.271,21.265,1.0436,1.0972,42.265,0
24.271,21.375,0,1.0958,42.56,0
24.498,21.485,1.0555,1.0948,42.859,0
24.613,21.594,1.016,1.0941,43.151,0
24.706,21.704,1.0174,1.0859,43.457,0
24.815,21.812,1.0427,1.0833,43.751,0
24.923,21.921,1.0009,1.081,44.055,0
25.024,22.029,1.0183,1.0759,44.351,0
25.124,22.136,1.0692,1.071,44.645,0
25.124,22.243,0,1.0657,44.939,0
25.333,22.35,1.0541,1.0646,45.238,0
25.441,22.456,1.1878,1.0629,45.537,0
25.554,22.563,1.1336,1.0631,45.833,0
25.672,22.669,1.1051,1.0649,46.126,0
25.776,22.776,0.90268,1.0618,46.42,0
25.776,22.882,0,1.0518,46.715,0
25.942,22.987,0.65,1.0415,47.022,0
25.997,23.091,0.68795,1.0224,47.322,0
26.056,23.193,0.86462,1.0053,47.614,0
26.136,23.294,1.0374,0.99611,47.903,0
26.238,23.393,1.1401,0.99536,48.192,0
26.353,23.493,1.1686,0.99852,48.467,0
26.463,23.593,0.92429,1.0004,48.748,0
26.549,23.693,0.82049,0.99361,49.034,0
26.634,23.792,0.97155,0.98642,49.312,0
26.736,23.891,1.0398,0.98622,49.604,0
26.849,23.989,1.1505,0.9896,49.898,0
26.965,24.088,1.367,0.99372,50.186,0.28534
27.099,24.188,1.4978,1.0038,50.473,0.94023
27.255,24.288,1.712,1.0211,50.76,2.103
27.42,24.39,2.1661,1.0408,51.068,4.8827
27.639,24.494,2.7563,1.0788,51.382,9.0974
27.908,24.602,3.3301,1.1317,51.695,13.789
28.238,24.715,3.7095,1.2039,52.035,17.308
28.238,24.836,0,1.29,52.382,0
28.997,24.965,3.5739,1.3723,52.783,16.903
29.351,25.102,3.2966,1.4429,53.194,14.83
29.674,25.246,3.1554,1.5001,53.631,13.904
29.99,25.396,3.0953,1.5529,54.089,13.667
30.292,25.552,3.2084,1.5983,54.551,14.925
30.616,25.711,3.3426,4.8,55.026,0
30.957,26.191,3.4121,1.5657,55.511,17.488
31.292,26.348,3.4098,4.8,55.988,0
31.634,26.828,3.3809,1.5405,56.475,17.958
31.974,26.982,3.3625,4.8,56.956,0
32.304,27.462,3.3886,4.8,57.449,0
32.637,27.942,3.471,1.4382,57.932,19.79
32.99,28.086,3.5432,4.8,58.418,0
33.337,28.566,3.5963,4.8,58.898,0
33.337,29.046,0,1.3666,59.352,0
34.061,29.183,3.5174,-2,59.847,216.57
34.061,28.983,0,4.8,60.345,8.7862
34.061,29.463,0,-2,60.828,423.99
35.08,29.263,3.1617,-2,61.46,297.21
35.395,29.063,3.1009,-2,62.069,359.84
35.7,28.863,3.0979,4.8,62.723,0
36.017,29.343,3.0905,-2,63.392,410.52
36.33,29.143,3.0991,-2,64.079,504.43
36.639,28.943,3.1054,4.8,64.825,0
36.952,29.423,3.0714,-2,65.585,590.92
37.26,29.223,3.0342,-2,66.369,769.43
37.569,29.023,2.992,4.8,67.195,0
37.872,29.503,2.9474,-2,68.044,974.48
38.172,29.303,2.9235,-2,68.9,1413.9
38.474,29.103,2.9224,-2,69.819,2298
38.77,28.903,2.9026,4.8,70.78,0
39.051,29.383,2.8974,-2,71.754,3683
39.332,29.183,2.8745,-2,72.744,25907
39.617,28.983,2.817,4.8,73.774,1.0156
39.9,29.463,2.7839,-2,74.819,0
40.168,29.263,2.7741,-2,75.88,0
40.443,29.063,2.8287,-2,77.002,0
40.728,28.863,2.8344,4.8,78.17,8.9498
