5,5,-2.196,0,35.5,23.736
4.7837,5,-2.0778,7.8,35.482,129.14
4.7837,5.78,0,7.8,35.421,81.284
4.3901,6.56,-1.8039,6.7,35.254,120.74
4.2098,7.23,-1.7694,6.7,34.993,126.31
4.0272,7.9,-1.7834,6.7,34.641,133.34
3.8416,8.57,-1.821,6.7,34.221,141.13
3.6584,9.24,-1.8238,6.7,33.702,94.364
3.4803,9.91,-1.771,-0.36876,33.092,30.907
3.2933,9.8731,-1.6982,-0.38829,32.445,31.068
3.1301,9.8343,-1.6638,-0.40766,31.779,31.116
2.9658,9.7935,-1.6585,-0.42828,31.102,31.101
2.8023,9.7507,-1.6969,-0.45,30.418,31.003
2.6321,9.7057,-1.759,-0.47377,29.714,30.871
2.4509,9.6583,-1.8168,-0.49994,28.997,30.751
2.2611,9.6083,-1.8102,-0.52821,28.279,30.699
2.0777,9.5555,-1.7785,-0.55853,27.532,30.633
2.0777,9.4997,0,-0.59066,26.787,28.067
1.7223,9.4406,-1.5861,-0.62494,26.011,30.534
1.567,9.3781,-1.4195,-0.65973,25.244,30.506
1.4284,9.3121,-1.2513,-0.69658,24.45,30.443
1.3091,9.2425,-1.0699,-0.73435,23.654,30.373
1.2047,9.169,-0.88987,-0.77286,22.867,30.293
1.124,9.0917,-0.76476,-0.81239,22.069,30.042
1.0426,9.0105,-0.66914,-0.85504,21.27,29.682
0.9817,8.925,-0.51373,-0.89887,20.469,29.442
0.92109,8.8351,-0.37609,-0.94595,19.67,32.58
0.89115,8.7405,-0.27536,-0.99292,18.872,30.275
0.86135,8.6412,-0.15762,-1.0427,18.087,27.798
0.83819,8.537,-0.082616,-1.095,17.309,25.892
0.83039,8.4275,-0.10323,-1.1483,16.542,25.081
0.82203,8.3126,-0.12276,-1.2056,15.782,24.2
0.80514,8.1921,-0.12138,-1.267,15.041,23.059
0.78609,8.0654,-0.12884,-1.3324,14.313,21.98
0.77118,7.9321,-0.12419,-1.4013,13.596,20.696
0.76683,7.792,-0.12471,-1.4747,12.878,19.369
0.76146,7.6445,-0.12569,-1.55,12.188,18.032
0.74385,7.4895,-0.12268,-1.6324,11.513,16.661
0.73996,7.3263,-0.12501,-1.7151,10.855,15.278
0.72,7.1548,-0.1271,-1.8111,10.196,13.885
0.70372,6.9737,-0.12341,-1.9115,9.5521,12.422
0.694,6.7825,-0.12505,-2.0148,8.9252,10.999
0.67986,6.581,-0.082897,-2.1215,8.3221,9.3638
0.66745,6.3689,-0.0375,-5.2,7.7409,1.0662
0.66103,5.8489,0.01224,-8.8,7.1996,0
0.65694,4.9689,0.061729,-8.8,6.715,0
0.6695,4.0889,0.098511,-8.8,6.32,0
0.68144,3.2089,0.086466,-8.8,6.0191,0
0.68218,2.3289,0.082107,-8.8,5.8065,0
0.69092,1.4489,0.069161,-8.8,5.6846,0
0.69109,0.56889,0.054595,0.054595,5.6539,0
0.69887,0.57435,0.060462,0.060462,5.6612,0
0.70516,0.58039,0.10924,0.10924,5.6728,0
0.70516,0.59132,0,0.18292,5.6848,0.19076
0.72917,0.60961,0.30205,0.30205,5.7087,0
0.75733,0.63981,0.46316,0.46316,5.7286,0
0.80816,0.68613,0.66626,0.66626,5.7356,0
0.86989,0.75276,0.85102,0.85102,5.7565,0
0.95685,0.83786,1.0195,1.0195,5.7734,0
1.065,0.93981,1.143,1.4225,5.7763,0.41182
1.1736,1.0821,1.1996,0.82375,5.7905,0
1.1736,1.1644,0,1.0923,5.7956,4.6992
1.1736,1.2737,0,1.0495,5.791,4.8755
1.5541,1.3786,1.3021,1.0637,5.8526,0
1.6939,1.485,1.3174,1.1203,5.8626,0
1.6939,1.597,0,1.1213,5.8779,4.5247
1.9613,1.7091,1.3984,1.0766,5.9088,0
2.0975,1.8168,1.3819,1.0865,5.9352,0
2.2347,1.9255,1.3143,1.091,5.9647,0
2.3715,2.0346,1.1936,-8.8,5.9943,0
2.4987,1.1546,1.0138,4.9,6.0869,18.135
2.4987,1.6446,0,4.5844,6.1968,31.14
2.6893,2.103,0.59,1.8711,6.2885,3.2302
2.7386,2.2901,0.43131,1.2498,6.3355,1.5026
2.7386,2.4151,0,0.95596,6.3741,2.718
2.8121,2.5107,0.24587,0.72744,6.4064,0.63627
2.8383,2.5834,0.25446,0.58894,6.4354,0.27778
2.8383,2.6423,0,0.47802,6.458,0.94332
2.8942,2.6901,0.43296,0.44365,6.4844,0
2.9374,2.7345,0.55776,0.43075,6.5106,0
3.0022,2.7776,0.72536,0.46644,6.5392,0
3.0671,2.8242,0.85876,0.49187,6.5586,0
3.1514,2.8734,0.93597,0.54956,6.5942,0
3.2398,2.9284,0.99112,0.59911,6.6265,0
3.3337,2.9883,1.0233,0.64608,6.6687,0
3.4313,3.0529,1.023,0.68677,6.7108,0
3.5287,3.1216,0.97615,0.71615,6.7559,0
3.63,3.1932,0.9588,0.74449,6.8031,0
3.7191,3.2676,0.9536,0.74553,6.8569,0
3.8122,3.3422,0.89376,0.75136,6.8977,0
3.8992,3.4173,0.76957,0.74754,6.9516,0
3.9684,3.4921,0.61335,0.7167,6.9956,0
3.9684,3.5637,0,0.69221,7.0397,1.1829
4.0809,3.633,0.13418,0.63808,7.0857,0.32511
4.0991,3.6968,-0.066853,0.55925,7.1233,0.92751
4.1019,3.7527,-0.20944,0.4759,7.1655,1.3727
4.0817,3.8003,-0.28362,0.37679,7.1916,1.4974
4.0628,3.838,-0.3063,0.29664,7.2073,1.4258
4.0393,3.8676,-0.32234,0.22443,7.236,1.3499
3.9998,3.8901,-0.33104,0.1424,7.2511,1.2304
3.9758,3.9043,-0.32327,0.092241,7.2591,1.1072
3.937,3.9135,-0.3355,0.030178,7.2551,1.0534
3.9059,3.9165,-0.33457,-0.002721,7.2636,1.0217
3.8675,3.9163,-0.33163,-0.012544,7.2614,1.083
3.8675,3.915,0,-0.021278,7.2566,0.052785
3.7998,3.9129,-0.33175,-0.029189,7.2376,1.2065
3.7751,3.91,-0.32402,-0.034928,7.2212,1.2169
3.7427,3.9065,-0.32681,-0.04249,7.2095,1.2835
3.7082,3.9022,-0.32898,-0.050561,7.1847,1.35
3.6685,3.8972,-0.33838,-0.059867,7.1569,1.4552
3.6313,3.8912,-0.3388,-0.068174,7.1411,1.5172
3.5941,3.8844,-0.33648,-0.076395,7.1197,1.5657
3.5599,3.8767,-0.34113,-0.083792,7.0896,1.6361
3.5319,3.8683,-0.41893,-0.089611,7.0496,2.0298
3.4896,3.8594,-0.5495,-0.099179,7.0086,2.7861
3.4384,3.8495,-0.72481,-0.11113,6.9635,3.9902
3.3631,3.8384,-0.91503,-8.8,6.914,0
3.2784,2.9584,-1.1073,0.62706,6.8963,9.8387
3.1756,3.0211,-1.2109,0.29357,6.9289,8.9308
3.0599,3.0504,-1.2481,0.017796,6.9382,7.6764
2.9404,3.0522,-1.2272,-0.023697,6.9332,7.7231
2.8245,3.0498,-1.1618,-0.047883,6.9181,7.4014
2.709,3.045,-1.0754,-0.07186,6.8842,6.8792
2.6086,3.0379,-0.96707,-0.092545,6.8399,6.1414
2.5189,3.0286,-0.84026,-0.11086,6.7901,5.2852
2.4401,3.0175,-0.72956,-0.12654,6.7429,4.6127
2.36,3.0049,-0.62651,-0.14285,6.6807,4.0592
2.2973,2.9906,-0.52296,-0.15528,6.6155,3.5119
2.2359,2.975,-0.44186,-0.16779,6.5398,3.1396
2.1892,2.9583,-0.36915,-8.8,6.465,0
2.1521,2.0783,-0.3053,0.2454,6.4329,1.677
2.1245,2.1028,-0.26789,0.070584,6.4406,0.94647
2.1076,2.1099,-0.25506,-0.00035737,6.4444,0.71175
2.1076,2.1098,0,-0.0047801,6.4441,0
2.0588,2.1093,-0.22693,-0.0081103,6.4407,0.71787
2.0387,2.1085,-0.15243,-0.011204,6.4407,0.51882
2.0279,2.1074,-0.01064,-0.012751,6.4413,0.16191
2.021,2.1061,0.19606,-0.013666,6.4377,0
2.0415,2.1048,0.42143,-0.010136,6.44,0
2.0918,2.1038,0.60419,-0.0019195,6.4447,0
2.1622,2.1036,0.65768,0.19083,6.4379,0
2.2267,2.1227,0.59041,0.33413,6.4458,0
2.2932,2.1561,0.4347,0.42938,6.4491,0
2.2932,2.199,0,0.40888,6.4606,0.97407
2.3493,2.2399,0.040606,0.32235,6.4704,0.49119
2.3525,2.2721,-0.089744,0.23133,6.4704,0.70482
2.345,2.2953,-0.17854,0.14086,6.4793,0.7896
2.3267,2.3093,-0.24495,0.048674,6.4768,0.79292
2.3017,2.3142,-0.27939,-0.0021971,6.4831,0.81984
2.2794,2.314,-0.2841,-0.0060727,6.4823,0.88438
2.2474,2.3134,-0.28585,-0.01159,6.4802,0.95868
2.2117,2.3122,-0.29211,-0.017639,6.4812,1.0578
2.1863,2.3105,-0.28445,-0.021787,6.4796,1.0803
2.1666,2.3083,-0.28723,-0.024927,6.4627,1.1291
2.1445,2.3058,-0.2998,-0.028455,6.4494,1.2219
2.1192,2.3029,-0.30113,-0.032484,6.4345,1.277
2.0809,2.2997,-0.29499,-0.0389,6.4067,1.3299
2.0568,2.2958,-0.30151,-0.042631,6.3878,1.4016
2.0568,2.2915,0,-0.046869,6.3641,0.3941
1.9948,2.2869,-0.29978,-0.052734,6.325,1.5121
1.9633,2.2816,-0.28103,-0.057709,6.2984,1.4921
1.9375,2.2758,-0.26077,-0.061681,6.2673,1.453
1.9019,2.2696,-0.23914,-0.067548,6.2281,1.4296
1.9019,2.2629,0,-0.071539,6.1916,0.6166
1.8494,2.2557,-0.22465,-0.075826,6.1443,1.4525
1.8331,2.2482,-0.23434,-8.8,6.0985,0
1.8008,1.3682,-0.24271,2.7583,6.1082,18.504
1.7823,1.644,-0.23322,0.65109,6.1308,3.1237
1.7556,1.7091,-0.22994,0.20538,6.1386,1.2479
1.7273,1.7296,-0.23341,-0.00033008,6.1319,0.63824
1.6957,1.7296,-0.25042,-0.0047668,6.1292,0.7658
1.6618,1.7291,-0.30681,-0.0094881,6.1175,1.0503
1.6227,1.7282,-0.40226,-0.014926,6.1039,1.5454
1.5807,1.7267,-0.48979,-0.020717,6.0887,2.0758
1.5416,1.7246,-0.60171,-0.026023,6.0769,2.8037
1.4799,1.722,-0.7344,-0.034483,6.0648,2.8885
1.402,1.7186,-0.82096,-0.045445,6.028,3.1381
1.3169,1.714,-0.80248,-0.057487,5.9869,3.2167
1.2349,1.7083,-0.74,-0.069119,5.9432,3.2114
1.1661,1.7014,-0.64627,-0.078896,5.8935,3.1303
1.1661,1.6935,0,-8.8,5.8404,0
1.1661,0.81346,0,-0.39258,5.8316,0
1.0247,0.77421,-0.32928,-0.32928,5.8508,0
0.99415,0.74128,-0.30368,-0.30368,5.8719,0
0.9585,0.71091,-0.26405,-0.26405,5.8946,0
0.93498,0.68451,-0.22804,-0.22804,5.9149,0
0.90789,0.6617,-0.19658,-0.19658,5.9485,0
0.89429,0.64204,-0.17448,-0.17448,5.9721,0
0.89429,0.6246,0,-0.15672,5.9982,0
0.86996,0.60892,-0.15093,-0.15093,6.0333,0
0.8474,0.59383,-0.1377,-0.1377,6.0613,0
0.82482,0.58006,-0.12427,-0.12427,6.0807,0
0.81317,0.56763,-0.17562,-0.17562,6.1106,0
0.79779,0.55007,-0.34569,-0.34569,6.1307,0
0.76838,0.5155,-0.6273,-0.6273,6.1465,0
0.70692,0.45277,-0.92981,-0.92981,6.1698,0
0.62332,0.35979,-1.1953,-1.1953,6.1977,0
0.51193,0.24026,-1.3674,-1.3674,6.2304,0
0.37021,0.10353,-1.4082,-1.4082,6.2545,0
0.22713,0,-1.3356,-1.3356,6.2745,0
0.092168,0,-1.2343,-1.2343,6.304,0
-0.02722,0,-1.1298,-1.1298,6.3149,0.055802
-0.13955,0,-1.048,-1.048,6.3055,0.28607
-0.13955,0,0,-0.97256,6.2968,0
-0.33258,0,-0.89799,-0.89799,6.257,0.68178
-0.33258,0,0,-0.85822,6.2282,0
-0.33258,0,0,-0.84961,6.1992,0
-0.60581,0,-0.8056,-0.8056,6.1281,1.2419
-0.67792,0,-0.72172,-0.72172,6.072,1.3897
-0.67792,0,0,-0.63108,6.0078,0.063691
-0.67792,0,0,-0.52861,5.9431,0.27901
-0.88021,0,-0.44055,-0.44055,5.8661,1.8044
-0.91915,0,-0.39106,-0.39106,5.7816,1.8843
-0.94894,0,-0.37602,-0.37602,5.6929,1.9453
-0.97831,0,-0.37167,-0.37167,5.5919,2.0055
-1.0135,0,-0.35805,-0.35805,5.5009,2.0778
-1.0135,0,0,-0.33028,5.4013,1.3838
-1.0776,0,-0.30285,-0.30285,5.2926,2.2091
-1.114,0,-0.2832,-0.2832,5.1866,2.2836
-1.1376,0,-0.23357,-0.23357,5.0684,2.3321
-1.1596,0,-0.18861,-8.8,4.9572,0
-1.179,0,-0.15509,-8.8,4.8771,0
-1.179,0,0,-8.8,4.8032,0
-1.1989,0,-0.12287,-8.8,4.7255,0
-1.2058,0,-0.11875,-8.8,4.644,0
-1.2124,0,-0.12571,-8.8,4.5579,0
-1.2124,0,0,-8.8,4.4807,0
-1.2442,0,-0.1511,-8.8,4.4038,0
-1.2552,0,-0.14549,-8.8,4.3151,0
-1.2714,0,-0.15448,-8.8,4.2255,0
-1.294,0,-0.17198,-8.8,4.1491,0
-1.3154,0,-0.16914,-8.8,4.0716,0
-1.3224,0,-0.16863,-8.8,3.9765,0
-1.3401,0,-0.17102,-8.8,3.888,0
-1.3401,0,0,-8.8,3.798,0
-1.3687,0,-0.18729,-8.8,3.7171,0
-1.3964,0,-0.19197,-8.8,3.6197,0
-1.4173,0,-0.19397,-8.8,3.5301,0
-1.4329,0,-0.19553,-8.8,3.4297,0
-1.445,0,-0.1999,-8.8,3.3338,0
-1.4723,0,-0.19597,-8.8,3.2406,0
-1.5001,0,-0.18884,-8.8,3.1302,0
-1.5203,0,-0.17208,-8.8,3.0262,0
-1.5423,0,-0.18339,-8.8,2.9088,0
-1.568,0,-0.17868,-8.8,2.8032,0
-1.5768,0,-0.17364,-8.8,2.6877,0
-1.5894,0,-0.154,-8.8,2.5797,0
-1.6145,0,-0.11867,-8.8,2.4613,0
-1.6291,0,-0.074375,-8.8,2.3464,0
-1.6347,0,-0.028502,-8.8,2.2172,0
-1.6363,0,0.017334,-8.8,2.0925,0
-1.6343,0,0.036407,-8.8,1.9821,0
-1.6352,0,0.01956,-8.8,1.8545,0
-1.6287,0,0.011462,-8.8,1.7285,0
-1.6293,0,0.028974,-8.8,1.6,0
-1.6221,0,0.071,-8.8,1.4798,0
-1.6185,0,0.18074,-8.8,1.3644,0
-1.6013,0,0.35585,-8.8,1.2435,0
-1.5718,0,0.59362,-8.8,1.1208,0
-1.5089,0,0.82782,-8.8,1.0027,0
-1.4208,0,1.0635,-8.8,0.89989,0
-1.3091,0,1.2333,-8.8,0.81514,0
-1.1947,0,1.3418,-8.8,0.72907,0
-1.0596,0,1.3771,-8.8,0.6627,0
-0.91377,0,1.3838,-8.8,0.6105,0
-0.91377,0,0,-8.8,0.56313,0
-0.63914,0,1.3189,-8.8,0.55063,0
-0.50673,0,1.2936,-8.8,0.54616,0
-0.38132,0,1.2733,-8.8,0.54781,0
-0.25273,0,1.2619,-8.8,0.56604,0
-0.12367,0,1.2461,-8.8,0.58312,0
-0.009054,0,1.24,-8.8,0.63032,0
0.11239,0,1.2426,-8.8,0.68318,0
0.23683,0,1.2592,-8.8,0.74266,0
0.36789,0,1.2746,-8.8,0.80998,0
0.49605,0,1.2888,-8.8,0.89031,0
0.6291,0,1.2804,-8.8,0.98964,0
0.6291,0,0,-8.8,1.0966,0
0.86937,0,1.2368,-8.8,1.2173,0
1.0026,0,1.1928,-8.8,1.3463,0
1.127,0,1.1593,-8.8,1.4957,0
1.2416,0,1.1466,-8.8,1.6539,0
1.3477,0,1.1522,-8.8,1.825,0
1.4644,0,1.1474,-8.8,2.0033,0
1.5795,0,1.1501,-8.8,2.2085,0
1.6856,0,1.2118,-8.8,2.4181,0
1.8096,0,1.3248,-8.8,2.6342,0
1.9417,0,1.4204,-8.8,2.8675,0
2.0834,0,1.5306,-8.8,3.1106,0
2.0834,0,0,-8.8,3.3629,0
2.3983,0,1.743,-8.8,3.6433,0
2.5715,0,1.8053,-8.8,3.9303,0
2.7603,0,1.8529,-8.8,4.2356,0
2.9375,0,1.9227,-8.8,4.5728,0
3.1357,0,1.9828,-8.8,4.9229,1.7803
3.3254,0,1.9881,1.9881,5.2879,0
3.515,0.19881,1.9889,1.9889,5.6189,0
3.7146,0.3977,2.0116,2.0116,5.9454,0
3.9256,0.59886,1.9787,1.9787,6.2765,0
4.1271,0.79673,1.8874,1.8874,6.6027,0
4.3143,0.98547,1.687,4.9,6.9411,3.1507
4.48,1.4755,1.3281,4.9,7.2678,7.0852
4.6117,1.9655,0.8118,4.9,7.5455,13.55
4.6942,2.4555,0.33533,4.9,7.7966,21.324
4.7189,2.9455,-0.083085,3.9908,7.9906,20.67
4.7038,3.3446,-0.31132,2.5151,8.1399,11.95
4.7038,3.5961,0,1.7869,8.2633,4.5807
4.6445,3.7748,-0.082513,1.3451,8.3501,3.3632
4.632,3.9093,-0.080533,1.0626,8.4243,2.3048
4.6247,4.0155,-0.12582,0.86263,8.4928,1.9233
4.6098,4.1018,-0.2383,0.69774,8.5404,2.0553
4.579,4.1716,-0.48188,0.54635,8.5816,3.0693
4.5325,4.2262,-0.61693,0.40312,8.6089,3.522
4.4613,4.2665,-0.5589,0.25283,8.6289,2.6815
4.4131,4.2918,-0.46847,0.15629,8.6536,1.9185
4.4131,4.3074,0,0.076499,8.6649,0
4.3356,4.3151,-0.25095,0.026236,8.6679,0.72728
4.3081,4.3177,-0.30898,-0.0020455,8.6621,0.92215
4.2812,4.3175,-0.36609,-0.0077418,8.6649,1.2056
4.2383,4.3167,-0.38216,-0.016753,8.6534,1.3644
4.2007,4.315,-0.42823,-0.024457,8.6455,1.6511
4.1614,4.3126,-0.44865,-0.03247,8.625,1.8315
4.1129,4.3093,-0.43337,-0.042355,8.5986,1.8597
4.0777,4.3051,-0.37972,-0.049215,8.5729,1.677
4.0388,4.3002,-0.28532,-0.056892,8.5386,1.3456
4.0045,4.2945,-0.11103,-0.063374,8.5102,0.78494
3.9871,4.2882,0.089901,-0.066078,8.4783,0.28953
3.9876,4.2815,0.32125,-0.064803,8.4482,0
4.0182,4.2751,0.55072,-0.056785,8.4256,0
4.0688,4.2694,0.77169,-0.044418,8.4094,0
4.1371,4.2649,0.91676,-0.028387,8.3909,0
4.1371,4.2621,0,-0.0062584,8.3783,0.25062
4.325,4.2615,0.75082,0.080647,8.3954,0
4.4089,4.2695,0.039296,0.17663,8.4116,0.014591
4.4182,4.2872,-0.87012,0.16501,8.4225,4.6156
4.3369,4.3037,-1.9583,0.041667,8.4367,18.707
4.1429,4.3079,-3.1323,-0.036747,8.4286,9.5211
3.8215,4.3042,-3.8843,-0.10803,8.4005,11.091
3.4348,4.2934,-3.9336,-0.19382,8.3429,11.582
3.0448,4.274,-3.6024,-0.28145,8.2466,11.386
2.6767,4.2459,-2.8607,-0.36639,8.1144,10.431
2.3856,4.2092,-1.9454,-0.43605,7.9529,9.1511
2.1944,4.1656,-1.2185,-0.48595,7.7542,8.167
2.0676,4.117,-0.72317,-0.52103,7.5527,8.3339
2.0029,4.0649,-0.48567,-0.54075,7.3505,6.3485
1.9611,4.0109,-0.56347,-0.55396,7.1544,6.7859
1.9023,3.9555,-0.60643,-8.8,6.9448,0
1.8457,3.0755,-0.41042,-0.27321,6.7714,4.1763
1.8017,3.0481,-0.021702,-0.28317,6.6412,2.2896
1.7949,3.0198,0.42475,-8.8,6.5092,0
1.8472,2.1398,0.97307,-0.047849,6.4302,0.097752
1.9485,2.135,1.4619,-0.030636,6.4032,1.185
2.1021,2.132,1.7189,-0.004927,6.3825,2.1515
2.2716,2.1315,1.7292,0.44293,6.3814,0.39089
2.4476,2.1758,1.6943,0.83191,6.3939,0
2.626,2.259,1.6066,1.0599,6.4278,0
2.7873,2.365,1.4973,1.1366,6.4716,0
2.9313,2.4786,1.3178,1.1331,6.5148,0
3.0597,2.5919,1.1133,1.0948,6.5691,0
3.1669,2.7014,0.89657,1.0244,6.6255,0
3.2564,2.8039,0.71252,0.94244,6.6775,0
3.3337,2.8981,0.511,0.86317,6.7182,0
3.3929,2.9844,0.36749,0.77548,6.7654,0.1126
3.4349,3.062,0.36257,0.68262,6.8139,0
3.4785,3.1302,0.43459,0.618,6.859,0
3.5267,3.192,0.50336,0.57793,6.8999,0
3.5671,3.2498,0.52777,0.53437,6.9391,0
3.6169,3.3033,0.52466,0.51576,6.9647,0
3.6728,3.3548,0.43332,0.51154,6.9967,0
3.7219,3.406,0.28833,0.49787,7.0335,0
3.7514,3.4558,0.13698,0.45634,7.0606,0.13596
3.7514,3.5014,0,0.38597,7.0879,0.46476
3.7621,3.54,-0.0035672,0.33165,7.118,0.37299
3.7602,3.5732,-0.053278,0.27611,7.1482,0.44723
3.7481,3.6008,-0.082954,0.21487,7.158,0.45037
3.7413,3.6223,-0.097869,0.17226,7.1713,0.43588
3.7345,3.6395,-0.095617,0.13648,7.1736,0.37942
3.7228,3.6531,-0.094961,0.099486,7.1839,0.33081
3.7057,3.6631,-0.07049,0.060703,7.1876,0.21899
3.6938,3.6692,0.0046473,0.035002,7.1824,0.014022
3.7013,3.6727,0.08632,0.040513,7.188,0
3.7031,3.6767,0.17241,0.037425,7.1991,0
3.7114,3.6805,0.32676,0.043772,7.1961,0
3.7412,3.6848,0.44465,0.079574,7.1991,0
3.7412,3.6928,0,0.14278,7.2043,0.23559
3.8389,3.7071,0.53795,0.18423,7.203,0
3.8389,3.7255,0,0.23808,7.2152,0.34873
3.9537,3.7493,0.49884,0.2813,7.2318,0
4.0031,3.7774,0.4772,0.30749,7.253,0
4.0522,3.8082,0.42314,0.32906,7.2779,0
4.0889,3.8411,0.34642,0.33069,7.3102,0
4.13,3.8741,0.27149,0.33746,7.3318,0
4.1586,3.9079,0.20522,0.32673,7.3527,0
4.1788,3.9406,0.12404,0.30725,7.3807,0
4.1882,3.9713,0.04881,0.27654,7.3942,0.069756
4.1912,3.9989,0.019554,0.24282,7.411,0.11578
4.1902,4.0232,0.011556,0.20896,7.4209,0.10548
4.1917,4.0441,0.0050584,0.18347,7.4364,0.1002
4.1964,4.0625,0.0019854,0.16557,7.4543,0.093038
4.1975,4.079,-0.02201,0.14569,7.4642,0.13945
4.2043,4.0936,-0.078875,0.1357,7.4848,0.28847
4.1957,4.1072,-0.15147,0.10805,7.4983,0.48303
4.1817,4.118,-0.18975,0.077558,7.5133,0.57471
4.1541,4.1257,-0.20525,0.034368,7.5128,0.57775
4.1362,4.1292,-0.23222,0.0085786,7.5215,0.63886
4.1362,4.13,0,-0.0056635,7.5221,0
4.083,4.1295,-0.27482,-0.011912,7.5251,0.86223
4.0475,4.1283,-0.32165,-0.020698,7.5283,1.1047
4.0122,4.1262,-0.37513,-0.029225,7.5263,1.391
4.0122,4.1233,0,-0.036889,7.5151,0.15099
3.9318,4.1196,-0.39026,-0.048378,7.4963,1.6046
3.8886,4.1147,-0.38413,-0.05852,7.47,1.6531
3.8451,4.1089,-0.37312,-0.068604,7.4399,1.6777
3.7989,4.102,-0.36786,-0.079111,7.4162,1.7317
3.7718,4.0941,-0.35892,-0.084636,7.3785,1.7275
3.7452,4.0857,-0.35104,-0.089961,7.341,1.7262
3.7008,4.0767,-0.34168,-0.099858,7.3065,1.7524
3.6604,4.0667,-0.33791,-0.10837,7.2771,1.7936
3.6604,4.0558,0,-0.11344,7.237,0.58793
3.6604,4.0445,0,-0.12083,7.198,0.54449
3.5595,4.0324,-0.36388,-0.12873,7.1486,2.0322
3.5293,4.0195,-0.37037,-0.13449,7.0995,2.092
3.4854,4.0061,-0.43674,-0.14415,7.0457,2.4737
3.4404,3.9917,-0.52766,-8.8,6.9839,0
3.3853,3.1117,-0.62057,0.49807,6.9782,4.2987
3.3853,3.1615,0,0.2947,7.0031,0.24369
3.2628,3.191,-0.90812,0.12616,7.0215,4.921
3.1778,3.2036,-1.0983,-0.0056352,7.0236,6.1044
3.0682,3.203,-1.2991,-0.029472,7.0202,8.6152
2.9427,3.2001,-1.4994,-0.05642,7.0061,5.7961
2.7986,3.1944,-1.677,-0.087189,6.9779,6.1797
2.6301,3.1857,-1.7626,-0.12341,6.9302,6.4579
2.4508,3.1734,-1.8152,-0.16224,6.8674,6.6921
2.27,3.1571,-1.807,-0.20176,6.7913,6.822
2.0853,3.137,-1.8045,-0.24357,6.6888,6.9499
1.9073,3.1126,-1.8655,-0.28458,6.5774,7.1655
1.7292,3.0841,-1.8916,-8.8,6.439,0
1.5351,2.2041,-1.9088,-0.11558,6.3414,5.9768
1.3401,2.1926,-1.9548,-0.14964,6.2585,6.3018
1.1447,2.1776,-1.9689,-0.18429,6.1697,6.5603
0.95507,2.1592,-1.995,-8.8,6.0618,0
