0,0,-0.039308,0,35.5,0.082595
-0.011219,0,-0.014822,7.8,35.504,16.444
-0.019747,0.78,-0.023323,7.8,35.471,18.078
-0.020052,1.56,-0.027284,7.8,35.358,19.686
-0.021818,2.34,-0.021771,7.8,35.167,21.277
-0.023556,3.12,-0.023225,7.8,34.884,22.883
-0.023556,3.9,0,7.8,34.53,24.433
-0.023556,4.68,0,7.8,34.099,26.032
-0.031188,5.46,-0.0094802,7.8,33.581,27.667
-0.035497,6.24,-0.016646,6.7,33,26.978
-0.045428,6.91,-0.013077,6.7,32.338,28.364
-0.044121,7.58,-0.017292,6.7,31.614,29.744
-0.044121,8.25,0,-0.43886,30.818,16.081
-0.057413,8.2061,-0.014516,-0.45464,29.994,16.015
-0.050174,8.1606,-0.022095,-0.47022,29.167,15.891
-0.059405,8.1136,-0.015844,-0.48726,28.358,15.764
-0.055473,8.0649,-0.016417,-0.50488,27.536,15.62
-0.057281,8.0144,-0.017772,-0.52382,26.72,15.484
-0.056654,7.962,-0.022756,-0.54334,25.919,15.344
-0.051272,7.9077,-0.012347,-0.56363,25.122,15.158
-0.046193,7.8513,-0.023848,-0.58496,24.334,15.011
-0.051903,7.7928,-0.022918,-0.60842,23.548,14.851
-0.05802,7.732,-0.015608,-0.63304,22.775,14.672
-0.055346,7.6687,-0.023958,-0.65834,22.007,14.501
-0.063876,7.6029,-0.028662,-0.68656,21.237,14.334
-0.060982,7.5342,-0.029346,-0.71502,20.482,14.129
-0.069595,7.4627,-0.033626,-0.74617,19.735,13.944
-0.068127,7.3881,-0.039747,-0.77915,18.981,13.732
-0.067352,7.3102,-0.030217,-0.81346,18.247,13.478
-0.067352,7.2288,0,-0.85221,17.513,13.166
-0.073226,7.1436,-0.024044,-0.89182,16.774,12.971
-0.076761,7.0544,-0.023056,-0.93463,16.054,12.703
-0.070571,6.961,-0.029508,-0.97856,15.346,12.42
-0.063848,6.8631,-0.024504,-1.0242,14.656,12.1
-0.063848,6.7607,0,-1.0739,13.968,11.734
-0.069088,6.6533,-0.02574,-1.1294,13.291,11.462
-0.079568,6.5403,-0.027146,-1.189,12.622,11.13
-0.072315,6.4214,-0.020926,-1.2504,11.956,10.729
-0.071126,6.2964,-0.030915,-1.316,11.308,10.353
-0.08153,6.1648,-0.029176,-1.3864,10.681,9.9532
-0.08153,6.0262,0,-1.4622,10.063,9.4483
-0.095467,5.88,-0.024749,-1.5439,9.4441,9.0576
-0.10079,5.7256,-0.029532,-1.624,8.8639,8.5936
-0.10657,5.5632,-0.030479,-1.713,8.2838,8.0875
-0.10676,5.3919,-0.029768,-1.8017,7.7265,7.5489
-0.11089,5.2117,-0.040681,-8.8,7.1757,0
-0.11705,4.3317,-0.039274,-8.8,6.6905,0
-0.12235,3.4517,-0.028841,-8.8,6.2944,0
-0.12767,2.5717,-0.026686,-8.8,5.9819,0
-0.13077,1.6917,-0.033546,-8.8,5.7641,0
-0.13077,0.81169,0,-0.024504,5.6258,1.8806
-0.13658,0.80924,-0.027367,-0.027367,5.5329,1.9389
-0.14154,0.80651,-0.034922,-0.034922,5.4319,1.9435
-0.14869,0.80301,-0.03468,-8.8,5.344,0
-0.14439,0,-0.031161,-0.031161,5.2858,0.29599
-0.14874,0,-0.036177,-0.036177,5.2722,0.30491
-0.14798,0,-0.036138,-0.036138,5.2564,0.30335
-0.15675,0,-0.038205,-0.038205,5.2455,0.32135
-0.158,0,-0.039222,-0.039222,5.2299,0.3239
-0.15657,0,-0.041348,-0.041348,5.222,0.32097
-0.17015,0,-0.038459,-0.038459,5.2096,0.34881
-0.16475,0,-0.040243,-0.040243,5.2015,0.33773
-0.16475,0,0,-0.037742,5.1853,0.25843
-0.1751,0,-0.039568,-0.039568,5.1654,0.35896
-0.17732,0,-0.036508,-0.036508,5.1454,0.3635
-0.1843,0,-0.0358,-0.0358,5.1372,0.37782
-0.19692,0,-0.029076,-0.029076,5.1232,0.40368
-0.20648,0,-0.028301,-0.028301,5.0953,0.42328
-0.20661,0,-0.021223,-0.021223,5.0683,0.42355
-0.20912,0,-0.016708,-0.016708,5.0397,0.42869
-0.20714,0,-0.020006,-0.020006,5.0246,0.42463
-0.21344,0,-0.022583,-0.022583,5.0109,0.43755
-0.2176,0,-0.023559,-8.8,4.9859,0
-0.22673,0,-0.025451,-0.025451,5.0142,0.4648
-0.22557,0,-0.02732,-8.8,4.9861,0
-0.23748,0,-0.031156,-8.8,4.9989,0
-0.24971,0,-0.029748,-0.029748,5.009,0.5119
-0.24697,0,-0.02619,-8.8,4.9827,0
-0.24697,0,0,-0.029955,5.002,0.44335
-0.2459,0,-0.030481,-8.8,4.9861,0
-0.24921,0,-0.021701,-0.021701,5.001,0.51087
-0.25698,0,-0.023351,-8.8,4.9832,0
-0.26862,0,-0.02124,-8.8,4.9967,0
-0.27562,0,-0.021311,-0.021311,5.0208,0.56503
-0.27838,0,-0.018347,-8.8,4.9935,0
-0.28979,0,-0.019764,-0.019764,5.0154,0.59407
-0.29597,0,-0.014089,-8.8,4.9895,0
-0.30697,0,-0.017846,-8.8,4.9944,0
-0.30894,0,-0.013998,-0.013998,5.0024,0.63333
-0.31627,0,-0.021678,-8.8,4.9779,0
-0.30932,0,-0.020037,-8.8,4.9943,0
-0.31371,0,-0.026711,-8.8,4.9976,0
-0.31031,0,-0.022704,-0.022704,5.0051,0.63613
-0.31535,0,-0.022943,-8.8,4.9703,0
-0.30906,0,-0.021043,-8.8,4.9858,0
-0.30906,0,0,-0.028392,4.9989,0.57391
-0.31194,0,-0.024572,-8.8,4.9724,0
-0.31194,0,0,-8.8,4.9852,0
-0.32802,0,-0.028629,-8.8,4.982,0
-0.3319,0,-0.03048,-8.8,4.9912,0
-0.3336,0,-0.025943,-0.025943,5.0055,0.68389
-0.34568,0,-0.02571,-8.8,4.9735,0
-0.34831,0,-0.027162,-8.8,4.9741,0
-0.35836,0,-0.017217,-8.8,4.9786,0
-0.35877,0,-0.015567,-8.8,4.992,0
-0.35068,0,-0.0151,-0.0151,5.001,0.7189
-0.35469,0,-0.024119,-8.8,4.9686,0
-0.35044,0,-0.032637,-8.8,4.9687,0
-0.35332,0,-0.04725,-8.8,4.9676,0
-0.36707,0,-0.040648,-8.8,4.9814,0
-0.37201,0,-0.037856,-8.8,4.9837,0
-0.36914,0,-0.034056,-8.8,4.9865,0
-0.37787,0,-0.028797,-8.8,4.9956,0
-0.38773,0,-0.017259,-8.8,4.9928,0
-0.39131,0,-0.022938,-8.8,4.9997,0
-0.39041,0,-0.027607,-8.8,4.9987,0
-0.38439,0,-0.024737,-8.8,4.994,0
-0.38629,0,-0.023103,-8.8,4.9967,0
-0.39348,0,-0.021906,-8.8,4.9942,0
-0.39827,0,-0.017959,-0.017959,5.006,0.81645
-0.39827,0,0,-8.8,4.9662,0
-0.40348,0,0.038457,-8.8,4.9697,0
-0.40652,0,0.1242,-8.8,4.9636,0
-0.38659,0,0.23906,-8.8,4.9741,0
-0.36239,0,0.35089,-8.8,4.9757,0
-0.33391,0,0.4429,-8.8,4.987,0
-0.2825,0,0.53255,0.53255,5.0061,0.57912
-0.2212,0.053255,0.60058,-8.8,4.9755,0
-0.15576,0,0.6557,-8.8,4.9969,0
-0.15576,0,0,0.71698,5.0253,1.8259
-0.0173,0.071698,0.77976,-8.8,5.0255,0
0.060938,0,0.82611,0.82611,5.0597,0
0.15119,0.082611,0.84668,0.84668,5.0628,0
0.15119,0.16728,0,-8.8,5.0654,0
0.31024,0,0.81967,0.81967,5.1292,0
0.40004,0.081967,0.8117,0.8117,5.1585,0
0.47195,0.16314,0.80931,0.80931,5.1907,0
0.55024,0.24407,0.82773,0.82773,5.2213,0
0.6415,0.32684,0.91515,0.91515,5.2559,0
0.74028,0.41836,1.0488,1.0488,5.29,0
0.85244,0.52323,1.2466,1.2466,5.3305,0
0.98483,0.64789,1.4676,1.4676,5.3674,0
1.138,0.79465,1.6576,-8.8,5.3916,0
1.138,0,0,1.792,5.4699,4.4862
1.4928,0.1792,1.8405,1.8405,5.6108,0
1.6679,0.36324,1.7778,1.7778,5.744,0
1.8556,0.54102,1.6793,1.6793,5.875,0
2.0332,0.70895,1.5721,1.5721,6.0043,0
2.1986,0.86617,1.4424,1.4424,6.13,0
2.351,1.0104,1.3668,4.9,6.2654,14.503
2.4849,1.5004,1.343,4.9,6.3732,16.507
2.6268,1.9904,1.3092,2.2804,6.4591,1.4088
2.7658,2.2184,1.2866,1.6493,6.5176,0
2.8859,2.3834,1.2699,1.3529,6.5695,0
3.0187,2.5187,1.1965,1.2368,6.6238,0
3.0187,2.6423,0,1.1606,6.6676,3.6591
3.2677,2.7584,1.0486,1.0968,6.7234,0
3.369,2.8681,0.97694,1.0165,6.7679,0
3.4723,2.9697,0.92577,0.96827,6.8153,0
3.569,3.0666,0.96594,0.92341,6.8638,0
3.66,3.1589,1.065,0.88228,6.9159,0
3.7675,3.2471,1.1824,0.88029,6.9623,0
3.8932,3.3352,1.2927,0.9078,7.0065,0
4.0249,3.4259,1.4104,0.93792,7.06,0
4.1581,3.5197,1.4799,0.96242,7.1163,0
4.3161,3.616,1.4663,1.0178,7.1862,0
4.456,3.7177,1.4201,1.0334,7.2558,0
4.5888,3.8211,1.4406,1.0363,7.3328,0
4.7383,3.9247,1.4537,1.0612,7.4198,0
4.7383,4.0308,0,1.0613,7.4959,1.9018
5.0232,4.137,1.4965,1.0798,7.5854,0
5.1717,4.2449,1.5295,1.0927,7.6731,0
5.3215,4.3542,1.5284,1.1049,7.7666,0
5.4752,4.4647,1.5069,1.1198,7.8678,0
5.6335,4.5767,1.4675,1.137,7.9731,0
5.7734,4.6904,1.4029,1.1319,8.0816,0
5.9123,4.8036,1.3348,1.1266,8.1872,0
6.0548,4.9162,1.23,1.1268,8.3025,0
6.0548,5.0289,0,1.1148,8.4107,1.0805
6.0548,5.1404,0,1.087,8.5077,1.3204
6.398,5.2491,0.98014,1.058,8.6583,0
6.4999,5.3549,0.92081,1.0311,8.7654,0
6.6019,5.458,0.89219,1.0102,8.8878,0
6.6938,5.559,0.84621,0.98329,9.0046,0
6.6938,5.6574,0,0.9512,9.1132,0.33087
6.861,5.7525,0.79578,0.92597,9.2139,0
6.9334,5.8451,0.74075,0.89512,9.3306,0
6.9975,5.9346,0.69835,0.86053,9.4319,0
7.0747,6.0206,0.66666,0.84185,9.5437,0
7.1494,6.1048,0.62305,0.82257,9.6409,0
7.21,6.1871,0.61915,0.7949,9.7404,0
7.2624,6.2666,0.61122,0.76487,9.8456,0
7.3168,6.3431,0.60863,0.73953,9.9458,0
7.3833,6.417,0.62559,0.72648,10.05,0
7.4448,6.4897,0.61295,0.7102,10.138,0
7.5117,6.5607,0.60229,0.70001,10.23,0
7.5117,6.6307,0,0.68818,10.322,0
7.6391,6.6995,0.62374,0.67956,10.432,0
7.699,6.7675,0.60635,0.66722,10.516,0
7.7595,6.8342,0.58629,0.65766,10.618,0
7.813,6.8999,0.52238,0.6432,10.703,0
7.8734,6.9643,0.46069,0.63495,10.787,0
7.9129,7.0278,0.39957,0.61388,10.886,0
7.9478,7.0891,0.33024,0.59131,10.977,0
7.9898,7.1483,0.25744,0.57578,11.069,0
8.0236,7.2059,0.15468,0.55572,11.152,0
8.0236,7.2614,0,0.52519,11.231,0
8.0288,7.3139,-0.3113,0.48003,11.315,0.70279
8.0288,7.3619,0,0.42165,11.384,0
7.9232,7.4041,-0.89145,0.34472,11.434,4.3258
7.8284,7.4386,-1.2022,0.25793,11.489,7.2546
7.7159,7.4644,-1.4151,0.16591,11.52,9.7253
7.7159,7.481,0,0.060026,11.544,0
7.4257,7.487,-1.4674,-0.014739,11.55,10.467
7.2829,7.4855,-1.4437,-0.048882,11.529,10.636
7.1395,7.4806,-1.2647,-0.082553,11.502,8.8532
7.1395,7.4724,0,-0.11034,11.469,0.45718
6.8999,7.4613,-0.94683,-0.13706,11.423,6.2448
6.8054,7.4476,-0.79239,-0.15775,11.367,5.1607
6.7278,7.4318,-0.70152,-0.1741,11.306,4.6291
6.7278,7.4144,0,-0.19052,11.236,1.0583
6.5832,7.3954,-0.59637,-0.2043,11.153,4.1507
6.5188,7.3749,-0.46279,-0.21743,11.068,3.417
6.4651,7.3532,-0.29746,-0.22802,10.974,2.6065
6.4404,7.3304,-0.078896,-0.23072,10.888,1.7003
6.4238,7.3073,0.12457,-0.23101,10.809,1.0775
6.4345,7.2842,0.24575,-0.22467,10.715,0.76083
6.4631,7.2618,0.30208,-0.21324,10.629,0.59099
6.491,7.2404,0.36787,-0.20169,10.558,0.43509
6.5356,7.2203,0.41128,-0.18583,10.485,0.30742
6.5669,7.2017,0.43317,-0.17348,10.424,0.2284
6.6154,7.1843,0.51241,-0.15644,10.368,0.10797
6.6611,7.1687,0.51728,-0.14043,10.315,0.040509
6.7049,7.1547,0.41399,-0.12495,10.276,0.025644
6.7492,7.1422,0.27719,-0.10955,10.243,0.08301
6.7811,7.1312,0.14601,-0.098103,10.2,0.21772
6.796,7.1214,-0.027363,-0.091714,10.156,0.55414
6.8017,7.1122,-0.23086,-0.087995,10.115,1.1606
6.7835,7.1034,-0.42663,-0.090959,10.086,2.0069
6.7359,7.0943,-0.63925,-0.10229,10.054,3.2663
6.6728,7.0841,-0.7955,-0.11792,10.017,4.4605
6.6728,7.0723,0,-0.1394,9.9762,0.53373
6.4981,7.0584,-1.1405,-0.16269,9.9161,7.9299
6.3763,7.0421,-1.1795,-0.19451,9.865,8.6293
6.2667,7.0226,-1.1768,-0.22251,9.8021,8.8308
6.1549,7.0004,-1.2462,-0.25144,9.7214,9.8532
6.0272,6.9752,-1.2865,-0.28476,9.6398,10.601
5.9023,6.9468,-1.3569,-0.31803,9.5351,11.732
5.7675,6.915,-1.5095,-0.35428,9.4269,14.124
5.6094,6.8795,-1.6041,-0.39785,9.3136,15.897
5.6094,6.8398,0,-0.44462,9.1885,1.647
5.276,6.7953,-1.6758,-0.49369,9.0354,17.635
5.276,6.7459,0,-0.54207,8.8859,1.9487
4.9287,6.6917,-1.9079,-0.59827,8.7128,22.422
4.7281,6.6319,-2.0281,-0.66328,8.5246,25.19
4.5337,6.5656,-2.2034,-0.72893,8.3198,29.473
4.3105,6.4927,-2.3419,-5.2,8.1095,0
4.0856,5.9727,-2.2869,-8.8,7.8987,0
3.8526,5.0927,-2.3278,-0.3804,7.7467,9.9557
3.6279,5.0546,-2.3921,-0.44639,7.617,10.042
3.3925,5.01,-2.3952,-8.8,7.4609,0
3.1482,4.13,-2.2853,-0.26323,7.3282,8.641
2.9179,4.1037,-2.297,-0.32348,7.2213,8.7667
2.6942,4.0713,-2.1118,-0.38386,7.0907,8.5578
2.6942,4.0329,0,-8.8,6.9549,0
2.6942,3.1529,0,-0.19531,6.865,0.53196
2.1294,3.1334,-1.502,-0.22986,6.7307,6.4249
1.9884,3.1104,-1.2391,-0.26211,6.6171,6.0913
1.8585,3.0842,-1.0698,-8.8,6.5037,0
1.7429,2.2042,-0.97245,-0.078207,6.4144,4.0707
1.6426,2.1964,-0.70229,-0.094771,6.3632,4.5193
1.5692,2.1869,-0.40742,-0.10688,6.3029,2.8349
1.5366,2.1762,-0.070587,-0.11203,6.2367,1.4031
1.5206,2.165,0.23343,-0.11417,6.1726,0.59329
1.543,2.1536,0.57798,-0.10918,6.117,0.14382
1.543,2.1427,0,-8.8,6.0565,0
1.6943,1.2627,1.0578,3.1213,6.0525,8.2791
1.8026,1.5748,1.1852,1.1449,6.0877,0
1.9124,1.6893,1.2621,1.0009,6.1132,0
2.04,1.7894,1.3354,1.0248,6.1367,0
2.1834,1.8919,1.3662,1.0891,6.1549,0
2.3117,2.0008,1.3511,1.0641,6.1949,0
2.4529,2.1072,1.3213,1.0909,6.2316,0
2.591,2.2163,1.3091,1.0921,6.2651,0
2.724,2.3255,1.2845,1.078,6.3063,0
2.8459,2.4333,1.2336,1.0393,6.3377,0
2.9728,2.5372,1.0917,1.0299,6.3843,0
3.0848,2.6402,0.84907,0.9894,6.4269,0
3.1765,2.7392,0.48925,0.9209,6.4711,0.10796
3.2234,2.8313,0.020055,0.78555,6.5104,1.54
3.2239,2.9098,-0.53599,0.60436,6.5499,4.1906
3.171,2.9702,-0.94667,0.37441,6.5734,6.5449
3.0824,3.0077,-1.2315,0.13685,6.5899,8.1919
2.9645,3.0214,-1.3898,-0.012973,6.5873,9.4423
2.8177,3.0201,-1.4816,-0.046253,6.5767,5.4672
2.6649,3.0154,-1.4548,-0.080565,6.548,5.5626
2.5223,3.0074,-1.4966,-8.8,6.503,0
2.3631,2.1274,-1.503,0.75989,6.5,7.3851
2.2045,2.2034,-1.4987,0.0035134,6.5102,4.3453
2.0503,2.2037,-1.4102,-0.025416,6.503,4.39
2.0503,2.2012,0,-0.047126,6.4877,0.21197
1.7843,2.1965,-1.1813,-0.069365,6.4282,4.3406
1.7843,2.1895,0,-0.089135,6.3873,0.67246
1.7843,2.1806,0,-0.10563,6.3473,0.60955
1.4729,2.1701,-0.78934,-0.12135,6.2483,4.0309
1.3955,2.1579,-0.71417,-0.1345,6.1753,3.9734
1.3249,2.1445,-0.63064,-0.14642,6.1029,4.7716
1.2648,2.1298,-0.55745,-8.8,6.0212,0
1.2144,1.2498,-0.47959,-0.0036624,5.9715,1.7361
1.1731,1.2495,-0.5113,-0.0079253,5.9576,2.0132
1.1731,1.2487,0,-0.013142,5.95,0.12879
1.0468,1.2474,-1.3996,-0.020891,5.9369,3.6907
0.91172,1.2453,-2.1622,-0.034891,5.9146,5.4388
0.69743,1.2418,-3.0947,-0.057385,5.876,7.7053
0.38303,1.236,-4.087,-0.091231,5.8072,10.293
-0.023648,1.2269,-4.9048,-0.13672,5.7027,12.73
-0.51492,1.2133,-5.3039,-8.8,5.5579,0
-1.0457,0.33325,-5.4261,-5.4261,5.3982,2.9745
-1.5833,0,-5.3465,-5.3465,5.2521,3.3935
-2.1089,0,-5.1867,-5.1867,5.1006,4.4711
-2.6237,0,-4.9601,-8.8,4.8949,0
-3.1106,0,-4.8539,-8.8,4.6516,0
-3.5949,0,-4.6966,-8.8,4.3531,0
-4.0666,0,-4.461,-8.8,4.013,0
-4.5082,0,-4.1016,-8.8,3.6218,0
-4.9104,0,-3.6499,-8.8,3.185,0
-5.2762,0,-3.1597,-8.8,2.7267,0
-5.5993,0,-2.786,-9.7955,2.2364,0
-5.8821,0,-2.4845,-12.57,1.7153,0
-6.136,0,-2.2474,-18.141,1.1844,0
-6.136,0,0,-33.022,0.66153,0
-6.5658,0,-1.7222,-134.13,0.16279,0
-6.7367,0,-1.4178,-141.55,0.16193,0
-6.8781,0,-1.1589,-126.88,0.18815,0
-6.989,0,-0.91126,-201.66,0.12166,0
-7.0718,0,-0.69983,-59.846,0.42276,0
-7.1401,0,-0.64786,-4577.4,0.0055695,0
-7.2077,0,-0.68403,7.8,22.18,32.751
-7.2692,0.78,-0.81523,7.8,21.408,34.751
-7.3419,1.56,-1.011,-0.15207,20.556,20.201
-7.4414,1.5448,-1.2014,-0.1636,19.651,20.75
-7.5559,1.5284,-1.3908,-0.17673,18.746,21.322
-7.6939,1.5108,-1.5445,-0.19209,17.829,21.859
-7.8412,1.4916,-1.5791,-0.20975,16.904,22.157
-8.0079,1.4706,-1.1365,-0.23077,15.955,21.482
-8.1153,1.4475,-0.44086,-0.25355,14.995,20.145
-8.1638,1.4221,0.10188,-0.2783,14.03,19
-8.1466,1.3943,0.46442,-0.30498,13.065,18.09
-8.105,1.3638,0.82825,-0.33456,12.118,17.115
-8.105,1.3304,0,-0.36835,11.173,18.716
-8.105,1.2935,0,-0.40755,10.232,18.558
-7.8704,1.2528,0.56423,-0.45431,9.3107,16.71
-7.8171,1.2073,0.66034,-0.51169,8.4006,16.185
-7.8171,1.1562,0,-0.57999,7.5008,17.324
-7.6879,1.0982,0.68421,-0.66421,6.6323,15.326
-7.6104,1.0317,0.67016,-0.77153,5.7565,14.835
-7.5506,0.9546,0.69275,-8.8,4.9085,0
-7.4879,0.074596,0.68049,-8.8,4.0999,0
-7.4294,0,0.67443,-8.8,3.4001,0
-7.3691,0,0.66728,-9.3609,2.7076,0
-7.3691,0,0,-12.447,2.0175,0
-7.2246,0,0.67,-18.506,1.3609,0
-7.1517,0,0.6684,-34.591,0.7253,0
-7.0819,0,0.66576,-129.67,0.1924,0
-7.01,0,0.67934,-178.19,0.13736,0
-6.9335,0,0.67512,-73.035,0.3261,0
-6.8621,0,0.67603,9.8,1,33.387
-6.7975,0.98,0.68287,-113.16,0.26567,0
-6.7233,0,0.67897,-351.7,0.064139,0
-6.6593,0,0.67232,-18.488,1.1573,0
-6.5863,0,0.69439,-35.851,0.5935,0
-6.5263,0,0.71911,-183.48,0.11562,0
-6.463,0,0.7415,-55.046,0.37437,0
-6.395,0,0.76232,-1412.6,0.014467,0
-6.3193,0,0.78235,0.78235,6.4348,13.102
-6.2354,0.078235,0.78386,0.78386,5.8076,13.091
-6.166,0.15662,0.78889,0.78889,5.1716,13.109
-6.0901,0.23551,0.79837,-8.8,4.5338,0
-6.0177,0,0.80432,-8.8,3.9517,0
-5.9388,0,0.82798,-8.8,3.3995,0
-5.859,0,0.86842,-8.8,2.863,0
-5.859,0,0,-8.8,2.3211,0
-5.6737,0,0.90832,-8.8,1.8013,0
-5.5872,0,0.92322,-11.2,1.2875,0
-5.5872,0,0,-18.425,0.78473,0
-5.4046,0,0.87622,-42.426,0.33727,0
-5.3237,0,0.83809,-1729.4,0.00819,0
-5.2317,0,0.80404,0.80404,8.1206,10.873
-5.1524,0.080404,0.78866,0.78866,7.6019,10.875
-5.0705,0.15927,0.82041,0.82041,7.0721,10.869
-4.9936,0.24131,0.90335,0.90335,6.5417,10.879
-4.8934,0.33165,1.0366,1.0366,6.0228,10.859
-4.7905,0.43531,1.021,1.021,5.5008,10.861
-4.6935,0.53741,0.69462,-8.8,4.9872,0
-4.634,0,0.065122,-8.8,4.5091,0
-4.6237,0,-0.69375,-8.8,4.0809,0
-4.6915,0,-1.6489,-8.8,3.6622,0
-4.8565,0,-2.5174,-8.8,3.2349,0
-5.1137,0,-2.6423,-8.8,2.7745,0
-5.1137,0,0,-8.8,2.3071,0
-5.5909,0,-1.4515,-10.201,1.7862,0
-5.7422,0,-0.45725,-13.49,1.265,0
-5.7958,0,0.9088,-21.301,0.75624,0
-5.695,0,1.9051,-56.042,0.27985,0
-5.5072,0,2.4891,-1986.4,0.0076248,0
-5.5072,0,0,2.9239,9.3887,17.581
-5.5072,0.29239,0,2.9307,8.8233,18.195
-4.686,0.58546,2.4547,2.4547,8.3477,10.954
-4.4404,0.83093,1.8111,1.8111,7.828,10.954
-4.2644,1.012,1.1708,-0.31213,7.2945,7.8483
-4.1468,0.98082,0.64879,-0.33109,6.7771,8.6005
-4.0814,0.94771,0.21983,-0.35618,6.2654,9.2471
-4.0631,0.91209,-0.14053,-0.38873,5.757,9.8253
-4.0855,0.87322,-0.48526,-8.8,5.2615,0
-4.1313,0,-0.85353,-8.8,4.8124,0
-4.2177,0,-1.2391,-8.8,4.4309,0
-4.3507,0,-1.4863,-8.8,4.043,0
-4.4898,0,-1.6808,-8.8,3.6354,0
-4.6678,0,-1.7447,-8.8,3.2172,0
-4.8515,0,-1.7576,-8.8,2.7855,0
-5.0279,0,-1.7188,-8.8,2.3452,0
-5.1992,0,-1.6101,-8.8084,1.8777,0
-5.3697,0,-1.359,-11.643,1.4019,0
-5.5044,0,-0.93382,-17.631,0.90729,0
-5.6032,0,-0.44485,-35.367,0.44951,0
-5.6032,0,0,-228.28,0.066023,0
-5.6284,0,0.68736,-23.925,0.64355,0
-5.5547,0,1.2227,-78.325,0.19394,0
-5.4419,0,1.6327,-326.73,0.045094,0
-5.2823,0,1.9837,-10.185,1.1466,0
-5.0824,0,2.2786,-16.482,0.68841,0
-4.8455,0,2.3973,-41.271,0.26884,0
-4.6153,0,2.4406,-985.96,0.010776,0
-4.3797,0,2.3118,-8.8,4.489,0
-4.1479,0,2.1187,-8.8,4.1164,0
-4.1479,0,0,-8.8,3.7456,0
-3.7603,0,1.5607,-8.8,3.4165,0
-3.6004,0,1.3054,-8.8,3.097,0
-3.4729,0,1.08,-8.8,2.7902,0
-3.3736,0,0.85158,-8.8,2.4884,0
-3.2951,0,0.61117,-8.8,2.1896,0
-3.2406,0,0.46508,-8.8,1.9023,0
-3.1866,0,0.026881,-8.8,1.6329,0
