15.691,15.691,0.13188,0,35.5,0
15.699,15.691,0.1101,0.0042307,35.499,0
15.706,15.692,0.1331,0.0072612,35.505,0
15.711,15.692,0.14289,0.0097576,35.505,0
15.726,15.693,0.13928,0.017032,35.511,0
15.741,15.695,0.13586,0.023835,35.518,0
15.749,15.697,0.12233,0.026895,35.523,0
15.753,15.7,0.11483,0.02775,35.533,0
15.764,15.703,0.1001,0.031833,35.54,0
15.781,15.706,0.10561,0.039037,35.543,0
15.797,15.71,0.10157,0.045382,35.555,0
15.811,15.714,0.096684,0.050066,35.566,0
15.828,15.719,0.088032,0.056463,35.578,0
15.83,15.725,0.057879,0.054505,35.589,0
15.83,15.731,0,0.057292,35.599,0
15.834,15.736,-0.069623,0.050687,35.606,0.065687
15.834,15.741,-0.14451,0.047865,35.611,0.27072
15.81,15.746,-0.22536,0.033253,35.627,0.54687
15.778,15.749,-0.308,0.015039,35.635,0.87235
15.754,15.751,-0.40186,0.0014377,35.634,1.2776
15.709,15.751,-0.48813,-0.0035495,35.63,1.8019
15.655,15.751,-0.57368,-0.0079903,35.616,2.418
15.598,15.75,-0.6446,-0.012759,35.608,3.0255
15.532,15.749,-0.69979,-0.01816,35.592,3.6058
15.462,15.747,-0.72435,-0.023948,35.566,4.0196
15.39,15.744,-0.71863,-0.029805,35.544,4.2277
15.314,15.741,-0.70923,-0.036012,35.502,4.4233
15.248,15.738,-0.70813,-0.04126,35.463,4.6391
15.248,15.734,0,-0.04677,35.414,0.98377
15.11,15.729,-0.70255,-0.052439,35.345,5.073
15.043,15.724,-0.69853,-0.057822,35.28,5.2711
14.977,15.718,-0.69352,-0.06317,35.204,5.4578
14.917,15.712,-0.69039,-0.067956,35.117,5.6322
14.917,15.705,0,-0.073812,35.038,1.6873
14.768,15.698,-0.68466,-0.080076,34.954,6.0981
14.768,15.69,0,-0.086449,34.862,2.0168
14.631,15.681,-0.68413,-0.091137,34.766,6.5528
14.553,15.672,-0.6785,-0.097487,34.663,6.7689
14.494,15.662,-0.66493,-0.10232,34.549,6.8454
14.433,15.652,-0.65802,-0.1073,34.427,6.9804
14.357,15.641,-0.6644,-0.11365,34.294,7.2849
14.289,15.63,-0.6611,-0.11929,34.164,7.4744
14.22,15.618,-0.65981,-0.12516,34.021,7.6853
14.152,15.605,-0.65348,-0.13095,33.871,7.8432
14.082,15.592,-0.64418,-0.13698,33.72,7.9818
14.082,15.578,0,-0.14289,33.569,3.5393
13.941,15.564,-0.63446,-0.14925,33.41,8.3343
13.884,15.549,-0.62472,-0.15417,33.249,8.4067
13.811,15.534,-0.62782,-0.16065,33.076,8.6543
13.741,15.518,-0.63013,-0.16692,32.908,8.8848
13.683,15.501,-0.62682,-0.17223,32.719,9.0107
13.683,15.484,0,-0.17837,32.538,4.3921
13.549,15.466,-0.65572,-0.18463,32.341,9.6619
13.485,15.448,-0.66741,-0.19072,32.147,9.9527
13.419,15.428,-0.67591,-0.19707,31.943,10.216
13.35,15.409,-0.67694,-0.20382,31.736,10.418
13.283,15.388,-0.66344,-0.21026,31.534,10.459
13.21,15.367,-0.64884,-0.21764,31.321,10.517
13.142,15.346,-0.64212,-0.22451,31.102,10.623
13.081,15.323,-0.64065,-0.23071,30.882,10.747
13.014,15.3,-0.64161,-0.23774,30.658,10.921
12.954,15.276,-0.66187,-0.24407,30.43,11.255
12.954,15.252,0,-0.25062,30.199,5.7947
12.822,15.227,-0.69492,-0.25871,29.943,11.9
12.756,15.201,-0.7067,-0.2661,29.698,12.168
12.68,15.174,-0.72194,-0.27469,29.451,12.513
12.61,15.147,-0.71026,-0.28276,29.206,12.542
12.532,15.119,-0.65601,-0.29176,28.957,12.142
12.471,15.089,-0.58223,-0.29923,28.692,11.485
12.42,15.059,-0.48502,-0.30564,28.428,10.596
12.375,15.029,-0.35888,-0.31152,28.159,9.4911
12.342,14.998,-0.20306,-0.31577,27.903,8.2115
12.33,14.966,-0.037156,-0.3177,27.635,6.9383
12.324,14.934,0.1243,-0.319,27.364,5.8384
12.335,14.903,0.25631,-0.31807,27.103,4.9911
12.365,14.871,0.33295,-0.31458,26.847,4.4436
12.389,14.839,0.37969,-0.31157,26.6,4.0813
12.435,14.808,0.40417,-0.3057,26.358,3.7784
12.482,14.778,0.42266,-0.29953,26.119,3.5088
12.52,14.748,0.44149,-0.29415,25.898,3.2719
12.558,14.718,0.48905,-0.28846,25.686,2.949
12.608,14.689,0.58226,-0.28141,25.465,2.4993
12.675,14.661,0.69091,-0.2714,25.27,2.0506
12.738,14.634,0.80916,-0.2616,25.085,1.6781
12.738,14.608,0,-0.24822,24.896,4.2833
12.928,14.583,1.1081,-0.23273,24.741,1.1239
13.041,14.56,1.2214,-0.21563,24.572,1.0225
13.041,14.538,0,-0.19601,24.422,3.3025
13.303,14.519,1.3483,-0.17513,24.315,0.95191
13.435,14.501,1.3661,-0.15447,24.211,0.92285
13.563,14.486,1.4073,-0.13434,24.116,0.9589
13.563,14.472,0,-0.11133,24.024,1.8886
13.863,14.461,1.4265,-0.087997,23.953,0.98414
14,14.452,1.4522,-0.066716,23.908,1.0668
14.148,14.446,1.4804,-0.044026,23.863,1.1858
14.148,14.441,0,-0.021144,23.834,0.59386
14.446,14.439,1.4977,0.0029921,23.846,1.3702
14.602,14.439,1.472,0.067909,23.848,1.1759
14.742,14.446,1.4323,0.12372,23.881,0.95136
14.892,14.459,1.364,0.18139,23.911,0.6359
15.019,14.477,1.3154,0.22703,23.969,0.40759
15.14,14.499,1.2972,0.26827,24.019,0.28102
15.276,14.526,1.267,0.31368,24.081,0.11204
15.406,14.558,1.1997,0.35441,24.156,0
15.527,14.593,1.1685,0.3899,24.252,0
15.652,14.632,1.1151,0.42547,24.353,0
15.762,14.675,1.0327,0.45332,24.449,0
15.861,14.72,0.94321,0.47519,24.565,0
15.956,14.767,0.89771,0.49392,24.675,0
15.956,14.817,0,0.51276,24.791,0
16.142,14.868,0.71841,0.52846,24.922,0
16.214,14.921,0.61548,0.53535,25.044,0
16.269,14.974,0.49716,0.53527,25.176,0
16.309,15.028,0.31715,0.52874,25.296,0
16.346,15.081,0.11412,0.52178,25.432,0
16.346,15.133,0,0.50751,25.556,0
16.358,15.184,-0.1726,0.48287,25.691,0
16.338,15.232,-0.21873,0.45438,25.809,0
16.338,15.278,0,0.42789,25.917,0
16.304,15.32,-0.16164,0.40333,26.025,0
16.297,15.361,-0.12441,0.38335,26.117,0
16.282,15.399,-0.076067,0.36138,26.214,0
16.277,15.435,-0.050692,0.34431,26.306,0
16.272,15.47,-0.029759,0.32788,26.388,0
16.275,15.502,-0.01911,0.3153,26.477,0
16.279,15.534,-0.039065,0.30375,26.548,0
16.267,15.564,-0.067462,0.2864,26.612,0
16.253,15.593,-0.087876,0.26866,26.676,0
16.253,15.62,-0.09803,0.25759,26.731,0
16.241,15.646,-0.12745,0.24185,26.786,0
16.227,15.67,-0.13851,0.2263,26.837,0
16.215,15.692,-0.12558,0.21205,26.887,0
16.215,15.714,0,0.19873,26.938,0
16.187,15.733,-0.062272,0.18385,26.984,0
16.187,15.752,0,0.17501,27.028,0
16.184,15.769,0.078045,0.1678,27.066,0
16.188,15.786,0.11339,0.16267,27.116,0
16.197,15.802,0.11017,0.15951,27.15,0
16.2,15.818,0.099764,0.15425,27.199,0
16.201,15.834,0.092011,0.1486,27.239,0
16.205,15.849,0.095038,0.14395,27.285,0
16.205,15.863,0,0.14206,27.32,0
16.231,15.877,0.13563,0.14268,27.361,0
16.252,15.891,0.13077,0.14568,27.396,0
16.263,15.906,0.090554,0.14415,27.436,0
16.27,15.92,0.039643,0.14116,27.48,0
16.279,15.935,-0.0091216,0.139,27.517,0
16.273,15.948,-0.051354,0.13091,27.544,0
16.269,15.962,-0.082945,0.12393,27.584,0
16.251,15.974,-0.07898,0.11165,27.616,0
16.239,15.985,-0.057861,0.10219,27.638,0
16.224,15.995,-0.031869,0.092097,27.657,0
16.222,16.005,-0.064962,0.087696,27.676,0
16.212,16.013,-0.094234,0.080062,27.696,0
16.195,16.021,-0.095444,0.070089,27.72,0.0074372
16.182,16.028,-0.068966,0.061741,27.729,0
16.178,16.034,-0.045355,0.057608,27.738,0
16.176,16.04,0.016868,0.054451,27.751,0
16.184,16.046,0.050787,0.055445,27.762,0
16.196,16.051,0.029438,0.058046,27.774,0
16.191,16.057,-0.024217,0.053677,27.794,0
16.195,16.062,-0.085875,0.053247,27.802,0.034829
16.186,16.068,-0.11139,0.0477,27.812,0.11713
16.171,16.073,-0.085041,0.03966,27.828,0.074601
16.164,16.076,-0.035578,0.03526,27.836,0
16.156,16.08,0.0093297,0.030529,27.853,0
16.151,16.083,0.052944,0.027454,27.862,0
16.151,16.086,0.099086,0.026375,27.876,0
16.169,16.088,0.11981,0.032367,27.889,0
16.184,16.092,0.12501,0.037241,27.895,0
16.2,16.095,0.13594,0.041836,27.908,0
16.203,16.1,0.16732,0.041611,27.928,0
16.224,16.104,0.17353,0.048233,27.939,0
16.224,16.109,0,0.05128,27.951,0
16.246,16.114,0.18227,0.053083,27.964,0
16.264,16.119,0.1786,0.058414,27.974,0
16.289,16.125,0.1484,0.065943,27.993,0
16.313,16.131,0.11129,0.072793,28.011,0
16.318,16.139,0.089372,0.071807,28.028,0
16.324,16.146,0.075105,0.071419,28.056,0
16.324,16.153,0.061499,0.06856,28.072,0
16.335,16.16,0.053333,0.070069,28.083,0
16.335,16.167,0,0.071753,28.1,0
16.353,16.174,0.090219,0.071885,28.126,0
16.361,16.181,0.084038,0.071961,28.148,0
16.361,16.188,0,0.076429,28.166,0
16.379,16.196,0.068454,0.073395,28.179,0
16.378,16.203,0.041706,0.069967,28.198,0
16.387,16.21,0.060233,0.070935,28.211,0
16.4,16.218,0.057439,0.073042,28.221,0
16.413,16.225,0.050285,0.075396,28.236,0
16.413,16.232,0,0.075326,28.254,0
16.434,16.24,0.045447,0.077833,28.269,0
16.446,16.248,-0.009268,0.079288,28.281,0
16.437,16.256,-0.03655,0.072585,28.294,0
16.437,16.263,0,0.069512,28.311,0
16.426,16.27,-0.020433,0.062593,28.339,0
16.422,16.276,-0.0038694,0.058238,28.346,0
16.422,16.282,0.0084748,0.055987,28.354,0
16.42,16.288,0.024065,0.052841,28.371,0
16.424,16.293,0.014241,0.052278,28.38,0
16.432,16.298,-0.048713,0.05348,28.385,0
16.419,16.303,-0.078048,0.04609,28.408,0.036097
16.419,16.308,0,0.03926,28.419,0
16.41,16.312,-0.042853,0.039026,28.426,0
16.4,16.316,-0.051258,0.033597,28.442,0.010742
16.4,16.319,0,0.030488,28.45,0
16.4,16.322,-0.067361,0.031069,28.446,0.056597
16.389,16.325,-0.17594,0.025211,28.445,0.3685
16.364,16.328,-0.2869,0.014292,28.457,0.77246
16.364,16.329,0,0.00019144,28.46,0
16.283,16.329,-0.46835,-0.0058558,28.458,1.7071
16.283,16.329,0,-0.012534,28.454,0.067864
16.172,16.327,-0.56903,-0.01961,28.441,2.5457
16.172,16.325,0,-0.026455,28.425,0.26459
16.055,16.323,-0.56758,-0.033899,28.384,2.8697
16.055,16.319,0,-0.041791,28.358,0.47275
15.929,16.315,-0.55903,-0.049065,28.315,3.174
15.929,16.31,0,-0.054822,28.277,0.70829
15.827,16.305,-0.55487,-0.060873,28.247,3.4258
15.764,16.299,-0.55598,-0.06838,28.202,3.6096
15.764,16.292,0,-0.075236,28.149,1.0055
15.648,16.284,-0.55401,-0.08182,28.072,3.908
15.596,16.276,-0.54008,-0.087812,28.015,3.9561
15.538,16.267,-0.53577,-0.094494,27.936,4.0786
15.478,16.258,-0.53956,-0.10143,27.852,4.259
15.433,16.248,-0.5447,-0.10649,27.775,4.4043
15.379,16.237,-0.53938,-0.11255,27.686,4.5004
15.325,16.226,-0.54364,-0.11885,27.589,4.6652
15.269,16.214,-0.54536,-0.12511,27.505,4.8136
15.22,16.202,-0.55906,-0.13061,27.418,5.0273
15.168,16.189,-0.57267,-0.13641,27.317,5.2463
15.168,16.175,0,-0.14337,27.216,2.0456
15.168,16.161,0,-0.15075,27.116,1.9785
14.986,16.145,-0.63981,-0.15782,26.975,6.2093
14.928,16.13,-0.63499,-0.16472,26.85,6.3106
14.867,16.113,-0.6285,-0.17191,26.729,6.4047
14.797,16.096,-0.6109,-0.18037,26.599,6.4356
14.731,16.078,-0.60218,-0.18839,26.463,6.5212
14.663,16.059,-0.56245,-0.19678,26.319,6.3647
14.605,16.039,-0.55779,-0.20377,26.175,6.4473
14.548,16.019,-0.54414,-0.21068,26.025,6.4528
14.489,15.998,-0.53442,-0.21803,25.868,6.4932
14.428,15.976,-0.52756,-0.22533,25.723,6.5565
14.373,15.954,-0.54959,-0.23206,25.568,6.8261
14.32,15.93,-0.54449,-0.23848,25.406,6.8697
14.262,15.907,-0.54732,-0.24597,25.233,6.9925
14.203,15.882,-0.56306,-0.2533,25.071,7.2184
14.147,15.857,-0.58234,-0.26021,24.911,7.465
14.093,15.831,-0.60933,-0.26717,24.74,7.7733
14.023,15.804,-0.6371,-0.27658,24.562,8.1436
13.959,15.776,-0.70352,-0.28503,24.381,8.848
13.898,15.748,-0.85437,-0.29337,24.194,10.437
13.818,15.718,-1.0681,-0.30465,24.009,13.046
13.711,15.688,-1.3379,-0.32056,23.809,17.013
13.573,15.656,-1.6632,-0.34157,23.614,22.932
13.411,15.622,-1.9583,-0.36729,23.395,29.627
13.22,15.585,-2.1656,-0.3987,23.157,35.423
13.006,15.545,-2.2853,-0.43403,22.921,39.517
12.787,15.502,-2.3156,-0.47187,22.652,41.221
12.787,15.455,0,-0.51145,22.383,5.7417
12.34,15.403,-2.2673,-0.5517,22.076,41.433
12.106,15.348,-2.2572,-0.59573,21.76,41.926
11.888,15.289,-2.2932,-0.63856,21.417,43.575
11.66,15.225,-2.3843,-0.68431,21.077,46.907
11.42,15.156,-2.5036,-0.73466,20.71,51.288
11.161,15.083,-2.6178,-0.79092,20.33,55.791
10.907,15.004,-2.7161,-0.84882,19.931,59.86
10.644,14.919,-2.8023,-0.91181,19.512,63.622
10.361,14.828,-2.8641,-0.98165,19.084,66.568
10.08,14.73,-2.879,-1.0552,18.636,67.571
9.8014,14.624,-2.8947,-1.1332,18.162,68.471
9.5199,14.511,-2.9155,-1.2159,17.678,69.483
9.236,14.389,-2.9289,-1.3046,17.176,70.068
9.236,14.259,0,-1.4011,16.667,9.6208
8.6614,14.119,-2.8907,-1.503,16.119,68.125
8.3706,13.968,-2.7618,-1.6158,15.558,62.615
8.3706,13.807,0,-1.735,15.006,9.2714
7.8256,13.633,-2.3142,-1.8558,14.398,46.06
7.6035,13.448,-2.0467,-1.9702,13.813,37.649
7.4029,13.251,-1.8272,-2.0847,13.225,31.198
7.2227,13.042,-1.619,-2.1946,12.65,25.595
7.0691,12.823,-1.4471,-2.3042,12.063,21.049
6.9313,12.592,-1.2897,-2.4087,11.491,17.151
6.8032,12.351,-1.1369,-4.4,10.925,6.2384
6.6976,11.911,-0.98371,-5.2,10.38,27.426
6.6052,11.391,-0.91142,-5.2,9.8708,40.316
6.518,10.871,-0.89045,-5.2,9.4072,59.39
6.4305,10.351,-0.89369,-5.2,9.0023,66.089
6.3364,9.8315,-0.89713,-5.2,8.6295,59.345
6.2482,9.3115,-0.93663,-5.2,8.306,53.312
6.1559,8.7915,-0.94584,-5.2,8.0248,47.581
6.0622,8.2715,-0.93327,-5.2,7.7843,42.404
5.9615,7.7515,-0.91086,-5.2,7.5918,37.524
5.8753,7.2315,-0.90601,-5.2,7.4345,33.403
5.8753,6.7115,0,-5.2,7.3249,43.206
5.7002,6.1915,-0.87246,-5.2,7.232,26.174
5.6083,5.6715,-0.82525,-8.8,7.1968,15.628
5.6083,4.7915,0,-8.8,7.2345,24.482
5.453,3.9115,-0.73533,2.0077,7.3597,11.336
5.3748,4.1122,-0.69546,1.5383,7.5014,8.2121
5.3146,4.2661,-0.65524,1.2181,7.6171,6.2751
5.2411,4.3879,-0.6636,0.95521,7.7033,5.2807
5.1727,4.4834,-0.72259,0.75068,7.7763,5.0473
5.0977,4.5585,-0.81123,0.57506,7.8359,5.2194
5.0977,4.616,0,0.41667,7.8869,0
4.9281,4.6576,-1.0605,0.2809,7.9185,6.5704
4.8291,4.6857,-1.2641,0.14764,7.9332,8.2949
4.6988,4.7005,-1.4456,-0.00047034,7.944,9.9689
4.5514,4.7004,-1.6457,-0.040333,7.9321,13.348
4.3857,4.6964,-1.9266,-0.084265,7.9164,18.932
4.2012,4.688,-2.162,-0.13267,7.8835,8.8797
3.9859,4.6747,-2.3265,-0.18917,7.8323,9.1885
3.7475,4.6558,-2.4737,-0.25242,7.7555,9.4976
3.5077,4.6306,-2.6078,-0.31678,7.6582,9.7904
3.2429,4.5989,-2.7047,-0.38941,7.5421,10.041
2.969,4.5599,-2.8265,-0.46799,7.3917,10.322
2.6791,4.5131,-2.9312,-8.8,7.2135,0
2.38,3.6331,-2.9891,-0.31177,7.051,9.6223
2.0766,3.602,-2.9694,-0.38845,6.9129,9.8159
1.7788,3.5631,-2.8266,-8.8,6.7401,0
1.4997,2.6831,-2.6437,-0.23674,6.5988,8.3357
1.2329,2.6594,-2.4523,-0.29205,6.4696,8.2526
0.9964,2.6302,-2.148,-8.8,6.3121,0
0.77308,1.7502,-1.7895,-0.13723,6.1823,5.9684
0.59044,1.7365,-1.6504,-0.16452,6.0694,5.9411
0.4263,1.7201,-2.1135,-0.18993,5.9502,7.0635
0.22451,1.7011,-3.0042,-8.8,5.8094,0
-0.071224,0.82108,-4.1925,-4.1925,5.6993,1.8292
-0.5004,0.40182,-5.4673,-5.4673,5.6039,1.8496
-0.5004,0,0,-6.2274,5.541,0
-1.6783,0,-5.679,-5.679,5.4037,3.4406
-2.2501,0,-4.5213,-4.5213,5.2429,4.6127
-2.7086,0,-3.1266,-3.1266,5.0255,5.5527
-3.0252,0,-1.727,-8.8,4.7591,0
-3.2038,0,-0.71678,-8.8,4.4979,0
-3.2707,0,-0.46663,-8.8,4.2275,0
-3.3151,0,-0.37179,-8.8,3.9457,0
-3.3545,0,-0.30846,-8.8,3.6661,0
-3.3853,0,-0.1445,-8.8,3.3704,0
-3.4071,0,0.13685,-8.8,3.0655,0
-3.4071,0,0,-8.8,2.7688,0
-3.339,0,0.74427,-8.8,2.4626,0
-3.2573,0,0.94922,-8.8,2.1768,0
-3.1534,0,1.0615,-8.8,1.8971,0
-3.0373,0,1.1192,-8.8,1.6387,0
-2.9219,0,1.1705,-8.8,1.3897,0
-2.8045,0,1.2398,-8.8,1.1453,0
-2.6724,0,1.3313,-8.8,0.91359,0
-2.5386,0,1.4208,-8.8,0.69241,0
-2.4012,0,1.4367,-8.8,0.4981,0
-2.2528,0,1.4403,-8.8,0.29967,0
-2.1187,0,1.4572,-17.024,0.12145,0
-1.9694,0,1.4686,9.8,1,21.544
-1.8199,0.98,1.4567,-8.8,0.76596,0
-1.6768,0.1,1.5107,-8.8,0.54297,0
-1.533,0,1.5882,-8.8,0.41522,0
-1.3814,0,1.6549,-8.8,0.32127,0
-1.206,0,1.731,-8.8,0.22902,0
-1.0385,0,1.8162,-8.8,0.16259,0
-0.85432,0,1.8866,-8.8,0.10906,0
-0.66134,0,1.9329,-8.8,0.07727,0
-0.66134,0,0,-8.8,0.055137,0
-0.2765,0,1.9472,-8.8,0.074594,0
-0.2765,0,0,-8.8,0.090944,0
0.1056,0,1.8766,-8.8,0.15124,0
0.29121,0,1.8065,-8.8,0.22243,0
0.46228,0,1.6863,-8.8,0.29678,0
0.46228,0,0,-8.8,0.38701,0
0.77312,0,1.3314,-8.8,0.51541,0
0.91466,0,1.0536,-8.8,0.64617,0
1.0194,0,0.71244,-8.8,0.7882,0
1.0916,0,0.3973,-8.8,0.93602,0
1.1335,0,0.12623,-8.8,1.098,0
1.1462,0,-0.10948,-8.8,1.2631,0
1.1343,0,-0.29356,-8.8,1.4223,0
1.0985,0,-0.42871,-8.8,1.5773,0
1.0985,0,0,-8.8,1.7311,0
1.0145,0,-0.58741,-8.8,1.8773,0
0.94714,0,-0.65907,-8.8,2.0264,0
0.87999,0,-0.67599,-8.8,2.1662,0
0.87999,0,0,-8.8,2.2982,0
0.7318,0,-0.63149,-8.8,2.4156,0
0.66345,0,-0.62116,-8.8,2.5387,0
0.60263,0,-0.6023,-8.8,2.6449,0
0.54934,0,-0.60111,-8.8,2.74,0
0.48067,0,-0.64565,-8.8,2.8404,0
0.40962,0,-0.74455,-8.8,2.9221,0
0.3408,0,-0.88745,-8.8,3.0013,0
0.25355,0,-1.0749,-8.8,3.0846,0
0.14933,0,-1.3274,-8.8,3.1459,0
0.018407,0,-1.6007,-8.8,3.2039,0
-0.13357,0,-1.834,-8.8,3.2334,0
-0.32192,0,-2.0312,-8.8,3.2573,0
-0.52612,0,-2.1853,-8.8,3.2548,0
-0.74745,0,-2.2553,-8.8,3.2305,0
-0.97307,0,-2.2757,-8.8,3.1975,0
-1.2095,0,-2.2683,-8.8,3.1303,0
-1.4349,0,-2.2619,-8.8,3.0518,0
-1.4349,0,0,-8.8,2.9524,0
-1.8766,0,-2.2872,-8.8,2.7922,0
-2.1003,0,-2.326,-8.8,2.6375,0
-2.3277,0,-2.3586,-8.8,2.4553,0
-2.5644,0,-2.3861,-8.8,2.2548,0
-2.8073,0,-2.3517,-8.8,2.0296,0
-3.0467,0,-2.3112,-8.8,1.7817,0
-3.2878,0,-2.2914,-8.8,1.5053,0
-3.5121,0,-2.4543,-8.8,1.2078,0
-3.7639,0,-2.6673,-10.672,0.88494,0
-4.0361,0,-2.9284,-17.728,0.55037,0
-4.3192,0,-3.1341,-45.757,0.21885,0
-4.6329,0,-3.2142,9.8,1,36.844
-4.9617,0.98,-3.0743,-40.711,0.469,0
-4.9617,0,0,-194.21,0.078391,0
-5.5631,0,-2.7015,-33.897,0.49604,0
-5.5631,0,0,-165.59,0.10922,0
-6.0941,0,-2.5524,-56.361,0.34509,0
-6.3525,0,-2.6495,-4039.8,0.0049979,0
-6.6086,0,-2.8061,-2.8061,19.55,13.548
-6.884,0,-2.7309,-2.7309,18.882,14.112
-7.1473,0,-2.4003,-2.4003,18.194,14.652
-7.3845,0,-2.0034,-2.0034,17.48,15.138
-7.5902,0,-1.4851,-1.4851,16.745,15.56
-7.732,0,-0.91855,-0.91855,15.983,15.851
-7.8186,0,-0.56963,-0.56963,15.203,16.028
-7.8679,0,-0.49717,-0.49717,14.429,16.129
-7.8679,0,0,-0.47888,13.645,15.123
-7.9645,0,-0.48434,-0.48434,12.862,16.327
-8.0094,0,-0.46933,-0.46933,12.064,16.419
-8.058,0,-0.35551,-0.35551,11.273,16.519
-8.0927,0,-0.13751,-0.13751,10.458,16.59
-8.0969,0,0.1344,0.1344,9.6399,16.599
-8.0907,0.01344,0.43823,0.43823,8.8379,16.613
-8.0514,0.057263,0.72715,0.72715,8.0259,16.623
-7.9734,0.12998,0.91609,0.91609,7.2204,16.612
-7.8785,0.22159,1.0058,1.0058,6.417,16.605
-7.7682,0.32217,1.0114,1.0114,5.6167,16.585
-7.6578,0.42331,0.96844,-8.8,4.7999,0
-7.5686,0,0.91105,-8.8,4.0418,0
-7.4795,0,0.86192,-8.8,3.3405,0
-7.3903,0,0.8133,-9.5121,2.6448,0
-7.2993,0,0.75797,-12.798,1.9652,0
-7.2188,0,0.70854,-19.14,1.3127,0
-7.1442,0,0.63355,-35.956,0.69746,0
-7.0781,0,0.62675,-159.6,0.15634,0
