5.2778,5.2778,-0.5355,0,35.5,1.9178
5.234,5.2778,-0.40109,7.8,35.498,83.159
5.188,6.0578,-0.42162,7.8,35.451,89.621
5.1494,6.8378,-0.40779,6.7,35.333,81.209
5.1021,7.5078,-0.43708,6.7,35.138,87.053
5.1021,8.1778,0,6.7,34.864,82.35
5.0249,8.8478,-0.41573,6.7,34.507,96.893
4.9901,9.5178,-0.42232,6.7,34.082,102.21
4.9525,10.188,-0.3978,-0.30187,33.587,23.475
4.9041,10.158,-0.38639,-0.30988,33.063,23.353
4.8637,10.127,-0.38982,-0.31783,32.53,23.375
4.8637,10.095,0,-0.32537,32.005,18.528
4.7978,10.062,-0.39313,-0.33339,31.475,23.277
4.7666,10.029,-0.34734,-0.34146,30.947,22.6
4.7321,9.9948,-0.22009,-0.35006,30.418,20.961
4.708,9.9598,-0.15135,-0.35806,29.897,20.027
4.6953,9.924,-0.038671,-0.3655,29.379,18.588
4.6863,9.8874,0.089883,-0.3729,28.862,17.049
4.7051,9.8501,0.17751,-0.37871,28.335,15.872
4.7219,9.8123,0.18339,-0.38475,27.813,15.506
4.7401,9.7738,0.24218,-0.39056,27.305,14.655
4.7693,9.7347,0.27521,-0.39569,26.796,14.009
4.8026,9.6952,0.27554,-0.40014,26.308,13.64
4.8309,9.6552,0.26725,-0.40523,25.816,13.363
4.8516,9.6146,0.30046,-0.41065,25.341,12.772
4.8914,9.5736,0.4099,-0.41455,24.867,11.532
4.9305,9.5321,0.61657,-0.41806,24.412,9.7364
4.9829,9.4903,0.85739,-0.42033,23.959,7.9622
5.0727,9.4483,1.1281,-0.41871,23.519,6.2805
5.1944,9.4064,1.3906,-0.41342,23.092,4.944
5.3282,9.3651,1.5071,-0.40619,22.682,4.2603
5.4721,9.3244,1.4804,-0.39703,22.291,3.9523
5.6153,9.2847,1.3823,-0.38701,21.921,3.8053
5.7502,9.246,1.2311,-0.37709,21.565,3.8032
5.8754,9.2083,1.0817,-0.36736,21.228,3.8421
5.9808,9.1716,0.93332,-0.3594,20.896,3.9491
6.0721,9.1357,0.81501,-0.35205,20.591,4.0241
6.1467,9.1005,0.68783,-0.34641,20.287,4.1914
6.2237,9.0658,0.52834,-0.33967,20.006,4.5193
6.2795,9.0318,0.34284,-0.33526,19.728,5.093
6.3155,8.9983,0.16342,-0.33301,19.457,5.8038
6.3227,8.965,0.0025848,-0.33442,19.182,6.6068
6.3226,8.9316,-0.13719,-0.3366,18.914,7.3979
6.2999,8.8979,-0.22659,-0.34136,18.66,7.9731
6.2999,8.8638,0,-0.3459,18.402,6.2594
6.2556,8.8292,-0.36587,-0.35161,18.131,8.8974
6.2116,8.794,-0.45334,-0.35992,17.867,9.6259
6.1696,8.758,-0.49598,-0.36804,17.605,9.9752
6.118,8.7212,-0.52402,-0.37757,17.346,10.23
6.0691,8.6835,-0.50939,-0.38732,17.076,10.074
6.0231,8.6447,-0.47173,-0.39669,16.809,9.6974
5.9854,8.6051,-0.41792,-0.40461,16.551,9.1631
5.9365,8.5646,-0.40051,-0.41469,16.288,8.982
5.8962,8.5231,-0.36728,-0.42314,16.034,8.6436
5.8962,8.4808,0,-0.4327,15.774,5.8587
5.8141,8.4376,-0.36242,-0.44105,15.521,8.4648
5.7874,8.3935,-0.36055,-0.4483,15.254,8.3239
5.7429,8.3486,-0.32248,-0.45847,14.995,7.9575
5.7185,8.3028,-0.32165,-0.46567,14.726,7.8121
5.6791,8.2562,-0.3407,-0.47538,14.466,7.8618
5.6354,8.2087,-0.35811,-0.48608,14.205,7.9071
5.5952,8.1601,-0.33601,-0.49665,13.939,7.6338
5.5576,8.1104,-0.36314,-0.5062,13.685,7.7243
5.5212,8.0598,-0.37663,-0.51612,13.424,7.7001
5.4825,8.0082,-0.38366,-0.52686,13.161,7.6272
5.4825,7.9555,0,-0.53562,12.911,4.9361
5.4217,7.9019,-0.37451,-0.54346,12.663,7.259
5.385,7.8476,-0.37143,-0.5538,12.409,7.0964
5.3555,7.7922,-0.34601,-0.56207,12.163,6.7571
5.3226,7.736,-0.32995,-0.57055,11.927,6.4997
5.2797,7.6789,-0.32455,-0.58149,11.691,6.341
5.2486,7.6208,-0.35116,-0.59065,11.445,6.3578
5.2109,7.5617,-0.3441,-0.60011,11.216,6.1689
5.1704,7.5017,-0.37292,-0.61119,10.979,6.218
5.1356,7.4406,-0.36714,-0.61984,10.754,6.0241
5.0889,7.3786,-0.3682,-0.63138,10.533,5.9031
5.049,7.3155,-0.35954,-0.64144,10.311,5.6993
5.0176,7.2513,-0.36612,-0.64837,10.095,5.5759
4.9747,7.1865,-0.35855,-0.65922,9.8764,5.3843
4.9487,7.1206,-0.36396,-0.66567,9.6521,5.232
4.9186,7.054,-0.36891,-0.67213,9.4394,5.0907
4.8775,6.9868,-0.36748,-0.68137,9.234,4.9359
4.8775,6.9186,0,-0.68877,9.0265,2.9597
4.8007,6.8498,-0.36522,-0.69862,8.822,4.6142
4.7703,6.7799,-0.35051,-0.70431,8.6176,4.3643
4.7262,6.7095,-0.33732,-0.71525,8.412,4.1491
4.7262,6.638,0,-5.2,8.2172,19.082
4.6713,6.118,-0.34367,-5.2,8.0388,13.189
4.6322,5.598,-0.33577,-0.31612,7.9234,2.6417
4.5995,5.5663,-0.33667,-0.32072,7.8308,2.6289
4.5603,5.5343,-0.35822,-8.8,7.7366,2.8969
4.5333,4.6543,-0.35453,-0.034196,7.674,1.3039
4.5333,4.6508,0,-0.042243,7.6621,0.15277
4.4606,4.6466,-0.33832,-0.052704,7.6551,1.3562
4.4185,4.6414,-0.3497,-0.063371,7.6335,1.4716
4.3906,4.635,-0.33602,-0.069611,7.6196,1.4532
4.3906,4.6281,0,-0.075008,7.5955,0.33341
4.3244,4.6206,-0.34086,-0.085034,7.5659,1.5667
4.2888,4.6121,-0.36162,-0.093134,7.5417,1.7065
4.2437,4.6027,-0.37078,-0.10397,7.5086,1.8126
4.2074,4.5923,-0.35236,-0.11204,7.4736,1.776
4.1788,4.5811,-0.3623,-0.11771,7.4384,1.8504
4.1396,4.5694,-0.37751,-0.12659,7.3957,1.9677
4.094,4.5567,-0.37564,-0.13734,7.348,2.0162
4.0581,4.543,-0.35132,-0.14471,7.3096,1.9427
4.014,4.5285,-0.35427,-8.8,7.2593,0
3.9824,3.6485,-0.32904,0.48192,7.2485,2.0637
3.9428,3.6967,-0.30392,0.34833,7.2693,1.5809
3.9428,3.7315,0,0.24895,7.2922,0.14206
3.8778,3.7564,-0.28994,0.16833,7.3183,1.1253
3.8432,3.7733,-0.31716,0.096299,7.3187,1.1025
3.8081,3.7829,-0.34415,0.034556,7.3255,1.1009
3.7774,3.7863,-0.33764,-0.0021914,7.3168,1.0311
3.7774,3.7861,0,-0.010608,7.316,0
3.7086,3.7851,-0.31536,-0.018745,7.3069,1.075
3.6831,3.7832,-0.30345,-0.024573,7.2967,1.0743
3.6532,3.7807,-0.26173,-0.031418,7.2808,0.96914
3.6319,3.7776,-0.21723,-0.035974,7.2653,0.84447
3.6118,3.774,-0.12024,-0.040129,7.252,0.56533
3.6042,3.77,0.09647,-0.041174,7.2306,0.058509
3.6137,3.7659,0.40706,-0.037816,7.2217,0
3.657,3.7621,0.71036,-0.02622,7.1997,0
3.7271,3.7595,1.0023,-0.0080718,7.2015,0.075311
3.8217,3.7586,1.1941,0.086026,7.1934,0.24077
3.9388,3.7673,1.2734,0.23349,7.2048,0.019967
4.0625,3.7906,1.25,0.36673,7.2176,0
4.1918,3.8273,1.137,0.48571,7.2478,0
4.2994,3.8758,0.95491,0.55564,7.2945,0
4.4042,3.9314,0.73408,0.60852,7.3325,0
4.4832,3.9923,0.49417,0.62009,7.3884,0
4.5322,4.0543,0.25275,0.59116,7.4287,0
4.5596,4.1134,0.045739,0.54137,7.469,0.30746
4.5677,4.1675,-0.1713,0.47758,7.5151,1.0457
4.5507,4.2153,-0.44255,0.39492,7.5616,2.2444
4.5086,4.2548,-0.7563,0.29517,7.5899,4.069
4.4411,4.2843,-1.0978,0.18077,7.6106,6.6983
4.3281,4.3024,-1.4716,0.029561,7.6265,10.452
4.1775,4.3053,-1.8052,-0.033614,7.6199,15.98
3.9906,4.302,-2.0322,-0.082319,7.5908,8.0436
3.7856,4.2937,-2.1452,-0.13555,7.5406,8.3081
3.5711,4.2802,-2.1629,-0.19079,7.4856,8.4507
3.3497,4.2611,-2.1256,-0.24846,7.4045,8.5059
3.1466,4.2363,-2.096,-0.30145,7.3109,8.5403
2.9395,4.2061,-2.0593,-0.35684,7.197,8.5467
2.7274,4.1704,-1.9992,-8.8,7.0658,0
2.5281,3.2904,-1.9642,-0.17422,6.9569,7.0927
2.5281,3.273,0,-0.2165,6.8816,1.1247
2.5281,3.2513,0,-0.26233,6.8082,0.95162
1.963,3.2251,-1.4273,-0.30531,6.634,6.6043
1.8182,3.1946,-1.1311,-8.8,6.5007,0
1.7074,2.3146,-0.81271,-0.10911,6.3933,5.5059
1.7074,2.3037,0,-0.12149,6.3331,1.0368
1.5909,2.2915,-0.24532,-0.12881,6.2641,2.2077
1.5909,2.2786,0,-0.13392,6.1946,1.2266
1.5468,2.2653,-0.070842,-8.8,6.1216,0
1.5468,1.3853,0,0.91285,6.0938,3.0762
1.5284,1.4765,-0.031157,0.29095,6.1011,0.78151
1.5293,1.5056,0.045296,0.12856,6.1007,0.13894
1.5253,1.5185,0.28638,0.036469,6.1007,0
1.5639,1.5221,0.62331,0.22287,6.1059,0
1.629,1.5444,1.0265,0.44116,6.1187,0
1.7328,1.5885,1.3922,0.71958,6.1363,0
1.8744,1.6605,1.6447,0.99406,6.1582,0
2.0321,1.7599,1.6811,1.1537,6.1929,0
2.2043,1.8753,1.5784,1.2591,6.2185,0
2.3608,2.0012,1.3861,1.2394,6.2465,0
2.3608,2.1251,0,1.1752,6.2763,4.2989
2.6186,2.2426,1.0397,1.0814,6.3124,0
2.7187,2.3508,0.96407,0.98345,6.3507,0
2.8183,2.4491,0.90813,0.9264,6.3875,0
2.9122,2.5418,0.88565,0.87689,6.4144,0
3.0107,2.6295,0.95817,0.85798,6.4592,0
3.102,2.7153,1.1004,0.82895,6.4938,0
3.2162,2.7981,1.2388,0.85799,6.543,0
3.3378,2.8839,1.3885,0.89108,6.5896,0
3.4686,2.9731,1.506,0.93101,6.6391,0
3.6285,3.0662,1.5613,1.0113,6.698,0
3.7929,3.1673,1.5959,1.0743,6.758,0
3.9617,3.2747,1.6805,1.1242,6.8149,0
4.1202,3.3871,1.7421,1.145,6.89,0
4.3002,3.5016,1.7095,1.1905,6.9596,0
4.3002,3.6207,0,1.2209,7.0335,2.849
4.6424,3.7428,1.3035,1.2284,7.1448,0
4.7799,3.8656,0.9,1.1952,7.2288,0
4.8774,3.9851,0.49351,1.1216,7.3245,0
4.9258,4.0973,0.21941,1.0045,7.4095,0.26555
4.9459,4.1977,0.085614,0.87949,7.4889,0.5469
4.9519,4.2857,0.041297,0.76239,7.5539,0.50872
4.9527,4.3619,0.070736,0.66098,7.6135,0.2399
4.9681,4.428,0.099706,0.59293,7.667,0.051729
4.9825,4.4873,0.088372,0.53543,7.7263,0.022942
4.9998,4.5409,-0.008032,0.48903,7.7715,0.28176
5.0069,4.5898,-0.058392,0.43842,7.8079,0.39711
4.994,4.6336,-0.10899,0.37411,7.8395,0.50867
4.9774,4.671,-0.1449,0.31474,7.8639,0.5773
4.9774,4.7025,0,0.275,7.8929,0.062728
4.9554,4.73,-0.12968,0.22809,7.9156,0.4437
4.9503,4.7528,-0.1567,0.19865,7.9368,0.51158
4.9257,4.7727,-0.17062,0.15301,7.9464,0.52438
4.9138,4.788,-0.15677,0.12536,7.9616,0.45922
4.9008,4.8005,-0.1578,0.099623,7.9748,0.44658
4.8944,4.8105,-0.14577,0.083316,7.9919,0.39968
4.8842,4.8188,-0.15541,0.064758,7.9985,0.41947
4.8842,4.8253,0,0.046336,8.0048,0
4.8571,4.8299,-0.20018,0.026898,8.0087,0.53998
4.8369,4.8326,-0.20196,0.0042916,8.015,0.53298
4.8369,4.833,0,-0.0062905,8.0154,0
4.7981,4.8324,-0.16036,-0.0093987,8.0142,0.46014
4.7981,4.8315,0,-0.012066,8.0109,0.043066
4.7981,4.8302,0,-0.013032,8.0076,0.038536
4.79,4.8289,0.048981,-0.010681,8.0113,0
4.7891,4.8279,0.097182,-0.010617,8.0167,0
4.7905,4.8268,0.14728,-0.0099257,8.0166,0
4.7905,4.8258,0,-0.0031743,8.0131,0.066163
4.8353,4.8255,0.1896,0.0096914,8.0076,0
4.8568,4.8265,0.22014,0.029969,8.0147,0
4.8789,4.8295,0.22738,0.048843,8.0119,0
4.9051,4.8344,0.20586,0.069706,8.0103,0
4.9177,4.8413,0.15187,0.075252,8.0252,0
4.9289,4.8488,0.06895,0.078687,8.0322,0
4.9443,4.8567,-0.023927,0.085881,8.0332,0.062515
4.9485,4.8653,-0.11593,0.081394,8.0343,0.30653
4.9287,4.8734,-0.20912,0.053886,8.037,0.58394
4.9107,4.8788,-0.29932,0.031054,8.0457,0.89062
4.8802,4.8819,-0.34523,-0.00048363,8.0569,1.047
4.8418,4.8819,-0.37381,-0.010994,8.064,1.2363
4.8002,4.8808,-0.36423,-0.022146,8.0528,1.2723
4.7727,4.8786,-0.31784,-0.029194,8.0352,1.1299
4.736,4.8757,-0.27439,-0.038581,8.0234,1.024
4.7113,4.8718,-0.24436,-0.044408,8.0114,0.95093
4.6915,4.8674,-0.24552,-0.048827,7.9882,0.98148
4.6631,4.8625,-0.27055,-0.055397,7.9796,1.1157
4.6436,4.8569,-0.29322,-0.059381,7.9655,1.2279
4.6138,4.851,-0.3038,-0.066305,7.9389,1.3125
4.5818,4.8444,-0.33258,-0.073767,7.9083,1.4764
4.542,4.837,-0.32542,-0.083366,7.8712,1.5045
4.5111,4.8287,-0.32426,-0.090269,7.8346,1.5394
4.4874,4.8196,-0.31703,-0.095067,7.794,1.5337
4.4576,4.8101,-0.2809,-0.10151,7.7534,1.4205
4.4343,4.8,-0.203,-0.10589,7.7177,1.1485
4.4099,4.7894,-0.056852,-0.11045,7.6819,0.7085
4.414,4.7783,0.22923,-0.10678,7.6382,0.10074
4.444,4.7677,0.57181,-0.09544,7.5989,0
4.4926,4.7581,0.92976,-0.078631,7.569,0.094408
4.5763,4.7503,1.2741,-0.051673,7.5472,0.75213
4.7045,4.7451,1.5342,-0.012066,7.5391,1.5028
4.7045,4.7439,0,0.11754,7.5351,0.3735
5.0258,4.7556,1.6258,0.26049,7.5746,0.92706
5.1796,4.7817,1.4966,0.38191,7.6134,0.18951
5.3258,4.8199,1.2839,0.48144,7.654,0
5.3258,4.868,0,0.54303,7.7022,0.44364
5.5448,4.9223,0.74628,0.57947,7.7686,0
5.6098,4.9803,0.50451,0.57914,7.8356,0
5.6674,5.0382,0.3044,0.5716,7.895,0
5.6922,5.0953,0.13331,0.53559,7.9541,0
5.7123,5.1489,-0.01929,0.4998,8.0071,0.079581
5.7167,5.1989,-0.16833,0.45521,8.0704,0.58999
5.6946,5.2444,-0.27219,0.39231,8.1232,0.97606
5.6745,5.2836,-0.35565,0.33789,8.1631,1.3109
5.6356,5.3174,-0.38665,0.27312,8.1979,1.4014
5.5952,5.3447,-0.41837,0.21383,8.2245,1.5044
5.5521,5.3661,-0.45818,0.15807,8.2457,1.6549
5.5521,5.3819,0,0.10144,8.2636,0
5.4517,5.3921,-0.49132,0.050444,8.2833,1.7334
5.3972,5.3971,-0.50299,0.00011613,8.2894,1.7521
5.3505,5.3971,-0.47244,-0.013616,8.2854,1.6919
5.313,5.3958,-0.4143,-0.024198,8.2816,1.4886
5.2691,5.3933,-0.38409,-0.036451,8.265,1.4311
5.2374,5.3897,-0.36146,-0.044696,8.2574,1.3847
5.2074,5.3852,-0.35783,-0.05224,8.2474,1.4155
5.1648,5.38,-0.35289,-0.063278,8.238,1.4622
5.1241,5.3737,-0.34172,-0.073609,8.2163,1.4762
5.083,5.3663,-0.28948,-0.083877,8.1913,1.3218
5.063,5.3579,-0.17264,-0.087666,8.1622,0.91719
5.0506,5.3492,0.011793,-0.088993,8.1403,0.40527
5.0609,5.3403,0.22458,-0.083617,8.1105,0
5.0766,5.3319,0.42636,-0.076611,8.0897,0
5.1214,5.3242,0.56365,-0.060961,8.0744,0
5.1734,5.3181,0.56967,-0.043632,8.0554,0
5.2286,5.3138,0.48494,-0.025664,8.0513,0
5.2828,5.3112,0.34055,-0.0085671,8.0484,0
5.3074,5.3104,0.16565,-0.00088241,8.0553,0
5.3141,5.3103,0.025892,0.0032623,8.0609,0
5.3106,5.3106,-0.075726,3.5605e-05,8.0546,0.17374
5.3018,5.3106,-0.16354,-0.0026315,8.063,0.42666
5.3018,5.3103,0,-0.0068161,8.0622,0.0031118
5.2685,5.3097,-0.23994,-0.012352,8.0717,0.72326
5.2481,5.3084,-0.28518,-0.018062,8.0742,0.91667
5.2481,5.3066,0,-0.024188,8.0683,0.069099
5.1983,5.3042,-0.3059,-0.031882,8.0443,1.0728
5.159,5.301,-0.31251,-0.042777,8.0397,1.1612
5.1285,5.2967,-0.3206,-0.050705,8.0329,1.2391
5.1059,5.2917,-0.27902,-0.05607,8.0206,1.1068
5.1059,5.286,0,-0.059989,8.0023,0.24512
5.0637,5.28,-0.16634,-0.065714,7.9802,0.76413
5.0637,5.2735,0,-0.067717,7.9589,0.29079
5.0349,5.2667,-0.013765,-0.070687,7.9469,0.36341
5.0396,5.2596,0.081803,-0.067199,7.9328,0.14222
5.0525,5.2529,0.17026,-0.061444,7.9091,0
5.0694,5.2468,0.25038,-0.054616,7.8814,0
5.1028,5.2413,0.31368,-0.042654,7.8748,0
5.129,5.237,0.30779,-0.033279,7.8681,0
5.166,5.2337,0.22445,-0.020885,7.8621,0
5.1794,5.2316,0.13917,-0.016122,7.8541,0
5.1878,5.23,0.027183,-0.013049,7.8442,0.0029299
5.1998,5.2287,-0.10239,-0.0089562,7.836,0.2852
5.1909,5.2278,-0.19882,-0.011437,7.8392,0.57921
5.1706,5.2267,-0.37876,-0.017375,7.8306,1.2794
5.1378,5.2249,-0.87597,-0.027039,7.8244,4.2954
5.1378,5.2222,0,-0.055336,7.8159,0.05737
5.1378,5.2167,0,-0.10373,7.8077,0
4.6513,5.2063,-3.3388,-0.17418,7.7513,11.11
4.3117,5.1889,-4.2969,-0.27854,7.6796,12.796
3.8896,5.1611,-5.0812,-8.8,7.5658,0
3.3722,4.2811,-5.5955,-0.24582,7.4629,14.533
2.8212,4.2565,-5.8422,-0.39575,7.3484,15.543
2.2458,4.2169,-5.9608,-0.56006,7.172,16.298
1.6575,4.1609,-5.4109,-8.8,6.9433,0
1.1089,3.2809,-3.6494,-0.52584,6.7055,11.705
0.73517,3.2283,-1.8935,-8.8,6.4718,0
0.73517,2.3483,0,-0.34109,6.2665,3.0475
0.47618,2.3142,0.21551,-8.8,6.0811,0
0.50375,1.4342,0.82424,-0.11249,5.9425,0.42462
0.59265,1.4229,0.3863,-0.10198,5.8558,0.69158
0.63959,1.4128,-0.13327,-0.096308,5.7786,2.0789
0.63959,1.4031,0,-0.097808,5.7018,1.5392
0.61644,1.3933,0.031319,-8.8,5.6292,0
0.62231,0.51334,0.046353,0.046353,5.5877,0
0.62111,0.51797,0.051451,0.051451,5.6038,0
0.62113,0.52312,0.11454,0.11454,5.6053,0
0.62113,0.53457,0,0.17617,5.6146,0.23668
0.64282,0.55219,0.25293,0.25293,5.6261,0
0.67128,0.57748,0.53197,0.53197,5.6449,0
0.72455,0.63068,1.0321,1.0321,5.6469,0
0.83061,0.73389,1.6996,1.6996,5.6629,0
0.9967,0.90384,2.353,1.1091,5.681,0
1.2411,1.0148,2.8702,2.2352,5.7006,0
1.5196,1.2383,3.0828,1.9982,5.7197,0
1.8278,1.4381,2.9723,2.1653,5.746,0
2.1184,1.6546,2.6543,-8.8,5.7944,2.9816
2.3788,0.77463,2.3161,2.3161,5.8957,0
2.6178,1.0062,2.0507,4.9,6.0605,7.5333
2.8158,1.4962,1.8675,4.9,6.1983,10.169
3.0097,1.9862,1.7522,3.6043,6.3101,4.1601
3.0097,2.3467,0,2.2447,6.3944,9.9688
3.3358,2.5711,1.6078,1.7934,6.4867,0
3.5012,2.7505,1.5581,1.5909,6.5684,0
3.6567,2.9096,1.5087,1.4555,6.6403,0
3.7978,3.0551,1.4415,1.3478,6.7197,0
3.7978,3.1899,0,1.2684,6.7872,3.392
4.0653,3.3167,1.1739,1.2058,6.8574,0
4.1865,3.4373,0.94103,1.1491,6.9405,0
4.2712,3.5522,0.68156,1.0543,7.0189,0
4.3318,3.6577,0.42634,0.94917,7.0835,0
4.3686,3.7526,0.16519,0.83732,7.1443,0.45442
4.3686,3.8363,0,0.72114,7.2018,0.91286
4.3797,3.9084,-0.17585,0.60787,7.2699,1.4158
4.3668,3.9692,-0.26085,0.50289,7.32,1.5896
4.3311,4.0195,-0.32129,0.38738,7.3524,1.6335
4.3064,4.0582,-0.33062,0.30432,7.3708,1.5013
4.3064,4.0887,0,0.21451,7.3941,0.033273
4.2253,4.1101,-0.32522,0.13895,7.4151,1.1744
4.184,4.124,-0.32978,0.071966,7.4168,1.0874
4.1453,4.1312,-0.31018,0.016839,7.42,0.92982
4.1231,4.1329,-0.30743,-0.0025822,7.4199,0.91498
4.0944,4.1326,-0.31674,-0.010078,7.4077,1.0035
4.0692,4.1316,-0.30823,-0.016489,7.4008,1.0158
4.0357,4.13,-0.29967,-0.024952,7.3883,1.042
4.0154,4.1275,-0.32956,-0.029699,7.3764,1.1927
3.9779,4.1245,-0.39632,-0.038982,7.3593,1.5435
3.9308,4.1206,-0.56279,-0.050482,7.3527,2.472
3.865,4.1156,-0.82359,-0.066993,7.3241,4.3265
3.7827,4.1089,-1.1715,-0.087448,7.3041,7.6896
3.6607,4.1001,-1.5376,-0.11852,7.2667,12.668
3.4999,4.0883,-1.7986,-0.1599,7.2197,7.6078
3.323,4.0723,-1.7553,-0.2064,7.143,7.6231
3.1449,4.0516,-1.5122,-0.25321,7.0605,13.745
3.1449,4.0263,0,-8.8,6.9711,0
2.8639,3.1463,-0.74461,-0.062276,6.9046,3.9109
2.8639,3.1401,0,-0.07963,6.8767,0.4065
2.7498,3.1321,-0.24079,-0.085331,6.8334,1.4104
2.7215,3.1236,-0.21632,-0.090143,6.8034,1.3547
2.6985,3.1146,-0.19531,-0.093957,6.7602,1.3013
2.6985,3.1052,0,-0.098993,6.7191,0.65002
2.6507,3.0953,0.081382,-0.10194,6.6709,0.5289
2.6605,3.0851,0.37583,-0.098287,6.6187,0.039611
2.6908,3.0753,0.73776,-0.089438,6.5852,0
2.7698,3.0663,1.0863,-0.069321,6.5521,0.33041
2.8866,3.0594,1.275,-0.040456,6.5371,0.71544
3.0229,3.0554,1.2477,-0.0076059,6.5294,0.62806
3.1553,3.0546,1.0258,-8.8,6.5238,0
3.2671,2.1746,0.73217,3.4368,6.588,10.287
3.3463,2.5183,0.41485,2.0641,6.6801,4.5182
3.3875,2.7247,0.20842,1.4623,6.7516,2.9854
3.4151,2.8709,0.16487,1.1098,6.8172,1.8337
3.4355,2.9819,0.36688,0.87311,6.8599,0.30432
3.4748,3.0692,0.77088,0.74836,6.9057,0
3.5514,3.144,1.2771,0.72588,6.9471,0
3.6848,3.2166,1.8,0.80703,6.986,0
3.8677,3.2973,2.1843,0.94926,7.0361,0.06717
4.0804,3.3922,2.2631,1.1008,7.0973,0
4.0804,3.5023,0,1.2362,7.1606,3.3203
4.0804,3.6259,0,1.2831,7.2122,4.0813
4.0804,3.7542,0,1.29,7.2513,4.6409
4.8056,3.8832,0.90528,1.228,7.4422,0
4.902,4.006,0.70166,1.145,7.5352,0
4.9669,4.1205,0.60356,1.0429,7.6251,0
5.0207,4.2248,0.55549,0.94885,7.7011,0
5.0823,4.3197,0.47921,0.88372,7.7768,0
5.0823,4.4081,0,0.81872,7.8486,0.88575
5.1833,4.49,0.39132,0.76481,7.9108,0
5.2316,4.5664,0.37219,0.71871,7.9782,0
5.274,4.6383,0.3244,0.67332,8.0338,0
5.2972,4.7056,0.28002,0.61603,8.0968,0
5.3262,4.7672,0.19702,0.57322,8.1556,0
5.3448,4.8246,0.078382,0.5261,8.211,0
5.3448,4.8772,0,0.46988,8.2604,0.16877
5.3314,4.9242,-0.19088,0.40227,8.3094,0.79896
5.3192,4.9644,-0.37684,0.34703,8.3431,1.5777
5.2874,4.9991,-0.60102,0.27992,8.3833,2.7444
5.2193,5.0271,-0.80545,0.18536,8.4088,3.9761
5.1294,5.0456,-0.88789,0.080435,8.4229,4.3789
5.1294,5.0537,0,-0.0056984,8.4308,0
4.9379,5.0531,-0.73475,-0.030491,8.4282,3.3644
4.8638,5.05,-0.52435,-0.049438,8.411,2.2543
4.8059,5.0451,-0.34014,-0.063576,8.3975,1.4792
4.8059,5.0387,0,-0.071886,8.3739,0.33056
4.7463,5.0316,-0.25268,-0.076521,8.336,1.2126
4.7126,5.0239,-0.26488,-0.083819,8.31,1.3063
4.684,5.0155,-0.26418,-0.089648,8.2794,1.3396
4.6486,5.0066,-0.2683,-0.097143,8.2516,1.4033
4.6216,4.9968,-0.25891,-0.10234,8.2162,1.3964
4.6051,4.9866,-0.26143,-0.10465,8.1765,1.4155
4.5757,4.9761,-0.28225,-0.11026,8.1462,1.5321
4.5757,4.9651,0,-0.11328,8.1067,0.57478
4.5757,4.9538,0,-0.12191,8.0683,0.52857
