16.944,16.944,-0.021749,0,35.5,0.046894
16.936,16.944,-0.026331,-0.00079199,35.503,0.073718
16.934,16.944,-0.0085543,-0.00092524,35.503,0.037239
16.935,16.944,-0.024871,-0.0008446,35.511,0.071547
16.935,16.944,0,-0.0018548,35.511,0.01495
16.923,16.944,-0.07872,-0.0018961,35.514,0.22336
16.919,16.944,-0.1197,-0.0022947,35.502,0.34143
16.899,16.944,-0.17171,-0.0040731,35.5,0.5365
16.89,16.943,-0.20806,-0.0048729,35.496,0.67298
16.86,16.943,-0.25528,-0.0075116,35.492,0.90594
16.833,16.942,-0.31196,-0.0099341,35.485,1.1897
16.833,16.941,0,-0.011932,35.474,0.20031
16.764,16.94,-0.415,-0.016051,35.467,1.8243
16.72,16.938,-0.44358,-0.019908,35.446,2.0857
16.667,16.936,-0.44958,-0.024647,35.413,2.2675
16.623,16.934,-0.44713,-0.028459,35.384,2.377
16.574,16.931,-0.46032,-0.03267,35.359,2.5846
16.524,16.928,-0.45615,-0.037053,35.324,2.7052
16.483,16.924,-0.44655,-0.040528,35.279,2.7649
16.438,16.92,-0.44227,-0.044406,35.239,2.8675
16.395,16.915,-0.44911,-0.048062,35.185,3.0245
16.35,16.911,-0.43796,-0.051851,35.141,3.0849
16.3,16.905,-0.42386,-0.05616,35.073,3.143
16.249,16.9,-0.43112,-0.060563,35.012,3.3272
16.212,16.894,-0.4442,-0.063559,34.952,3.5003
16.166,16.887,-0.40322,-0.067467,34.889,3.3848
16.166,16.881,0,-0.071023,34.817,1.5002
16.074,16.874,-0.47172,-0.075194,34.746,4.0495
16.019,16.866,-0.44392,-0.079923,34.67,4.0286
15.969,16.858,-0.39009,-0.084172,34.58,3.8305
15.927,16.85,-0.42711,-0.087694,34.481,4.1644
15.887,16.841,-0.4216,-0.091026,34.389,4.2303
15.842,16.832,-0.40976,-0.09485,34.293,4.2715
15.81,16.822,-0.44853,-0.097438,34.192,4.5949
15.772,16.812,-0.45029,-0.10048,34.097,4.6967
15.72,16.802,-0.39576,-0.10512,33.982,4.4791
15.682,16.792,-0.34074,-0.10831,33.869,4.2218
15.647,16.781,-0.28415,-0.1112,33.761,3.9592
15.616,16.77,-0.24405,-0.11363,33.651,3.7878
15.593,16.759,-0.21453,-0.1153,33.537,3.6561
15.575,16.747,-0.19745,-0.11658,33.413,3.5808
15.549,16.735,-0.17727,-0.11861,33.292,3.5125
15.525,16.724,-0.11041,-0.12044,33.177,3.2056
15.514,16.712,-0.04273,-0.12101,33.053,2.8816
15.507,16.699,-0.034974,-0.12111,32.929,2.8289
15.499,16.687,-0.005229,-0.12143,32.8,2.6861
15.493,16.675,0.043646,-0.12133,32.687,2.4623
15.497,16.663,0.060439,-0.1204,32.56,2.3535
15.507,16.651,0.073317,-0.11868,32.452,2.2471
15.521,16.639,0.090013,-0.11664,32.331,2.1198
15.527,16.627,0.10999,-0.11524,32.23,2.0024
15.529,16.616,0.12834,-0.11445,32.122,1.9066
15.545,16.604,0.15232,-0.11206,32.005,1.7596
15.554,16.593,0.16524,-0.11049,31.906,1.6731
15.565,16.582,0.1722,-0.10866,31.803,1.6013
15.585,16.571,0.17587,-0.10589,31.694,1.5214
15.585,16.561,0,-0.10398,31.596,2.1062
15.585,16.55,0,-0.10172,31.499,2.085
15.585,16.54,0,-0.098312,31.403,2.0687
15.645,16.53,0.1996,-0.0966,31.318,1.2339
15.665,16.521,0.2187,-0.09381,31.233,1.1237
15.678,16.511,0.21902,-0.091573,31.157,1.0757
15.707,16.502,0.24039,-0.0877,31.082,0.94847
15.732,16.493,0.24855,-0.084263,31.009,0.86472
15.756,16.485,0.32681,-0.081029,30.928,0.64431
15.783,16.477,0.30765,-0.077281,30.859,0.61767
15.81,16.469,0.27705,-0.073714,30.782,0.61594
15.845,16.462,0.28471,-0.069157,30.724,0.52705
15.872,16.455,0.30104,-0.065502,30.663,0.43941
15.901,16.448,0.25035,-0.061775,30.601,0.47159
15.935,16.442,0.2317,-0.057345,30.557,0.43686
15.957,16.436,0.24605,-0.054348,30.501,0.36233
15.987,16.431,0.25115,-0.050378,30.462,0.29313
16.014,16.426,0.24997,-0.046868,30.42,0.24256
16.04,16.421,0.23491,-0.043451,30.377,0.21679
16.07,16.417,0.27141,-0.039638,30.334,0.10513
16.07,16.413,0,-0.036308,30.3,0.66923
16.127,16.409,0.28602,-0.032353,30.267,0
16.148,16.406,0.24192,-0.029608,30.244,0.0090532
16.179,16.403,0.24959,-0.025677,30.216,0
16.202,16.401,0.25747,-0.022824,30.203,0
16.234,16.398,0.23217,-0.018842,30.178,0
16.249,16.396,0.14946,-0.016966,30.16,0
16.266,16.395,0.073245,-0.014801,30.149,0.08
16.274,16.393,-0.030236,-0.013706,30.14,0.29249
16.268,16.392,-0.13255,-0.014237,30.132,0.58308
16.254,16.39,-0.20473,-0.015725,30.114,0.84482
16.228,16.389,-0.24837,-0.01854,30.104,1.0584
16.195,16.387,-0.28573,-0.02214,30.084,1.2785
16.161,16.385,-0.32427,-0.025901,30.054,1.5198
16.135,16.382,-0.35994,-0.028608,30.031,1.7381
16.097,16.379,-0.39446,-0.032738,30.01,1.9954
16.067,16.376,-0.39025,-0.035942,29.978,2.049
16.067,16.372,0,-0.040317,29.947,0.57158
15.994,16.368,-0.38077,-0.043548,29.918,2.1789
15.994,16.364,0,-0.048418,29.881,0.69849
15.916,16.359,-0.42411,-0.051827,29.836,2.5954
15.866,16.354,-0.41928,-0.057178,29.79,2.6975
15.83,16.348,-0.41271,-0.060833,29.738,2.7476
15.788,16.342,-0.4167,-0.065306,29.686,2.875
15.748,16.336,-0.37841,-0.069461,29.62,2.7635
15.703,16.329,-0.28346,-0.074127,29.57,2.3889
15.666,16.321,-0.22596,-0.077877,29.507,2.1992
15.633,16.314,-0.18085,-0.081058,29.437,2.0624
15.62,16.305,-0.11029,-0.082032,29.363,1.7854
15.62,16.297,0,-0.082472,29.294,1.363
15.614,16.289,0.03449,-0.081254,29.225,1.2484
15.622,16.281,0.10111,-0.079591,29.156,1.0174
15.632,16.273,0.1815,-0.077615,29.095,0.77527
15.648,16.265,0.24072,-0.075005,29.037,0.6025
15.665,16.258,0.27244,-0.072133,28.987,0.49722
15.665,16.25,0,-0.067673,28.928,1.1712
15.735,16.244,0.28701,-0.062311,28.878,0.33289
15.757,16.237,0.30878,-0.058954,28.831,0.25326
15.787,16.232,0.32017,-0.054643,28.778,0.18074
15.823,16.226,0.33255,-0.04973,28.739,0.10345
15.865,16.221,0.32966,-0.043955,28.704,0.037703
15.865,16.217,0,-0.038495,28.669,0.68314
15.932,16.213,0.27934,-0.034813,28.636,0
15.952,16.209,0.26898,-0.031959,28.611,0
15.974,16.206,0.2543,-0.028885,28.577,0
15.996,16.203,0.23784,-0.025835,28.559,0
16.012,16.201,0.25992,-0.023523,28.542,0
16.035,16.198,0.26937,-0.020372,28.516,0
16.056,16.196,0.2668,-0.017485,28.505,0
16.085,16.195,0.23168,-0.013699,28.49,0
16.111,16.193,0.22421,-0.010299,28.472,0
16.135,16.192,0.23796,-0.0071059,28.474,0
16.155,16.191,0.26089,-0.0046146,28.467,0
16.177,16.191,0.26383,-0.0017814,28.474,0
16.206,16.191,0.29762,0.0062465,28.481,0
16.238,16.191,0.34321,0.019047,28.485,0
16.275,16.193,0.35608,0.033066,28.494,0
16.319,16.197,0.33643,0.049494,28.505,0
16.352,16.202,0.34,0.060819,28.517,0
16.38,16.208,0.34953,0.069647,28.541,0
16.38,16.215,0,0.079948,28.558,0
16.45,16.223,0.29503,0.092042,28.586,0
16.45,16.232,0,0.10117,28.608,0
16.508,16.242,0.29711,0.10774,28.637,0
16.529,16.253,0.30625,0.11184,28.67,0
16.55,16.264,0.29825,0.11586,28.702,0
16.584,16.276,0.29855,0.12498,28.738,0
16.611,16.288,0.28336,0.1307,28.773,0
16.638,16.301,0.28802,0.1362,28.807,0
16.665,16.315,0.31183,0.14172,28.836,0
16.7,16.329,0.31895,0.15005,28.863,0
16.741,16.344,0.30464,0.16028,28.892,0
16.781,16.36,0.28976,0.17006,28.941,0
16.813,16.377,0.25145,0.17614,28.989,0
16.813,16.395,0,0.17881,29.032,0
16.855,16.412,0.13514,0.1786,29.069,0
16.869,16.43,0.094688,0.17688,29.113,0
16.887,16.448,0.052772,0.17708,29.16,0
16.889,16.466,-0.0050374,0.1704,29.193,0
16.898,16.483,-0.050637,0.16723,29.238,0
16.899,16.499,-0.076387,0.16091,29.286,0
16.889,16.516,-0.10201,0.15044,29.333,0
16.889,16.531,0,0.13633,29.37,0
16.865,16.544,-0.12326,0.12893,29.418,0
16.859,16.557,-0.11876,0.12145,29.444,0
16.839,16.569,-0.095366,0.1086,29.477,0
16.829,16.58,-0.10995,0.099966,29.505,0
16.824,16.59,-0.16487,0.093937,29.521,0.11865
16.799,16.599,-0.21103,0.080079,29.549,0.30118
16.776,16.607,-0.26784,0.0677,29.566,0.52883
16.776,16.614,0,0.057233,29.583,0
16.732,16.62,-0.39963,0.044791,29.593,1.116
16.694,16.624,-0.42508,0.028018,29.599,1.2852
16.654,16.627,-0.44727,0.010797,29.604,1.4461
16.611,16.628,-0.46442,-0.0021366,29.603,1.6119
16.559,16.628,-0.47177,-0.008325,29.597,1.7866
16.515,16.627,-0.47111,-0.013596,29.586,1.9031
16.469,16.626,-0.47301,-0.018985,29.577,2.0362
16.428,16.624,-0.51881,-0.023659,29.551,2.3873
16.382,16.622,-0.58336,-0.02901,29.524,2.8873
16.33,16.619,-0.66743,-0.034983,29.491,3.5721
16.257,16.615,-0.741,-0.043542,29.465,4.3196
16.175,16.611,-0.84692,-0.052997,29.418,5.4174
16.082,16.606,-0.90617,-0.063824,29.38,6.2535
15.982,16.599,-0.97358,-0.075426,29.326,7.2404
15.884,16.592,-1.0432,-0.0867,29.26,8.2993
15.783,16.583,-1.102,-0.098454,29.185,9.317
15.673,16.573,-1.1066,-0.1112,29.097,9.7869
15.554,16.562,-1.1166,-0.12521,28.997,10.36
15.44,16.55,-1.1064,-0.13847,28.89,10.669
15.327,16.536,-1.0251,-0.1518,28.767,10.155
15.23,16.521,-0.88916,-0.1631,28.65,9.0401
15.139,16.504,-0.73383,-0.17356,28.52,7.8297
15.06,16.487,-0.58024,-0.18268,28.379,6.7348
15.003,16.469,-0.45435,-0.18897,28.237,5.8972
14.954,16.45,-0.3879,-0.19435,28.088,5.5193
14.911,16.43,-0.39311,-0.1989,27.938,5.622
14.875,16.41,-0.41403,-0.20248,27.787,5.8094
14.842,16.39,-0.42109,-0.20596,27.625,5.8926
14.799,16.37,-0.40785,-0.21044,27.478,5.8603
14.761,16.348,-0.38464,-0.21459,27.312,5.7419
14.715,16.327,-0.37453,-0.21965,27.154,5.7381
14.674,16.305,-0.41118,-0.22405,26.997,6.0461
14.643,16.283,-0.42609,-0.22717,26.839,6.1721
14.598,16.26,-0.39577,-0.23224,26.675,6.0135
14.564,16.237,-0.40289,-0.23583,26.502,6.0837
14.522,16.213,-0.39318,-0.24048,26.342,6.0618
14.492,16.189,-0.36259,-0.24342,26.178,5.8524
14.451,16.165,-0.36903,-0.24819,26.002,5.936
14.413,16.14,-0.3862,-0.25253,25.822,6.0823
14.38,16.115,-0.34463,-0.25604,25.655,5.8048
14.346,16.089,-0.2993,-0.25963,25.488,5.5134
14.316,16.063,-0.21579,-0.26265,25.318,4.9845
14.316,16.037,0,-0.26486,25.144,3.7135
14.316,16.01,0,-0.26494,24.973,3.6276
14.266,15.984,0.0035681,-0.26568,24.803,3.682
14.265,15.957,0.085059,-0.26434,24.625,3.2382
14.278,15.931,0.16101,-0.26061,24.459,2.8278
14.287,15.905,0.23679,-0.25741,24.299,2.4676
14.311,15.879,0.33182,-0.25177,24.137,2.0582
14.351,15.854,0.32964,-0.24359,23.975,1.9309
14.351,15.829,0,-0.23613,23.826,3.0709
14.414,15.806,0.33061,-0.22951,23.68,1.7065
14.456,15.783,0.33322,-0.22063,23.541,1.5753
14.483,15.761,0.29025,-0.21401,23.421,1.592
14.512,15.739,0.32875,-0.20716,23.289,1.3991
14.548,15.719,0.37404,-0.19902,23.162,1.1951
14.583,15.699,0.35192,-0.19107,23.041,1.1457
14.617,15.68,0.3406,-0.18317,22.935,1.0779
14.656,15.661,0.33991,-0.17454,22.827,0.98243
14.694,15.644,0.34875,-0.16585,22.727,0.87235
14.728,15.627,0.34341,-0.15784,22.642,0.7999
14.77,15.612,0.35205,-0.14836,22.564,0.69239
14.802,15.597,0.35811,-0.14073,22.486,0.60907
14.83,15.583,0.36381,-0.13398,22.402,0.5358
14.87,15.569,0.34672,-0.12507,22.327,0.48142
14.87,15.557,0,-0.11746,22.258,1.2754
14.933,15.545,0.35821,-0.11015,22.21,0.33598
14.969,15.534,0.35044,-0.10208,22.15,0.27901
14.969,15.524,0,-0.095112,22.094,1.0117
15.042,15.514,0.37577,-0.085953,22.039,0.12128
15.076,15.506,0.37631,-0.078487,21.992,0.064521
15.11,15.498,0.38562,-0.071049,21.953,0.0016021
15.148,15.491,0.40165,-0.062776,21.919,0
15.187,15.484,0.41141,-0.054648,21.88,0
15.187,15.479,0,-0.045991,21.851,0.52462
15.272,15.474,0.42868,-0.037258,21.849,0
15.272,15.471,0,-0.027915,21.829,0.36041
15.369,15.468,0.40043,-0.018259,21.83,0
15.413,15.466,0.39551,-0.0097,21.815,0
15.451,15.465,0.43407,-0.0025695,21.804,0
15.495,15.465,0.42874,0.010279,21.812,0
15.54,15.466,0.4071,0.025589,21.808,0
15.54,15.468,0,0.041575,21.816,0
15.54,15.473,0,0.051422,21.823,0
15.66,15.478,0.39547,0.063018,21.855,0
15.704,15.484,0.39715,0.075873,21.88,0
15.751,15.492,0.41136,0.089606,21.909,0
15.8,15.501,0.40524,0.10343,21.928,0
15.845,15.511,0.41619,0.11524,21.961,0
15.845,15.522,0,0.1282,21.994,0
15.934,15.535,0.35478,0.13749,22.018,0
15.934,15.549,0,0.1437,22.057,0
16,15.563,0.33825,0.15076,22.103,0
16.027,15.578,0.2951,0.15489,22.149,0
16.027,15.594,0,0.15742,22.193,0
16.071,15.61,0.27351,0.15928,22.241,0
16.107,15.626,0.22837,0.16629,22.281,0
16.14,15.642,0.19005,0.17181,22.326,0
16.157,15.659,0.16807,0.17198,22.38,0
16.182,15.677,0.12711,0.17467,22.435,0
16.182,15.694,0,0.17259,22.485,0
16.205,15.711,0.05703,0.17094,22.549,0
16.217,15.728,0.047555,0.1689,22.599,0
16.229,15.745,0.014353,0.16736,22.638,0
16.225,15.762,-0.01635,0.16015,22.695,0
16.213,15.778,-0.062985,0.15067,22.747,0
16.204,15.793,-0.10479,0.14226,22.799,0
16.204,15.807,0,0.13703,22.839,0
16.183,15.821,-0.13627,0.12524,22.861,0
16.162,15.834,-0.15651,0.11371,22.901,0
16.153,15.845,-0.19353,0.10662,22.937,0.058668
16.134,15.856,-0.19058,0.096531,22.958,0.091626
16.109,15.865,-0.19633,0.08447,22.99,0.15865
16.086,15.874,-0.23181,0.073617,23.016,0.31333
16.064,15.881,-0.23782,0.063379,23.026,0.37599
16.045,15.887,-0.2101,0.054403,23.052,0.3263
16.015,15.893,-0.22623,0.042268,23.061,0.42858
15.993,15.897,-0.24004,0.033046,23.066,0.51309
15.993,15.9,0,0.021342,23.076,0
15.941,15.903,-0.23706,0.013323,23.067,0.58794
15.941,15.904,0,0.0070774,23.071,0
15.889,15.905,-0.26878,-0.0026731,23.065,0.78786
15.872,15.904,-0.33305,-0.0055989,23.067,1.0675
15.831,15.904,-0.3825,-0.012654,23.056,1.3663
15.831,15.903,0,-0.019754,23.048,0.10597
15.737,15.901,-0.47165,-0.028475,23.03,2.0059
15.694,15.898,-0.51008,-0.035427,23.008,2.3077
15.641,15.894,-0.51577,-0.044032,22.994,2.4671
15.587,15.89,-0.52937,-0.052806,22.958,2.6737
15.536,15.884,-0.57135,-0.061051,22.918,3.0434
15.482,15.878,-0.6207,-0.069446,22.879,3.4813
15.412,15.871,-0.69442,-0.080873,22.838,4.1639
15.342,15.863,-0.76407,-0.091986,22.791,4.8634
15.274,15.854,-0.85394,-0.10257,22.737,5.7718
15.191,15.844,-0.92979,-0.11605,22.666,6.6822
15.09,15.832,-1.0117,-0.13252,22.592,7.7746
14.998,15.819,-1.0499,-0.14727,22.521,8.445
14.9,15.804,-1.0535,-0.16303,22.438,8.7782
14.798,15.788,-1.0562,-0.17951,22.349,9.112
14.699,15.77,-1.0158,-0.19535,22.241,8.9606
14.588,15.75,-0.95067,-0.21354,22.132,8.6034
14.5,15.729,-0.94554,-0.22727,22.022,8.7724
14.398,15.706,-0.99697,-0.24373,21.905,9.577
14.292,15.682,-1.0199,-0.26124,21.768,10.103
14.292,15.656,0,-0.27884,21.63,2.5581
14.071,15.628,-1.1816,-0.29808,21.475,12.592
13.947,15.598,-1.2382,-0.31911,21.325,13.664
13.823,15.566,-1.2836,-0.34049,21.16,14.609
13.699,15.532,-1.3775,-0.36216,20.986,16.283
13.571,15.496,-1.4699,-0.38475,20.807,18.047
13.416,15.458,-1.4762,-0.41352,20.606,18.576
13.263,15.416,-1.5193,-0.442,20.403,19.689
13.107,15.372,-1.5586,-0.47171,20.188,20.755
12.952,15.325,-1.5851,-0.50243,19.946,21.58
12.952,15.275,0,-0.53279,19.711,4.4469
12.645,15.221,-1.7122,-0.56462,19.447,24.585
12.476,15.165,-1.7617,-0.60049,19.18,25.909
12.303,15.105,-1.8012,-0.63774,18.909,27.046
12.116,15.041,-1.8579,-0.68042,18.613,28.59
11.923,14.973,-1.9102,-0.72498,18.315,30.066
11.731,14.9,-1.9764,-0.77091,18.004,31.851
11.54,14.823,-2.0115,-0.81769,17.69,32.91
11.331,14.742,-2.0274,-0.87068,17.363,33.538
11.127,14.655,-2.0287,-0.92519,17.013,33.72
10.926,14.562,-2.0264,-0.98197,16.647,33.73
10.725,14.464,-2.0353,-1.0409,16.27,33.933
10.513,14.36,-2.0356,-1.1042,15.895,33.908
10.309,14.249,-2.0236,-1.1683,15.508,33.479
10.113,14.133,-2.0383,-1.2321,15.116,33.58
9.912,14.009,-2.0286,-1.3025,14.702,33.007
9.7071,13.879,-1.9774,-1.3751,14.296,31.419
9.506,13.742,-1.9796,-1.4523,13.867,30.941
9.3132,13.596,-1.9932,-1.5268,13.45,30.642
9.3132,13.444,0,-1.6119,13.029,5.4571
8.9074,13.282,-1.9311,-1.6992,12.575,27.739
8.7201,13.113,-1.9655,-1.7824,12.143,27.562
8.5176,12.934,-1.9944,-1.8795,11.693,27.142
8.3192,12.746,-2.0063,-4.4,11.255,4.76
8.1145,12.306,-2.059,-4.4,10.826,5.0529
7.91,11.866,-2.0641,-5.2,10.416,0
7.7127,11.346,-2.0881,-5.2,10.026,0
7.5134,10.826,-2.0603,-5.2,9.6804,0
7.5134,10.306,0,-5.2,9.3751,144.63
7.5134,9.7863,0,-5.2,9.1218,143.56
6.9083,9.2663,-2.0973,-5.2,8.8186,0
6.9083,8.7463,0,-5.2,8.6088,92.091
6.9083,8.2263,0,-5.2,8.4509,91.025
6.2881,7.7063,-2.0079,-5.2,8.2387,150.65
6.083,7.1863,-1.9482,-5.2,8.1222,48.42
5.8894,6.6663,-1.8394,-5.2,8.0299,25.306
5.6991,6.1463,-1.7657,-5.2,7.9757,15.425
5.5219,5.6263,-1.6815,-0.03426,7.9406,13.703
5.3518,5.6229,-1.5974,-0.089307,7.9153,12.835
5.1957,5.614,-1.576,-0.13836,7.8881,12.903
5.0448,5.6001,-1.5525,-0.18546,7.8295,12.899
4.8849,5.5816,-1.5166,-8.8,7.7736,0
4.7421,4.7016,-1.549,0.040604,7.7498,11.564
4.5932,4.7056,-1.5811,-0.031693,7.7426,12.218
4.4381,4.7025,-1.5559,-0.074798,7.7229,12.324
4.2762,4.695,-1.5551,-0.11908,7.6908,12.795
4.2762,4.6831,0,-0.15909,7.6495,0.50366
3.9718,4.6672,-1.5627,-0.20111,7.5827,13.753
3.8178,4.6471,-1.5281,-0.24241,7.5126,13.62
3.6606,4.6228,-1.5275,-0.2853,7.4223,13.979
3.5104,4.5943,-1.524,-0.32621,7.3258,14.246
3.3677,4.5617,-1.4915,-8.8,7.2053,0
3.2239,3.6817,-1.436,-0.11357,7.1245,11.385
3.0845,3.6703,-1.3899,-0.14661,7.0729,11.186
3.0845,3.6557,0,-0.17712,7.015,0.82412
2.827,3.638,-1.3638,-0.20703,6.9473,11.555
2.6819,3.6172,-1.7669,-0.24192,6.8674,7.2276
2.5016,3.5931,-2.9541,-8.8,6.7754,0
2.2124,2.7131,-4.3411,-0.099143,6.688,10.722
1.7799,2.7031,-5.2308,-0.18505,6.6231,13.08
1.2612,2.6846,-5.6158,-0.29115,6.513,14.555
0.69164,2.6555,-5.1566,-0.4141,6.3486,14.352
0.18571,2.6141,-3.6618,-8.8,6.1299,0
-0.18324,1.7341,-1.8693,-0.28707,5.9111,7.2552
-0.37246,1.7054,-0.67424,-8.8,5.7139,0
-0.43328,0.8254,0.039978,0.039978,5.5464,2.5803
-0.43266,0.8294,0.32053,0.32053,5.4227,2.5872
-0.39421,0.86146,0.33019,-8.8,5.3023,0
-0.35818,0,0.25523,0.25523,5.2219,0.73427
-0.33685,0.025523,0.28194,0.28194,5.1868,0.74286
-0.33685,0.053717,0,0.32402,5.1492,1.4815
-0.26087,0.086118,0.33828,0.33828,5.1072,0.71133
-0.2296,0.11995,0.34381,0.34381,5.0678,0.71657
-0.19658,0.15433,0.32521,-8.8,5.0387,0
-0.16977,0,0.30747,0.30747,5.0581,0.34802
-0.13075,0.030747,0.29431,0.29431,5.0466,0.33106
-0.10136,0.060178,0.307,0.307,5.0395,0.33115
-0.074455,0.090878,0.3248,-8.8,5.0167,0
-0.039746,0,0.38052,0.38052,5.0397,0.081479
-0.039746,0.038052,0,0.4832,5.0338,1.1748
0.035871,0.086372,0.62007,-8.8,5.0336,0
0.10561,0,0.72976,0.72976,5.0707,0
0.17919,0.072976,0.81462,0.81462,5.0907,0
0.2705,0.15444,0.82325,0.82325,5.0951,0
0.34827,0.23676,0.76138,-8.8,5.1099,0
0.41681,0,0.62703,0.62703,5.1757,0
0.48303,0.062703,0.49232,0.49232,5.2114,0
0.52683,0.11194,0.36213,0.36213,5.2544,0
0.55973,0.14815,0.26182,0.26182,5.2952,0
0.59552,0.17433,0.1753,0.1753,5.3415,0
0.61408,0.19186,0.12283,0.12283,5.3754,0
0.61913,0.20414,0.066151,0.066151,5.4186,0
0.62037,0.21076,0.017057,0.017057,5.4623,0
0.61421,0.21246,-0.055201,-0.055201,5.5126,0
0.6039,0.20694,-0.11353,-0.11353,5.5489,0
0.59453,0.19559,-0.17236,-0.17236,5.5985,0
0.57551,0.17836,-0.19698,-0.19698,5.6393,0
0.56087,0.15866,-0.21829,-0.21829,5.6839,0
0.53983,0.13683,-0.21061,-0.21061,5.7295,0
0.51641,0.11577,-0.13351,-0.13351,5.7649,0
0.49826,0.10242,0.020737,0.020737,5.8019,0
0.50991,0.10449,0.14062,0.14062,5.8443,0
0.53017,0.11855,0.22776,0.22776,5.8809,0
0.5566,0.14133,0.30535,0.30535,5.9208,0
0.58704,0.17186,0.33826,0.33826,5.9723,0
0.58704,0.20569,0,0.30881,6.0121,0
0.6444,0.23657,0.27379,0.27379,6.0643,0
0.6812,0.26395,0.27005,0.27005,6.0958,0
0.70074,0.29096,0.29828,0.29828,6.1279,0
0.72626,0.32078,0.30343,0.30343,6.1745,0
0.72626,0.35113,0,0.27856,6.2136,0
0.78903,0.37898,0.27517,0.27517,6.2531,0
0.80894,0.4065,0.29654,0.29654,6.3003,0
0.84826,0.43615,0.28066,0.28066,6.344,0
0.8851,0.46422,0.27001,0.27001,6.3879,0
0.91003,0.49122,0.2784,0.2784,6.424,0
0.93146,0.51906,0.28175,0.28175,6.47,0
0.96382,0.54724,0.27242,0.27242,6.517,0
0.96382,0.57448,0,0.2896,6.5573,0
1.0235,0.60344,0.27813,0.27813,6.5997,0
1.0592,0.63125,0.27763,0.27763,6.6456,0
1.0943,0.65901,0.28895,0.28895,6.6875,0
1.1256,0.68791,0.28483,0.28483,6.7243,0
1.1609,0.71639,0.27455,0.27455,6.7697,0
1.1951,0.74385,0.28913,0.28913,6.8234,0
1.2269,0.77276,0.28589,0.28589,6.8666,0
1.2599,0.80135,0.28254,0.28254,6.9154,0
1.2909,0.82961,0.29291,0.29291,6.959,0
1.3293,0.8589,0.28595,0.28595,6.9952,0
1.3526,0.88749,0.2777,4.9,7.0363,32.682
1.3884,1.3775,0.28433,0.077921,7.0497,0
1.4124,1.3853,0.28992,0.19198,7.0459,0
1.4405,1.4045,0.27471,0.24979,7.0552,0
1.4669,1.4295,0.2807,0.25258,7.0662,0
1.4934,1.4547,0.28919,0.25323,7.0614,0
1.5162,1.48,0.28714,0.23042,7.0635,0
1.5352,1.5031,0.27614,0.19923,7.0745,0
1.5712,1.523,0.2757,0.29287,7.0745,0
1.6028,1.5523,0.28305,0.2975,7.0766,0
1.6267,1.582,0.28239,0.25465,7.083,0
1.6542,1.6075,0.27838,0.25958,7.0923,0
1.6799,1.6335,0.28215,0.25195,7.1019,0
1.71,1.6587,0.292,0.27163,7.1017,0
1.7422,1.6858,0.28091,0.28987,7.0988,0
1.777,1.7148,0.28436,0.31079,7.0992,0
1.777,1.7459,0,0.31878,7.1039,0.82419
1.8349,1.7778,0.28508,0.26993,7.1305,0
1.8728,1.8048,0.28802,0.31421,7.1436,0
1.8969,1.8362,0.29845,0.2724,7.1478,0
1.9174,1.8634,0.28919,0.23685,7.1633,0
1.9492,1.8871,0.28517,0.26719,7.1739,0
1.9698,1.9138,0.2911,0.23532,7.1746,0
1.9978,1.9374,0.28875,0.24885,7.1721,0
2.0214,1.9622,0.28232,0.23829,7.1774,0
2.0475,1.9861,0.28668,0.24302,7.191,0
2.0851,2.0104,0.28913,0.28989,7.1979,0
2.0851,2.0394,0,0.2772,7.2039,0.64398
2.1503,2.0671,0.28564,0.30866,7.2116,0
2.183,2.098,0.28652,0.30783,7.2153,0
2.2095,2.1287,0.28504,0.28572,7.2205,0
2.2401,2.1573,0.28627,0.28696,7.2369,0
2.2667,2.186,0.28941,0.27373,7.2429,0
2.2988,2.2134,0.29373,0.28415,7.2528,0
2.3349,2.2418,0.28827,0.30346,7.2605,0
2.3592,2.2721,0.28787,0.27784,7.2685,0
2.3592,2.2999,0,0.30481,7.2758,0.70003
2.4316,2.3304,0.28379,0.30989,7.2779,0
2.4316,2.3614,0,0.32367,7.2865,0.73492
2.5045,2.3938,0.28865,0.32528,7.3009,0
2.5411,2.4263,0.28974,0.32987,7.3041,0
2.5775,2.4593,0.28248,0.3328,7.3233,0
2.602,2.4926,0.28372,0.30205,7.3441,0
2.6254,2.5228,0.28788,0.27799,7.3569,0
2.6634,2.5506,0.28506,0.30011,7.3581,0
2.6982,2.5806,0.28105,0.30698,7.3652,0
2.6982,2.6113,0,0.27039,7.3755,0.51485
2.7449,2.6383,0.2825,0.26911,7.3956,0
2.7449,2.6652,0,0.24588,7.405,0.45668
2.791,2.6898,0.28415,0.24793,7.4136,0
2.8147,2.7146,0.2783,0.24214,7.4326,0
2.8368,2.7388,0.28613,0.23384,7.4438,0
2.8679,2.7622,0.29229,0.24893,7.4528,0
2.8876,2.7871,0.27309,0.23342,7.4646,0
2.9098,2.8104,0.28344,0.22802,7.4813,0
2.9368,2.8332,0.2914,0.23445,7.4818,0
2.9697,2.8567,0.28614,0.25278,7.4897,0
2.9945,2.882,0.2766,0.24809,7.4967,0
3.0179,2.9068,0.28585,0.24206,7.5111,0
3.0421,2.931,0.28602,0.23903,7.5221,0
3.0421,2.9549,0,0.23952,7.532,0.41816
3.0921,2.9788,0.28382,0.23747,7.5342,0
3.1155,3.0026,0.28599,0.23396,7.5514,0
3.1526,3.026,0.28629,0.25959,7.5706,0
3.1838,3.0519,0.28314,0.26716,7.5907,0
3.2209,3.0786,0.2784,0.28433,7.5963,0
3.2419,3.1071,0.28941,0.26575,7.6137,0
3.265,3.1337,0.28803,0.25604,7.6363,0
3.2906,3.1593,0.28522,0.2531,7.655,0
3.2906,3.1846,0,0.24848,7.6669,0.39831
3.3432,3.2094,0.29449,0.25216,7.6914,0
3.3819,3.2346,0.29059,0.27425,7.7022,0
3.4179,3.2621,0.28828,0.28655,7.7122,0
3.4533,3.2907,0.28475,0.29523,7.7295,0
3.4722,3.3202,0.28646,0.27258,7.7524,0
3.4948,3.3475,0.28727,0.26083,7.762,0
3.5162,3.3736,0.28026,0.25001,7.7832,0
3.5426,3.3986,0.28297,0.24973,7.7953,0
3.5747,3.4235,0.29069,0.25904,7.8032,0
3.6058,3.4495,0.28349,0.26503,7.8186,0
3.6358,3.476,0.27742,0.26788,7.8263,0
3.6614,3.5027,0.28189,0.26314,7.85,0
3.6861,3.5291,0.28393,0.25794,7.8753,0
3.7219,3.5548,0.27149,0.27177,7.898,0
3.741,3.582,0.27772,0.25605,7.9215,0
3.7699,3.6076,0.27805,0.25864,7.9354,0
3.8071,3.6335,0.27411,0.27396,7.9534,0
3.8334,3.6609,0.27829,0.26947,7.9728,0
3.8559,3.6878,0.28576,0.25988,7.9925,0
3.8829,3.7138,0.28314,0.25866,8.0032,0
3.8829,3.7397,0,0.26296,8.0188,0.34927
3.9488,3.766,0.27774,0.2743,8.0368,0
3.9855,3.7934,0.28512,0.2856,8.063,0
3.9855,3.822,0,0.29468,8.0807,0.39519
4.0526,3.8514,0.34521,0.29324,8.1137,0
4.0943,3.8808,0.29196,0.30786,8.1276,0
