8.0556,8.0556,-0.69785,0,35.5,2.8534
7.9837,8.0556,-0.69035,6.7,35.499,75.824
7.9174,8.7256,-0.63168,6.7,35.451,79.848
7.861,9.3956,-0.74511,6.7,35.324,87.794
7.7862,10.066,-0.87392,6.7,35.139,96.416
7.7862,10.736,0,6.7,34.877,81.455
7.7862,11.406,0,-0.2377,34.549,11.363
7.4407,11.382,-1.6838,-0.24913,34.157,37.525
7.2636,11.357,-1.8277,-0.26328,33.751,41.733
7.2636,11.331,0,-0.27829,33.343,13.137
6.8922,11.303,-1.8872,-0.29426,32.908,45.116
6.7067,11.273,-1.6612,-0.31092,32.45,40.753
6.7067,11.242,0,-0.32754,31.995,15.008
6.4096,11.209,-0.93325,-0.34107,31.502,28.179
6.308,11.175,-0.56085,-0.35359,31.022,22.996
6.2507,11.14,-0.18714,-0.36353,30.525,18.451
6.2247,11.104,0.046444,-0.3712,30.038,15.894
6.2331,11.067,0.20507,-0.37628,29.558,14.156
6.2475,11.029,0.4069,-0.38083,29.086,12.206
6.2908,10.991,0.69353,-0.38338,28.604,9.8227
6.3508,10.952,1.0176,-0.38421,28.139,7.6332
6.4471,10.914,1.4115,-0.38169,27.683,5.6212
6.5954,10.876,1.7576,-0.37423,27.239,4.2983
6.7714,10.838,2.0533,-0.36351,26.816,3.5394
6.9701,10.802,2.3033,-0.34956,26.428,3.1886
7.2071,10.767,2.4826,-0.3311,26.065,3.0945
7.4574,10.734,2.5777,-0.31046,25.721,3.1116
7.708,10.703,2.716,-0.28858,25.412,3.3574
7.9839,10.674,2.8939,-0.2633,25.129,3.9144
8.2688,10.648,2.9402,-0.23618,24.872,4.2788
8.5627,10.624,2.8741,-0.20709,24.659,4.3403
8.8575,10.603,2.7859,-0.17724,24.472,4.3447
9.1304,10.586,2.6538,-0.14914,24.305,4.1665
9.1304,10.571,0,-0.12169,24.16,3.454
9.6464,10.559,2.4294,-0.094806,24.059,3.9319
9.883,10.549,2.4575,-0.06953,23.982,4.4047
10.138,10.542,2.5531,-0.042322,23.931,5.3135
10.396,10.538,2.6755,-0.014906,23.899,6.5172
10.656,10.537,2.7229,0.084651,23.903,6.7667
10.938,10.545,2.7706,0.27877,23.936,6.2178
11.206,10.573,2.7491,0.44803,23.982,5.4049
11.49,10.618,2.5075,0.61481,24.055,3.5227
11.734,10.679,2.1733,0.73899,24.143,1.6124
11.945,10.753,1.7679,0.82898,24.25,0
12.113,10.836,1.2773,0.88078,24.37,0
12.245,10.924,0.81687,0.9029,24.507,0
12.328,11.014,0.57755,0.89034,24.646,0
12.387,11.103,0.38314,0.86201,24.776,0
12.434,11.19,0.27251,0.82921,24.901,0
12.461,11.272,0.2575,0.78548,25.023,0
12.489,11.351,0.30421,0.74688,25.148,0
12.526,11.426,0.29738,0.71716,25.266,0
12.563,11.497,0.29779,0.68982,25.374,0
12.597,11.566,0.25629,0.66284,25.485,0
12.616,11.633,0.19486,0.62891,25.583,0
12.64,11.696,0.11564,0.60077,25.675,0
12.646,11.756,0.019307,0.56343,25.776,0
12.646,11.812,0,0.52205,25.862,0
12.634,11.864,-0.057744,0.48211,25.945,0
12.624,11.912,-0.057068,0.44388,26.01,0
12.617,11.957,-0.033554,0.41,26.084,0
12.62,11.998,0.036032,0.38499,26.14,0
12.618,12.036,0.061721,0.35918,26.204,0
12.634,12.072,0.049063,0.34552,26.267,0
12.633,12.107,0.043651,0.32259,26.32,0
12.633,12.139,0,0.29929,26.371,0
12.632,12.169,-0.040235,0.28256,26.429,0
12.625,12.197,-0.040503,0.26061,26.466,0
12.626,12.223,-0.012111,0.24462,26.512,0
12.621,12.248,0.0045237,0.22657,26.55,0
12.629,12.27,0.0030739,0.21697,26.579,0
12.625,12.292,0.00035563,0.20119,26.615,0
12.623,12.312,0.0031973,0.18762,26.655,0
12.623,12.331,0,0.18125,26.685,0
12.633,12.349,0.047055,0.17053,26.711,0
12.632,12.366,0.069956,0.1599,26.733,0
12.632,12.382,0.11619,0.15005,26.757,0
12.65,12.397,0.11933,0.1516,26.776,0
12.657,12.412,0.030154,0.14645,26.796,0
12.651,12.427,0.035788,0.13363,26.825,0
12.661,12.44,0.030264,0.13183,26.839,0
12.659,12.453,-0.030267,0.12253,26.851,0
12.66,12.466,-0.026117,0.11575,26.873,0
12.661,12.477,0.002454,0.10919,26.884,0
12.661,12.488,0,0.10737,26.902,0
12.667,12.499,-0.086335,0.099443,26.922,0.074459
12.666,12.509,-0.069024,0.092903,26.928,0.037562
12.66,12.518,-0.08957,0.084263,26.946,0.10152
12.654,12.527,-0.083942,0.075372,26.953,0.097801
12.644,12.534,-0.09465,0.064844,26.955,0.13905
12.637,12.541,-0.045328,0.057035,26.973,0.025078
12.637,12.546,-0.13201,0.053317,26.99,0.25585
12.62,12.552,-0.12175,0.040597,27.003,0.2429
12.605,12.556,-0.16798,0.029375,27.008,0.39028
12.593,12.559,-0.16434,0.020561,27.003,0.39005
12.572,12.561,-0.14305,0.0068672,26.996,0.34482
12.572,12.561,0,-0.00026421,26.997,0
12.565,12.561,-0.030076,0.0023379,26.996,0.062338
12.564,12.562,-0.032244,0.0011729,27,0.068808
12.566,12.562,-0.071474,0.0023028,26.991,0.16018
12.566,12.562,0,0.00033779,26.991,0
12.541,12.562,-0.2214,-0.0021566,26.981,0.64058
12.511,12.562,-0.25192,-0.0052403,26.983,0.8145
12.483,12.561,-0.26333,-0.008158,26.982,0.9227
12.483,12.56,0,-0.0098735,26.974,0.14073
12.44,12.559,-0.23782,-0.012393,26.973,0.92729
12.412,12.558,-0.19716,-0.015205,26.97,0.84774
12.402,12.557,-0.19395,-0.016119,26.95,0.85669
12.387,12.555,-0.15839,-0.01752,26.931,0.76812
12.367,12.553,-0.094896,-0.019378,26.918,0.61002
12.348,12.551,-0.019229,-0.021199,26.908,0.4367
12.344,12.549,0.029525,-0.021379,26.883,0.31928
12.35,12.547,0.069158,-0.020547,26.858,0.21497
12.352,12.545,0.091163,-0.020202,26.848,0.16312
12.352,12.543,0,-0.018875,26.828,0.36636
12.363,12.541,0.097862,-0.018668,26.81,0.12287
12.363,12.539,0,-0.017061,26.792,0.33774
12.383,12.538,0.12159,-0.016187,26.773,0.036397
12.404,12.536,0.10998,-0.013849,26.753,0.018858
12.418,12.535,0.071589,-0.012265,26.734,0.064801
12.416,12.533,0.053471,-0.012317,26.728,0.1021
12.427,12.532,0.01532,-0.011082,26.723,0.16211
12.43,12.531,0.017698,-0.010598,26.71,0.14808
12.432,12.53,0.055039,-0.010333,26.704,0.064631
12.434,12.529,0.088338,-0.010013,26.702,0
12.438,12.528,0.047824,-0.0094723,26.692,0.064426
12.45,12.527,0.085139,-0.0081184,26.689,0
12.453,12.526,0.0068075,-0.0077137,26.688,0.12074
12.454,12.525,-0.078512,-0.0075143,26.681,0.32376
12.445,12.525,-0.11937,-0.0084471,26.668,0.45471
12.429,12.524,-0.094604,-0.010042,26.66,0.4164
12.429,12.523,0,-0.01072,26.651,0.17367
12.412,12.522,0.014513,-0.011557,26.641,0.17145
12.421,12.521,0.10696,-0.010531,26.622,0
12.44,12.52,0.1751,-0.0084287,26.61,0
12.457,12.519,0.2163,-0.0064872,26.603,0
12.485,12.518,0.22808,-0.0035014,26.589,0
12.514,12.518,0.24704,-0.00041319,26.589,0
12.529,12.518,0.26017,0.0064288,26.59,0
12.558,12.518,0.25755,0.023342,26.583,0
12.589,12.521,0.23336,0.040194,26.58,0
12.606,12.525,0.1887,0.047529,26.593,0
12.626,12.529,0.11512,0.056566,26.599,0
12.634,12.535,0.084385,0.05774,26.612,0
12.639,12.541,0.099728,0.057585,26.631,0
12.65,12.547,0.1499,0.060662,26.647,0
12.666,12.553,0.20214,0.066449,26.657,0
12.693,12.559,0.25063,0.078116,26.673,0
12.728,12.567,0.21621,0.093745,26.687,0
12.728,12.576,0,0.097248,26.702,0
12.753,12.586,0.12751,0.097402,26.721,0
12.764,12.596,0.064738,0.097959,26.733,0
12.764,12.606,0,0.10123,26.749,0
12.779,12.616,0.032479,0.094761,26.767,0
12.79,12.625,-0.010131,0.095664,26.788,0
12.784,12.635,-0.033722,0.086465,26.796,0
12.778,12.644,-0.054785,0.078159,26.815,0.014643
12.778,12.651,0,0.072062,26.828,0
12.758,12.659,-0.10485,0.057649,26.83,0.17066
12.752,12.664,-0.11883,0.05052,26.849,0.21829
12.752,12.669,0,0.0437,26.857,0
12.738,12.674,-0.146,0.037164,26.866,0.31268
12.725,12.677,-0.14219,0.027592,26.874,0.31432
12.72,12.68,-0.11334,0.022905,26.877,0.24018
12.703,12.683,-0.066902,0.011992,26.883,0.13532
12.699,12.684,-0.023193,0.0089454,26.885,0.037358
12.699,12.685,0,0.0075385,26.887,0
12.707,12.685,0.12506,0.012638,26.893,0
12.724,12.687,0.182,0.021422,26.895,0
12.742,12.689,0.24054,0.030832,26.892,0
12.742,12.692,0,0.043611,26.897,0
12.795,12.696,0.33551,0.057341,26.9,0
12.795,12.702,0,0.075582,26.909,0
12.868,12.71,0.31731,0.091222,26.93,0
12.904,12.719,0.24868,0.10689,26.951,0
12.928,12.729,0.23553,0.11459,26.972,0
12.96,12.741,0.14804,0.12617,26.991,0
12.982,12.753,0.087923,0.13135,27.004,0
12.992,12.767,0.081918,0.1295,27.017,0
12.999,12.779,0.11961,0.12577,27.038,0
13.018,12.792,0.15011,0.1297,27.058,0
13.031,12.805,0.20715,0.1293,27.081,0
13.053,12.818,0.24361,0.13431,27.101,0
13.069,12.831,0.24256,0.13587,27.116,0
13.084,12.845,0.20641,0.13662,27.142,0
13.101,12.859,0.19064,0.13848,27.164,0
13.13,12.873,0.1897,0.14648,27.182,0
13.147,12.887,0.19146,0.14796,27.199,0
13.169,12.902,0.22286,0.15198,27.235,0
13.183,12.917,0.24425,0.15113,27.256,0
13.202,12.932,0.21931,0.15321,27.29,0
13.227,12.948,0.081219,0.15857,27.32,0
13.243,12.963,-0.072973,0.15838,27.339,0
13.229,12.979,-0.15012,0.14125,27.357,0.17393
13.205,12.993,-0.17273,0.11971,27.387,0.27235
13.195,13.005,-0.18001,0.10716,27.401,0.31198
13.17,13.016,-0.10272,0.086998,27.408,0.11565
13.168,13.025,-0.014684,0.080607,27.418,0
13.161,13.033,0.032852,0.071995,27.435,0
13.156,13.04,0.0015079,0.065332,27.444,0
13.149,13.047,-0.014231,0.057862,27.453,0
13.144,13.052,-0.0045804,0.051701,27.473,0
13.15,13.058,0.058307,0.051956,27.482,0
13.157,13.063,0.09496,0.052918,27.487,0
13.169,13.068,0.11211,0.056791,27.497,0
13.185,13.074,0.10226,0.062701,27.511,0
13.197,13.08,0.098299,0.065418,27.526,0
13.208,13.087,0.07903,0.068108,27.539,0
13.214,13.093,0.093736,0.067638,27.553,0
13.214,13.1,0,0.072874,27.564,0
13.246,13.107,0.22138,0.077482,27.584,0
13.265,13.115,0.24282,0.08384,27.594,0
13.293,13.124,0.22517,0.094843,27.607,0
13.324,13.133,0.192,0.10663,27.629,0
13.35,13.144,0.16762,0.11531,27.655,0
13.357,13.155,0.1263,0.11264,27.678,0
13.364,13.166,0.06626,0.11032,27.689,0
13.369,13.177,-0.03931,0.10651,27.7,0
13.369,13.188,-0.15797,0.10091,27.727,0.24763
13.363,13.198,-0.2577,0.091552,27.746,0.58666
13.332,13.207,-0.32858,0.069624,27.769,0.88243
13.299,13.214,-0.34962,0.046943,27.778,0.99743
13.271,13.219,-0.33172,0.02862,27.786,0.95088
13.244,13.222,-0.32083,0.012021,27.793,0.93127
13.203,13.223,-0.34672,-0.0020912,27.785,1.1002
13.169,13.223,-0.38004,-0.0056774,27.779,1.3278
13.138,13.222,-0.41798,-0.0088166,27.763,1.5771
13.092,13.221,-0.42891,-0.013579,27.749,1.7526
13.056,13.22,-0.38043,-0.017204,27.744,1.6209
13.012,13.218,-0.29109,-0.02166,27.727,1.3462
12.978,13.216,-0.13947,-0.025044,27.704,0.86439
12.961,13.214,0.016518,-0.026587,27.682,0.44413
12.959,13.211,0.10294,-0.026561,27.648,0.24535
12.959,13.208,0.12069,-0.026262,27.627,0.2038
12.969,13.206,0.14062,-0.024972,27.594,0.14319
12.977,13.203,0.13676,-0.023954,27.572,0.13314
12.977,13.201,0,-0.021827,27.549,0.43296
13.016,13.199,0.22269,-0.01933,27.533,0
13.03,13.197,0.24938,-0.017706,27.524,0
13.056,13.195,0.20922,-0.014744,27.516,0
13.075,13.193,0.099305,-0.012578,27.498,0.015229
13.086,13.192,-0.065094,-0.011313,27.494,0.35993
13.073,13.191,-0.20315,-0.012543,27.475,0.80171
13.057,13.19,-0.2504,-0.014085,27.456,1.0036
13.028,13.188,-0.22287,-0.017096,27.449,0.97049
13.009,13.187,-0.1588,-0.018866,27.438,0.78834
12.988,13.185,-0.081649,-0.020915,27.421,0.59196
12.988,13.183,-0.019158,-0.020749,27.41,0.41773
12.988,13.181,0,-0.019895,27.39,0.36692
12.983,13.179,-0.061004,-0.020836,27.379,0.53075
12.977,13.177,-0.0751,-0.0213,27.36,0.57927
12.968,13.174,-0.11655,-0.022079,27.341,0.71821
12.968,13.172,0,-0.023951,27.32,0.38284
12.944,13.17,-0.13394,-0.024259,27.29,0.81698
12.924,13.167,-0.14275,-0.02618,27.26,0.88518
12.918,13.165,-0.14112,-0.026496,27.229,0.88537
12.911,13.162,-0.16215,-0.027025,27.204,0.9667
12.898,13.159,-0.18744,-0.028141,27.177,1.0788
12.876,13.157,-0.2587,-0.030358,27.146,1.3994
12.844,13.154,-0.31225,-0.03343,27.126,1.6976
12.808,13.15,-0.37928,-0.037045,27.088,2.0968
12.762,13.147,-0.42216,-0.041791,27.051,2.4348
12.725,13.142,-0.51352,-0.045404,27.009,3.0378
12.674,13.138,-0.54404,-0.050593,26.959,3.3656
12.619,13.133,-0.56711,-0.056155,26.916,3.6692
12.567,13.127,-0.63038,-0.061384,26.871,4.2447
12.494,13.121,-0.71348,-0.068851,26.816,5.0803
12.494,13.114,0,-0.077189,26.753,1.2301
12.342,13.106,-0.74282,-0.084585,26.683,5.8061
12.342,13.098,0,-0.091431,26.607,1.5407
12.206,13.089,-0.71649,-0.098592,26.507,6.0182
12.14,13.079,-0.63368,-0.10541,26.408,5.5606
12.08,13.068,-0.55432,-0.11155,26.311,5.1398
12.015,13.057,-0.50421,-0.11825,26.215,4.9641
11.958,13.045,-0.47769,-0.12408,26.114,4.9289
11.907,13.033,-0.52221,-0.12918,26.011,5.3662
11.862,13.02,-0.55303,-0.13374,25.888,5.6962
11.811,13.007,-0.57085,-0.13903,25.765,5.9562
11.758,12.993,-0.60258,-0.14458,25.637,6.3345
11.7,12.978,-0.66157,-0.15065,25.516,6.9669
11.644,12.963,-0.66862,-0.15671,25.382,7.172
11.567,12.948,-0.67547,-0.16516,25.247,7.448
11.509,12.931,-0.70735,-0.17145,25.107,7.8755
11.448,12.914,-0.7224,-0.17832,24.956,8.1697
11.366,12.896,-0.75472,-0.18772,24.802,8.7049
11.294,12.877,-0.82613,-0.19598,24.647,9.6027
11.22,12.858,-0.883,-0.20438,24.494,10.397
11.123,12.837,-0.88682,-0.21614,24.319,10.736
11.03,12.816,-0.8864,-0.22727,24.153,11.008
11.03,12.793,0,-0.23829,23.976,3.973
10.845,12.769,-0.81352,-0.25012,23.79,10.751
10.764,12.744,-0.79886,-0.26062,23.585,10.798
10.69,12.718,-0.83824,-0.26987,23.392,11.383
10.608,12.691,-0.8919,-0.28081,23.178,12.173
10.527,12.663,-0.95989,-0.29147,22.973,13.154
10.439,12.634,-0.99962,-0.30357,22.754,13.854
10.333,12.604,-1.0472,-0.31837,22.533,14.742
10.333,12.572,0,-0.33409,22.307,5.1358
10.115,12.538,-1.2469,-0.34963,22.066,18.09
9.9994,12.503,-1.3049,-0.36717,21.813,19.285
9.8747,12.467,-1.433,-0.3865,21.551,21.705
9.735,12.428,-1.4959,-0.40861,21.282,23.205
9.5841,12.387,-1.5856,-0.43318,21.001,25.287
9.425,12.344,-1.7559,-0.45934,20.724,29.142
9.2484,12.298,-1.9105,-0.48954,20.426,33.08
9.0494,12.249,-2.0336,-0.52454,20.114,36.665
8.8547,12.196,-2.1694,-0.56045,19.784,40.757
8.6456,12.14,-2.2886,-0.60067,19.433,44.691
8.4103,12.08,-2.3786,-0.64711,19.072,48.066
8.1736,12.016,-2.4949,-0.69602,18.696,52.374
7.9279,11.946,-2.5465,-0.74905,18.305,54.711
7.6701,11.871,-2.6427,-0.80729,17.897,58.628
7.4117,11.79,-2.6636,-0.86983,17.463,59.888
7.4117,11.703,0,-0.93736,17.029,9.5334
7.4117,11.61,0,-1.0099,16.605,8.7081
6.6232,11.509,-2.4901,-1.0825,16.088,55
6.3796,11.4,-2.4929,-1.1584,15.601,55.09
6.135,11.285,-2.5381,-1.2416,15.089,56.421
5.8748,11.16,-2.5661,-1.3334,14.575,57.142
5.6103,11.027,-2.6133,-1.4331,14.05,58.389
5.349,10.884,-2.6227,-1.5423,13.499,22.665
5.0773,10.73,-2.5359,-1.6616,12.946,21.8
4.8305,10.563,-2.3224,-1.7867,12.369,46.669
4.8305,10.385,0,-1.9161,11.805,8.7169
4.38,10.193,-1.9204,-2.049,11.215,33.431
4.1859,9.9882,-1.7558,-2.1817,10.642,28.224
4.0128,9.77,-1.5943,-2.3169,10.066,23.343
4.0128,9.5384,0,-5.2,9.5021,16.85
4.0128,9.0184,0,-5.2,8.9755,15.784
3.585,8.4984,-0.92485,-5.2,8.4308,4.6735
3.497,7.9784,-0.66924,-5.2,7.969,4.7869
3.4288,7.4584,-0.43694,-5.2,7.5479,4.9489
3.3929,6.9384,-0.32494,-5.2,7.1681,4.4944
3.3673,6.4184,-0.29179,-5.2,6.8313,3.541
3.3673,5.8984,0,-8.8,6.5522,0
3.3182,5.0184,-0.2581,-8.8,6.341,0
3.2921,4.1384,-0.20672,-8.8,6.2072,0
3.2709,3.2584,-0.12261,-8.8,6.1651,0
3.259,2.3784,-0.03413,2.2611,6.2038,9.3623
3.2546,2.6045,0.033503,-8.8,6.2833,0
3.2587,1.7245,0.0716,4.9,6.3968,29.189
3.2714,2.2145,0.077753,3.1991,6.5275,15.214
3.2698,2.5344,0.088303,1.7993,6.6207,5.5781
3.2749,2.7143,0.097872,1.2338,6.6853,2.774
3.2843,2.8377,0.13811,0.91909,6.7382,1.4071
3.2899,2.9296,0.17494,0.70638,6.7739,0.65708
3.3071,3.0002,0.19095,0.58057,6.8059,0.31863
3.3071,3.0583,0,0.49054,6.8337,0.8389
3.3475,3.1073,0.21326,0.43088,6.8503,0
3.3655,3.1504,0.22305,0.37861,6.8796,0
3.3831,3.1883,0.23402,0.33689,6.8974,0
3.4006,3.222,0.25798,0.30411,6.9121,0
3.4006,3.2524,0,0.27873,6.9284,0.38467
3.4374,3.2803,0.29944,0.26074,6.9447,0
3.4374,3.3063,0,0.27972,6.9591,0.43123
3.4374,3.3343,0,0.28726,6.9708,0.52692
3.5418,3.363,0.31514,0.28639,6.9938,0
3.5418,3.3917,0,0.27848,7.0103,0.37898
3.5912,3.4195,0.29473,0.26897,7.0403,0
3.6143,3.4464,0.25041,0.2602,7.0569,0
3.6143,3.4724,0,0.25826,7.0723,0.33838
3.6669,3.4983,0.19687,0.25597,7.0912,0
3.6879,3.5239,0.17494,0.24672,7.1134,0
3.6969,3.5485,0.17117,0.22113,7.1355,0
3.7125,3.5706,0.15909,0.20949,7.1429,0
3.7125,3.5916,0,0.19823,7.156,0.21609
3.7412,3.6114,0.16735,0.18879,7.1756,0
3.7603,3.6303,0.12935,0.18778,7.1902,0
3.7693,3.6491,0.10496,0.17253,7.2052,0
3.7693,3.6663,0,0.15878,7.2164,0.15156
3.7857,3.6822,0.12204,0.14688,7.2333,0
3.7965,3.6969,0.086883,0.1405,7.2406,0
3.8133,3.7109,0.091449,0.14363,7.2477,0
3.8229,3.7253,0.065395,0.13628,7.2606,0
3.8272,3.7389,0.057491,0.1226,7.2702,0
3.833,3.7512,0.046579,0.11313,7.2749,0
3.8381,3.7625,0.054141,0.10412,7.2859,0
3.8374,3.7729,0.046272,0.088578,7.2981,0
3.8493,3.7818,0.040766,0.092295,7.2948,0
3.8497,3.791,0.027119,0.080025,7.3015,0
3.8485,3.799,-0.015128,0.067116,7.2971,0.079876
3.8485,3.8057,0,0.058016,7.3017,0.037728
3.8493,3.8115,-0.032077,0.050915,7.2957,0.10752
3.8557,3.8166,-0.027097,0.052552,7.2891,0.096504
3.8507,3.8219,-0.05462,0.038702,7.2967,0.15292
3.8401,3.8257,-0.051899,0.019331,7.3064,0.1306
3.8298,3.8277,-0.069359,0.0028366,7.2999,0.16026
3.8141,3.828,-0.099746,-0.0034456,7.2982,0.25793
3.8105,3.8276,-0.082083,-0.0042545,7.2902,0.21748
3.8062,3.8272,-0.079541,-0.0052423,7.285,0.21744
3.7923,3.8267,-0.067082,-0.0085531,7.2887,0.20777
3.7815,3.8258,-0.088182,-0.011065,7.2753,0.27769
3.7727,3.8247,-0.068392,-0.013026,7.265,0.23958
3.7727,3.8234,0,-0.013246,7.2598,0.076502
3.764,3.8221,-0.076587,-0.014615,7.242,0.27012
3.7503,3.8206,-0.13119,-0.017714,7.2295,0.43849
3.7296,3.8188,-0.162,-0.022502,7.2266,0.5624
3.721,3.8166,-0.2576,-0.024092,7.2238,0.89195
3.6872,3.8142,-0.39173,-0.032096,7.2097,1.4915
3.6872,3.811,0,-0.040234,7.1972,0.17022
3.6006,3.8069,-0.63238,-0.052273,7.1902,2.931
3.5422,3.8017,-0.70631,-0.066082,7.1624,3.5309
3.4765,3.7951,-0.71677,-0.081358,7.1419,3.7449
3.4082,3.787,-0.7342,-0.097261,7.1071,4.0111
3.3278,3.7773,-0.71753,-0.11617,7.0676,4.0637
3.2473,3.7656,-0.66246,-0.13502,7.0197,3.8466
3.1717,3.7521,-0.61987,-0.1523,6.9727,3.707
3.1037,3.7369,-0.62019,-0.16793,6.9089,3.8223
3.0396,3.7201,-0.64198,-8.8,6.8472,0
2.9714,2.8401,-0.64791,0.27293,6.8277,3.6396
2.9714,2.8674,0,0.073891,6.8395,0
2.8379,2.8748,-0.68943,-0.0075073,6.8307,2.8981
2.7611,2.874,-0.70917,-0.02303,6.8246,3.2297
2.698,2.8717,-0.69063,-0.035448,6.8166,3.272
2.6274,2.8682,-0.69581,-0.049255,6.8009,3.4874
2.5494,2.8633,-0.74583,-0.064465,6.7764,4.0346
2.5494,2.8568,0,-0.080395,6.7453,0.47326
2.5494,2.8488,0,-0.097581,6.715,0.41451
2.284,2.839,-0.92067,-0.11659,6.6474,6.1343
2.284,2.8274,0,-0.13671,6.5924,0.86696
2.0971,2.8137,-0.94752,-0.15399,6.5182,6.8586
1.9996,2.7983,-0.96335,-0.17415,6.4377,7.247
1.9103,2.7809,-0.9522,-8.8,6.3495,0
1.8235,1.9009,-0.98882,-0.011485,6.3083,3.2653
1.7157,1.8997,-1.0325,-0.02747,6.2869,3.4883
1.6151,1.897,-1.0555,-0.042343,6.2564,3.663
1.5129,1.8927,-1.0256,-0.057309,6.2307,3.746
1.4092,1.887,-1.0102,-0.072606,6.1915,3.851
1.3168,1.8798,-0.97774,-0.086298,6.1429,3.9054
1.2154,1.8711,-0.95591,-0.10193,6.0731,3.985
1.1203,1.8609,-0.91889,-0.1169,5.9959,4.0232
1.0237,1.8492,-0.87581,-8.8,5.9102,0
0.94332,0.96924,-0.839,-0.0020931,5.8725,2.1237
0.94332,0.96903,0,-0.0094858,5.8699,0.032804
0.76358,0.96809,-0.73695,-0.016579,5.8538,2.2402
0.76358,0.96643,0,-0.021865,5.8334,0.38462
0.63317,0.96424,-0.5885,-0.027079,5.8072,2.1722
0.57531,0.96153,-0.48149,-0.031738,5.78,2.0605
0.52173,0.95836,-0.38835,-0.036097,5.7465,1.9676
0.47814,0.95475,-0.30371,-0.039823,5.6956,1.8726
0.44719,0.95077,-0.21183,-0.042537,5.6427,1.8183
0.42794,0.94651,-0.16384,-0.044279,5.5895,1.6579
0.42125,0.94209,-0.13854,-0.044974,5.5346,1.5623
0.39974,0.93759,-0.13072,-0.046869,5.4868,1.5736
0.3941,0.9329,-0.118,-8.8,5.4389,0
0.37713,0.052902,-0.20788,-0.20788,5.4256,0
