6.1111,6.1111,0.36292,0,35.5,0
6.1464,6.1111,0.27055,6.7,35.496,55.577
6.1699,6.7811,0.55,6.7,35.469,54.914
6.1699,7.4511,0,6.7,35.374,69.737
6.2915,8.1211,0.72824,6.7,35.21,59.835
6.3551,8.7911,0.74261,6.7,35.005,63.594
6.3551,9.4611,0,6.7,34.728,82.565
6.4949,10.131,0.33497,6.7,34.401,79.435
6.5355,10.801,0.071611,-0.25679,33.997,13.588
6.5356,10.775,-0.18514,-0.25999,33.567,15.939
6.5087,10.749,-0.44424,-0.2648,33.148,18.805
6.4683,10.723,-0.61395,-0.27068,32.722,20.958
6.4038,10.696,-0.72973,-0.27842,32.285,22.668
6.3382,10.668,-0.83174,-0.28641,31.851,24.276
6.2593,10.639,-0.85692,-0.29547,31.419,24.863
6.1656,10.61,-0.88745,-0.30592,30.98,25.61
6.0818,10.579,-0.92693,-0.31628,30.523,26.441
5.9808,10.548,-0.99257,-0.32815,30.068,27.793
5.8771,10.515,-1.0457,-0.34053,29.616,28.983
5.7744,10.481,-1.0611,-0.35356,29.147,29.54
5.6677,10.445,-1.0602,-0.36763,28.663,29.83
5.6677,10.409,0,-0.38142,28.187,15.587
5.4553,10.371,-1.0926,-0.39696,27.704,30.95
5.3409,10.331,-1.1297,-0.41352,27.206,31.901
5.3409,10.289,0,-0.43119,26.709,16.215
5.3409,10.246,0,-0.44989,26.216,15.85
4.9842,10.201,-1.2136,-0.46922,25.677,34.286
4.8651,10.154,-1.2133,-0.48992,25.147,34.525
4.7393,10.105,-1.1419,-0.51254,24.605,33.476
4.6279,10.054,-0.99811,-0.53439,24.072,31.127
4.5273,10.001,-0.83629,-0.55673,23.524,28.562
4.4352,9.9451,-0.60909,-0.57881,22.984,25.196
4.3674,9.8872,-0.27396,-0.59948,22.439,20.733
4.3342,9.8272,0.15073,-0.6176,21.886,15.943
4.3548,9.7655,0.54852,-0.6296,21.347,12.163
4.4018,9.7025,0.89046,-0.63845,20.817,9.457
4.4886,9.6387,1.1068,-0.64269,20.286,7.8094
4.5968,9.5744,1.2672,-0.64273,19.784,6.6167
4.5968,9.5101,0,-0.63796,19.29,14.411
4.8635,9.4463,1.4971,-0.63293,18.827,4.9368
5.005,9.383,1.7987,-0.6244,18.383,4.0121
5.1846,9.3206,2.1716,-0.60834,17.964,3.5198
5.1846,9.2598,0,-0.58339,17.554,10.959
5.6665,9.2014,3.0761,-0.55092,17.199,4.8068
5.981,9.1463,3.4706,-0.5061,16.868,6.4285
6.3246,9.0957,3.8345,-0.45318,16.579,8.5497
6.7004,9.0504,4.086,-0.39223,16.321,10.612
7.1089,9.0112,4.2574,-0.32278,16.114,12.574
7.5313,8.9789,4.3696,-0.24871,15.955,14.403
7.9684,8.954,4.2933,-0.17081,15.842,15.097
8.3999,8.937,3.8297,-0.093605,15.769,13.043
8.7841,8.9276,3.4182,-0.025078,15.734,11.22
9.1333,8.9251,3.3523,0.13446,15.735,10.549
9.4599,8.9385,3.2027,0.33651,15.768,8.7304
9.7839,8.9722,3.0315,0.52267,15.839,6.9442
10.094,9.0245,3.0374,0.6862,15.938,6.3674
10.39,9.0931,2.8886,0.82696,16.063,5.0249
10.676,9.1758,2.2101,0.94917,16.2,1.349
10.898,9.2707,1.6252,1.0213,16.364,0
11.061,9.3728,1.171,1.0495,16.527,0
11.179,9.4778,0.78109,1.0473,16.692,0
11.179,9.5825,0,1.0216,16.857,0
11.302,9.6847,0.074926,0.97748,17.027,0
11.315,9.7824,-0.2591,0.91884,17.185,0
11.293,9.8743,-0.49888,0.84365,17.341,1.0365
11.241,9.9587,-0.7,0.7575,17.484,2.3458
11.165,10.034,-1.0097,0.66377,17.613,4.9017
11.073,10.101,-1.2671,0.5677,17.714,7.62
10.942,10.158,-1.4481,0.45553,17.801,9.9103
10.8,10.203,-1.5995,0.3452,17.876,12.098
10.633,10.238,-1.7134,0.228,17.93,13.923
10.633,10.26,0,0.11232,17.968,0
10.297,10.272,-1.348,0.014839,17.974,8.7227
10.155,10.273,-1.1642,-0.019326,17.964,7.1181
10.044,10.271,-1.0727,-0.03711,17.951,6.5927
9.9282,10.268,-1.102,-0.055591,17.927,7.2968
9.8248,10.262,-1.0977,-0.071786,17.897,7.6146
9.7085,10.255,-1.0589,-0.090112,17.839,7.6164
9.5992,10.246,-1.0485,-0.10722,17.771,7.8753
9.4959,10.235,-1.1602,-0.12331,17.695,9.4298
9.3714,10.223,-1.2659,-0.14301,17.607,11.136
9.2375,10.208,-1.5129,-0.16416,17.522,15.097
9.083,10.192,-1.9267,-0.18919,17.409,23.257
8.8916,10.173,-2.1565,-0.22081,17.283,29.406
8.6736,10.151,-2.2837,-0.25713,17.154,33.739
8.4408,10.125,-2.4762,-0.29705,16.99,40.456
8.1984,10.096,-2.3421,-0.33967,16.802,37.482
7.9592,10.062,-2.2677,-0.3825,16.603,36.38
7.7265,10.023,-2.4555,-0.42536,16.384,42.806
7.4795,9.9808,-2.605,-0.47229,16.148,48.647
7.4795,9.9336,0,-0.52354,15.9,4.9308
6.9674,9.8812,-2.6912,-0.57578,15.606,53.482
6.7011,9.8237,-2.7356,-0.63311,15.306,55.952
6.4271,9.7603,-2.467,-0.69585,14.974,47.502
6.1832,9.6908,-2.1619,-0.75426,14.639,39.205
5.9643,9.6153,-1.8318,-0.81017,14.289,31.59
5.7869,9.5343,-1.3885,-0.86048,13.919,23.147
5.7869,9.4483,0,-0.90222,13.549,7.2672
5.5634,9.358,-0.56391,-0.93663,13.161,12.001
5.5112,9.2644,-0.18003,-0.96198,12.779,8.4521
5.488,9.1682,0.1709,-0.98007,12.401,5.9964
5.5092,9.0702,0.51113,-0.98482,12.036,4.2744
5.5506,8.9717,0.77454,-0.98107,11.69,3.3391
5.6327,8.8736,1.1925,-0.96447,11.349,2.7405
5.7518,8.7771,1.6075,-0.9307,11.043,2.9246
5.9061,8.6841,2.0681,-0.88198,10.759,3.9326
6.1197,8.5959,2.4673,-0.81027,10.493,5.408
6.3753,8.5148,2.851,-0.71846,10.266,7.2988
6.6567,8.443,3.0377,-0.61335,10.073,8.4661
6.9514,8.3817,2.9678,-0.50112,9.9028,8.2419
7.2482,8.3315,2.6588,-0.38557,9.7708,6.6504
7.521,8.293,2.3013,-0.27784,9.6753,4.8673
7.7466,8.2652,1.8941,-0.18793,9.6138,3.0285
7.9409,8.2464,1.5057,-0.11118,9.5758,1.5402
8.0872,8.2353,1.3171,-0.05402,9.5532,0.89652
8.0872,8.2299,0,-0.0065472,9.5387,0.28864
8.3369,8.2292,1.2742,0.051038,9.5467,0.59141
8.4703,8.2343,1.3528,0.11199,9.5718,0.69037
8.6036,8.2455,1.4933,0.17,9.5982,1.0152
8.6036,8.2625,0,0.23414,9.6332,0
8.9083,8.286,1.451,0.2959,9.7024,0.61913
9.0568,8.3155,1.4181,0.35244,9.7676,0.39827
9.2046,8.3508,1.4306,0.40577,9.8399,0.32983
9.3504,8.3914,1.3371,0.45576,9.9293,0
9.4776,8.4369,1.38,0.49485,10.038,0
9.6146,8.4864,1.6154,0.53671,10.154,0.69993
9.7685,8.5401,1.7865,0.58437,10.274,1.2707
9.9484,8.5985,1.9677,0.6416,10.396,1.9392
10.146,8.6627,2.1799,0.70556,10.548,2.8159
10.356,8.7333,2.2657,0.77078,10.694,3.1262
10.59,8.8103,2.2692,0.84398,10.856,3.0081
10.81,8.8947,2.3001,0.90791,11.048,3.046
11.048,8.9855,2.2214,0.97729,11.251,2.5114
11.269,9.0832,2.0711,1.0345,11.47,1.6643
11.474,9.1867,1.9018,1.0816,11.702,0.79757
11.666,9.2949,1.6011,1.1192,11.937,0
11.818,9.4068,1.1464,1.1352,12.175,0
11.818,9.5203,0,1.1343,12.411,0
11.994,9.6337,0.11946,1.1053,12.657,0
12.009,9.7443,-0.31512,1.0574,12.887,0
11.975,9.85,-0.52239,0.98928,13.108,0
11.925,9.9489,-0.70253,0.91731,13.308,0.59123
11.857,10.041,-0.69443,0.84088,13.503,0.71627
11.788,10.125,-0.66607,0.76786,13.67,0.7115
11.722,10.202,-0.67082,0.69992,13.825,0.89714
11.649,10.272,-0.59636,0.63327,13.975,0.63556
11.599,10.335,-0.42701,0.57989,14.101,0
11.547,10.393,-0.11312,0.52844,14.223,0
11.541,10.446,0.22389,0.50049,14.336,0
11.559,10.496,0.69491,0.48556,14.452,0
11.627,10.544,1.0687,0.49378,14.556,0
11.627,10.594,0,0.5216,14.662,0
11.869,10.646,1.4123,0.55702,14.787,0.024201
11.869,10.702,0,0.59918,14.907,0
11.869,10.761,0,0.63071,15.02,0
12.251,10.825,0.68141,0.64649,15.183,0
12.323,10.889,0.25325,0.64914,15.334,0
12.352,10.954,0.14357,0.63167,15.476,0
12.374,11.017,0.073858,0.61245,15.618,0
12.382,11.079,0.10876,0.58776,15.76,0
12.389,11.137,0.19103,0.56361,15.891,0
12.402,11.194,0.3096,0.54322,16.025,0
12.423,11.248,0.21194,0.52784,16.153,0
12.436,11.301,0.12257,0.50951,16.27,0
12.456,11.352,0.0037125,0.49457,16.377,0
12.448,11.401,-0.036108,0.46822,16.485,0
12.445,11.448,-0.033783,0.44554,16.591,0
12.434,11.493,0.034689,0.42009,16.696,0
12.429,11.535,0.10448,0.39891,16.785,0
12.445,11.574,0.14004,0.38743,16.868,0
12.452,11.613,0.20415,0.37317,16.963,0
12.475,11.65,0.29036,0.36638,17.048,0
12.475,11.687,0,0.36106,17.128,0
12.538,11.723,0.48256,0.36162,17.213,0
12.581,11.759,0.61605,0.36435,17.293,0
12.581,11.796,0,0.37625,17.373,0
12.711,11.833,0.77103,0.38818,17.466,0
12.783,11.872,0.79453,0.40294,17.564,0
12.859,11.913,0.93851,0.41805,17.649,0
12.954,11.954,1.0424,0.44099,17.737,0
13.054,11.998,1.137,0.46507,17.848,0
13.054,12.045,0,0.49073,17.951,0
13.291,12.094,1.278,0.52636,18.068,0
13.414,12.147,1.3048,0.55657,18.191,0
13.414,12.202,0,0.58936,18.315,0
13.677,12.261,1.3667,0.62017,18.465,0
13.814,12.323,1.4174,0.65194,18.604,0
13.951,12.388,1.4513,0.68235,18.75,0.0030979
13.951,12.457,0,0.71229,18.902,0
14.238,12.528,1.4491,0.74426,19.08,0
14.384,12.602,1.3843,0.77404,19.25,0
14.522,12.68,1.3412,0.79878,19.431,0
14.522,12.76,0,0.82169,19.611,0
14.79,12.842,1.1729,0.8414,19.816,0
14.903,12.926,1.0288,0.85203,20.017,0
14.997,13.011,0.93927,0.85433,20.225,0
15.088,13.097,0.63518,0.85502,20.424,0
15.148,13.182,0.68933,0.84247,20.628,0
15.217,13.266,0.61997,0.83386,20.82,0
15.217,13.35,0,0.82198,21.011,0
15.217,13.432,0,0.81218,21.193,0
15.394,13.513,0.71716,0.79855,21.386,0
15.47,13.593,0.46742,0.79487,21.569,0
15.517,13.672,0.30968,0.77934,21.751,0
15.55,13.75,0.22787,0.75879,21.926,0
15.576,13.826,0.092611,0.73611,22.094,0
15.591,13.9,-0.030747,0.71022,22.274,0
15.585,13.971,-0.047782,0.6767,22.442,0
15.582,14.039,-0.15111,0.64558,22.594,0
15.573,14.103,-0.45106,0.61367,22.737,0
15.531,14.165,-0.68727,0.56952,22.875,0.85158
15.465,14.221,-0.89672,0.51731,23.004,2.3939
15.376,14.273,-1.175,0.45783,23.113,5.0018
15.267,14.319,-1.353,0.39314,23.219,7.1811
15.137,14.358,-1.373,0.32243,23.302,7.702
15.007,14.391,-1.4067,0.25489,23.379,8.3935
14.868,14.416,-1.3833,0.18687,23.431,8.3831
14.738,14.435,-1.3189,0.12526,23.462,7.8638
14.601,14.447,-1.2542,0.063317,23.491,7.3815
14.483,14.454,-1.2018,0.011988,23.503,7.0209
14.483,14.455,0,-0.012505,23.506,0
14.252,14.454,-1.2196,-0.030496,23.498,8.0508
14.134,14.45,-1.2378,-0.04807,23.464,8.7175
14.001,14.446,-1.2703,-0.067781,23.426,9.6235
13.879,14.439,-1.2916,-0.085559,23.379,10.36
13.74,14.43,-1.2546,-0.10593,23.308,10.441
13.617,14.42,-1.2727,-0.1237,23.24,11.133
13.497,14.407,-1.2195,-0.14084,23.162,10.908
13.378,14.393,-1.1558,-0.15821,23.06,10.563
13.257,14.377,-1.2359,-0.17548,22.961,11.971
13.142,14.36,-1.2022,-0.19219,22.844,11.939
13.015,14.341,-1.1943,-0.21083,22.714,12.27
13.015,14.32,0,-0.22905,22.582,2.5774
12.763,14.297,-1.2878,-0.2483,22.431,14.356
12.636,14.272,-1.1133,-0.26727,22.279,12.474
12.521,14.245,-1.0525,-0.28455,22.116,12.064
12.42,14.217,-0.89354,-0.29956,21.946,10.522
12.323,14.187,-0.54015,-0.31437,21.762,7.424
12.278,14.155,-0.24551,-0.32054,21.573,5.3307
12.254,14.123,0.026945,-0.32298,21.385,3.8001
12.251,14.091,0.2988,-0.32166,21.206,2.6337
12.274,14.059,0.47106,-0.31557,21.031,2.0218
12.328,14.027,0.55268,-0.30362,20.864,1.6859
12.378,13.997,0.62088,-0.29251,20.693,1.4313
12.449,13.968,0.6689,-0.27722,20.535,1.2124
12.51,13.94,0.80617,-0.26355,20.388,0.96759
12.601,13.914,0.85901,-0.24416,20.255,0.81291
12.693,13.889,0.79962,-0.22441,20.124,0.70454
12.764,13.867,0.71365,-0.20865,20.003,0.63599
12.843,13.846,0.60784,-0.19111,19.898,0.58495
12.895,13.827,0.39611,-0.17859,19.806,0.73474
12.936,13.809,0.19875,-0.16828,19.718,1.0257
12.951,13.792,-0.017329,-0.16326,19.623,1.5851
12.958,13.776,-0.19516,-0.15952,19.544,2.217
12.93,13.76,-0.42977,-0.16292,19.462,3.4219
12.89,13.743,-0.5844,-0.16856,19.37,4.4475
12.832,13.727,-0.71488,-0.17785,19.283,5.5123
12.832,13.709,0,-0.19113,19.194,1.5304
12.683,13.69,-0.82927,-0.20284,19.091,6.7862
12.609,13.669,-0.86761,-0.21514,18.992,7.2903
12.527,13.648,-0.93561,-0.22913,18.888,8.1208
12.44,13.625,-0.952,-0.24426,18.769,8.4781
12.348,13.601,-1.0277,-0.26061,18.648,9.4765
12.236,13.575,-0.95507,-0.28097,18.517,8.9784
12.134,13.546,-0.96122,-0.29933,18.386,9.265
12.034,13.516,-0.95987,-0.31747,18.247,9.4586
11.943,13.485,-0.95915,-0.33417,18.089,9.616
11.839,13.451,-0.94093,-0.3533,17.938,9.6249
11.839,13.416,0,-0.37147,17.779,2.8203
11.638,13.379,-0.95798,-0.39092,17.608,10.145
11.552,13.34,-0.99772,-0.40672,17.437,10.685
11.454,13.299,-1.0242,-0.42612,17.249,11.118
11.352,13.256,-0.9889,-0.44611,17.065,10.864
11.248,13.212,-0.91452,-0.46663,16.877,10.194
11.158,13.165,-0.82411,-0.48493,16.672,9.3521
11.081,13.117,-0.63326,-0.50014,16.463,7.6504
11.011,13.067,-0.4262,-0.51386,16.25,6.0723
10.966,13.015,-0.038607,-0.52126,16.04,3.8033
10.968,12.963,0.36647,-0.51534,15.847,2.2552
11.002,12.912,0.77996,-0.50171,15.645,1.4748
11.072,12.861,1.2099,-0.47708,15.468,1.4226
11.184,12.814,1.7135,-0.44106,15.291,2.2366
11.36,12.77,2.0566,-0.38619,15.143,3.2755
11.569,12.731,2.4108,-0.32194,15.01,4.7722
11.809,12.699,2.7918,-0.24868,14.904,6.8155
12.084,12.674,3.212,-0.16597,14.827,9.5283
12.411,12.657,3.5616,-0.069446,14.786,12.242
12.411,12.65,0,0.041477,14.762,0.63826
13.157,12.655,4.017,0.17162,14.803,16.391
13.568,12.672,4.1153,0.30666,14.874,17.563
13.982,12.702,4.0822,0.43892,14.988,17.691
14.395,12.746,3.9211,0.56711,15.135,16.753
14.795,12.803,3.6448,0.68777,15.321,14.845
15.154,12.872,3.2802,0.7909,15.544,12.212
15.154,12.951,0,0.88373,15.768,0
15.775,13.039,2.5057,0.95467,16.048,6.8216
16.02,13.135,2.2017,1.01,16.325,4.8502
16.231,13.236,1.9884,1.0514,16.612,3.5318
16.425,13.341,1.8044,1.0855,16.915,2.4406
16.613,13.449,1.6306,1.117,17.233,1.4551
16.781,13.561,1.4112,1.1396,17.553,0.30061
16.781,13.675,0,1.1514,17.869,0
17.046,13.79,0.92612,1.157,18.192,0
17.138,13.906,0.6658,1.1506,18.519,0
17.205,14.021,0.44932,1.1352,18.84,0
17.253,14.134,0.30243,1.1134,19.155,0
17.279,14.246,0.22955,1.0846,19.473,0
17.295,14.354,0.21236,1.0522,19.768,0
17.326,14.46,0.27344,1.0262,20.053,0
17.326,14.562,0,0.99701,20.335,0
17.384,14.662,0.48037,0.97589,20.613,0
17.425,14.759,0.50713,0.95583,20.874,0
17.474,14.855,0.50222,0.93925,21.137,0
17.518,14.949,0.49932,0.92199,21.404,0
17.563,15.041,0.60524,0.90503,21.65,0
17.615,15.132,0.75101,0.89151,21.904,0
17.695,15.221,0.93609,0.88879,22.16,0
17.793,15.31,1.0897,0.8917,22.4,0
17.899,15.399,1.2232,0.89764,22.64,0
17.899,15.489,0,0.9086,22.886,0
18.143,15.579,1.3004,0.92031,23.136,0
18.278,15.671,1.3307,0.93581,23.395,0
18.411,15.765,1.3995,0.9499,23.66,0.20067
18.56,15.86,1.5196,0.96958,23.936,0.75206
18.705,15.957,1.6675,0.98728,24.216,1.4882
18.869,16.056,1.8611,1.0102,24.49,2.5392
19.052,16.157,2.0898,1.0396,24.779,3.8925
19.259,16.261,2.3908,1.0763,25.069,5.8496
19.489,16.368,5.4528,1.1201,25.381,31.886
20.034,16.48,7.6747,1.2761,25.715,55.692
20.034,16.608,0,1.505,26.064,0
21.585,16.758,7.5489,1.7331,26.54,57.033
22.331,16.932,7.4341,1.9389,27.055,57.043
22.331,17.126,0,2.135,27.585,0
23.526,17.339,2.2377,2.2161,28.211,6.6157
23.526,17.561,0,2.2128,28.818,0
23.943,17.782,2.0098,2.1972,29.433,4.9505
24.135,18.002,1.8021,2.1832,30.058,3.4299
24.321,18.22,1.6728,2.1675,30.675,2.5349
24.482,18.437,1.557,2.1425,31.28,1.7576
24.482,18.651,0,2.118,31.874,0
24.788,18.863,1.3966,2.0903,32.477,0.74081
24.919,19.072,1.3177,2.0582,33.075,0.25099
25.057,19.278,1.216,2.0291,33.649,0
25.188,19.481,1.1458,1.9992,34.228,0
25.3,19.681,1.0005,1.963,34.787,0
25.404,19.877,0.80484,1.9257,35.336,0
25.492,20.069,0.65515,1.8852,35.89,0
25.557,20.258,0.54843,1.8377,36.427,0
25.621,20.442,0.29613,1.7925,36.96,0
25.645,20.621,0.22851,1.7342,37.468,0
25.664,20.794,0.28775,1.6775,37.968,0
25.693,20.962,0.35546,1.6259,38.448,0
25.735,21.125,0.37598,1.5811,38.915,0
25.779,21.283,0.56436,1.5389,39.379,0
25.84,21.437,0.69566,1.5043,39.829,0
25.906,21.587,0.74222,1.4723,40.259,0
25.978,21.734,0.80068,1.4439,40.685,0
26.049,21.879,0.88457,1.4163,41.104,0
26.129,22.02,0.87997,1.3927,41.523,0
26.214,22.16,0.86423,1.3722,41.937,0
26.298,22.297,0.85766,1.3519,42.346,0
26.384,22.432,0.83893,1.3328,42.743,0
26.47,22.565,0.7971,1.3143,43.13,0
26.548,22.697,0.76514,1.294,43.516,0
26.632,22.826,0.75262,1.2769,43.907,0
26.714,22.954,0.73742,1.2595,44.283,0
26.797,23.08,0.71436,1.2428,44.658,0
26.874,23.204,0.71419,1.2252,45.029,0
26.954,23.327,0.71927,1.2088,45.385,0
27.018,23.448,0.70724,1.1883,45.754,0
27.086,23.566,0.69641,1.1694,46.104,0
27.157,23.683,0.6638,1.1522,46.45,0
27.231,23.799,0.83123,1.1369,46.804,0
27.323,23.912,1.0798,1.1283,47.148,0
27.428,24.025,1.2539,1.124,47.492,0.11589
27.555,24.137,1.4734,1.1271,47.825,1.2929
27.699,24.25,1.7003,1.1358,48.169,2.6346
27.861,24.364,1.702,1.15,48.519,2.6841
28.026,24.479,1.6478,1.165,48.869,2.3977
28.193,24.595,1.6668,1.1795,49.218,2.5559
28.351,24.713,1.6361,1.191,49.573,2.4089
28.517,24.832,1.634,1.2043,49.934,2.4385
28.685,24.953,1.65,1.2179,50.299,2.582
28.857,25.075,1.6456,1.2323,50.677,2.601
29.014,25.198,1.6457,1.2415,51.051,2.6418
29.014,25.322,0,1.2554,51.426,0
29.359,25.447,1.6523,1.2684,51.824,2.781
29.523,25.574,1.6527,1.2785,52.22,2.8274
29.692,25.702,1.6532,1.2898,52.61,2.881
29.857,25.831,1.6547,1.2991,53,2.9388
30.03,25.961,1.6528,1.3109,53.407,2.9782
30.194,26.092,1.6534,1.3194,53.819,3.0281
30.194,26.224,0,1.3256,54.223,0
30.519,26.357,1.6511,1.3347,54.653,3.1027
30.69,26.49,1.6462,1.3446,55.068,3.1242
30.85,26.625,1.6495,1.3503,55.486,3.1905
31.019,26.76,1.6486,1.3591,55.918,3.2349
31.188,26.895,1.6495,1.3672,56.351,3.2912
31.357,27.032,1.6501,4.8,56.776,0
31.53,27.512,1.6516,1.2488,57.192,3.4206
31.53,27.637,0,4.8,57.588,15.242
31.857,28.117,1.6482,1.135,58.001,3.4492
32.022,28.231,1.647,1.1496,58.381,3.5005
32.184,28.346,1.6474,4.8,58.764,0.93525
32.351,28.826,1.6531,1.0441,59.127,3.5558
32.511,28.93,1.6529,4.8,59.474,1.8428
32.668,29.41,1.6485,0.94265,59.819,3.4979
32.835,29.504,1.6499,-2,60.145,123.28
32.835,29.304,0,-2,60.488,151.87
33.157,29.104,1.6448,-2,60.903,167.7
33.315,28.904,1.65,4.8,61.323,0
33.481,29.384,1.6442,-2,61.756,171
33.481,29.184,0,-2,62.176,300.6
33.481,28.984,0,4.8,62.615,11.898
33.481,29.464,0,-2,63.041,228.91
33.481,29.264,0,-2,63.453,277.07
34.294,29.064,1.6562,-2,64.102,290.77
34.47,28.864,1.6479,4.8,64.648,0
34.627,29.344,1.6367,-2,65.185,300.1
34.788,29.144,1.6536,-2,65.733,362.46
34.959,28.944,1.6487,4.8,66.31,0
35.115,29.424,1.6446,-2,66.892,373.32
35.27,29.224,1.6581,-2,67.472,457.7
35.432,29.024,1.6609,4.8,68.086,0
35.592,29.504,1.648,-2,68.712,471.94
35.592,29.304,0,-2,69.331,0
35.927,29.104,1.6524,-2,69.988,801.42
36.092,28.904,1.647,4.8,70.693,0
36.266,29.384,1.6455,-2,71.406,848.78
36.424,29.184,1.6494,-2,72.109,1207.7
36.592,28.984,1.6515,4.8,72.843,0
36.592,29.464,0,-2,73.579,0
36.932,29.264,1.6534,-2,74.334,2191.8
37.102,29.064,1.6537,-2,75.111,5978.2
37.264,28.864,1.6468,4.8,75.93,0
37.425,29.344,1.648,-2,76.748,7740.9
37.596,29.144,1.6238,-2,77.578,0
37.762,28.944,1.6799,4.8,78.447,0
