0,0,-0.012472,0,35.5,0.026206
0.0077567,0,-0.045209,7.8,35.502,73.524
-0.0036614,0.78,-0.064549,7.8,35.463,75.187
-0.016079,1.56,-0.065694,7.8,35.338,76.814
-0.016079,2.34,0,7.8,35.142,78.275
-0.019376,3.12,-0.073993,7.8,34.863,80.036
-0.019376,3.9,0,7.8,34.51,81.479
-0.019376,4.68,0,7.8,34.079,83.078
-0.046702,5.46,-0.068956,7.8,33.556,84.878
-0.058885,6.24,-0.051196,6.7,32.974,84.154
-0.063164,6.91,-0.040248,6.7,32.305,85.513
-0.076059,7.58,-0.038705,6.7,31.578,86.91
-0.08345,8.25,-0.043553,-0.44167,30.788,73.302
-0.083395,8.2058,-0.046845,-0.4568,29.963,73.186
-0.078489,8.1602,-0.063303,-0.47271,29.132,73.084
-0.084737,8.1129,-0.059078,-0.48997,28.312,72.955
-0.086549,8.0639,-0.055978,-0.50782,27.499,72.814
-0.10157,8.0131,-0.057903,-0.52785,26.68,72.702
-0.10668,7.9603,-0.064616,-0.54821,25.869,72.576
-0.10553,7.9055,-0.059542,-0.56904,25.071,72.407
-0.11487,7.8486,-0.062129,-0.59244,24.263,72.266
-0.11947,7.7893,-0.080484,-0.61684,23.462,72.141
-0.11947,7.7277,0,-0.64228,22.674,71.792
-0.13459,7.6634,-0.087708,-0.67043,21.882,71.816
-0.13722,7.5964,-0.078083,-0.69937,21.1,71.603
-0.15435,7.5265,-0.077192,-0.73127,20.329,71.426
-0.1654,7.4533,-0.078172,-0.76412,19.572,71.232
-0.17117,7.3769,-0.077535,-0.79865,18.82,71.013
-0.18714,7.2971,-0.061705,-0.83704,18.069,70.768
-0.18346,7.2133,-0.058487,-0.87494,17.334,70.503
-0.19688,7.1259,-0.076378,-0.91774,16.604,70.299
-0.19551,7.0341,-0.078107,-0.96172,15.88,70.019
-0.21228,6.9379,-0.073277,-1.0114,15.162,69.741
-0.21228,6.8368,0,-1.0627,14.452,69.272
-0.23524,6.7305,-0.080587,-1.1201,13.752,69.15
-0.2391,6.6185,-0.079356,-1.1785,13.065,68.803
-0.24984,6.5006,-0.070086,-1.242,12.39,68.431
-0.26217,6.3764,-0.068577,-1.3124,11.713,68.051
-0.26677,6.2452,-0.072248,-1.383,11.063,67.65
-0.27202,6.1069,-0.075234,-1.4603,10.418,67.221
-0.27552,5.9609,-0.072678,-1.5429,9.7827,66.75
-0.28052,5.8066,-0.071925,-1.6325,9.1574,66.254
-0.28178,5.6433,-0.06598,-1.7233,8.557,65.719
-0.27917,5.471,-0.073798,-1.819,7.9686,65.176
-0.28616,5.2891,-0.081251,-8.8,7.4052,50.164
-0.30385,4.4091,-0.080456,-8.8,6.8964,48.394
-0.31542,3.5291,-0.090491,-8.8,6.4656,46.635
-0.32612,2.6491,-0.091599,-8.8,6.1156,44.856
-0.32612,1.7691,0,-8.8,5.8621,42.859
-0.33465,0.88909,-0.10081,-0.094984,5.6844,59.576
-0.35345,0.87959,-0.090011,-0.090011,5.569,59.583
-0.35268,0.87059,-0.069216,-0.069216,5.4383,59.563
-0.35268,0.86367,0,-8.8,5.3164,41.057
-0.37892,0,-0.081671,-0.081671,5.2403,57.832
-0.39542,0,-0.075428,-0.075428,5.2099,57.865
-0.39542,0,0,-0.07749,5.1708,57.703
-0.39542,0,0,-0.084983,5.1316,57.687
-0.43641,0,-0.084958,-0.084958,5.0992,57.95
-0.43641,0,0,-0.085779,5.056,57.769
-0.44672,0,-0.089575,-0.089575,5.0019,57.971
-0.4474,0,-0.080896,-8.8,4.9619,39.651
-0.4474,0,0,-8.8,4.9611,39.481
-0.4474,0,0,-8.8,4.9604,39.481
-0.4474,0,0,-8.8,4.9596,39.481
-0.47841,0,-0.075365,-8.8,4.9605,39.703
-0.47841,0,0,-8.8,4.9567,39.545
-0.47841,0,0,-8.8,4.9528,39.545
-0.50276,0,-0.066185,-8.8,4.9559,39.734
-0.49999,0,-0.058282,-8.8,4.9472,39.711
-0.5126,0,-0.060077,-8.8,4.9363,39.741
-0.51808,0,-0.065517,-8.8,4.9356,39.764
-0.52166,0,-0.069309,-8.8,4.9209,39.779
-0.52718,0,-0.074077,-8.8,4.9088,39.8
-0.53469,0,-0.07679,-8.8,4.8946,39.821
-0.54983,0,-0.064635,-8.8,4.875,39.827
-0.56621,0,-0.067486,-8.8,4.8666,39.866
-0.5664,0,-0.074718,-8.8,4.8531,39.882
-0.57612,0,-0.075245,-8.8,4.8305,39.903
-0.58474,0,-0.063093,-8.8,4.8142,39.895
-0.59413,0,-0.070039,-8.8,4.8092,39.929
-0.60879,0,-0.068417,-8.8,4.788,39.956
-0.62211,0,-0.059521,-8.8,4.7778,39.964
-0.63568,0,-0.053645,-8.8,4.7642,39.98
-0.63285,0,-0.055102,-8.8,4.7412,39.977
-0.64675,0,-0.051592,-8.8,4.724,39.998
-0.6504,0,-0.058665,-8.8,4.7029,40.02
-0.65662,0,-0.073776,-8.8,4.6865,40.065
-0.65868,0,-0.075538,-8.8,4.6644,40.073
-0.65644,0,-0.073703,-8.8,4.6474,40.064
-0.66101,0,-0.079295,-8.8,4.6196,40.086
-0.66896,0,-0.082632,-8.8,4.6001,40.109
-0.67135,0,-0.081697,-8.8,4.5679,40.112
-0.67135,0,0,-8.8,4.5448,39.94
-0.68934,0,-0.067625,-8.8,4.5214,40.119
-0.6872,0,-0.070865,-8.8,4.5059,40.122
-0.69883,0,-0.070095,-8.8,4.4782,40.144
-0.70929,0,-0.068426,-8.8,4.4458,40.162
-0.70929,0,0,-8.8,4.4189,40.018
-0.71277,0,-0.076543,-8.8,4.4028,40.186
-0.71277,0,-0.077883,-8.8,4.3833,40.189
-0.71277,0,0,-8.8,4.3561,40.025
-0.73317,0,-0.084262,-8.8,4.3125,40.244
-0.75128,0,-0.073103,-8.8,4.2779,40.258
-0.76096,0,-0.073214,-8.8,4.2509,40.278
-0.76241,0,-0.068875,-8.8,4.2085,40.272
-0.76619,0,-0.067464,-8.8,4.1824,40.276
-0.76548,0,-0.046273,-8.8,4.1483,40.23
-0.76736,0,-0.050149,-8.8,4.1092,40.242
-0.76501,0,-0.045413,-8.8,4.0678,40.228
-0.77277,0,-0.056353,-8.8,4.0342,40.266
-0.77277,0,0,-8.8,4.0009,40.148
-0.78477,0,-0.081899,-8.8,3.947,40.345
-0.79047,0,-0.077322,-8.8,3.9025,40.347
-0.80107,0,-0.082718,-8.8,3.8721,40.38
-0.80461,0,-0.079485,-8.8,3.8317,40.38
-0.80461,0,0,-8.8,3.7953,40.213
-0.81152,0,-0.06833,-8.8,3.758,40.371
-0.81152,0,0,-8.8,3.7208,40.228
-0.83273,0,-0.084012,-8.8,3.6806,40.448
-0.84644,0,-0.081654,-8.8,3.648,40.471
-0.8458,0,-0.078779,-8.8,3.6119,40.463
-0.85675,0,-0.050326,-8.8,3.5804,40.426
-0.85675,0,0,-8.8,3.5388,40.32
-0.85737,0,0.027789,-8.8,3.4842,40.263
-0.85794,0,0.047495,-8.8,3.4432,40.223
-0.84797,0,0.068151,-8.8,3.4036,40.159
-0.83353,0,0.057603,-8.8,3.3689,40.152
-0.82208,0,0.044785,-8.8,3.3246,40.155
-0.81201,0,0.026775,-8.8,3.2852,40.172
-0.80892,0,0.025664,-8.8,3.248,40.168
-0.8084,0,0.028598,-8.8,3.2173,40.161
-0.80475,0,0.036323,-8.8,3.1758,40.137
-0.79343,0,0.017512,-8.8,3.1447,40.154
-0.79223,0,0.017194,-8.8,3.11,40.152
-0.79223,0,0,-8.8,3.0747,40.188
-0.79426,0,0.039456,-8.8,3.0348,40.109
-0.79652,0,0.076655,-8.8,2.9958,40.036
-0.79652,0,0,-8.8,2.9602,40.197
-0.78174,0,0.22632,-8.8,2.9237,39.691
-0.75479,0,0.36132,-8.8,2.893,39.352
-0.71314,0,0.51487,-8.8,2.8618,38.944
-0.65212,0,0.68895,-8.8,2.8464,38.453
-0.58487,0,0.87681,-8.8,2.8209,37.92
-0.50592,0,0.99896,-8.8,2.801,37.502
-0.41284,0,1.0558,-8.8,2.7975,37.192
-0.30099,0,1.0101,-8.8,2.8147,37.059
-0.19043,0,0.86685,-8.8,2.8402,37.133
-0.097512,0,0.64904,-8.8,2.8666,37.4
-0.032034,0,0.41991,-8.8,2.908,37.747
0.0056676,0,0.19421,-8.8,2.9557,0
0.032152,0,0.051775,-8.8,2.9936,0
0.029436,0,-0.0445,-8.8,3.0414,0
0.02212,0,-0.09075,-8.8,3.0961,0
0.02212,0,0,-8.8,3.1423,0
0.0039098,0,-0.084694,-8.8,3.1873,0
0.0040871,0,-0.086982,-8.8,3.2393,0
-0.0015659,0,-0.088718,-8.8,3.2763,0
-0.0060014,0,-0.060595,-8.8,3.3136,0
-0.011617,0,-0.022912,-8.8,3.3596,0
-0.011499,0,0.031396,-8.8,3.3991,0
-0.013019,0,0.086652,-8.8,3.4464,0
0.0028928,0,0.16959,-8.8,3.4879,0
0.01176,0,0.23366,-8.8,3.5326,0
0.040836,0,0.28853,-8.8,3.5728,0
0.069956,0,0.31982,-8.8,3.6322,0
0.10977,0,0.35192,-8.8,3.6947,0
0.13983,0,0.35648,-8.8,3.7582,0
0.17896,0,0.34547,-8.8,3.8273,0
0.21903,0,0.33095,-8.8,3.8953,0
0.25398,0,0.31148,-8.8,3.9718,0
0.28572,0,0.28351,-8.8,4.0411,0
0.31236,0,0.27001,-8.8,4.1196,0
0.31236,0,0,-8.8,4.1948,0
0.37316,0,0.27908,-8.8,4.2904,0
0.3937,0,0.28802,-8.8,4.364,0
0.4308,0,0.31167,-8.8,4.447,0
0.47139,0,0.29888,-8.8,4.5435,0
0.4983,0,0.25547,-8.8,4.6346,0
0.51464,0,0.22223,-8.8,4.7359,0
0.53817,0,0.19506,-8.8,4.8262,0
0.55718,0,0.18784,-8.8,4.9348,0
0.57864,0,0.25391,0.25391,5.0321,0
0.5946,0.025391,0.36956,0.36956,5.0929,0
0.62496,0.062348,0.49467,0.49467,5.1445,0
0.67812,0.11181,0.62336,0.62336,5.1974,0
0.74969,0.17415,0.77114,0.77114,5.2592,0
0.82599,0.25126,0.93656,0.93656,5.3076,0
0.91187,0.34492,1.1303,1.1303,5.368,0
1.0325,0.45795,1.3363,1.3363,5.423,0
1.1721,0.59158,1.5224,1.5224,5.4761,0
1.3245,0.74383,1.6423,1.6423,5.5367,0
1.4971,0.90806,1.7168,4.9,5.6042,14.825
1.4971,1.3981,0,-8.8,5.6386,0
1.8487,0.51806,1.7285,1.7285,5.7233,0
2.0229,0.69091,1.707,1.707,5.8602,0
2.1874,0.86161,1.7017,1.7017,5.9989,0
2.3631,1.0318,1.6694,4.9,6.1246,11.77
2.5346,1.5218,1.6105,4.9,6.2414,13.786
2.6929,2.0118,1.5424,2.3539,6.3273,0.65212
2.8507,2.2472,1.4978,1.7513,6.3989,0
3.0103,2.4223,1.4062,1.5169,6.4552,0
3.1484,2.574,1.2857,1.3514,6.5221,0
3.2799,2.7091,1.1346,1.2425,6.5796,0
3.3921,2.8334,0.98226,1.1385,6.645,0
3.5002,2.9472,0.84072,1.062,6.6944,0
3.5843,3.0534,0.75841,0.96709,6.7423,0
3.652,3.1501,0.71729,0.87282,6.7854,0
3.652,3.2374,0,0.82035,6.8312,1.7247
3.7958,3.3194,0.72329,0.76912,6.8858,0
3.8644,3.3964,0.74507,0.73217,6.9369,0
3.9299,3.4696,0.76102,0.69951,6.989,0
4.01,3.5395,0.77077,0.69587,7.0394,0
4.0796,3.6091,0.81084,0.67842,7.0947,0
4.1557,3.677,0.84987,0.6736,7.1477,0
4.2322,3.7443,0.86031,0.66941,7.1899,0
4.3216,3.8113,0.85739,0.68465,7.2464,0
4.3216,3.8797,0,0.69263,7.2941,1.07
4.4893,3.949,0.86292,0.69168,7.3487,0
4.4893,4.0181,0,0.70503,7.3992,1.0322
4.6616,4.0887,0.84681,0.70184,7.4654,0
4.7462,4.1588,0.8568,0.70435,7.5252,0
4.8319,4.2293,0.87953,0.70726,7.5813,0
4.916,4.3,0.94305,0.70766,7.6347,0
5.0026,4.3708,1.0365,0.71217,7.7053,0
5.1008,4.442,1.1092,0.72828,7.7717,0
5.2124,4.5148,1.1712,0.75706,7.8483,0
5.3275,4.5905,1.201,0.78392,7.9157,0
5.3275,4.6689,0,0.81594,7.9855,0.92204
5.5661,4.7505,1.128,0.83312,8.0669,0
5.6884,4.8338,1.0879,0.8563,8.1551,0
5.789,4.9194,1.049,0.854,8.2407,0
5.9028,5.0048,1.0024,0.86478,8.3257,0
6.0119,5.0913,0.97204,0.87021,8.4203,0
6.112,5.1783,0.92604,0.86684,8.5178,0
6.112,5.265,0,0.86319,8.6068,0.54302
6.3024,5.3513,0.861,0.8532,8.7172,0
6.3886,5.4367,0.86708,0.84021,8.8177,0
6.4821,5.5207,0.86395,0.83525,8.9149,0
6.4821,5.6042,0,0.82424,9.0069,0.29668
6.6556,5.6866,0.77575,0.81654,9.1064,0
6.7394,5.7683,0.58541,0.80737,9.2126,0
6.7956,5.849,0.52244,0.77573,9.3043,0
6.841,5.9266,0.50551,0.73985,9.4018,0
6.8933,6.0006,0.47105,0.71354,9.4914,0
6.8933,6.0719,0,0.68439,9.5771,0
6.9868,6.1404,0.62556,0.66073,9.6519,0
7.0462,6.2065,0.62492,0.64856,9.7295,0
7.109,6.2713,0.60345,0.64091,9.8174,0
7.1714,6.3354,0.57701,0.63352,9.8989,0
7.2369,6.3988,0.56282,0.62971,9.9888,0
7.2852,6.4617,0.59201,0.61313,10.071,0
7.3499,6.523,0.59232,0.61083,10.161,0
7.4128,6.5841,0.62399,0.60738,10.249,0
7.47,6.6449,0.63904,0.59955,10.326,0
7.5293,6.7048,0.66024,0.59388,10.4,0
7.5983,6.7642,0.61843,0.59664,10.491,0
7.6665,6.8239,0.62898,0.59836,10.577,0
7.7213,6.8837,0.65198,0.5907,10.669,0
7.7938,6.9428,0.78126,0.59568,10.751,0
7.8786,7.0023,0.92026,0.60881,10.835,0
7.9636,7.0632,1.0504,0.62088,10.919,0
8.0606,7.1253,1.1611,0.6407,11.018,0
8.1722,7.1894,1.1721,0.66859,11.117,0
8.2798,7.2562,1.069,0.6909,11.213,0
8.3937,7.3253,0.89731,0.71584,11.32,0
8.488,7.3969,0.68712,0.72544,11.428,0
8.5571,7.4695,0.50871,0.71716,11.531,0
8.6004,7.5412,0.40565,0.69347,11.647,0
8.632,7.6105,0.35891,0.66353,11.744,0
8.6747,7.6769,0.32379,0.64357,11.842,0
8.7042,7.7412,0.37668,0.61655,11.93,0
8.7388,7.8029,0.43944,0.59509,12.015,0
8.7388,7.8624,0,0.58332,12.106,0
8.8294,7.9207,0.34481,0.5712,12.2,0
8.8697,7.9778,0.25492,0.55773,12.294,0
8.8946,8.0336,0.17712,0.53589,12.39,0
8.9151,8.0872,0.060291,0.51237,12.466,0
8.9186,8.1384,0.10417,0.48046,12.545,0
8.9265,8.1865,0.17268,0.45394,12.627,0
8.9349,8.2319,0.29416,0.42956,12.704,0
8.9663,8.2748,0.32339,0.42075,12.769,0
8.9925,8.3169,0.36129,0.40935,12.829,0
8.9925,8.3578,0,0.40704,12.895,0
9.052,8.3985,0.30766,0.39313,12.964,0
9.0899,8.4379,0.30465,0.39088,13.025,0
9.1136,8.477,0.302,0.38018,13.082,0
9.1477,8.515,0.25102,0.37694,13.155,0
9.1661,8.5527,0.13907,0.36429,13.219,0
9.18,8.5891,0.034397,0.34977,13.275,0
9.1755,8.6241,-0.026711,0.3256,13.339,0
9.1633,8.6566,-0.026244,0.29852,13.402,0
9.1659,8.6865,-0.024688,0.28166,13.446,0
9.1653,8.7146,-0.013572,0.26419,13.494,0
9.1602,8.7411,0.0059306,0.24528,13.545,0
9.1707,8.7656,-0.0057486,0.23666,13.589,0
9.1788,8.7893,-0.050228,0.22713,13.628,0
9.1812,8.812,-0.10059,0.21475,13.658,0
9.1754,8.8334,-0.13937,0.1986,13.696,0.084079
9.1618,8.8533,-0.17181,0.17881,13.726,0.2076
9.1618,8.8712,0,0.16098,13.756,0
9.1355,8.8873,-0.085171,0.14355,13.79,0.0012542
9.127,8.9016,-0.0073444,0.13017,13.812,0
9.127,8.9147,0,0.12274,13.834,0
9.1275,8.9269,0.16099,0.1157,13.867,0
9.1371,8.9385,0.15372,0.1145,13.892,0
9.1505,8.95,0.10495,0.11554,13.915,0
9.1505,8.9615,0,0.12014,13.934,0
9.1737,8.9735,0.053784,0.11522,13.967,0
9.1737,8.985,0,0.11179,13.986,0
9.1881,8.9962,-0.013053,0.11035,14.019,0
9.1854,9.0073,-0.10432,0.10238,14.039,0.10573
9.175,9.0175,-0.2181,0.090431,14.051,0.46511
9.1525,9.0265,-0.33712,0.072228,14.061,0.92396
9.1525,9.0338,0,0.048215,14.073,0
9.0643,9.0386,-0.61184,0.014735,14.086,2.3201
9.0003,9.0401,-0.65268,-0.0084441,14.089,2.6757
8.9289,9.0392,-0.68955,-0.023488,14.072,3.0888
8.8518,9.0369,-0.73378,-0.039446,14.06,3.5824
8.7779,9.0329,-0.73523,-0.054505,14.033,3.7818
8.7058,9.0275,-0.90888,-0.0689,14.009,5.3089
8.6153,9.0206,-1.7226,-0.087053,13.978,15.748
8.4517,9.0119,-2.7332,-0.12099,13.922,42.911
8.4517,8.9998,0,-0.17784,13.866,0.76961
8.4517,8.982,0,-0.25731,13.813,0.54637
7.3417,8.9563,-5.5074,-0.35934,13.616,20.484
6.7991,8.9203,-5.5269,-0.48092,13.429,20.887
6.2373,8.8722,-5.3175,-0.61219,13.184,20.941
5.6976,8.811,-5.0794,-0.7439,12.904,20.865
5.197,8.7366,-4.6904,-0.87399,12.579,20.468
4.7267,8.6492,-4.2964,-1.0066,12.208,19.946
4.7267,8.5486,0,-1.141,11.821,6.5799
3.9036,8.4345,-3.4618,-1.2716,11.374,18.471
3.5587,8.3073,-2.8655,-1.4031,10.916,17.325
3.2709,8.167,-2.3023,-1.531,10.431,16.103
3.046,8.0139,-1.814,-1.6486,9.9379,14.869
2.8637,7.849,-1.3074,-1.7638,9.4305,19.896
2.7238,7.6726,-0.88965,-1.8666,8.9377,13.465
2.6289,7.486,-0.64737,-5.2,8.4441,2.0244
2.558,6.966,-0.52704,-5.2,7.9893,1.2334
2.5134,6.446,-0.45482,-5.2,7.5641,0.34167
2.4719,5.926,-0.545,-8.8,7.1902,0
2.4125,5.046,-0.60806,-8.8,6.8813,0
2.4125,4.166,0,-8.8,6.662,0
2.2853,3.286,-0.65012,-8.8,6.5175,0
2.2246,2.406,-0.7,-0.033448,6.4554,3.3757
2.1587,2.4026,-0.7485,-0.045143,6.4352,3.8885
2.0824,2.3981,-0.86893,-0.058828,6.4006,5.0219
2.0037,2.3922,-1.0347,-0.07283,6.3681,4.2665
1.9027,2.385,-1.1695,-0.091334,6.3155,4.5777
1.7869,2.3758,-1.2263,-0.11264,6.262,4.7848
1.6667,2.3646,-1.1653,-0.13498,6.2,4.7981
1.5517,2.3511,-1.0365,-8.8,6.1346,0
1.4524,1.4711,-0.90804,-0.0022268,6.0976,2.6211
1.3549,1.4708,-0.82776,-0.013827,6.0917,2.6299
1.2817,1.4695,-0.86253,-0.022472,6.0753,2.8046
1.1882,1.4672,-0.98783,-0.033509,6.056,3.1767
1.0992,1.4639,-1.1456,-0.044114,6.0202,3.6048
0.98222,1.4594,-1.3033,-0.058197,5.9793,4.0819
0.856,1.4536,-1.3995,-0.073789,5.9191,4.456
0.715,1.4463,-1.5045,-0.091339,5.8582,4.87
0.55971,1.4371,-1.5406,-0.11106,5.787,5.1694
0.40793,1.426,-1.5957,-8.8,5.6852,0
0.24562,0.54601,-1.6391,-1.6391,5.6157,0.6158
0.08834,0.3821,-1.6941,-1.6941,5.5934,0.60221
-0.08364,0.21269,-1.7034,-1.7034,5.5648,0.60748
-0.25756,0.042352,-1.7161,-1.7161,5.5416,0.61483
-0.43828,0,-1.6899,-1.6899,5.5081,0.89848
-0.60828,0,-1.6991,-1.6991,5.4547,1.247
-0.7873,0,-1.6695,-1.6695,5.3888,1.614
-0.95105,0,-1.6428,-1.6428,5.3005,1.9497
-1.1164,0,-1.6945,-1.6945,5.2065,2.2886
-1.2808,0,-1.7643,-1.7643,5.0925,2.6256
-1.4636,0,-1.7859,-8.8,4.9571,0
-1.638,0,-1.8218,-8.8,4.8475,0
-1.8173,0,-1.7899,-8.8,4.7182,0
-2.0026,0,-1.6537,-8.8,4.5622,0
-2.0026,0,0,-8.8,4.4059,0
-2.3116,0,-1.2391,-8.8,4.2136,0
-2.4376,0,-0.96951,-8.8,4.0278,0
-2.4376,0,0,-8.8,3.8281,0
-2.4376,0,0,-8.8,3.6283,0
-2.6799,0,-0.43484,-8.8,3.4014,0
-2.7232,0,-0.36018,-8.8,3.1667,0
-2.7576,0,-0.33609,-8.8,2.9443,0
-2.7947,0,-0.32456,-8.8,2.7206,0
-2.8237,0,-0.32699,-8.8,2.4751,0
-2.8512,0,-0.31736,-8.8,2.2292,0
-2.8868,0,-0.31984,-8.8,1.9909,0
-2.9203,0,-0.31965,-8.8,1.7411,0
-2.954,0,-0.31289,-8.8,1.4891,0
-2.9822,0,-0.28653,-8.8,1.2412,0
-3.0148,0,-0.27657,-8.8,0.99326,0
-3.0148,0,0,-8.8,0.73578,0
-3.0664,0,-0.27107,-10.292,0.46919,0
-3.0911,0,-0.26601,-22.989,0.21024,0
-3.1115,0,-0.2661,-328.28,0.014757,0
-3.1474,0,-0.2705,-8.8,1.3491,0
-3.17,0,-0.26137,-8.8,1.0712,0
-3.204,0,-0.25328,-8.8,0.79236,0
-3.2375,0,-0.25686,-10.272,0.52331,0
-3.2633,0,-0.2594,-21.577,0.24977,0
-3.2893,0,-0.24677,-149.78,0.036176,0
-3.3232,0,-0.24385,-12.27,0.45915,0
-3.3523,0,-0.24122,-30.4,0.18631,0
-3.3847,0,-0.24404,9.8,1,28.044
-3.4001,0.98,-0.24389,-15.773,0.61772,0
-3.4332,0,-0.24125,-23.421,0.25425,0
-3.4596,0,-0.24813,-176.99,0.03386,0
-3.4885,0,-0.24499,-10.767,0.57829,0
-3.5163,0,-0.23964,-22.909,0.27271,0
-3.5417,0,-0.24833,-203.74,0.030822,0
-3.5676,0,-0.24597,-9.5334,0.68522,0
-3.5969,0,-0.23879,-17.088,0.38393,0
-3.6168,0,-0.2418,-65.382,0.10041,0
-3.6315,0,-0.24275,-116.34,0.056799,0
-3.6557,0,-0.23663,-25.094,0.26882,0
-3.6557,0,0,-315.57,0.02872,0
-3.6984,0,-0.17388,-8.8,1.23,0
-3.7104,0,-0.089556,-8.8,0.89387,0
-3.7123,0,0.022972,-11.995,0.57337,0
-3.7052,0,0.13357,-25.8,0.26468,0
-3.6961,0,0.2668,-208.7,0.032687,0
-3.6771,0,0.47149,-9.0907,0.70699,0
-3.6212,0,0.76159,-16.009,0.39096,0
-3.5436,0,1.0877,-51.427,0.11956,0
-3.4257,0,1.447,-173.87,0.033469,0
-3.2836,0,1.7236,-8.8,0.56623,0
-3.1044,0,1.8774,-14.671,0.29119,0
-2.9152,0,1.8986,-73.644,0.056248,0
-2.7196,0,1.8779,-25.643,0.13437,0
-2.5265,0,1.8221,9.8,1,21.943
-2.3346,0.98,1.7914,-8.8,0.71439,0
-2.1636,0.1,1.7933,-8.8,0.4405,0
-1.983,0,1.8226,-8.8,0.25776,0
-1.7916,0,1.8239,-12.89,0.10908,0
-1.6119,0,1.819,9.8,1,20.074
-1.4351,0.98,1.8103,-8.8,0.79773,0
-1.2477,0.1,1.7785,-8.8,0.60214,0
-1.0717,0,1.7035,-8.8,0.52729,0
-1.0717,0,0,-8.8,0.46412,0
-0.74021,0,1.5443,-8.8,0.44325,0
-0.58869,0,1.389,-8.8,0.41934,0
-0.45728,0,1.1211,-8.8,0.41757,0
-0.33702,0,0.74845,-8.8,0.42252,0
-0.263,0,0.27984,-8.8,0.43752,0
-0.23639,0,-0.36095,-8.8,0.44799,0
