9.1667,9.1667,1.4386,0,35.5,1.1826
9.3098,9.1667,1.503,6.7,35.5,35.599
9.3098,9.8367,0,6.7,35.481,64.502
9.6219,10.507,1.6144,6.7,35.412,40.12
9.7748,11.177,1.6732,6.7,35.289,42.369
9.9426,11.847,1.71,-0.12006,35.116,1.4634
10.121,11.835,1.7406,-0.10884,34.942,1.4193
10.121,11.824,0,-0.097716,34.771,4.457
10.472,11.814,1.8121,-0.086305,34.631,1.5028
10.646,11.805,1.7854,-0.074968,34.507,1.4821
10.82,11.798,1.7398,-0.06349,34.403,1.4331
11.003,11.792,1.6996,-0.051416,34.307,1.4116
11.177,11.786,1.6419,-0.039853,34.244,1.3514
11.335,11.782,1.5366,-0.029299,34.197,1.1572
11.335,11.779,0,-0.01949,34.152,0.96422
11.626,11.778,1.2772,-0.0099754,34.144,0.62927
11.745,11.777,1.1384,-0.0020923,34.127,0.34196
11.853,11.776,1.0137,0.062028,34.132,0
11.961,11.783,0.89483,0.14414,34.141,0
12.05,11.797,0.82506,0.20463,34.168,0
12.134,11.817,0.71894,0.25503,34.187,0
12.207,11.843,0.5521,0.293,34.228,0
12.253,11.872,0.3699,0.3052,34.272,0
12.285,11.903,0.19819,0.30534,34.32,0
12.3,11.933,0.031743,0.29221,34.349,0
12.3,11.962,0,0.27247,34.384,0
12.309,11.99,-0.056243,0.25293,34.409,0.05309
12.295,12.015,-0.044136,0.22084,34.443,0.024461
12.284,12.037,-0.039329,0.19487,34.478,0.017136
12.286,12.057,-0.051703,0.17999,34.494,0.053403
12.278,12.075,-0.1287,0.1594,34.513,0.27946
12.257,12.091,-0.22815,0.1307,34.53,0.61109
12.227,12.104,-0.34196,0.096582,34.554,1.0473
12.193,12.113,-0.44935,0.062093,34.574,1.5165
12.138,12.119,-0.51617,0.014353,34.574,1.8253
12.084,12.121,-0.48837,-0.0024635,34.575,1.7908
12.041,12.121,-0.41625,-0.0052952,34.573,1.5706
11.995,12.12,-0.33107,-0.0083026,34.571,1.3228
11.971,12.119,-0.25072,-0.0098593,34.563,1.0652
11.949,12.118,-0.1492,-0.011231,34.551,0.76045
11.949,12.117,0,-0.01208,34.535,0.33134
11.925,12.116,-0.096851,-0.012707,34.521,0.64798
11.916,12.115,-0.095115,-0.013242,34.502,0.66074
11.916,12.113,0,-0.013512,34.482,0.39411
11.904,12.112,-0.070573,-0.013844,34.457,0.6076
11.892,12.111,-0.088141,-0.014552,34.433,0.68307
11.876,12.109,-0.10299,-0.015579,34.41,0.76357
11.864,12.108,-0.10924,-0.016314,34.384,0.80835
11.861,12.106,-0.11878,-0.016402,34.364,0.84154
11.861,12.104,0,-0.017608,34.34,0.4875
11.821,12.103,-0.11612,-0.018873,34.315,0.91929
11.806,12.101,-0.10891,-0.019739,34.296,0.92585
11.789,12.099,-0.085668,-0.020799,34.258,0.88664
11.783,12.097,-0.067711,-0.02114,34.221,0.84065
11.775,12.095,-0.08668,-0.021539,34.182,0.91311
11.759,12.092,-0.10161,-0.022524,34.159,0.99598
11.742,12.09,-0.095827,-0.023553,34.122,1.0119
11.725,12.088,-0.1082,-0.024566,34.078,1.0881
11.719,12.085,-0.10756,-0.024873,34.039,1.0953
11.703,12.083,-0.081383,-0.025812,34,1.0388
11.701,12.08,-0.055582,-0.025844,33.953,0.9542
11.705,12.078,-0.052064,-0.025421,33.911,0.9269
11.708,12.075,-0.093855,-0.025107,33.877,1.0504
11.708,12.073,0,-0.025752,33.841,0.75094
11.676,12.07,-0.26388,-0.026992,33.802,1.7729
11.645,12.067,-0.33577,-0.028962,33.765,2.184
11.602,12.064,-0.44236,-0.03178,33.717,2.8629
11.553,12.061,-0.53692,-0.035041,33.662,3.5777
11.505,12.058,-0.60732,-0.038194,33.614,4.1983
11.505,12.054,0,-0.041848,33.559,1.1604
11.386,12.05,-0.53826,-0.046084,33.494,4.1242
11.341,12.045,-0.43084,-0.049037,33.435,3.5839
11.302,12.04,-0.29742,-0.051533,33.364,2.9397
11.264,12.035,-0.19172,-0.054037,33.281,2.5116
11.235,12.03,-0.19511,-0.05588,33.202,2.5952
11.223,12.024,-0.34835,-0.056546,33.125,3.415
11.223,12.018,0,-0.059137,33.045,1.762
11.223,12.013,0,-0.063195,32.966,1.731
11.026,12.006,-1.3285,-0.069988,32.859,13.429
11.026,11.999,0,-0.078902,32.761,2.1939
10.734,11.991,-1.9922,-0.090627,32.638,27.007
10.542,11.982,-2.1771,-0.1044,32.51,32.672
10.323,11.972,-2.3235,-0.1204,32.351,38.041
10.091,11.96,-2.3746,-0.13752,32.179,41
9.8522,11.946,-2.4388,-0.15547,31.979,44.452
9.6072,11.93,-2.4668,-0.1742,31.762,46.862
9.3677,11.913,-2.4863,-0.19302,31.516,48.962
9.1234,11.894,-2.4951,-0.21276,31.242,50.731
8.8726,11.872,-2.5313,-0.23343,30.959,53.425
8.8726,11.849,0,-0.25527,30.66,8.4438
8.358,11.824,-2.4984,-0.27806,30.307,55.375
8.358,11.796,0,-0.30125,29.962,10.107
7.8565,11.766,-2.475,-0.32514,29.558,57.433
7.6068,11.733,-2.4209,-0.34985,29.164,57.063
7.3667,11.698,-2.3462,-0.3748,28.749,56
7.1334,11.661,-2.2428,-0.40068,28.299,54.089
6.9076,11.621,-2.1987,-0.42701,27.838,53.889
6.6867,11.578,-2.1756,-0.45448,27.349,54.229
6.476,11.532,-2.1448,-0.4824,26.846,54.253
6.2597,11.484,-2.1476,-0.51242,26.327,55.211
6.0408,11.433,-2.1708,-0.54405,25.803,56.723
5.8246,11.379,-2.0769,-0.57788,25.248,54.885
5.626,11.321,-1.9487,-0.6114,24.691,52.093
5.4213,11.26,-1.7765,-0.64795,24.113,48.383
5.2363,11.195,-1.6341,-0.68469,23.522,45.466
5.0827,11.126,-1.5924,-0.71976,22.925,44.699
5.0827,11.054,0,-0.75878,22.324,18.678
4.7499,10.979,-1.9223,-0.8009,21.693,52.907
4.5524,10.898,-2.2072,-0.84984,21.064,60.937
4.3241,10.813,-2.4627,-0.90667,20.425,28.754
4.071,10.723,-2.5891,-0.97136,19.776,28.384
3.8201,10.626,-2.6072,-1.0421,19.102,27.995
3.5512,10.521,-2.4276,-1.1223,18.41,27.577
3.3084,10.409,-2.0691,-1.2046,17.712,27.114
3.0963,10.289,-1.5837,-1.2904,16.99,26.697
2.9468,10.16,-1.0707,-1.37,16.278,34.608
2.8324,10.023,-0.56297,-1.4507,15.554,25.761
2.7806,9.8777,-0.17941,-1.5239,14.836,19.907
2.7558,9.7253,0.01167,-1.5932,14.139,16.778
2.7508,9.566,0.04627,-1.6628,13.446,15.216
2.7497,9.3997,0.034869,-1.7316,12.778,14.067
2.7613,9.2265,-0.0025819,-1.7993,12.124,13.084
2.7604,9.0466,-0.051036,-1.8713,11.491,12.205
2.7518,8.8595,-0.072013,-1.947,10.874,11.127
2.7424,8.6648,-0.090343,-2.0236,10.276,10.048
2.7388,8.4624,-0.11534,-2.0973,9.6981,9.0339
2.7271,8.2527,-0.11141,-2.1745,9.1362,7.9144
2.7121,8.0352,-0.091036,-5.2,8.5939,5.5943
2.7085,7.5152,-0.069303,-5.2,8.0859,4.6358
2.6986,6.9952,-0.049832,-5.2,7.6359,3.6461
2.6919,6.4752,-0.063217,-5.2,7.2274,2.4862
2.6922,5.9552,-0.13695,-8.8,6.8756,0
2.6836,5.0752,-0.22312,-8.8,6.5966,0
2.668,4.1952,-0.30135,-8.8,6.3961,0
2.6472,3.3152,-0.33003,-8.8,6.2764,0
2.6152,2.4352,-0.30728,0.4478,6.2601,2.3114
2.5875,2.48,-0.21368,0.25999,6.2767,1.2181
2.5744,2.506,-0.091063,0.16297,6.2941,0.51475
2.5737,2.5223,0.043131,0.12146,6.3036,0.066071
2.5793,2.5344,0.13925,0.10503,6.3014,0
2.6016,2.5449,0.21546,0.13195,6.3155,0
2.631,2.5581,0.24501,0.16852,6.3249,0
2.6635,2.575,0.23242,0.20284,6.3392,0
2.6791,2.5953,0.20996,0.18965,6.3423,0
2.7083,2.6142,0.19386,0.21039,6.347,0
2.7347,2.6353,0.16362,0.21998,6.366,0
2.7433,2.6573,0.098321,0.18806,6.3788,0.01777
2.747,2.6761,0.0087469,0.15334,6.3833,0.18817
2.7379,2.6914,-0.12203,0.099708,6.3915,0.47079
2.7334,2.7014,-0.28601,0.068414,6.4016,0.97894
2.6999,2.7082,-0.45364,-0.0017662,6.4066,1.5323
2.6584,2.708,-0.59723,-0.010536,6.4084,2.3746
2.6019,2.707,-0.73884,-0.022323,6.4017,3.4014
2.5198,2.7048,-0.8616,-0.039455,6.3795,4.5225
2.5198,2.7008,0,-0.058697,6.3612,0.24984
2.3391,2.6949,-1.034,-8.8,6.3132,0
2.2413,1.8149,-1.077,1.7475,6.3173,20.099
2.1246,1.9897,-1.0792,0.47668,6.3521,5.3991
2.0244,2.0374,-1.0421,-0.0020469,6.3515,3.4114
1.9185,2.0372,-1.0064,-0.018795,6.3474,3.4962
1.8169,2.0353,-0.96652,-0.034755,6.3258,3.5636
1.7151,2.0318,-0.90613,-0.050792,6.2898,3.5928
1.6291,2.0267,-0.77912,-0.064271,6.2491,4.6331
1.5461,2.0203,-0.62541,-0.077076,6.2154,3.7724
1.4843,2.0126,-0.45903,-0.08657,6.1694,2.9073
1.4386,2.0039,-0.27665,-0.093417,6.1208,2.0784
1.4027,1.9946,-0.11016,-0.09859,6.0725,1.4598
1.3956,1.9847,-0.026064,-0.099135,6.0157,1.1658
1.3855,1.9748,0.0082517,-8.8,5.9551,0
1.3826,1.0948,0.04456,2.5932,5.9307,14.338
1.3961,1.3541,0.041196,0.26628,5.9552,0.48643
1.4008,1.3808,-0.016241,0.12295,5.956,0.29273
1.3957,1.3931,-0.14241,0.015745,5.9638,0.39026
1.3888,1.3946,-0.31224,-0.00068075,5.9545,0.92897
1.3888,1.3946,0,-0.0041833,5.954,0.0030119
1.3004,1.3942,-0.71231,-0.011004,5.938,2.3188
1.2258,1.3931,-0.86505,-0.01966,5.9301,2.712
1.2258,1.3911,0,-0.028895,5.9135,0.28475
1.2258,1.3882,0,-0.040928,5.8971,0.25054
0.95275,1.3841,-0.97706,-0.051847,5.8264,3.3343
0.86265,1.3789,-0.96663,-0.062535,5.7849,3.4456
0.86265,1.3727,0,-0.073686,5.7336,0.96516
0.67682,1.3653,-0.90297,-8.8,5.6616,0
0.59437,0.4853,-0.80195,-0.80195,5.6308,0
0.51558,0.40511,-0.61155,-0.61155,5.6513,0
0.44476,0.34395,-0.3767,-0.3767,5.671,0
0.40179,0.30628,-0.1446,-0.1446,5.6895,0
0.38926,0.29182,0.07837,0.07837,5.7041,0
0.40673,0.29966,0.24563,0.24563,5.7218,0
0.43047,0.32422,0.31276,0.31276,5.7243,0
0.46257,0.3555,0.34328,0.34328,5.7398,0
0.49893,0.38983,0.35962,0.35962,5.7406,0
0.53496,0.42579,0.37454,0.37454,5.7416,0
0.56828,0.46324,0.39634,0.39634,5.7567,0
0.5982,0.50287,0.4069,0.4069,5.773,0
0.63371,0.54356,0.39726,0.39726,5.79,0
0.67399,0.58329,0.39207,0.39207,5.7981,0
0.70473,0.6225,0.38568,0.38568,5.8113,0
0.70473,0.66107,0,0.36844,5.8176,0.96737
0.78065,0.69791,0.35913,0.35913,5.8303,0
0.81636,0.73382,0.35207,0.35207,5.8485,0
0.85473,0.76903,0.34322,0.34322,5.8567,0
0.89832,0.80335,0.33971,0.33971,5.8585,0
0.93685,0.83732,0.32087,0.32087,5.8727,0
0.96825,0.86941,0.30698,0.30698,5.8861,0
1.0052,0.90011,0.32714,1.3043,5.8864,3.4744
1.0374,1.0305,0.3788,0.067848,5.8981,0
1.079,1.0373,0.4424,0.40819,5.8916,0
1.1175,1.0781,0.5414,0.36213,5.904,0
1.1643,1.1144,0.64593,0.43568,5.9096,0
1.2305,1.1579,0.76053,0.59391,5.9094,0
1.3045,1.2173,0.88715,0.65571,5.9089,0
1.4003,1.2829,1.0454,0.81061,5.9192,0
1.4003,1.3639,0,0.84534,5.9269,3.1696
1.6156,1.4485,1.4435,0.94532,5.943,0
1.7592,1.543,1.6567,1.1026,5.9552,0
1.924,1.6533,1.8396,1.2355,5.9834,0
2.1094,1.7768,1.9645,1.3502,6.0061,0
2.1094,1.9118,0,1.4372,6.0326,6.1421
2.5078,2.0556,2.0557,1.4541,6.0756,0
2.708,2.201,2.0708,1.4626,6.114,0
2.9234,2.3472,2.1724,-8.8,6.1712,6.5271
3.1335,1.4672,2.3899,4.9,6.291,5.0673
3.3779,1.9572,2.6738,4.9,6.4508,4.3023
3.6383,2.4472,2.9411,3.0735,6.5821,0
3.9344,2.7546,3.0818,2.5375,6.6969,0
4.2349,3.0083,2.9654,2.314,6.8197,0
4.5219,3.2397,2.6269,2.1718,6.9432,0
4.782,3.4569,2.1723,2.0491,7.0794,0
5.0081,3.6618,1.7068,1.922,7.2096,0
5.1827,3.854,1.2832,1.7718,7.3502,0
5.1827,4.0312,0,1.6103,7.4742,3.2895
5.4184,4.1922,0.73083,1.4642,7.603,0
5.4883,4.3386,0.49662,1.3138,7.7185,0
5.5327,4.47,0.31611,1.1708,7.8345,0
5.5619,4.5871,0.24228,1.0395,7.9283,0
5.5881,4.6911,0.22907,0.93076,8.0177,0
5.6101,4.7841,0.29277,0.83771,8.1087,0
5.643,4.8679,0.33563,0.77075,8.1937,0
5.6725,4.945,0.30231,0.71048,8.2684,0
5.7121,5.016,0.20149,0.66874,8.3379,0
5.7372,5.0829,0.078546,0.61895,8.4007,0
5.7507,5.1448,-0.053276,0.56535,8.4613,0.30834
5.7544,5.2013,-0.14117,0.50998,8.5234,0.59088
5.7435,5.2523,-0.19635,0.44752,8.5657,0.75306
5.7265,5.2971,-0.20751,0.3873,8.604,0.74227
5.7019,5.3358,-0.19408,0.32734,8.6365,0.64122
5.6793,5.3685,-0.17832,0.27596,8.6715,0.54908
5.6537,5.3961,-0.10382,0.22769,8.71,0.27487
5.6413,5.4189,-0.033056,0.19575,8.7376,0.060937
5.6434,5.4385,0.0043208,0.17955,8.7504,0
5.6434,5.4564,0,0.15856,8.77,0
5.6434,5.4723,0,0.15483,8.7879,0
5.6497,5.4878,0.031928,0.14036,8.7941,0
5.6483,5.5018,0.025213,0.12668,8.8122,0
5.6468,5.5145,0.017209,0.11401,8.817,0
5.6479,5.5259,-0.0045557,0.10481,8.8206,0
5.6529,5.5364,-0.027861,0.10003,8.8392,0.042417
5.6494,5.5464,-0.034659,0.088314,8.8567,0.060442
5.6545,5.5552,-0.022454,0.084895,8.8585,0.030708
5.6545,5.5637,0,0.069116,8.868,0
5.6537,5.5706,0.033349,0.070883,8.881,0
5.6537,5.5777,0,0.074727,8.889,0.0047273
5.6537,5.5852,0,0.068707,8.8962,0.0069643
5.6695,5.592,0.20272,0.065984,8.9255,0
5.6941,5.5986,0.34235,0.081132,8.9254,0
5.7246,5.6067,0.5241,0.10002,8.9362,0
5.7863,5.6167,0.77779,0.14355,8.9443,0
5.7863,5.6311,0,0.18881,8.9605,0.11002
5.9539,5.65,1.2001,0.25601,8.9918,0
5.9539,5.6756,0,0.3365,9.021,0.23377
6.19,5.7092,1.0577,0.40151,9.0833,0
6.19,5.7494,0,0.4493,9.1294,0.1727
6.3739,5.7943,0.37678,0.47664,9.1775,0
6.4127,5.842,0.035755,0.46516,9.2271,0
6.4179,5.8885,-0.19713,0.42845,9.2909,0.56786
6.4031,5.9313,-0.31078,0.37878,9.3343,1.0242
6.3817,5.9692,-0.36485,0.32876,9.3692,1.2436
6.3455,6.0021,-0.33888,0.27231,9.4128,1.0935
6.3195,6.0293,-0.31361,0.22899,9.4403,0.96431
6.288,6.0522,-0.27957,0.18536,9.4657,0.81178
6.2623,6.0708,-0.25724,0.15017,9.4906,0.71935
6.2364,6.0858,-0.29488,0.11783,9.5151,0.86019
6.2067,6.0976,-0.42106,0.085175,9.5196,1.3914
6.1676,6.1061,-0.70163,0.047888,9.5266,2.9182
6.1063,6.1109,-1.0586,-0.001216,9.5278,5.661
5.9925,6.1107,-1.4168,-0.031407,9.5224,9.9616
5.8432,6.1076,-1.7395,-0.070446,9.5036,15.304
5.677,6.1006,-1.9789,-0.11353,9.4608,20.436
5.4833,6.0892,-2.0972,-0.16363,9.407,23.722
5.4833,6.0728,0,-0.21677,9.3473,0.76552
5.0743,6.0512,-1.9217,-0.26986,9.2406,21.221
4.8799,6.0242,-1.7289,-0.32101,9.1281,18.064
4.7057,5.9921,-1.5156,-0.3666,9.0101,14.944
4.5578,5.9554,-1.3146,-0.40525,8.8801,12.364
4.4229,5.9149,-1.2477,-0.44162,8.731,11.697
4.3038,5.8707,-1.2809,-0.47282,8.5875,12.246
4.1665,5.8234,-1.2351,-0.51079,8.4321,11.815
4.0342,5.7724,-1.1419,-0.54786,8.2715,10.804
3.9281,5.7176,-1.0217,-0.5786,8.0939,9.486
3.8255,5.6597,-0.84224,-0.61019,7.9028,7.7222
3.8255,5.5987,0,-8.8,7.7225,0
3.6634,4.7187,-1.1528,-0.30891,7.5816,9.3931
3.542,4.6878,-1.9064,-0.34112,7.4722,8.8409
3.3477,4.6537,-2.8636,-0.39687,7.3446,10.219
3.0665,4.614,-3.9606,-8.8,7.195,0
2.6793,3.734,-4.9037,-0.2692,7.0678,13.034
2.1847,3.7071,-4.9189,-0.39712,6.9424,13.562
1.7002,3.6674,-4.1971,-8.8,6.7692,0
1.2846,2.7874,-3.1726,-0.31284,6.6043,9.811
0.96961,2.7561,-1.9435,-0.38332,6.4366,7.7718
0.76969,2.7178,-0.74606,-8.8,6.2533,0
0.68845,1.8378,-0.061856,-0.1736,6.1073,2.5948
0.68845,1.8204,0,-0.17478,5.9932,2.2854
0.72573,1.8029,0.63049,-8.8,5.9014,0
0.78908,0.92292,0.96742,-0.010333,5.8441,0.0079562
0.89462,0.92189,1.4992,-0.0021044,5.8419,1.3556
0.89462,0.92168,0,1.3715,5.8392,6.6727
0.89462,1.0588,0,1.3769,5.8296,7.3172
1.3605,1.1965,1.3705,1.2653,5.8866,0
1.3605,1.3231,0,1.1199,5.8967,4.7551
1.5974,1.435,0.24615,0.92784,5.9057,1.8485
1.6138,1.5278,-0.22014,0.44348,5.924,2.1466
1.6005,1.5722,-0.58492,0.13969,5.9322,2.8331
1.54,1.5861,-0.91235,-0.0062482,5.9263,2.7746
1.4455,1.5855,-1.2061,-0.018966,5.9238,3.4483
1.3229,1.5836,-1.4187,-0.03554,5.8954,4.0302
1.1843,1.5801,-1.3973,-0.054193,5.8712,4.1961
1.1843,1.5746,0,-0.073739,5.8319,0.67873
0.91274,1.5673,-1.0109,-8.8,5.7607,0
0.81104,0.68727,-0.71806,-0.71806,5.7435,0
0.74758,0.61547,-0.44986,-0.44986,5.7531,0
0.70252,0.57048,-0.41949,-0.41949,5.7709,0
0.6586,0.52853,-0.51734,-0.51734,5.7893,0
0.6019,0.4768,-0.64784,-0.64784,5.8066,0
0.53931,0.41201,-0.74305,-0.74305,5.8145,0
0.46612,0.33771,-0.70626,-0.70626,5.8348,0
0.38573,0.26708,-0.61843,-0.61843,5.8499,0
0.33356,0.20524,-0.49823,-0.49823,5.8657,0
0.28995,0.15542,-0.3335,-0.3335,5.8725,0
0.25035,0.12207,-0.2091,-0.2091,5.8946,0
0.23095,0.10116,-0.1831,-0.1831,5.8989,0
0.20306,0.082847,-0.16638,-0.16638,5.9032,0
0.18311,0.066209,-0.141,-0.141,5.9237,0
0.17208,0.052109,-0.13765,-0.13765,5.9329,0
0.16229,0.038343,-0.14756,-0.14756,5.9468,0
0.14191,0.023587,-0.16528,-0.16528,5.961,0
0.11787,0.0070596,-0.17461,-0.17461,5.9678,0
0.10121,0,-0.19921,-0.19921,5.9737,0
0.084814,0,-0.20974,-0.20974,5.9933,0
0.06519,0,-0.20822,-0.20822,6.0064,0
0.050701,0,-0.19291,-0.19291,6.0179,0
0.0297,0,-0.19135,-0.19135,6.0228,0
0.015113,0,-0.18499,-0.18499,6.019,0
-0.005487,0,-0.20462,-0.20462,6.0243,0.011248
-0.016762,0,-0.21809,-0.21809,6.0143,0.034363
-0.046396,0,-0.24308,-0.24308,6.0042,0.095112
-0.074152,0,-0.27757,-0.27757,5.9986,0.15201
-0.10954,0,-0.3244,-0.3244,5.9934,0.22457
-0.14325,0,-0.058074,-0.058074,5.9835,0.29367
-0.15262,0,0.33578,0.33578,5.9656,0.31288
-0.11434,0.033578,0.67033,0.67033,5.9592,0.30323
-0.042647,0.10061,0.91143,0.91143,5.9437,0.29368
0.051058,0.19175,0.92804,0.92804,5.9242,0.29712
0.14113,0.28456,0.53629,0.53629,5.9149,0.30414
0.20076,0.33819,-0.011414,-0.011414,5.8957,0.29293
0.20076,0.33705,0,-0.57683,5.882,0
0.14022,0.27936,-1.0049,-1.0049,5.8767,0.28524
0.041335,0.17887,-1.1312,-1.1312,5.8584,0.28195
-0.066794,0.065752,-1.1403,-1.1403,5.8501,0.27172
-0.18788,0,-1.1714,-1.1714,5.8386,0.38516
-0.30786,0,-1.1887,-1.1887,5.818,0.63112
-0.4332,0,-1.2662,-1.2662,5.7961,0.88806
-0.56943,0,-1.3681,-1.3681,5.7473,1.1673
-0.70709,0,-1.4597,-1.4597,5.6886,1.4495
-0.70709,0,0,-1.4748,5.6252,0
-1.0096,0,-1.3843,-1.3843,5.5351,2.0697
-1.1434,0,-1.4261,-1.4261,5.4331,2.344
-1.1434,0,0,-1.5937,5.3259,0
-1.4391,0,-1.7696,-1.7696,5.1972,2.9502
-1.6239,0,-1.9274,-1.9274,5.0518,3.3291
-1.809,0,-1.9192,-8.8,4.8993,0
-2.0049,0,-1.5279,-8.8,4.7573,0
-2.1659,0,-1.0089,-8.8,4.5916,0
-2.265,0,-0.51917,-8.8,4.4097,0
-2.319,0,-0.33019,-8.8,4.2177,0
-2.3595,0,-0.47224,-8.8,4.0183,0
-2.3985,0,-0.81297,-8.8,3.8178,0
-2.4779,0,-1.0914,-8.8,3.6254,0
-2.5842,0,-1.2891,-8.8,3.4132,0
-2.7069,0,-1.2453,-8.8,3.1985,0
-2.7069,0,0,-8.8,2.9718,0
-2.9333,0,-1.1253,-8.8,2.7318,0
-3.0558,0,-1.2449,-8.8,2.4806,0
-3.1741,0,-1.3617,-8.8,2.2029,0
-3.3146,0,-1.4607,-8.8,1.9272,0
-3.462,0,-1.5111,-8.8,1.6336,0
-3.6105,0,-1.5315,-8.8,1.3252,0
-3.7584,0,-1.4858,-8.8,1.0051,0
-3.8986,0,-1.47,-12.952,0.66187,0
-4.0456,0,-1.4094,-25.783,0.33574,0
-4.1789,0,-1.2709,-173.21,0.050784,0
-4.2972,0,-1.0636,-19.871,0.49093,0
-4.3983,0,-0.81507,-61.522,0.15933,0
-4.4845,0,-0.61057,-347.72,0.028969,0
-4.5411,0,-0.43385,-8.8,1.3167,0
-4.5813,0,-0.29594,-11.958,0.89981,0
-4.6057,0,-0.22509,-21.349,0.50209,0
-4.6341,0,-0.23058,-69.776,0.1544,0
-4.6542,0,-0.23442,-360.03,0.030102,0
-4.6755,0,-0.34654,-8.8,1.3705,0
-4.7033,0,-0.53944,-12.234,0.94575,0
-4.7588,0,-0.66976,-21.981,0.53133,0
-4.8218,0,-0.82225,-73.867,0.15915,0
-4.9009,0,-0.98034,-239.1,0.050434,0
-5.0017,0,-1.0714,-17.815,0.74709,0
-5.1007,0,-0.99786,-39.72,0.33595,0
-5.2017,0,-0.96633,-909.2,0.014896,0
-5.2951,0,-0.94367,-8.8,4.0305,0
-5.3945,0,-0.90205,-8.8,3.5436,0
-5.4789,0,-0.89385,-8.8,3.0456,0
-5.5596,0,-1.1173,-8.8,2.5315,0
-5.681,0,-1.2967,-9.283,2.0206,0
-5.8059,0,-1.3478,-12.607,1.497,0
-5.9446,0,-1.3154,-19.46,0.97381,0
-6.0812,0,-1.2581,-39.872,0.47885,0
-6.1983,0,-1.0066,-278.3,0.069275,0
-6.2897,0,-0.79375,-24.471,0.83539,0
-6.376,0,-0.73875,-63.771,0.32248,0
-6.376,0,0,-2516.5,0.0037357,0
-6.52,0,-0.84834,-0.84834,11.948,13.366
-6.6138,0,-1.0557,-1.0557,11.288,13.558
-6.7289,0,-1.3947,-1.3947,10.624,13.794
-6.8712,0,-1.752,-1.752,9.9466,14.086
-7.0376,0,-2.2379,-2.2379,9.2675,14.427
-7.2588,0,-2.731,-2.731,8.562,14.88
-7.5398,0,-3.1076,-3.1076,7.8314,15.457
-7.8571,0,-2.9901,-2.9901,7.0804,16.107
-8.159,0,-2.1814,-2.1814,6.288,16.726
-8.3851,0,-1.0407,-1.0407,5.479,17.189
-8.489,0,0.13206,-8.8,4.6425,0
-8.4747,0,1.2774,-8.8,3.8347,0
-8.3405,0,2.0666,-9.3939,3.0349,0
-8.1365,0,2.2463,-12.466,2.2498,0
-8.1365,0,0,-18.476,1.4985,0
-7.6666,0,2.2746,-33.594,0.81933,0
