21.111,21.111,-0.069248,0,35.5,0.15772
21.113,21.111,-0.013376,0.00044121,35.49,0.02661
21.102,21.111,0.0053976,-0.0010973,35.498,0.0058202
21.102,21.111,0,-0.00061091,35.497,0.01799
21.107,21.111,0.024083,-0.00050614,35.483,0
21.106,21.111,0.033436,-0.00059084,35.477,0
21.115,21.111,0.044076,0.0014017,35.478,0
21.118,21.111,0.048246,0.0023408,35.473,0
21.13,21.111,0.048516,0.0057905,35.478,0
21.131,21.112,0.051334,0.0059373,35.489,0
21.126,21.112,0.053684,0.0042641,35.496,0
21.14,21.113,0.046686,0.008489,35.493,0
21.137,21.114,0.028354,0.0074583,35.493,0
21.139,21.114,0.020432,0.007746,35.502,0
21.132,21.115,0.027307,0.0053927,35.512,0
21.142,21.116,0.019821,0.0083413,35.521,0
21.142,21.117,0,0.0097791,35.524,0
21.144,21.118,0.017472,0.0084868,35.509,0
21.145,21.118,0.0024799,0.0084918,35.504,0
21.144,21.119,-0.019799,0.0077507,35.497,0.0082456
21.144,21.12,0,0.0081439,35.499,0
21.146,21.121,-0.043232,0.0080191,35.487,0.05951
21.148,21.122,-0.051206,0.0081952,35.484,0.077205
21.141,21.122,-0.026571,0.0056936,35.476,0.032243
21.137,21.123,0.0095835,0.004362,35.484,0
21.142,21.123,0.021008,0.0057277,35.49,0
21.142,21.124,0,0.0083978,35.492,0
21.156,21.125,0.058022,0.0097153,35.504,0
21.17,21.126,0.050885,0.013797,35.503,0
21.184,21.127,0.020348,0.018059,35.498,0
21.177,21.129,0.016395,0.015279,35.511,0
21.188,21.131,0.0071133,0.018096,35.518,0
21.179,21.132,0.0017689,0.014743,35.515,0
21.185,21.134,0.0037262,0.016295,35.522,0
21.176,21.135,0.0054409,0.012755,35.522,0
21.167,21.137,0.0038748,0.0095242,35.519,0
21.174,21.138,-0.011623,0.011316,35.517,0
21.175,21.139,-0.010674,0.011402,35.522,0
21.175,21.14,-0.0076872,0.011059,35.531,0
21.176,21.141,-0.0073414,0.01116,35.541,0
21.185,21.142,-0.013817,0.013518,35.548,0
21.176,21.144,-0.0038924,0.010251,35.556,0
21.169,21.145,-0.0073893,0.0076961,35.568,0
21.176,21.145,-0.012562,0.0096928,35.564,0
21.182,21.146,-0.002986,0.011404,35.563,0
21.175,21.147,0.00026977,0.0088543,35.56,0
21.18,21.148,0.0046366,0.0098457,35.567,0
21.184,21.149,0.0055724,0.010821,35.578,0
21.185,21.15,0.0046003,0.010965,35.582,0
21.178,21.152,0.017612,0.008264,35.582,0
21.181,21.152,0.013721,0.0089116,35.579,0
21.189,21.153,0.0063495,0.011447,35.59,0
21.189,21.154,0,0.011384,35.594,0
21.193,21.156,0.02682,0.011756,35.596,0
21.196,21.157,0.0048775,0.012487,35.605,0
21.191,21.158,0.012713,0.01056,35.617,0
21.197,21.159,0.01307,0.011982,35.613,0
21.205,21.16,0.018059,0.014035,35.619,0
21.216,21.162,-0.019293,0.017173,35.617,0
21.207,21.163,-0.018323,0.013826,35.622,0
21.2,21.165,-0.024839,0.011232,35.63,0.003837
21.2,21.166,0,0.0075686,35.634,0
21.194,21.167,-0.040979,0.0087831,35.626,0.050909
21.183,21.167,-0.013455,0.0048464,35.626,0.007307
21.189,21.168,-0.003861,0.0066648,35.633,0
21.183,21.169,0.0064478,0.0045518,35.642,0
21.181,21.169,-0.00029839,0.0038364,35.64,0
21.178,21.169,0.013558,0.0026224,35.648,0
21.182,21.17,0.0049547,0.0038114,35.65,0
21.184,21.17,0.0002737,0.0045456,35.646,0
21.184,21.171,-0.018829,0.0042074,35.639,0.021802
21.191,21.171,-0.022513,0.0063974,35.634,0.020154
21.181,21.172,-0.020967,0.0029856,35.633,0.031903
21.169,21.172,-0.032962,-0.0003175,35.642,0.077169
21.171,21.172,-0.039274,-0.00013772,35.644,0.088683
21.164,21.172,-0.019247,-0.00087109,35.641,0.055342
21.16,21.172,-0.019005,-0.0013245,35.633,0.062081
21.153,21.172,-0.057062,-0.0021899,35.628,0.16469
21.15,21.171,-0.069832,-0.0024685,35.635,0.20087
21.148,21.171,-0.055554,-0.0026644,35.637,0.16899
21.151,21.171,-0.062415,-0.0023032,35.631,0.17968
21.142,21.171,-0.071296,-0.0033352,35.623,0.21924
21.125,21.17,-0.036571,-0.0052261,35.616,0.16598
21.114,21.17,-0.00027607,-0.0064091,35.608,0.10211
21.116,21.169,0.0032383,-0.0061105,35.596,0.089569
21.109,21.169,-0.0029619,-0.0068341,35.592,0.11479
21.105,21.168,0.019238,-0.0072308,35.595,0.072853
21.111,21.167,0.0070794,-0.0064688,35.598,0.086925
21.118,21.167,-0.0037201,-0.0055498,35.592,0.095896
21.112,21.166,-0.0052256,-0.0062227,35.59,0.11002
21.112,21.165,0.0024406,-0.0061887,35.58,0.092497
21.11,21.165,-0.0037044,-0.0063621,35.582,0.10884
21.114,21.164,0.011575,-0.0057584,35.567,0.065864
21.123,21.164,0.014985,-0.0046797,35.556,0.041664
21.12,21.163,0.013901,-0.004977,35.559,0.048618
21.128,21.163,0.0080372,-0.0039754,35.559,0.045325
21.122,21.162,0.019792,-0.0045923,35.551,0.03025
21.118,21.162,0.0040675,-0.0050385,35.557,0.0706
21.118,21.161,0,-0.0057026,35.553,0.076937
21.117,21.161,-0.0087851,-0.0050408,35.553,0.098833
21.11,21.16,-0.0030025,-0.0057958,35.541,0.098033
21.116,21.16,-0.0090559,-0.0050255,35.529,0.099094
21.107,21.159,0.0083962,-0.0059768,35.519,0.075921
21.107,21.158,0,-0.0049964,35.513,0.095098
21.108,21.158,0.020338,-0.0057304,35.515,0.046687
21.108,21.157,0,-0.0059444,35.51,0.088594
21.112,21.157,0.017865,-0.0051383,35.516,0.042654
21.113,21.156,-0.01657,-0.0049814,35.504,0.11518
21.112,21.156,-0.023303,-0.0051176,35.502,0.13275
21.109,21.155,-0.019205,-0.0053232,35.488,0.12662
21.107,21.155,-0.01185,-0.0055545,35.484,0.11366
21.097,21.154,-0.014209,-0.0065818,35.487,0.13556
21.09,21.153,0.018301,-0.0074074,35.488,0.077069
21.09,21.153,0.038603,-0.0073013,35.483,0.033226
21.089,21.152,0.034867,-0.0072524,35.483,0.040084
21.097,21.151,0.047108,-0.0063064,35.484,0.0010878
21.096,21.151,0.050555,-0.006324,35.468,0
21.098,21.15,0.044121,-0.0059988,35.458,0.0021993
21.108,21.149,0.037763,-0.0047813,35.46,0
21.109,21.149,0.044574,-0.0046039,35.452,0
21.104,21.148,-0.021153,-0.0051608,35.453,0.12833
21.095,21.148,-0.087684,-0.0061307,35.441,0.30889
21.087,21.147,-0.14659,-0.0070141,35.445,0.49051
21.066,21.147,-0.18419,-0.0093504,35.43,0.65065
21.056,21.146,-0.1927,-0.01038,35.428,0.69805
21.046,21.145,-0.14727,-0.011492,35.423,0.57474
21.027,21.144,-0.076205,-0.013595,35.409,0.40743
21.02,21.142,-0.02353,-0.014245,35.399,0.28248
21.017,21.141,0.013874,-0.014371,35.385,0.19633
21.017,21.139,0.026879,-0.01425,35.376,0.16535
21.015,21.138,0.039951,-0.014371,35.36,0.1388
21.019,21.136,0.043556,-0.013698,35.342,0.12054
21.021,21.135,0.046778,-0.013351,35.337,0.10839
21.024,21.134,0.042384,-0.012836,35.324,0.1095
21.021,21.132,0.038343,-0.012991,35.317,0.12035
21.021,21.131,0,-0.012604,35.306,0.20325
21.024,21.13,0.030804,-0.012407,35.303,0.1272
21.025,21.129,0.024545,-0.012115,35.292,0.13604
21.035,21.127,0.017706,-0.010799,35.286,0.13025
21.043,21.126,0.0087706,-0.009748,35.283,0.13332
21.043,21.125,-0.007089,-0.0096888,35.28,0.16807
21.046,21.124,-0.0016026,-0.0091463,35.268,0.14685
21.052,21.124,0.010493,-0.008393,35.269,0.10812
21.045,21.123,0.030783,-0.0090755,35.254,0.075275
21.04,21.122,0.034658,-0.0095817,35.242,0.074895
21.04,21.121,0,-0.008405,35.234,0.15059
21.057,21.12,0.039055,-0.0074282,35.218,0.032889
21.061,21.119,0.034424,-0.0067842,35.21,0.032482
21.074,21.119,0.01528,-0.0051702,35.209,0.047456
21.073,21.118,0.018734,-0.0052363,35.204,0.041203
21.082,21.118,0.025453,-0.0041838,35.198,0.011236
21.081,21.117,0.039292,-0.0042751,35.193,0
21.075,21.117,0.054932,-0.0049189,35.198,0
21.08,21.116,0.052083,-0.004247,35.19,0
21.09,21.116,0.062784,-0.0029719,35.192,0
21.092,21.115,0.069483,-0.0027383,35.18,0
21.095,21.115,0.053369,-0.0023927,35.171,0
21.099,21.115,0.044105,-0.0018271,35.173,0
21.104,21.115,0.042136,-0.0012055,35.176,0
21.117,21.115,0.028584,0.0007431,35.166,0
21.126,21.115,0.0067528,0.0035426,35.171,0
21.121,21.115,0.010176,0.0017913,35.175,0
21.122,21.115,-0.0038978,0.0019991,35.174,0
21.127,21.115,-0.0087856,0.0035979,35.182,0.0026291
21.132,21.116,-0.016701,0.0051771,35.19,0.012634
21.132,21.116,-0.036431,0.0048839,35.2,0.057797
21.134,21.117,-0.051575,0.0052989,35.206,0.090914
21.134,21.117,0,0.0042761,35.208,0
21.126,21.118,-0.055228,0.0026718,35.214,0.11156
21.115,21.118,-0.085087,-0.0003597,35.22,0.20331
21.099,21.118,-0.062669,-0.0021903,35.213,0.1777
21.098,21.118,-0.057538,-0.002265,35.208,0.16638
21.103,21.118,-0.036716,-0.0017448,35.201,0.1085
21.108,21.117,-0.0051047,-0.0011563,35.207,0.028711
21.116,21.117,0.032888,-0.00013795,35.199,0
21.121,21.117,0.046743,0.0011313,35.189,0
21.126,21.117,0.084004,0.002839,35.187,0
21.135,21.118,0.07984,0.0053972,35.188,0
21.138,21.118,0.054146,0.0061312,35.199,0
21.136,21.119,0.027426,0.005441,35.201,0
21.136,21.119,0,0.0084769,35.203,0
21.145,21.12,-0.053214,0.007861,35.204,0.08305
21.145,21.121,-0.083023,0.0074984,35.21,0.15712
21.141,21.122,-0.071263,0.0061269,35.209,0.13433
21.128,21.122,-0.046653,0.0017772,35.204,0.095446
21.114,21.123,-0.014057,-0.00098798,35.198,0.045472
21.107,21.122,0.013861,-0.0018607,35.198,0
21.103,21.122,0.021353,-0.0022475,35.204,0
21.112,21.122,0.037425,-0.0011189,35.2,0
21.117,21.122,-0.00064336,-0.00058066,35.193,0.010293
21.114,21.122,-0.019406,-0.00091732,35.195,0.056135
21.111,21.122,-0.0057665,-0.0013091,35.199,0.032493
21.115,21.122,0.025779,-0.00076999,35.204,0
21.114,21.122,0.018311,-0.00087526,35.202,0
21.117,21.121,0.063143,-0.000575,35.196,0
21.117,21.121,0,0.00095276,35.196,0.01196
21.131,21.121,0.076614,0.0030103,35.199,0
21.129,21.122,0.057104,0.0023096,35.209,0
21.136,21.122,0.035052,0.0043955,35.218,0
21.132,21.122,0.013706,0.0031132,35.21,0
21.139,21.123,0.011826,0.0051091,35.212,0
21.14,21.123,0.014447,0.0052455,35.219,0
21.139,21.124,0.029449,0.0048555,35.213,0
21.149,21.124,0.052127,0.007717,35.216,0
21.149,21.125,0.059322,0.0076455,35.216,0
21.158,21.126,0.050801,0.010193,35.212,0
21.158,21.127,0,0.013423,35.216,0
21.169,21.128,0.056414,0.012867,35.227,0
21.167,21.129,0.049289,0.011783,35.234,0
21.164,21.131,0.058712,0.010433,35.233,0
21.17,21.132,0.050516,0.012085,35.236,0
21.17,21.133,0,0.011839,35.24,0
21.184,21.134,0.02614,0.015689,35.24,0
21.184,21.136,0,0.015641,35.245,0
21.195,21.137,0.013823,0.018202,35.243,0
21.198,21.139,0.027596,0.018596,35.248,0
21.209,21.141,0.038699,0.02141,35.248,0
21.205,21.143,0.037658,0.019575,35.26,0
21.203,21.145,0.024988,0.018072,35.265,0
21.198,21.147,0.025358,0.016015,35.271,0
21.207,21.148,0.020124,0.018433,35.275,0
21.2,21.15,0.0011949,0.015542,35.272,0
21.2,21.152,0,0.012015,35.277,0
21.2,21.153,0,0.013991,35.281,0
21.199,21.154,0.017826,0.014052,35.285,0
21.201,21.156,0.0084871,0.014087,35.3,0
21.2,21.157,0.0020683,0.013472,35.302,0
21.205,21.159,-0.0072195,0.01459,35.311,0
21.205,21.16,0,0.014393,35.316,0
21.197,21.161,-0.024827,0.011023,35.316,0.0041758
21.19,21.163,-0.022142,0.0086326,35.328,0.0090206
21.181,21.163,-0.0020278,0.0055705,35.336,0
21.177,21.164,0.014388,0.0040351,35.336,0
21.182,21.164,0.031515,0.0054393,35.333,0
21.195,21.165,0.04392,0.009316,35.338,0
21.206,21.166,0.046099,0.012615,35.338,0
21.213,21.167,0.046605,0.014247,35.351,0
21.212,21.169,0.033262,0.013492,35.36,0
21.214,21.17,0.0050065,0.013755,35.367,0
21.218,21.171,-0.0078086,0.014589,35.375,0
21.214,21.173,-0.0064942,0.013085,35.382,0
21.211,21.174,-0.019329,0.011681,35.391,0
21.208,21.175,-0.0079014,0.010399,35.398,0
21.198,21.176,0.013185,0.0067667,35.398,0
21.198,21.177,0,0.0084319,35.4,0
21.199,21.178,-0.0017784,0.0066106,35.39,0
21.203,21.178,0.00065169,0.0077789,35.388,0
21.199,21.179,-0.01443,0.0062897,35.4,0.0027619
21.195,21.18,-0.029354,0.0046865,35.402,0.042733
21.188,21.18,-0.040856,0.0025358,35.405,0.078562
21.186,21.181,-0.032521,0.0018614,35.396,0.062598
21.186,21.181,0,0.00023448,35.397,0
21.177,21.181,-0.027401,-0.00042338,35.386,0.066219
21.167,21.181,-0.014191,-0.0016243,35.388,0.055906
21.167,21.181,0,-0.0023433,35.386,0.023346
21.167,21.18,0,-0.0016323,35.385,0.024374
21.168,21.18,-0.013306,-0.0014133,35.392,0.050639
21.168,21.18,0,-0.0011178,35.39,0.022269
21.168,21.18,0,-0.0010774,35.389,0.022124
21.177,21.18,-0.034462,-0.00036224,35.373,0.081226
21.165,21.18,-0.0378,-0.001761,35.368,0.11142
21.169,21.18,-0.028491,-0.0012049,35.366,0.081137
21.163,21.179,-0.015571,-0.0018847,35.366,0.06303
21.156,21.179,-0.0073016,-0.0026849,35.373,0.057504
21.15,21.179,0.0064214,-0.0034286,35.381,0.039612
21.144,21.179,0.031065,-0.0040357,35.369,0
21.144,21.178,0,-0.0029223,35.366,0.064401
21.161,21.178,0.053419,-0.0020158,35.37,0
21.159,21.178,0.061194,-0.0021545,35.367,0
21.172,21.178,0.060695,-0.00062151,35.363,0
21.173,21.178,0.052336,-0.00054297,35.358,0
21.184,21.177,0.045663,0.0021161,35.362,0
21.185,21.178,0.053005,0.0021489,35.369,0
21.185,21.178,0,0.0014901,35.369,0
21.196,21.178,0.068246,0.0056952,35.354,0
21.212,21.179,0.079736,0.010441,35.359,0
21.227,21.18,0.099314,0.014828,35.354,0
21.233,21.181,0.10169,0.016244,35.361,0
21.246,21.183,0.11439,0.01975,35.358,0
21.256,21.185,0.12605,0.02243,35.367,0
21.275,21.187,0.1171,0.027558,35.366,0
21.29,21.19,0.098475,0.031492,35.368,0
21.294,21.193,0.099221,0.031628,35.376,0
21.294,21.196,0,0.033397,35.386,0
21.321,21.199,0.11222,0.038089,35.398,0
21.33,21.203,0.1378,0.039624,35.42,0
21.348,21.207,0.14489,0.044287,35.425,0
21.348,21.212,0,0.047432,35.439,0
21.373,21.216,0.084133,0.048974,35.453,0
21.373,21.221,0,0.052795,35.468,0
21.404,21.226,0.054103,0.055609,35.47,0
21.417,21.232,0.084982,0.058084,35.496,0
21.422,21.238,0.15672,0.057599,35.521,0
21.438,21.244,0.2588,0.06094,35.537,0
21.466,21.25,0.3397,0.067721,35.557,0
21.492,21.256,0.42424,0.073895,35.576,0
21.537,21.264,0.4648,0.085728,35.602,0
21.586,21.272,0.48231,0.098297,35.626,0
21.632,21.282,0.4034,0.10951,35.662,0
21.677,21.293,0.43851,0.12035,35.697,0
21.728,21.305,0.45467,0.13235,35.738,0
21.781,21.319,0.51662,0.14489,35.791,0
21.828,21.333,0.57868,0.15532,35.836,0
21.889,21.349,0.75054,0.16943,35.885,0
21.965,21.365,0.79054,0.1879,35.945,0
22.047,21.384,0.83966,0.20798,36.005,0
22.128,21.405,0.85079,0.22657,36.069,0
22.128,21.428,0,0.24568,36.14,0
22.128,21.452,0,0.26252,36.209,0
22.376,21.479,0.8417,0.2815,36.295,0
22.462,21.507,0.82769,0.29953,36.388,0
22.552,21.537,0.81541,0.31817,36.477,0
22.552,21.568,0,0.33162,36.577,0
22.552,21.602,0,0.34367,36.674,0
22.784,21.636,0.75029,0.35975,36.79,0
22.784,21.672,0,0.37124,36.903,0
22.932,21.709,0.70572,0.38347,37.026,0
23.001,21.747,0.66466,0.39301,37.158,0
23.077,21.787,0.62083,0.4046,37.283,0
23.149,21.827,0.60349,0.41423,37.405,0
23.218,21.869,0.54989,0.42285,37.532,0
23.218,21.911,0,0.42386,37.665,0
23.309,21.953,0.35042,0.42489,37.787,0
23.309,21.996,0,0.42285,37.92,0
23.376,22.038,0.018486,0.4192,38.055,0
23.382,22.08,-0.26458,0.40775,38.183,0
23.362,22.121,-0.77495,0.38876,38.312,0.85085
23.285,22.16,-1.7021,0.35251,38.428,10.455
23.122,22.195,-2.6895,0.29023,38.527,35.364
23.122,22.224,0,0.1939,38.618,0
22.54,22.243,-2.8232,0.092832,38.647,42.717
22.264,22.253,-2.4734,0.0036279,38.656,31.313
22.01,22.253,-1.7773,-0.025839,38.654,16.336
21.824,22.25,-0.9486,-0.045458,38.611,6.3197
21.737,22.246,-0.6401,-0.054252,38.565,4.1469
21.737,22.24,0,-0.061485,38.515,0.98406
21.586,22.234,-0.79781,-0.069541,38.434,5.8476
21.502,22.227,-0.63447,-0.077969,38.376,4.8468
21.432,22.219,-0.52732,-0.084821,38.305,4.3065
21.376,22.211,-0.42269,-0.090224,38.223,3.7917
21.342,22.202,-0.2506,-0.093339,38.131,2.9104
21.324,22.193,-0.09294,-0.094507,38.05,2.203
21.312,22.183,0.064816,-0.09515,37.96,1.6143
21.32,22.174,0.2327,-0.093514,37.881,1.0837
21.333,22.164,0.37926,-0.091287,37.8,0.72442
21.38,22.155,0.48585,-0.085443,37.717,0.47125
21.38,22.147,0,-0.078838,37.64,1.613
21.481,22.139,0.62319,-0.072911,37.573,0.19274
21.539,22.131,0.67041,-0.065843,37.506,0.10246
21.614,22.125,0.70108,-0.056897,37.451,0.018026
21.686,22.119,0.7326,-0.048338,37.396,0
21.761,22.114,0.75746,-0.039492,37.349,0
21.835,22.11,0.77137,-0.030807,37.32,0
21.835,22.107,0,-0.022152,37.292,0.54168
21.981,22.105,0.76971,-0.013903,37.282,0
22.067,22.104,0.75596,-0.0041378,37.275,0
22.152,22.103,0.75851,0.014929,37.276,0
22.237,22.105,0.75285,0.040553,37.284,0
22.322,22.109,0.75739,0.065231,37.301,0
22.391,22.115,0.75718,0.084426,37.32,0
22.461,22.124,0.75548,0.10316,37.355,0
22.537,22.134,0.74629,0.12331,37.396,0
22.613,22.146,0.73379,0.14291,37.44,0
22.684,22.161,0.7286,0.16015,37.486,0
22.761,22.177,0.7172,0.17897,37.543,0
22.835,22.195,0.71478,0.19618,37.597,0
22.913,22.214,0.71129,0.21411,37.66,0
22.978,22.236,0.7184,0.22733,37.729,0
22.978,22.258,0,0.24215,37.802,0
23.113,22.283,0.68234,0.25425,37.886,0
23.183,22.308,0.59504,0.26801,37.977,0
23.235,22.335,0.38145,0.27567,38.06,0
23.28,22.362,0.068885,0.28122,38.144,0
23.28,22.391,-0.27543,0.27252,38.241,0
23.252,22.418,-0.64698,0.25563,38.33,0.90509
23.189,22.443,-0.92749,0.22835,38.414,2.835
23.102,22.466,-1.048,0.19474,38.473,4.0402
22.999,22.486,-1.0101,0.15734,38.523,4.0052
22.893,22.501,-0.93932,0.11987,38.568,3.7129
22.804,22.513,-0.8279,0.088991,38.594,3.1075
22.726,22.522,-0.74287,0.062421,38.62,2.718
22.661,22.529,-0.70009,0.040574,38.637,2.5942
22.59,22.533,-0.73494,0.017659,38.643,2.9722
22.59,22.534,0,-0.0015439,38.648,0
22.442,22.534,-0.77282,-0.009955,38.632,3.6618
22.367,22.533,-0.80455,-0.017968,38.617,4.1495
22.287,22.531,-0.81753,-0.026453,38.595,4.5262
22.287,22.529,0,-0.035315,38.571,0.43931
22.113,22.525,-0.78541,-0.04462,38.524,4.8751
22.043,22.521,-0.78559,-0.051853,38.481,5.1143
22.043,22.516,0,-0.059841,38.433,0.91409
21.887,22.51,-0.75448,-0.067908,38.36,5.3914
21.805,22.503,-0.76275,-0.076258,38.304,5.732
21.738,22.495,-0.79894,-0.082933,38.228,6.2529
21.651,22.487,-0.8433,-0.091828,38.156,6.944
21.651,22.478,0,-0.10106,38.073,1.6985
21.459,22.468,-1.0477,-0.11168,37.962,9.7017
21.345,22.456,-1.1545,-0.12349,37.861,11.395
21.225,22.444,-1.2479,-0.13608,37.748,13.08
21.098,22.431,-1.326,-0.1494,37.622,14.691
20.97,22.416,-1.3692,-0.16298,37.486,15.87
20.834,22.399,-1.3845,-0.17753,37.326,16.682
20.694,22.382,-1.4004,-0.1926,37.173,17.532
20.56,22.362,-1.4,-0.20713,36.999,18.092
20.416,22.342,-1.387,-0.22284,36.816,18.492
20.282,22.319,-1.3702,-0.23757,36.618,18.77
20.154,22.296,-1.3573,-0.2519,36.407,19.072
20.02,22.27,-1.3453,-0.267,36.191,19.405
19.886,22.244,-1.3588,-0.28221,35.964,20.132
19.886,22.215,0,-0.29878,35.73,5.6474
19.597,22.186,-1.453,-0.31609,35.473,22.822
19.454,22.154,-1.5108,-0.33331,35.204,24.384
19.308,22.121,-1.5787,-0.35123,34.929,26.194
19.155,22.085,-1.6043,-0.37023,34.646,27.263
19.155,22.048,0,-0.39181,34.354,7.2617
18.822,22.009,-1.6774,-0.41311,34.034,29.979
18.654,21.968,-1.6615,-0.43543,33.716,30.273
18.654,21.924,0,-0.45901,33.387,8.3627
18.313,21.878,-1.6854,-0.48243,33.03,31.955
18.143,21.83,-1.6963,-0.5068,32.673,32.748
17.976,21.78,-1.7673,-0.53142,32.298,34.794
17.794,21.726,-1.8866,-0.55911,31.907,38.093
17.602,21.671,-1.972,-0.58931,31.498,40.768
17.408,21.612,-2.0919,-0.62028,31.092,44.438
17.408,21.55,0,-0.65575,30.675,10.754
16.979,21.484,-2.2725,-0.69198,30.226,50.776
16.753,21.415,-2.3269,-0.73201,29.762,53.043
16.512,21.342,-2.421,-0.77609,29.282,56.627
16.276,21.264,-2.4191,-0.82122,28.786,57.177
16.03,21.182,-2.4108,-0.86987,28.279,57.523
15.78,21.095,-2.3879,-0.92175,27.747,57.358
15.546,21.003,-2.3431,-0.97311,27.203,56.371
15.31,20.905,-2.2791,-1.0269,26.654,54.795
15.31,20.803,0,-1.0803,26.1,13.802
14.87,20.695,-2.2582,-1.1361,25.517,54.453
14.639,20.581,-2.2543,-1.1979,24.923,54.402
14.413,20.461,-2.2401,-1.2619,24.317,53.931
14.186,20.335,-2.1944,-1.3281,23.715,52.495
13.97,20.202,-2.137,-1.3965,23.093,50.605
13.762,20.063,-2.0769,-1.4671,22.461,48.555
13.558,19.916,-2.0445,-1.5397,21.827,47.166
13.362,19.762,-2.0418,-1.6135,21.194,46.426
13.163,19.601,-2.0795,-1.6914,20.559,46.65
12.964,19.431,-2.1001,-1.7759,19.904,46.284
12.759,19.254,-2.1197,-1.8661,19.248,45.791
12.759,19.067,0,-1.9586,18.608,11.363
12.35,18.871,-2.1173,-2.055,17.963,43.394
