9.0302,9.0302,1.1777,0,35.5,0.44589
9.1505,9.0302,1.3838,6.7,35.514,37.356
9.2821,9.7002,1.3919,6.7,35.504,40.45
9.4184,10.37,1.4789,6.7,35.443,42.417
9.4184,11.04,0,6.7,35.314,72.114
9.7095,11.71,1.5445,-0.12441,35.147,1.4362
9.8708,11.698,1.56,-0.11446,34.964,1.3121
10.029,11.686,1.593,-0.10461,34.78,1.2387
10.195,11.676,1.5993,-0.094119,34.624,1.1752
10.195,11.666,0,-0.083316,34.476,3.7366
10.528,11.658,1.5716,-0.072577,34.363,1.0695
10.684,11.651,1.5351,-0.062383,34.251,1.0043
10.831,11.645,1.458,-0.052645,34.172,0.86877
10.972,11.639,1.3927,-0.043294,34.108,0.75562
11.12,11.635,1.3181,-0.033507,34.054,0.62562
11.252,11.632,1.2481,-0.024771,34.005,0.50328
11.378,11.629,1.2104,-0.016376,33.977,0.44636
11.504,11.628,1.1738,-0.0080598,33.96,0.39595
11.62,11.627,1.0901,-0.00046809,33.958,0.24078
11.72,11.627,0.93399,0.076553,33.963,0
11.817,11.634,0.82188,0.15022,33.972,0
11.817,11.649,0,0.20224,33.989,0.11719
11.961,11.67,0.59968,0.23904,34.02,0
12.02,11.694,0.45445,0.26683,34.051,0
12.068,11.72,0.36979,0.28321,34.082,0
12.104,11.749,0.2706,0.28918,34.116,0
12.129,11.777,0.1617,0.28482,34.15,0
12.136,11.806,0.0075486,0.26645,34.181,0
12.128,11.833,-0.12976,0.23768,34.204,0.29259
12.112,11.856,-0.26185,0.20504,34.236,0.76058
12.093,11.877,-0.38394,0.17338,34.266,1.268
12.048,11.894,-0.49844,0.12324,34.286,1.8013
11.999,11.906,-0.50267,0.074214,34.298,1.7927
11.94,11.914,-0.43281,0.020611,34.297,1.426
11.905,11.916,-0.25053,-0.00075596,34.3,0.71946
11.889,11.916,-0.08337,-0.0017642,34.289,0.24909
11.873,11.916,0.084933,-0.0028316,34.287,0
11.882,11.915,0.24613,-0.0022306,34.289,0
11.909,11.915,0.46848,-0.00043884,34.292,0
11.95,11.915,0.67271,0.027894,34.293,0
12.01,11.918,0.96936,0.07377,34.309,0
12.097,11.925,1.298,0.13713,34.319,0.38783
12.225,11.939,1.6532,0.22762,34.34,1.1868
12.393,11.962,2.0172,0.3425,34.37,2.1607
12.393,11.996,0,0.47875,34.411,0.38458
12.845,12.044,2.6676,0.63082,34.491,4.0099
12.845,12.107,0,0.79294,34.568,0.58502
13.418,12.186,2.9645,0.95564,34.676,4.1933
13.712,12.282,2.8142,1.0985,34.811,2.9086
13.99,12.392,2.4251,1.2143,34.956,0.85277
14.23,12.513,1.9871,1.2883,35.116,0
14.428,12.642,1.5657,1.3238,35.293,0
14.592,12.774,1.1876,1.3295,35.465,0
14.592,12.907,0,1.3009,35.64,0
14.797,13.037,0.86351,1.2553,35.825,0
14.874,13.163,0.80526,1.2066,36.008,0
14.95,13.284,0.70968,1.1628,36.186,0
15.019,13.4,0.66047,1.1176,36.348,0
15.083,13.512,0.60269,1.0743,36.511,0
15.145,13.619,0.47859,1.0334,36.667,0
15.202,13.722,0.41764,0.99301,36.823,0
15.202,13.822,0,0.94652,36.966,0
15.293,13.916,0.39782,0.90839,37.109,0
15.293,14.007,0,0.86561,37.242,0
15.358,14.094,0.40597,0.82189,37.371,0
15.39,14.176,0.4063,0.78396,37.487,0
15.431,14.254,0.39113,0.75495,37.613,0
15.478,14.33,0.37417,0.73214,37.726,0
15.514,14.403,0.36321,0.7047,37.846,0
15.549,14.474,0.36529,0.67851,37.947,0
15.593,14.541,0.37569,0.65936,38.054,0
15.638,14.607,0.39433,0.64309,38.152,0
15.638,14.672,0,0.62051,38.251,0
15.638,14.734,0,0.60588,38.345,0
15.756,14.794,0.50863,0.59144,38.439,0
15.813,14.853,0.54309,0.58726,38.538,0
15.859,14.912,0.5923,0.57701,38.624,0
15.913,14.97,0.66185,0.57235,38.713,0
15.989,15.027,0.75237,0.58105,38.806,0
15.989,15.085,0,0.59425,38.899,0
16.153,15.145,0.8758,0.60395,38.995,0
16.247,15.205,0.91812,0.62159,39.103,0
16.332,15.267,0.95009,0.63243,39.206,0
16.428,15.33,0.98905,0.64908,39.313,0
16.533,15.395,1.0523,0.66964,39.434,0
16.643,15.462,1.1094,0.69151,39.55,0
16.751,15.531,1.1197,0.71112,39.679,0
16.861,15.603,1.0599,0.73054,39.805,0
16.962,15.676,0.91166,0.74324,39.94,0
17.044,15.75,0.73346,0.74401,40.079,0
17.118,15.824,0.5838,0.73977,40.21,0
17.17,15.898,0.46825,0.72378,40.344,0
17.218,15.971,0.3893,0.70677,40.468,0
17.218,16.041,0,0.68833,40.589,0
17.301,16.11,0.3406,0.66844,40.719,0
17.34,16.177,0.33669,0.65,40.837,0
17.383,16.242,0.34096,0.63501,40.958,0
17.409,16.306,0.33875,0.61193,41.065,0
17.447,16.367,0.33981,0.59663,41.173,0
17.447,16.426,0,0.57594,41.278,0
17.507,16.484,0.32542,0.56066,41.379,0
17.544,16.54,0.34971,0.54819,41.483,0
17.573,16.595,0.38254,0.53257,41.577,0
17.616,16.648,0.40445,0.5253,41.674,0
17.616,16.701,0,0.51278,41.768,0
17.696,16.752,0.44496,0.50886,41.873,0
17.745,16.803,0.41761,0.50619,41.961,0
17.793,16.853,0.38933,0.50343,42.06,0
17.841,16.904,0.36986,0.50084,42.152,0
17.874,16.954,0.35532,0.49005,42.236,0
17.918,17.003,0.33029,0.4862,42.329,0
17.959,17.051,0.31769,0.4809,42.426,0
17.991,17.1,0.31833,0.47106,42.523,0
18.021,17.147,0.31727,0.46049,42.622,0
18.05,17.193,0.30593,0.45027,42.707,0
18.085,17.238,0.30994,0.44427,42.792,0
18.113,17.282,0.3605,0.43437,42.867,0
18.149,17.326,0.41723,0.42931,42.945,0
18.185,17.369,0.48347,0.4246,43.025,0
18.227,17.411,0.50881,0.42358,43.11,0
18.275,17.453,0.52279,0.4252,43.201,0
18.331,17.496,0.4966,0.43135,43.284,0
18.372,17.539,0.50233,0.42924,43.368,0
18.372,17.582,0,0.43284,43.449,0
18.469,17.625,0.60634,0.43253,43.538,0
18.53,17.668,0.66277,0.44091,43.633,0
18.598,17.713,0.68154,0.45195,43.715,0
18.657,17.758,0.657,0.45817,43.806,0
18.717,17.804,0.58294,0.46402,43.897,0
18.784,17.85,0.54388,0.47309,43.984,0
18.838,17.897,0.54237,0.47513,44.07,0
18.887,17.945,0.57161,0.4751,44.166,0
18.887,17.992,0,0.47405,44.257,0
18.99,18.04,0.64437,0.47679,44.349,0
19.05,18.087,0.65742,0.48164,44.437,0
19.122,18.136,0.67877,0.49232,44.538,0
19.18,18.185,0.67979,0.49551,44.646,0
19.239,18.234,0.68684,0.4987,44.739,0
19.239,18.284,0,0.50797,44.837,0
19.37,18.335,0.69858,4.8,44.95,22.591
19.434,18.815,0.70242,0.29313,45.034,0
19.504,18.844,0.69389,0.31217,45.093,0
19.575,18.876,0.67214,0.3304,45.166,0
19.575,18.909,0,0.34715,45.234,0
19.716,18.943,0.63607,0.36384,45.315,0
19.771,18.98,0.64209,0.37238,45.389,0
19.841,19.017,0.67902,0.387,45.476,0
19.913,19.056,0.69257,0.402,45.552,0
19.913,19.096,0,0.41144,45.636,0
20.052,19.137,0.64708,0.4272,45.734,0
20.11,19.18,0.61974,0.43349,45.833,0
20.177,19.223,0.6375,0.444,45.935,0
20.248,19.267,0.69252,0.45539,46.031,0
20.315,19.313,0.79696,0.46439,46.129,0
20.39,19.359,0.85246,0.47648,46.227,0
20.483,19.407,0.87929,0.49635,46.332,0
20.561,19.457,0.8738,0.50869,46.44,0
20.659,19.508,0.85189,4.8,46.546,20.113
20.748,19.988,0.8311,0.33586,46.635,0
20.839,20.021,0.83595,0.36102,46.717,0
20.917,20.057,0.8441,0.37912,46.803,0
20.992,20.095,0.83133,0.39485,46.9,0
21.077,20.135,0.78862,0.41436,47,0
21.161,20.176,0.7186,0.43222,47.094,0
21.235,20.219,0.62308,0.44526,47.204,0
21.29,20.264,0.48862,0.44886,47.301,0
21.343,20.309,0.34397,0.45171,47.404,0
21.375,20.354,0.23768,0.44531,47.515,0
21.399,20.398,0.18925,0.43556,47.611,0
21.409,20.442,0.11091,0.4201,47.717,0
21.411,20.484,0.098034,0.40207,47.815,0
21.414,20.524,0.10867,0.38537,47.897,0
21.425,20.563,0.13373,4.8,47.991,31.34
21.433,21.043,0.23057,0.16244,48.058,0
21.455,21.059,0.32949,0.1649,48.088,0
21.455,21.075,0,0.17146,48.127,0
21.525,21.093,0.23686,0.17995,48.167,0
21.547,21.111,0.13672,0.18121,48.211,0
21.555,21.129,0.044861,0.17708,48.264,0
21.568,21.146,0.10583,0.1749,48.297,0
21.583,21.164,0.29578,0.17399,48.345,0
21.604,21.181,0.58644,0.17528,48.391,0
21.668,21.199,0.8081,0.19455,48.445,0
21.748,21.218,0.84035,0.21947,48.491,0
21.748,21.24,0,0.24481,48.543,0
21.911,21.265,0.64772,0.26709,48.61,0
21.966,21.291,0.53108,0.27849,48.68,0
22.01,21.319,0.44925,0.28496,48.75,0
22.053,21.348,0.38272,0.29065,48.83,0
22.093,21.377,0.32696,0.29499,48.902,0
22.123,21.406,0.20501,0.2952,48.977,0
22.138,21.436,0.11636,0.28868,49.047,0
22.155,21.465,0.066012,0.28355,49.113,0
22.171,21.493,0.068991,0.27821,49.18,0
22.185,21.521,0.030746,0.27212,49.252,0
22.178,21.548,0.037078,4.8,49.326,34.282
22.178,22.028,-0.0043775,0.059408,49.371,0
22.171,22.034,0.10433,0.054211,49.381,0
22.186,22.039,0.1807,0.057717,49.388,0
22.213,22.045,0.26809,0.066118,49.411,0
22.23,22.052,0.37838,0.070429,49.434,0
22.269,22.059,0.48549,0.082779,49.451,0
22.319,22.067,0.34912,0.099557,49.47,0
22.36,22.077,0.22545,0.11168,49.501,0
22.36,22.088,0,0.11846,49.529,0
22.404,22.1,0.081253,0.12004,49.558,0
22.403,22.112,0.10452,0.11463,49.597,0
22.412,22.124,0.20756,0.11368,49.631,0
22.435,22.135,0.31415,0.11827,49.657,0
22.461,22.147,0.41033,0.12372,49.685,0
22.461,22.159,0,0.13488,49.716,0
22.533,22.173,0.35836,0.14197,49.757,0
22.575,22.187,0.31629,0.15276,49.799,0
22.603,22.202,0.35355,0.15785,49.843,0
22.639,22.218,0.36309,0.16563,49.881,0
22.668,22.234,0.34941,0.17038,49.916,0
22.693,22.252,0.31728,0.17359,49.963,0
22.731,22.269,0.30082,0.18149,50.01,0
22.762,22.287,0.29307,0.18653,50.06,0
22.798,22.306,0.34345,0.19311,50.105,0
22.829,22.325,0.38875,0.19752,50.165,0
22.874,22.345,0.42116,0.20747,50.223,0
22.874,22.365,0,0.21791,50.275,0
22.96,22.387,0.3678,0.22427,50.335,0
22.996,22.41,0.23083,0.22917,50.402,0
23.023,22.433,0.25947,0.23063,50.458,0
23.058,22.456,0.36788,0.23539,50.511,0
23.098,22.479,0.47419,0.24155,50.57,0
23.098,22.503,0,4.8,50.631,35.092
23.204,22.983,0.7473,0.08317,50.662,0
23.271,22.992,0.76843,0.1052,50.696,0
23.344,23.002,0.63415,0.1288,50.72,0
23.402,23.015,0.46075,0.14586,50.765,0
23.446,23.03,0.38114,0.15663,50.796,0
23.476,23.045,0.39053,0.16208,50.843,0
23.519,23.062,0.42849,0.17197,50.881,0
23.564,23.079,0.48574,0.18241,50.929,0
23.606,23.097,0.52166,0.19123,50.989,0
23.606,23.116,0,0.20149,51.039,0
23.705,23.136,0.48351,0.2134,51.095,0
23.761,23.158,0.44487,0.22661,51.162,0
23.815,23.18,0.51452,0.23804,51.214,0
23.862,23.204,0.62103,0.24637,51.271,0
23.917,23.229,0.68928,0.25792,51.347,0
23.978,23.255,0.71254,0.27092,51.427,0
24.053,23.282,0.73823,0.28875,51.497,0
24.131,23.31,0.70678,0.30664,51.583,0
24.131,23.341,0,0.32504,51.664,0
24.285,23.374,0.65319,0.34016,51.747,0
24.347,23.408,0.58198,0.35035,51.833,0
24.409,23.443,0.52646,4.8,51.919,25.179
24.409,23.923,0,0.19149,51.992,0
24.505,23.942,0.39489,0.20286,52.045,0
24.541,23.962,0.43298,0.20862,52.096,0
24.582,23.983,0.52819,0.21576,52.161,0
24.643,24.005,0.58939,0.22986,52.221,0
24.708,24.028,0.69193,0.24467,52.281,0
24.784,24.052,0.73312,0.26328,52.358,0
24.855,24.078,0.68277,0.27924,52.437,0
24.931,24.106,0.61279,0.29611,52.52,0
25,24.136,0.5585,0.31024,52.609,0
25.058,24.167,0.50692,0.31971,52.706,0
25.1,24.199,0.53426,0.32317,52.803,0
25.149,24.231,0.56499,0.32908,52.891,0
25.203,24.264,0.62394,0.33618,52.98,0
25.258,24.298,0.63667,4.8,53.069,23.787
25.318,24.778,0.63345,0.18739,53.142,0
25.377,24.796,0.5716,0.20108,53.206,0
25.437,24.817,0.53329,0.2151,53.263,0
25.491,24.838,0.55715,0.22608,53.332,0
25.553,24.861,0.56298,0.23977,53.392,0
25.617,24.885,0.64139,0.25331,53.457,0
25.674,24.91,0.64079,0.26435,53.523,0
25.734,24.936,0.59455,0.2758,53.596,0
25.803,24.964,0.44458,0.28972,53.683,0
25.839,24.993,0.35548,0.29221,53.759,0
25.867,25.022,0.34899,0.29141,53.842,0
25.909,25.051,0.40566,0.29566,53.919,0
25.942,25.081,0.57523,0.29671,53.998,0
26.004,25.111,0.70797,0.3077,54.082,0
26.084,25.141,0.77124,0.32454,54.179,0
26.154,25.174,0.66781,4.8,54.284,23.285
26.216,25.654,0.56078,0.18757,54.366,0
26.275,25.673,0.44481,0.20124,54.433,0
26.324,25.693,0.41481,0.21075,54.504,0
26.371,25.714,0.49677,0.21938,54.561,0
26.421,25.736,0.63932,0.22867,54.63,0
26.486,25.759,0.7892,0.24245,54.704,0
26.571,25.783,0.88158,0.26271,54.785,0
26.665,25.809,0.91814,0.2852,54.863,0
26.766,25.838,0.95098,0.30928,54.961,0
26.852,25.869,0.93972,0.32735,55.05,0
26.953,25.901,0.93262,0.35012,55.142,0
27.04,25.936,0.97717,0.36707,55.258,0
27.147,25.973,1.0097,4.8,55.367,18.208
27.243,26.453,1.087,0.25525,55.473,0
27.358,26.479,1.1169,0.28391,55.559,0
27.474,26.507,1.1112,0.31222,55.658,0
27.584,26.538,0.92794,0.33757,55.75,0
27.669,26.572,0.78338,0.35374,55.86,0
27.747,26.607,0.61704,0.36754,55.981,0
27.813,26.644,0.44321,0.37669,56.087,0
27.864,26.682,0.41658,0.38085,56.195,0
27.913,26.72,0.49187,0.38414,56.313,0
27.954,26.758,0.57556,4.8,56.44,23.232
28.007,27.238,0.58503,0.24058,56.541,0
28.056,27.262,0.58387,0.24836,56.62,0
28.117,27.287,0.4784,0.25942,56.693,0
28.117,27.313,0,0.26767,56.774,0
28.224,27.34,0.47344,0.27619,56.853,0
28.27,27.367,0.54236,0.28185,56.939,0
28.27,27.396,0,0.2894,57.028,0
28.27,27.425,0,0.30582,57.114,0
28.492,27.455,1.1058,0.32361,57.219,0
28.602,27.487,1.1808,0.34746,57.32,0.098066
28.722,27.522,1.2712,4.8,57.44,15.333
28.859,28.002,1.2284,0.26002,57.533,0.34222
28.859,28.028,0,0.28737,57.617,0
29.081,28.057,1.0113,0.31047,57.733,0
29.191,28.088,0.93486,0.33437,57.841,0
29.291,28.121,0.80608,0.35453,57.953,0
29.373,28.157,0.72173,0.36846,58.069,0
29.446,28.194,0.81737,0.37936,58.19,0
29.534,28.232,0.83435,0.3944,58.308,0
29.623,28.271,0.78185,0.40934,58.445,0
29.71,28.312,0.7295,4.8,58.592,20.205
29.783,28.792,0.68728,0.29231,58.711,0
29.847,28.821,0.55087,0.30238,58.82,0
29.91,28.852,0.41038,0.3119,58.914,0
29.95,28.883,0.35316,0.31446,59.02,0
29.985,28.914,0.2711,0.31553,59.133,0
30.009,28.946,0.21542,0.31322,59.246,0
30.026,28.977,0.25423,0.30897,59.346,0
30.06,29.008,0.32955,4.8,59.457,27.351
30.091,29.488,0.36405,0.17294,59.531,0
30.131,29.505,0.41442,0.1794,59.585,0
30.131,29.523,0,0.18657,59.646,0
30.215,29.542,0.27974,0.19298,59.709,0
30.252,29.561,0.21815,0.19794,59.772,0
30.281,29.581,0.20297,0.20075,59.834,0
30.294,29.601,0.15897,0.19866,59.896,0
30.301,29.621,0.070873,0.19492,59.96,0
30.311,29.64,-0.12037,0.19226,60.02,0
30.308,29.66,-0.4257,0.18573,60.093,0.19895
30.259,29.678,-0.70735,0.16624,60.152,1.6692
30.178,29.695,-0.93938,0.13845,60.206,3.4419
30.178,29.709,0,0.10953,60.253,0
29.992,29.72,-1.1292,0.078046,60.29,5.6073
29.879,29.727,-1.1272,0.0435,60.318,5.9036
29.763,29.732,-1.1704,0.0090159,60.326,6.6564
29.642,29.733,-1.2354,-0.0063511,60.328,7.8564
29.527,29.732,-1.3351,-0.014313,60.318,9.5793
29.392,29.731,-1.3864,-0.023667,60.292,10.912
29.252,29.728,-1.4028,-0.033283,60.247,11.84
29.103,29.725,-1.3817,-0.043534,60.191,12.309
28.963,29.72,-1.3869,-0.053136,60.121,13.091
28.83,29.715,-1.353,-0.062184,60.045,13.283
28.703,29.709,-1.3728,-0.07083,59.944,14.198
28.571,29.702,-1.3863,-0.079838,59.835,15.061
28.429,29.694,-1.3624,-0.089585,59.721,15.428
28.299,29.685,-1.299,-0.098535,59.579,15.151
28.16,29.675,-1.2846,-0.10806,59.436,15.621
28.16,29.664,0,-0.1166,59.285,3.6862
27.914,29.653,-0.92422,-0.12502,59.113,12.079
27.821,29.64,-0.80187,-0.13143,58.929,11.089
27.741,29.627,-0.66215,-0.13693,58.75,9.9543
27.678,29.613,-0.523,-0.14121,58.557,8.8594
27.635,29.599,-0.46952,-0.14407,58.353,8.5044
27.635,29.585,0,-0.14775,58.157,5.0772
27.526,29.57,-0.34201,-0.15142,57.95,7.7544
27.499,29.555,-0.16325,-0.15313,57.746,6.4769
27.487,29.54,0.04731,-0.15374,57.537,5.1441
27.497,29.524,0.25028,-0.15261,57.333,4.0179
27.524,29.509,0.3814,-0.15025,57.124,3.3394
27.561,29.494,0.405,-0.14708,56.924,3.1129
27.607,29.479,0.35425,-0.14313,56.743,3.1483
27.646,29.465,0.32567,-0.1397,56.567,3.1199
27.676,29.451,0.3185,-0.137,56.388,3.0333
27.71,29.437,0.31538,-0.13386,56.223,2.92
27.745,29.424,0.31125,-0.13074,56.049,2.8118
27.779,29.411,0.3456,-0.1276,55.89,2.5695
27.818,29.398,0.33681,-0.12407,55.734,2.4733
27.856,29.386,0.3493,-0.12062,55.586,2.3107
27.884,29.373,0.38922,-0.11788,55.443,2.0898
27.924,29.362,0.41812,-0.11425,55.297,1.8896
27.963,29.35,0.42613,-0.11065,55.151,1.7573
28.006,29.339,0.47635,-0.10672,55.021,1.5178
28.063,29.329,0.48084,-0.10168,54.887,1.3734
28.106,29.318,0.43751,-0.097753,54.763,1.3683
28.106,29.309,0,-0.09323,54.642,2.8259
28.203,29.299,0.50722,-0.088956,54.527,1.0033
28.246,29.29,0.53212,-0.084991,54.418,0.86949
28.246,29.282,0,-0.079872,54.314,2.3746
28.358,29.274,0.78937,-0.074881,54.234,0.42416
28.429,29.266,0.80262,-0.068632,54.145,0.33326
28.505,29.26,0.76959,-0.062007,54.071,0.2535
28.573,29.253,0.71071,-0.05596,54.009,0.18822
28.646,29.248,0.61095,-0.04958,53.942,0.13949
28.708,29.243,0.60442,-0.044123,53.881,0.063282
28.765,29.238,0.7417,-0.039169,53.822,0
28.848,29.234,0.92442,-0.03199,53.777,0.033643
28.937,29.231,1.0462,-0.024371,53.749,0.15825
29.047,29.229,1.0723,-0.015066,53.716,0.19148
29.15,29.227,0.9578,-0.0064081,53.706,0
29.253,29.227,0.80456,0.0069388,53.711,0
29.341,29.227,0.68741,0.030214,53.727,0
29.4,29.23,0.67776,0.045147,53.743,0
29.4,29.235,0,0.063099,53.759,0
29.4,29.241,0,0.083439,53.776,0
29.4,29.25,0,0.10097,53.791,0
29.727,29.26,0.91183,0.12423,53.886,0
29.727,29.272,0,0.14266,53.932,0
29.896,29.286,0.75032,0.16206,53.983,0
29.98,29.303,0.70743,0.18012,54.038,0
30.049,29.321,0.65935,0.19368,54.101,0
30.112,29.34,0.61681,0.20541,54.184,0
30.17,29.36,0.60669,0.21539,54.267,0
30.239,29.382,0.57446,0.22803,54.358,0
30.239,29.405,0,0.23601,54.443,0
30.349,29.428,0.52216,0.24497,54.528,0
30.349,29.453,0,0.2534,54.619,0
30.463,29.478,0.58649,0.26216,54.705,0
30.53,29.504,0.64975,0.27318,54.807,0
30.605,29.532,0.66399,0.2859,54.912,0
30.671,29.56,0.68793,0.29567,55.018,0
30.735,29.59,0.66021,0.30502,55.131,0
30.799,29.62,0.67623,0.3141,55.245,0
30.872,29.652,0.72631,0.32522,55.367,0
30.947,29.684,0.76522,0.33652,55.491,0
31.033,29.718,0.78846,0.35055,55.611,0
31.111,29.753,0.76887,0.36198,55.752,0
31.195,29.789,0.73807,0.37472,55.881,0
31.269,29.827,0.67777,0.38449,56.027,0
31.329,29.865,0.6364,0.39043,56.173,0
31.396,29.904,0.66476,0.39796,56.329,0
31.396,29.944,0,0.40421,56.476,0
31.52,29.984,0.65902,0.40986,56.631,0
31.584,30.025,0.63705,0.41602,56.793,0
31.65,30.067,0.59418,0.42246,56.945,0
31.706,30.109,0.53652,0.42623,57.112,0
31.762,30.152,0.50841,0.43003,57.28,0
31.818,30.195,0.52726,0.43356,57.441,0
31.866,30.238,0.54532,0.43489,57.613,0
31.921,30.282,0.59364,0.43809,57.776,0
31.986,30.326,0.6524,0.44376,57.938,0
32.055,30.37,0.71425,0.45028,58.096,0
32.136,30.415,0.71199,0.46007,58.273,0
32.208,30.461,0.62276,0.4669,58.447,0
32.263,30.508,0.5281,0.46914,58.613,0
32.309,30.555,0.40926,0.46901,58.786,0
32.352,30.601,0.21298,0.46808,58.969,0
32.372,30.648,0.20583,0.46094,59.146,0
