0,0,1.2453,0,35.5,0
0.13321,0,1.2724,7.8,35.512,50.399
0.26828,0.78,1.2529,7.8,35.497,54.794
0.39555,1.56,1.2574,7.8,35.421,58.901
0.51299,2.34,1.2515,7.8,35.279,63.286
0.51299,3.12,0,7.8,35.058,92.783
0.76145,3.9,1.2517,7.8,34.788,71.889
0.89597,4.68,1.2524,7.8,34.439,76.165
1.0308,5.46,1.2479,7.8,34.019,80.563
1.1648,6.24,1.2509,6.7,33.539,72.113
1.2813,6.91,1.2484,6.7,33.001,75.817
1.2813,7.58,0,6.7,32.405,105.46
1.5329,8.25,1.2469,6.7,31.767,83.113
1.5329,8.92,0,-0.41213,31.061,29.594
1.7914,8.8788,1.2446,-0.41638,30.35,15.432
1.9224,8.8371,1.2464,-0.41982,29.659,14.68
2.0443,8.7952,1.2505,-0.42382,28.973,13.959
2.1649,8.7528,1.2494,-0.42754,28.307,13.292
2.2923,8.71,1.2476,-0.43058,27.653,12.618
2.2923,8.667,0,-0.43379,27.013,23.674
2.5245,8.6236,1.2444,-0.43698,26.401,11.388
2.6553,8.5799,1.2424,-0.43827,25.808,10.749
2.7864,8.5361,1.242,-0.43912,25.229,10.118
2.7864,8.4922,0,-0.43992,24.657,20.021
3.0296,8.4482,1.2457,-0.44126,24.103,8.9401
3.0296,8.404,0,-0.44151,23.564,18.284
3.2808,8.3599,1.2417,-0.43989,23.061,7.8535
3.4113,8.3159,1.243,-0.43803,22.558,7.3093
3.5438,8.2721,1.2462,-0.4351,22.076,6.7745
3.6765,8.2286,1.2428,-0.43117,21.618,6.2891
3.8058,8.1855,1.2421,-0.4271,21.167,5.8216
3.9268,8.1428,1.2418,-0.42265,20.744,5.3947
4.0502,8.1005,1.2441,-0.41759,20.325,4.9731
4.1728,8.0587,1.2431,-0.41168,19.926,4.5852
4.1728,8.0176,0,-0.40419,19.539,11.191
4.1728,7.9771,0,-0.39676,19.157,11.062
4.5477,7.9375,1.2488,-0.3875,18.84,3.5113
4.6643,7.8987,1.2454,-0.37902,18.5,3.2211
4.7839,7.8608,1.243,-0.36877,18.192,2.9424
4.9058,7.8239,1.249,-0.35795,17.883,2.6647
5.0262,7.7881,1.2471,-0.34606,17.601,2.4217
5.1523,7.7535,1.2459,-0.33298,17.324,2.1871
5.2856,7.7202,1.2464,-0.31791,17.068,1.9608
5.4037,7.6885,1.2465,-0.30366,16.841,1.7732
5.5318,7.6581,1.2475,-0.28752,16.622,1.5903
5.6618,7.6293,1.2503,-0.27039,16.42,1.4234
5.6618,7.6023,0,-0.2541,16.224,4.4975
5.913,7.5769,1.2533,-0.23559,16.053,1.1507
5.913,7.5533,0,-0.21818,15.887,3.6636
6.1665,7.5315,1.2511,-0.19817,15.749,0.93551
6.2996,7.5117,1.251,-0.17804,15.611,0.84642
6.4166,7.4939,1.2505,-0.15979,15.495,0.7789
6.5319,7.4779,1.2528,-0.14136,15.403,0.72657
6.6558,7.4638,1.2544,-0.12167,15.313,0.6824
6.7881,7.4516,1.2546,-0.10064,15.229,0.64638
6.7881,7.4415,0,-0.079038,15.164,1.3111
7.0577,7.4336,1.2612,-0.05754,15.123,0.6251
7.1772,7.4279,1.2578,-0.03848,15.088,0.61895
7.1772,7.424,0,-0.019398,15.063,0.49037
7.4168,7.4221,1.2556,-0.00081994,15.063,0.64467
7.5401,7.422,1.2477,0.099827,15.062,0.35428
7.664,7.432,1.2482,0.1959,15.084,0.10535
7.7812,7.4516,1.2534,0.27762,15.117,0
7.9066,7.4794,1.2523,0.35845,15.152,0
8.0245,7.5152,1.2491,0.42498,15.198,0
8.0245,7.5577,0,0.49339,15.247,0.24812
8.2727,7.607,1.2556,0.54828,15.321,0
8.4021,7.6619,1.2513,0.60463,15.386,0
8.5258,7.7223,1.252,0.65062,15.463,0
8.6451,7.7874,1.2558,0.68818,15.547,0
8.7806,7.8562,1.2524,0.7346,15.635,0
8.9029,7.9297,1.2575,0.76587,15.736,0
9.0287,8.0063,1.3438,0.79645,15.841,0
9.1676,8.0859,1.453,0.83407,15.954,0
9.3225,8.1693,1.5618,0.8799,16.073,0
9.471,8.2573,1.6572,0.91604,16.2,0
9.6302,8.3489,1.7458,0.95555,16.318,0
9.7973,8.4445,1.7344,0.99706,16.451,0
9.9777,8.5442,1.7068,1.0437,16.587,0
10.155,8.6485,1.6816,1.0837,16.74,0
10.326,8.7569,1.6908,1.1149,16.902,0
10.505,8.8684,1.7413,1.1477,17.06,0
10.685,8.9832,1.9317,1.1788,17.23,0
10.874,9.101,2.2041,1.2124,17.404,0.30939
11.096,9.2223,2.5272,1.2652,17.587,1.4866
11.347,9.3488,2.8407,1.331,17.774,2.7742
11.635,9.4819,3.0823,1.4149,17.976,3.7826
11.949,9.6234,3.1749,1.5075,18.202,4.0316
12.259,9.7741,3.1357,1.5884,18.445,3.6328
12.572,9.933,2.9606,1.663,18.709,2.5696
12.858,10.099,2.6682,1.7127,18.979,1.1037
13.131,10.271,2.3309,1.7496,19.266,0
13.362,10.446,1.9677,1.7581,19.564,0
13.552,10.621,1.5773,1.7409,19.855,0
13.708,10.795,1.1732,1.7062,20.15,0
13.819,10.966,0.84875,1.6487,20.441,0
13.909,11.131,0.45142,1.5849,20.718,0
13.953,11.289,0.033599,1.5012,20.986,0
13.959,11.44,-0.3459,1.4045,21.249,0
13.921,11.58,-0.67658,1.2915,21.487,1.2058
13.863,11.709,-0.97568,1.1774,21.713,3.6474
13.768,11.827,-1.064,1.052,21.917,4.5396
13.655,11.932,-1.1486,0.92694,22.093,5.4703
13.532,12.025,-1.2614,0.80555,22.259,6.8003
13.41,12.105,-1.2801,0.69351,22.404,7.1069
13.284,12.175,-1.1464,0.58723,22.523,5.7368
13.284,12.233,0,0.48927,22.631,0
13.083,12.282,-0.55722,0.42071,22.703,1.3623
13.037,12.324,-0.28153,0.37333,22.774,0.1619
13.012,12.362,-0.15932,0.33956,22.848,0
13.003,12.396,-0.34864,0.31679,22.913,0.51501
12.967,12.427,-0.61353,0.28082,22.975,1.8852
12.901,12.455,-0.81984,0.23119,23.015,3.3156
12.901,12.479,0,0.17453,23.058,0
12.727,12.496,-0.69253,0.11952,23.09,2.6231
12.663,12.508,-0.44984,0.080278,23.108,1.3573
12.61,12.516,-0.51423,0.048488,23.119,1.7255
12.564,12.521,-0.70348,0.022308,23.131,2.8523
12.501,12.523,-0.82583,-0.0029042,23.122,3.7977
12.426,12.523,-1.0151,-0.012952,23.121,5.6119
12.321,12.521,-1.1589,-0.026804,23.116,7.4229
12.212,12.519,-1.1102,-0.041091,23.085,7.3391
12.106,12.515,-1.0201,-0.054812,23.054,6.8346
11.995,12.509,-1.0882,-0.06901,23.016,7.9299
11.887,12.502,-1.1216,-0.08299,22.952,8.6962
11.772,12.494,-1.1096,-0.097679,22.888,8.9944
11.659,12.484,-1.0069,-0.11216,22.813,8.3102
11.556,12.473,-0.98094,-0.12544,22.719,8.401
11.458,12.46,-0.89495,-0.13776,22.632,7.8697
11.373,12.447,-0.95312,-0.14849,22.529,8.7145
11.285,12.432,-1.1485,-0.15975,22.416,11.182
11.174,12.416,-1.3059,-0.17417,22.304,13.617
11.048,12.398,-1.3351,-0.19114,22.168,14.506
10.908,12.379,-1.4327,-0.2101,22.025,16.494
10.768,12.358,-1.5147,-0.22924,21.869,18.344
10.768,12.335,0,-0.25011,21.712,3.2875
10.464,12.31,-1.5297,-0.27203,21.529,19.776
10.306,12.283,-1.633,-0.29517,21.328,22.206
10.306,12.254,0,-0.31837,21.132,4.2103
9.9832,12.222,-1.6795,-0.34354,20.906,24.283
9.825,12.187,-1.725,-0.36785,20.684,25.735
9.6565,12.151,-1.7771,-0.39459,20.445,27.384
9.6565,12.111,0,-0.4226,20.198,5.4431
9.3148,12.069,-1.8801,-0.45193,19.91,30.732
9.3148,12.024,0,-0.48398,19.637,6.037
8.9275,11.975,-1.8722,-0.5208,19.328,31.801
8.7404,11.923,-1.7627,-0.5564,19.009,29.947
8.5552,11.868,-1.5461,-0.59223,18.694,26.127
8.3965,11.808,-1.0756,-0.62466,18.367,18.765
8.3965,11.746,0,-0.64781,18.029,7.5313
8.2416,11.681,0.10016,-0.66191,17.694,7.165
8.2574,11.615,0.62431,-0.6627,17.36,4.4154
8.3178,11.549,1.0872,-0.654,17.033,3.0145
8.4316,11.483,1.3718,-0.63338,16.714,2.5195
8.5616,11.42,1.5272,-0.6073,16.419,2.3459
8.7124,11.359,1.6671,-0.57444,16.152,2.308
8.8736,11.302,1.7963,-0.53823,15.894,2.3929
9.0596,11.248,1.9032,-0.49443,15.662,2.5472
9.0596,11.199,0,-0.4468,15.446,4.2419
9.0596,11.154,0,-0.39987,15.234,4.3133
9.6444,11.114,1.9397,-0.34734,15.121,2.6398
9.8334,11.079,1.9524,-0.29784,14.985,2.7128
10.035,11.049,1.9623,-0.24495,14.867,2.7962
10.233,11.025,2.0077,-0.19272,14.772,3.0291
10.428,11.006,2.0452,-0.14121,14.713,3.2598
10.643,10.991,2.0915,-0.085619,14.671,3.5675
10.846,10.983,2.1234,-0.033578,14.646,3.8382
11.066,10.98,2.1426,0.036864,14.635,3.9698
11.275,10.983,2.1538,0.12524,14.657,3.9016
11.491,10.996,2.1474,0.2122,14.693,3.7503
11.709,11.017,2.1292,0.29691,14.751,3.5434
11.92,11.047,2.1206,0.37449,14.82,3.3957
12.126,11.084,2.1114,0.44678,14.912,3.2517
12.336,11.129,2.1108,0.51743,15.024,3.1532
12.549,11.181,2.1049,0.58674,15.158,3.0293
12.768,11.239,2.099,0.6552,15.294,2.911
12.982,11.305,2.0801,0.71853,15.46,2.731
13.191,11.377,2.0785,0.77726,15.644,2.6452
13.394,11.454,2.0695,0.83092,15.84,2.5295
13.592,11.537,2.0699,0.8791,16.037,2.4742
13.592,11.625,0,0.92645,16.238,0
13.998,11.718,2.0435,0.97316,16.466,2.2311
13.998,11.815,0,1.0175,16.689,0
14.407,11.917,2.0289,1.0597,16.944,2.0627
14.617,12.023,2.0122,1.1021,17.195,1.9356
14.822,12.133,2.0066,1.1402,17.454,1.8735
15.026,12.247,1.9815,1.1765,17.731,1.711
15.231,12.365,1.9489,1.2115,18.018,1.5138
15.436,12.486,1.9237,1.2438,18.301,1.3648
15.436,12.61,0,1.2684,18.59,0
15.819,12.737,1.9253,1.2944,18.913,1.3454
16.015,12.867,1.9605,1.3188,19.215,1.5249
16.204,12.999,1.9914,1.3396,19.535,1.6872
16.41,13.133,1.9783,1.3662,19.855,1.6142
16.602,13.269,1.9317,1.3861,20.196,1.366
16.602,13.408,0,1.4009,20.522,0
16.977,13.548,1.7098,1.4179,20.864,0.25536
16.977,13.69,0,1.426,21.2,0
17.296,13.832,1.4516,1.4243,21.561,0
17.435,13.975,1.374,1.4189,21.907,0
17.581,14.117,1.3135,1.4159,22.246,0
17.711,14.258,1.2754,1.4078,22.602,0
17.832,14.399,1.2328,1.3962,22.957,0
17.962,14.539,1.206,1.3876,23.293,0
18.082,14.677,1.1715,1.3759,23.626,0
18.195,14.815,1.1532,1.3615,23.958,0
18.308,14.951,1.1228,1.348,24.292,0
18.421,15.086,1.1023,1.3358,24.631,0
18.421,15.219,0,1.3187,24.957,0
18.421,15.351,0,1.3082,25.271,0
18.738,15.482,0.96935,1.2932,25.62,0
18.844,15.611,0.96161,1.2808,25.948,0
18.933,15.74,0.97121,1.2622,26.271,0
19.034,15.866,0.99891,1.2491,26.596,0
19.143,15.991,1.0271,1.2397,26.916,0
19.245,16.115,1.0499,1.2277,27.223,0
19.356,16.237,1.0486,1.2199,27.533,0
19.468,16.359,1.0127,1.2132,27.852,0
19.574,16.481,0.98653,1.2045,28.165,0
19.666,16.601,0.92074,1.1908,28.48,0
19.764,16.72,0.83924,1.1792,28.779,0
19.843,16.838,0.59322,1.1613,29.077,0
19.903,16.954,0.18883,1.1369,29.383,0
19.924,17.068,-0.32764,1.0989,29.675,0
19.887,17.178,-0.80028,1.0397,29.955,0
19.808,17.282,-1.2887,0.96707,30.214,3.1772
19.669,17.379,-1.5183,0.87509,30.461,6.2206
19.669,17.466,0,0.77994,30.686,0
19.351,17.544,-1.5826,0.68772,30.877,8.0452
19.187,17.613,-1.4923,0.59822,31.053,7.3169
19.032,17.673,-1.3351,0.51598,31.204,5.8599
18.896,17.724,-1.1943,0.444,31.324,4.7409
18.785,17.769,-0.94265,0.38482,31.43,2.8294
18.693,17.807,-0.71188,0.33497,31.516,1.4885
18.627,17.841,-0.60819,0.29704,31.6,1.0688
18.575,17.87,-0.5191,0.26597,31.678,0.75264
18.53,17.897,-0.40366,0.23893,31.749,0.35804
18.495,17.921,-0.28772,0.21664,31.81,0.017355
18.471,17.942,-0.22941,0.19933,31.863,0
18.453,17.962,0.044827,0.18504,31.916,0
18.458,17.981,0.50329,0.17974,31.969,0
18.509,17.999,0.72855,0.19217,32.024,0
18.588,18.018,0.82885,0.21444,32.069,0
18.677,18.04,0.96113,0.23992,32.128,0
18.767,18.064,0.94436,0.26474,32.19,0
18.767,18.09,0,0.29073,32.259,0
18.932,18.119,0.6854,0.30551,32.346,0
19.004,18.15,0.75269,0.32118,32.43,0
19.081,18.182,0.8758,0.33774,32.519,0
19.178,18.216,1.0324,0.36121,32.603,0
19.287,18.252,1.1351,0.38834,32.7,0
19.287,18.29,0,0.41325,32.802,0
19.525,18.332,1.4885,0.44679,32.915,0.81204
19.681,18.376,1.4468,0.48826,33.048,0.60864
19.82,18.425,1.2935,0.5216,33.176,0.014073
19.943,18.477,1.1225,0.54752,33.315,0
19.943,18.532,0,0.56731,33.459,0
20.129,18.589,0.56074,0.57372,33.607,0
20.181,18.646,0.48944,0.5714,33.757,0
20.227,18.703,0.5273,0.56631,33.909,0
20.273,18.76,0.60223,0.56206,34.061,0
20.334,18.816,0.79804,0.56283,34.205,0
20.414,18.873,0.88644,0.57128,34.361,0
20.497,18.93,0.89338,0.58029,34.523,0
20.497,18.988,0,0.59033,34.677,0
20.673,19.047,0.97475,0.60084,34.846,0
20.673,19.107,0,0.61375,35.006,0
20.866,19.168,0.86581,0.62606,35.179,0
20.866,19.231,0,0.63499,35.346,0
21.051,19.294,0.86436,0.64649,35.532,0
21.145,19.359,0.85169,0.65636,35.711,0
21.221,19.425,0.88301,0.65949,35.881,0
21.302,19.491,1.0007,0.66428,36.064,0
21.4,19.557,1.0584,0.67482,36.24,0
21.513,19.624,1.1019,0.69062,36.433,0
21.63,19.694,1.1269,0.70735,36.629,0
21.748,19.764,1.1516,0.72405,36.831,0
21.87,19.837,1.1581,0.74117,37.034,0
21.977,19.911,1.1434,0.75248,37.246,0
22.085,19.986,1.1455,0.76313,37.447,0
22.209,20.062,1.1201,0.77937,37.652,0
22.33,20.14,1.0584,0.79381,37.864,0
22.427,20.22,1.0248,0.79905,38.083,0
22.532,20.3,1.0144,0.80679,38.301,0
22.634,20.38,0.98443,0.81339,38.532,0
22.728,20.462,1.0128,0.81689,38.751,0
22.728,20.543,0,0.82454,38.973,0
22.935,20.626,1.1343,0.8299,39.212,0
23.051,20.709,1.1737,0.84045,39.452,0
23.051,20.793,0,0.84847,39.682,0
23.281,20.878,1.1889,0.86015,39.94,0
23.405,20.964,1.1327,0.87245,40.182,0
23.526,21.051,1.0839,0.88324,40.423,0
23.638,21.139,1.0853,0.89024,40.665,0
23.74,21.228,1.0783,0.89356,40.925,0
23.856,21.318,1.1245,0.90165,41.176,0
23.971,21.408,1.1803,0.90873,41.422,0
24.09,21.499,1.1884,0.91753,41.685,0
24.2,21.59,1.1996,0.92248,41.95,0
24.313,21.683,1.2431,0.92856,42.212,0
24.439,21.775,1.2607,0.93873,42.479,0
24.57,21.869,1.3068,0.95028,42.75,0
24.703,21.964,1.3899,0.96217,43.022,0.28462
24.844,22.061,1.4107,0.9764,43.294,0.38962
24.982,22.158,1.3929,0.98903,43.575,0.31411
25.112,22.257,1.4006,0.99814,43.862,0.35997
25.258,22.357,1.4226,1.0128,44.155,0.47495
25.404,22.458,1.4155,1.0267,44.441,0.45257
25.404,22.561,0,1.0373,44.73,0
25.404,22.665,0,1.0473,45.009,0
25.82,22.769,1.4955,1.0578,45.348,0.89322
25.82,22.875,0,1.0721,45.648,0
26.13,22.982,1.4993,1.088,45.977,0.94865
26.273,23.091,1.4992,1.0979,46.296,0.96649
26.418,23.201,1.506,1.1078,46.614,1.0227
26.566,23.312,1.5003,1.1187,46.945,1.0123
26.718,23.424,1.4601,1.1307,47.275,0.82182
26.855,23.537,1.384,1.1368,47.604,0.44843
26.988,23.65,1.3356,1.1411,47.935,0.22286
27.121,23.764,1.3359,1.1455,48.265,0.2424
27.259,23.879,1.3265,1.1515,48.607,0.2122
27.393,23.994,1.3231,1.1555,48.942,0.21353
27.527,24.11,1.3822,1.1598,49.28,0.53484
27.659,24.226,1.4097,1.1629,49.62,0.69877
27.791,24.342,1.3468,1.1661,49.961,0.39105
27.933,24.459,1.2953,1.1725,50.317,0.14686
28.059,24.576,1.2626,1.1736,50.664,0.00012068
28.059,24.693,0,1.172,51.007,0
28.31,24.81,1.1885,1.1747,51.372,0
28.436,24.928,1.169,1.1757,51.731,0
28.547,25.045,1.1405,1.1716,52.087,0
28.665,25.163,1.1025,1.1695,52.434,0
28.773,25.28,1.0424,1.1644,52.782,0
28.869,25.396,0.98455,1.1556,53.136,0
28.869,25.512,0,1.1479,53.478,0
29.061,25.626,0.91922,1.1389,53.828,0
29.161,25.74,1.0155,1.1324,54.176,0
29.261,25.853,1.1735,1.1259,54.527,0
29.374,25.966,1.3383,1.1244,54.872,0.55928
29.5,26.078,1.4543,1.1269,55.217,1.2006
29.649,26.191,1.5673,1.1369,55.562,1.8681
29.805,26.305,1.5764,4.8,55.906,2.6208
29.969,26.785,1.547,1.0196,56.243,1.8894
30.122,26.887,1.5077,4.8,56.571,4.1154
30.274,27.367,1.5054,0.90721,56.887,1.7451
30.423,27.458,1.5301,0.92446,57.175,1.9174
30.57,27.55,1.5232,4.8,57.474,4.88
30.715,28.03,1.5105,0.81606,57.761,1.856
30.867,28.112,1.5092,0.8367,58.031,1.8902
31.023,28.195,1.5149,0.85827,58.311,1.9659
31.172,28.281,1.489,4.8,58.605,5.6628
31.321,28.761,1.4858,0.75806,58.878,1.826
31.461,28.837,1.4728,0.77686,59.14,1.7948
31.607,28.915,1.4515,4.8,59.402,6.7872
31.761,29.395,1.4066,0.68358,59.648,1.453
31.903,29.463,1.3205,0.70468,59.889,1.0576
32.029,29.533,1.2674,0.72042,60.126,0.82407
32.146,29.605,1.2256,-2,60.375,84.666
32.267,29.405,1.196,-2,60.642,97.719
32.383,29.205,1.195,-2,60.947,113.12
32.505,29.005,1.2442,4.8,61.277,4.9236
32.637,29.485,1.2518,-2,61.604,112.02
32.753,29.285,1.2578,-2,61.935,129.72
32.884,29.085,1.24,-2,62.308,151.94
32.884,28.885,0,4.8,62.698,14.651
33.119,29.365,1.1963,-2,63.105,148.94
33.243,29.165,1.1634,-2,63.5,175.63
33.359,28.965,1.1191,4.8,63.928,2.1354
33.467,29.445,1.0911,-2,64.35,171.9
33.467,29.245,0,-2,64.762,278.33
33.685,29.045,1.0495,4.8,65.215,1.6276
33.785,29.525,1.0583,-2,65.654,196.05
33.898,29.325,1.076,-2,66.097,232.79
33.996,29.125,1.1038,-2,66.568,275.28
34.113,28.925,1.1245,4.8,67.065,0
34.229,29.405,1.1324,-2,67.561,265.49
34.333,29.205,1.1499,-2,68.065,317.67
34.448,29.005,1.1633,4.8,68.598,0
34.448,29.485,0,-2,69.118,729.78
34.688,29.285,1.2216,-2,69.662,368.11
34.802,29.085,1.2849,-2,70.218,441.18
34.938,28.885,1.3488,4.8,70.815,0
35.079,29.365,1.4074,-2,71.397,415.04
35.224,29.165,1.5064,-2,71.992,496.72
35.367,28.965,1.6431,4.8,72.621,0
35.523,29.445,1.7139,-2,73.24,455.48
35.689,29.245,1.7492,-2,73.866,564.81
35.874,29.045,1.8265,4.8,74.53,0
36.05,29.525,1.8594,-2,75.189,561.63
36.235,29.325,1.8408,-2,75.858,741.59
36.235,29.125,0,-2,76.559,0
36.6,28.925,1.9042,4.8,77.327,0
36.791,29.405,1.9248,-2,78.071,1023.1
36.791,29.205,0,-2,78.82,0
37.165,29.005,1.9599,4.8,79.611,0
37.368,29.485,1.9925,-2,80.423,1580.8
37.569,29.285,2.016,-2,81.227,2746.3
37.762,29.085,2.0401,-2,82.07,7658.5
37.97,28.885,2.0567,4.8,82.962,0
38.169,29.365,2.0626,-2,83.853,13432
38.373,29.165,2.0789,-2,84.754,0
38.586,28.965,2.0921,4.8,85.686,0
38.788,29.445,2.0873,-2,86.627,0
38.996,29.245,2.0982,-2,87.581,0
39.212,29.045,2.1416,4.8,88.575,0
39.435,29.525,2.1095,-2,89.584,0
39.435,29.325,0,-2,90.585,0
39.435,29.125,0,-2,91.606,0
40.024,28.925,1.9706,4.8,92.735,0
40.215,29.405,1.9105,-2,93.823,0
40.402,29.205,1.896,-2,94.919,0
40.587,29.005,1.9621,4.8,96.061,0
40.789,29.485,2.0084,-2,97.204,0
40.993,29.285,1.9677,-2,98.36,0
41.184,29.085,1.9127,-2,99.553,0
41.184,28.885,0,4.8,100.77,0
41.574,29.365,1.8127,-2,102.01,0
41.746,29.165,1.7059,-2,103.26,0
41.924,28.965,1.6391,4.8,104.53,6.521
42.088,29.445,1.5934,-2,105.81,0
42.088,29.245,0,-2,107.09,0
42.088,29.045,0,4.8,108.38,0
42.548,29.525,1.4195,-2,109.73,0
42.693,29.325,1.3787,-2,111.04,0
42.83,29.125,1.343,-2,112.4,0
42.958,28.925,1.3055,4.8,113.8,14.585
43.096,29.405,1.298,-2,115.18,0
43.22,29.205,1.2818,-2,116.56,0
43.343,29.005,1.2719,4.8,117.98,18.459
43.469,29.485,1.2611,-2,119.41,0
43.591,29.285,1.2581,-2,120.82,0
43.714,29.085,1.2514,-2,122.26,0
43.843,28.885,1.2504,4.8,123.74,28.745
43.843,29.365,0,-2,125.22,0
44.079,29.165,1.2013,-2,126.71,0
44.2,28.965,1.1607,4.8,128.23,33.253
44.307,29.445,1.1156,-2,129.74,0
44.307,29.245,0,-2,131.23,0
44.536,29.045,0.98124,4.8,132.78,36.826
44.628,29.525,0.90513,-2,134.32,0
44.709,29.325,0.81799,-2,135.84,0
44.801,29.125,0.73137,-2,137.4,0
44.87,28.925,0.67056,4.8,138.99,45.476
44.93,29.405,0.64036,-2,140.57,0
44.93,29.205,0,-2,142.13,0
44.93,29.005,0,4.8,143.71,36.893
45.122,29.485,0.73461,-2,145.33,0
45.201,29.285,0.84706,-2,146.9,0
45.295,29.085,0.95829,-2,148.5,0
45.384,28.885,1.1693,4.8,150.13,70.508
