21.111,21.111,-0.95709,0,35.5,4.7538
21.013,21.111,-1.0226,-0.011326,35.5,5.6966
20.901,21.11,-1.2132,-0.024166,35.482,8.0768
20.778,21.108,-1.3323,-0.038191,35.446,10.02
20.642,21.104,-1.4657,-0.05365,35.402,12.432
20.489,21.098,-1.5294,-0.07089,35.342,14.092
20.339,21.091,-1.6728,-0.087798,35.268,17.156
20.177,21.083,-1.8052,-0.10608,35.19,20.399
20.004,21.072,-1.9538,-0.12564,35.086,24.343
20.004,21.059,0,-0.149,34.98,2.164
19.6,21.044,-2.1791,-0.17175,34.823,31.855
19.386,21.027,-2.1876,-0.19643,34.673,33.234
19.386,21.008,0,-0.22205,34.51,3.5864
18.962,20.985,-1.6641,-0.24573,34.32,23.684
18.803,20.961,-1.2674,-0.26429,34.113,17.66
18.679,20.934,-0.9171,-0.27897,33.886,13.416
18.578,20.907,-0.66519,-0.29094,33.651,10.937
18.514,20.877,-0.56114,-0.29821,33.419,10.039
18.467,20.848,-0.55994,-0.30359,33.175,10.07
18.406,20.817,-0.60034,-0.31068,32.936,10.547
18.348,20.786,-0.69596,-0.31738,32.697,11.585
18.274,20.754,-0.79664,-0.32632,32.461,12.818
18.195,20.722,-0.98959,-0.33592,32.216,15.291
18.098,20.688,-1.2499,-0.34827,31.966,19.179
17.976,20.653,-1.5585,-0.36426,31.704,24.745
17.823,20.617,-1.7595,-0.38483,31.433,29.258
17.657,20.578,-1.9457,-0.40754,31.153,34.02
17.465,20.538,-2.1065,-0.43439,30.861,38.755
17.26,20.494,-2.3905,-0.46419,30.538,47.573
17.024,20.448,-2.709,-0.49893,30.213,59.216
16.75,20.398,-3.0497,-0.54056,29.86,74.1
16.446,20.344,-3.3821,-0.58844,29.475,91.461
16.108,20.285,-3.6518,-0.64308,29.072,108.12
15.743,20.221,-3.6955,-0.70416,28.638,112.02
15.743,20.15,0,-0.7693,28.193,11.133
15.008,20.073,-3.5399,-0.83532,27.695,105.14
14.658,19.99,-3.4644,-0.90316,27.174,102.02
14.32,19.9,-3.4624,-0.97256,26.626,102.79
13.972,19.802,-3.8409,-1.0476,26.058,125.79
13.588,19.698,-4.2112,-1.1341,25.461,152.86
13.588,19.584,0,-1.2359,24.855,14.991
12.726,19.461,-4.2054,-1.3446,24.168,153.58
12.313,19.326,-3.8635,-1.4583,23.472,130.07
11.918,19.18,-3.1562,-1.5763,22.758,92.373
11.607,19.023,-2.4505,-1.6845,22.019,65.139
11.356,18.854,-2.0494,-1.7852,21.277,52.635
11.161,18.676,-1.8794,-1.8788,20.528,47.184
10.982,18.488,-1.8591,-1.9734,19.778,45.382
10.794,18.29,-1.8718,-2.0768,19.028,44.273
10.6,18.083,-1.8895,-2.1863,18.287,43.166
10.401,17.864,-1.8225,-2.3053,17.54,39.922
10.217,17.634,-1.753,-2.427,16.795,36.515
10.044,17.391,-1.6827,-2.5511,16.055,33.018
9.8814,17.136,-1.687,-2.677,15.325,30.93
9.8814,16.868,0,-2.8098,14.613,9.2189
9.535,16.587,-1.8771,-2.9545,13.891,29.97
9.3493,16.292,-1.9673,-3.1043,13.197,29.235
9.1542,15.981,-2.0224,-4.4,12.506,14.218
8.9496,15.541,-2.0278,-4.4,11.843,12.866
8.7443,15.101,-2.0243,-4.4,11.191,11.443
8.5506,14.661,-2.0391,-4.4,10.575,10.244
8.5506,14.221,0,-4.4,9.9858,12.643
8.1456,13.781,-1.9747,-4.4,9.3908,7.2741
7.9405,13.341,-1.9454,-4.4,8.8379,6.1825
7.7527,12.901,-1.8807,-4.4,8.3157,5.2615
7.5618,12.461,-1.7712,-4.4,7.8068,5.0312
7.3817,12.021,-1.6496,-5.2,7.3246,41.623
7.2198,11.501,-1.5303,-5.2,6.882,72.321
7.0649,10.981,-1.4203,-5.2,6.4801,127.58
6.9269,10.461,-1.3327,-5.2,6.1132,162.12
6.79,9.9412,-1.2607,-5.2,5.78,114.94
6.6555,9.4212,-1.2239,-5.2,5.4931,90.341
6.5354,8.9012,-1.266,-5.2,5.2423,76.692
6.4094,8.3812,-1.3241,-5.2,5.0233,64.384
6.2698,7.8612,-1.4386,-5.2,4.8358,52.903
6.1263,7.3412,-1.6169,-5.2,4.6971,42.347
5.9712,6.8212,-1.7525,-5.2,4.5848,30.788
5.8037,6.3012,-1.8082,-5.2,4.515,19.871
5.8037,5.7812,0,-8.8,4.4912,31.672
5.8037,4.9012,0,-8.8,4.5375,29.868
5.2444,4.0212,-1.7943,-8.8,4.5932,0
5.071,3.1412,-1.7877,-8.8,4.7443,0
5.071,2.2612,0,-8.8,4.9813,8.0186
4.7224,1.3812,-1.7877,-8.8,5.262,0
4.7224,0.50123,0,-1.7926,5.6401,13.608
4.3624,0.32197,-1.7323,-1.7323,6.0343,0
4.1905,0.14873,-1.692,-1.692,6.447,0
4.0173,0,-1.6915,-1.6915,6.8447,0
3.8581,0,-1.7494,-1.7494,7.2423,0
3.6899,0,-1.7506,-1.7506,7.6347,0
3.6899,0,0,-1.5558,8.0124,2.3285
3.3521,0,-1.3066,-1.3066,8.3552,0
3.2263,0,-1.0952,-1.0952,8.6936,0
3.1207,0,-0.86267,-0.86267,9.0255,0
3.0363,0,-0.66846,-0.66846,9.3439,0
3.0363,0,0,-0.72266,9.6509,0.29591
2.8828,0,-0.92692,-0.92692,9.9475,0
2.7815,0,-1.0683,-1.0683,10.226,0
2.7815,0,0,-1.1827,10.509,0
2.5583,0,-1.2509,-1.2509,10.756,0
2.4377,0,-1.1736,-1.1736,11.016,0
2.312,0,-0.97691,-0.97691,11.266,0
2.2187,0,-0.79781,-0.79781,11.491,0
2.1411,0,-0.65883,-0.65883,11.72,0
2.0708,0,-0.60394,-0.60394,11.924,0
2.009,0,-0.65901,-0.65901,12.122,0
1.9519,0,-0.7308,-0.7308,12.326,0
1.8735,0,-0.82291,-0.82291,12.526,0
1.8735,0,0,-0.88703,12.717,0
1.706,0,-0.9043,-0.9043,12.903,0
1.6141,0,-0.92092,-0.92092,13.071,0
1.6141,0,0,-0.94259,13.237,0
1.4423,0,-0.81716,-0.81716,13.38,0
1.4423,0,0,-0.63464,13.528,0
1.3143,0,-0.55792,-0.55792,13.661,0
1.2565,0,-0.44867,-0.44867,13.788,0
1.2127,0,-0.31264,-0.31264,13.904,0
1.1784,0,-0.28358,-0.28358,14.015,0
1.1405,0,-0.36524,-0.36524,14.133,0
1.0944,0,-0.30863,-0.30863,14.239,0
1.0695,0,-0.23766,-0.23766,14.352,0
1.0419,0,-0.21245,-0.21245,14.463,0
1.0267,0,-0.18439,-0.18439,14.574,0
1.0015,0,-0.20216,-0.20216,14.681,0
0.97219,0,-0.29183,-0.29183,14.783,0
0.9478,0,-0.52428,-0.52428,14.886,0
0.89872,0,-0.81462,-0.81462,14.99,0
0.81056,0,-1.0373,-1.0373,15.071,0
0.70324,0,-1.106,-1.106,15.158,0
0.59572,0,-1.0938,-1.0938,15.225,0
0.47808,0,-0.94914,-0.94914,15.286,0
0.39151,0,-0.73816,-0.73816,15.331,0
0.3208,0,-0.59356,-0.59356,15.377,0
0.2704,0,-0.53027,-0.53027,15.417,0
0.21646,0,-0.53547,-0.53547,15.445,0
0.156,0,-0.56103,-0.56103,15.466,0
0.10274,0,-0.55389,-0.55389,15.473,0
0.038121,0,-0.51745,-0.51745,15.482,0
0.038121,0,0,-0.46143,15.488,0
-0.06463,0,-0.37046,-0.37046,15.497,0.13337
-0.10715,0,-0.34704,-0.34704,15.492,0.22053
-0.13254,0,-0.3478,-0.3478,15.481,0.27257
-0.17426,0,-0.34291,-0.34291,15.477,0.35811
-0.20722,0,-0.33333,-0.33333,15.454,0.42569
-0.2316,0,-0.36062,-0.36062,15.437,0.47564
-0.26916,0,-0.31244,-0.31244,15.413,0.55265
-0.29207,0,-0.2625,-0.2625,15.395,0.59962
-0.3136,0,-0.25088,-0.25088,15.364,0.64376
-0.34325,0,-0.2369,-0.2369,15.332,0.70454
-0.35863,0,-0.23347,-0.23347,15.293,0.73607
-0.38049,0,-0.2931,-0.2931,15.261,0.78087
-0.415,0,-0.40882,-0.40882,15.233,0.85162
-0.45955,0,-0.52591,-0.52591,15.193,0.94295
-0.51791,0,-0.62365,-0.62365,15.143,1.0626
-0.58789,0,-0.69435,-0.69435,15.087,1.206
-0.65206,0,-0.72097,-0.72097,15.022,1.3376
-0.71551,0,-0.67709,-0.67709,14.962,1.4677
-0.78605,0,-0.61913,-0.61913,14.888,1.6123
-0.84033,0,-0.57624,-0.57624,14.804,1.7236
-0.89778,0,-0.56432,-0.56432,14.722,1.8413
-0.95038,0,-0.5708,-0.5708,14.638,1.9492
-1.0079,0,-0.59653,-0.59653,14.533,2.0672
-1.0635,0,-0.64304,-0.64304,14.437,2.181
-1.1366,0,-0.70752,-0.70752,14.332,2.3309
-1.2043,0,-0.73074,-0.73074,14.215,2.4698
-1.2852,0,-0.75109,-0.75109,14.098,2.6354
-1.3653,0,-0.75713,-0.75713,13.967,2.7998
-1.4484,0,-0.72938,-0.72938,13.837,2.97
-1.5168,0,-0.7448,-0.7448,13.686,3.1102
-1.5168,0,0,-0.78194,13.538,1.4672
-1.6724,0,-0.7605,-0.7605,13.384,3.4292
-1.6724,0,0,-0.74488,13.221,1.864
-1.8223,0,-0.75215,-0.75215,13.054,3.7365
-1.8901,0,-0.72869,-0.72869,12.879,3.8756
-1.9715,0,-0.75406,-0.75406,12.686,4.0425
-2.0509,0,-0.87612,-0.87612,12.486,4.2052
-2.0509,0,0,-1.0055,12.286,2.0923
-2.2447,0,-1.0941,-1.0941,12.059,4.6026
-2.361,0,-1.1078,-1.1078,11.837,4.8408
-2.4747,0,-1.0618,-1.0618,11.6,5.0739
-2.579,0,-0.95194,-0.95194,11.357,5.2879
-2.6818,0,-0.79029,-0.79029,11.108,5.4985
-2.6818,0,0,-0.69915,10.844,4.0294
-2.6818,0,0,-0.65895,10.58,4.1139
-2.9063,0,-0.64054,-0.64054,10.273,5.9587
-2.9728,0,-0.59124,-0.59124,9.9826,6.095
-3.0354,0,-0.5466,-0.5466,9.6879,6.2234
-3.083,0,-0.52768,-0.52768,9.3942,6.321
-3.144,0,-0.54488,-0.54488,9.0814,6.4461
-3.1913,0,-0.56622,-0.56622,8.7616,6.543
-3.2489,0,-0.62337,-0.62337,8.4462,6.6612
-3.3039,0,-0.78223,-0.78223,8.1287,6.7738
-3.3815,0,-0.99054,-0.99054,7.7952,6.9329
-3.4734,0,-1.1837,-1.1837,7.4481,7.1213
-3.4734,0,0,-1.3191,7.1067,4.3494
-3.7267,0,-1.4365,-1.4365,6.7391,7.6406
-3.8665,0,-1.5166,-1.5166,6.3619,7.9272
-4.0169,0,-1.4559,-1.4559,5.9748,8.2355
-4.1724,0,-1.3724,-1.3724,5.5709,8.5544
-4.3106,0,-1.3795,-1.3795,5.145,8.8377
-4.4386,0,-1.4693,-8.8,4.7132,0
-4.587,0,-1.5419,-8.8,4.2961,0
-4.7502,0,-1.6028,-8.8,3.8802,0
-4.9146,0,-1.6714,-8.8,3.4412,0
-5.0759,0,-1.7265,-8.8,2.9767,0
-5.2471,0,-1.7369,-8.8,2.5059,0
-5.2471,0,0,-9.0171,2.0251,0
-5.5964,0,-1.7389,-12.045,1.5195,0
-5.7658,0,-1.6594,-17.944,1.0207,0
-5.7658,0,0,-34.843,0.53385,0
-6.0906,0,-1.4061,-168.91,0.11073,0
-6.2292,0,-1.2341,-59.051,0.33557,0
-6.2292,0,0,9.8,1.008,33.363
-6.4704,0.98,-1.0501,-90.158,0.31147,0
-6.5794,0,-1.0038,-1373.8,0.015767,0
-6.6736,0,-0.95316,-0.95316,6.2205,13.682
-6.7623,0,-0.98229,-0.98229,5.5618,13.864
-6.8547,0,-0.9939,-8.8,4.8823,0
-6.9641,0,-0.99659,-8.8,4.2319,0
-7.0651,0,-1.0265,-8.8,3.5646,0
-7.1725,0,-1.0524,-9.9176,2.9015,0
-7.2776,0,-1.0665,-12.948,2.2289,0
-7.3923,0,-1.1079,-18.597,1.5623,0
-7.5047,0,-1.1706,-32.047,0.91204,0
-7.6245,0,-1.2319,-93.289,0.31574,0
-7.7512,0,-1.3031,-1559.7,0.019277,0
-7.8806,0,-1.4583,-1.4583,7.0292,16.156
-8.036,0,-1.542,-1.542,6.2384,16.475
-8.1847,0,-1.5324,-1.5324,5.4388,16.779
-8.3392,0,-1.4542,-8.9693,4.6269,1.3052
-8.4811,0,-1.2933,-10.668,3.8365,0
-8.6029,0,-1.0335,-13.227,3.0348,0
-8.7046,0,-0.81672,-17.766,2.2352,0
-8.7783,0,-0.65974,-27.217,1.4508,0
-8.7783,0,0,-55.362,0.70909,0
-8.8911,0,-0.47286,-355.31,0.11139,0
-8.9452,0,-0.4318,-40.751,0.99229,0
-8.9928,0,-0.43754,-131.46,0.30863,0
-9.0306,0,-0.45555,-632.92,0.064472,0
-9.0718,0,-0.48411,-18.216,2.3206,0
-9.1196,0,-0.49974,-28.197,1.5013,0
-9.1636,0,-0.50487,-57.534,0.73622,0
-9.2202,0,-0.50485,-408.68,0.10414,0
-9.2761,0,-0.53324,-35.988,1.2134,0
-9.3284,0,-0.55705,-93.126,0.47002,0
-9.3851,0,-0.59653,9.8,1,41.086
-9.4444,0.98,-0.68219,-4750.6,0.011439,0
-9.5189,0,-0.79151,7.8,22.728,37.567
-9.5888,0.78,-0.82614,7.8,21.733,39.383
-9.6668,1.56,-0.82401,-0.19034,20.65,24.347
-9.7394,1.541,-0.81687,-0.20703,19.524,24.407
-9.8137,1.5203,-0.74796,-0.22631,18.388,24.332
-9.8977,1.4976,-0.68027,-0.24884,17.247,24.268
-9.9653,1.4727,-0.75871,-0.27488,16.097,24.465
-10.049,1.4453,-0.87439,-0.30543,14.96,24.76
-10.049,1.4147,0,-0.34287,13.812,22.782
-10.24,1.3804,-0.94657,-0.38798,12.642,24.997
-10.336,1.3416,-0.97215,-0.44286,11.486,25.053
-10.434,1.2973,-0.93463,-0.51163,10.323,24.938
-10.53,1.2462,-0.92189,-0.5998,9.1529,24.82
-10.63,1.1862,-1.011,-0.71535,7.9809,24.845
-10.723,1.1147,-1.1146,-0.8738,6.7948,24.773
-10.838,1.0273,-1.0791,-1.0989,5.614,24.283
-10.941,0.9174,-1.0072,-16.915,4.4198,0
-11.034,0,-0.89007,-19.209,3.3232,0
-11.132,0,-0.72307,-27.432,2.32,0
-11.213,0,-0.58168,-47.662,1.3353,0
-11.274,0,-0.55415,-142.75,0.44696,0
-11.324,0,-0.59301,-1766.6,0.036305,0
-11.324,0,0,-0.69876,7.7369,21.747
-11.468,0,-0.92289,-0.92289,6.593,23.51
-11.557,0,-1.1412,-1.1412,5.452,23.692
-11.665,0,-1.276,-17.132,4.2907,0
-11.784,0,-1.3712,-23.078,3.1983,0
-11.919,0,-1.3843,-34.779,2.1269,0
-12.067,0,-1.3112,-67.873,1.0938,0
-12.201,0,-1.21,-349.7,0.21358,0
-12.321,0,-1.2062,-105.72,0.72625,0
-12.451,0,-1.2012,-4642.8,0.016701,0
-12.451,0,0,7.8,21.985,41.916
-12.695,0.78,-1.2091,-1.2091,20.691,27.626
-12.807,0.65909,-1.2119,-1.2119,19.346,27.607
-12.921,0.5379,-1.2276,-1.2276,17.991,27.592
-13.042,0.41513,-1.2466,-1.2466,16.638,27.588
-13.172,0.29047,-1.2528,-1.2528,15.292,27.599
-13.292,0.16519,-1.2649,-1.2649,13.95,27.587
-13.424,0.0387,-1.3339,-1.3339,12.61,27.6
-13.552,0,-1.3221,-1.3221,11.273,27.782
-13.679,0,-1.2714,-1.2714,9.9214,28.042
-13.679,0,0,-1.2899,8.5599,25.332
-13.938,0,-1.3255,-1.3255,7.1864,28.575
-14.076,0,-1.3672,-1.3672,5.7849,28.856
-14.213,0,-1.4043,-24.502,4.373,0
-14.358,0,-1.3922,-35.077,3.0602,0
-14.504,0,-1.3153,-60.161,1.7874,0
-14.639,0,-1.3306,-172.33,0.6266,0
-14.772,0,-1.2454,-5675.6,0.019229,0
-14.895,0,-1.1852,7.8,26.923,49.417
-15.007,0.78,-1.2418,7.8,25.383,51.364
-15.123,1.56,-1.4414,7.8,23.752,53.62
-15.276,2.34,-1.4502,-0.41573,22.036,38.286
-15.411,2.2984,-1.4513,-0.47073,20.264,38.366
-15.553,2.2514,-1.4674,-0.53842,18.488,38.451
-15.691,2.1975,-1.4053,-0.62297,16.706,38.317
-15.835,2.1352,-1.2893,-0.73133,14.917,38.013
-15.96,2.0621,-1.2556,-0.87414,13.109,37.748
-16.088,1.9747,-1.2897,-1.0682,11.301,37.495
-16.225,1.8679,-1.3267,-1.3418,9.4997,37.06
-16.361,1.7337,-1.3805,-1.7512,7.699,36.315
-16.507,1.5586,-1.4046,-2.4174,5.9006,34.907
-16.652,1.3168,-1.3608,-40.65,4.1089,0
-16.652,0,0,-57.652,2.5153,0
-16.937,0,-1.3029,-130.77,1.1079,0
-17.074,0,-1.2858,-2494.3,0.058468,0
-17.202,0,-1.281,-1.281,10.82,35.265
-17.338,0,-1.2918,-1.2918,9.0991,35.543
-17.472,0,-1.2816,-1.2816,7.359,35.818
-17.603,0,-1.2717,-1.2717,5.6061,36.088
-17.728,0,-1.2486,-42.069,3.8495,0
-17.861,0,-1.2355,-71.42,2.2727,0
-17.984,0,-1.2294,-196.19,0.82951,0
-18.104,0,-1.2445,-11051,0.014831,0
-18.225,0,-1.273,7.8,53.442,56.426
-18.355,0.78,-1.3292,7.8,51.578,58.41
-18.483,1.56,-1.3594,7.8,49.614,60.334
-18.621,2.34,-1.3537,7.8,47.572,62.205
-18.755,3.12,-1.3265,7.8,45.429,64.022
-18.889,3.9,-1.3185,7.8,43.187,65.879
-19.029,4.68,-1.3186,7.8,40.862,67.765
-19.163,5.46,-1.2969,7.8,38.455,69.594
-19.299,6.24,-1.3121,6.7,35.957,69.191
-19.299,6.91,0,6.7,33.369,67.808
-19.564,7.58,-1.3511,6.7,30.688,72.563
-19.691,8.25,-1.3195,-1.7393,27.927,56.397
-19.829,8.0761,-1.2557,-2.021,25.127,55.597
-19.959,7.874,-1.2695,-2.3814,22.339,54.721
-20.081,7.6358,-1.3978,-2.8564,19.56,53.756
-20.218,7.3502,-1.8915,-3.5075,16.79,53.12
-20.403,6.9994,-2.6166,-4.4457,14.034,52.333
-20.673,6.5549,-3.5788,-5.8767,11.308,50.99
-21.035,5.9672,-4.4493,-7.84,8.6041,48.231
-21.476,5.1832,-5.1724,-65.128,5.9272,0
-21.987,0,-5.8757,-73.679,3.5649,0
-22.574,0,-6.3337,-154.91,1.7149,0
-23.201,0,-5.8124,-1389.6,0.1945,0
-23.792,0,-3.9019,-62.944,4.7939,0
-24.182,0,-1.7962,-109.85,2.7059,0
-24.364,0,-0.50681,-355.97,0.83498,0
-24.406,0,0.59291,-1770.7,0.16815,0
-24.406,0,0,0.55054,6.5808,51.19
-24.291,0.055054,-2.1042,-73.493,4.1513,0
-24.496,0,-4.6766,-149.54,2.071,0
-24.496,0,0,-914.38,0.36915,0
-25.397,0,-3.5901,-138.09,2.3978,0
-25.758,0,-3.193,-637.67,0.52286,0
-26.078,0,-1.8623,-304.86,1.1223,0
-26.263,0,-0.46496,-10225,0.033729,0
-26.314,0,-0.46803,7.8,48.539,71.317
-26.358,0.78,-0.5263,7.8,45.858,73.13
-26.421,1.56,-0.26345,7.8,43.104,74.305
-26.452,2.34,-0.46628,7.8,40.259,76.395
-26.452,3.12,0,7.8,37.341,77.014
-26.612,3.9,-1.8689,7.8,34.322,82.866
-26.79,4.68,-2.5873,7.8,31.226,86.342
-27.047,5.46,-2.8599,7.8,28.035,89.039
-27.33,6.24,-2.3311,-1.8897,24.726,69.748
-27.555,6.051,-1.6946,-2.3299,21.358,67.558
-27.728,5.818,-1.3527,-2.956,18,65.4
-27.859,5.5224,-1.3334,-3.9022,14.658,63.036
-27.983,5.1322,-1.4575,-5.4618,11.341,59.474
-28.136,4.586,-1.6094,-7.84,8.056,53.988
-28.291,3.802,-1.7131,-108.51,4.8221,0
-28.472,0,-1.7395,-190.36,2.1489,0
-28.641,0,-1.6184,-1616.1,0.25405,0
-28.794,0,-1.3756,-1.3756,5.4692,59.028
-28.927,0,-1.2312,-163.19,2.5832,0
-29.048,0,-1.199,-850.49,0.49676,0
-29.17,0,-1.1633,-232.38,1.84,0
-29.294,0,-1.1152,-5318.4,0.080693,0
-29.409,0,-1.1278,7.8,23.735,79.05
-29.531,0.78,-1.0862,-1.0862,20.759,62.139
-29.642,0.67138,-1.0357,-1.0357,17.718,62.144
-29.737,0.56781,-1.015,-1.015,14.693,62.127
-29.834,0.46632,-0.99783,-0.99783,11.663,62.117
-29.834,0.36653,0,-1.0204,8.6384,59.769
-29.834,0.26449,0,-1.0638,5.6234,59.468
-30.131,0.15811,-1.0448,-178.01,2.592,0
-30.229,0,-1.011,-1021.8,0.44757,0
-30.323,0,-1.0325,-182.55,2.5327,0
-30.431,0,-1.0503,-1118.9,0.41424,0
-30.533,0,-1.0527,-158.85,2.9541,0
-30.647,0,-1.0645,-673.31,0.69857,0
-30.746,0,-1.143,-477.65,0.99192,0
-30.869,0,-1.2035,-1579.2,0.30193,0
-30.984,0,-1.2358,-1.2358,5.1059,63.518
-31.103,0,-1.2293,-242.71,2.003,0
-31.218,0,-1.2299,-5306.3,0.091853,0
-31.343,0,-1.162,7.8,23.493,83.086
-31.46,0.78,-1.1497,-1.1497,20.313,66.093
-31.567,0.66503,-1.1017,-1.1017,17.096,66.076
-31.682,0.55486,-1.1097,-1.1097,13.881,66.087
-31.792,0.44389,-1.1435,-1.1435,10.657,66.085
-31.906,0.32954,-1.2062,-1.2062,7.4349,66.084
-32.034,0.20892,-1.196,-124.85,4.2036,0
-32.034,0,0,-326.31,1.6036,0
-32.269,0,-1.1901,9.8,1,89.246
-32.381,0.98,-1.167,9.8,1,91.436
-32.492,1.96,-1.1465,9.8,1,93.628
-32.61,2.94,-1.1405,9.8,1,95.867
-32.73,3.92,-1.1133,9.8,1,98.065
-32.832,4.9,-1.1263,9.8,1,100.31
-32.952,5.88,-1.1177,9.8,1,102.55
-33.064,6.86,-1.108,9.8,1,104.76
-33.174,7.84,-1.1092,9.8,1,107
-33.174,8.82,0,9.8,0.99942,106.68
-33.402,9.8,-1.1731,9.8,1,111.62
-33.516,10.78,-1.1239,9.8,1,113.76
-33.635,11.76,-1.1118,9.8,1,115.99
-33.635,12.74,0,9.8,1.0012,115.66
-33.87,13.72,-1.0979,9.8,1,120.46
-33.987,14.7,-1.0873,9.8,1,122.69
-34.093,15.68,-1.0948,9.8,1,124.93
-34.195,16.66,-1.0582,9.8,1,127.07
-34.301,17.64,-1.0174,9.8,1,129.21
-34.396,18.62,-0.93438,9.8,1,131.24
-34.486,19.6,-0.88331,9.8,1,133.33
-34.58,20.58,-0.89716,9.8,1,135.56
-34.678,21.56,-0.94925,9.8,1,137.88
-34.774,22.54,-0.95376,9.8,1,140.09
-34.865,23.52,-0.95529,9.8,1,142.29
-34.963,24.5,-0.96358,9.8,1,144.52
-35.057,25.48,-0.94732,9.8,1,146.68
-35.149,26.46,-0.90505,9.8,1,148.79
-35.241,27.44,-0.89711,9.8,1,150.97
-35.337,28.42,-0.93323,9.8,1,153.25
-35.337,29.4,0,9.8,1.0086,153.3
-35.512,30.38,-0.92797,9.8,1,157.62
-35.609,31.36,-0.92388,9.8,1,159.82
-35.704,32.34,-0.92734,9.8,1,162.03
-35.79,33.32,-0.96831,9.8,1,164.3
-35.896,34.3,-0.98238,9.8,1,166.56
-35.994,35.28,-0.96427,9.8,1,168.73
-36.087,36.26,-1.0038,9.8,1,171.01
-36.179,37.24,-1.0339,9.8,1,173.27
-36.272,38.22,-1.0706,9.8,1,175.55
-36.38,39.2,-1.1901,9.8,1,178.03
-36.508,40.18,-1.3481,9.8,1,180.64
-36.65,41.16,-1.3075,9.8,1,182.85
-36.65,42.14,0,9.8,1.0014,182.11
-36.902,43.12,-1.0976,9.8,1,186.95
-37.004,44.1,-0.96316,9.8,1,188.88
-37.095,45.08,-0.89266,9.8,1,190.93
-37.095,46.06,0,9.8,1.0027,191.06
-37.276,47.04,-1.0237,9.8,1,195.59
-37.382,48.02,-1.1697,9.8,1,198.13
-37.506,49,-1.2689,9.8,1,200.6
-37.632,49.98,-1.2225,9.8,1,202.77
-37.762,50.96,-1.2006,9.8,1,205
-37.887,51.94,-1.1402,9.8,1,207.13
-37.998,52.92,-1.0302,9.8,1,209.14
-37.998,53.9,0,9.8,1.0111,208.98
-38.185,54.88,-0.93509,9.8,1,213.34
-38.185,55.86,0,9.8,1.0069,213.38
-38.185,56.84,0,9.8,1.0314,215.39
-38.474,57.82,-0.80577,9.8,1,219.69
-38.474,58.8,0,9.8,1.0094,220.01
-38.612,59.78,-0.58117,9.8,1,223.52
-38.673,60.76,-0.52514,9.8,1,225.53
-38.727,61.74,-0.5037,9.8,1,227.61
-38.783,62.72,-0.50248,9.8,1,229.73
-38.783,63.7,0,9.8,1.0106,230.68
-38.896,64.68,-0.64803,9.8,1,234.28
-38.955,65.66,-0.77235,9.8,1,236.68
-39.037,66.64,-0.69264,9.8,1,238.69
