0,0,-0.039411,0,35.5,0.082813
0,0,0,7.8,35.5,59.103
0,0.78,0,7.8,35.461,63.94
0,1.56,0,7.8,35.344,68.834
0.0051955,2.34,0.0297,7.8,35.144,90.188
0.0038003,3.12,0.083038,7.8,34.868,94.629
0.0058954,3.9,0.14274,7.8,34.524,98.911
0.026395,4.68,0.21158,7.8,34.092,102.86
0.038965,5.46,0.25728,7.8,33.584,107.38
0.065836,6.24,0.25926,6.7,33.006,98.885
0.093614,6.91,0.2515,6.7,32.356,103.64
0.093614,7.58,0,6.7,31.641,114.09
0.13525,8.25,0.22748,-0.4281,30.874,30.657
0.16347,8.2072,0.22038,-0.44098,30.061,30.22
0.17931,8.1631,0.21764,-0.45483,29.266,29.782
0.20402,8.1176,0.21931,-0.46921,28.461,29.227
0.23037,8.0707,0.22534,-0.48384,27.674,28.601
0.24467,8.0223,0.22186,-0.49997,26.892,28.142
0.26006,7.9723,0.21463,-0.51696,26.111,27.707
0.27984,7.9206,0.20925,-0.53392,25.353,27.218
0.30869,7.8672,0.20137,-0.55143,24.59,26.696
0.32334,7.8121,0.1863,-0.57093,23.833,26.313
0.34616,7.755,0.17099,-0.59059,23.087,25.876
0.37212,7.6959,0.1619,-0.61057,22.356,25.336
0.39108,7.6349,0.15304,-0.63196,21.636,24.81
0.40119,7.5717,0.14967,-0.65558,20.916,24.239
0.41327,7.5061,0.14743,-0.68067,20.195,23.622
0.42942,7.438,0.14502,-0.70646,19.486,22.97
0.43751,7.3674,0.15354,-0.73427,18.788,22.214
0.46134,7.294,0.15615,-0.76216,18.093,21.434
0.46816,7.2178,0.15012,-0.79307,17.411,20.803
0.48534,7.1385,0.16452,-0.8244,16.738,19.892
0.50753,7.056,0.17733,-0.85663,16.074,18.966
0.50753,6.9703,0,-0.89201,15.424,20.083
0.53646,6.8811,0.15533,-0.92708,14.787,17.605
0.54682,6.7884,0.10418,-0.96637,14.151,17.284
0.55913,6.6918,-0.0056243,-1.0056,13.54,17.511
0.56361,6.5912,-0.13561,-1.0496,12.927,17.945
0.55496,6.4863,-0.2539,-1.0977,12.327,18.296
0.53589,6.3765,-0.36098,-1.1503,11.74,15.971
0.50352,6.2615,-0.43338,-1.2089,11.16,15.087
0.4652,6.1406,-0.4601,-1.2729,10.586,14.217
0.41159,6.0133,-0.46528,-1.3438,10.024,13.341
0.37375,5.8789,-0.48813,-1.4147,9.4742,12.452
0.31608,5.7375,-0.51353,-1.4947,8.9349,11.575
0.26235,5.588,-0.5428,-1.5824,8.3925,10.684
0.20747,5.4297,-0.57624,-1.6709,7.875,9.8389
0.1562,5.2627,-0.53976,-8.8,7.3595,0
0.09441,4.3827,-0.39464,-8.8,6.891,0
0.054269,3.5027,-0.21154,-8.8,6.4964,0
0.031269,2.6227,-0.10063,-8.8,6.1979,0
0.011727,1.7427,-0.0066936,-0.25516,5.9863,3.8141
0.0090953,1.7171,0.072037,-8.8,5.8151,0
0.016138,0.83715,0.06301,0.06301,5.6905,2.0474
0.030653,0.84345,-0.011493,-0.011493,5.6111,2.0329
0.035334,0.8423,-0.013304,-0.013304,5.5288,2.0161
0.034455,0.84097,0.036889,0.036889,5.4526,2.0086
0.03625,0.84466,0.02902,-8.8,5.3743,0
0.035248,0,-0.0074446,-0.0074446,5.3363,0
0.038505,0,0.006289,0.006289,5.3339,0
0.049065,0.0006289,0.03085,0.03085,5.3287,0
0.057948,0.0037139,0.0029958,0.0029958,5.3383,0
0.061398,0.0040135,-0.0095302,-0.0095302,5.3421,0
0.067992,0.0030605,0.013878,0.013878,5.3457,0
0.073079,0.0044482,0.0085108,0.0085108,5.3447,0
0.077843,0.0052993,-0.0076277,-0.0076277,5.3554,0
0.08359,0.0045366,0.0053344,0.0053344,5.3724,0
0.077758,0.00507,0.015597,0.015597,5.3812,0
0.079831,0.0066297,-0.0045155,-0.0045155,5.3809,0
0.071882,0.0061781,-0.0059593,-0.0059593,5.3952,0
0.071882,0.0055822,0,0.0081655,5.4018,0
0.082914,0.0063988,0.0050107,0.0050107,5.4043,0
0.085735,0.0068998,-0.0051328,-0.0051328,5.4145,0
0.085735,0.0063865,0,0.0090831,5.4224,0
0.099596,0.0072949,0.013904,0.013904,5.4248,0
0.10183,0.0086852,0.0024153,0.0024153,5.4311,0
0.11021,0.0089268,0.0044458,0.0044458,5.4478,0
0.11255,0.0093714,0.015044,0.015044,5.4497,0
0.10496,0.010876,0.0049685,0.0049685,5.4621,0
0.10392,0.011373,0.0019542,0.0019542,5.4669,0
0.10085,0.011568,0.0092442,0.0092442,5.4785,0
0.10677,0.012493,0.008666,0.008666,5.4898,0
0.10982,0.013359,0.0023057,0.0023057,5.5021,0
0.11051,0.01359,0.012513,0.012513,5.5149,0
0.11051,0.014841,0,0.015978,5.5246,0
0.11145,0.016439,0.023454,0.023454,5.5321,0
0.11315,0.018784,0.051752,0.051752,5.5493,0
0.12783,0.023959,0.092564,0.092564,5.5616,0
0.12783,0.033216,0,0.14329,5.5715,0.13042
0.12783,0.047545,0,0.19999,5.5802,0.31864
0.17893,0.067544,0.24196,0.24196,5.597,0
0.17893,0.09174,0,0.26014,5.6069,0.48187
0.22565,0.11775,0.27214,0.27214,5.6072,0
0.25353,0.14497,0.26499,0.26499,5.6114,0
0.27107,0.17147,0.25216,0.25216,5.6271,0
0.27107,0.19668,0,0.24805,5.6358,0.47678
0.27107,0.22149,0,0.24755,5.642,0.53848
0.34938,0.24624,0.25128,0.25128,5.6707,0
0.37743,0.27137,0.30012,0.30012,5.6907,0
0.37743,0.30138,0,0.42698,5.6998,1.0949
0.37743,0.34408,0,0.66828,5.7052,2.2767
0.51186,0.41091,1.0314,1.0314,5.7193,0
0.51186,0.51405,0,1.4525,5.7242,7.1264
0.51186,0.65929,0,1.8401,5.7168,10.725
0.96194,0.8433,2.1353,2.1353,5.7688,0
1.1786,1.0568,2.2757,1.1382,5.7856,0
1.4084,1.1707,2.1791,1.8794,5.8055,0
1.6296,1.3586,1.8838,1.6785,5.8353,0
1.8148,1.5264,1.4914,1.4781,5.8688,0
1.9703,1.6743,1.0646,1.3056,5.8966,0
2.0807,1.8048,0.64324,1.0796,5.9342,0.52687
2.1427,1.9128,0.34495,0.82015,5.9653,0.80222
2.1427,1.9948,0,-8.8,5.9842,0
2.2015,1.1148,0.01873,4.9,6.06,32.776
2.213,1.6048,-0.040372,2.9878,6.1472,17.145
2.2144,1.9036,-0.056209,1.1542,6.1842,4.2538
2.2006,2.019,-0.076598,0.61359,6.2125,1.9079
2.1943,2.0804,-0.057823,0.36762,6.235,0.98633
2.1943,2.1171,0,0.24238,6.2446,0.45212
2.1879,2.1414,-0.014631,0.14341,6.2497,0.28169
2.1962,2.1557,-0.017493,0.12359,6.2562,0.24969
2.1887,2.1681,-0.0088675,0.062252,6.2564,0.11647
2.1814,2.1743,0.0076602,0.021534,6.2591,0.014737
2.189,2.1764,0.001679,0.037768,6.2519,0.052249
2.1794,2.1802,-0.060406,-0.00014921,6.2588,0.13773
2.1735,2.1802,-0.19062,-0.0011632,6.2642,0.50832
2.1574,2.1801,-0.42063,-0.0039605,6.2633,1.4166
2.1085,2.1797,-0.76245,-0.012423,6.2558,3.4879
2.0305,2.1784,-1.1915,-0.02589,6.2426,3.9843
1.9057,2.1759,-1.6025,-0.047427,6.2277,4.8449
1.7542,2.1711,-1.9408,-0.073679,6.1933,5.6508
1.5573,2.1637,-2.1791,-0.108,6.1504,6.3513
1.3371,2.1529,-2.0993,-0.14739,6.0776,6.4783
1.1285,2.1382,-1.6824,-8.8,5.9904,0
0.95127,1.2582,-1.1891,-0.032376,5.9245,3.4652
0.82842,1.255,-0.69134,-0.045316,5.889,2.7114
0.76548,1.2504,-0.21654,-0.052103,5.8352,1.7433
0.74805,1.2452,0.039028,-0.053808,5.7936,0.87806
0.76118,1.2398,0.012669,-0.052341,5.7412,0.91336
0.76118,1.2346,0,-0.051875,5.6936,0.93932
0.76601,1.2294,-0.22321,-0.051738,5.6381,1.7083
0.76601,1.2243,0,-8.8,5.5921,0
0.71081,0.34425,-0.50586,-0.50586,5.5985,0
0.65622,0.29366,-0.6154,-0.6154,5.638,0
0.59332,0.23212,-0.69945,-0.69945,5.6804,0
0.51571,0.16218,-0.66087,-0.66087,5.714,0
0.45423,0.096093,-0.46956,-0.46956,5.742,0
0.39745,0.049137,-0.2542,-0.2542,5.7799,0
0.37385,0.023717,-0.11688,-0.11688,5.8169,0
0.3628,0.012029,0.012221,0.012221,5.8463,0
0.3678,0.013251,0.10804,0.10804,5.8766,0
0.38494,0.024056,0.067527,0.067527,5.9127,0
0.40102,0.030808,-0.018971,-0.018971,5.9473,0
0.39114,0.028911,-0.0096911,-0.0096911,5.9907,0
0.38315,0.027942,0.050216,0.050216,6.0273,0
0.3813,0.032964,0.030565,0.030565,6.0682,0
0.38053,0.03602,-0.0063082,-0.0063082,6.1126,0
0.37215,0.035389,0.019613,0.019613,6.1486,0
0.37215,0.037351,0,0.043479,6.1822,0
0.37197,0.041698,0.017292,0.017292,6.2192,0
0.3834,0.043428,0.021555,0.021555,6.244,0
0.37782,0.045583,0.051362,0.051362,6.2818,0
0.38783,0.050719,0.044091,0.044091,6.3197,0
0.39754,0.055128,0.029824,0.029824,6.3622,0
0.4061,0.058111,0.041102,0.041102,6.3871,0
0.40377,0.062221,0.036498,0.036498,6.4314,0
0.40377,0.065871,0,0.016693,6.4653,0
0.41314,0.06754,0.01813,0.01813,6.4994,0
0.42041,0.069353,0.022583,0.022583,6.5439,0
0.43199,0.071611,0.011931,0.011931,6.5745,0
0.43286,0.072804,0.013091,0.013091,6.6098,0
0.42869,0.074114,0.023013,0.023013,6.6436,0
0.43961,0.076415,0.016846,0.016846,6.683,0
0.44316,0.078099,0.0089294,0.0089294,6.7237,0
0.45291,0.078992,0.019888,0.019888,6.7595,0
0.44827,0.080981,0.021731,0.021731,6.8022,0
0.44346,0.083154,0.018821,0.018821,6.8328,0
0.44934,0.085036,0.021518,0.021518,6.8607,0
0.44831,0.087188,0.027524,0.027524,6.8944,0
0.44831,0.089941,0,0.020829,6.9304,0
0.44441,0.092023,0.019428,0.019428,6.9753,0
0.45034,0.093966,0.021315,0.021315,7.0147,0
0.44749,0.096098,0.023339,0.023339,7.0592,0
0.45892,0.098432,0.021133,0.021133,7.1007,0
0.4554,0.10054,0.02358,0.02358,7.1312,0
0.45064,0.1029,0.027017,0.027017,7.1616,0
0.45265,0.1056,0.025481,0.025481,7.1937,0
0.46288,0.10815,0.02743,0.02743,7.2229,0
0.46154,0.1109,0.03275,0.03275,7.267,0
0.4678,0.11417,0.031585,0.031585,7.3071,0
0.46378,0.11733,0.031589,0.031589,7.3416,0
0.47235,0.12049,0.032487,0.032487,7.3664,0
0.47334,0.12374,0.029043,0.029043,7.4063,0
0.47274,0.12664,0.020492,0.020492,7.4458,0
0.46731,0.12869,0.023381,0.023381,7.4863,0
0.47822,0.13103,0.023371,0.023371,7.5117,0
0.48161,0.13337,0.021793,0.021793,7.5438,0
0.49112,0.13554,0.024176,0.024176,7.5781,0
0.48838,0.13796,0.031252,0.031252,7.6093,0
0.49716,0.14109,0.029458,0.029458,7.6499,0
0.50162,0.14403,0.029275,0.029275,7.6786,0
0.49844,0.14696,0.032199,0.032199,7.721,0
0.50016,0.15018,0.035915,0.035915,7.7568,0
0.50685,0.15377,0.029974,0.029974,7.7876,0
0.50701,0.15677,0.0258,0.0258,7.8246,0
0.50768,0.15935,0.021475,0.021475,7.8603,0
0.5069,0.1615,0.028518,0.028518,7.9006,0
0.5069,0.16435,0,0.061844,7.935,0
0.5131,0.17053,0.1135,0.1135,7.9855,0
0.53375,0.18188,0.16766,0.16766,8.0146,0
0.55004,0.19865,0.21081,0.21081,8.0492,0
0.57732,0.21973,0.24292,0.24292,8.0857,0
0.61011,0.24402,0.24669,0.24669,8.1273,0
0.64361,0.26869,0.24839,0.24839,8.1592,0
0.66257,0.29353,0.24199,0.24199,8.1882,0
0.66257,0.31773,0,0.23916,8.2239,0
0.70686,0.34165,0.23897,0.23897,8.2507,0
0.72558,0.36554,0.2444,0.2444,8.2777,0
0.74032,0.38998,0.24226,0.24226,8.3196,0
0.74032,0.41421,0,0.2584,8.3534,0
0.78392,0.44005,0.29502,0.29502,8.3931,0
0.81601,0.46955,0.35612,0.35612,8.427,0
0.85877,0.50516,0.4776,0.4776,8.4621,0
0.89888,0.55292,0.71826,0.71826,8.4875,0
0.9697,0.62475,1.0788,1.0788,8.5171,0
1.0768,0.73264,1.5128,1.5128,8.5605,0
1.2301,0.88392,1.9483,4.9,8.6,13.886
1.4347,1.3739,2.3042,0.52242,8.6173,1.6871
1.6583,1.4262,2.5052,1.8797,8.6366,0
1.911,1.6141,2.5714,1.9609,8.6688,0
1.911,1.8102,0,1.9989,8.6886,10.773
2.4363,2.0101,2.5874,1.9652,8.7363,0
2.6909,2.2066,2.6156,1.9191,8.7773,0
2.946,2.3985,2.673,1.8979,8.8317,0
3.2214,2.5883,2.7147,1.9444,8.8932,0
3.4992,2.7828,2.692,1.9611,8.9509,0
3.7605,2.9789,2.6229,1.9232,9.0231,0
4.0272,3.1712,2.5039,1.9142,9.1142,0
4.0272,3.3626,0,1.8557,9.1902,6.9995
4.4996,3.5482,2.2618,1.7954,9.2986,0
4.7182,3.7277,2.1521,1.7385,9.403,0
4.9377,3.9016,2.0403,1.7001,9.4956,0
5.1322,4.0716,1.9513,1.6351,9.591,0
5.3367,4.2351,1.8615,1.6068,9.7036,0
5.529,4.3958,1.7723,1.5691,9.8148,0
5.7038,4.5527,1.6654,1.5191,9.9315,0
5.7038,4.7046,0,1.4694,10.039,3.05
6.0325,4.8516,1.5237,1.4304,10.162,0
6.0325,4.9946,0,1.3835,10.273,2.4142
6.3284,5.1329,1.4047,1.3461,10.406,0
6.4731,5.2675,1.3715,1.3122,10.516,0
6.4731,5.3988,0,1.288,10.63,1.7695
6.7478,5.5276,1.3169,1.2501,10.754,0
6.8839,5.6526,1.2968,1.2279,10.881,0
7.0093,5.7754,1.274,1.1992,11.004,0
7.0093,5.8953,0,1.1755,11.122,1.0735
7.2513,6.0128,1.1745,1.1481,11.256,0
7.3625,6.1276,1.1174,1.1206,11.387,0
7.4808,6.2397,1.0594,1.1032,11.509,0
7.5858,6.35,1.0608,1.0773,11.637,0
7.6967,6.4578,1.104,1.0607,11.769,0
7.6967,6.5638,0,1.0495,11.887,0.44556
7.9183,6.6688,1.208,1.0324,12.011,0
8.0295,6.772,1.2443,1.0217,12.132,0
8.1537,6.8742,1.23,1.0238,12.265,0
8.2748,6.9766,1.1851,1.0228,12.392,0
8.3929,7.0789,1.1592,1.0195,12.518,0
8.5153,7.1808,1.1252,1.0208,12.654,0
8.5153,7.2829,0,1.0099,12.783,0
8.724,7.3839,1.0507,0.99787,12.937,0
8.724,7.4837,0,0.99138,13.066,0
8.9413,7.5828,1.0208,0.9849,13.197,0
9.044,7.6813,1.0138,0.97587,13.334,0
9.1459,7.7789,1.0417,0.96682,13.464,0
9.2493,7.8756,1.0678,0.9605,13.604,0
9.35,7.9716,1.1004,0.9526,13.735,0
9.4511,8.0669,1.1481,0.94641,13.876,0
9.5743,8.1615,1.1706,0.95584,14.018,0
9.6949,8.2571,1.1864,0.96234,14.155,0
9.8109,8.3533,1.1912,0.96619,14.31,0
9.9269,8.45,1.1851,0.96959,14.464,0
9.9269,8.5469,0,0.9696,14.606,0
10.16,8.6439,1.1552,0.97645,14.769,0
10.281,8.7415,1.1232,0.98153,14.92,0
10.388,8.8397,1.083,0.97742,15.066,0
10.493,8.9374,1.019,0.97323,15.224,0
10.594,9.0347,0.94703,0.96697,15.378,0
10.594,9.1314,0,0.95925,15.529,0
10.77,9.2274,0.8043,0.93976,15.686,0
10.77,9.3213,0,0.92527,15.835,0
10.935,9.4139,0.70052,0.91124,15.986,0
11.004,9.505,0.62772,0.89163,16.142,0
11.068,9.5941,0.57085,0.87023,16.289,0
11.125,9.6812,0.48749,0.84656,16.445,0
11.183,9.7658,0.4101,0.8252,16.588,0
11.233,9.8483,0.36638,0.80089,16.723,0
11.266,9.9284,0.34774,0.7688,16.859,0
11.297,10.005,0.30549,0.73761,16.981,0
11.327,10.079,0.29423,0.70855,17.101,0
11.327,10.15,0,0.68344,17.223,0
11.387,10.218,0.32873,0.65625,17.337,0
11.413,10.284,0.34741,0.63134,17.462,0
11.446,10.347,0.37104,0.61202,17.579,0
11.484,10.408,0.37596,0.59607,17.679,0
11.517,10.468,0.35612,0.57898,17.792,0
11.543,10.526,0.3256,0.55948,17.905,0
11.576,10.582,0.27108,0.5451,18.009,0
11.612,10.636,0.2102,0.53283,18.115,0
11.639,10.689,0.13635,0.51652,18.212,0
11.657,10.741,0.036339,0.49653,18.3,0
11.668,10.791,-0.040948,0.47356,18.38,0
11.669,10.838,-0.10397,0.4473,18.475,0
11.658,10.883,-0.19159,0.41611,18.551,0
11.635,10.924,-0.37229,0.38072,18.634,0.56489
11.607,10.963,-0.82686,0.34454,18.701,3.2667
11.526,10.997,-1.4467,0.28177,18.758,9.6688
11.377,11.025,-2.1641,0.18679,18.798,22.805
11.153,11.044,-2.8327,0.057791,18.823,44.084
10.874,11.05,-3.4103,-0.028802,18.821,75.448
10.531,11.047,-3.6952,-0.084628,18.783,97.821
10.161,11.038,-3.8006,-0.14498,18.704,107.55
9.7837,11.024,-3.8473,-0.20631,18.608,112.25
9.7837,11.003,0,-0.26989,18.485,2.1817
9.0128,10.976,-3.9274,-0.33456,18.287,120.45
8.6252,10.943,-4.0829,-0.40144,18.07,135.11
8.6252,10.903,0,-0.47531,17.84,4.5666
7.7805,10.855,-4.6753,-0.55531,17.526,24.648
7.3069,10.8,-5.0789,-0.64679,17.204,25.223
7.3069,10.735,0,-0.75083,16.858,7.2386
6.2414,10.66,-5.875,-0.87096,16.425,26.576
5.656,10.573,-6.2022,-1.0065,15.966,27.223
5.026,10.472,-6.4357,-1.1644,15.454,27.745
4.3923,10.356,-6.374,-1.3409,14.88,27.742
3.7602,10.221,-5.8638,-1.5382,14.253,26.911
3.1755,10.068,-5.1214,-1.7488,13.577,25.504
2.6596,9.8928,-3.8,-1.9686,12.864,23.028
2.6596,9.6959,0,-2.1712,12.15,13.025
2.0782,9.4788,-0.73407,-2.3517,11.388,20.51
2.0024,9.2436,0.040331,-2.5024,10.647,11.515
1.9977,8.9934,0.52909,-2.6265,9.9446,7.843
2.0422,8.7307,0.60097,-5.2,9.2673,8.7436
2.1044,8.2107,0.35287,-5.2,8.6315,6.5412
2.1306,7.6907,0.14726,-5.2,8.0436,4.5666
2.1553,7.1707,0.13596,-5.2,7.5137,3.5036
2.1741,6.6507,0.2629,-5.2,7.0455,3.0784
2.2084,6.1307,0.28462,-5.2,6.622,2.2132
2.2349,5.6107,0.23304,-8.8,6.2494,0
2.2505,4.7307,0.24927,-8.8,5.9613,0
2.2708,3.8507,0.28528,-8.8,5.7619,0
2.3021,2.9707,0.26961,-8.8,5.6593,0
2.3272,2.0907,0.25717,-8.8,5.6389,0
2.3272,1.2107,0,4.9,5.7065,32.882
2.3684,1.7007,0.25451,-8.8,5.7976,0
2.3938,0.82074,0.24531,0.24531,5.9038,0
2.4199,0.84527,0.2411,0.2411,6.0659,0
2.4199,0.86938,0,0.24539,6.2222,0
2.4199,0.89392,0,4.9,6.376,30.322
2.4871,1.3839,0.24183,4.9,6.512,29.314
2.5058,1.8739,0.24353,2.5516,6.5967,10.203
2.5387,2.1291,0.25456,1.3455,6.6469,3.0094
2.5664,2.2636,0.24431,0.90103,6.6742,1.3031
2.5846,2.3537,0.24728,0.64589,6.7004,0.54285
2.6119,2.4183,0.25493,0.51941,6.7241,0.22311
2.6466,2.4703,0.25633,0.45791,6.7449,0.091975
2.6727,2.516,0.24913,0.39525,6.7623,0
2.6933,2.5556,0.25551,0.33946,6.7798,0
2.723,2.5895,0.25637,0.32282,6.8014,0
2.7467,2.6218,0.25724,0.29642,6.8192,0
2.7467,2.6514,0,0.28646,6.8302,0.54471
2.7995,2.6801,0.25422,0.27376,6.8328,0
2.8313,2.7075,0.24528,0.27978,6.8528,0
2.8577,2.7354,0.24681,0.2721,6.8697,0
2.8741,2.7627,0.23772,0.24453,6.8872,0
2.8964,2.7871,0.2368,0.23684,6.9014,0
2.8964,2.8108,0,0.22533,6.9112,0.37956
2.9313,2.8333,0.25062,0.2071,6.925,0
2.9574,2.854,0.25086,0.21596,6.9315,0
2.9795,2.8756,0.25525,0.2144,6.9353,0
3.0126,2.8971,0.25407,0.23594,6.9471,0
3.0322,2.9207,0.25368,0.22528,6.9633,0
3.0668,2.9432,0.24872,0.24685,6.9761,0
3.0843,2.9679,0.24998,0.22925,6.9788,0
3.0843,2.9908,0,0.24619,6.9893,0.42291
3.1506,3.0154,0.24942,0.26002,7.0011,0
3.1849,3.0414,0.24916,0.27294,7.024,0
3.2158,3.0687,0.25097,0.27599,7.0346,0
3.2443,3.0963,0.24865,0.27443,7.0585,0
3.2715,3.1238,0.24781,0.27071,7.0801,0
3.2962,3.1508,0.25165,0.26282,7.0877,0
3.3163,3.1771,0.25303,0.24857,7.1033,0
3.3509,3.202,0.25391,0.26279,7.1094,0
3.3681,3.2282,0.25407,0.24367,7.1198,0
3.3949,3.2526,0.25407,0.24551,7.1418,0
3.43,3.2772,0.25411,0.26089,7.1544,0
3.452,3.3033,0.25518,0.25081,7.1631,0
3.4851,3.3283,0.2532,0.26126,7.1691,0
3.4851,3.3545,0,0.27189,7.1835,0.40789
3.5352,3.3816,0.25299,0.25049,7.2115,0
3.5581,3.4067,0.25966,0.24425,7.2219,0
3.5807,3.4311,0.255,0.23909,7.247,0
3.6043,3.455,0.25495,0.23659,7.2706,0
3.6043,3.4787,0,0.23954,7.2844,0.32293
3.6522,3.5026,0.25162,0.23248,7.2958,0
3.6872,3.5259,0.24466,0.24853,7.3141,0
3.7084,3.5507,0.25072,0.24049,7.3329,0
3.7363,3.5748,0.2541,0.24433,7.3525,0
3.7617,3.5992,0.26059,0.24317,7.3611,0
3.7873,3.6235,0.2612,0.24262,7.3683,0
3.8222,3.6478,0.2634,0.25595,7.3839,0
3.8536,3.6734,0.25951,0.26181,7.395,0
3.8722,3.6996,0.25749,0.24837,7.4126,0
3.8982,3.7244,0.258,0.24741,7.4213,0
3.9193,3.7492,0.26105,0.23988,7.4312,0
3.9396,3.7731,0.25757,0.23251,7.4397,0
3.9637,3.7964,0.25638,0.23153,7.4512,0
3.9857,3.8195,0.25839,0.22815,7.4675,0
4.0065,3.8424,0.2545,0.22368,7.4917,0
4.0361,3.8647,0.24882,0.23208,7.5181,0
4.0603,3.8879,0.26165,0.23162,7.5385,0
4.0798,3.9111,0.28095,0.22511,7.5623,0
4.0984,3.9336,0.29648,0.21809,7.5711,0
4.1366,3.9554,0.3133,0.23778,7.5803,0
4.1751,3.9792,0.33561,0.25501,7.5971,0
4.2131,4.0047,0.33693,0.26911,7.6207,0
4.2531,4.0316,0.33739,0.28381,7.6477,0
4.2896,4.06,0.34245,0.29181,7.679,0
4.2896,4.0892,0,0.30667,7.7005,0.33875
4.3695,4.1198,0.45443,0.31139,7.7293,0
4.4242,4.151,0.60204,0.33771,7.7573,0
4.4749,4.1847,0.84565,0.35479,7.7823,0
4.566,4.2202,1.1886,0.41815,7.81,0
4.6935,4.262,1.578,0.51503,7.8401,0
4.8429,4.3135,1.9559,0.62331,7.8954,0.6589
5.0409,4.3759,2.271,0.7691,7.9494,1.1883
5.2751,4.4528,2.4479,0.93189,8.0277,1.2212
5.5278,4.546,2.5035,1.086,8.1218,0.87226
5.7797,4.6546,2.4599,1.2101,8.2261,0.32755
5.7797,4.7756,0,1.3115,8.3325,2.1458
6.2673,4.9067,2.2263,1.3764,8.4784,0
6.4952,5.0444,2.0779,1.4228,8.624,0
6.6946,5.1867,1.894,1.4345,8.7803,0
6.8806,5.3301,1.7001,1.4319,8.9389,0
7.0556,5.4733,1.5108,1.4185,9.0863,0
7.2105,5.6151,1.3464,1.3922,9.2489,0
7.3528,5.7544,1.2346,1.3594,9.4077,0
7.3528,5.8903,0,1.3254,9.5608,0.62215
7.6102,6.0228,1.0553,1.2886,9.7261,0
7.7241,6.1517,0.90721,1.2506,9.89,0
7.7241,6.2767,0,1.2039,10.041,0.12711
7.8837,6.3971,0.46978,1.1371,10.187,0
7.9302,6.5108,0.22129,1.0682,10.339,0
7.9604,6.6177,0.0082162,0.99457,10.471,0
7.9698,6.7171,-0.1802,0.91546,10.607,0.30602
7.9495,6.8087,-0.32136,0.82345,10.728,0.93551
