8.3333,8.3333,1.407,0,35.5,1.0833
8.3333,8.3333,0,6.7,35.5,60.872
8.3333,9.0033,0,6.7,35.467,65.492
8.3333,9.6733,0,6.7,35.366,70.147
8.3333,10.343,0,6.7,35.199,74.834
8.3333,11.013,0,6.7,34.964,79.551
8.3333,11.683,0,-0.15109,34.663,10.767
8.3333,11.668,0,-0.14127,34.328,10.769
8.3333,11.654,0,-0.13203,33.995,10.771
8.3333,11.641,0,-0.12157,33.664,10.786
8.3333,11.629,0,-0.11156,33.334,10.803
8.3333,11.618,0,-0.10083,33.005,10.829
8.3333,11.607,0,-0.090423,32.677,10.858
8.3333,11.598,0,-0.080014,32.35,10.892
8.3333,11.59,0,-0.069912,32.024,10.928
8.3333,11.583,0,-0.060217,31.699,10.966
8.3333,11.577,0,-0.049808,31.374,11.014
8.3333,11.572,0,-0.039107,31.05,11.068
11.144,11.569,1.4541,-0.028544,33.242,0.95717
11.144,11.566,0,-0.019063,33.2,0.90808
11.437,11.564,1.4689,-0.0085743,33.172,1.1743
11.437,11.563,0,0.015859,33.159,0.30687
11.437,11.565,0,0.13354,33.147,0.63531
11.437,11.578,0,0.23863,33.133,1.0143
11.437,11.602,0,0.33592,33.118,1.4454
11.437,11.635,0,0.42524,33.1,1.9188
11.437,11.678,0,0.50334,33.078,2.4102
11.437,11.728,0,0.5786,33.051,2.9485
11.437,11.786,0,0.64252,33.019,3.4862
11.437,11.85,0,0.6992,32.981,4.0339
11.437,11.92,0,0.73421,32.936,4.5002
11.437,11.994,0,0.76485,32.884,4.9679
11.437,12.07,0,0.78878,32.824,5.4188
11.437,12.149,0,0.81367,32.757,5.8958
11.437,12.23,0,0.84014,32.682,6.4039
13.454,12.314,1.3099,0.85716,34.171,0
13.454,12.4,0,0.88034,34.281,0.0035501
13.454,12.488,0,0.90443,34.382,0.35426
13.454,12.579,0,0.938,34.474,0.77052
13.454,12.672,0,0.97539,34.557,1.2377
14.168,12.77,1.371,1.006,34.79,0
14.168,12.871,0,1.0197,34.925,0
14.168,12.972,0,1.0372,35.05,0.20151
14.168,13.076,0,1.0507,35.164,0.57821
14.168,13.181,0,1.0532,35.268,0.92416
14.168,13.287,0,1.0677,35.362,1.3385
15.007,13.393,1.6992,1.0963,35.675,0
15.007,13.503,0,1.1299,35.83,0
15.007,13.616,0,1.1623,35.975,0.1256
15.007,13.732,0,1.1977,36.108,0.64802
15.007,13.852,0,1.2291,36.23,1.1931
15.007,13.975,0,1.257,36.339,1.7593
15.007,14.101,0,1.2786,36.436,2.3261
15.007,14.228,0,1.3057,36.52,2.9534
15.007,14.359,0,1.336,36.592,3.6344
15.007,14.493,0,1.3666,36.65,4.3538
15.007,14.629,0,1.4,36.694,5.1289
17.125,14.769,2.1652,1.4328,37.84,0
17.125,14.913,0,1.4644,38.068,0
17.125,15.059,0,1.4925,38.282,0
17.125,15.208,0,1.5174,38.482,0.018146
17.125,15.36,0,1.5408,38.666,0.63535
17.125,15.514,0,1.5647,38.835,1.2957
17.125,15.671,0,1.5789,38.988,1.9422
17.125,15.828,0,1.5857,39.125,2.5769
17.125,15.987,0,1.5745,39.247,3.1266
17.125,16.144,0,1.5417,39.353,3.5525
19.004,16.299,0.41095,1.4828,40.503,0
19.038,16.447,0.088957,1.4069,40.766,0
19.038,16.588,0,1.3185,41.018,0
19.038,16.719,0,1.2337,41.256,0
19.038,16.843,0,1.1534,41.482,0
19.038,16.958,0,1.0719,41.696,0
19.038,17.065,0,0.9958,41.899,0
19.038,17.165,0,0.92349,42.091,0
19.038,17.257,0,0.84454,42.274,0
19.038,17.342,0,0.75532,42.448,0
19.038,17.417,0,0.66191,42.613,0
19.038,17.483,0,0.56815,42.772,0
19.038,17.54,0,0.46549,42.925,0
19.038,17.587,0,0.36869,43.072,0
19.038,17.624,0,0.27261,43.216,0
19.038,17.651,0,0.17992,43.356,0
19.038,17.669,0,0.091593,43.494,0
19.038,17.678,0,0.014106,43.63,0
19.038,17.679,0,-0.009081,43.766,0
17.401,17.679,-1.562,-0.01937,42.935,13.08
17.401,17.677,0,-0.030347,42.907,0.52846
17.401,17.674,0,-0.041249,42.88,0.4934
17.401,17.669,0,-0.0516,42.853,0.458
16.771,17.664,-1.5175,-0.062807,42.688,15.772
16.771,17.658,0,-0.073131,42.599,1.9662
16.771,17.651,0,-0.083926,42.511,1.9056
16.302,17.642,-1.6774,-0.09534,42.355,21.068
16.302,17.633,0,-0.1069,42.222,3.1663
16.302,17.622,0,-0.11867,42.089,3.0808
16.302,17.61,0,-0.13156,41.958,2.9877
16.302,17.597,0,-0.14446,41.828,2.892
16.302,17.583,0,-0.15804,41.699,2.7909
16.302,17.567,0,-0.17152,41.572,2.6878
16.302,17.55,0,-0.18572,41.446,2.5795
16.302,17.531,0,-0.20065,41.323,2.4662
16.302,17.511,0,-0.21639,41.201,2.3479
16.302,17.489,0,-0.23189,41.081,2.2286
16.302,17.466,0,-0.24803,40.963,2.1055
16.302,17.441,0,-0.26364,40.848,1.983
16.302,17.415,0,-0.27886,40.736,1.8609
16.302,17.387,0,-0.29396,40.626,1.7386
16.302,17.358,0,-0.30837,40.519,1.6182
16.302,17.327,0,-0.32062,40.415,1.5043
16.302,17.295,0,-0.33125,40.314,1.3954
16.302,17.262,0,-0.33922,40.216,1.2943
16.302,17.228,0,-0.34606,40.122,1.1972
16.302,17.193,0,-0.35321,40.031,1.1002
16.302,17.158,0,-0.35939,39.944,1.0068
16.302,17.122,0,-0.36669,39.86,0.91219
16.302,17.085,0,-0.37579,39.78,0.81524
16.302,17.048,0,-0.38586,39.704,0.71821
16.302,17.009,0,-0.39613,39.631,0.623
16.302,16.97,0,-0.40794,39.562,0.52771
16.302,16.929,0,-0.42165,39.498,0.43264
16.302,16.887,0,-0.43706,39.437,0.33921
16.302,16.843,0,-0.45396,39.381,0.24895
16.302,16.797,0,-0.47129,39.329,0.1642
16.302,16.75,0,-0.48904,39.282,0.086012
16.302,16.701,0,-0.50631,39.24,0.015832
16.302,16.651,0,-0.52333,39.202,0
16.302,16.598,0,-0.53795,39.17,0
16.302,16.545,0,-0.55044,39.143,0
16.302,16.49,0,-0.56321,39.122,0
16.302,16.433,0,-0.57463,39.106,0
16.302,16.376,0,-0.5859,39.096,0
16.302,16.317,0,-0.59525,39.091,0
16.302,16.258,0,-0.60379,39.093,0
11.655,16.197,0.051213,-0.60987,27.258,12.438
11.655,16.136,0,-0.61439,26.807,12.564
11.655,16.075,0,-0.619,26.362,12.25
11.655,16.013,0,-0.6205,25.923,11.959
11.655,15.951,0,-0.62255,25.49,11.665
11.75,15.889,0.14434,-0.62423,25.083,9.8527
11.75,15.826,0,-0.62633,24.673,10.666
11.75,15.764,0,-0.63347,24.268,10.346
11.75,15.7,0,-0.64852,23.87,9.9738
11.75,15.635,0,-0.67556,23.478,9.5226
11.75,15.568,0,-0.71933,23.093,8.9634
11.75,15.496,0,-0.77279,22.715,8.3435
10.733,15.419,-3.7444,-0.841,22.136,114.99
10.733,15.335,0,-0.92261,21.672,10.936
10.733,15.242,0,-1.0101,21.216,9.97
10.733,15.141,0,-1.1037,20.77,8.9779
10.733,15.031,0,-1.2069,20.335,7.9531
10.733,14.91,0,-1.3175,19.911,6.9292
10.733,14.779,0,-1.4321,19.5,5.9468
10.733,14.635,0,-1.5565,19.103,5.0121
10.733,14.48,0,-1.696,18.72,4.1597
10.733,14.31,0,-1.8461,18.354,3.4805
10.733,14.125,0,-2.013,18.005,3.0743
10.733,13.924,0,-2.1936,17.676,3.113
10.733,13.705,0,-2.3947,17.368,3.8697
10.733,13.465,0,-2.6247,17.083,5.8652
10.733,13.203,0,-2.8921,16.823,10.123
10.733,12.914,0,-3.1967,16.59,18.603
10.733,12.594,0,-3.5443,16.388,35.871
10.733,12.239,0,-8.1824,16.22,0
10.733,11.421,0,-8.3925,16.11,0
10.733,10.582,0,-8.5806,16.083,0
10.733,9.7239,0,-8.8946,16.141,0
10.733,8.8345,0,-9.0441,16.286,0
10.733,7.9301,0,-9.1434,16.521,0
10.733,7.0157,0,-9.0702,16.847,0
10.733,6.1087,0,-9.1146,17.265,0
10.733,5.1973,0,-8.9962,17.773,0
10.733,4.2976,0,-8.8163,18.371,0
10.733,3.416,0,-8.8,19.059,0
10.733,2.536,0,-8.8,19.834,0
10.733,1.656,0,-8.8,20.698,0
10.733,0.77602,0,-8.8,21.65,0
10.733,0,0,-8.8,22.689,0
10.733,0,0,-8.8,23.807,0
10.733,0,0,-8.8,24.924,0
10.733,0,0,-8.8,26.041,0
10.733,0,0,-10.434,27.158,0
10.733,0,0,-19.323,28.284,0
10.733,0,0,-76.166,29.454,0
10.733,0,0,-94.648,30.908,0
10.733,0,0,-45.849,32.454,0
10.733,0,0,-957.91,33.757,0
10.733,0,0,-8.8,39.62,0
10.733,0,0,-8.8,40.737,0
10.733,0,0,-8.8,41.854,0
10.733,0,0,-8.8,42.972,0
10.733,0,0,-8.8,44.089,0
-2.8441,0,0.98346,-8.8,3.0318,0
-2.8441,0,0,-8.8,2.7914,0
-2.8441,0,0,-8.8,2.551,0
-2.8441,0,0,-8.8,2.3106,0
-2.8441,0,0,-8.8,2.0702,0
-2.8441,0,0,-8.8,1.8297,0
-2.8441,0,0,-8.8,1.5893,0
-2.5351,0,-0.024958,-8.8,1.4964,0
-2.5351,0,0,-8.8,1.2869,0
-2.5351,0,0,-8.8,1.0774,0
-2.5351,0,0,-8.8,0.86786,0
-2.5351,0,0,-8.8,0.65836,0
-2.5351,0,0,-8.8,0.44885,0
-2.5351,0,0,-17.224,0.23935,0
-2.5351,0,0,-96.954,0.071959,0
-2.5351,0,0,-16.023,0.30322,0
-2.5351,0,0,-83.243,0.12983,0
-2.5351,0,0,-22.779,0.29254,0
-2.8396,0,-0.17486,-253.94,0.015887,0
-2.8396,0,0,-8.8,1.0016,0
-2.8396,0,0,-8.8,0.76166,0
-2.8396,0,0,-8.8,0.5217,0
-2.8396,0,0,-16.036,0.28174,0
-2.95,0,-0.42471,-91.579,0.047734,0
-2.95,0,0,-22.758,0.21063,0
-3.0488,0,-0.73126,-710.64,0.0065469,0
-3.1185,0,-0.8257,-8.8,3.2542,0
-3.1185,0,0,-8.8,2.9863,0
-3.1185,0,0,-8.8,2.7185,0
-3.1185,0,0,-8.8,2.4507,0
-3.1185,0,0,-8.8,2.1828,0
-3.1185,0,0,-8.8,1.915,0
-3.1185,0,0,-8.8,1.6471,0
-3.1185,0,0,-8.8,1.3793,0
-4.1057,0,-1.6526,-12.98,0.74409,0
-4.1057,0,0,-25.557,0.39842,0
-4.436,0,-1.6498,-136.12,0.073171,0
-4.436,0,0,-37.03,0.31015,0
-4.436,0,0,-914.08,0.051704,0
-4.436,0,0,-8.8,4.1785,0
-4.436,0,0,-8.8,3.7789,0
-4.436,0,0,-8.8,3.3793,0
-4.436,0,0,-8.8,2.9797,0
-4.436,0,0,-9.1636,2.5801,0
-4.436,0,0,-12.364,2.1823,0
-4.436,0,0,-18.623,1.8005,0
-4.436,0,0,-35.46,1.4501,0
-6.4841,0,-2.5706,-153.72,0.13907,0
-6.4841,0,0,-96.535,0.25929,0
-6.4841,0,0,-577.38,0.093557,0
-6.4841,0,0,-14.575,2.332,0
-6.4841,0,0,-21.069,1.7565,0
-6.4841,0,0,-36.888,1.2134,0
-6.4841,0,0,-113.93,0.74948,0
-6.4841,0,0,-974.56,0.67071,0
-6.4841,0,0,-12.407,4.8951,0
-6.4841,0,0,-15.656,4.3087,0
-6.4841,0,0,-21.305,3.7386,0
-6.4841,0,0,-33.242,3.1967,0
-6.4841,0,0,-71.533,2.7145,0
-10.262,0,-3.2962,-696.71,0.075938,0
-10.262,0,0,-25.619,2.5333,0
-10.262,0,0,-41.495,1.6351,0
-10.262,0,0,-99.856,0.81639,0
-10.262,0,0,-3098.3,0.28945,0
-10.262,0,0,-3.811,14.755,0
-10.262,0,0,-3.8772,13.748,0
-10.262,0,0,-3.8957,12.741,0
-10.262,0,0,-3.9434,11.734,0
-10.262,0,0,-3.9432,10.727,0
-10.262,0,0,-3.9205,9.7209,0
-10.262,0,0,-3.9456,8.7143,0
-10.262,0,0,-4.006,7.7078,0
-10.262,0,0,-35.647,6.7016,0
-10.262,0,0,-57.443,5.8537,0
-10.262,0,0,-134.94,5.1147,0
-10.262,0,0,-4448.5,4.7632,0
-16.74,0,-3.5959,7.8,20.612,0
-16.74,0.78,0,-3.4331,18.899,0
-16.74,0.43669,0,-3.2912,17.164,0
-17.772,0.10757,-3.2802,-3.2802,15.291,0
-17.772,0,0,-3.3081,13.519,0
-17.772,0,0,-3.3471,11.758,0
-17.772,0,0,-3.3144,9.9977,0
-17.772,0,0,-3.1255,8.2371,0
-17.772,0,0,-2.8405,6.4755,0
-17.772,0,0,-49.538,4.7124,0
-17.772,0,0,-85.706,3.1829,0
-17.772,0,0,-254.96,1.8342,0
-20.343,0,-1.6183,-4515.4,0.045844,0
-20.343,0,0,7.8,20.589,0
-20.343,0.78,0,-1.2423,18.515,0
-20.343,0.65577,0,-1.1308,16.409,0
-20.343,0.54269,0,-1.1614,14.315,0
-20.343,0.42655,0,-1.1137,12.232,0
-20.343,0.31518,0,-1.0212,10.161,0
-20.343,0.21306,0,-0.99495,8.0998,0
-20.343,0.11357,0,-0.8545,6.0491,0
-20.343,0.028117,0,-67.156,4.0077,0
-20.343,0,0,-140.75,2.3063,0
-20.343,0,0,-1175,0.97573,0
-20.343,0,0,-59.027,4.8161,0
-20.343,0,0,-111.66,3.0769,0
-20.343,0,0,-487.04,1.6009,0
-20.343,0,0,-299.03,2.0017,0
-20.343,0,0,-1869.4,1.4625,0
-20.343,0,0,1.8943,8.7754,0
-20.343,0.18943,0,2.0339,6.7316,0
-20.343,0.39283,0,-68.095,4.6681,0
-20.343,0,0,-146.85,2.9349,0
-20.219,0,2.1866,-1992.4,0.10248,0
-20.219,0,0,2.1411,8.0424,0
-20.219,0.21411,0,2.1105,6.0098,0
-20.219,0.42516,0,-47.207,3.9559,0
-20.219,0,0,-79.359,2.1276,0
-20.219,0,0,-232.71,0.50246,0
-20.219,0,0,-5776.5,-0.35589,0
-20.219,0,0,7.8,26.505,0
-20.219,0.78,0,7.8,24.444,0
-20.219,1.56,0,7.8,22.305,0
-20.219,2.34,0,-0.51227,20.088,0
-20.219,2.2888,0,-0.5822,17.835,0
-20.219,2.2306,0,-0.6694,15.587,0
-20.219,2.1636,0,-0.7796,13.345,0
-20.219,2.0857,0,-0.92518,11.111,0
-20.219,1.9931,0,-1.1204,8.8853,0
-20.219,1.8811,0,-1.3938,6.6697,0
-20.219,1.7417,0,-1.8039,4.4666,0
-20.219,1.5613,0,-2.4853,2.2796,0
-20.219,1.3128,0,-44.463,0.11399,0
-20.219,0,0,-64.988,-1.8169,0
-20.219,0,0,-157.99,-3.5138,0
-20.219,0,0,-9713.4,-4.7457,0
-20.219,0,0,7.8,41.8,0
-20.219,0.78,0,7.8,39.739,0
-20.219,1.56,0,7.8,37.6,0
-20.219,2.34,0,7.8,35.383,0
-20.219,3.12,0,7.8,33.088,0
-20.219,3.9,0,7.8,30.715,0
-20.219,4.68,0,7.8,28.264,0
-20.219,5.46,0,7.8,25.735,0
-20.219,6.24,0,6.7,23.128,0
-20.219,6.91,0,-1.397,20.449,0
-20.219,6.7703,0,-1.6061,17.743,0
-20.219,6.6097,0,-1.871,15.052,0
-20.219,6.4226,0,-2.215,12.379,0
-20.219,6.2011,0,-2.6705,9.7257,0
-20.219,5.934,0,-3.2927,7.0971,0
-20.219,5.6048,0,-4.197,4.4983,0
-20.219,5.1851,0,-5.5829,1.9369,0
-20.219,4.6268,0,-41.026,-0.57561,0
-20.219,0.5242,0,-41.109,-2.8551,0
-20.219,0,0,-62.037,-4.7238,0
-20.219,0,0,-135.4,-6.4355,0
-20.219,0,0,-1437.4,-7.7804,0
-20.219,0,0,-0.28336,-2.6155,0
-20.219,0,0,-54.222,-4.636,0
-19.341,0,-0.19438,-104.1,1.8,0
-19.341,0,0,-494.26,0.3864,0
-19.341,0,0,-206.93,0.92363,0
-19.341,0,0,-56906,0.024217,0
-19.341,0,0,7.8,282.62,0
-19.341,0.78,0,7.8,280.65,0
-19.341,1.56,0,7.8,278.6,0
-19.341,2.34,0,7.8,276.47,0
-19.341,3.12,0,7.8,274.26,0
-19.341,3.9,0,7.8,271.97,0
-19.341,4.68,0,7.8,269.61,0
-19.341,5.46,0,7.8,267.17,0
-19.341,6.24,0,6.7,264.65,0
-19.341,6.91,0,6.7,262.06,0
-19.413,7.58,-0.20357,6.7,259.27,0
-19.413,8.25,0,6.7,256.53,0
-19.413,8.92,0,6.7,253.73,0
-19.413,9.59,0,6.7,250.87,0
-19.413,10.26,0,6.7,247.93,0
-19.413,10.93,0,6.7,244.93,0
-19.413,11.6,0,6.7,241.86,0
-19.413,12.27,0,4.8,238.73,0
-19.413,12.75,0,4.8,235.54,0
-19.413,13.23,0,4.8,232.3,0
-19.413,13.71,0,4.8,229.01,0
-19.413,14.19,0,4.8,225.67,0
-19.413,14.67,0,4.8,222.29,0
-19.413,15.15,0,4.8,218.86,0
-19.413,15.63,0,4.8,215.38,0
-19.413,16.11,0,4.8,211.85,0
-19.413,16.59,0,4.8,208.27,0
-19.413,17.07,0,4.8,204.65,0
-19.413,17.55,0,4.8,200.97,0
-19.413,18.03,0,4.8,197.25,0
-19.413,18.51,0,4.8,193.49,0
-19.413,18.99,0,4.8,189.67,0
-19.413,19.47,0,4.8,185.81,0
-19.413,19.95,0,4.8,181.89,0
-21.86,20.43,-2.5572,4.8,176.26,0
-21.86,20.91,0,4.8,172.01,0
-21.86,21.39,0,4.8,167.71,0
-21.86,21.87,0,4.8,163.36,0
-21.86,22.35,0,4.8,158.96,0
-21.86,22.83,0,4.8,154.52,0
-21.86,23.31,0,4.8,150.02,0
-21.86,23.79,0,4.8,145.48,0
-21.86,24.27,0,4.8,140.89,0
-21.86,24.75,0,4.8,136.25,0
-21.86,25.23,0,4.8,131.57,0
-21.86,25.71,0,4.8,126.84,0
-21.86,26.19,0,4.8,122.06,0
-21.86,26.67,0,4.8,117.23,0
-21.86,27.15,0,4.8,112.35,0
-21.86,27.63,0,4.8,107.42,0
-21.86,28.11,0,4.8,102.45,0
-21.86,28.59,0,4.8,97.431,0
-21.86,29.07,0,-2,92.362,0
-21.86,28.87,0,4.8,87.279,0
-21.86,29.35,0,-2,82.182,0
-21.86,29.15,0,-2,77.071,0
-21.86,28.95,0,4.8,71.98,0
-21.86,29.43,0,-2,66.875,0
-21.86,29.23,0,-4.6231,61.756,0
-21.86,28.768,0,-5.4222,56.67,0
-21.86,28.225,0,-6.4657,51.634,0
-21.86,27.579,0,-7.84,46.658,0
-21.86,26.795,0,-7.84,41.753,0
-21.86,26.011,0,-7.84,36.927,0
-21.86,25.227,0,-7.84,32.179,0
-21.86,24.443,0,-92.139,27.509,0
-21.86,15.229,0,-92.094,23.34,0
-21.86,6.0196,0,-92.035,20.091,0
-21.86,0,0,-115.66,17.763,0
-29.424,0,-1.4295,-310.52,1.4005,0
-29.424,0,0,-52617,0.010716,0
-29.424,0,0,7.8,260.15,0
-29.424,0.78,0,7.8,257.17,0
-29.424,1.56,0,7.8,254.11,0
-29.424,2.34,0,7.8,250.98,0
-29.424,3.12,0,7.8,247.76,0
-29.424,3.9,0,7.8,244.47,0
-30.448,4.68,-1.1354,7.8,240.69,0
-30.448,5.46,0,7.8,237.13,0
-30.448,6.24,0,6.7,233.5,0
-30.448,6.91,0,6.7,229.8,0
-30.448,7.58,0,6.7,226.03,0
-30.448,8.25,0,6.7,222.2,0
-30.448,8.92,0,6.7,218.29,0
-30.448,9.59,0,6.7,214.32,0
-30.448,10.26,0,6.7,210.29,0
-30.448,10.93,0,6.7,206.18,0
-30.448,11.6,0,6.7,202.01,0
