14.886,14.886,-0.63897,0,35.5,2.4927
14.886,14.886,0,-0.0043347,35.5,0
14.782,14.886,-0.48515,-0.0082334,35.491,1.9699
14.782,14.885,0,-0.012548,35.481,0.18836
14.782,14.884,0,-0.015735,35.471,0.17842
14.782,14.882,0,-0.019612,35.461,0.16631
14.782,14.88,0,-0.022759,35.451,0.15512
14.782,14.878,0,-0.025967,35.441,0.14322
14.782,14.876,0,-0.029724,35.432,0.12954
14.782,14.873,0,-0.032334,35.422,0.11768
14.782,14.869,0,-0.035049,35.414,0.10514
14.782,14.866,0,-0.038431,35.405,0.090726
14.782,14.862,0,-0.041692,35.397,0.076001
14.782,14.858,0,-0.045166,35.389,0.060308
14.782,14.853,0,-0.047223,35.382,0.04695
14.782,14.849,0,-0.050634,35.375,0.030547
14.782,14.843,0,-0.052636,35.369,0.016425
14.782,14.838,0,-0.055596,35.363,0.00013019
14.782,14.833,0,-0.058822,35.357,0
14.782,14.827,0,-0.062864,35.353,0
14.782,14.82,0,-0.066029,35.348,0
14.782,14.814,0,-0.069815,35.345,0
14.782,14.807,0,-0.075156,35.342,0
14.782,14.799,0,-0.079614,35.34,0
13.773,14.791,-0.68998,-0.084909,34.283,6.5027
13.773,14.783,0,-0.091113,34.182,2.2529
13.773,14.774,0,-0.096482,34.081,2.2056
13.773,14.764,0,-0.10272,33.982,2.1537
13.773,14.754,0,-0.10952,33.883,2.0985
13.773,14.743,0,-0.11711,33.786,2.039
13.773,14.731,0,-0.12587,33.689,1.9737
13.773,14.719,0,-0.13391,33.594,1.9094
13.773,14.705,0,-0.14342,33.5,1.8386
13.773,14.691,0,-0.15188,33.408,1.7699
12.847,14.676,-1.1302,-0.16169,32.914,14.802
12.847,14.66,0,-0.17183,32.731,4.4644
12.847,14.642,0,-0.18302,32.551,4.3493
12.847,14.624,0,-0.194,32.372,4.2327
12.847,14.605,0,-0.20578,32.196,4.1098
12.847,14.584,0,-0.21832,32.021,3.981
12.847,14.562,0,-0.2307,31.848,3.8505
12.847,14.539,0,-0.2431,31.678,3.7178
12.847,14.515,0,-0.25714,31.51,3.5757
11.679,14.489,-1.5362,-0.27292,30.834,26.301
11.523,14.462,-1.5361,-0.28931,30.546,26.982
11.523,14.433,0,-0.30561,30.254,7.8519
11.523,14.402,0,-0.32347,29.965,7.6185
11.523,14.37,0,-0.34087,29.678,7.3837
10.914,14.336,-1.5249,-0.35789,29.277,29.253
10.914,14.3,0,-0.37729,28.936,9.3698
10.914,14.262,0,-0.39645,28.6,9.0842
10.914,14.223,0,-0.4158,28.267,8.7929
10.914,14.181,0,-0.43755,27.938,8.4823
10.914,14.137,0,-0.45869,27.614,8.1713
10.914,14.092,0,-0.48277,27.294,7.8388
10.914,14.043,0,-0.50917,26.978,7.4888
10.914,13.992,0,-0.53517,26.668,7.1381
10.914,13.939,0,-0.56279,26.363,6.7759
9.2786,13.883,-1.7973,-0.59283,25.274,40.502
9.2786,13.823,0,-0.62386,24.816,12.787
9.2786,13.761,0,-0.65796,24.365,12.253
8.7188,13.695,-2.0177,-0.69524,23.841,47.336
8.7188,13.626,0,-0.73568,23.347,13.639
8.7188,13.552,0,-0.77722,22.86,12.99
8.7188,13.474,0,-0.82344,22.381,12.302
8.7188,13.392,0,-0.87039,21.909,11.604
7.7062,13.305,-2.0221,-0.92109,21.188,49.129
7.7062,13.213,0,-0.97547,20.633,14.651
7.7062,13.115,0,-1.0326,20.087,13.768
7.7062,13.012,0,-1.0968,19.551,12.831
7.7062,12.902,0,-1.1649,19.026,11.868
7.7062,12.786,0,-1.2397,18.512,10.868
7.7062,12.662,0,-1.3185,18.011,9.8565
7.7062,12.53,0,-1.4012,17.522,8.8439
7.7062,12.39,0,-1.4921,17.046,7.8211
7.7062,12.241,0,-1.5918,16.585,6.8071
7.7062,12.082,0,-1.6984,16.14,5.8386
7.7062,11.912,0,-1.814,15.711,4.9446
7.7062,11.73,0,-1.9418,15.299,4.1702
7.7062,11.536,0,-2.0762,14.907,3.6026
7.7062,11.328,0,-2.2229,14.534,3.334
7.7062,11.106,0,-2.3827,14.183,3.5221
4.2292,10.868,-2.2287,-2.5578,11.082,18.478
4.2292,10.612,0,-2.7505,10.43,7.6137
4.2292,10.337,0,-5.2,9.8059,20.589
4.2292,9.8171,0,-5.2,9.2211,19.523
4.2292,9.2971,0,-5.2,8.6883,18.457
4.2292,8.7771,0,-5.2,8.2075,17.391
2.8512,8.2571,-2.2825,-5.2,7.3581,4.9517
2.6279,7.7371,-2.3225,-5.2,6.8368,4.4275
2.6279,7.2171,0,-5.2,6.3519,4.1556
2.6279,6.6971,0,-5.2,5.919,3.0896
2.6279,6.1771,0,-5.2,5.5381,2.0236
2.6279,5.6571,0,-8.8,5.2092,0
2.6279,4.7771,0,-8.8,4.9503,0
1.2045,3.8971,-2.2662,-8.8,4.3614,0
1.2045,3.0171,0,-8.8,4.1361,0
1.2045,2.1371,0,-8.8,3.9989,0
1.2045,1.2571,0,-8.8,3.9496,0
1.2045,0.37709,0,-8.8,3.9883,0
0.25086,0,-0.81477,-8.8,3.8487,0
0.25086,0,0,-8.8,3.9178,0
0.25086,0,0,-8.8,3.9869,0
0.25086,0,0,-8.8,4.056,0
0.25086,0,0,-8.8,4.1251,0
0.17748,0,0.76531,-8.8,4.1469,0
0.24943,0,1.2561,-8.8,4.2126,0
0.24943,0,0,-8.8,4.2816,0
0.24943,0,0,-8.8,4.3505,0
0.24943,0,0,-8.8,4.4195,0
0.24943,0,0,-8.8,4.4884,0
0.24943,0,0,-8.8,4.5573,0
0.24943,0,0,-8.8,4.6263,0
0.24943,0,0,2.5092,4.6952,14.302
2.1152,0.25092,2.4668,2.4668,5.3661,0
2.1152,0.4976,0,2.4856,5.5402,7.2417
2.1152,0.74616,0,2.5153,5.6895,8.66
2.1152,0.99768,0,4.9,5.8139,32.876
2.1152,1.4877,0,4.9,5.9011,35.976
2.1152,1.9777,0,4.8443,5.9394,38.497
2.1152,2.4621,0,2.8415,5.9289,20.632
2.1152,2.7463,0,2.3158,5.88,17.311
2.1152,2.9778,0,2.0779,5.8053,16.424
2.1152,3.1856,0,1.9429,5.7086,16.338
2.1152,3.3799,0,1.8426,5.5919,16.488
2.1152,3.5642,0,1.7785,5.4562,16.906
5.0217,3.742,2.2043,1.7255,7.0421,0
5.0217,3.9146,0,1.6974,7.1614,4.0068
5.0217,4.0843,0,1.6689,7.2637,4.5282
5.0217,4.2512,0,1.6482,7.3491,5.0964
5.0217,4.416,0,1.6265,7.4179,5.6578
5.0217,4.5787,0,1.609,7.4703,6.2473
5.0217,4.7396,0,1.603,7.5066,6.9186
6.5334,4.8999,2.0075,1.5807,8.0446,0
6.5334,5.058,0,1.5706,8.2001,1.8203
6.5334,5.215,0,1.5498,8.3398,2.2909
6.5334,5.37,0,1.5292,8.4639,2.7636
7.31,5.5229,1.8567,1.5211,8.7187,0
7.31,5.675,0,1.5138,8.8898,0.95106
7.31,5.8264,0,1.4929,9.0457,1.3769
7.31,5.9757,0,1.47,9.1866,1.7938
7.31,6.1227,0,1.4497,9.3127,2.2238
7.31,6.2677,0,1.4271,9.4241,2.6412
7.31,6.4104,0,1.4029,9.5212,3.0479
7.31,6.5507,0,1.3683,9.6042,3.3895
7.31,6.6875,0,1.3419,9.6733,3.7697
7.31,6.8217,0,1.3161,9.7288,4.1472
7.31,6.9533,0,1.2984,9.7711,4.5696
8.9742,7.0831,1.4488,1.2809,10.758,0
8.9742,7.2112,0,1.2747,10.941,0
8.9742,7.3387,0,1.2645,11.11,0
9.392,7.4651,1.0998,1.2516,11.327,0
9.392,7.5903,0,1.2305,11.513,0
9.6034,7.7134,0.86322,1.1971,11.707,0
9.6034,7.8331,0,1.1662,11.89,0
9.6034,7.9497,0,1.1332,12.061,0
9.6034,8.063,0,1.1091,12.221,0
9.6034,8.1739,0,1.0959,12.369,0
9.6034,8.2835,0,1.0811,12.507,0.0066143
9.6034,8.3916,0,1.0664,12.633,0.27352
9.6034,8.4982,0,1.0532,12.749,0.54776
9.6034,8.6036,0,1.0401,12.854,0.82398
9.6034,8.7076,0,1.0209,12.949,1.0731
9.6034,8.8097,0,0.99576,13.034,1.2916
9.6034,8.9092,0,0.98239,13.108,1.56
9.6034,9.0075,0,0.96422,13.173,1.8045
9.6034,9.1039,0,0.95902,13.227,2.1107
9.6034,9.1998,0,0.95387,13.272,2.421
9.6034,9.2952,0,0.93999,13.308,2.689
9.6034,9.3892,0,0.92675,13.334,2.9587
9.6034,9.4819,0,0.91308,13.351,3.2246
9.6034,9.5732,0,0.89748,13.359,3.4776
9.6034,9.6629,0,0.88326,13.357,3.7351
9.6034,9.7512,0,0.87794,13.347,4.0408
9.6034,9.839,0,0.86665,13.328,4.3136
9.6034,9.9257,0,0.85101,13.3,4.5591
9.6034,10.011,0,0.83625,13.263,4.8057
9.6034,10.094,0,0.81828,13.218,5.029
11.706,10.176,0.50808,0.80338,15.952,0
11.706,10.257,0,0.78141,16.101,0
11.706,10.335,0,0.75745,16.242,0
11.706,10.41,0,0.73639,16.375,0
11.706,10.484,0,0.72125,16.501,0
11.706,10.556,0,0.70442,16.62,0
11.706,10.627,0,0.69448,16.731,0
11.706,10.696,0,0.68232,16.836,0
11.706,10.764,0,0.66777,16.933,0
11.706,10.831,0,0.65289,17.024,0
12.151,10.896,0.31682,0.63278,17.337,0
12.151,10.96,0,0.61889,17.459,0
12.151,11.022,0,0.60249,17.575,0
12.151,11.082,0,0.58107,17.685,0
12.151,11.14,0,0.57004,17.789,0
12.151,11.197,0,0.55861,17.887,0
12.151,11.253,0,0.54455,17.98,0
12.151,11.307,0,0.53127,18.067,0
12.151,11.36,0,0.52031,18.149,0
12.434,11.412,0.10455,0.50163,18.348,0
12.434,11.463,0,0.48082,18.448,0
12.434,11.511,0,0.45898,18.542,0
12.434,11.557,0,0.43525,18.632,0
12.434,11.6,0,0.40136,18.718,0
12.434,11.64,0,0.36397,18.799,0
12.434,11.677,0,0.3271,18.877,0
12.434,11.709,0,0.28648,18.951,0
12.434,11.738,0,0.25624,19.022,0
12.434,11.764,0,0.22487,19.09,0
12.434,11.786,0,0.19732,19.156,0
12.159,11.806,-0.39055,0.16995,19.111,0.85992
12.159,11.823,0,0.14194,19.146,0
12.159,11.837,0,0.11914,19.179,0
12.159,11.849,0,0.093277,19.21,0
12.159,11.858,0,0.070055,19.241,0
12.159,11.865,0,0.048414,19.271,0
12.159,11.87,0,0.030307,19.3,0
12.159,11.873,0,0.0098569,19.329,0
12.159,11.874,0,-0.0030365,19.357,0
12.159,11.874,0,-0.012691,19.386,0
11.743,11.873,-0.52711,-0.022092,19.202,2.2078
11.743,11.87,0,-0.031305,19.189,0.19668
11.743,11.867,0,-0.037877,19.176,0.17538
11.743,11.863,0,-0.04473,19.164,0.15242
11.743,11.859,0,-0.054009,19.152,0.12329
11.491,11.854,-0.61027,-0.062564,19.079,3.3259
11.491,11.847,0,-0.070757,19.043,0.60747
11.491,11.84,0,-0.079228,19.008,0.56952
11.491,11.832,0,-0.088575,18.973,0.52817
11.491,11.823,0,-0.098721,18.94,0.48366
11.491,11.814,0,-0.10625,18.907,0.44411
11.491,11.803,0,-0.11686,18.875,0.39666
11.491,11.791,0,-0.12822,18.845,0.34655
11.491,11.778,0,-0.14355,18.815,0.28726
11.491,11.764,0,-0.16138,18.787,0.22237
11.491,11.748,0,-0.18256,18.761,0.15113
11.491,11.73,0,-0.20541,18.736,0.077675
11.491,11.709,0,-0.22894,18.713,0.0046197
11.491,11.686,0,-0.25399,18.692,0
11.491,11.661,0,-0.27805,18.674,0
11.491,11.633,0,-0.30681,18.659,0
11.491,11.602,0,-0.33578,18.646,0
11.491,11.569,0,-0.36366,18.637,0
11.491,11.532,0,-0.39593,18.631,0
11.491,11.493,0,-0.42778,18.628,0
11.491,11.45,0,-0.46067,18.63,0
11.491,11.404,0,-0.49775,18.637,0
11.491,11.354,0,-0.53651,18.648,0
11.491,11.301,0,-0.57813,18.664,0
8.4326,11.243,-1.9911,-0.62303,15.838,31.474
8.4326,11.18,0,-0.66798,15.56,5.2263
8.4326,11.114,0,-0.71356,15.288,4.7868
8.4326,11.042,0,-0.76191,15.024,4.3425
8.4326,10.966,0,-0.80825,14.767,3.9176
8.4326,10.885,0,-0.85476,14.517,3.506
8.4326,10.8,0,-0.90665,14.276,3.0949
7.1607,10.709,-1.7481,-0.96025,13.596,27.243
7.1607,10.613,0,-1.0125,13.246,5.9444
7.1607,10.512,0,-1.0691,12.906,5.3428
7.1607,10.405,0,-1.1319,12.576,4.7392
7.1607,10.292,0,-1.1966,12.257,4.1615
7.1607,10.172,0,-1.2689,11.95,3.6035
7.1607,10.045,0,-1.3463,11.655,3.0934
7.1607,9.9106,0,-1.4303,11.373,2.6519
7.1607,9.7675,0,-1.5216,11.106,2.3128
7.1607,9.6154,0,-1.6186,10.852,2.1213
7.1607,9.4535,0,-5.2,10.615,110.99
7.1607,8.9335,0,-5.2,10.412,109.93
7.1607,8.4135,0,-5.2,10.261,108.86
7.1607,7.8935,0,-5.2,10.161,107.8
7.1607,7.3735,0,-5.2,10.114,106.73
7.1607,6.8535,0,-5.2,10.119,105.66
7.1607,6.3335,0,-5.2,10.175,104.6
7.1607,5.8135,0,-8.8,10.284,95.967
7.1607,4.9335,0,-0.26638,10.463,1.3264
7.1607,4.9069,0,-8.8,10.687,94.109
7.1607,4.0269,0,-0.041784,10.956,2.7813
3.7627,4.0227,-1.0371,-0.067219,7.3634,6.1754
3.7627,4.016,0,-0.091468,7.3378,0.32959
3.7627,4.0068,0,-0.1154,7.3129,0.25801
3.4639,3.9953,-0.93325,-0.1403,7.2377,5.9593
3.4639,3.9813,0,-0.16474,7.1853,0.73334
3.4639,3.9648,0,-0.18531,7.1344,0.64604
3.1916,3.9463,-0.87932,-0.20497,7.0575,6.0443
3.1916,3.9258,0,-0.22454,6.983,1.0769
3.1916,3.9033,0,-8.8,6.9107,0
3.1916,3.0233,0,-0.020352,6.8836,0
3.1916,3.0213,0,-0.041563,6.9005,0
3.1916,3.0171,0,-0.062563,6.9177,0
3.1916,3.0109,0,-0.082368,6.9355,0
3.1916,3.0026,0,-0.10338,6.954,0
3.1916,2.9923,0,-0.12927,6.9734,0
3.1916,2.9794,0,-0.15995,6.994,0
3.1916,2.9634,0,-0.19289,7.016,0
3.1916,2.9441,0,-8.8,7.0398,0
3.1916,2.0641,0,-0.046869,7.1085,0
1.5916,2.0594,-1.7755,-0.075611,6.3154,5.3497
1.5916,2.0518,0,-0.10368,6.269,0.7615
1.5916,2.0415,0,-0.13242,6.2235,0.66274
1.5916,2.0282,0,-0.16313,6.1791,0.55853
1.5916,2.0119,0,-0.19195,6.1363,0.45878
1.5916,1.9927,0,-8.8,6.0952,0
0.55891,1.1127,-1.448,-0.052829,5.8102,4.3305
0.55891,1.1074,0,-0.067301,5.7551,1.0799
0.55891,1.1007,0,-0.080249,5.7005,1.0241
0.55891,1.0927,0,-0.092931,5.6468,0.96713
0.55891,1.0834,0,-8.8,5.5938,0
0.55891,0.20338,0,-0.81613,5.5854,0
0.55891,0.12177,0,-0.73983,5.625,0
0.55891,0.047786,0,-0.68946,5.6724,0
0.55891,0,0,-0.64185,5.727,0
0.55891,0,0,-0.57928,5.7861,0
0.55891,0,0,-0.5423,5.8449,0
0.55891,0,0,-0.52254,5.9035,0
0.55891,0,0,-0.48122,5.962,0
0.55891,0,0,-0.40936,6.0203,0
0.55891,0,0,-0.31325,6.0782,0
0.55891,0,0,-0.1791,6.1357,0
0.55891,0,0,-8.8,6.1925,0
0.55891,0,0,-8.8,6.2924,0
-0.59509,0,0.28403,-8.8,4.9211,0
-0.59509,0,0,-8.8,4.9056,0
-0.59509,0,0,-8.8,4.8901,0
-0.59509,0,0,-8.8,4.8746,0
-0.47794,0,0.37131,-8.8,4.8801,0
-0.47794,0,0,-8.8,4.8764,0
-0.47794,0,0,-8.8,4.8726,0
-0.47794,0,0,-8.8,4.8688,0
-0.47794,0,0,-8.8,4.865,0
-0.47794,0,0,-8.8,4.8612,0
0.0041637,0,1.828,-8.8,4.9372,0
0.0041637,0,0,-8.8,4.9816,0
0.0041637,0,0,2.2656,5.026,13.479
0.0041637,0.22656,0,-8.8,5.0151,0
0.0041637,0,0,2.3647,5.0369,14.335
0.0041637,0.23647,0,2.3205,5.0255,15.203
0.0041637,0.46852,0,2.2572,4.9906,15.882
1.5667,0.69424,2.1821,2.1821,5.4552,0
1.5667,0.91245,0,4.9,5.5315,35.806
1.5667,1.4025,0,-8.8,5.5724,0
1.5667,0.52245,0,1.7091,5.6329,4.342
1.5667,0.69337,0,1.4185,5.7287,3.2408
1.5667,0.83522,0,1.0702,5.809,1.863
1.5667,0.94224,0,4.9,5.8768,35.996
1.5667,1.4322,0,4.9,5.9147,39.134
1.5667,1.9222,0,2.9429,5.9037,21.658
1.5667,2.2165,0,1.5203,5.8534,10.649
1.5667,2.3686,0,0.94263,5.7808,7.1191
1.5667,2.4628,0,0.57494,5.6959,5.1699
1.5667,2.5203,0,0.23841,5.6034,3.5411
1.5667,2.5442,0,-0.0043348,5.5069,2.5058
1.5667,2.5437,0,-0.028536,5.4091,2.4048
1.5667,2.5409,0,-0.059792,5.3116,2.2709
1.5667,2.5349,0,-0.10059,5.2145,2.096
1.5667,2.5248,0,-0.14623,5.1181,1.9001
1.5667,2.5102,0,-0.19586,5.0231,1.6894
1.5667,2.4906,0,-0.25302,4.9297,1.4569
0.93357,2.4653,-2.8296,-8.8,6.1534,0
0.93357,1.5853,0,-0.12324,6.0442,1.1688
0.93357,1.573,0,-0.16312,5.9796,1.0221
0.93357,1.5567,0,-0.20508,5.9165,0.87055
0.93357,1.5362,0,-8.8,5.8552,0
0.93357,0.65618,0,-2.5378,5.839,0
0.93357,0.4024,0,-2.2882,5.8794,0
-0.9734,0.17357,-2.0163,-2.0163,5.2472,2.9291
-0.9734,0,0,-1.7285,5.1426,0
-0.9734,0,0,-1.4281,5.0539,0
-0.9734,0,0,-8.8,4.9637,0
-0.9734,0,0,-8.8,4.9103,0
-0.9734,0,0,-8.8,4.857,0
-0.9734,0,0,-8.8,4.8037,0
-0.9734,0,0,-8.8,4.7503,0
-0.9734,0,0,-8.8,4.697,0
-0.9734,0,0,-8.8,4.6436,0
-0.9734,0,0,-8.8,4.5903,0
-0.9734,0,0,-8.8,4.537,0
-0.9734,0,0,-8.8,4.4836,0
-0.9734,0,0,-8.8,4.4303,0
-0.9734,0,0,-8.8,4.3769,0
-0.9734,0,0,-8.8,4.3236,0
-1.8495,0,0.15853,-8.8,3.0971,0
-1.8495,0,0,-8.8,2.9562,0
-1.8495,0,0,-8.8,2.8152,0
-1.8495,0,0,-8.8,2.6743,0
-1.8495,0,0,-8.8,2.5333,0
-1.8495,0,0,-8.8,2.3924,0
-1.8495,0,0,-8.8,2.2514,0
-1.8495,0,0,-8.8,2.1105,0
-1.8495,0,0,-8.8,1.9695,0
-1.8495,0,0,-8.8,1.8286,0
-1.8495,0,0,-8.8,1.6876,0
-1.8495,0,0,-8.8,1.5467,0
-1.8495,0,0,-8.8,1.4057,0
-1.8495,0,0,-8.8,1.2648,0
-1.6197,0,0.36406,-8.8,1.2875,0
-1.6197,0,0,-8.8,1.1695,0
-1.6197,0,0,-8.8,1.0516,0
-1.6197,0,0,-8.8,0.9336,0
-1.6197,0,0,-8.8,0.81563,0
-1.6197,0,0,-8.8,0.69766,0
-1.6197,0,0,-8.8,0.5797,0
-1.6197,0,0,-8.8,0.46173,0
-1.6197,0,0,-8.8,0.34377,0
-1.6197,0,0,-8.8,0.2258,0
-1.6197,0,0,-8.8,0.10784,0
-1.6197,0,0,-8.8,-0.01013,0
-1.6197,0,0,-8.8,-0.1281,0
-1.6197,0,0,-8.8,-0.24606,0
-1.6197,0,0,-8.8,-0.36403,0
-1.6197,0,0,-8.8,-0.48199,0
-1.6197,0,0,-8.8,-0.59996,0
-1.6197,0,0,-8.8,-0.71792,0
-1.6197,0,0,-8.8,-0.83589,0
-1.6197,0,0,-18.347,-0.95386,0
-2.0048,0,-3.9353,-204.07,0.010041,0
-2.0048,0,0,-8.8,0.82993,0
-2.0048,0,0,-11.046,0.67345,0
-2.0048,0,0,-19.593,0.52821,0
-2.0048,0,0,-75.633,0.42569,0
-2.0048,0,0,-101.64,0.60338,0
-2.0048,0,0,-66.185,0.91112,0
-2.0048,0,0,-907.13,1.0416,0
-2.0048,0,0,-8.8,5.3767,0
-2.0048,0,0,-8.8,5.2202,0
-2.0048,0,0,-8.8,5.0638,0
-2.0048,0,0,-8.8,4.9073,0
-6.0513,0,-0.212,-9.774,1.9148,0
-6.0513,0,0,-13.479,1.3585,0
-6.0513,0,0,-22.237,0.82081,0
-6.0554,0,0.31796,-55.117,0.33072,0
-6.0137,0,0.42434,-8947.4,0.0020209,0
-6.0137,0,0,7.8,44.138,29.296
-6.0137,0.78,0,7.8,43.497,30.895
-6.0137,1.56,0,7.8,42.779,32.494
-6.0137,2.34,0,7.8,41.982,34.093
-6.0137,3.12,0,7.8,41.108,35.692
-6.0137,3.9,0,7.8,40.156,37.291
-6.0137,4.68,0,7.8,39.125,38.89
-5.4982,5.46,0.71422,7.8,38.175,37.931
-5.4982,6.24,0,6.7,37.04,38.719
-5.4982,6.91,0,6.7,35.833,40.093
-5.4982,7.58,0,6.7,34.558,41.466
-5.4982,8.25,0,6.7,33.217,42.84
-5.4982,8.92,0,-0.77307,31.809,28.511
-5.2914,8.8427,-0.2813,-0.82107,30.476,28.418
-5.2914,8.7606,0,-0.87491,29.067,27.546
-5.2914,8.6731,0,-0.93629,27.666,27.238
-5.2914,8.5795,0,-1.0049,26.274,26.901
-5.2914,8.479,0,-1.0829,24.892,26.532
-5.2914,8.3707,0,-1.172,23.52,26.122
-5.2914,8.2535,0,-1.2715,22.16,25.673
-5.2914,8.1263,0,-1.3846,20.812,25.175
-5.2914,7.9879,0,-1.5156,19.477,24.616
-5.2914,7.8363,0,-1.6679,18.157,23.985
-5.2914,7.6695,0,-1.843,16.852,23.275
-5.2914,7.4852,0,-2.0498,15.565,22.463
-6.0516,7.2802,-0.79101,-2.2942,13.895,24.749
-6.0516,7.0508,0,-2.5841,12.573,22.008
-6.0516,6.7924,0,-2.935,11.276,20.741
-6.0516,6.4989,0,-3.3642,10.006,19.237
-6.0516,6.1625,0,-3.8963,8.7678,17.43
-6.0516,5.7729,0,-11.021,7.5658,1.6605
-6.0516,4.6708,0,-11.107,6.4385,0
-6.0516,3.5601,0,-11.178,5.4218,0
-6.0516,2.4423,0,-11.254,4.5165,0
-6.0516,1.3169,0,-11.328,3.7234,0
-6.0516,0.18404,0,-11.393,3.0432,0
-7.1883,0,-1.4097,-14.775,1.933,0
-7.3252,0,-1.4973,-22.487,1.2782,0
-7.3252,0,0,-43.866,0.65814,0
-7.3252,0,0,-232.07,0.14496,0
-7.3252,0,0,-60.701,0.57281,0
-7.3252,0,0,-910.26,0.1438,0
-7.3252,0,0,-10.415,3.9626,0
-7.3252,0,0,-13.07,3.2821,0
-8.4878,0,-1.5971,-17.627,2.2471,0
-8.4878,0,0,-26.909,1.4865,0
-8.4878,0,0,-53.797,0.77225,0
-8.4878,0,0,-335.66,0.19245,0
-8.4878,0,0,-47.988,1.022,0
-8.4878,0,0,-195.25,0.41311,0
-8.4878,0,0,-175.39,0.54059,0
-8.4878,0,0,-266.5,0.56876,0
-8.4878,0,0,-90.628,1.0525,0
-8.4878,0,0,9.8,1.6607,38.57
-8.4878,0.98,0,9.8,1.8231,40.579
-8.4878,1.96,0,9.8,1.9981,42.588
-8.4878,2.94,0,9.8,2.1956,44.597
-8.4878,3.92,0,9.8,2.3999,46.606
-8.4878,4.9,0,9.8,2.6135,48.615
-8.4878,5.88,0,9.8,2.8533,50.624
-11.002,6.86,-1.1001,9.8,1,60.099
-11.002,7.84,0,9.8,0.99577,59.797
-11.002,8.82,0,9.8,1.0191,61.806
-11.002,9.8,0,9.8,1.0523,63.815
-11.002,10.78,0,9.8,1.0885,65.824
-11.002,11.76,0,9.8,1.1414,67.833
-11.002,12.74,0,9.8,1.2037,69.842
-11.002,13.72,0,9.8,1.2669,71.851
-11.002,14.7,0,9.8,1.3551,73.86
-11.002,15.68,0,9.8,1.4438,75.869
-11.002,16.66,0,9.8,1.5382,77.878
-12.006,17.64,-0.47372,9.8,1,82.94
-12.006,18.62,0,9.8,1.0041,83.953
-12.006,19.6,0,9.8,1.0153,85.962
-12.006,20.58,0,9.8,1.0328,87.971
-12.006,21.56,0,9.8,1.0341,89.98
-12.006,22.54,0,9.8,1.0502,91.989
-12.006,23.52,0,9.8,1.0593,93.998
-12.006,24.5,0,9.8,1.0657,96.007
-11.983,25.48,0.30033,9.8,1,97.338
-11.983,26.46,0,9.8,0.99425,99.978
-11.983,27.44,0,9.8,0.98727,101.99
-11.983,28.42,0,9.8,0.97905,104
-11.983,29.4,0,9.8,0.96708,106.01
-11.823,30.38,0.30115,9.8,1,107.05
-11.823,31.36,0,9.8,0.99978,109.7
-11.823,32.34,0,9.8,0.99209,111.7
-11.722,33.32,0.29752,9.8,1,112.88
-11.722,34.3,0,9.8,0.99436,115.52
-11.722,35.28,0,9.8,0.98362,117.52
-11.722,36.26,0,9.8,0.97335,119.53
-11.591,37.24,0.3137,9.8,1,120.62
-11.591,38.22,0,9.8,0.99574,123.28
-11.591,39.2,0,9.8,0.99755,125.29
