9.1667,9.1667,-0.38703,0,35.5,1.2163
9.1188,9.1667,-0.52132,6.7,35.495,71.899
9.1188,9.8367,0,6.7,35.457,65.824
9.1188,10.507,0,6.7,35.351,70.481
9.1188,11.177,0,-0.13269,35.179,5.5537
9.1188,11.163,0,-0.13754,34.974,5.4778
8.778,11.15,-0.79718,-0.1429,34.692,13.872
8.778,11.135,0,-0.14789,34.456,6.6084
8.778,11.121,0,-0.15404,34.221,6.5146
8.778,11.105,0,-0.15989,33.987,6.4207
8.778,11.089,0,-0.16571,33.756,6.3252
8.778,11.073,0,-0.17209,33.525,6.2249
8.778,11.055,0,-0.17975,33.297,6.1154
8.778,11.037,0,-0.18729,33.07,6.0044
8.778,11.019,0,-0.19639,32.845,5.8827
8.778,10.999,0,-0.2052,32.622,5.7602
8.778,10.979,0,-0.21477,32.401,5.6313
8.778,10.957,0,-0.22488,32.182,5.4971
8.778,10.935,0,-0.23477,31.965,5.3617
8.778,10.911,0,-0.24556,31.75,5.2194
8.778,10.887,0,-0.25614,31.538,5.0758
8.778,10.861,0,-0.26933,31.329,4.9168
8.778,10.834,0,-0.28447,31.122,4.7455
8.778,10.806,0,-0.30031,30.918,4.5682
8.778,10.776,0,-0.31851,30.716,4.377
8.778,10.744,0,-0.33953,30.518,4.1703
8.778,10.71,0,-0.36116,30.323,3.9585
8.778,10.674,0,-0.38513,30.132,3.7348
8.778,10.635,0,-0.40943,29.944,3.5085
8.778,10.594,0,-0.43626,29.761,3.2714
8.778,10.551,0,-0.46537,29.581,3.026
8.778,10.504,0,-0.4954,29.406,2.7791
8.778,10.454,0,-0.52787,29.236,2.5269
4.6735,10.402,-2.129,-0.56192,24.672,57.882
4.6735,10.345,0,-0.59629,24.102,18.507
4.2617,10.286,-1.7934,-0.63268,23.5,50.371
4.2617,10.223,0,-0.66865,22.901,19.384
4.2617,10.156,0,-0.70686,22.308,18.716
4.2617,10.085,0,-0.7468,21.722,18.022
3.5761,10.01,-1.6614,-0.79014,20.998,48.206
3.5761,9.9313,0,-0.83474,20.359,20.013
3.5761,9.8478,0,-0.8837,19.728,19.166
3.5761,9.7595,0,-0.93542,19.105,18.284
3.5761,9.6659,0,-0.991,18.491,17.36
3.5761,9.5668,0,-1.0521,17.887,16.383
3.5761,9.4616,0,-1.1204,17.293,15.344
3.5761,9.3496,0,-1.1946,16.71,14.258
3.5761,9.2301,0,-1.2716,16.139,13.152
3.5761,9.1029,0,-1.3575,15.58,11.994
3.5761,8.9672,0,-1.4499,15.034,10.811
3.5761,8.8222,0,-1.5549,14.502,9.5822
3.5761,8.6667,0,-1.6715,13.985,8.3399
3.5761,8.4996,0,-1.8052,13.485,7.0955
1.2596,8.319,-1.3701,-1.9439,11.403,17.643
1.2596,8.1247,0,-2.0889,10.707,12.841
1.2596,7.9158,0,-2.2378,10.031,11.057
1.2596,7.692,0,-2.399,9.3766,9.3343
1.2596,7.4521,0,-5.2,8.7453,2.8605
0.70645,6.9321,-1.4015,-5.2,7.9876,4.7811
0.70645,6.4121,0,-5.2,7.391,1.0925
0.70645,5.8921,0,-8.8,6.8465,0
0.70645,5.0121,0,-8.8,6.3719,0
0.24175,4.1321,-0.027592,-8.8,5.8955,0
0.24175,3.2521,0,-8.8,5.5504,0
0.24175,2.3721,0,-8.8,5.2934,0
0.24175,1.4921,0,-8.8,5.1244,0
0.43939,0.61209,1.0697,-8.8,5.0982,0
0.43939,0,0,1.219,5.1249,3.7573
0.43939,0.1219,0,1.4809,5.1627,5.9196
0.43939,0.27,0,1.7462,5.1871,8.4781
0.43939,0.44462,0,1.8777,5.1953,10.327
0.43939,0.63239,0,1.8966,5.1854,11.405
0.43939,0.82205,0,-8.8,5.1566,0
0.43939,0,0,1.9031,5.1623,8.3908
0.43939,0.19031,0,1.8709,5.1968,9.0472
0.43939,0.3774,0,1.8898,5.2123,10.095
0.43939,0.56639,0,2.0116,5.2091,12.016
0.43939,0.76755,0,2.0916,5.1863,13.718
0.43939,0.97671,0,4.9,5.143,43.492
0.43939,1.4667,0,4.9,5.0648,46.709
0.43939,1.9567,0,3.8338,4.9376,37.956
0.43939,2.3401,0,2.3837,4.7667,25.146
0.43939,2.5784,0,1.9509,4.5647,22.313
0.43939,2.7735,0,1.7036,4.341,21.074
0.43939,2.9439,0,1.5739,4.0991,20.813
0.43939,3.1013,0,1.4654,3.8408,20.679
0.43939,3.2478,0,1.4161,3.5672,21.036
0.43939,3.3894,0,1.3766,3.2793,21.456
0.43939,3.5271,0,1.3346,2.9774,21.833
0.43939,3.6606,0,1.2966,2.662,22.223
0.43939,3.7902,0,1.2612,2.3334,22.619
0.43939,3.9163,0,1.2228,1.992,22.966
0.43939,4.0386,0,1.1719,1.6382,23.174
0.43939,4.1558,0,1.1529,1.2724,23.657
0.43939,4.2711,0,1.1489,0.895,24.273
0.43939,4.386,0,1.1212,0.50608,24.664
0.43939,4.4981,0,1.0979,0.10581,25.08
0.43939,4.6079,0,1.0583,-0.30555,25.327
0.43939,4.7137,0,0.98718,-0.72769,25.248
0.43939,4.8124,0,0.91995,-1.1601,25.166
5.752,4.9044,0.43336,0.84535,8.337,0
5.752,4.989,0,0.78523,8.4176,0.48074
5.752,5.0675,0,0.74173,8.49,0.54083
5.752,5.1417,0,0.6917,8.5547,0.56298
5.752,5.2108,0,0.64939,8.6123,0.60093
5.752,5.2758,0,0.60724,8.6631,0.62765
5.752,5.3365,0,0.5713,8.7077,0.66603
5.752,5.3936,0,0.54195,8.7464,0.71902
5.752,5.4478,0,0.50331,8.7796,0.72906
5.752,5.4982,0,0.47796,8.8075,0.77769
5.752,5.546,0,0.44168,8.8305,0.77901
5.752,5.5901,0,0.41812,8.8489,0.81693
5.752,5.6319,0,0.38997,8.863,0.83168
5.752,5.6709,0,0.37106,8.873,0.87204
5.752,5.708,0,0.33375,8.8793,0.8415
5.752,5.7414,0,0.30113,8.882,0.81856
5.752,5.7715,0,0.25508,8.8815,0.74293
5.752,5.797,0,0.21853,8.8783,0.69006
5.752,5.8189,0,0.163,8.8727,0.57211
5.752,5.8352,0,0.11346,8.8652,0.46676
5.9121,5.8465,-0.65065,0.053912,9.3256,2.6164
5.9121,5.8519,0,-0.0036753,9.3319,0
5.9121,5.8516,0,-0.02206,9.3379,0
5.9121,5.8493,0,-0.043258,9.3441,0
5.9121,5.845,0,-0.065946,9.3506,0
5.9121,5.8384,0,-0.084929,9.3576,0
5.9121,5.8299,0,-0.10851,9.3654,0
5.9121,5.8191,0,-0.13403,9.3742,0
5.9121,5.8057,0,-0.16104,9.3841,0
5.9121,5.7896,0,-0.18757,9.3956,0
5.0131,5.7708,-0.8787,-0.20847,8.9803,6.0275
5.0131,5.75,0,-0.22991,8.9056,1.0686
5.0131,5.727,0,-0.2495,8.833,0.96326
5.0131,5.702,0,-0.25999,8.7629,0.88038
4.7416,5.676,-0.26453,-0.26962,8.6312,2.4189
4.7416,5.6491,0,-0.2708,8.5391,1.3632
4.7416,5.622,0,-0.27139,8.4497,1.2955
4.7416,5.5949,0,-0.26771,8.363,1.2406
4.7416,5.5681,0,-0.26281,8.279,1.1903
4.7416,5.5418,0,-0.25819,8.1977,1.1408
4.7416,5.516,0,-0.25489,8.1189,1.089
4.7416,5.4905,0,-0.25267,8.0428,1.0356
4.7416,5.4652,0,-0.25482,7.9691,0.97186
4.65,5.4397,-0.25665,-0.25451,7.8501,2.0071
4.65,5.4143,0,-0.25729,7.7724,1.059
4.65,5.3886,0,-0.26043,7.6972,0.99144
4.65,5.3625,0,-8.8,7.6247,7.8435
4.65,4.4825,0,0.056476,7.5974,0
4.65,4.4882,0,0.0091126,7.6139,0
4.65,4.4891,0,-0.0082655,7.63,0
4.65,4.4883,0,-0.018469,7.6461,0
4.65,4.4864,0,-0.032126,7.6624,0
4.65,4.4832,0,-0.046957,7.6789,0
4.2715,4.4785,-0.53449,-0.057503,7.5625,2.3404
4.2715,4.4727,0,-0.071905,7.5421,0.26316
4.2715,4.4656,0,-0.087937,7.5224,0.21312
4.2715,4.4568,0,-0.099101,7.5034,0.17171
4.2715,4.4469,0,-0.11025,7.4854,0.12932
4.2715,4.4358,0,-0.1235,7.4684,0.082117
4.2715,4.4235,0,-0.13645,7.4526,0.034717
4.2715,4.4098,0,-0.14604,7.4381,0
4.2715,4.3952,0,-0.1572,7.425,0
4.2715,4.3795,0,-0.16999,7.4134,0
4.2715,4.3625,0,-8.8,7.4034,1.2227
4.2715,3.4825,0,0.33663,7.4383,0
4.2715,3.5162,0,0.19464,7.5155,0
4.2715,3.5356,0,0.082059,7.5901,0
4.2715,3.5438,0,-0.0011019,7.6633,0
4.2715,3.5437,0,-0.014751,7.736,0
4.2715,3.5423,0,-0.025029,7.8089,0
4.2715,3.5398,0,-0.035612,7.8819,0
3.3333,3.5362,-0.50949,-0.048091,7.1326,2.2391
3.3333,3.5314,0,-0.061333,7.1125,0.28021
3.3333,3.5253,0,-0.072838,7.0931,0.24144
3.3333,3.518,0,-0.083074,7.0742,0.20404
3.3333,3.5097,0,-0.095372,7.0562,0.16126
3.3333,3.5001,0,-0.10342,7.039,0.12581
3.3333,3.4898,0,-0.10557,7.0229,0.10103
3.3333,3.4792,0,-0.10799,7.0077,0.075579
3.3333,3.4684,0,-0.10267,6.9937,0.064612
3.3333,3.4582,0,-0.092498,6.9807,0.064037
3.3333,3.4489,0,-0.081291,6.9687,0.067661
3.3333,3.4408,0,-0.069882,6.9575,0.074169
3.3333,3.4338,0,-0.05986,6.9471,0.080428
3.3333,3.4278,0,-8.8,6.9374,0
3.3333,2.5478,0,1.7852,6.972,5.9592
3.3243,2.7263,0.43377,1.3245,6.7897,1.346
3.3243,2.8588,0,1.0288,6.8429,2.5915
3.3243,2.9617,0,0.8839,6.8843,2.2089
3.3243,3.05,0,0.79789,6.9161,2.0882
3.3243,3.1298,0,0.7595,6.9396,2.1726
3.6424,3.2058,1.0564,0.76205,7.0398,0
3.6424,3.282,0,0.79173,7.0796,1.7699
3.6424,3.3612,0,0.82405,7.1117,2.1922
3.6424,3.4436,0,0.85483,7.1357,2.635
3.6424,3.5291,0,0.89786,7.1513,3.1715
3.6424,3.6188,0,0.91489,7.1582,3.5995
3.6424,3.7103,0,0.91046,7.156,3.9215
4.4644,3.8014,1.0489,0.91457,7.4414,0
4.4644,3.8928,0,0.89564,7.5031,1.5579
4.4644,3.9824,0,0.86022,7.5558,1.6886
4.4644,4.0684,0,0.83576,7.5997,1.8599
4.4644,4.152,0,0.79262,7.6351,1.9342
4.8558,4.2313,0.56253,0.74845,7.7682,0
4.8558,4.3061,0,0.71033,7.8269,0.81603
4.8558,4.3771,0,0.67143,7.8783,0.87165
4.8558,4.4443,0,0.63181,7.9229,0.91285
4.8558,4.5075,0,0.59544,7.9608,0.95543
4.8558,4.567,0,0.57448,7.9927,1.0488
4.8558,4.6244,0,0.56326,8.0187,1.1758
4.8558,4.6808,0,0.54461,8.039,1.2697
4.8558,4.7352,0,0.5204,8.0538,1.3352
5.2881,4.7873,0.45337,0.51523,8.2503,0
5.2881,4.8388,0,0.50403,8.2978,0.33082
5.2881,4.8892,0,0.48263,8.3402,0.3934
5.2881,4.9375,0,0.46163,8.3777,0.45162
5.2881,4.9836,0,0.4515,8.4104,0.54185
5.2881,5.0288,0,0.43227,8.4386,0.59793
5.2881,5.072,0,0.39356,8.4624,0.58112
5.2881,5.1114,0,0.33915,8.482,0.50333
5.4134,5.1453,-0.91914,0.25335,8.5852,5.0434
5.4134,5.1706,0,0.13319,8.6108,0
5.4134,5.1839,0,-0.0031891,8.6344,0
5.4134,5.1836,0,-0.048709,8.6573,0
5.4134,5.1787,0,-0.098072,8.6806,0
5.4134,5.1689,0,-0.14932,8.7045,0
5.4134,5.154,0,-0.20108,8.7297,0
4.2164,5.1339,-1.8841,-0.25003,8.3668,20.289
4.2164,5.1089,0,-0.29933,8.2763,1.246
4.2164,5.079,0,-0.34739,8.1886,1.0517
4.2164,5.0442,0,-0.40047,8.104,0.8556
4.2164,5.0042,0,-0.45435,8.0233,0.6728
4.2164,4.9587,0,-0.51062,7.9468,0.5062
3.0745,4.9077,-1.9874,-0.56597,7.532,9.5333
3.0745,4.8511,0,-8.8,7.3515,0
3.0745,3.9711,0,-0.35074,7.2178,1.1197
3.0745,3.936,0,-0.40324,7.1299,0.91961
3.0745,3.8957,0,-8.8,7.0458,0
3.0745,3.0157,0,-0.20091,7.0077,0
3.0745,2.9956,0,-0.23824,7.0146,0
3.0745,2.9718,0,-0.27978,7.0236,0
3.0745,2.9438,0,-8.8,7.0353,0
3.0745,2.0638,0,-0.1105,7.0924,0
3.0745,2.0527,0,-0.13759,7.194,0
3.0745,2.039,0,-0.16676,7.2968,0
3.0745,2.0223,0,-0.1964,7.4012,0
3.0745,2.0027,0,-8.8,7.5074,0
3.0745,1.1227,0,-0.053078,7.6586,0
3.0745,1.1174,0,-0.067867,7.854,0
3.0745,1.1106,0,-0.08257,8.0501,0
3.0745,1.1023,0,-0.097329,8.2469,0
3.0745,1.0926,0,-8.8,8.4446,0
3.0745,0.21258,0,-0.68024,8.6868,0.99324
3.0745,0.14455,0,-0.2823,8.9764,1.69
3.0745,0.11632,0,0.091927,9.2708,0.56072
3.0745,0.12552,0,0.4723,9.5661,0
3.0745,0.17275,0,0.81602,9.8587,0
3.0745,0.25435,0,1.0737,10.145,0
3.0745,0.36172,0,1.245,10.421,0
0.16892,0.48622,1.3204,-8.8,5.2052,0
0.16892,0,0,1.3314,5.2175,5.5591
0.16892,0.13314,0,1.3074,5.2277,5.9661
0.16892,0.26388,0,1.3565,5.2248,6.8669
0.16892,0.39952,0,1.4174,5.2085,7.9046
0.16892,0.54126,0,1.4345,5.1783,8.68
0.16892,0.68471,0,1.3855,5.1339,8.9827
0.16892,0.82326,0,-8.8,5.0754,0
0.16892,0,0,1.3448,5.054,5.6472
0.16892,0.13448,0,1.2782,5.0642,5.7787
0.16892,0.2623,0,1.2744,5.0612,6.2997
0.16892,0.38975,0,1.3047,5.0455,7.063
0.16892,0.52022,0,1.307,5.0169,7.6597
0.16892,0.65092,0,1.2716,4.9752,7.9957
0.16892,0.77807,0,1.23,4.9207,8.2729
0.16892,0.90107,0,4.9,4.8536,44.768
0.16892,1.3911,0,4.9,4.7559,47.996
0.16892,1.8811,0,2.0136,4.6092,20.498
0.16892,2.0824,0,1.3461,4.4279,15.582
0.16892,2.217,0,1.1064,4.2298,14.249
0.16892,2.3277,0,0.93015,4.0195,13.359
0.16892,2.4207,0,0.82623,3.7989,12.983
0.16892,2.5033,0,0.75299,3.5696,12.805
0.16892,2.5786,0,0.64299,3.3324,12.306
2.8819,2.6429,0.40261,0.55908,6.8099,0
2.8819,2.6988,0,0.51837,6.8311,1.1389
2.8819,2.7507,0,0.4679,6.8468,1.0925
2.8819,2.7975,0,0.47661,6.8576,1.2654
2.8819,2.8451,0,0.47985,6.8636,1.4222
3.128,2.8931,0.60309,0.4804,6.938,0
3.128,2.9411,0,0.5114,6.9591,1.0998
3.128,2.9923,0,0.51286,6.9752,1.2583
3.128,3.0436,0,0.55717,6.9862,1.602
3.128,3.0993,0,0.57502,6.9919,1.8578
3.128,3.1568,0,0.61872,6.9919,2.2482
3.128,3.2187,0,0.61568,6.9859,2.4417
3.128,3.2802,0,0.59663,6.9738,2.5582
3.128,3.3399,0,0.59793,6.9556,2.7692
3.128,3.3997,0,0.60101,6.9314,2.9927
3.128,3.4598,0,0.59321,6.9012,3.1645
3.128,3.5191,0,0.59774,6.8651,3.3996
3.128,3.5789,0,0.57092,6.823,3.4732
4.0193,3.636,0.48212,0.5659,7.3867,0
4.0193,3.6926,0,0.54068,7.4222,0.80492
4.0193,3.7466,0,0.52685,7.4521,0.90849
4.0193,3.7993,0,0.50213,7.4768,0.96628
4.0193,3.8495,0,0.48195,7.4963,1.0345
4.0193,3.8977,0,0.47022,7.5108,1.1299
4.0193,3.9447,0,0.45263,7.5206,1.1991
4.0193,3.99,0,0.44635,7.5258,1.3084
4.0193,4.0346,0,0.4375,7.5265,1.4063
4.0193,4.0784,0,0.41673,7.5228,1.4535
4.0193,4.1201,0,0.41603,7.5148,1.5767
4.0193,4.1617,0,0.39908,7.5027,1.6332
4.0193,4.2016,0,0.40039,7.4865,1.7612
4.0193,4.2416,0,0.40709,7.4662,1.9145
4.0193,4.2823,0,0.39044,7.442,1.9701
4.0193,4.3214,0,0.31814,7.4137,1.7843
4.0193,4.3532,0,0.16755,7.3819,1.2933
4.0193,4.3699,0,-0.011984,7.3477,0.75515
4.0193,4.3687,0,-0.07884,7.3127,0.57132
4.0193,4.3609,0,-0.16319,7.2782,0.35723
4.0193,4.3445,0,-0.26245,7.2448,0.14292
4.0193,4.3183,0,-0.36821,7.2136,0
4.0193,4.2815,0,-0.47714,7.1856,0
4.0193,4.2338,0,-0.59453,7.1617,0
4.0193,4.1743,0,-8.8,7.1433,0
4.0193,3.2943,0,-0.48228,7.1718,0
4.0193,3.2461,0,-0.5971,7.2467,0.16968
4.0193,3.1864,0,-8.8,7.327,0
4.0193,2.3064,0,-8.8,7.4543,0
-0.35306,1.4264,-2.2853,-0.21643,5.8997,24.518
-0.35306,1.4047,0,-8.8,5.7228,1.635
-0.35306,0.52472,0,-0.10701,5.591,18.097
-0.35306,0.51402,0,0.49979,5.5038,19.35
-0.35306,0.564,0,0.94588,5.4146,20.39
-0.35306,0.65858,0,-8.8,5.3182,0.10547
-0.44101,0,0.75011,0.75011,5.1224,17.427
-0.44101,0.075011,0,0.63652,5.0746,18.918
-0.44101,0.13866,0,-8.8,5.0198,0
-0.44101,0,0,0.6655,5.0058,18.825
-0.44101,0.06655,0,-8.8,4.9584,0
-0.44101,0,0,0.68681,4.9516,18.87
-0.44101,0.068681,0,-8.8,4.9041,0
0.019796,0,0.67037,0.67037,5.0483,0
0.019796,0.067037,0,0.66839,5.047,2.5516
0.019796,0.13388,0,-8.8,5.0389,0
0.2286,0,0.67787,0.67787,5.0903,0
0.2286,0.067787,0,0.66326,5.1097,1.8304
0.2286,0.13411,0,0.66932,5.1225,2.0769
0.2286,0.20104,0,0.67743,5.1286,2.3405
0.2286,0.26879,0,0.66948,5.128,2.5328
0.2286,0.33574,0,0.66734,5.1206,2.7536
0.2286,0.40247,0,0.67554,5.1066,3.0301
0.2286,0.47002,0,0.67749,5.0858,3.2818
0.2286,0.53777,0,-8.8,5.0583,0
0.2286,0,0,0.67547,5.0714,1.6663
0.2286,0.067547,0,0.68221,5.0908,1.9171
0.2286,0.13577,0,0.6813,5.1035,2.1391
0.2286,0.2039,0,0.67366,5.1094,2.3319
0.2286,0.27126,0,0.67929,5.1085,2.5899
0.2286,0.33919,0,0.67939,5.1008,2.8267
0.2286,0.40713,0,0.67694,5.0864,3.0539
0.2286,0.47483,0,0.67754,5.0652,3.2994
1.3347,0.54258,0.68276,0.68276,5.9911,0
1.3347,0.61086,0,0.68389,6.0669,0.21068
1.3347,0.67925,0,0.68128,6.1358,0.39365
1.3347,0.74737,0,0.67496,6.198,0.56541
1.3347,0.81487,0,0.67665,6.2533,0.76989
1.3347,0.88253,0,4.9,6.3019,37.095
1.3347,1.3725,0,2.54,6.3226,16.113
1.3347,1.6265,0,0.96076,6.3062,5.1019
1.3347,1.7226,0,0.78164,6.2722,4.407
1.3347,1.8008,0,0.65787,6.2295,4.0001
1.3347,1.8666,0,0.59654,6.1796,3.9062
1.3347,1.9262,0,0.56631,6.1234,3.9611
1.3347,1.9828,0,0.56216,6.0614,4.1484
1.3347,2.0391,0,0.57514,5.9938,4.4323
1.3347,2.0966,0,0.60689,5.9205,4.835
1.3347,2.1573,0,0.58592,5.8413,4.9477
1.3347,2.2159,0,0.60399,5.7561,5.2842
1.3347,2.2763,0,0.58777,5.6649,5.4257
1.3347,2.335,0,0.56781,5.5678,5.5386
1.3347,2.3918,0,0.57252,5.465,5.7943
1.3347,2.4491,0,0.60016,5.3564,6.1984
2.7751,2.5091,1.0197,0.67565,6.775,0
2.7751,2.5766,0,0.73906,6.7982,2.0605
2.9853,2.6505,1.1815,0.78064,6.8235,0
2.9853,2.7286,0,0.81668,6.8531,2.2402
2.9853,2.8103,0,0.86657,6.8747,2.781
2.9853,2.8969,0,0.87558,6.8879,3.1427
3.4428,2.9845,1.1472,0.89557,6.99,0
3.4428,3.0741,0,0.8887,7.0314,2.2119
3.4428,3.1629,0,0.91086,7.0638,2.6378
3.4428,3.254,0,0.94683,7.0872,3.1608
3.4428,3.3487,0,1.0286,7.1014,3.9819
3.4428,3.4515,0,1.1349,7.1056,5.0367
3.4428,3.565,0,1.2403,7.0991,6.1953
3.4428,3.6891,0,1.3589,7.0806,7.557
3.4428,3.825,0,1.4352,7.0492,8.7313
3.4428,3.9685,0,1.5127,7.0038,9.9927
5.3676,4.1198,2.3546,1.5631,7.7646,0
5.3676,4.2761,0,1.5909,7.8816,3.4106
5.3676,4.4352,0,1.6089,7.9828,4.1652
5.3676,4.5961,0,1.6077,8.068,4.826
5.3676,4.7568,0,1.612,8.1371,5.538
5.3676,4.918,0,1.6112,8.1902,6.233
5.3676,5.0791,0,1.6239,8.2271,7.0382
5.3676,5.2415,0,1.626,8.2478,7.79
5.3676,5.4041,0,1.6243,8.2523,8.5287
5.3676,5.5666,0,1.6236,8.2405,9.2867
5.3676,5.7289,0,1.6312,8.2125,10.121
5.3676,5.8921,0,1.6338,8.1682,10.934
5.3676,6.0554,0,1.6323,8.1076,11.727
5.3676,6.2187,0,1.6274,8.0307,12.502
5.3676,6.3814,0,1.6242,7.9374,13.299
8.7069,6.5438,2.0443,1.6173,10.362,0
8.7069,6.7056,0,1.6112,10.57,0.17756
8.7069,6.8667,0,1.602,10.762,0.68123
8.7069,7.0269,0,1.5926,10.938,1.1957
8.7069,7.1861,0,1.5819,11.098,1.7152
8.7069,7.3443,0,1.576,11.242,2.2717
8.7069,7.5019,0,1.5663,11.37,2.819
8.7069,7.6586,0,1.5525,11.483,3.3501
10.21,7.8138,1.7116,1.5398,12.189,0
10.21,7.9678,0,1.5323,12.421,0
10.21,8.121,0,1.5173,12.637,0
10.21,8.2727,0,1.5018,12.839,0
10.21,8.4229,0,1.4898,13.025,0.31612
10.21,8.5719,0,1.4712,13.196,0.72776
10.21,8.719,0,1.4573,13.353,1.1665
10.21,8.8647,0,1.4494,13.495,1.643
10.21,9.0097,0,1.448,13.622,2.1647
10.21,9.1545,0,1.4408,13.735,2.6677
11.84,9.2986,1.6448,1.439,14.658,0
11.84,9.4425,0,1.4381,14.905,0
11.84,9.5863,0,1.4337,15.138,0
11.84,9.7296,0,1.4292,15.356,0
11.84,9.8726,0,1.4187,15.56,0
11.84,10.014,0,1.4148,15.749,0
11.84,10.156,0,1.4092,15.925,0.28231
11.84,10.297,0,1.4035,16.086,0.72307
11.84,10.437,0,1.3899,16.233,1.1357
11.84,10.576,0,1.3745,16.367,1.5444
11.84,10.714,0,1.3453,16.486,1.883
13.394,10.848,0.74161,1.3065,17.527,0
13.394,10.979,0,1.2701,17.775,0
13.394,11.106,0,1.2292,18.01,0
13.394,11.229,0,1.1942,18.233,0
13.394,11.348,0,1.1591,18.443,0
13.394,11.464,0,1.1209,18.642,0
13.394,11.576,0,1.0813,18.829,0
13.394,11.684,0,1.0456,19.006,0
13.394,11.789,0,1.0133,19.171,0
13.394,11.89,0,0.98112,19.327,0
13.394,11.988,0,0.9495,19.472,0
13.394,12.083,0,0.92035,19.608,0
13.394,12.175,0,0.89727,19.734,0
13.394,12.265,0,0.87057,19.852,0
13.394,12.352,0,0.83889,19.96,0
14.148,12.436,0.25673,0.81072,20.688,0
14.148,12.517,0,0.78177,20.856,0
14.148,12.595,0,0.74881,21.015,0
14.148,12.67,0,0.71619,21.166,0
14.148,12.742,0,0.68428,21.311,0
14.199,12.81,-0.097875,0.64671,21.46,0
14.199,12.875,0,0.61438,21.595,0
