27.5,27.5,-0.57657,0,35.5,2.1372
27.5,27.5,0,-0.0078541,35.5,0
27.5,27.499,0,-0.013023,35.5,0
27.5,27.498,0,-0.017524,35.5,0
27.5,27.496,0,-0.020163,35.5,0
27.5,27.494,0,-0.019753,35.501,0
27.5,27.492,0,-0.021616,35.502,0
27.5,27.49,0,-0.025413,35.503,0
27.5,27.487,0,-0.029237,35.504,0
27.5,27.485,0,-0.030185,35.505,0
27.5,27.482,0,-0.030975,35.507,0
27.5,27.478,0,-0.033799,35.509,0
27.5,27.475,0,-0.035916,35.511,0
27.5,27.471,0,-0.036601,35.514,0
27.5,27.468,0,-0.03625,35.517,0
27.5,27.464,0,-0.038143,35.52,0
27.5,27.46,0,-0.040784,35.524,0
27.5,27.456,0,-0.043467,35.528,0
27.5,27.452,0,-0.045584,35.533,0
27.5,27.447,0,-0.047948,35.538,0
27.5,27.443,0,-0.048862,35.543,0
27.5,27.438,0,-0.049027,35.549,0
27.5,27.433,0,-0.048473,35.556,0
27.5,27.428,0,-0.047846,35.563,0
27.5,27.423,0,-0.047785,35.57,0
27.5,27.418,0,-0.045973,35.578,0
27.5,27.414,0,-0.045605,35.586,0
27.5,27.409,0,-0.042558,35.595,0
27.14,27.405,-0.060677,-0.041831,34.867,0.63768
27.14,27.401,0,-0.041366,34.84,0.46604
27.14,27.397,0,-0.044722,34.814,0.44831
27.14,27.392,0,-0.046565,34.789,0.43372
27.14,27.388,0,-0.051137,34.764,0.41211
27.14,27.382,0,-0.053339,34.74,0.39544
27.14,27.377,0,-0.057107,34.716,0.37465
26.988,27.371,-0.26948,-0.061036,34.655,1.6249
26.988,27.365,0,-0.063092,34.617,0.67667
26.945,27.359,-0.2705,-0.066143,34.575,1.7008
26.912,27.352,-0.19447,-0.070546,34.527,1.4536
26.912,27.345,0,-0.073084,34.483,0.78233
26.912,27.338,0,-0.074751,34.44,0.76041
26.912,27.33,0,-0.075232,34.398,0.74146
26.912,27.323,0,-0.073413,34.357,0.72871
26.912,27.316,0,-0.071777,34.316,0.71591
26.912,27.308,0,-0.070367,34.276,0.7029
26.912,27.301,0,-0.068515,34.237,0.69143
26.912,27.295,0,-0.064569,34.198,0.68603
26.912,27.288,0,-0.061316,34.16,0.67969
26.912,27.282,0,-0.060495,34.123,0.66757
26.912,27.276,0,-0.057963,34.086,0.66025
26.912,27.27,0,-0.056919,34.05,0.64953
26.912,27.264,0,-0.052504,34.014,0.64808
26.912,27.259,0,-0.048431,33.979,0.64676
26.912,27.254,0,-0.043676,33.945,0.64824
26.912,27.25,0,-0.039844,33.911,0.64836
26.912,27.246,0,-0.038733,33.877,0.64203
26.912,27.242,0,-0.035924,33.844,0.64055
26.912,27.239,0,-0.038188,33.811,0.62602
26.912,27.235,0,-0.040448,33.778,0.61106
26.98,27.231,-0.071572,-0.041302,33.815,0.63535
26.98,27.227,0,-0.042542,33.79,0.4306
26.98,27.222,0,-0.04441,33.766,0.41648
26.98,27.218,0,-0.042438,33.742,0.41145
26.98,27.214,0,-0.041257,33.718,0.40492
26.98,27.209,0,-0.041639,33.695,0.39481
26.98,27.205,0,-0.043634,33.672,0.38073
26.98,27.201,0,-0.044327,33.65,0.36943
26.98,27.197,0,-0.043322,33.628,0.3621
26.98,27.192,0,-0.041042,33.607,0.35806
26.955,27.188,0.095004,-0.038799,33.581,0.19756
26.955,27.184,0,-0.037733,33.558,0.40408
26.955,27.18,0,-0.035189,33.536,0.40194
26.955,27.177,0,-0.033418,33.513,0.39847
26.955,27.174,0,-0.033233,33.491,0.39148
26.955,27.17,0,-0.032237,33.469,0.38654
26.955,27.167,0,-0.033122,33.448,0.37721
26.955,27.164,0,-0.031807,33.427,0.37307
26.97,27.161,0.1054,-0.032036,33.406,0.10749
26.97,27.157,0,-0.028315,33.387,0.33537
26.97,27.154,0,-0.027446,33.369,0.33124
26.97,27.152,0,-0.024289,33.35,0.33281
26.97,27.149,0,-0.020293,33.332,0.33715
26.97,27.147,0,-0.016658,33.314,0.34152
26.97,27.146,0,-0.013091,33.297,0.34657
26.97,27.144,0,-0.0078413,33.279,0.35662
26.97,27.144,0,-0.0033082,33.262,0.36616
26.97,27.143,0,0.001393,33.244,0.37722
26.97,27.143,0,0.0066506,33.227,0.39087
26.97,27.144,0,0.013356,33.21,0.40959
26.97,27.145,0,0.017959,33.192,0.42459
26.97,27.147,0,0.021699,33.174,0.43851
26.97,27.149,0,0.027363,33.157,0.45851
26.97,27.152,0,0.031001,33.138,0.4746
26.97,27.155,0,0.034233,33.12,0.49056
26.97,27.159,0,0.037401,33.101,0.50722
26.97,27.162,0,0.042339,33.082,0.52961
26.97,27.167,0,0.047132,33.063,0.55298
26.97,27.171,0,0.052558,33.043,0.57951
26.97,27.176,0,0.058304,33.022,0.60854
26.97,27.182,0,0.065437,33.001,0.64332
26.97,27.189,0,0.072353,32.98,0.67967
26.97,27.196,0,0.078012,32.958,0.71444
26.97,27.204,0,0.081347,32.934,0.74394
26.97,27.212,0,0.083841,32.911,0.77195
27.662,27.22,0.2826,0.087284,33.708,0
27.662,27.229,0,0.092057,33.751,0
27.723,27.238,0.32101,0.095983,33.793,0
27.723,27.248,0,0.098626,33.841,0
27.723,27.258,0,0.10256,33.888,0
27.806,27.268,0.3382,0.10661,33.955,0
27.806,27.279,0,0.11015,34.009,0
27.806,27.29,0,0.11304,34.061,0
27.806,27.301,0,0.11721,34.112,0
27.806,27.313,0,0.12205,34.162,0
27.806,27.325,0,0.12629,34.21,0
27.806,27.338,0,0.12911,34.258,0
27.806,27.351,0,0.13271,34.304,0
27.806,27.364,0,0.13439,34.349,0
27.806,27.377,0,0.13842,34.392,0
27.806,27.391,0,0.1398,34.434,0
27.806,27.405,0,0.14212,34.475,0
27.806,27.419,0,0.14208,34.514,0
28.119,27.433,-0.095333,0.13749,34.8,0
28.119,27.447,0,0.13356,34.867,0
28.119,27.461,0,0.1289,34.934,0
28.119,27.473,0,0.12342,34.999,0
28.08,27.486,-0.12887,0.11958,35.052,0
28.057,27.498,-0.17467,0.11276,35.114,0
28.042,27.509,-0.22533,0.10751,35.161,0
28.025,27.52,-0.17315,0.10203,35.222,0
28.025,27.53,0,0.095703,35.272,0
28.025,27.54,0,0.092152,35.321,0
28.025,27.549,0,0.087332,35.369,0
28.025,27.558,0,0.084526,35.417,0
28.025,27.566,0,0.085953,35.463,0
28.025,27.575,0,0.087391,35.508,0
28.025,27.583,0,0.089829,35.553,0
28.057,27.592,0.25818,0.094228,35.606,0
28.057,27.602,0,0.097371,35.652,0
28.057,27.611,0,0.10106,35.697,0
28.057,27.622,0,0.10432,35.741,0
28.057,27.632,0,0.10835,35.784,0
28.057,27.643,0,0.11439,35.826,0
28.057,27.654,0,0.12013,35.867,0
28.057,27.666,0,0.12366,35.906,0
28.057,27.679,0,0.12913,35.945,0
28.057,27.692,0,0.13371,35.982,0
28.057,27.705,0,0.14083,36.018,0
28.057,27.719,0,0.14753,36.052,0
28.057,27.734,0,0.15063,36.085,0
28.057,27.749,0,0.15415,36.117,0
28.057,27.764,0,0.15765,36.147,0
28.057,27.78,0,0.16376,36.176,0
28.057,27.796,0,0.17158,36.202,0
28.057,27.814,0,0.17905,36.228,0
28.057,27.831,0,0.18648,36.251,0
28.057,27.85,0,0.19113,36.273,0
28.817,27.869,0.43533,0.1956,37.006,0
28.867,27.889,0.48039,0.20213,37.104,0
28.867,27.909,0,0.20661,37.201,0
28.867,27.93,0,0.21065,37.296,0
28.867,27.951,0,0.21684,37.388,0
28.867,27.972,0,0.22299,37.479,0
28.867,27.995,0,0.2266,37.567,0
28.867,28.017,0,0.23085,37.653,0
28.867,28.04,0,0.23379,37.737,0
28.867,28.064,0,0.23668,37.818,0
28.867,28.087,0,0.24261,37.897,0
29.287,28.112,0.45885,0.24612,38.213,0
29.287,28.136,0,0.25228,38.33,0
29.287,28.162,0,0.25634,38.443,0
29.287,28.187,0,0.26273,38.555,0
29.287,28.213,0,0.26862,38.663,0
29.287,28.24,0,0.27359,38.769,0
29.287,28.268,0,0.27933,38.873,0
29.287,28.296,0,0.28519,38.973,0
29.287,28.324,0,0.28873,39.071,0
29.287,28.353,0,0.29105,39.166,0
29.762,28.382,0.43146,0.29301,39.519,0
29.762,28.411,0,0.29743,39.655,0
29.762,28.441,0,0.3025,39.789,0
29.762,28.471,0,0.30511,39.92,0
29.762,28.502,0,0.30716,40.047,0
29.762,28.533,0,0.30921,40.172,0
29.762,28.564,0,0.31258,40.293,0
29.762,28.595,0,0.31635,40.411,0
30.113,28.626,0.39148,0.31908,40.656,0
30.113,28.658,0,0.32072,40.803,0
30.113,28.69,0,0.32113,40.947,0
30.113,28.723,0,0.32511,41.088,0
30.113,28.755,0,0.32554,41.225,0
30.113,28.788,0,0.32559,41.359,0
30.113,28.82,0,0.32849,41.49,0
30.113,28.853,0,0.33012,41.618,0
30.113,28.886,0,0.32927,41.742,0
30.113,28.919,0,0.32953,41.863,0
30.113,28.952,0,0.33197,41.981,0
30.113,28.985,0,0.33308,42.096,0
30.113,29.018,0,0.33687,42.207,0
30.113,29.052,0,0.33667,42.314,0
30.113,29.086,0,0.33959,42.419,0
30.113,29.12,0,0.3417,42.52,0
30.113,29.154,0,0.34179,42.617,0
30.113,29.188,0,0.3403,42.712,0
30.113,29.222,0,0.34084,42.802,0
30.113,29.256,0,0.33969,42.89,0
30.113,29.29,0,0.33969,42.974,0
30.113,29.324,0,0.33541,43.054,0
30.113,29.358,0,0.33132,43.131,0
30.113,29.391,0,0.32778,43.205,0
30.113,29.424,0,0.32432,43.276,0
30.113,29.456,0,0.32074,43.343,0
30.113,29.488,0,0.3183,43.407,0
30.113,29.52,0,0.31346,43.468,0
30.113,29.551,0,0.30968,43.526,0
30.113,29.582,0,0.30077,43.581,0
30.113,29.612,0,0.29031,43.632,0
30.113,29.641,0,0.28039,43.681,0
30.113,29.669,0,0.27088,43.726,0
30.113,29.696,0,0.26166,43.769,0
30.113,29.723,0,0.25208,43.81,0
30.113,29.748,0,0.24449,43.848,0
30.829,29.772,-0.21417,0.23631,45.828,0
30.829,29.796,0,0.22654,45.932,0
30.829,29.819,0,0.21626,46.034,0
30.829,29.84,0,0.20554,46.134,0
30.829,29.861,0,0.19546,46.232,0
30.707,29.88,-0.20212,0.18545,46.307,0
30.707,29.899,0,0.17775,46.389,0
30.707,29.917,0,0.16829,46.469,0
30.707,29.933,0,0.15924,46.547,0
30.707,29.949,0,0.14748,46.623,0
30.707,29.964,0,0.13586,46.698,0
30.707,29.978,0,0.12522,46.772,0
30.707,29.99,0,0.1142,46.844,0
30.707,30.002,0,0.099132,46.915,0
30.391,30.012,-0.48464,0.085507,46.881,0.83488
30.391,30.02,0,0.072955,46.919,0
30.391,30.027,0,0.060729,46.955,0
30.391,30.034,0,0.046873,46.991,0
30.391,30.038,0,0.036919,47.027,0
30.391,30.042,0,0.026536,47.062,0
30.391,30.045,0,0.015391,47.097,0
30.391,30.046,0,0.0030284,47.132,0
30.391,30.046,0,-0.0033158,47.166,0
29.968,30.046,-0.37354,-0.0083084,47.013,1.3612
29.968,30.045,0,-0.012555,47.005,0.13348
29.968,30.044,0,-0.016711,46.998,0.12164
29.968,30.042,0,-0.019834,46.99,0.11129
29.968,30.04,0,-0.024428,46.983,0.097187
29.968,30.038,0,-0.029199,46.976,0.081918
29.968,30.035,0,-0.032583,46.969,0.068763
29.968,30.032,0,-0.036684,46.962,0.053546
29.968,30.028,0,-0.040647,46.956,0.037944
29.6,30.024,-0.49123,-0.045441,46.796,2.9315
29.6,30.019,0,-0.049836,46.754,0.8134
29.6,30.014,0,-0.054052,46.712,0.78949
29.6,30.009,0,-0.059181,46.671,0.76224
29.6,30.003,0,-0.064861,46.63,0.73254
29.6,29.997,0,-0.068489,46.59,0.7074
29.323,29.99,-0.51557,-0.072245,46.475,3.8369
29.323,29.983,0,-0.076639,46.408,1.336
29.323,29.975,0,-0.081929,46.343,1.299
29.323,29.967,0,-0.085933,46.278,1.265
29.323,29.958,0,-0.091654,46.214,1.225
29.323,29.949,0,-0.097955,46.151,1.1821
29.323,29.939,0,-0.1035,46.089,1.1405
29.323,29.929,0,-0.10888,46.028,1.0985
29.323,29.918,0,-0.11352,45.968,1.0578
29.323,29.907,0,-0.11796,45.909,1.017
29.323,29.895,0,-0.12221,45.851,0.97618
29.323,29.883,0,-0.12623,45.794,0.93538
29.323,29.87,0,-0.1305,45.739,0.89342
29.323,29.857,0,-0.13482,45.685,0.85081
29.323,29.843,0,-0.13874,45.632,0.8088
29.323,29.829,0,-0.14375,45.581,0.76355
29.323,29.815,0,-0.1495,45.531,0.71596
29.323,29.8,0,-0.15552,45.482,0.66717
29.323,29.785,0,-0.1617,45.435,0.61752
29.323,29.768,0,-0.16665,45.39,0.57033
29.323,29.752,0,-0.1719,45.346,0.5222
29.323,29.735,0,-0.17556,45.304,0.47737
29.323,29.717,0,-0.18033,45.264,0.43012
29.323,29.699,0,-0.18455,45.225,0.38392
29.323,29.681,0,-0.18973,45.188,0.33577
29.323,29.662,0,-0.19499,45.154,0.28746
29.323,29.642,0,-0.19958,45.121,0.24049
29.323,29.622,0,-0.20605,45.09,0.19027
29.323,29.602,0,-0.212,45.061,0.14112
29.323,29.58,0,-0.21754,45.034,0.092926
29.323,29.559,0,-0.22263,45.009,0.045757
29.323,29.536,0,-0.22823,44.987,0
29.323,29.513,0,-0.23359,44.966,0
27.582,29.49,-0.57471,-0.23876,42.106,8.4617
27.582,29.466,0,-0.2447,41.917,4.3502
27.582,29.442,0,-0.2505,41.73,4.2389
27.424,29.417,-0.49589,-0.2546,41.508,8.0573
27.38,29.391,-0.52292,-0.25869,41.316,8.3402
27.38,29.365,0,-0.2636,41.116,4.6034
27.38,29.339,0,-0.26825,40.919,4.4895
27.231,29.312,-0.53669,-0.27366,40.705,8.6746
27.231,29.285,0,-0.27967,40.498,4.7632
27.231,29.257,0,-0.28455,40.294,4.6416
27.231,29.228,0,-0.28952,40.093,4.519
27.027,29.199,-0.49492,-0.29443,39.859,8.5788
26.968,29.17,-0.52571,-0.30079,39.644,8.9349
26.968,29.14,0,-0.30586,39.425,5.0427
26.968,29.109,0,-0.31076,39.209,4.9099
26.968,29.078,0,-0.31499,38.997,4.7801
26.968,29.047,0,-0.32043,38.787,4.644
26.968,29.015,0,-0.32694,38.581,4.5024
26.968,28.982,0,-0.33345,38.378,4.3601
26.968,28.949,0,-0.33707,38.178,4.2312
26.968,28.915,0,-0.34279,37.982,4.0926
26.968,28.881,0,-0.34677,37.789,3.9618
26.968,28.846,0,-0.35254,37.6,3.8232
26.968,28.811,0,-0.35783,37.413,3.6868
26.968,28.775,0,-0.36145,37.231,3.5577
26.968,28.739,0,-0.36621,37.052,3.4243
26.294,28.702,-0.4482,-0.37171,36.429,8.6973
26.294,28.665,0,-0.3778,36.19,5.3785
26.294,28.627,0,-0.38189,35.955,5.2227
26.294,28.589,0,-0.38658,35.723,5.0642
26.294,28.55,0,-0.3953,35.496,4.8857
26.294,28.511,0,-0.40768,35.272,4.6887
26.294,28.47,0,-0.42686,35.052,4.4586
26.294,28.427,0,-0.45392,34.837,4.1913
26.294,28.382,0,-0.49317,34.626,3.87
26.294,28.333,0,-0.54246,34.419,3.5094
26.294,28.278,0,-0.59891,34.218,3.1282
24.444,28.219,-3.8044,-0.66008,33.4,115.74
24.444,28.153,0,-0.72731,33.026,8.4729
24.444,28.08,0,-0.79894,32.659,7.7584
23.274,28,-4.0974,-0.87377,32.126,140.32
23.274,27.913,0,-0.95254,31.658,10.891
23.274,27.817,0,-1.0362,31.199,9.9414
23.274,27.714,0,-1.1243,30.75,8.9753
23.274,27.601,0,-1.2163,30.311,8.0082
21.207,27.48,-4.4178,-1.316,29.397,170.11
21.207,27.348,0,-1.4241,28.776,14.267
21.207,27.206,0,-1.5441,28.169,12.777
21.207,27.051,0,-1.6746,27.577,11.254
21.207,26.884,0,-1.8191,27.001,9.709
18.855,26.702,-4.9228,-1.9727,25.853,223.89
18.855,26.505,0,-2.1393,25.078,15.964
18.855,26.291,0,-2.3177,24.324,13.756
18.855,26.059,0,-2.5064,23.592,11.611
18.855,25.808,0,-2.6972,22.884,9.6471
18.855,25.539,0,-2.8913,22.202,7.9449
18.855,25.249,0,-3.0823,21.548,6.6359
18.855,24.941,0,-3.2725,20.924,5.8488
18.855,24.614,0,-3.453,20.332,5.7579
15.476,24.269,-1.5985,-3.6168,18.02,28.599
15.476,23.907,0,-3.7736,17.158,9.624
15.476,23.53,0,-3.2553,16.334,10.669
15.476,23.204,0,-3.1317,15.545,10.165
15.476,22.891,0,-2.9673,14.788,9.8999
15.476,22.594,0,-2.9,14.061,9.2341
15.476,22.304,0,-2.9,13.364,8.3323
14.794,22.014,-0.076668,-2.9,12.424,9.9662
14.794,21.724,0,-2.9,11.716,8.6399
14.794,21.434,0,-2.9,11.038,7.7878
14.794,21.144,0,-2.9,10.389,7.0176
14.794,20.854,0,-2.9,9.7681,6.3367
14.794,20.564,0,-2.9,9.1766,5.7531
14.794,20.274,0,-2.9,8.6141,5.2761
14.998,19.984,0.30408,-2.9,8.1199,5.065
14.998,19.694,0,-2.9,7.6358,4.6059
14.998,19.404,0,-2.9,7.1807,4.6252
14.998,19.114,0,-2.9,6.7546,4.8138
14.998,18.824,0,-2.9,6.3575,5.1913
15.087,18.534,0.18735,-2.9,6.0399,7.009
15.087,18.244,0,-4.4,5.7097,49.239
15.087,17.804,0,-4.4,5.4159,64.213
15.087,17.364,0,-4.4,5.1661,84.664
15.087,16.924,0,-4.4,4.9604,113.46
15.154,16.484,-0.0092704,-4.4,4.8295,164.62
15.15,16.044,-0.036093,-4.4,4.719,240.66
15.137,15.604,-0.046008,-4.4,4.6416,378.21
15.142,15.164,-0.068401,-4.4,4.6113,757.1
15.142,14.724,0,-4.4,4.6311,1938.8
15.141,14.284,-0.091785,-4.4,4.7001,0
15.139,13.844,-0.12172,-4.4,4.8043,0
15.139,13.404,0,-4.4,4.9558,0
15.139,12.964,0,-4.4,5.1513,0
15.139,12.524,0,-4.4,5.3908,0
15.139,12.084,0,-5.2,5.6743,0
15.044,11.564,-0.39116,-5.2,5.9802,0
15.044,11.044,0,-5.2,6.3542,0
15.044,10.524,0,-5.2,6.7802,0
15.044,10.004,0,-5.2,7.2582,0
14.848,9.4842,-0.60262,-5.2,7.7572,0
14.848,8.9642,0,-5.2,8.3196,0
14.848,8.4442,0,-5.2,8.934,0
14.848,7.9242,0,3.4096,9.6003,0
14.848,8.2651,0,3.1643,10.276,0
14.848,8.5815,0,2.9295,10.918,0
14.407,8.8745,-1.0788,2.7086,11.403,0.2414
14.407,9.1454,0,2.4973,11.943,0
14.184,9.3951,-1.2949,2.3026,12.435,2.8915
14.184,9.6254,0,2.1122,12.903,0
14.184,9.8366,0,1.9313,13.348,0
14.184,10.03,0,1.7638,13.773,0
14.184,10.206,0,1.5987,14.18,0
14.184,10.366,0,1.4455,14.57,0
14.184,10.511,0,1.2953,14.944,0
14.184,10.64,0,1.1486,15.305,0
14.184,10.755,0,1.0059,15.654,0
14.184,10.855,0,0.86951,15.992,0
14.184,10.942,0,0.74329,16.321,0
12.369,11.017,-1.9244,0.61535,15.755,15.829
12.369,11.078,0,0.50165,15.887,0
12.369,11.128,0,0.39237,16.014,0
12.369,11.168,0,0.28601,16.136,0
12.369,11.196,0,0.18485,16.255,0
12.369,11.215,0,0.087766,16.371,0
12.369,11.224,0,-0.0032951,16.486,0
12.369,11.223,0,-0.044055,16.601,0
12.369,11.219,0,-0.085805,16.716,0
12.369,11.21,0,-0.1283,16.831,0
12.369,11.197,0,-0.17162,16.948,0
12.369,11.18,0,-0.21437,17.066,0
12.369,11.159,0,-0.25874,17.186,0
12.369,11.133,0,-0.30188,17.308,0
12.369,11.103,0,-0.34647,17.433,0
12.369,11.068,0,-0.39398,17.562,0
12.369,11.029,0,-0.44393,17.694,0.27062
12.369,10.984,0,-0.492,17.83,0.68388
12.369,10.935,0,-0.54484,17.971,1.2055
12.369,10.881,0,-0.59894,18.117,1.8303
12.369,10.821,0,-0.65206,18.269,2.5542
12.369,10.756,0,-0.70793,18.427,3.4321
12.369,10.685,0,-0.76807,18.592,4.5157
12.369,10.608,0,-0.8311,18.764,5.8332
12.369,10.525,0,-0.89813,18.945,7.4556
12.369,10.435,0,-0.96668,19.134,9.4087
12.369,10.338,0,-1.0401,19.332,11.838
12.369,10.234,0,-1.1175,19.54,14.855
12.369,10.123,0,-1.1964,19.759,18.538
12.369,10.003,0,-1.2814,19.99,23.231
12.369,9.8748,0,-1.3719,20.233,29.244
12.369,9.7376,0,-1.4705,20.49,37.197
12.369,9.5906,0,-1.5743,20.76,47.715
12.369,9.4331,0,-1.6819,21.046,61.827
12.369,9.2649,0,-5.2,21.348,0
12.369,8.7449,0,-5.2,21.684,0
12.369,8.2249,0,-5.2,22.073,0
12.369,7.7049,0,-5.2,22.513,0
12.369,7.1849,0,-5.2,23.006,0
4.004,6.6649,-2.0464,-5.2,7.6163,0
4.004,6.1449,0,-5.2,7.3762,9.815
4.004,5.6249,0,-8.8,7.1881,1.1845
4.004,4.7449,0,-8.8,7.07,0
4.004,3.8649,0,-8.8,7.0399,0
4.004,2.9849,0,0.15739,7.0978,0
4.004,3.0007,0,-0.019859,7.1989,0
4.004,2.9987,0,-0.054932,7.2994,0
4.004,2.9932,0,-0.085738,7.4002,0
4.004,2.9846,0,-0.11534,7.5017,0
2.3044,2.9731,-1.4887,-0.1463,6.6844,5.9058
2.3044,2.9585,0,-0.17728,6.6183,1.0174
2.0214,2.9407,-1.4303,-0.20679,6.5265,6.0152
2.0214,2.9201,0,-8.8,6.4356,0
2.0214,2.0401,0,-0.050125,6.3897,0
2.0214,2.035,0,-0.073544,6.3881,0
2.0214,2.0277,0,-0.095555,6.3871,0
2.0214,2.0181,0,-0.11595,6.3869,0
2.0214,2.0065,0,-0.13615,6.3878,0
2.0214,1.9929,0,-0.15586,6.39,0
2.0214,1.9773,0,-8.8,6.3936,0
2.0214,1.0973,0,-0.01747,6.442,0
2.0214,1.0956,0,-0.023309,6.5345,0
2.0214,1.0933,0,-0.027334,6.6272,0
