21.944,21.944,0.22892,0,35.5,0
21.944,21.944,0,0.0038539,35.5,0.0081354
21.944,21.945,0,0.012638,35.5,0.027758
21.944,21.946,0,0.016728,35.5,0.039301
21.944,21.948,0,0.020174,35.5,0.050391
21.944,21.95,0,0.025045,35.499,0.065486
21.944,21.952,0,0.031776,35.499,0.086018
21.944,21.955,0,0.034911,35.498,0.1
21.944,21.959,0,0.042232,35.496,0.12455
22.129,21.963,0.21027,0.049019,35.548,0
22.158,21.968,0.18727,0.056355,35.567,0
22.158,21.974,0,0.059383,35.586,0
22.158,21.98,0,0.06441,35.604,0
22.158,21.986,0,0.066411,35.622,0
22.158,21.993,0,0.068084,35.639,0
22.158,22,0,0.071861,35.655,0
22.158,22.007,0,0.07361,35.67,0
22.158,22.014,0,0.074689,35.685,0
22.158,22.022,0,0.076847,35.699,0
22.158,22.029,0,0.080491,35.712,0
22.309,22.037,0.1624,0.080651,35.815,0
22.309,22.045,0,0.082909,35.842,0
22.309,22.054,0,0.082312,35.868,0
22.309,22.062,0,0.081862,35.893,0
22.309,22.07,0,0.082926,35.917,0
22.355,22.078,0.13189,0.08213,35.976,0
22.355,22.087,0,0.082089,36.003,0
22.355,22.095,0,0.082333,36.029,0
22.355,22.103,0,0.081622,36.055,0
22.355,22.111,0,0.079527,36.08,0
22.355,22.119,0,0.080782,36.104,0
22.355,22.127,0,0.078107,36.127,0
22.355,22.135,0,0.078844,36.149,0
22.355,22.143,0,0.078513,36.171,0
22.355,22.151,0,0.079114,36.192,0
22.428,22.159,0.090325,0.080152,36.244,0
22.428,22.167,0,0.081439,36.27,0
22.428,22.175,0,0.079497,36.296,0
22.428,22.183,0,0.079161,36.321,0
22.428,22.191,0,0.081182,36.345,0
22.428,22.199,0,0.08401,36.369,0
22.428,22.207,0,0.086037,36.391,0
22.428,22.216,0,0.08543,36.413,0
22.428,22.224,0,0.085348,36.434,0
22.428,22.233,0,0.086875,36.454,0
22.428,22.242,0,0.085137,36.473,0
22.428,22.25,0,0.083241,36.491,0
22.428,22.258,0,0.083279,36.508,0
22.428,22.267,0,0.085491,36.525,0
22.428,22.275,0,0.087966,36.541,0
22.428,22.284,0,0.087682,36.556,0
22.428,22.293,0,0.088009,36.57,0
22.428,22.302,0,0.08781,36.583,0
22.428,22.31,0,0.085757,36.595,0
22.428,22.319,0,0.086145,36.606,0
22.611,22.328,0.063812,0.084395,36.779,0
22.611,22.336,0,0.080849,36.807,0
22.611,22.344,0,0.07817,36.834,0
22.611,22.352,0,0.077554,36.86,0
22.611,22.36,0,0.07353,36.886,0
22.611,22.367,0,0.07064,36.911,0
22.611,22.374,0,0.067934,36.935,0
22.611,22.381,0,0.067637,36.958,0
22.611,22.388,0,0.068667,36.981,0
22.611,22.395,0,0.067108,37.003,0
22.611,22.401,0,0.066132,37.024,0
22.611,22.408,0,0.066042,37.045,0
22.611,22.414,0,0.06472,37.065,0
22.611,22.421,0,0.063598,37.084,0
22.633,22.427,-0.00044084,0.061119,37.134,0
22.633,22.433,0,0.05708,37.155,0
22.633,22.439,0,0.053732,37.174,0
22.633,22.445,0,0.056524,37.193,0
22.633,22.45,0,0.054325,37.212,0
22.633,22.456,0,0.054854,37.23,0
22.633,22.461,0,0.054436,37.247,0
22.633,22.467,0,0.053873,37.264,0
22.633,22.472,0,0.053118,37.28,0
22.633,22.477,0,0.053976,37.296,0
22.633,22.483,0,0.052995,37.312,0
22.633,22.488,0,0.05053,37.326,0
22.65,22.493,0.030384,0.046609,37.343,0
22.65,22.498,0,0.047929,37.358,0
22.65,22.502,0,0.045209,37.373,0
22.65,22.507,0,0.043943,37.388,0
22.65,22.511,0,0.039832,37.402,0
22.65,22.515,0,0.041377,37.415,0
22.65,22.519,0,0.038674,37.428,0
22.65,22.523,0,0.035424,37.441,0
22.65,22.527,0,0.031847,37.454,0
22.65,22.53,0,0.030754,37.466,0
22.65,22.533,0,0.029266,37.478,0
22.65,22.536,0,0.029705,37.489,0
22.65,22.539,0,0.029589,37.5,0
22.65,22.542,0,0.029336,37.511,0
22.645,22.545,-0.065088,0.029692,37.532,0.00026947
22.645,22.548,0,0.02753,37.541,0
22.645,22.551,0,0.021318,37.551,0
22.645,22.553,0,0.017425,37.56,0
22.645,22.555,0,0.015432,37.569,0
22.605,22.556,-0.071163,0.014448,37.58,0.090296
22.605,22.558,0,0.011447,37.585,0
22.605,22.559,0,0.007795,37.59,0
22.605,22.559,0,0.0045724,37.594,0
22.605,22.56,0,0.003371,37.599,0
22.605,22.56,0,0.0018689,37.603,0
22.55,22.56,-0.15771,-0.001157,37.59,0.41737
22.55,22.56,0,-0.0033055,37.589,0.013814
22.506,22.56,-0.20893,-0.0061374,37.575,0.67388
22.506,22.559,0,-0.0086883,37.57,0.092526
22.506,22.558,0,-0.011482,37.564,0.084619
22.506,22.557,0,-0.013026,37.559,0.07888
22.506,22.556,0,-0.015494,37.554,0.070859
22.396,22.554,-0.23228,-0.017899,37.527,0.99401
22.379,22.553,-0.25162,-0.019682,37.511,1.103
22.358,22.551,-0.27058,-0.021893,37.502,1.2234
22.358,22.549,0,-0.025751,37.482,0.3485
22.287,22.546,-0.2291,-0.029362,37.455,1.2217
22.287,22.543,0,-0.03276,37.429,0.47589
22.287,22.54,0,-0.035189,37.404,0.4623
22.287,22.536,0,-0.035777,37.379,0.45287
22.287,22.533,0,-0.037914,37.354,0.43946
22.287,22.529,0,-0.039802,37.33,0.42625
22.287,22.525,0,-0.040859,37.306,0.41475
22.142,22.521,-0.20292,-0.043363,37.227,1.4102
22.142,22.516,0,-0.045044,37.189,0.7183
22.142,22.512,0,-0.046587,37.152,0.70338
22.077,22.507,-0.17933,-0.049536,37.095,1.4433
22.077,22.502,0,-0.050333,37.052,0.82563
22.077,22.497,0,-0.053176,37.01,0.80541
22.077,22.492,0,-0.056488,36.968,0.78333
22.077,22.486,0,-0.057356,36.927,0.76741
22.077,22.481,0,-0.058837,36.887,0.74965
22.077,22.475,0,-0.060576,36.846,0.73092
22.077,22.469,0,-0.061411,36.807,0.71434
22.077,22.463,0,-0.063673,36.768,0.69377
22.077,22.456,0,-0.064869,36.73,0.67566
22.077,22.45,0,-0.066807,36.692,0.65538
22.077,22.443,0,-0.068989,36.656,0.63413
22.077,22.436,0,-0.070844,36.619,0.61338
21.814,22.429,-0.24172,-0.072761,36.419,2.1653
21.814,22.422,0,-0.075233,36.358,1.2055
21.814,22.414,0,-0.076737,36.298,1.1816
21.814,22.407,0,-0.079649,36.238,1.1531
21.814,22.399,0,-0.082252,36.179,1.125
21.814,22.39,0,-0.084315,36.121,1.098
21.814,22.382,0,-0.085904,36.064,1.0722
21.814,22.373,0,-0.08742,36.008,1.0463
21.814,22.365,0,-0.090268,35.952,1.0162
21.814,22.356,0,-0.093565,35.897,0.98435
21.814,22.346,0,-0.096602,35.844,0.95272
21.814,22.337,0,-0.0999,35.791,0.91988
21.495,22.327,-0.3118,-0.10182,35.562,3.0886
21.495,22.316,0,-0.10582,35.48,1.6676
21.495,22.306,0,-0.10936,35.398,1.6268
21.396,22.295,-0.29526,-0.11124,35.301,3.1859
21.396,22.284,0,-0.11301,35.212,1.824
21.333,22.272,-0.34613,-0.11706,35.121,3.5781
21.333,22.261,0,-0.11945,35.027,1.9107
21.333,22.249,0,-0.1236,34.935,1.8626
21.333,22.236,0,-0.12585,34.844,1.8204
21.333,22.224,0,-0.12975,34.755,1.7722
21.333,22.211,0,-0.13227,34.666,1.7281
21.333,22.198,0,-0.13418,34.579,1.6857
21.333,22.184,0,-0.13658,34.493,1.6415
21.333,22.171,0,-0.13826,34.409,1.5994
21.333,22.157,0,-0.14106,34.326,1.5534
21.333,22.143,0,-0.14425,34.244,1.5058
21.333,22.128,0,-0.1488,34.164,1.4534
21.333,22.113,0,-0.15167,34.085,1.4058
21.333,22.098,0,-0.15584,34.008,1.3538
21.333,22.083,0,-0.15896,33.932,1.3046
21.333,22.067,0,-0.16317,33.858,1.2518
20.788,22.05,-0.45669,-0.1691,33.404,5.2099
20.788,22.033,0,-0.17382,33.279,2.6219
20.788,22.016,0,-0.17959,33.155,2.5472
20.788,21.998,0,-0.18457,33.033,2.4748
20.788,21.98,0,-0.18809,32.913,2.4072
20.788,21.961,0,-0.19155,32.795,2.3395
20.788,21.942,0,-0.19551,32.679,2.2695
20.788,21.922,0,-0.19843,32.564,2.203
20.788,21.902,0,-0.20019,32.452,2.1406
20.788,21.882,0,-0.20319,32.341,2.0737
20.414,21.862,-0.26957,-0.20611,32.017,4.5083
20.414,21.841,0,-0.20705,31.873,3.0373
20.414,21.821,0,-0.21023,31.731,2.9603
20.414,21.8,0,-0.21376,31.592,2.8815
20.414,21.778,0,-0.2172,31.454,2.8027
20.414,21.757,0,-0.22133,31.319,2.7208
20.414,21.734,0,-0.22542,31.186,2.6388
20.414,21.712,0,-0.22912,31.055,2.5579
20.414,21.689,0,-0.23305,30.926,2.4759
20.414,21.666,0,-0.23814,30.8,2.3893
20.414,21.642,0,-0.24358,30.676,2.3011
20.414,21.617,0,-0.24743,30.554,2.2183
20.414,21.593,0,-0.25296,30.435,2.1294
20.414,21.567,0,-0.2571,30.319,2.0452
20.414,21.542,0,-0.26161,30.205,1.9597
20.414,21.516,0,-0.26541,30.093,1.8767
20.414,21.489,0,-0.27074,29.984,1.7888
20.414,21.462,0,-0.2738,29.878,1.7082
20.414,21.435,0,-0.27677,29.775,1.6283
20.414,21.407,0,-0.27936,29.674,1.5499
20.414,21.379,0,-0.28264,29.576,1.47
20.414,21.351,0,-0.28822,29.481,1.3839
20.414,21.322,0,-0.29456,29.389,1.296
20.414,21.292,0,-0.29927,29.3,1.2129
20.414,21.262,0,-0.30433,29.213,1.1295
20.414,21.232,0,-0.30939,29.13,1.0469
20.414,21.201,0,-0.31344,29.05,0.96738
20.414,21.17,0,-0.31682,28.972,0.89039
20.414,21.138,0,-0.32235,28.898,0.80951
20.414,21.106,0,-0.32631,28.828,0.73302
20.414,21.073,0,-0.33054,28.76,0.65714
20.414,21.04,0,-0.33493,28.696,0.58214
20.414,21.007,0,-0.34021,28.635,0.50684
20.414,20.973,0,-0.34313,28.577,0.43706
20.414,20.938,0,-0.34699,28.523,0.36721
20.414,20.904,0,-0.3515,28.472,0.29797
20.414,20.868,0,-0.35507,28.425,0.23176
20.414,20.833,0,-0.35908,28.382,0.16675
20.414,20.797,0,-0.36395,28.341,0.10264
20.414,20.761,0,-0.36944,28.305,0.039972
20.414,20.724,0,-0.37318,28.272,0
20.414,20.686,0,-0.37972,28.243,0
20.414,20.648,0,-0.38598,28.218,0
18.719,20.61,-0.42319,-0.38975,24.611,6.1527
18.719,20.571,0,-0.39321,24.423,3.5609
18.719,20.532,0,-0.39807,24.24,3.4181
18.719,20.492,0,-0.40413,24.061,3.2711
18.719,20.451,0,-0.40787,23.886,3.1341
18.719,20.411,0,-0.41161,23.715,2.9981
18.719,20.369,0,-0.41594,23.547,2.8609
18.719,20.328,0,-0.42147,23.385,2.7204
18.719,20.286,0,-0.427,23.226,2.581
18.347,20.243,-0.43535,-0.43114,22.916,6
18.347,20.2,0,-0.43574,22.729,3.3835
18.347,20.156,0,-0.4435,22.546,3.2201
18.347,20.112,0,-0.44865,22.367,3.0679
18.347,20.067,0,-0.45492,22.193,2.9127
18.347,20.022,0,-0.46151,22.023,2.7577
18.347,19.975,0,-0.46462,21.858,2.6168
18.347,19.929,0,-0.46682,21.697,2.4808
18.347,19.882,0,-0.47188,21.542,2.3372
18.347,19.835,0,-0.47612,21.39,2.1983
18.347,19.787,0,-0.48154,21.244,2.0577
18.347,19.739,0,-0.48671,21.102,1.9202
18.347,19.691,0,-0.48934,20.966,1.7924
18.347,19.642,0,-0.49525,20.834,1.658
18.347,19.592,0,-0.49921,20.707,1.5315
18.347,19.542,0,-0.50411,20.585,1.4055
18.347,19.492,0,-0.50998,20.468,1.2803
18.347,19.441,0,-0.51562,20.356,1.1589
18.347,19.389,0,-0.52283,20.249,1.0378
18.347,19.337,0,-0.532,20.148,0.91699
18.347,19.284,0,-0.53889,20.051,0.80456
18.347,19.23,0,-0.55134,19.96,0.68838
18.347,19.175,0,-0.56188,19.875,0.58074
18.347,19.119,0,-0.57433,19.795,0.47729
18.347,19.061,0,-0.58492,19.721,0.38269
18.347,19.003,0,-0.59855,19.652,0.29372
18.347,18.943,0,-0.60625,19.59,0.21577
18.347,18.882,0,-0.61658,19.533,0.14519
18.347,18.821,0,-0.62888,19.483,0.084124
18.347,18.758,0,-0.63821,19.439,0.032475
16.75,18.694,-0.6677,-0.64843,17.249,6.5017
16.75,18.629,0,-0.66027,17.058,2.6225
16.75,18.563,0,-0.67417,16.873,2.4075
16.75,18.496,0,-0.68676,16.695,2.2023
16.75,18.427,0,-0.69983,16.524,2.0023
16.75,18.357,0,-0.70724,16.36,1.8235
16.75,18.286,0,-0.72051,16.202,1.6381
16.75,18.214,0,-0.73286,16.052,1.4632
16.75,18.141,0,-0.73941,15.91,1.3078
16.75,18.067,0,-0.74959,15.774,1.1549
16.75,17.992,0,-0.76096,15.646,1.0103
16.75,17.916,0,-0.76612,15.526,0.88317
16.75,17.839,0,-0.77494,15.413,0.76266
16.75,17.762,0,-0.78765,15.308,0.65175
16.75,17.683,0,-0.79597,15.211,0.55574
16.75,17.603,0,-0.80365,15.121,0.47262
16.75,17.523,0,-0.80763,15.04,0.40141
16.75,17.442,0,-0.81737,14.967,0.34656
16.75,17.36,0,-0.83021,14.901,0.31138
16.75,17.277,0,-4.4,14.844,337.82
16.75,16.837,0,-0.68231,14.814,0
16.75,16.769,0,-4.4,14.808,660.13
16.75,16.329,0,-4.4,14.828,1955.3
16.75,15.889,0,-0.36545,14.892,0
16.75,15.853,0,-0.39862,14.98,0
16.75,15.813,0,-4.4,15.072,0
16.75,15.373,0,-0.27306,15.188,0
16.75,15.345,0,-0.31283,15.327,0
16.75,15.314,0,-0.35213,15.469,0
16.75,15.279,0,-4.4,15.614,0
16.75,14.839,0,-0.24797,15.783,0.23178
16.75,14.814,0,-0.29902,15.975,0.68066
16.75,14.784,0,-0.35754,16.17,1.2618
16.75,14.749,0,-4.4,16.369,0
16.75,14.309,0,-0.28472,16.591,2.3611
13.498,14.28,-1.7377,-0.34748,12.151,15.525
13.498,14.245,0,-4.4,12.074,270.35
13.498,13.805,0,-0.29229,12.022,0.067983
13.498,13.776,0,-0.36583,11.992,0
13.498,13.74,0,-4.4,11.966,475.53
13.498,13.3,0,-0.31237,11.964,0
13.498,13.268,0,-0.3953,11.986,0
13.498,13.229,0,-4.4,12.011,1200.8
13.498,12.789,0,-0.36948,12.06,0
13.498,12.752,0,-4.4,12.133,0
13.498,12.312,0,-0.38595,12.229,0
13.498,12.273,0,-0.49497,12.35,0.35601
13.498,12.224,0,-4.4,12.475,0
13.498,11.784,0,-5.2,12.624,0
13.498,11.264,0,-0.44293,12.822,3.2392
13.498,11.219,0,-0.5838,13.047,5.3781
13.498,11.161,0,-5.2,13.278,0
13.498,10.641,0,-0.67519,13.538,11.87
8.6119,10.574,-4.5166,-5.2,10.167,2.5855
8.6119,10.054,0,-5.2,9.9966,386.85
8.6119,9.5335,0,-0.7487,9.8785,0.55665
8.6119,9.4587,0,-5.2,9.79,385.63
8.6119,8.9387,0,-5.2,9.7314,384.56
8.6119,8.4187,0,-5.2,9.7247,383.5
8.6119,7.8987,0,-0.77679,9.77,1.0832
8.6119,7.821,0,-5.2,9.8452,382.27
8.6119,7.301,0,-5.2,9.9503,381.21
4.7423,6.781,-3.6698,-5.2,8.3048,0.96381
4.7423,6.261,0,-5.2,8.1269,18.54
4.7423,5.741,0,-0.57722,8.0011,0.85514
4.7423,5.6833,0,-8.8,7.9041,9.791
4.7423,4.8033,0,-0.43823,7.854,0
4.7423,4.7594,0,-0.52679,7.8501,0
4.7423,4.7067,0,-8.8,7.851,7.7892
4.7423,3.8267,0,-0.34308,7.8986,0
4.7423,3.7924,0,-0.40725,7.9919,0
4.7423,3.7517,0,-8.8,8.0889,5.8314
4.7423,2.8717,0,-0.23156,8.232,0.024516
1.572,2.8486,-2.1397,-0.28066,6.4807,7.5584
1.572,2.8205,0,-8.8,6.3545,0
1.572,1.9405,0,-0.1195,6.2736,0.51329
1.572,1.9285,0,-0.14577,6.2374,0.42656
1.572,1.914,0,-0.16876,6.2025,0.34638
0.75816,1.8971,-1.0114,-8.8,5.9208,0
0.75816,1.0171,0,-0.030719,5.8509,0.48882
0.75816,1.014,0,-0.038613,5.8252,0.46176
0.75816,1.0102,0,-0.044083,5.7998,0.43937
0.75816,1.0058,0,-0.047362,5.7748,0.42141
0.75816,1.001,0,-0.04933,5.7503,0.40606
0.43742,0.99608,0.13487,-0.049957,5.6198,0.77499
0.43742,0.99109,0,-0.049623,5.5642,1.1477
0.43742,0.98612,0,-0.048392,5.5091,1.1389
0.43742,0.98128,0,-8.8,5.4544,0
0.43742,0.10128,0,0.32359,5.444,0.052931
0.53982,0.13364,0.34945,0.34945,5.4864,0
0.53982,0.16859,0,0.3669,5.5253,0.093566
0.53982,0.20528,0,0.37243,5.5606,0.20232
0.53982,0.24252,0,0.36855,5.5922,0.28507
0.53982,0.27938,0,0.36628,5.6201,0.3729
0.53982,0.316,0,0.38037,5.6443,0.51557
0.53982,0.35404,0,0.43952,5.6647,0.82814
0.53982,0.39799,0,0.57054,5.6811,1.4804
0.53982,0.45505,0,0.77508,5.6925,2.6284
0.53982,0.53255,0,1.0376,5.6971,4.3749
0.53982,0.63631,0,1.2764,5.6926,6.3265
0.53982,0.76396,0,1.4444,5.6766,8.0709
0.53982,0.9084,0,4.6537,5.6469,39.639
0.53982,1.3738,0,0.39276,5.5868,3.9119
0.53982,1.413,0,1.0515,5.5014,8.1886
0.53982,1.5182,0,1.0788,5.4089,8.861
0.53982,1.6261,0,0.97104,5.3056,8.5738
0.53982,1.7232,0,0.91728,5.1922,8.6277
2.0441,1.8149,0.9742,0.90351,6.0463,0
2.0441,1.9053,0,0.87068,6.0647,2.9327
2.0441,1.9923,0,0.8659,6.0742,3.2242
2.0441,2.0789,0,0.84991,6.0751,3.4564
2.0441,2.1639,0,0.89402,6.0673,4.0256
2.0441,2.2533,0,0.93393,6.0509,4.6083
2.0441,2.3467,0,0.91937,6.0253,4.8912
2.0441,2.4386,0,0.9076,5.9905,5.1881
2.0441,2.5294,0,0.86483,5.9465,5.2904
2.0441,2.6159,0,-8.8,5.8936,0
2.0441,1.7359,0,4.9,5.8804,38.016
2.0441,2.2259,0,2.5014,5.8868,16.546
2.0441,2.476,0,1.5204,5.8561,9.6047
2.0441,2.6281,0,1.0602,5.8053,6.9717
2.0441,2.7341,0,0.71326,5.7416,5.1843
2.0441,2.8054,0,0.44837,5.669,3.9449
2.0441,2.8502,0,0.2402,5.5907,3.0482
2.0441,2.8743,0,0.031962,5.5089,2.2089
2.0441,2.8775,0,-0.017549,5.4257,2.0234
2.0441,2.8757,0,-0.042824,5.3424,1.9226
2.0441,2.8714,0,-0.072064,5.2595,1.8031
2.0441,2.8642,0,-0.10808,5.1771,1.6562
2.0441,2.8534,0,-0.14625,5.0957,1.4995
2.0441,2.8388,0,-0.18959,5.0155,1.3254
2.0441,2.8198,0,-8.8,4.9369,0
2.0441,1.9398,0,-0.062707,4.9034,0
2.0441,1.9335,0,-0.098957,4.9141,0
2.0441,1.9237,0,-0.1352,4.9257,0
2.0441,1.9101,0,-0.17471,4.9384,0
2.0441,1.8927,0,-0.21692,4.9527,0
2.0441,1.871,0,-8.8,4.9689,0
2.0441,0.99097,0,-0.082128,5.0302,0
2.0441,0.98276,0,-0.1057,5.1359,0
2.0441,0.97219,0,-8.8,5.2426,0
2.0441,0.092186,0,-2.3765,5.3938,0
2.0441,0,0,-2.3955,5.6009,0
2.0441,0,0,-2.4722,5.8173,0
2.0441,0,0,-2.4079,6.0341,0
2.0441,0,0,-8.8,6.2505,0
2.0441,0,0,-8.8,6.4989,0
2.0441,0,0,-8.8,6.7473,0
2.0441,0,0,-8.8,6.9957,0
2.0441,0,0,-8.8,7.2442,0
2.0441,0,0,-8.8,7.4926,0
2.0441,0,0,-8.8,7.741,0
2.0441,0,0,-8.8,7.9894,0
2.0441,0,0,-8.8,8.2378,0
2.0441,0,0,-8.8,8.4862,0
2.0441,0,0,-8.8,8.7346,0
2.0441,0,0,-8.8,8.9831,0
2.0441,0,0,-8.8,9.2315,0
2.0441,0,0,-10.066,9.4799,0
2.0441,0,0,-15.804,9.7346,0
2.0441,0,0,-37.324,10.018,0
2.0441,0,0,-591.96,10.409,0
2.0441,0,0,-8.8,13.573,0
2.0441,0,0,-8.8,13.822,0
-4.1319,0,1.316,-8.8,1.7647,0
-4.1319,0,0,-8.8,1.3955,0
-4.1319,0,0,-8.8,1.0264,0
-4.1319,0,0,-8.8,0.65716,0
-4.1319,0,0,-14.708,0.28797,0
-4.1319,0,0,-45.817,-0.051685,0
-4.1319,0,0,-430.83,-0.23579,0
-4.1319,0,0,-8.8,1.5052,0
-4.1319,0,0,-8.8,1.136,0
-4.1319,0,0,-8.8,0.76677,0
-4.1319,0,0,-8.8,0.39758,0
-4.1319,0,0,-8.8,0.028387,0
-4.1319,0,0,-8.8,-0.34081,0
-4.1319,0,0,-8.8,-0.71,0
-4.1319,0,0,-12.275,-1.0792,0
-4.1319,0,0,-61.693,-1.431,0
-4.1319,0,0,-18.054,-1.5357,0
-4.1319,0,0,-260.12,-1.8587,0
-4.1319,0,0,-8.8,-0.97123,0
-4.1319,0,0,-8.8,-1.3404,0
