10,10,1.3698,0,35.5,0.97011
10,10,0,6.7,35.5,60.872
10,10.67,0,6.7,35.466,65.492
10,11.34,0,-0.055207,35.366,3.4315
10,11.334,0,-0.046323,35.232,3.4546
10,11.33,0,-0.037203,35.099,3.4818
10,11.326,0,-0.027914,34.966,3.513
10,11.323,0,-0.019536,34.834,3.5432
10,11.321,0,-0.011373,34.702,3.5754
11.27,11.32,1.2565,-0.0030316,35.119,0.6213
11.27,11.32,0,0.064118,35.114,0.25704
11.519,11.326,1.1217,0.1711,35.135,0
11.519,11.343,0,0.25237,35.153,0.23734
11.519,11.369,0,0.31804,35.169,0.50275
11.519,11.401,0,0.38417,35.183,0.81439
11.519,11.439,0,0.43918,35.193,1.1295
12.046,11.483,0.92199,0.49043,35.332,0
12.046,11.532,0,0.52244,35.385,0.21982
12.046,11.584,0,0.5467,35.434,0.44574
12.046,11.639,0,0.57038,35.478,0.68664
12.046,11.696,0,0.59533,35.516,0.94979
12.046,11.755,0,0.62833,35.548,1.2653
12.046,11.818,0,0.65019,35.574,1.5564
12.046,11.883,0,0.68065,35.593,1.9045
12.046,11.951,0,0.71129,35.606,2.2773
12.927,12.022,1.0148,0.74234,36.019,0
12.927,12.097,0,0.75066,36.106,0.15547
12.927,12.172,0,0.77208,36.185,0.45207
12.927,12.249,0,0.79006,36.257,0.7543
12.927,12.328,0,0.79036,36.32,0.99802
12.927,12.407,0,0.78074,36.376,1.2039
12.927,12.485,0,0.77591,36.425,1.4313
12.927,12.563,0,0.76306,36.465,1.6242
12.927,12.639,0,0.73386,36.497,1.7392
12.927,12.712,0,0.69229,36.523,1.7879
12.927,12.782,0,0.65755,36.541,1.8544
12.927,12.847,0,0.63098,36.552,1.9472
12.927,12.91,0,0.59168,36.557,1.9727
12.927,12.97,0,0.55513,36.555,1.9983
13.726,13.025,0.05274,0.51901,37.289,0
13.726,13.077,0,0.47767,37.357,0
13.726,13.125,0,0.4483,37.419,0
13.739,13.17,0.071896,0.41583,37.486,0
13.749,13.211,0.084424,0.39132,37.534,0
13.749,13.25,0,0.36054,37.586,0
13.749,13.286,0,0.33273,37.634,0
13.749,13.32,0,0.31734,37.678,0
13.749,13.351,0,0.30855,37.72,0
13.749,13.382,0,0.31101,37.758,0
13.749,13.413,0,0.30686,37.793,0.0061467
13.749,13.444,0,0.30983,37.825,0.0884
13.749,13.475,0,0.32014,37.854,0.19465
13.749,13.507,0,0.33181,37.88,0.31062
14.039,13.54,0.58114,0.35142,37.968,0
14.039,13.575,0,0.36078,38.016,0
14.039,13.611,0,0.38006,38.061,0
14.039,13.649,0,0.38829,38.102,0.11343
14.039,13.688,0,0.39065,38.139,0.21902
14.039,13.727,0,0.38996,38.172,0.31738
14.039,13.766,0,0.38459,38.201,0.40164
14.039,13.805,0,0.38248,38.226,0.49621
14.039,13.843,0,0.37216,38.248,0.56345
14.039,13.88,0,0.36404,38.265,0.63574
14.039,13.917,0,0.35753,38.279,0.71183
14.039,13.952,0,0.35049,38.29,0.78483
14.039,13.987,0,0.35316,38.297,0.89102
14.039,14.023,0,0.35992,38.3,1.0147
14.039,14.059,0,0.36627,38.3,1.1411
14.039,14.095,0,0.3731,38.296,1.2734
14.039,14.133,0,0.37311,38.288,1.3832
14.039,14.17,0,0.37667,38.277,1.5085
14.772,14.208,0.44998,0.37545,38.939,0
14.772,14.245,0,0.38164,38.993,0
14.853,14.283,0.36835,0.37667,39.052,0
14.853,14.321,0,0.37485,39.108,0
14.853,14.359,0,0.36537,39.159,0
14.853,14.395,0,0.36396,39.206,0
14.853,14.431,0,0.35588,39.25,0
14.853,14.467,0,0.3457,39.291,0
14.853,14.502,0,0.33754,39.328,0.056257
15.056,14.535,0.36093,0.33759,39.438,0
15.056,14.569,0,0.34181,39.488,0
15.056,14.603,0,0.34306,39.536,0
15.056,14.638,0,0.34215,39.579,0
15.056,14.672,0,0.33387,39.619,0
15.056,14.705,0,0.31603,39.656,0
15.056,14.737,0,0.29126,39.69,0.0018032
15.056,14.766,0,0.27771,39.72,0.033461
15.056,14.794,0,0.26454,39.748,0.062974
15.056,14.82,0,0.24301,39.773,0.066462
15.056,14.844,0,0.22876,39.795,0.08486
15.056,14.867,0,0.21843,39.815,0.11054
15.056,14.889,0,0.19947,39.833,0.11057
15.206,14.909,-0.058464,0.18679,40.014,0
15.206,14.928,0,0.16698,40.043,0
15.206,14.944,0,0.14825,40.07,0
15.206,14.959,0,0.12477,40.095,0
15.206,14.972,0,0.11174,40.119,0
15.206,14.983,0,0.090691,40.142,0
15.206,14.992,0,0.076164,40.164,0
15.206,15,0,0.070885,40.185,0
15.206,15.007,0,0.065642,40.205,0
15.206,15.013,0,0.048056,40.225,0
15.206,15.018,0,0.039336,40.244,0
15.206,15.022,0,0.032402,40.263,0
15.065,15.025,0.039903,0.024576,40.183,0
15.065,15.028,0,0.025041,40.186,0
15.065,15.03,0,0.035306,40.19,0.0043938
15.065,15.034,0,0.034853,40.193,0.010801
15.065,15.037,0,0.036225,40.196,0.021157
15.065,15.041,0,0.044483,40.199,0.047328
15.065,15.045,0,0.046034,40.201,0.06035
15.065,15.05,0,0.056736,40.203,0.095044
15.166,15.056,0.14864,0.068898,40.233,0
15.166,15.063,0,0.070539,40.243,0
15.166,15.07,0,0.079608,40.253,0
15.166,15.078,0,0.080917,40.263,0
15.166,15.086,0,0.082782,40.271,0.013038
15.166,15.094,0,0.081851,40.279,0.028745
15.166,15.102,0,0.083268,40.286,0.049822
15.166,15.11,0,0.091469,40.292,0.087641
15.166,15.12,0,0.095258,40.297,0.11713
15.166,15.129,0,0.099767,40.301,0.1496
15.294,15.139,-0.0041261,0.095972,40.387,0
15.294,15.149,0,0.094932,40.402,0
15.294,15.158,0,0.084722,40.416,0
15.294,15.167,0,0.082654,40.429,0
15.296,15.175,0.10024,0.074974,40.432,0
15.296,15.182,0,0.074275,40.444,0
15.296,15.19,0,0.074848,40.455,0
15.296,15.197,0,0.07941,40.465,0
15.296,15.205,0,0.092784,40.475,0.013691
15.296,15.215,0,0.1013,40.484,0.054152
15.296,15.225,0,0.10742,40.491,0.091402
15.296,15.235,0,0.10684,40.498,0.11392
15.296,15.246,0,0.10366,40.504,0.12991
15.296,15.256,0,0.091159,40.508,0.12215
15.296,15.266,0,0.079626,40.512,0.11423
15.296,15.274,0,0.063863,40.514,0.093986
15.296,15.28,0,0.043398,40.516,0.060287
15.296,15.284,0,0.036476,40.518,0.053851
15.296,15.288,0,0.0213,40.519,0.027846
15.296,15.29,0,0.003423,40.52,0
15.296,15.29,0,-0.0014254,40.52,0
15.296,15.29,0,-0.0021439,40.521,0
15.296,15.29,0,-0.0031162,40.521,0
15.296,15.29,0,-0.0031889,40.522,0
15.296,15.289,0,-0.00421,40.523,0
15.296,15.289,0,-0.0048831,40.524,0
15.296,15.288,0,-0.0063336,40.524,0
15.296,15.288,0,-0.0078715,40.525,0
15.296,15.287,0,-0.010015,40.526,0
15.296,15.286,0,-0.012121,40.527,0
15.05,15.285,-0.58524,-0.015367,40.522,2.9541
15.05,15.283,0,-0.019278,40.499,0.45882
15.05,15.281,0,-0.023218,40.476,0.44439
15.05,15.279,0,-0.028702,40.453,0.42532
15.05,15.276,0,-0.034531,40.43,0.40437
14.649,15.273,-1.1634,-0.041162,40.328,9.5777
14.649,15.269,0,-0.04834,40.266,1.3219
14.649,15.264,0,-0.056058,40.205,1.2841
14.649,15.258,0,-0.063849,40.143,1.2445
14.649,15.252,0,-0.072478,40.083,1.2007
14.649,15.245,0,-0.082006,40.023,1.1526
14.649,15.236,0,-0.091319,39.964,1.1035
14.649,15.227,0,-0.099948,39.906,1.055
14.649,15.217,0,-0.10942,39.848,1.0026
14.649,15.206,0,-0.11917,39.792,0.94814
14.649,15.194,0,-0.12937,39.737,0.89115
14.649,15.181,0,-0.13989,39.683,0.83207
14.649,15.167,0,-0.15059,39.631,0.77146
12.881,15.152,-1.3723,-0.16057,38.493,21.141
12.881,15.136,0,-0.17017,38.267,6.0862
12.881,15.119,0,-0.18015,38.042,5.9652
12.881,15.101,0,-0.19003,37.819,5.842
12.881,15.082,0,-0.20067,37.598,5.7119
12.881,15.062,0,-0.21296,37.379,5.5701
12.881,15.041,0,-0.22608,37.162,5.4208
12.881,15.018,0,-0.23949,36.947,5.267
11.685,14.994,-1.9645,-0.25498,36.289,39.335
11.685,14.969,0,-0.27146,35.96,9.6422
11.685,14.942,0,-0.29046,35.632,9.3977
11.685,14.913,0,-0.31063,35.308,9.14
11.685,14.882,0,-0.33191,34.987,8.8696
11.685,14.848,0,-0.35481,34.669,8.5832
11.685,14.813,0,-0.3785,34.354,8.2864
11.685,14.775,0,-0.40472,34.043,7.9688
9.8253,14.735,-2.9571,-0.43396,33.007,81.361
9.8253,14.691,0,-0.46577,32.518,15.528
9.8253,14.645,0,-0.50105,32.034,15.022
9.8253,14.595,0,-0.53771,31.555,14.494
9.8253,14.541,0,-0.57705,31.08,13.935
9.8253,14.483,0,-0.61916,30.612,13.346
9.8253,14.421,0,-0.66333,30.149,12.733
9.8253,14.355,0,-0.7111,29.693,12.085
9.8253,14.284,0,-0.7613,29.243,11.414
9.8253,14.208,0,-0.81562,28.801,10.71
9.8253,14.126,0,-0.87523,28.367,9.9686
9.8253,14.038,0,-0.93989,27.942,9.1968
9.8253,13.944,0,-1.0084,27.525,8.4075
9.8253,13.844,0,-1.0829,27.118,7.5967
9.8253,13.735,0,-1.1589,26.722,6.7984
9.8253,13.619,0,-1.2371,26.337,6.0179
9.8253,13.496,0,-1.3164,25.963,5.2727
9.8253,13.364,0,-1.3938,25.603,4.5859
9.8253,13.225,0,-1.4707,25.256,3.9637
9.8253,13.078,0,-1.5453,24.923,3.4246
9.8253,12.923,0,-1.6219,24.606,2.9742
9.8253,12.761,0,-1.697,24.304,2.6395
9.8253,12.591,0,-1.7718,24.019,2.4408
9.8253,12.414,0,-1.8422,23.751,2.3991
9.8253,12.23,0,-1.9173,23.502,2.5558
4.6347,12.038,0.12366,-1.9905,14.736,14.876
4.6347,11.839,0,-2.0667,14.005,14.467
4.6347,11.632,0,-2.1401,13.295,13.066
4.6347,11.418,0,-2.2118,12.606,11.72
4.6347,11.197,0,-2.2872,11.939,10.41
4.6347,10.968,0,-2.3615,11.294,9.179
4.6347,10.732,0,-2.4364,10.672,8.0353
4.6347,10.489,0,-5.2,10.075,25.71
4.6347,9.9687,0,-5.2,9.5154,24.644
4.6372,9.4487,-0.35789,-5.2,9.0462,19.421
4.6372,8.9287,0,-5.2,8.591,22.545
4.6372,8.4087,0,-5.2,8.1879,21.479
4.6372,7.8887,0,-5.2,7.8367,20.413
4.6372,7.3687,0,-5.2,7.5376,19.347
4.6372,6.8487,0,-5.2,7.2904,18.281
4.4287,6.3287,-0.31256,-5.2,7.0273,11.11
4.4287,5.8087,0,-8.8,6.8633,5.9542
4.4287,4.9287,0,-8.8,6.7693,4.1502
4.4287,4.0487,0,-8.8,6.7633,2.3462
4.3,3.1687,-0.31477,1.9554,6.8133,8.4261
4.3,3.3642,0,1.4429,6.9166,3.1412
4.3,3.5085,0,1.0931,7.003,1.7691
4.3,3.6178,0,0.82064,7.0767,0.86923
4.3,3.6999,0,0.58375,7.1408,0.19727
4.3,3.7583,0,0.38913,7.1979,0
4.3,3.7972,0,0.21023,7.2501,0
4.3,3.8182,0,0.063905,7.2993,0
4.3,3.8246,0,-0.013621,7.3472,0
4.3,3.8232,0,-0.036138,7.3948,0
4.3,3.8196,0,-0.061313,7.4427,0
4.3,3.8135,0,-0.080829,7.491,0
4.3,3.8054,0,-0.093351,7.5401,0
4.3,3.7961,0,-0.10152,7.59,0
4.3,3.7859,0,-0.10897,7.6409,0
4.3,3.775,0,-0.10667,7.6928,0
4.3,3.7644,0,-0.10448,7.7459,0
4.3,3.7539,0,-0.10569,7.8,0
4.3,3.7433,0,-0.10234,7.8551,0
4.3,3.7331,0,-8.8,7.9113,0.23979
4.3,2.8531,0,1.0206,8.012,0
4.3,2.9552,0,0.68907,8.1516,0
4.3,3.0241,0,0.43946,8.2826,0
4.3,3.068,0,0.21599,8.408,0
4.3,3.0896,0,-0.0027772,8.5301,0
2.9624,3.0893,-1.1529,-0.027205,6.9401,6.9791
2.9624,3.0866,0,-0.05068,6.9276,0.14836
2.7164,3.0816,-1.2345,-0.078956,6.8926,8.6661
2.7164,3.0737,0,-0.10297,6.8565,0.5287
2.7164,3.0634,0,-0.13047,6.8213,0.44095
2.7164,3.0503,0,-0.15874,6.7872,0.35109
2.7164,3.0344,0,-0.19057,6.7546,0.25479
2.7164,3.0154,0,-0.21933,6.7238,0.16592
2.7164,2.9935,0,-8.8,6.695,0
2.7164,2.1135,0,-0.057477,6.7113,0
1.6198,2.1077,-1.5824,-0.079712,6.3699,5.0639
1.6198,2.0997,0,-0.10588,6.3215,0.80158
1.6198,2.0891,0,-0.13273,6.274,0.706
1.6198,2.0759,0,-0.16269,6.2278,0.60187
1.6198,2.0596,0,-0.19706,6.183,0.48819
1.6198,2.0399,0,-8.8,6.14,0
1.6198,1.1599,0,-0.06416,6.142,0
1.6198,1.1535,0,-0.08591,6.1883,0
1.6198,1.1449,0,-0.11086,6.2354,0
1.6198,1.1338,0,-8.8,6.2834,0
1.6198,0.2538,0,-2.6628,6.376,0
1.6198,0,0,-2.7079,6.5259,0
1.6198,0,0,-2.8008,6.7015,0
1.6198,0,0,-2.9122,6.8774,0
-1.5164,0,-2.9298,-2.9298,5.1077,4.9957
-1.5164,0,0,-8.8,4.9707,0
-1.5164,0,0,-8.8,4.8631,0
-1.5164,0,0,-8.8,4.7555,0
-1.5164,0,0,-8.8,4.6478,0
-2.9807,0,-3.0477,-8.8,4.1681,0
-2.9807,0,0,-8.8,3.9141,0
-2.9807,0,0,-8.8,3.66,0
-2.9807,0,0,-8.8,3.4059,0
-2.9807,0,0,-8.8,3.1518,0
-2.9807,0,0,-8.8,2.8978,0
-2.9807,0,0,-8.8,2.6437,0
-2.9807,0,0,-11.28,2.3896,0
-2.9807,0,0,-15.92,2.148,0
-2.9807,0,0,-27.588,1.9295,0
-2.9807,0,0,-87.773,1.7693,0
-6.3707,0,-2.7215,-554.16,0.0368,0
-6.6492,0,-2.5994,-12.874,2.1515,0
-6.6492,0,0,-18.02,1.551,0
-6.6492,0,0,-30.009,0.97617,0
-6.6492,0,0,-81.441,0.46129,0
-6.6492,0,0,-3389.4,0.20357,0
-6.6492,0,0,-1.7101,16.486,11.925
-6.6492,0,0,-1.5208,15.829,12.323
-6.6492,0,0,-1.3463,15.172,12.689
-6.6492,0,0,-1.1522,14.514,13.097
-6.6492,0,0,-0.93143,13.854,13.561
-6.6492,0,0,-0.60279,13.194,14.251
-6.6492,0,0,-0.1901,12.532,15.119
-6.6492,0,0,0.23132,11.868,16.004
-6.6492,0.023132,0,0.58525,11.202,16.795
-6.6492,0.081657,0,0.80644,10.532,17.38
-6.6492,0.1623,0,0.97255,9.855,17.894
-6.6492,0.25956,0,1.0129,9.1689,18.178
-6.6492,0.36084,0,0.99807,8.473,18.355
-6.6492,0.46065,0,0.92432,7.767,18.405
-6.6492,0.55308,0,-8.8,7.0514,0
-7.881,0,0.77366,-8.8,3.6563,0
-7.881,0,0,-9.6799,2.9122,0
-7.7311,0,0.70909,-12.935,2.1903,0
-7.7311,0,0,-19.114,1.4819,0
-7.7311,0,0,-34.852,0.80436,0
-7.7311,0,0,-123.98,0.20551,0
-7.7311,0,0,-310.41,0.052307,0
-7.7311,0,0,-29.005,0.83123,0
-7.7311,0,0,-82.215,0.20315,0
-7.7311,0,0,-2011.3,-0.15889,0
-7.7311,0,0,0.97934,9.1244,19.794
-7.7311,0.097934,0,0.95791,8.3464,19.949
-7.7311,0.19373,0,0.9512,7.5587,20.132
-7.7311,0.28885,0,0.93377,6.7615,20.29
-7.7311,0.38222,0,0.86657,5.9548,20.34
-7.7311,0.46888,0,0.85537,5.1392,20.494
-7.7311,0.55442,0,-8.8,4.3149,0.38139
-7.7311,0,0,-8.8,3.5303,0
-7.7311,0,0,-8.8,2.8012,0
-7.7311,0,0,-8.8,2.0721,0
-7.7311,0,0,-8.8,1.343,0
-7.7311,0,0,-8.8,0.61388,0
-7.7311,0,0,-9.7318,-0.11523,0
-7.7311,0,0,-14.625,-0.83968,0
-7.7311,0,0,-27.686,-1.5397,0
-7.7311,0,0,-120.32,-2.1743,0
-7.7311,0,0,-83.813,-2.3459,0
-7.7311,0,0,-287.07,-2.6999,0
-7.7311,0,0,-13.812,-2.0377,0
-7.7311,0,0,-26.151,-2.7417,0
-7.7311,0,0,-120.99,-3.3841,0
-7.7311,0,0,-60.511,-3.5523,0
-7.7311,0,0,-1807.7,-4.0228,0
-7.7311,0,0,1.0083,4.2424,19.855
-7.7311,0.10083,0,1.037,3.4643,20.122
-7.7311,0.20454,0,1.0805,2.6759,20.426
-7.7311,0.31259,0,1.0871,1.8769,20.661
-7.7311,0.4213,0,1.0611,1.0671,20.829
-7.7311,0.52741,0,1.0342,0.24659,20.99
-7.7311,0.63083,0,1.0227,-0.58444,21.178
-7.7311,0.7331,0,-8.8,-1.4257,0.74768
-7.7311,0,0,-8.8,-2.2282,0
-7.7311,0,0,-8.8,-2.9573,0
-7.7311,0,0,-8.8,-3.6864,0
-7.7311,0,0,-8.8,-4.4155,0
-7.7311,0,0,-8.8,-5.1446,0
-7.7311,0,0,-8.8,-5.8737,0
-7.7311,0,0,-8.8,-6.6028,0
-7.7311,0,0,-8.8,-7.3319,0
-7.7311,0,0,-8.8,-8.061,0
-7.7311,0,0,-8.8,-8.7902,0
-7.7311,0,0,-8.8,-9.5193,0
-7.7311,0,0,-8.8,-10.248,0
-7.7311,0,0,-8.8,-10.977,0
-7.7311,0,0,-8.8,-11.707,0
-7.7311,0,0,-8.8,-12.436,0
-7.7311,0,0,-8.8,-13.165,0
-7.7311,0,0,-13.89,-13.894,0
-7.7311,0,0,-62.937,-14.598,0
-7.7311,0,0,-24.312,-15.056,0
-7.7311,0,0,-830.24,-15.708,0
-7.7311,0,0,-8.8,-12.33,0
-7.7311,0,0,-8.8,-13.059,0
-7.7311,0,0,-8.8,-13.788,0
-1.9645,0,0.68956,-8.8,3.4409,0
-1.9645,0,0,-8.8,3.2885,0
-1.9645,0,0,-8.8,3.136,0
-1.9645,0,0,-8.8,2.9836,0
-1.9645,0,0,-8.8,2.8311,0
-1.9645,0,0,-8.8,2.6787,0
-1.6798,0,0.36628,-8.8,2.6244,0
-1.6798,0,0,-8.8,2.5004,0
-1.6798,0,0,-8.8,2.3764,0
-1.6798,0,0,-8.8,2.2524,0
-1.6798,0,0,-8.8,2.1284,0
-1.6798,0,0,-8.8,2.0044,0
-1.6798,0,0,-8.8,1.8805,0
-1.6798,0,0,-8.8,1.7565,0
-1.6798,0,0,-8.8,1.6325,0
-1.6798,0,0,-8.8,1.5085,0
-1.6798,0,0,-8.8,1.3845,0
-1.6798,0,0,-8.8,1.2605,0
-1.6798,0,0,-8.8,1.1365,0
-1.1315,0,0.78104,-8.8,1.3461,0
-1.1315,0,0,-8.8,1.277,0
-1.1315,0,0,-8.8,1.2078,0
-1.1315,0,0,-8.8,1.1387,0
-1.1315,0,0,-8.8,1.0695,0
-1.1315,0,0,-8.8,1.0004,0
-1.1315,0,0,-8.8,0.9312,0
-1.1315,0,0,-8.8,0.86205,0
-1.1315,0,0,-8.8,0.7929,0
-1.1315,0,0,-8.8,0.72375,0
-1.1315,0,0,-8.8,0.6546,0
-1.1315,0,0,-8.8,0.58545,0
-1.1315,0,0,-8.8,0.5163,0
-1.1315,0,0,-8.8,0.44715,0
-1.1315,0,0,-8.8,0.378,0
-1.1315,0,0,-8.8,0.30885,0
-1.1315,0,0,-8.8,0.2397,0
0.74199,0,1.0902,-8.8,1.724,0
0.74199,0,0,-8.8,1.8422,0
0.74199,0,0,-8.8,1.9604,0
0.74199,0,0,-8.8,2.0786,0
0.74199,0,0,-8.8,2.1968,0
0.74199,0,0,-8.8,2.315,0
0.74199,0,0,-8.8,2.4332,0
0.74199,0,0,-8.8,2.5514,0
0.74199,0,0,-8.8,2.6696,0
0.74199,0,0,-8.8,2.7878,0
0.74199,0,0,-8.8,2.906,0
0.74199,0,0,-8.8,3.0242,0
0.74199,0,0,-8.8,3.1424,0
0.74199,0,0,-8.8,3.2606,0
0.74199,0,0,-8.8,3.3788,0
0.74199,0,0,-8.8,3.497,0
1.9302,0,0.45061,-8.8,4.8092,0
1.9302,0,0,0.56123,5.0462,0
1.9302,0.056123,0,0.67883,5.2364,0
1.9302,0.12401,0,0.82282,5.4204,0
1.9302,0.20629,0,0.92376,5.5969,0
1.9302,0.29866,0,0.98367,5.7647,0
1.9302,0.39703,0,1.0333,5.9229,0
1.9302,0.50036,0,0.99069,6.0711,0
2.5787,0.59943,1.0134,1.0134,6.4245,0
2.6874,0.70077,1.0411,1.0411,6.6147,0
2.6874,0.80489,0,1.0513,6.8081,0
2.6874,0.91002,0,4.9,6.9911,28.765
2.6874,1.4,0,4.9,7.1444,31.81
2.6874,1.89,0,4.9,7.2486,34.897
2.6874,2.38,0,2.4589,7.3038,13.559
