31.944,31.944,-1.8268,0,35.5,15.904
31.944,31.944,0,-0.033206,35.5,0
31.944,31.941,0,-0.066421,35.5,0
31.944,31.934,0,-0.098941,35.501,0
31.944,31.925,0,-0.1313,35.502,0
31.944,31.911,0,-0.16125,35.505,0
31.944,31.895,0,-0.19201,35.509,0
31.944,31.876,0,-0.21945,35.515,0
31.944,31.854,0,-0.24419,35.523,0
31.944,31.83,0,-0.26357,35.533,0
31.944,31.803,0,-0.27764,35.546,0
31.944,31.776,0,-0.28994,35.561,0
31.944,31.747,0,-0.29656,35.58,0
30.127,31.717,-0.50869,-0.30351,34.197,6.0783
30.071,31.687,-0.47994,-0.31038,34.043,5.9316
30.071,31.656,0,-0.31555,33.883,3.0672
29.973,31.624,-0.5026,-0.32142,33.726,6.1728
29.92,31.592,-0.48916,-0.3277,33.556,6.1174
29.881,31.559,-0.50927,-0.3315,33.378,6.2682
29.881,31.526,0,-0.33577,33.212,3.1656
29.881,31.492,0,-0.3423,33.049,3.0372
29.881,31.458,0,-0.34869,32.89,2.9095
29.881,31.423,0,-0.35354,32.734,2.788
29.881,31.388,0,-0.35904,32.581,2.6645
29.881,31.352,0,-0.36385,32.432,2.5441
29.881,31.316,0,-0.36929,32.287,2.422
29.478,31.279,-0.52872,-0.37764,32.003,6.6304
29.478,31.241,0,-0.38267,31.825,3.331
29.478,31.203,0,-0.38746,31.65,3.1947
29.478,31.164,0,-0.39214,31.48,3.0595
29.478,31.125,0,-0.39871,31.313,2.9177
29.478,31.085,0,-0.40511,31.151,2.7772
29.478,31.044,0,-0.41355,30.992,2.63
29.478,31.003,0,-0.42054,30.837,2.489
29.478,30.961,0,-0.42783,30.687,2.348
29.478,30.918,0,-0.43705,30.541,2.202
29.478,30.874,0,-0.44528,30.399,2.0605
29.478,30.83,0,-0.45906,30.262,1.9038
29.478,30.784,0,-0.47611,30.129,1.74
29.478,30.736,0,-0.49258,30,1.5808
29.478,30.687,0,-0.51286,29.877,1.4158
29.478,30.636,0,-0.53727,29.759,1.2465
29.478,30.582,0,-0.56349,29.646,1.081
28.124,30.526,-1.4115,-0.58876,28.655,17.924
28.124,30.467,0,-0.61415,28.418,4.1458
28.124,30.406,0,-0.64452,28.186,3.8256
28.124,30.341,0,-0.67379,27.961,3.5146
28.124,30.274,0,-0.70079,27.743,3.2182
28.124,30.204,0,-0.72856,27.532,2.9265
28.124,30.131,0,-0.74909,27.327,2.6667
28.124,30.056,0,-0.76945,27.13,2.4162
27.114,29.979,-0.81048,-0.78287,26.51,11.067
27.114,29.901,0,-0.796,26.228,4.7524
27.114,29.821,0,-0.8082,25.953,4.4459
27.114,29.74,0,-0.82203,25.687,4.1386
27.114,29.658,0,-0.83485,25.428,3.842
27.114,29.575,0,-0.84595,25.178,3.5591
26.624,29.49,-0.80201,-0.85778,24.821,10.382
26.624,29.404,0,-0.86691,24.539,4.4236
26.624,29.317,0,-0.87659,24.265,4.12
26.624,29.23,0,-0.88621,24,3.8243
26.624,29.141,0,-0.89883,23.744,3.5261
26.624,29.051,0,-0.9085,23.497,3.2472
26.624,28.96,0,-0.92056,23.258,2.9706
26.624,28.868,0,-0.93107,23.029,2.7095
26.624,28.775,0,-0.94472,22.81,2.4517
26.624,28.681,0,-0.95219,22.599,2.2219
26.624,28.586,0,-0.96549,22.398,1.9924
26.624,28.489,0,-0.97669,22.207,1.7822
26.624,28.391,0,-0.98384,22.025,1.5939
26.624,28.293,0,-0.98865,21.854,1.4234
26.624,28.194,0,-0.99016,21.692,1.2709
26.624,28.095,0,-0.98916,21.54,1.1341
25.458,27.996,-0.50457,-0.99177,20.41,5.6449
25.458,27.897,0,-0.9891,20.162,3.0181
25.458,27.798,0,-0.98533,19.923,2.7855
25.458,27.7,0,-0.97956,19.694,2.5681
25.458,27.602,0,-0.97034,19.474,2.3689
25.458,27.505,0,-0.96778,19.265,2.1636
25.458,27.408,0,-0.96609,19.065,1.967
25.458,27.311,0,-0.958,18.875,1.7929
25.458,27.215,0,-2,18.695,3.7351
25.458,27.015,0,-2,18.529,4.2395
24.982,26.815,-0.47312,-2,18.118,2.0147
24.982,26.615,0,-2,17.945,4.0331
24.982,26.415,0,-2,17.791,4.61
24.982,26.215,0,-2,17.658,5.3127
24.982,26.015,0,-2,17.545,6.1526
24.982,25.815,0,-2,17.451,7.1424
24.982,25.615,0,-2,17.378,8.2965
24.982,25.415,0,-2,17.325,9.6312
24.982,25.215,0,-2,17.291,11.165
24.532,25.015,-0.55885,-2,17.101,4.8086
24.532,24.815,0,-2,17.063,10.765
24.414,24.615,-0.73361,-2,17.034,4.9664
24.414,24.415,0,-2,17.024,13.226
24.414,24.215,0,-2.9,17.034,55.142
24.414,23.925,0,0.031815,17.068,0
24.414,23.929,0,0.01618,17.117,0
24.414,23.93,0,-0.0074323,17.165,0
24.414,23.929,0,-0.064907,17.214,0
24.414,23.923,0,-0.11743,17.263,0
24.414,23.911,0,-0.16666,17.312,0
24.414,23.895,0,-2.9,17.364,67.851
24.414,23.605,0,-0.11591,17.43,0
23.258,23.593,-0.82386,-0.14911,16.871,4.1479
23.176,23.578,-0.78559,-0.17907,16.841,3.9551
23.176,23.56,0,-0.20436,16.801,0.35806
23.176,23.54,0,-2.9,16.764,38.591
23.176,23.25,0,-0.12667,16.742,0
23.176,23.237,0,-0.14624,16.735,0
23.176,23.222,0,-0.16416,16.73,0
23.176,23.206,0,-2.9,16.726,47.665
23.176,22.916,0,-0.060682,16.738,0
23.176,22.91,0,-0.068754,16.764,0
23.176,22.903,0,-0.075041,16.791,0
23.176,22.896,0,-0.083524,16.819,0
23.176,22.887,0,-0.092444,16.847,0
23.176,22.878,0,-0.10329,16.877,0
23.176,22.868,0,-0.11601,16.907,0
23.176,22.856,0,-2.9,16.939,59.621
23.176,22.566,0,-0.020174,16.985,0
23.176,22.564,0,-0.043434,17.046,0
23.176,22.56,0,-0.074458,17.108,0
23.176,22.552,0,-0.11264,17.17,0
23.176,22.541,0,-0.15917,17.233,0
23.176,22.525,0,-0.21014,17.297,0
21.897,22.504,-1.7085,-2.9,16.24,10.908
21.897,22.214,0,-0.21487,16.193,0.20725
21.897,22.193,0,-0.28374,16.163,0.05983
21.897,22.164,0,-2.9,16.135,41.013
21.897,21.874,0,-0.28698,16.123,0
21.897,21.845,0,-0.3321,16.126,0
21.897,21.812,0,-2.9,16.133,51.271
21.897,21.522,0,-0.26813,16.156,0
21.897,21.495,0,-2.9,16.195,62.841
21.897,21.205,0,-0.21901,16.25,0
21.897,21.184,0,-2.9,16.32,77.091
21.897,20.894,0,-0.20011,16.406,0
21.897,20.874,0,-0.2583,16.507,0
21.897,20.848,0,-2.9,16.611,96.734
21.897,20.558,0,-0.21326,16.73,0
21.897,20.536,0,-0.2393,16.865,0
21.897,20.512,0,-2.9,17.003,122.63
21.897,20.222,0,-0.13117,17.156,0
19.917,20.209,0.20799,-0.13131,15.161,0
19.917,20.196,0,-0.11328,15.132,0.33607
19.985,20.185,0.76302,-0.090262,15.108,0
19.985,20.176,0,-0.055561,15.088,0.27867
19.985,20.17,0,-0.0084725,15.069,0.37935
19.985,20.169,0,0.01204,15.051,0.42977
19.985,20.171,0,0.026968,15.032,0.4719
19.985,20.173,0,0.043025,15.014,0.5218
19.985,20.178,0,0.059024,14.995,0.57679
20.646,20.184,0.97239,0.074332,15.23,0
20.646,20.191,0,0.087586,15.276,0
20.646,20.2,0,0.10495,15.321,0
20.646,20.21,0,0.12098,15.365,0
20.646,20.222,0,0.13878,15.408,0
20.646,20.236,0,0.15806,15.45,0
20.646,20.252,0,0.17779,15.49,0
20.646,20.27,0,0.1967,15.528,0
20.646,20.289,0,0.21418,15.565,0
20.646,20.311,0,0.23144,15.6,0
20.646,20.334,0,0.24881,15.632,0
20.646,20.359,0,0.26371,15.662,0.0020592
20.646,20.385,0,0.27958,15.689,0.10856
20.646,20.413,0,0.29214,15.714,0.21298
20.646,20.442,0,0.30628,15.736,0.3285
20.646,20.473,0,0.32101,15.755,0.45317
20.646,20.505,0,0.33359,15.771,0.57841
20.646,20.539,0,0.34505,15.783,0.70657
20.646,20.573,0,0.35586,15.792,0.83885
20.646,20.609,0,0.36801,15.798,0.98227
20.646,20.645,0,0.37844,15.8,1.1262
20.646,20.683,0,0.38915,15.798,1.2775
20.646,20.722,0,0.40149,15.792,1.4419
20.646,20.762,0,0.41388,15.783,1.6141
20.646,20.804,0,0.4253,15.769,1.7898
20.646,20.846,0,0.43627,15.751,1.9709
20.646,20.89,0,0.44713,15.729,2.1587
20.646,20.935,0,0.45881,15.702,2.3577
23.459,20.98,0.89373,0.47234,19.849,0.77572
23.459,21.028,0,0.48363,20.094,0
23.459,21.076,0,0.4966,20.335,0
23.459,21.126,0,0.50772,20.571,0
23.459,21.176,0,0.52017,20.802,0
23.914,21.229,0.84015,0.53084,21.144,0.61671
23.914,21.282,0,0.53953,21.41,0
24.08,21.336,0.7929,0.55017,21.684,0.38901
24.08,21.391,0,0.55842,21.956,0
24.08,21.446,0,0.56779,22.222,0
24.08,21.503,0,0.57486,22.483,0
24.08,21.561,0,0.5825,22.737,0
24.08,21.619,0,0.58996,22.986,0
24.08,21.678,0,0.59983,23.23,0
24.08,21.738,0,0.60629,23.467,0
24.08,21.799,0,0.61249,23.698,0
24.778,21.86,0.75095,0.6201,24.23,0.11278
24.778,21.922,0,0.62566,24.519,0
24.778,21.984,0,0.63014,24.801,0
24.986,22.047,0.66678,0.63566,25.121,0
24.986,22.111,0,0.63948,25.411,0
24.986,22.175,0,0.64471,25.696,0
24.986,22.239,0,0.64729,25.974,0
24.986,22.304,0,0.65033,26.245,0
25.299,22.369,0.55158,0.65093,26.603,0
25.299,22.434,0,0.65347,26.893,0
25.299,22.5,0,0.6556,27.176,0
25.299,22.565,0,0.65564,27.452,0
25.299,22.631,0,0.65799,27.722,0
25.299,22.696,0,0.65863,27.986,0
25.299,22.762,0,0.65629,28.243,0
25.299,22.828,0,0.65445,28.493,0
25.299,22.893,0,0.65197,28.737,0
25.299,22.959,0,0.65265,28.974,0
25.299,23.024,0,0.65266,29.205,0
25.299,23.089,0,0.6523,29.429,0
25.299,23.154,0,0.64884,29.647,0
25.299,23.219,0,0.64594,29.858,0
26.021,23.284,0.42943,0.64436,30.603,0
26.021,23.348,0,0.64141,30.873,0
26.021,23.412,0,0.63595,31.137,0
26.021,23.476,0,0.63094,31.395,0
26.021,23.539,0,0.62878,31.646,0
26.223,23.602,0.36517,0.62642,31.939,0
26.223,23.665,0,0.62183,32.198,0
26.223,23.727,0,0.6161,32.451,0
26.223,23.788,0,0.61087,32.698,0
26.223,23.85,0,0.60554,32.938,0
26.223,23.91,0,0.59977,33.172,0
26.223,23.97,0,0.59282,33.4,0
26.442,24.029,0.40159,0.58717,33.711,0
26.442,24.088,0,0.58357,33.95,0
26.442,24.146,0,0.58365,34.182,0
26.442,24.205,0,0.58152,34.409,0
26.442,24.263,0,0.57955,34.629,0
26.442,24.321,0,0.57844,34.844,0
26.442,24.379,0,0.57746,35.054,0
26.442,24.436,0,0.57542,35.257,0
26.442,24.494,0,0.57344,35.455,0
26.442,24.551,0,0.57279,35.647,0
26.442,24.609,0,0.56746,35.833,0
26.442,24.665,0,0.566,36.013,0
26.442,24.722,0,0.56372,36.188,0
26.442,24.778,0,0.55868,36.357,0
26.442,24.834,0,0.55273,36.521,0
26.442,24.889,0,0.54639,36.679,0
26.442,24.944,0,0.54269,36.831,0
26.442,24.998,0,0.53802,36.978,0
26.442,25.052,0,0.5353,37.12,0
26.442,25.106,0,0.53101,37.256,0
26.442,25.159,0,0.52708,37.387,0
26.442,25.212,0,0.52063,37.513,0
26.442,25.264,0,0.51849,37.633,0
27.347,25.315,0.32471,0.51479,38.89,0
27.347,25.367,0,0.51245,39.091,0
27.347,25.418,0,0.50755,39.287,0
27.347,25.469,0,0.50156,39.477,0
27.347,25.519,0,0.49609,39.662,0
27.347,25.569,0,0.49342,39.843,0
27.347,25.618,0,0.48909,40.018,0
27.347,25.667,0,0.48604,40.188,0
27.347,25.716,0,0.48603,40.354,0
27.347,25.764,0,0.48616,40.515,0
27.697,25.813,0.38095,0.48245,40.82,0
27.697,25.861,0,0.48081,41.006,0
27.697,25.909,0,0.47657,41.187,0
27.697,25.957,0,0.47226,41.364,0
27.697,26.004,0,0.46784,41.535,0
27.697,26.051,0,0.46487,41.702,0
27.697,26.097,0,0.46413,41.865,0
27.697,26.144,0,0.4612,42.022,0
27.697,26.19,0,0.45789,42.175,0
27.697,26.236,0,0.45373,42.324,0
27.697,26.281,0,0.45172,42.467,0
27.697,26.326,0,0.4478,42.607,0
27.697,26.371,0,0.44745,42.742,0
27.697,26.416,0,0.44421,42.872,0
27.697,26.46,0,0.44371,42.998,0
27.697,26.504,0,0.44299,43.119,0
27.697,26.549,0,0.44149,43.236,0
27.697,26.593,0,0.4406,43.349,0
27.697,26.637,0,0.44039,43.457,0
27.697,26.681,0,0.4407,43.561,0
27.697,26.725,0,0.43867,43.66,0
27.697,26.769,0,0.43447,43.755,0
27.697,26.812,0,0.43428,43.846,0
28.51,26.856,0.3678,0.43097,44.841,0
28.51,26.899,0,0.43221,45.005,0
28.51,26.942,0,0.43335,45.164,0
28.646,26.985,0.36593,0.43354,45.341,0
28.646,27.029,0,0.43135,45.505,0
28.646,27.072,0,0.42986,45.665,0
28.646,27.115,0,0.42317,45.82,0
28.646,27.157,0,0.41531,45.971,0
28.646,27.199,0,0.40321,46.118,0
28.646,27.239,0,0.38841,46.261,0
28.68,27.278,-0.94425,0.36742,46.449,1.1583
28.68,27.315,0,0.33444,46.587,0
28.68,27.348,0,0.28638,46.722,0
28.223,27.377,-2.9206,0.22192,46.816,44.424
28.223,27.399,0,0.14148,46.899,0
28.223,27.413,0,0.033769,46.981,0
28.223,27.416,0,-0.032877,47.062,0
28.223,27.413,0,-0.088697,47.143,0
28.223,27.404,0,-0.15266,47.224,0
28.223,27.389,0,-0.22286,47.307,0
28.223,27.367,0,-0.29546,47.391,0
23.611,27.337,-7.5373,-0.3721,45.945,3875.6
22.847,27.3,-7.7192,-0.45053,45.536,2803.1
22.847,27.255,0,-0.5321,45.093,12.83
21.284,27.202,-8.3338,-0.61924,44.51,3042.1
21.284,27.14,0,-0.71429,43.922,18.456
21.284,27.068,0,-0.81809,43.34,17.238
21.284,26.987,0,-0.92834,42.766,15.953
21.284,26.894,0,-1.0429,42.2,14.625
21.284,26.789,0,-1.1612,41.644,13.27
21.284,26.673,0,-1.2802,41.1,11.921
21.284,26.545,0,-1.3946,40.567,10.625
21.284,26.406,0,-1.5044,40.048,9.3928
21.284,26.255,0,-1.6093,39.543,8.2375
21.284,26.094,0,-1.7078,39.054,7.1767
21.284,25.924,0,-1.802,38.582,6.2116
21.284,25.744,0,-1.9001,38.127,5.3284
21.284,25.553,0,-1.998,37.691,4.5708
21.284,25.354,0,-2.0956,37.274,3.9701
13.67,25.144,-0.60743,-2.1915,29.359,45.245
13.67,24.925,0,-2.2875,28.222,33.668
13.67,24.696,0,-2.3785,27.108,31.475
13.67,24.458,0,-2.4696,26.018,29.278
13.67,24.211,0,-2.5551,24.951,27.135
13.67,23.956,0,-2.6425,23.91,24.989
13.67,23.692,0,-2.7252,22.894,22.904
13.67,23.419,0,-2.7979,21.906,20.932
13.67,23.139,0,-2.8597,20.945,19.084
13.67,22.853,0,-2.9105,20.012,17.365
13.67,22.562,0,-2.9519,19.109,15.766
13.67,22.267,0,-2.9763,18.234,14.337
13.67,21.97,0,-2.9842,17.389,13.071
13.67,21.671,0,-2.9733,16.574,11.972
13.67,21.374,0,-2.9457,15.789,11.019
13.67,21.079,0,-2.9,15.034,10.21
14.933,20.789,1.8121,-2.9,14.778,8.8131
14.933,20.499,0,-2.9,14.206,5.4063
14.933,20.209,0,-2.9,13.664,5.0102
14.933,19.919,0,-2.9,13.151,4.7391
14.933,19.629,0,-2.9,12.667,4.6059
14.933,19.339,0,-2.9,12.212,4.6252
14.933,19.049,0,-2.9,11.786,4.8139
14.933,18.759,0,-2.9,11.389,5.1913
14.933,18.469,0,-2.9,11.021,5.7802
14.933,18.179,0,-4.4,10.682,46.729
14.933,17.739,0,-4.4,10.379,60.832
16.863,17.299,1.647,-4.4,11.17,208.42
16.863,16.859,0,-4.4,11.148,686.85
16.863,16.419,0,-4.4,11.17,2158.5
16.863,15.979,0,-4.4,11.237,0
16.863,15.539,0,-4.4,11.347,0
16.863,15.099,0,-4.4,11.502,0
16.863,14.659,0,-4.4,11.7,0
16.863,14.219,0,0.86949,11.942,0
16.863,14.306,0,0.87898,12.202,0
16.863,14.394,0,0.8814,12.454,0
16.863,14.482,0,0.8811,12.696,0
16.863,14.57,0,0.8717,12.93,0
16.863,14.657,0,0.85876,13.155,0
16.863,14.743,0,0.84307,13.371,0
16.863,14.828,0,0.82705,13.579,0
16.863,14.91,0,0.81048,13.778,0
16.863,14.991,0,0.7936,13.969,0
16.863,15.071,0,0.78067,14.153,0
16.863,15.149,0,0.77167,14.328,0
18.048,15.226,0.43012,0.76754,16.222,0
18.048,15.303,0,0.76425,16.501,0
18.048,15.379,0,0.75688,16.772,0
18.048,15.455,0,0.74384,17.035,0
18.048,15.529,0,0.72401,17.29,0
18.083,15.602,-0.44082,0.69553,17.57,0
18.083,15.671,0,0.66513,17.815,0
17.982,15.738,-0.47445,0.63463,18.031,0
17.982,15.801,0,0.60453,18.252,0
17.982,15.862,0,0.5751,18.467,0
17.982,15.919,0,0.54945,18.676,0
17.982,15.974,0,0.524,18.88,0
17.982,16.026,0,0.49767,19.078,0
17.982,16.076,0,0.47057,19.271,0
17.982,16.123,0,0.4457,19.459,0
17.982,16.168,0,0.42022,19.643,0
17.982,16.21,0,0.39212,19.822,0
17.982,16.249,0,0.36429,19.997,0
17.447,16.286,-0.70459,0.33836,19.881,0.4947
17.447,16.319,0,0.30973,19.995,0
17.447,16.35,0,0.27622,20.106,0
17.447,16.378,0,0.23911,20.215,0
17.447,16.402,0,0.20468,20.32,0
17.447,16.422,0,0.16568,20.424,0
17.447,16.439,0,0.12614,20.526,0
16.741,16.452,-1.2744,0.084957,20.396,7.0731
16.741,16.46,0,0.046289,20.425,0
16.741,16.465,0,0.0057429,20.453,0
16.741,16.465,0,-0.026452,20.481,0
16.741,16.463,0,-0.05691,20.508,0
16.741,16.457,0,-0.09032,20.537,0
16.741,16.448,0,-0.1272,20.565,0
16.741,16.435,0,-0.16327,20.595,0
16.741,16.419,0,-0.20511,20.627,0
16.741,16.398,0,-0.25077,20.66,0
16.741,16.373,0,-0.30388,20.696,0
16.741,16.343,0,-0.36554,20.734,0
16.741,16.306,0,-0.42896,20.776,0
16.741,16.263,0,-0.49337,20.821,0
16.741,16.214,0,-0.55161,20.872,0
16.741,16.159,0,-0.59975,20.927,0
16.741,16.099,0,-0.63359,20.988,0.17439
16.741,16.036,0,-0.65756,21.056,0.37722
16.741,15.97,0,-0.67297,21.13,0.56651
16.741,15.903,0,-0.6768,21.21,0.71208
16.741,15.835,0,-0.67716,21.298,0.85093
16.741,15.767,0,-0.66677,21.392,0.9299
16.741,15.7,0,-0.64895,21.492,0.96111
16.741,15.636,0,-0.61966,21.6,0.91086
16.741,15.574,0,-0.58055,21.713,0.78665
16.741,15.516,0,-0.53492,21.833,0.61154
16.741,15.462,0,-0.48613,21.958,0.41029
13.972,15.413,1.5883,-0.43153,16.233,2.0141
13.972,15.37,0,-0.37394,16.091,2.3062
13.972,15.333,0,-0.31674,15.953,2.4079
13.972,15.301,0,-0.25731,15.818,2.541
13.972,15.275,0,-0.19458,15.687,2.7128
13.972,15.256,0,-0.13357,15.557,2.9065
