11.221,11.221,0.0062054,0,35.5,0
11.221,11.221,0,6.7,35.5,60.872
11.221,11.891,0,-0.041412,35.466,1.4799
11.221,11.887,0,-0.040293,35.4,1.4726
11.221,11.883,0,-0.037691,35.333,1.4707
11.221,11.879,0,-0.033379,35.267,1.4753
11.221,11.875,0,-0.027798,35.202,1.4854
11.221,11.873,0,-0.020895,35.136,1.5017
11.221,11.871,0,-0.013847,35.071,1.5206
11.221,11.869,0,-0.0081091,35.006,1.5369
11.221,11.868,0,-0.0031217,34.942,1.5522
11.221,11.868,0,0.0085098,34.877,1.5927
11.221,11.869,0,0.048355,34.812,1.7411
11.221,11.874,0,0.064917,34.747,1.8176
11.221,11.88,0,0.06226,34.681,1.8262
11.221,11.886,0,0.04978,34.615,1.7967
11.221,11.891,0,0.045452,34.548,1.7946
11.221,11.896,0,0.044651,34.481,1.8046
11.221,11.9,0,0.037801,34.413,1.7916
11.221,11.904,0,0.021759,34.345,1.7424
11.221,11.906,0,0.012703,34.277,1.7151
11.221,11.908,0,0.0035685,34.208,1.6853
11.221,11.908,0,-0.0016508,34.139,1.6673
11.221,11.908,0,-0.0029932,34.07,1.662
11.221,11.908,0,-0.0050828,34.002,1.6537
11.221,11.907,0,-0.0068397,33.933,1.6459
11.221,11.906,0,-0.0093262,33.865,1.6351
11.221,11.905,0,-0.011608,33.796,1.6243
11.221,11.904,0,-0.013468,33.728,1.6145
11.221,11.903,0,-0.013907,33.659,1.6092
11.221,11.902,0,-0.014,33.591,1.605
11.674,11.9,-0.0025596,-0.014364,35.072,0.46292
11.674,11.899,0,-0.014433,35.049,0.45286
11.674,11.897,0,-0.014363,35.027,0.44975
11.674,11.896,0,-0.014818,35.005,0.44532
11.674,11.894,0,-0.015253,34.982,0.44084
11.674,11.893,0,-0.015841,34.96,0.43588
11.674,11.891,0,-0.015174,34.939,0.43399
11.674,11.89,0,-0.015106,34.917,0.43073
11.674,11.888,0,-0.014542,34.896,0.42874
11.674,11.887,0,-0.014692,34.874,0.42506
11.674,11.885,0,-0.014394,34.853,0.4225
11.674,11.884,0,-0.014718,34.832,0.41842
11.674,11.882,0,-0.01564,34.811,0.41277
11.674,11.881,0,-0.017184,34.79,0.40536
11.674,11.879,0,-0.018155,34.77,0.39906
11.674,11.877,0,-0.018605,34.749,0.39386
11.674,11.875,0,-0.019516,34.729,0.38742
11.674,11.873,0,-0.019887,34.709,0.38213
11.576,11.871,0.13937,-0.019065,34.646,0.27243
11.576,11.87,0,-0.018108,34.617,0.60114
11.601,11.868,0.16854,-0.017288,34.586,0.16399
11.601,11.866,0,-0.016578,34.559,0.53994
11.619,11.864,0.20942,-0.015926,34.52,0.055675
11.619,11.863,0,-0.014721,34.495,0.49501
11.619,11.861,0,-0.012875,34.471,0.49645
11.619,11.86,0,-0.012052,34.447,0.49564
11.619,11.859,0,-0.011018,34.423,0.49557
11.619,11.858,0,-0.0090725,34.399,0.49813
11.619,11.857,0,-0.00831,34.375,0.49804
11.619,11.856,0,-0.0073263,34.351,0.49871
11.619,11.855,0,-0.0056299,34.328,0.50148
11.619,11.855,0,-0.0042454,34.304,0.50383
11.619,11.854,0,-0.0022773,34.281,0.50805
11.619,11.854,0,0.0036828,34.257,0.52338
11.619,11.854,0,0.029682,34.234,0.59538
11.619,11.857,0,0.049206,34.21,0.65808
11.619,11.862,0,0.06307,34.186,0.71076
11.619,11.869,0,0.072638,34.161,0.75509
11.619,11.876,0,0.092723,34.136,0.83519
11.619,11.885,0,0.12039,34.11,0.94761
11.619,11.897,0,0.146,34.083,1.0649
11.619,11.912,0,0.18059,34.054,1.2255
11.619,11.93,0,0.20838,34.024,1.3776
11.619,11.951,0,0.22799,33.992,1.5117
11.619,11.973,0,0.24705,33.958,1.6529
11.619,11.998,0,0.26726,33.921,1.8082
12.377,12.025,0.48682,0.27861,34.594,0
12.377,12.053,0,0.29969,34.628,0.014168
12.377,12.083,0,0.30899,34.659,0.11277
12.377,12.114,0,0.32019,34.687,0.22199
12.377,12.146,0,0.32703,34.712,0.32358
12.377,12.178,0,0.32863,34.733,0.41238
12.377,12.211,0,0.3345,34.751,0.51693
12.377,12.245,0,0.34623,34.766,0.64496
12.377,12.279,0,0.33948,34.778,0.71518
12.377,12.313,0,0.34534,34.786,0.82827
12.377,12.348,0,0.34696,34.79,0.92973
12.377,12.382,0,0.35251,34.792,1.0476
12.895,12.418,0.42684,0.36247,35.117,0
12.895,12.454,0,0.3598,35.163,0
12.895,12.49,0,0.36202,35.206,0
12.895,12.526,0,0.35069,35.244,0.052693
12.895,12.561,0,0.31403,35.279,0.032462
12.956,12.593,-0.34637,0.27128,35.318,1.0601
12.956,12.62,0,0.2242,35.353,0
12.956,12.642,0,0.16998,35.386,0
12.956,12.659,0,0.11403,35.417,0
12.956,12.671,0,0.064782,35.446,0
12.956,12.677,0,0.027814,35.474,0
12.956,12.68,0,-5.6267e-05,35.502,0
12.956,12.68,0,-0.0018691,35.529,0
12.956,12.68,0,-0.0034116,35.557,0
12.603,12.679,-0.20459,-0.0050957,35.418,0.72028
12.603,12.679,0,-0.006154,35.411,0.14453
12.603,12.678,0,-0.0067437,35.403,0.14189
12.603,12.677,0,-0.008499,35.396,0.13652
12.603,12.677,0,-0.0094221,35.388,0.13266
12.603,12.676,0,-0.01072,35.381,0.12778
12.603,12.675,0,-0.012396,35.374,0.1218
12.603,12.673,0,-0.015055,35.367,0.11333
12.603,12.672,0,-0.016996,35.36,0.10592
12.603,12.67,0,-0.018518,35.353,0.099061
12.603,12.668,0,-0.020644,35.346,0.090605
12.603,12.666,0,-0.02307,35.34,0.081114
12.603,12.664,0,-0.024977,35.334,0.072281
12.603,12.661,0,-0.028262,35.328,0.060202
12.199,12.659,-0.47919,-0.031215,35.075,3.0684
12.199,12.656,0,-0.034174,35.029,0.95088
12.199,12.652,0,-0.036754,34.984,0.93469
12.199,12.648,0,-0.04059,34.939,0.91422
12.199,12.644,0,-0.043195,34.894,0.89657
12.199,12.64,0,-0.046723,34.85,0.87569
12.199,12.635,0,-0.049266,34.806,0.85694
11.867,12.63,-0.37064,-0.052804,34.636,3.4269
11.867,12.625,0,-0.055807,34.559,1.671
11.867,12.62,0,-0.057442,34.484,1.6499
11.867,12.614,0,-0.058216,34.409,1.6314
11.867,12.608,0,-0.059336,34.334,1.6116
11.867,12.602,0,-0.061188,34.261,1.589
11.712,12.596,-0.21408,-0.062507,34.11,2.9522
11.712,12.59,0,-0.06314,34.022,1.9791
11.712,12.583,0,-0.064097,33.935,1.9575
11.712,12.577,0,-0.065419,33.848,1.9344
11.712,12.57,0,-0.066306,33.762,1.9126
11.712,12.564,0,-0.067259,33.676,1.8903
11.712,12.557,0,-0.067651,33.591,1.8699
11.712,12.55,0,-0.068301,33.507,1.8486
11.712,12.543,0,-0.068867,33.423,1.8274
11.712,12.537,0,-0.068995,33.341,1.8077
11.712,12.53,0,-0.06978,33.258,1.7856
11.712,12.523,0,-0.070377,33.177,1.7641
11.573,12.516,-0.042625,-0.070034,32.968,2.3142
11.573,12.509,0,-0.070597,32.874,2.1177
11.573,12.502,0,-0.069988,32.781,2.0996
11.6,12.495,0.44154,-0.067227,32.685,0.77554
11.643,12.488,0.60985,-0.063735,32.603,0.46289
11.643,12.482,0,-0.058144,32.519,1.8849
11.643,12.476,0,-0.0521,32.436,1.8908
11.643,12.471,0,-0.046956,32.353,1.8951
11.643,12.466,0,-0.042504,32.27,1.8984
11.643,12.462,0,-0.038454,32.188,1.9014
11.643,12.458,0,-0.034922,32.106,1.9036
11.643,12.454,0,-0.030382,32.025,1.9107
11.643,12.451,0,-0.025975,31.944,1.9185
11.643,12.449,0,-0.020903,31.863,1.9302
12.226,12.446,0.48187,-0.017053,32.074,0
12.226,12.445,0,-0.012756,32.052,0.44419
12.226,12.444,0,-0.0093911,32.03,0.44993
12.358,12.443,0.33085,-0.0065399,32.026,0
12.358,12.442,0,-0.004144,32.017,0.16653
12.358,12.442,0,-0.0018172,32.009,0.17097
12.444,12.441,0.19906,0.001567,32.007,0
12.444,12.441,0,0.0091762,32.007,0.015166
12.444,12.442,0,0.027591,32.007,0.057403
12.444,12.445,0,0.034965,32.007,0.079917
12.514,12.449,0.15731,0.045238,32.018,0
12.514,12.453,0,0.049007,32.024,0
12.514,12.458,0,0.064154,32.03,0.024557
12.514,12.464,0,0.071811,32.035,0.056075
12.514,12.472,0,0.094409,32.04,0.12614
12.514,12.481,0,0.115,32.043,0.19944
12.514,12.493,0,0.1335,32.046,0.27493
12.514,12.506,0,0.15363,32.047,0.36217
12.514,12.521,0,0.17068,32.047,0.44856
12.805,12.538,0.46139,0.18414,32.111,0
12.805,12.557,0,0.20532,32.136,0
12.805,12.577,0,0.22065,32.16,0.0265
12.805,12.599,0,0.23492,32.182,0.11653
12.805,12.623,0,0.25188,32.201,0.22068
12.805,12.648,0,0.26347,32.218,0.31657
12.805,12.674,0,0.26326,32.232,0.38173
12.805,12.701,0,0.26561,32.244,0.4555
12.805,12.727,0,0.274,32.253,0.55021
12.805,12.755,0,0.28018,32.26,0.64179
13.199,12.783,0.29468,0.28095,32.462,0
13.199,12.811,0,0.28549,32.502,0
13.199,12.839,0,0.28552,32.539,0
13.199,12.868,0,0.28254,32.574,0
13.199,12.896,0,0.27251,32.605,0
13.199,12.923,0,0.27434,32.634,0.059965
13.199,12.951,0,0.26491,32.66,0.099089
13.199,12.977,0,0.26199,32.684,0.15444
13.199,13.004,0,0.25591,32.705,0.20041
13.199,13.029,0,0.24633,32.723,0.23499
13.432,13.054,0.19005,0.24947,32.863,0
13.443,13.079,0.1644,0.23995,32.906,0
13.443,13.103,0,0.22899,32.941,0
13.443,13.126,0,0.22519,32.974,0
13.443,13.148,0,0.21432,33.005,0
13.443,13.17,0,0.20114,33.033,0
13.443,13.19,0,0.18878,33.06,0
13.443,13.209,0,0.17895,33.084,0
13.443,13.226,0,0.16403,33.107,0
13.443,13.243,0,0.13581,33.128,0
13.443,13.256,0,0.10142,33.147,0
13.443,13.267,0,0.070099,33.165,0
13.336,13.274,-0.50266,0.040065,33.192,1.7334
13.336,13.278,0,0.0061808,33.198,0
13.336,13.278,0,-0.0032061,33.204,0
13.336,13.278,0,-0.0070948,33.209,0
13.336,13.277,0,-0.01159,33.215,0
13.066,13.276,-0.58657,-0.016504,33.147,2.8668
13.066,13.274,0,-0.020395,33.127,0.40153
13.066,13.272,0,-0.024099,33.106,0.38774
13.066,13.27,0,-0.027964,33.085,0.37284
13.066,13.267,0,-0.032631,33.065,0.35526
13.066,13.264,0,-0.036962,33.045,0.33763
13.066,13.26,0,-0.040714,33.025,0.32061
13.066,13.256,0,-0.044758,33.006,0.30223
12.634,13.252,-0.66039,-0.049157,32.8,4.7706
12.634,13.247,0,-0.053584,32.739,1.2863
12.634,13.241,0,-0.058256,32.678,1.2573
12.447,13.236,-0.49378,-0.06328,32.615,4.2165
12.447,13.229,0,-0.066255,32.536,1.6978
12.447,13.223,0,-0.06817,32.458,1.6728
12.447,13.216,0,-0.070131,32.381,1.6473
12.447,13.209,0,-0.07045,32.305,1.6271
12.357,13.202,0.17621,-0.068983,32.219,1.2792
12.357,13.195,0,-0.066824,32.135,1.8505
12.357,13.188,0,-0.064682,32.051,1.8395
12.43,13.182,0.17985,-0.062056,31.984,1.0685
12.43,13.175,0,-0.060826,31.91,1.6174
12.43,13.169,0,-0.059849,31.835,1.6042
12.441,13.163,-0.055908,-0.060278,31.762,1.7628
12.441,13.157,0,-0.060899,31.69,1.5394
12.441,13.151,0,-0.062205,31.618,1.5186
12.441,13.145,0,-0.064244,31.548,1.4949
12.441,13.139,0,-0.067176,31.478,1.4678
12.441,13.132,0,-0.069473,31.408,1.4422
12.441,13.125,0,-0.072905,31.339,1.4124
12.441,13.118,0,-0.077428,31.271,1.3783
12.441,13.11,0,-0.082519,31.204,1.3415
12.441,13.102,0,-0.088402,31.137,1.3011
12.008,13.093,-0.75879,-0.094048,30.907,7.3352
12.008,13.083,0,-0.099813,30.799,2.4108
12.008,13.073,0,-0.10528,30.692,2.3596
12.008,13.063,0,-0.11077,30.586,2.3071
12.008,13.052,0,-0.11749,30.481,2.2488
12.008,13.04,0,-0.12338,30.378,2.1922
12.008,13.028,0,-0.12932,30.275,2.1344
12.008,13.015,0,-0.13545,30.174,2.0747
12.008,13.001,0,-0.14151,30.074,2.0141
12.008,12.987,0,-0.14784,29.975,1.9516
12.008,12.972,0,-0.15606,29.878,1.8813
12.008,12.957,0,-0.16378,29.783,1.8116
12.008,12.94,0,-0.17046,29.688,1.7443
12.008,12.923,0,-0.17726,29.596,1.6757
12.008,12.906,0,-0.18437,29.506,1.6053
12.008,12.887,0,-0.19114,29.417,1.5352
12.008,12.868,0,-0.19846,29.33,1.4627
12.008,12.848,0,-0.20533,29.245,1.391
12.008,12.828,0,-0.21429,29.162,1.3126
12.008,12.806,0,-0.22365,29.081,1.2324
12.008,12.784,0,-0.23269,29.002,1.1527
12.008,12.761,0,-0.23993,28.926,1.0775
12.008,12.737,0,-0.24634,28.852,1.0045
12.008,12.712,0,-0.25126,28.78,0.93536
12.008,12.687,0,-0.25552,28.711,0.86812
12.008,12.661,0,-0.25877,28.645,0.80366
12.008,12.635,0,-0.26122,28.581,0.74158
12.008,12.609,0,-0.26313,28.519,0.68128
12.008,12.583,0,-0.26508,28.46,0.62157
12.008,12.556,0,-0.26524,28.404,0.56633
12.008,12.53,0,-0.26438,28.351,0.51399
10.239,12.504,-0.13951,-0.26551,24.98,6.4674
10.221,12.477,-0.27855,-0.26778,24.759,7.399
10.221,12.45,0,-0.27103,24.535,5.4309
10.146,12.423,-0.50027,-0.27734,24.309,9.2359
10.146,12.395,0,-0.28405,24.083,5.4364
10.146,12.367,0,-0.29232,23.859,5.29
10.146,12.338,0,-0.30029,23.639,5.1436
10.146,12.308,0,-0.30887,23.421,4.9929
10.146,12.277,0,-0.31675,23.206,4.8445
10.146,12.245,0,-0.32282,22.995,4.7042
10.146,12.213,0,-0.33203,22.787,4.5478
10.146,12.18,0,-0.34148,22.582,4.3894
10.146,12.145,0,-0.3545,22.38,4.2132
10.146,12.11,0,-0.36867,22.182,4.0306
10.146,12.073,0,-0.38705,21.987,3.828
10.146,12.034,0,-0.40436,21.796,3.6291
10.146,11.994,0,-0.42226,21.609,3.4273
10.146,11.952,0,-0.44019,21.427,3.2253
10.146,11.908,0,-0.4551,21.248,3.0356
10.146,11.862,0,-0.46674,21.074,2.8591
10.146,11.816,0,-0.4748,20.905,2.697
10.146,11.768,0,-0.47994,20.74,2.5468
10.146,11.72,0,-0.48607,20.58,2.3952
10.146,11.672,0,-0.4924,20.425,2.2451
10.146,11.622,0,-0.49781,20.275,2.1001
10.146,11.572,0,-0.50551,20.13,1.9507
10.146,11.522,0,-0.51348,19.99,1.8032
8.6757,11.471,-0.40035,-0.52011,17.844,8.9808
8.6757,11.419,0,-0.53084,17.567,5.9088
8.6757,11.365,0,-0.54051,17.295,5.6671
8.6757,11.311,0,-0.55013,17.029,5.4264
8.6757,11.256,0,-0.56169,16.768,5.1769
8.6757,11.2,0,-0.57578,16.513,4.9163
8.6757,11.143,0,-0.59261,16.263,4.644
8.6757,11.083,0,-0.61565,16.02,4.3455
8.6757,11.022,0,-0.64528,15.782,4.0212
8.6757,10.957,0,-0.68142,15.55,3.6752
8.6757,10.889,0,-0.72633,15.326,3.304
7.6068,10.817,-1.9606,-0.77269,14.69,31.759
7.6068,10.739,0,-0.82792,14.373,5.757
7.6068,10.656,0,-0.88676,14.064,5.1951
7.6068,10.568,0,-0.94916,13.764,4.6346
7.6068,10.473,0,-1.0199,13.472,4.0658
6.5178,10.371,-2.4618,-1.0922,12.944,45.882
6.2707,10.262,-2.6436,-1.1777,12.546,51.814
6.2707,10.144,0,-1.2735,12.152,6.1096
6.2707,10.017,0,-1.3805,11.771,5.2375
5.4377,9.8785,-2.8786,-1.4944,11.3,18.857
5.4377,9.7291,0,-1.6232,10.864,5.893
5.4377,9.5668,0,-1.7588,10.443,4.9248
5.4377,9.3909,0,-1.8962,10.038,4.1222
5.4377,9.2013,0,-5.2,9.6526,37.084
5.4377,8.6813,0,-5.2,9.3023,36.018
5.4377,8.1613,0,-5.2,9.0039,34.952
5.4377,7.6413,0,-5.2,8.7576,33.886
3.5661,7.1213,-1.2914,-5.2,7.7381,0.28528
3.5661,6.6013,0,-5.2,7.4086,7.3414
3.5661,6.0813,0,-8.8,7.131,0
3.5661,5.2013,0,-8.8,6.9235,0
3.5661,4.3213,0,-8.8,6.804,0
3.5661,3.4413,0,-8.8,6.7725,0
3.5661,2.5613,0,1.387,6.829,2.5574
3.5661,2.7,0,0.87843,6.9225,0.54771
3.5661,2.7878,0,0.58402,7.0047,0
3.5661,2.8462,0,0.40492,7.0796,0
3.5661,2.8867,0,0.27604,7.1496,0
3.5661,2.9143,0,0.18818,7.2162,0
3.5661,2.9331,0,0.11253,7.2804,0
3.5661,2.9444,0,0.089999,7.3431,0
3.5661,2.9534,0,0.083939,7.4048,0
3.5661,2.9618,0,0.12583,7.4657,0
3.5661,2.9744,0,0.1932,7.5255,0
3.1324,2.9937,0.80027,0.26368,6.8155,0
3.1324,3.02,0,0.36606,6.828,0.76778
3.1324,3.0567,0,0.46887,6.8374,1.2604
3.1324,3.1035,0,0.54015,6.8426,1.703
3.1324,3.1576,0,0.60791,6.8428,2.1852
3.1324,3.2183,0,0.64263,6.8373,2.5574
3.1324,3.2826,0,0.66056,6.8255,2.8699
3.1324,3.3487,0,0.69455,6.8071,3.2814
3.1324,3.4181,0,0.72945,6.782,3.7244
3.9841,3.4911,1.0823,0.75374,7.1186,0
3.9841,3.5664,0,0.7774,7.1642,1.5163
3.9841,3.6442,0,0.80368,7.2021,1.8946
3.9841,3.7245,0,0.83628,7.232,2.3278
3.9841,3.8082,0,0.86481,7.2538,2.7685
3.9841,3.8947,0,0.88359,7.2671,3.182
3.9841,3.983,0,0.88806,7.2716,3.534
3.9841,4.0718,0,0.89119,7.2673,3.8868
3.9841,4.1609,0,0.90548,7.2541,4.3126
3.9841,4.2515,0,0.90019,7.2318,4.6359
3.9841,4.3415,0,0.91007,7.2006,5.0539
3.9841,4.4325,0,0.91839,7.1603,5.4741
3.9841,4.5244,0,0.91559,7.1109,5.8339
3.9841,4.6159,0,0.91858,7.0523,6.2348
3.9841,4.7078,0,0.91062,6.9845,6.5702
3.9841,4.7988,0,0.90784,6.9076,6.9403
3.9841,4.8896,0,0.90039,6.8216,7.2817
3.9841,4.9797,0,0.87383,6.7265,7.4921
3.9841,5.067,0,0.85276,6.6226,7.7294
3.9841,5.1523,0,0.83957,6.51,8.0131
3.9841,5.2363,0,0.83465,6.389,8.3508
3.9841,5.3197,0,0.82809,6.2596,8.6776
3.9841,5.4025,0,0.82894,6.1219,9.0573
3.9841,5.4854,0,0.81646,5.9759,9.3442
3.9841,5.5671,0,0.80279,5.8217,9.6183
3.9841,5.6474,0,0.79401,5.6594,9.9237
3.9841,5.7268,0,0.79303,5.4891,10.285
3.9841,5.8061,0,0.78688,5.3109,10.61
3.9841,5.8848,0,0.78168,5.1248,10.941
3.9841,5.9629,0,0.78417,4.9308,11.331
3.9841,6.0413,0,0.80085,4.729,11.835
3.9841,6.1214,0,0.81713,4.5193,12.35
3.9841,6.2031,0,0.81821,4.3014,12.758
3.9841,6.285,0,0.82957,4.0754,13.252
3.9841,6.3679,0,0.84476,3.8412,13.788
3.9841,6.4524,0,0.85386,3.5986,14.286
3.9841,6.5378,0,0.86041,3.3475,14.772
3.9841,6.6238,0,0.87818,3.0878,15.36
3.9841,6.7116,0,0.89039,2.8195,15.915
8.0558,6.8007,1.1368,0.89779,10.597,0
8.0558,6.8905,0,0.90442,10.718,0
8.0558,6.9809,0,0.90075,10.83,0.019662
8.0558,7.071,0,0.90219,10.933,0.28816
8.0558,7.1612,0,0.89121,11.027,0.51393
8.0558,7.2503,0,0.88637,11.112,0.76648
8.0558,7.339,0,0.87883,11.188,1.0112
8.0558,7.4268,0,0.87327,11.255,1.2672
8.0558,7.5142,0,0.86043,11.314,1.4926
8.0558,7.6002,0,0.83772,11.364,1.6704
8.0558,7.684,0,0.81045,11.405,1.8203
8.0558,7.765,0,0.78367,11.438,1.964
8.0558,7.8434,0,0.75663,11.464,2.098
8.0558,7.919,0,0.73873,11.481,2.2677
8.0558,7.9929,0,0.72395,11.491,2.4479
8.0558,8.0653,0,0.70058,11.494,2.5815
8.0558,8.1354,0,0.67643,11.489,2.7035
8.0558,8.203,0,0.65995,11.478,2.8563
8.0558,8.269,0,0.64482,11.46,3.0111
8.0558,8.3335,0,0.61711,11.435,3.0965
8.0558,8.3952,0,0.59119,11.404,3.1812
8.0558,8.4543,0,0.56358,11.368,3.2482
8.0558,8.5107,0,0.53405,11.325,3.2955
8.0558,8.5641,0,0.50217,11.277,3.3202
8.0558,8.6143,0,0.46651,11.223,3.3145
8.0558,8.661,0,0.42583,11.165,3.2714
8.0558,8.7035,0,0.3849,11.103,3.214
8.0558,8.742,0,0.35119,11.036,3.1795
8.0558,8.7771,0,0.31841,10.965,3.1388
8.0558,8.809,0,0.28813,10.892,3.0999
8.0558,8.8378,0,0.26682,10.815,3.0945
8.0558,8.8645,0,0.25061,10.735,3.1066
8.0558,8.8895,0,0.2494,10.653,3.1852
8.0558,8.9145,0,0.25438,10.569,3.294
8.0558,8.9399,0,0.26016,10.482,3.4095
8.0558,8.9659,0,0.25826,10.392,3.4897
8.0558,8.9918,0,0.25001,10.3,3.5379
8.0558,9.0168,0,0.24764,10.205,3.6128
8.0558,9.0415,0,0.23795,10.107,3.6502
8.0558,9.0653,0,0.22133,10.008,3.6494
8.0558,9.0875,0,0.20058,9.9055,3.6222
8.0558,9.1075,0,0.16668,9.8013,3.5235
8.0558,9.1242,0,0.12131,9.6953,3.3603
8.0558,9.1363,0,0.062392,9.5879,3.1242
8.0558,9.1426,0,-0.0012202,9.4795,2.8589
8.0558,9.1424,0,-0.029661,9.3708,2.7355
8.8624,9.1395,-1.5208,-0.058898,14.188,12.053
8.8624,9.1336,0,-0.089429,14.16,0.37263
8.8624,9.1246,0,-0.11793,14.133,0.29008
8.8624,9.1128,0,-0.14423,14.108,0.21162
8.8624,9.0984,0,-0.16996,14.084,0.1344
8.8624,9.0814,0,-0.1879,14.061,0.071051
8.8624,9.0626,0,-0.20176,14.04,0.014462
8.8624,9.0425,0,-0.21233,14.021,0
8.8624,9.0212,0,-0.21973,14.004,0
8.8624,8.9992,0,-0.22766,13.989,0
8.8624,8.9765,0,-0.23366,13.976,0
8.8624,8.9531,0,-0.24153,13.966,0
8.8624,8.929,0,-0.25591,13.958,0
8.8624,8.9034,0,-0.273,13.953,0
8.8624,8.8761,0,-0.29328,13.95,0
8.8624,8.8467,0,-0.31468,13.95,0
8.8624,8.8153,0,-0.33675,13.954,0
8.8624,8.7816,0,-0.35776,13.96,0
8.8624,8.7458,0,-0.37133,13.97,0
8.8624,8.7087,0,-0.38326,13.983,0
8.8624,8.6704,0,-0.39254,14.001,0
8.8624,8.6311,0,-0.40303,14.022,0
8.8624,8.5908,0,-0.41816,14.047,0
6.9124,8.549,-1.4775,-0.44514,11.696,15.702
6.9124,8.5045,0,-0.48151,11.534,2.4586
