3.8889,3.8889,0.80953,0,35.5,0
3.8889,3.8889,0,7.8,35.5,74.244
3.8889,4.6689,0,7.8,35.461,79.75
3.8889,5.4489,0,7.8,35.344,85.292
3.8889,6.2289,0,6.7,35.149,77.154
3.8889,6.8989,0,6.7,34.881,81.885
3.8889,7.5689,0,6.7,34.547,86.642
3.8889,8.2389,0,6.7,34.145,91.424
3.8889,8.9089,0,6.7,33.677,96.229
3.8889,9.5789,0,6.7,33.142,101.06
4.697,10.249,0.79973,-0.33247,32.954,12.828
4.697,10.216,0,-0.33374,32.401,19.958
4.697,10.182,0,-0.33425,31.85,19.778
4.697,10.149,0,-0.33441,31.304,19.601
4.697,10.115,0,-0.33472,30.76,19.423
4.697,10.082,0,-0.33554,30.22,19.241
4.697,10.048,0,-0.33785,29.683,19.046
4.697,10.015,0,-0.33982,29.15,18.853
4.697,9.9806,0,-0.34205,28.62,18.658
4.697,9.9464,0,-0.34449,28.093,18.46
5.32,9.912,0.19043,-0.34819,27.943,13.374
5.32,9.8771,0,-0.35248,27.486,14.916
5.32,9.8419,0,-0.3575,27.032,14.705
5.32,9.8061,0,-0.3625,26.582,14.492
5.32,9.7699,0,-0.36735,26.135,14.279
5.3723,9.7332,0.022172,-0.37273,25.68,13.608
5.3723,9.6959,0,-0.37924,25.245,13.584
5.3723,9.658,0,-0.38539,24.815,13.358
5.3723,9.6194,0,-0.39044,24.388,13.138
5.3723,9.5804,0,-0.39797,23.966,12.899
5.3723,9.5406,0,-0.40618,23.547,12.652
5.3723,9.5,0,-0.41446,23.132,12.403
5.3723,9.4585,0,-0.42361,22.721,12.145
5.3723,9.4162,0,-0.43376,22.315,11.878
5.3723,9.3728,0,-0.44521,21.913,11.599
5.3723,9.3283,0,-0.45842,21.515,11.304
5.3723,9.2824,0,-0.47416,21.121,10.989
5.3723,9.235,0,-0.49283,20.733,10.65
5.3723,9.1857,0,-0.51419,20.349,10.289
5.3723,9.1343,0,-0.53877,19.97,9.9015
5.3723,9.0804,0,-0.56661,19.597,9.4887
5.3723,9.0238,0,-0.59683,19.229,9.0563
5.3723,8.9641,0,-0.62881,18.867,8.6094
5.3723,8.9012,0,-0.66357,18.511,8.1427
5.3723,8.8348,0,-0.69945,18.161,7.6678
5.3723,8.7649,0,-0.73667,17.818,7.1849
5.3723,8.6912,0,-0.77591,17.483,6.6924
5.3723,8.6136,0,-0.8158,17.155,6.2
5.3723,8.5321,0,-0.86041,16.835,5.6901
5.3723,8.446,0,-0.90504,16.523,5.1895
5.3723,8.3555,0,-0.94926,16.22,4.7032
5.3723,8.2606,0,-0.9941,15.927,4.2304
5.3723,8.1612,0,-1.046,15.643,3.7526
5.3723,8.0566,0,-1.0991,15.369,3.2998
5.3723,7.9467,0,-1.1562,15.106,2.8724
5.3723,7.831,0,-1.2134,14.854,2.4912
5.3723,7.7097,0,-1.2709,14.615,2.1654
5.3723,7.5826,0,-1.3344,14.387,1.902
2.5436,7.4492,-0.56479,-1.3917,10.418,13.844
2.4936,7.31,-0.85446,-1.4501,9.9259,16.012
2.4936,7.165,0,-1.5244,9.4516,7.6088
2.4936,7.0126,0,-1.5961,8.992,6.7356
2.4936,6.8529,0,-1.662,8.5481,5.9389
2.4936,6.6867,0,-5.2,8.1205,2.6832
2.1641,6.1667,-0.38085,-5.2,7.6219,0
2.1641,5.6467,0,-8.8,7.2476,0
2.1641,4.7667,0,-8.8,6.9434,0
2.1641,3.8867,0,-8.8,6.7271,0
2.1641,3.0067,0,-0.23586,6.5988,1.3063
2.1641,2.9832,0,-8.8,6.5158,0
2.1641,2.1032,0,-0.029867,6.4779,0
2.1641,2.1002,0,-0.028339,6.4841,0
2.1641,2.0973,0,-0.027838,6.4906,0
2.1641,2.0945,0,-0.025801,6.4974,0
1.9609,2.092,0.42619,-0.021421,6.3385,0
1.9609,2.0898,0,-0.013156,6.3255,0.24288
1.9609,2.0885,0,-0.0018348,6.3127,0.26689
1.9609,2.0883,0,0.28305,6.2999,1.1357
1.9609,2.1166,0,0.55553,6.2858,2.3726
1.9609,2.1722,0,0.78782,6.2674,3.7705
1.9609,2.251,0,0.94614,6.2424,5.0048
1.9609,2.3456,0,1.0365,6.2086,5.9648
1.9609,2.4492,0,1.047,6.165,6.4723
1.9609,2.5539,0,1.0485,6.1109,6.9322
1.9609,2.6588,0,1.0191,6.0463,7.1879
1.9609,2.7607,0,1.004,5.9715,7.5296
1.9609,2.8611,0,0.98766,5.8865,7.8594
1.9609,2.9599,0,0.93962,5.7915,7.9616
1.9609,3.0538,0,0.90883,5.6869,8.1632
1.9609,3.1447,0,0.87562,5.5731,8.3345
1.9609,3.2323,0,0.83549,5.4503,8.4425
1.9609,3.3158,0,0.77055,5.319,8.3583
1.9609,3.3929,0,0.71157,5.1796,8.2882
1.9609,3.464,0,0.68479,5.0329,8.4163
1.9609,3.5325,0,0.66837,4.8791,8.605
1.9609,3.5993,0,0.65651,4.7186,8.8193
1.9609,3.665,0,0.67438,4.5515,9.241
1.9609,3.7324,0,0.69382,4.3777,9.6879
1.9609,3.8018,0,0.7086,4.1971,10.115
1.9609,3.8727,0,0.74378,4.0094,10.707
1.9609,3.9471,0,0.78249,3.8145,11.353
1.9609,4.0253,0,0.81563,3.612,11.985
1.9609,4.1069,0,0.84806,3.4015,12.637
1.9609,4.1917,0,0.86371,3.1826,13.18
1.9609,4.278,0,0.86462,2.9552,13.617
1.9609,4.3645,0,0.88717,2.7192,14.235
1.9609,4.4532,0,0.88165,2.4744,14.637
1.9609,4.5414,0,0.89277,2.2208,15.179
1.9609,4.6307,0,0.88929,1.9582,15.608
1.9609,4.7196,0,0.88874,1.6868,16.063
1.9609,4.8085,0,0.88795,1.4065,16.518
5.7909,4.8973,0.99228,0.88641,8.2629,0
5.7909,4.9859,0,0.88098,8.3479,0.74508
5.7909,5.074,0,0.87623,8.424,0.99964
5.7909,5.1616,0,0.87034,8.4913,1.2529
5.7909,5.2487,0,0.858,8.5498,1.4793
5.7909,5.3345,0,0.85365,8.5998,1.7425
5.7909,5.4198,0,0.83605,8.6412,1.945
5.7909,5.5034,0,0.8151,8.6741,2.127
6.506,5.5849,0.55363,0.79181,9.0031,0
6.506,5.6641,0,0.75502,9.0913,0.13892
6.506,5.7396,0,0.7289,9.1717,0.25579
6.506,5.8125,0,0.70635,9.2447,0.37904
6.506,5.8831,0,0.69935,9.3105,0.55617
6.506,5.9531,0,0.69502,9.3693,0.7448
6.506,6.0226,0,0.6845,9.4211,0.9103
6.506,6.091,0,0.67389,9.466,1.0743
6.506,6.1584,0,0.66423,9.5042,1.241
6.506,6.2248,0,0.64077,9.5356,1.3473
7.0984,6.2889,0.3403,0.61757,9.8377,0
7.0984,6.3507,0,0.5974,9.9155,0
7.0984,6.4104,0,0.5673,9.9873,0
7.0984,6.4672,0,0.52785,10.053,0
7.0984,6.5199,0,0.487,10.114,0
7.0984,6.5686,0,0.44732,10.169,0
7.0984,6.6134,0,0.40921,10.22,0
7.0984,6.6543,0,0.37449,10.266,0
7.1585,6.6917,-0.11721,0.33604,10.356,0.12321
7.1447,6.7253,-0.20908,0.30042,10.395,0.44847
7.1447,6.7554,0,0.263,10.436,0
7.1447,6.7817,0,0.22593,10.473,0
7.1447,6.8043,0,0.19102,10.509,0
7.1447,6.8234,0,0.15837,10.542,0
7.1447,6.8392,0,0.12065,10.573,0
7.1447,6.8513,0,0.074683,10.603,0
6.8923,6.8588,-0.65637,0.023572,10.558,2.6023
6.8923,6.8611,0,-0.0089574,10.562,0
6.8923,6.8602,0,-0.030537,10.565,0
6.6312,6.8572,-1.0715,-0.057676,10.522,6.4128
6.6312,6.8514,0,-0.08128,10.5,0.28238
6.6312,6.8433,0,-0.1087,10.478,0.20645
6.6312,6.8324,0,-0.13869,10.457,0.12525
6.6312,6.8185,0,-0.16675,10.438,0.048223
6.6312,6.8018,0,-0.1962,10.42,0
6.6312,6.7822,0,-0.22717,10.404,0
6.6312,6.7595,0,-0.261,10.39,0
6.6312,6.7334,0,-0.29778,10.378,0
5.5046,6.7036,-1.4552,-0.33199,9.8675,13.87
5.5046,6.6704,0,-0.36703,9.7492,1.7168
5.5046,6.6337,0,-0.40758,9.6345,1.5083
5.5046,6.593,0,-0.45214,9.5236,1.2964
5.5046,6.5478,0,-0.50162,9.4171,1.0845
4.6653,6.4976,-1.9946,-0.55917,9.1146,25.252
4.6653,6.4417,0,-0.62118,8.9341,2.4805
4.6653,6.3796,0,-0.68726,8.7596,2.1244
4.6653,6.3108,0,-0.74914,8.5916,1.8065
4.6653,6.2359,0,-0.80141,8.4308,1.5391
4.6653,6.1558,0,-5.2,8.2777,17.242
4.6653,5.6358,0,-8.8,8.1547,8.6118
4.6653,4.7558,0,-0.35483,8.1016,0
4.6653,4.7203,0,-0.37426,8.0944,0
4.6653,4.6829,0,-0.38862,8.0907,0
4.6653,4.644,0,-8.8,8.0909,6.5786
3.3092,3.764,-0.46573,-0.11403,7.1822,2.5474
3.3092,3.7526,0,-0.12181,7.1373,0.67501
3.3092,3.7404,0,-0.13411,7.0936,0.61656
3.3092,3.727,0,-0.15077,7.0511,0.54666
3.3092,3.7119,0,-0.17193,7.0101,0.46581
3.3092,3.6947,0,-0.19543,6.9707,0.37981
3.3092,3.6752,0,-8.8,6.9331,0
3.3092,2.7952,0,-0.0021971,6.9405,0
3.3092,2.795,0,-0.014855,6.9919,0
3.3092,2.7935,0,-0.022953,7.0434,0
3.3092,2.7912,0,-0.030749,7.0951,0
3.3092,2.7881,0,-0.040167,7.1471,0
3.3092,2.7841,0,-0.048683,7.1994,0
2.5023,2.7792,-0.44402,-0.056281,6.6883,2.1124
2.5023,2.7736,0,-0.06625,6.6609,0.4278
2.5023,2.767,0,-0.069452,6.6341,0.40549
2.5023,2.76,0,-0.071008,6.608,0.38659
2.5023,2.7529,0,-0.072186,6.5826,0.36835
2.5023,2.7457,0,-0.067892,6.5579,0.36277
2.5023,2.7389,0,-0.063298,6.5339,0.35883
2.5023,2.7326,0,-0.061335,6.5105,0.34969
2.5023,2.7265,0,-0.056981,6.4878,0.34662
2.5023,2.7208,0,-0.051411,6.4657,0.34738
2.5023,2.7156,0,-0.046748,6.4441,0.34724
2.5023,2.711,0,-0.042098,6.423,0.34811
2.5023,2.7067,0,-0.040009,6.4023,0.34388
2.5023,2.7027,0,-0.034703,6.3821,0.34785
2.5023,2.6993,0,-8.8,6.3622,0
2.5525,1.8193,0.13266,3.019,6.3786,14.724
2.5525,2.1212,0,1.4587,6.4369,5.2852
2.5525,2.267,0,0.9163,6.4727,2.646
2.5525,2.3587,0,0.62272,6.4967,1.543
2.5525,2.4209,0,0.44811,6.5129,1.0152
2.5525,2.4658,0,0.37761,6.5239,0.87991
2.5525,2.5035,0,0.28834,6.5307,0.67216
2.6326,2.5324,0.13488,0.2446,6.5934,0.033879
2.6326,2.5568,0,0.22909,6.6022,0.41544
2.6326,2.5797,0,0.22155,6.6086,0.44989
2.6326,2.6019,0,0.18953,6.6128,0.40934
2.6326,2.6208,0,0.16769,6.6149,0.39218
2.6326,2.6376,0,0.16953,6.6153,0.43843
2.7292,2.6546,0.13113,0.16958,6.6407,0
2.7292,2.6715,0,0.14089,6.6473,0.20896
2.7292,2.6856,0,0.15619,6.6524,0.2833
2.7292,2.7012,0,0.14343,6.656,0.2852
2.7292,2.7156,0,0.12448,6.6581,0.26762
2.7292,2.728,0,0.11596,6.6588,0.27386
2.7292,2.7396,0,0.11847,6.6584,0.30763
2.8012,2.7515,0.13358,0.10716,6.6874,0
2.8012,2.7622,0,0.12318,6.6918,0.20542
2.8012,2.7745,0,0.10916,6.6951,0.19731
2.8012,2.7854,0,0.097217,6.6972,0.19158
2.8012,2.7951,0,0.11269,6.6983,0.25386
2.8012,2.8064,0,0.13405,6.6984,0.33786
2.8012,2.8198,0,0.14617,6.6972,0.4039
2.8012,2.8344,0,0.15324,6.6946,0.45977
2.8012,2.8497,0,0.15371,6.6905,0.49874
2.8012,2.8651,0,0.15353,6.6849,0.53617
2.8012,2.8805,0,0.14763,6.6778,0.55665
2.8012,2.8952,0,0.15381,6.6691,0.61216
2.8012,2.9106,0,0.14656,6.6589,0.6287
2.8012,2.9253,0,0.13555,6.6473,0.63199
2.8012,2.9388,0,0.14896,6.6342,0.70745
2.8012,2.9537,0,0.1301,6.6197,0.68686
2.8012,2.9667,0,0.11915,6.6038,0.6861
2.8012,2.9786,0,0.12287,6.5866,0.72757
2.8012,2.9909,0,0.13117,6.5683,0.78477
2.8012,3.004,0,0.1318,6.5487,0.82047
3.0815,3.0172,0.14029,0.12112,6.8487,0
3.0815,3.0293,0,0.12661,6.8546,0.18434
3.1017,3.042,0.13559,0.11137,6.8752,0
3.1017,3.0531,0,0.1278,6.8806,0.19568
3.1017,3.0659,0,0.13741,6.8848,0.25069
3.1017,3.0797,0,0.13018,6.8877,0.26337
3.1017,3.0927,0,0.1396,6.8893,0.31955
3.1017,3.1066,0,0.14096,6.8895,0.35652
3.1017,3.1207,0,0.1278,6.8883,0.35353
3.1017,3.1335,0,0.1225,6.8857,0.36922
3.1017,3.1458,0,0.11965,6.8819,0.39043
3.1017,3.1577,0,0.11141,6.8769,0.39601
3.1017,3.1689,0,0.10023,6.8708,0.39161
3.1017,3.1789,0,0.095922,6.8636,0.40347
3.2527,3.1885,0.13548,0.11231,6.979,0
3.2527,3.1997,0,0.11135,6.9849,0.14332
3.2527,3.2108,0,0.10472,6.9896,0.15172
3.2527,3.2213,0,0.10785,6.9933,0.18333
3.2899,3.2321,0.13165,0.099143,7.0122,0
3.2899,3.242,0,0.093259,7.0175,0.10994
3.2899,3.2513,0,0.10313,7.0218,0.15528
3.2899,3.2617,0,0.11459,7.0252,0.20796
3.2899,3.2731,0,0.11186,7.0274,0.22714
3.2899,3.2843,0,0.11281,7.0285,0.2554
3.372,3.2956,0.13207,0.12753,7.0526,0
3.372,3.3083,0,0.14045,7.0596,0.19409
3.3992,3.3224,0.13306,0.12672,7.0688,0
3.3992,3.3351,0,0.11869,7.0759,0.13685
3.3992,3.3469,0,0.11756,7.0817,0.16086
3.3992,3.3587,0,0.11594,7.0863,0.18345
3.3992,3.3703,0,0.1346,7.0898,0.25924
3.3992,3.3837,0,0.14239,7.092,0.31207
3.3992,3.398,0,0.16177,7.0929,0.40071
3.5316,3.4141,0.42719,0.18688,7.1385,0
3.5316,3.4328,0,0.21853,7.1493,0.32717
3.5316,3.4547,0,0.27242,7.1581,0.54702
3.5316,3.4819,0,0.32931,7.1644,0.81018
3.5316,3.5149,0,0.3678,7.1678,1.0411
3.5316,3.5516,0,0.38904,7.1676,1.2278
3.5316,3.5905,0,0.42548,7.1637,1.4888
3.5316,3.6331,0,0.45575,7.1556,1.7464
3.5316,3.6787,0,0.48226,7.1432,2.0065
4.0739,3.7269,0.53218,0.49073,7.3728,0
4.0739,3.776,0,0.4961,7.4051,0.72002
4.0739,3.8256,0,0.47291,7.4324,0.7746
4.0739,3.8729,0,0.45734,7.4548,0.85088
4.0739,3.9186,0,0.4199,7.4727,0.84188
4.0739,3.9606,0,0.39393,7.4861,0.86491
4.0739,4,0,0.37422,7.4955,0.90348
4.0739,4.0374,0,0.36143,7.501,0.96179
4.0739,4.0736,0,0.40407,7.5028,1.2267
4.0739,4.114,0,0.46677,7.5008,1.6028
4.0739,4.1606,0,0.55666,7.4945,2.1493
4.0739,4.2163,0,0.64612,7.483,2.7695
4.0739,4.2809,0,0.74558,7.4656,3.5217
4.0739,4.3555,0,0.841,7.4411,4.3415
4.0739,4.4396,0,0.90022,7.4088,5.0267
4.0739,4.5296,0,0.9485,7.3677,5.6941
4.0739,4.6244,0,0.98718,7.3174,6.3408
4.0739,4.7232,0,1.0182,7.2574,6.9705
4.0739,4.825,0,1.0201,7.1874,7.4269
4.0739,4.927,0,1.0141,7.1072,7.835
4.0739,5.0284,0,1.0072,7.0168,8.2387
4.0739,5.1291,0,1.0127,6.9163,8.7327
4.0739,5.2304,0,0.99998,6.8058,9.1019
4.0739,5.3304,0,1.0051,6.6851,9.6004
4.0739,5.4309,0,1.0103,6.5544,10.108
4.0739,5.5319,0,1.0093,6.4137,10.576
4.0739,5.6329,0,1.0079,6.2628,11.046
4.0739,5.7337,0,1.0012,6.1019,11.478
4.0739,5.8338,0,0.99008,5.9309,11.876
4.0739,5.9328,0,0.97514,5.75,12.24
4.0739,6.0303,0,0.96278,5.5592,12.62
4.0739,6.1266,0,0.94908,5.3588,12.985
4.0739,6.2215,0,0.92209,5.1488,13.238
4.0739,6.3137,0,0.9056,4.9294,13.563
4.0739,6.4043,0,0.87579,4.7009,13.773
4.0739,6.4918,0,0.84471,4.4635,13.958
7.6662,6.5763,0.53695,0.80826,10.363,0
7.6662,6.6571,0,0.78319,10.467,0
7.6662,6.7355,0,0.75076,10.564,0
7.6662,6.8105,0,0.72258,10.654,0
7.6662,6.8828,0,0.68718,10.736,0.058051
7.6662,6.9515,0,0.64021,10.811,0.08177
7.6662,7.0155,0,0.60049,10.879,0.11831
7.6662,7.0756,0,0.55127,10.941,0.11279
7.6662,7.1307,0,0.48869,10.997,0.053414
7.6662,7.1796,0,0.42883,11.048,0
7.6662,7.2225,0,0.35629,11.095,0
7.6662,7.2581,0,0.27603,11.138,0
7.6662,7.2857,0,0.19837,11.177,0
7.6662,7.3055,0,0.12982,11.214,0
7.6662,7.3185,0,0.034586,11.249,0
7.6662,7.322,0,-0.022557,11.284,0
7.0968,7.3197,-1.3278,-0.054077,11.325,9.2178
7.0968,7.3143,0,-0.084781,11.303,0.26894
7.0968,7.3058,0,-0.11622,11.282,0.18488
7.0968,7.2942,0,-0.13294,11.261,0.1288
7.0968,7.2809,0,-0.12724,11.242,0.11368
7.0968,7.2682,0,-0.10639,11.225,0.12916
7.0968,7.2575,0,-0.065112,11.208,0.19323
7.0968,7.251,0,-0.010223,11.192,0.30527
7.0968,7.25,0,0.097746,11.177,0.59183
7.0968,7.2598,0,0.1542,11.161,0.78927
7.0968,7.2752,0,0.17354,11.144,0.8925
7.0968,7.2926,0,0.14861,11.125,0.85635
7.44,7.3074,-0.50346,0.087903,11.131,1.7288
7.44,7.3162,0,0.04977,11.144,0
7.44,7.3212,0,0.038309,11.156,0
7.44,7.325,0,0.014697,11.168,0
7.285,7.3265,-0.66457,-0.010332,11.154,2.7444
7.285,7.3255,0,-0.02536,11.15,0.029748
7.285,7.3229,0,-0.044747,11.146,0
7.0387,7.3184,-1.3899,-0.069855,11.125,10.168
7.0387,7.3115,0,-0.10177,11.098,0.34768
7.0387,7.3013,0,-0.13955,11.071,0.24533
7.0387,7.2873,0,-0.17793,11.045,0.14392
7.0387,7.2695,0,-0.22395,11.021,0.034533
7.0387,7.2471,0,-0.27107,10.999,0
5.9997,7.22,-1.8102,-0.32044,10.697,20.088
5.9997,7.188,0,-0.36756,10.576,1.772
5.9997,7.1512,0,-0.4047,10.459,1.5703
5.9997,7.1108,0,-0.43045,10.346,1.4037
5.9997,7.0677,0,-0.44252,10.237,1.2747
5.9997,7.0235,0,-0.44149,10.133,1.1793
5.9997,6.9793,0,-0.43341,10.033,1.1024
5.9997,6.936,0,-0.4228,9.9368,1.0337
5.5254,6.8937,-0.24428,-0.41554,9.5026,3.0575
5.5254,6.8521,0,-0.42025,9.3678,1.9606
5.5254,6.8101,0,-0.43602,9.2372,1.8056
5.5254,6.7665,0,-0.45771,9.111,1.6359
5.5254,6.7207,0,-0.48065,8.9891,1.4664
5.5254,6.6727,0,-0.49879,8.872,1.3131
5.5254,6.6228,0,-0.51643,8.7598,1.1655
5.5254,6.5712,0,-0.52232,8.6526,1.0467
5.5254,6.5189,0,-0.51858,8.5506,0.95005
5.5254,6.4671,0,-5.2,8.4539,33.482
5.5254,5.9471,0,-0.29566,8.3857,0.26399
5.5254,5.9175,0,-0.27339,8.345,0.24669
5.5254,5.8902,0,-8.8,8.3072,24.735
5.5254,5.0102,0,0.23282,8.3147,0
5.5254,5.0334,0,0.31974,8.365,0
5.5254,5.0654,0,0.40606,8.4126,0
5.5254,5.106,0,0.49262,8.4566,0.37241
5.5254,5.1553,0,0.55948,8.4961,0.7517
5.5254,5.2112,0,0.61181,8.5303,1.1243
5.5254,5.2724,0,0.65945,8.5586,1.517
5.5254,5.3384,0,0.69292,8.5806,1.8814
5.5254,5.4076,0,0.73816,8.5959,2.3298
5.5254,5.4815,0,0.7612,8.6039,2.7012
5.5254,5.5576,0,0.78434,8.6045,3.0928
5.5254,5.636,0,0.80896,8.5974,3.5125
5.5254,5.7169,0,0.83765,8.5823,3.9768
5.5254,5.8007,0,0.84972,8.5589,4.3683
5.5254,5.8857,0,0.86008,8.5272,4.7623
5.5254,5.9717,0,0.86273,8.4868,5.1207
7.1979,6.0579,1.021,0.87043,9.179,0
7.1979,6.145,0,0.87869,9.2886,0
7.1979,6.2328,0,0.88303,9.3895,0.27081
7.1979,6.3211,0,0.87484,9.4816,0.50094
7.1979,6.4086,0,0.87275,9.5649,0.75892
7.1979,6.4959,0,0.87591,9.6395,1.0454
7.1979,6.5835,0,0.88102,9.7053,1.3495
7.1979,6.6716,0,0.87662,9.7624,1.6186
7.1979,6.7593,0,0.86988,9.8106,1.8801
7.1979,6.8463,0,0.85386,9.8501,2.0979
7.1979,6.9316,0,0.83609,9.881,2.3037
7.1979,7.0152,0,0.81527,9.9035,2.4898
7.1979,7.0968,0,0.79921,9.9176,2.6943
7.1979,7.1767,0,0.78884,9.9238,2.9245
7.1979,7.2556,0,0.77585,9.9219,3.1397
7.1979,7.3332,0,0.7703,9.9123,3.3924
8.5824,7.4102,0.73809,0.75684,11.096,0
8.5824,7.4859,0,0.75341,11.209,0
8.5824,7.5612,0,0.74887,11.315,0
8.5824,7.6361,0,0.73758,11.413,0
8.5824,7.7099,0,0.73219,11.504,0
8.5824,7.7831,0,0.72919,11.588,0.16411
8.5824,7.856,0,0.72495,11.664,0.35494
8.5824,7.9285,0,0.70741,11.733,0.49705
8.5824,7.9992,0,0.69411,11.795,0.6519
8.5824,8.0686,0,0.67686,11.85,0.78877
8.5824,8.1363,0,0.66572,11.898,0.94634
8.5824,8.2029,0,0.64982,11.939,1.0826
8.5824,8.2679,0,0.62957,11.974,1.1969
8.5824,8.3308,0,0.61159,12.002,1.3149
8.5824,8.392,0,0.58888,12.024,1.4078
8.5824,8.4509,0,0.57061,12.04,1.5128
8.5824,8.508,0,0.54427,12.051,1.5778
8.5824,8.5624,0,0.52297,12.055,1.6562
8.5824,8.6147,0,0.49598,12.055,1.7034
8.5824,8.6643,0,0.47186,12.049,1.7546
9.4926,8.7115,0.15523,0.44917,13.197,0
9.4926,8.7564,0,0.4294,13.273,0
9.4926,8.7993,0,0.41407,13.344,0
9.4926,8.8407,0,0.39523,13.411,0
9.4926,8.8802,0,0.38067,13.475,0
9.4926,8.9183,0,0.36955,13.534,0
9.4926,8.9553,0,0.36771,13.589,0
9.4926,8.992,0,0.37098,13.641,0
9.4926,9.0291,0,0.37834,13.69,0
9.4926,9.067,0,0.3915,13.734,0.032112
9.4926,9.1061,0,0.40548,13.775,0.17312
9.4926,9.1467,0,0.4188,13.811,0.32044
9.4926,9.1886,0,0.42725,13.844,0.45953
9.4926,9.2313,0,0.42637,13.872,0.57184
9.4926,9.2739,0,0.4366,13.896,0.72539
9.4926,9.3176,0,0.4425,13.916,0.86965
9.4926,9.3618,0,0.4423,13.931,0.99539
9.4926,9.4061,0,0.44137,13.942,1.1201
10.253,9.4502,0.47946,0.43868,14.526,0
10.253,9.4941,0,0.43964,14.605,0
10.253,9.538,0,0.44218,14.678,0
10.253,9.5822,0,0.44164,14.747,0
10.253,9.6264,0,0.44224,14.812,0
10.253,9.6706,0,0.44433,14.873,0
10.253,9.7151,0,0.44825,14.929,0
10.253,9.7599,0,0.44911,14.98,0.038817
10.253,9.8048,0,0.45487,15.027,0.17193
10.253,9.8503,0,0.45219,15.07,0.28197
10.253,9.8955,0,0.45474,15.108,0.41067
