24.722,24.722,-0.56219,0,35.5,2.0591
24.722,24.722,0,-0.0081367,35.5,0
24.722,24.721,0,-0.015378,35.5,0
24.722,24.72,0,-0.020384,35.5,0
24.722,24.718,0,-0.027046,35.501,0
24.722,24.715,0,-0.03106,35.501,0
24.722,24.712,0,-0.035991,35.502,0
24.722,24.708,0,-0.039929,35.503,0
24.722,24.704,0,-0.042656,35.505,0
24.722,24.7,0,-0.044827,35.507,0
24.722,24.696,0,-0.047358,35.509,0
24.722,24.691,0,-0.050787,35.512,0
24.722,24.686,0,-0.052674,35.515,0
24.722,24.681,0,-0.055449,35.519,0
24.722,24.675,0,-0.057804,35.524,0
24.722,24.669,0,-0.061542,35.529,0
24.722,24.663,0,-0.064062,35.534,0
24.722,24.657,0,-0.067087,35.541,0
24.722,24.65,0,-0.070291,35.548,0
24.117,24.643,-0.30282,-0.073839,34.936,2.1615
24.117,24.636,0,-0.07635,34.884,0.97949
24.117,24.628,0,-0.079302,34.832,0.95211
24.034,24.62,-0.21356,-0.082759,34.784,1.9111
24.034,24.612,0,-0.084117,34.726,1.103
24.034,24.603,0,-0.084086,34.669,1.082
24.034,24.595,0,-0.083652,34.612,1.0624
24.006,24.587,0.069032,-0.082802,34.543,0.91301
24.006,24.578,0,-0.082104,34.486,1.0952
24.006,24.57,0,-0.08179,34.429,1.0756
24.006,24.562,0,-0.082071,34.373,1.0544
24.006,24.554,0,-0.082589,34.318,1.0325
24.006,24.545,0,-0.082788,34.263,1.0115
24.006,24.537,0,-0.085294,34.21,0.98369
24.006,24.529,0,-0.084665,34.157,0.96462
24.006,24.52,0,-0.084372,34.105,0.94479
24.006,24.512,0,-0.083695,34.054,0.92621
23.942,24.503,0.018478,-0.082013,33.955,1.0119
23.942,24.495,0,-0.079365,33.899,1.0548
23.942,24.487,0,-0.078222,33.844,1.0385
23.942,24.479,0,-0.079488,33.79,1.0153
23.942,24.471,0,-0.080296,33.737,0.99332
23.942,24.463,0,-0.081843,33.684,0.96904
23.942,24.455,0,-0.081315,33.633,0.95055
23.942,24.447,0,-0.081994,33.582,0.92875
23.942,24.439,0,-0.081455,33.532,0.91038
23.881,24.431,-0.047007,-0.082088,33.439,1.1853
23.881,24.423,0,-0.081543,33.384,1.0191
23.881,24.414,0,-0.08156,33.33,0.99892
23.881,24.406,0,-0.082478,33.277,0.97616
23.845,24.398,-0.14479,-0.083435,33.21,1.5346
23.845,24.39,0,-0.084973,33.155,1.0174
23.845,24.381,0,-0.084755,33.101,0.99705
23.82,24.373,-0.031059,-0.084045,33.037,1.1366
23.818,24.364,-0.027206,-0.083295,32.98,1.1107
23.818,24.356,0,-0.083023,32.926,1.0073
23.818,24.348,0,-0.080724,32.873,0.99366
23.818,24.34,0,-0.080743,32.82,0.97375
23.818,24.331,0,-0.081684,32.768,0.95123
23.818,24.323,0,-0.082606,32.717,0.92864
23.818,24.315,0,-0.083674,32.667,0.90552
23.818,24.307,0,-0.083917,32.618,0.8846
23.818,24.298,0,-0.084003,32.569,0.86416
23.818,24.29,0,-0.083679,32.522,0.84492
23.818,24.282,0,-0.083132,32.475,0.82645
23.818,24.273,0,-0.082631,32.429,0.80804
23.818,24.265,0,-0.082244,32.384,0.78949
23.818,24.257,0,-0.081114,32.339,0.77313
23.818,24.249,0,-0.079685,32.296,0.75789
23.818,24.241,0,-0.079466,32.253,0.73974
23.818,24.233,0,-0.076853,32.211,0.72816
23.818,24.225,0,-0.075449,32.17,0.71394
23.818,24.217,0,-0.072435,32.13,0.70441
23.772,24.21,0.13901,-0.069563,32.029,0.45969
23.772,24.203,0,-0.066372,31.985,0.79476
23.807,24.197,0.13338,-0.0621,31.933,0.38743
23.812,24.19,0.099124,-0.060516,31.899,0.44266
23.812,24.184,0,-0.056661,31.861,0.68355
23.812,24.179,0,-0.055847,31.824,0.67247
23.812,24.173,0,-0.057078,31.788,0.65611
23.812,24.167,0,-0.059782,31.752,0.63562
23.812,24.161,0,-0.060827,31.717,0.61901
23.812,24.155,0,-0.062874,31.682,0.59962
23.812,24.149,0,-0.062924,31.648,0.58506
23.763,24.143,0.051181,-0.061479,31.586,0.55389
23.763,24.137,0,-0.059365,31.548,0.67747
23.763,24.131,0,-0.058779,31.511,0.66517
23.763,24.125,0,-0.055144,31.474,0.66121
23.799,24.119,0.13411,-0.05217,31.437,0.26645
23.818,24.114,0.1433,-0.048388,31.412,0.21002
23.818,24.109,0,-0.044518,31.382,0.52751
23.818,24.105,0,-0.041926,31.353,0.52403
23.818,24.101,0,-0.038806,31.325,0.52251
23.818,24.097,0,-0.034481,31.297,0.52484
23.917,24.093,0.25429,-0.028947,31.283,0
23.917,24.09,0,-0.023445,31.266,0.31537
23.917,24.088,0,-0.018754,31.248,0.32152
23.917,24.086,0,-0.016832,31.231,0.32204
23.917,24.084,0,-0.013311,31.215,0.32688
24.022,24.083,0.19439,-0.01,31.25,0
24.044,24.082,0.23275,-0.0063161,31.24,0
24.044,24.082,0,-0.0021236,31.236,0.073597
24.044,24.081,0,0.00015697,31.232,0.078144
24.044,24.081,0,0.0067486,31.228,0.092745
24.138,24.082,0.18002,0.012759,31.254,0
24.138,24.083,0,0.015026,31.259,0
24.138,24.085,0,0.019585,31.265,0
24.138,24.087,0,0.025133,31.27,0
24.138,24.089,0,0.030933,31.275,0
24.138,24.092,0,0.035322,31.28,0
24.138,24.096,0,0.038376,31.284,0
24.138,24.1,0,0.042093,31.288,0.01075
24.138,24.104,0,0.043504,31.292,0.022778
24.138,24.108,0,0.046439,31.295,0.038603
24.337,24.113,0.17413,0.050956,31.403,0
24.337,24.118,0,0.055485,31.425,0
24.337,24.124,0,0.059623,31.447,0
24.337,24.13,0,0.061391,31.468,0
24.337,24.136,0,0.066846,31.488,0
24.337,24.142,0,0.069799,31.508,0
24.337,24.149,0,0.073747,31.527,0
24.337,24.157,0,0.079072,31.546,0
24.337,24.165,0,0.082974,31.564,0
24.337,24.173,0,0.083693,31.58,0
24.337,24.181,0,0.087147,31.596,0
24.337,24.19,0,0.090774,31.612,0
24.337,24.199,0,0.091628,31.626,0
24.613,24.208,0.20545,0.092553,31.829,0
24.613,24.217,0,0.093614,31.869,0
24.613,24.227,0,0.097577,31.908,0
24.684,24.237,0.19497,0.10244,31.969,0
24.708,24.247,0.17029,0.10564,32.004,0
24.708,24.257,0,0.10719,32.05,0
24.708,24.268,0,0.10939,32.094,0
24.708,24.279,0,0.11276,32.138,0
24.708,24.29,0,0.11304,32.18,0
24.797,24.302,0.1939,0.11365,32.236,0
24.797,24.313,0,0.1154,32.284,0
24.797,24.325,0,0.1162,32.332,0
24.797,24.336,0,0.11536,32.379,0
24.797,24.348,0,0.11759,32.424,0
24.797,24.359,0,0.11594,32.469,0
24.797,24.371,0,0.11445,32.512,0
24.797,24.382,0,0.114,32.554,0
24.894,24.394,0.16677,0.11521,32.626,0
24.894,24.405,0,0.11522,32.676,0
24.894,24.417,0,0.11674,32.724,0
24.894,24.429,0,0.11586,32.771,0
24.947,24.44,0.098579,0.1172,32.825,0
24.951,24.452,0.0795,0.11538,32.875,0
24.951,24.463,0,0.1164,32.924,0
24.951,24.475,0,0.11703,32.973,0
24.951,24.487,0,0.11496,33.02,0
24.951,24.498,0,0.1131,33.065,0
24.951,24.51,0,0.11524,33.11,0
24.951,24.521,0,0.11665,33.154,0
24.951,24.533,0,0.11856,33.196,0
24.951,24.545,0,0.11959,33.237,0
24.951,24.557,0,0.12195,33.277,0
24.951,24.569,0,0.12008,33.316,0
24.951,24.581,0,0.11949,33.354,0
24.951,24.593,0,0.12066,33.39,0
24.951,24.605,0,0.12064,33.425,0
24.951,24.617,0,0.12041,33.459,0
24.951,24.629,0,0.12224,33.492,0
24.951,24.641,0,0.12203,33.524,0
24.951,24.653,0,0.12034,33.554,0
24.951,24.665,0,0.11903,33.583,0
24.951,24.677,0,0.12109,33.611,0
24.951,24.689,0,0.12212,33.638,0
24.951,24.702,0,0.12176,33.664,0
24.951,24.714,0,0.11956,33.688,0
24.951,24.726,0,0.12176,33.711,0
24.951,24.738,0,0.12225,33.733,0
24.951,24.75,0,0.12084,33.754,0
24.951,24.762,0,0.11981,33.773,0
24.951,24.774,0,0.11931,33.791,0
24.951,24.786,0,0.12047,33.809,0
24.951,24.798,0,0.12332,33.824,0
24.951,24.811,0,0.12446,33.839,0
24.951,24.823,0,0.12212,33.853,0.0030218
24.951,24.835,0,0.11833,33.865,0.020745
24.951,24.847,0,0.11374,33.876,0.035717
24.951,24.858,0,0.11249,33.886,0.057797
24.951,24.87,0,0.11053,33.894,0.077946
24.951,24.881,0,0.11165,33.902,0.10532
24.951,24.892,0,0.11134,33.908,0.12957
24.951,24.903,0,0.11156,33.914,0.15522
24.951,24.914,0,0.11354,33.918,0.1856
24.951,24.926,0,0.1115,33.921,0.20626
24.951,24.937,0,0.11027,33.923,0.2286
24.951,24.948,0,0.11118,33.924,0.25637
24.951,24.959,0,0.11219,33.924,0.28481
24.951,24.97,0,0.11051,33.922,0.30645
24.951,24.981,0,0.11033,33.92,0.33181
24.951,24.992,0,0.11206,33.916,0.3625
24.951,25.003,0,0.11358,33.912,0.39324
24.951,25.015,0,0.1142,33.906,0.42203
24.951,25.026,0,0.11544,33.899,0.45292
24.951,25.038,0,0.11718,33.891,0.48575
24.951,25.049,0,0.11785,33.882,0.51617
24.951,25.061,0,0.11988,33.871,0.55088
24.951,25.073,0,0.11996,33.859,0.58062
24.951,25.085,0,0.12066,33.847,0.61239
24.951,25.097,0,0.12097,33.833,0.64334
24.951,25.109,0,0.12274,33.817,0.67898
24.951,25.122,0,0.12367,33.801,0.71274
24.951,25.134,0,0.12292,33.783,0.74176
24.951,25.146,0,0.12393,33.764,0.77618
24.951,25.159,0,0.1237,33.744,0.80719
24.951,25.171,0,0.12332,33.723,0.83779
24.951,25.183,0,0.12405,33.7,0.87202
24.951,25.196,0,0.12577,33.676,0.90982
24.951,25.208,0,0.12612,33.651,0.94384
24.951,25.221,0,0.12827,33.625,0.9841
24.951,25.234,0,0.12673,33.597,1.0129
24.951,25.246,0,0.1296,33.568,1.0562
24.951,25.259,0,0.13062,33.538,1.0943
24.951,25.272,0,0.13186,33.507,1.1337
24.951,25.286,0,0.13483,33.474,1.1797
24.951,25.299,0,0.13463,33.44,1.2158
24.951,25.313,0,0.13829,33.404,1.2656
24.951,25.326,0,0.14111,33.367,1.3138
24.951,25.34,0,0.14338,33.329,1.3612
24.951,25.355,0,0.14508,33.29,1.4075
25.981,25.369,0.17117,0.14695,36.762,0
25.997,25.384,0.16584,0.14717,36.823,0
25.997,25.399,0,0.14587,36.884,0
25.997,25.413,0,0.14514,36.943,0
25.997,25.428,0,0.14383,37.001,0
25.997,25.442,0,0.14367,37.057,0
25.997,25.457,0,0.14276,37.112,0
25.997,25.471,0,0.14194,37.165,0
25.997,25.485,0,0.14138,37.217,0
25.997,25.499,0,0.14397,37.267,0
25.997,25.514,0,0.14754,37.316,0
25.997,25.528,0,0.14813,37.364,0
25.997,25.543,0,0.14643,37.41,0
25.997,25.558,0,0.14742,37.454,0
25.997,25.573,0,0.1456,37.497,0
25.997,25.587,0,0.14286,37.539,0
25.997,25.601,0,0.13924,37.579,0
25.997,25.615,0,0.13411,37.618,0
25.997,25.629,0,0.13016,37.656,0
25.997,25.642,0,0.12857,37.692,0
25.997,25.655,0,0.12506,37.727,0
25.997,25.667,0,0.12223,37.76,0
25.997,25.679,0,0.11998,37.793,0
25.997,25.691,0,0.11814,37.824,0
25.997,25.703,0,0.1182,37.854,0
25.997,25.715,0,0.12093,37.882,0
25.997,25.727,0,0.12293,37.91,0
25.997,25.739,0,0.12417,37.936,0
25.997,25.752,0,0.12419,37.961,0
25.997,25.764,0,0.12418,37.985,0
25.997,25.777,0,0.12346,38.008,0
25.997,25.789,0,0.12347,38.029,0
25.997,25.801,0,0.12668,38.049,0
25.997,25.814,0,0.12816,38.068,0
25.997,25.827,0,0.13069,38.086,0
25.997,25.84,0,0.13043,38.102,0
25.997,25.853,0,0.13297,38.117,0
25.997,25.866,0,0.13418,38.131,0.027036
25.997,25.88,0,0.13292,38.143,0.053812
25.997,25.893,0,0.13316,38.154,0.08418
25.997,25.906,0,0.13269,38.164,0.11301
25.997,25.919,0,0.1318,38.172,0.14084
25.997,25.933,0,0.13391,38.179,0.17639
25.997,25.946,0,0.13343,38.185,0.20598
26.503,25.959,0.2021,0.13316,39.225,0
26.529,25.973,0.23294,0.13624,39.28,0
26.529,25.986,0,0.13685,39.335,0
26.572,26,0.23556,0.1402,39.388,0
26.572,26.014,0,0.1403,39.445,0
26.611,26.028,0.12671,0.14303,39.513,0
26.611,26.042,0,0.14035,39.57,0
26.611,26.056,0,0.13958,39.626,0
26.611,26.07,0,0.14025,39.681,0
26.611,26.084,0,0.13868,39.735,0
26.611,26.098,0,0.13978,39.787,0
26.701,26.112,0.30282,0.14476,39.84,0
26.701,26.127,0,0.14915,39.898,0
26.701,26.142,0,0.15242,39.955,0
26.701,26.157,0,0.15368,40.01,0
26.701,26.172,0,0.15452,40.064,0
26.701,26.188,0,0.15445,40.116,0
26.701,26.203,0,0.15511,40.166,0
26.701,26.219,0,0.15563,40.215,0
26.701,26.234,0,0.15197,40.263,0
26.701,26.249,0,0.1514,40.309,0
26.881,26.265,0.17536,0.1522,40.479,0
26.881,26.28,0,0.15322,40.54,0
26.881,26.295,0,0.15195,40.6,0
26.931,26.31,0.10846,0.15345,40.663,0
26.931,26.326,0,0.15214,40.725,0
26.931,26.341,0,0.14817,40.784,0
26.931,26.356,0,0.14525,40.843,0
26.947,26.37,0.011296,0.1429,40.912,0
26.947,26.384,0,0.13768,40.969,0
26.947,26.398,0,0.13644,41.025,0
26.947,26.412,0,0.13292,41.079,0
26.947,26.425,0,0.1311,41.132,0
26.96,26.438,0.084772,0.12948,41.194,0
26.96,26.451,0,0.1277,41.246,0
26.96,26.464,0,0.12584,41.296,0
26.96,26.477,0,0.12184,41.345,0
26.96,26.489,0,0.12223,41.393,0
26.96,26.501,0,0.11937,41.44,0
26.96,26.513,0,0.11611,41.485,0
26.96,26.525,0,0.11684,41.529,0
26.96,26.536,0,0.11584,41.572,0
26.96,26.548,0,0.11658,41.614,0
27.01,26.559,-0.0021242,0.11202,41.697,0
27.01,26.571,0,0.10732,41.742,0
27.01,26.581,0,0.10752,41.785,0
27.01,26.592,0,0.10603,41.827,0
26.987,26.603,-1.5679,0.095609,41.855,10.329
26.987,26.612,0,0.054003,41.892,0
26.987,26.618,0,-0.0049385,41.93,0
26.987,26.617,0,-0.053768,41.967,0
26.987,26.612,0,-0.11987,42.004,0
26.987,26.6,0,-0.19416,42.042,0
26.987,26.58,0,-0.25911,42.082,0
26.987,26.555,0,-0.31023,42.124,0
26.987,26.524,0,-0.34106,42.168,0
26.987,26.489,0,-0.35484,42.216,0
23.477,26.454,0.33898,-0.35549,40.343,5.7644
23.477,26.418,0,-0.35134,40.047,7.6953
23.477,26.383,0,-0.34652,39.754,7.5841
23.477,26.349,0,-0.34295,39.465,7.4676
23.477,26.314,0,-0.33727,39.18,7.3656
23.477,26.281,0,-0.32856,38.898,7.2845
23.477,26.248,0,-0.32473,38.619,7.1777
23.477,26.215,0,-0.32171,38.344,7.0681
23.477,26.183,0,-0.3191,38.072,6.9578
23.477,26.151,0,-0.3161,37.803,6.8511
23.477,26.12,0,-0.31169,37.537,6.7544
23.477,26.088,0,-0.30764,37.274,6.6576
23.477,26.058,0,-0.30082,37.015,6.5787
23.477,26.028,0,-0.29436,36.758,6.5005
23.894,25.998,0.20141,-0.2875,36.758,3.8966
23.894,25.969,0,-0.28386,36.549,4.815
23.894,25.941,0,-0.28102,36.343,4.7303
23.894,25.913,0,-0.27996,36.14,4.6381
23.894,25.885,0,-0.27941,35.939,4.5443
23.894,25.857,0,-0.27932,35.742,4.449
23.894,25.829,0,-0.27859,35.547,4.3574
23.894,25.801,0,-0.2769,35.355,4.2713
23.894,25.773,0,-0.27585,35.166,4.1832
23.894,25.746,0,-0.27461,34.979,4.0969
23.894,25.718,0,-0.2744,34.795,4.0066
23.894,25.691,0,-0.27388,34.614,3.9185
23.894,25.664,0,-0.2756,34.436,3.8209
23.894,25.636,0,-0.27709,34.26,3.7245
23.894,25.608,0,-0.27755,34.088,3.6331
23.894,25.581,0,-0.27947,33.918,3.5358
23.894,25.553,0,-0.28007,33.75,3.4444
23.894,25.525,0,-0.28148,33.586,3.3502
23.894,25.496,0,-0.28393,33.424,3.2519
23.894,25.468,0,-0.28595,33.266,3.1556
23.894,25.439,0,-0.28956,33.11,3.0531
23.894,25.411,0,-0.29372,32.956,2.9485
23.894,25.381,0,-0.29782,32.806,2.8441
23.894,25.351,0,-0.30147,32.659,2.7417
23.894,25.321,0,-0.30423,32.515,2.6428
23.894,25.291,0,-0.30771,32.374,2.5417
23.894,25.26,0,-0.31269,32.236,2.4354
23.894,25.229,0,-0.31795,32.101,2.3283
23.894,25.197,0,-0.32648,31.969,2.21
23.894,25.164,0,-0.33652,31.84,2.0866
23.126,25.131,-0.80905,-0.34869,31.057,10.291
23.126,25.096,0,-0.36123,30.859,4.0814
23.126,25.06,0,-0.37349,30.664,3.9076
23.126,25.022,0,-0.3872,30.472,3.7267
23.126,24.984,0,-0.40005,30.285,3.549
22.688,24.944,-0.66452,-0.41205,30.002,9.605
22.688,24.902,0,-0.41992,29.779,4.6194
22.688,24.86,0,-0.42716,29.559,4.4435
22.533,24.818,-0.31373,-0.43134,29.314,6.7271
22.533,24.775,0,-0.43266,29.087,4.6504
22.533,24.731,0,-0.43482,28.865,4.4943
22.45,24.688,-0.32231,-0.43702,28.621,6.5617
22.45,24.644,0,-0.44072,28.4,4.4527
22.45,24.6,0,-0.44147,28.182,4.303
22.356,24.556,-0.29839,-0.44432,27.944,6.2009
22.32,24.511,-0.24923,-0.44749,27.724,5.826
22.32,24.467,0,-0.44692,27.508,4.2655
22.32,24.422,0,-0.44614,27.295,4.1231
22.32,24.377,0,-0.44695,27.087,3.9754
22.32,24.333,0,-0.44535,26.884,3.8399
22.32,24.288,0,-0.44095,26.685,3.7185
22.32,24.244,0,-0.43797,26.49,3.5935
22.32,24.2,0,-0.43171,26.3,3.4845
22.32,24.157,0,-0.42545,26.114,3.3783
22.32,24.115,0,-0.41891,25.933,3.276
22.265,24.073,0.082937,-0.41082,25.677,3.0078
22.265,24.032,0,-0.40397,25.499,3.2527
22.265,23.991,0,-0.39845,25.324,3.1534
22.265,23.951,0,-0.3925,25.154,3.0582
22.265,23.912,0,-0.38644,24.987,2.9659
22.265,23.873,0,-0.3804,24.824,2.876
22.278,23.835,-0.0077969,-0.37458,24.657,2.7832
22.278,23.798,0,-0.36868,24.503,2.6668
22.278,23.761,0,-0.36268,24.353,2.584
22.278,23.725,0,-0.35683,24.207,2.5029
22.278,23.689,0,-0.34997,24.064,2.4278
22.278,23.654,0,-0.34511,23.924,2.3477
22.278,23.62,0,-0.34255,23.788,2.2616
22.278,23.585,0,-0.33741,23.656,2.1859
22.278,23.552,0,-0.33525,23.527,2.1019
22.278,23.518,0,-0.33393,23.401,2.0166
22.278,23.485,0,-0.33077,23.279,1.9387
22.278,23.452,0,-0.32421,23.16,1.8734
22.278,23.419,0,-0.32108,23.044,1.7991
22.278,23.387,0,-0.31758,22.931,1.7275
22.278,23.355,0,-0.31505,22.822,1.6545
22.278,23.324,0,-0.31457,22.716,1.5766
22.278,23.292,0,-0.31198,22.613,1.5061
22.278,23.261,0,-0.31004,22.513,1.435
22.278,23.23,0,-0.30854,22.416,1.364
22.278,23.199,0,-0.30854,22.322,1.29
22.278,23.168,0,-0.31059,22.232,1.2115
22.278,23.137,0,-0.3129,22.144,1.1332
22.278,23.106,0,-0.31292,22.06,1.0616
22.278,23.075,0,-0.31196,21.978,0.99358
22.278,23.044,0,-0.31404,21.9,0.91944
22.278,23.012,0,-0.31351,21.825,0.85235
22.278,22.981,0,-0.31371,21.753,0.78479
22.278,22.949,0,-0.3137,21.684,0.71883
22.278,22.918,0,-0.31344,21.619,0.65458
22.278,22.887,0,-0.31675,21.556,0.58434
22.278,22.855,0,-0.32061,21.497,0.51416
22.278,22.823,0,-0.31953,21.441,0.45413
22.278,22.791,0,-0.32517,21.388,0.38376
22.278,22.759,0,-0.34643,21.338,0.2904
22.278,22.724,0,-0.37814,21.292,0.18757
22.278,22.686,0,-0.41707,21.249,0.086367
22.278,22.644,0,-0.45901,21.21,0
22.278,22.599,0,-0.50045,21.176,0
22.278,22.548,0,-0.53439,21.146,0
22.278,22.495,0,-0.55466,21.122,0
