18.776,18.776,-0.15333,0,35.5,0.38292
18.768,18.776,0.13613,-0.00075114,35.506,0
18.768,18.776,0,0.0041182,35.506,0.023772
18.768,18.776,0,0.0049604,35.505,0.026429
18.787,18.777,-0.0069201,0.0041445,35.497,0.0012518
18.787,18.777,0,0.001271,35.498,0
18.787,18.777,0,0.0029459,35.499,0
18.787,18.777,0,0.004731,35.5,0
18.787,18.778,0,0.0073614,35.501,0
18.787,18.779,0,0.004231,35.502,0
18.787,18.779,0,0.0064485,35.503,0
18.787,18.78,0,0.0053048,35.504,0
18.787,18.78,0,0.0036946,35.505,0
18.787,18.781,0,0.00067961,35.505,0
18.787,18.781,0,-0.0011005,35.506,0
18.787,18.78,0,-0.00066512,35.507,0
18.787,18.78,0,-0.0018762,35.507,0
18.787,18.78,0,-0.0027233,35.508,0
18.787,18.78,0,-0.0027026,35.509,0
18.75,18.78,-0.019569,-0.0030508,35.485,0.098501
18.75,18.779,0,-0.0033208,35.482,0.05406
18.75,18.779,0,-0.0037196,35.479,0.05251
18.75,18.779,0,-0.0049566,35.476,0.049078
18.75,18.778,0,-0.0055328,35.473,0.046816
18.75,18.778,0,-0.0075513,35.47,0.041358
18.75,18.777,0,-0.008575,35.468,0.037621
18.75,18.776,0,-0.0096713,35.465,0.03353
18.668,18.775,-0.17274,-0.010935,35.423,0.67696
18.668,18.774,0,-0.012617,35.412,0.19437
18.668,18.773,0,-0.013966,35.402,0.18858
18.668,18.771,0,-0.016759,35.391,0.17924
18.668,18.77,0,-0.019489,35.381,0.1695
18.668,18.768,0,-0.022364,35.371,0.15893
18.668,18.765,0,-0.024814,35.361,0.14876
18.668,18.763,0,-0.027199,35.351,0.13829
18.668,18.76,0,-0.02883,35.342,0.12902
18.668,18.757,0,-0.030602,35.333,0.11916
18.668,18.754,0,-0.033046,35.324,0.10753
18.668,18.751,0,-0.036105,35.316,0.094175
18.668,18.747,0,-0.039123,35.308,0.080385
18.668,18.743,0,-0.041998,35.3,0.066391
18.668,18.739,0,-0.044429,35.293,0.052842
18.668,18.735,0,-0.045816,35.286,0.041026
18.668,18.73,0,-0.047962,35.279,0.027468
18.668,18.725,0,-0.050751,35.273,0.012299
18.668,18.72,0,-0.051587,35.268,0.00054902
18.668,18.715,0,-0.054159,35.263,0
18.668,18.71,0,-0.055044,35.258,0
18.668,18.704,0,-0.056511,35.254,0
18.149,18.699,-0.23888,-0.057806,34.706,2.0116
18.149,18.693,0,-0.058908,34.651,1.0929
18.149,18.687,0,-0.060406,34.597,1.0734
18.149,18.681,0,-0.062602,34.544,1.0516
18.149,18.675,0,-0.064687,34.491,1.0296
18.149,18.668,0,-0.068035,34.439,1.0035
18.149,18.661,0,-0.072696,34.387,0.97289
18.149,18.654,0,-0.078768,34.336,0.93732
18.149,18.646,0,-0.086668,34.286,0.89549
18.149,18.638,0,-0.098949,34.237,0.84021
18.149,18.628,0,-0.11557,34.189,0.77166
18.149,18.616,0,-0.13564,34.141,0.69267
18.149,18.603,0,-0.15864,34.095,0.6053
18.149,18.587,0,-0.18266,34.051,0.51497
18.149,18.568,0,-0.20875,34.008,0.42041
16.451,18.548,-2.1942,-0.23477,33.247,36.341
16.451,18.524,0,-0.25828,33.038,4.9378
16.451,18.498,0,-0.28181,32.832,4.7275
16.451,18.47,0,-0.30719,32.629,4.5043
16.451,18.439,0,-0.332,32.429,4.2806
16.451,18.406,0,-0.35735,32.232,4.0517
16.451,18.37,0,-0.38044,32.038,3.8308
16.451,18.332,0,-0.40185,31.848,3.6159
16.451,18.292,0,-0.42256,31.662,3.4032
16.451,18.25,0,-0.4418,31.48,3.1964
16.451,18.206,0,-0.4614,31.302,2.9888
16.451,18.16,0,-0.48142,31.129,2.7808
16.451,18.111,0,-0.50363,30.961,2.567
14.158,18.061,-1.5448,-0.52797,29.139,30.91
14.158,18.008,0,-0.55128,28.751,10.196
14.158,17.953,0,-0.57519,28.369,9.7996
14.158,17.896,0,-0.5998,27.992,9.3951
14.158,17.836,0,-0.6255,27.622,8.9807
14.158,17.773,0,-0.65297,27.257,8.5526
14.158,17.708,0,-0.67756,26.899,8.14
14.158,17.64,0,-0.69986,26.547,7.7401
13.116,17.57,-0.56349,-0.7173,25.75,17.264
13.055,17.498,-0.4399,-0.73299,25.307,15.684
13.055,17.425,0,-0.74705,24.867,11.122
13.055,17.35,0,-0.76312,24.433,10.688
13.055,17.274,0,-0.78428,24.008,10.219
13.055,17.196,0,-0.81228,23.59,9.7052
13.055,17.114,0,-0.85098,23.18,9.1245
13.055,17.029,0,-0.89553,22.778,8.5093
13.055,16.94,0,-0.94728,22.385,7.8562
13.055,16.845,0,-0.99514,22.001,7.2317
13.055,16.746,0,-1.0354,21.627,6.6569
13.055,16.642,0,-1.07,21.264,6.1212
13.055,16.535,0,-1.0889,20.91,5.6714
13.055,16.426,0,-1.0998,20.568,5.2683
13.055,16.316,0,-1.1041,20.236,4.9051
13.055,16.206,0,-1.1103,19.916,4.5452
13.055,16.095,0,-1.1138,19.606,4.2079
13.055,15.983,0,-1.1156,19.308,3.8891
13.055,15.872,0,-1.1196,19.021,3.5755
13.055,15.76,0,-1.1173,18.745,3.2948
13.055,15.648,0,-1.1088,18.48,3.0445
13.055,15.537,0,-1.0941,18.226,2.8221
13.055,15.428,0,-1.0683,17.983,2.6382
13.055,15.321,0,-1.0382,17.751,2.4741
13.055,15.217,0,-0.99428,17.53,2.3514
13.055,15.118,0,-0.95028,17.319,2.2387
13.055,15.023,0,-0.90755,17.117,2.1327
13.055,14.932,0,-0.86178,16.925,2.0433
13.055,14.846,0,-0.81381,16.742,1.9691
13.055,14.764,0,-0.76505,16.567,1.9076
13.055,14.688,0,-0.71262,16.4,1.8665
13.055,14.617,0,-0.65823,16.24,1.8437
13.055,14.551,0,-0.6035,16.087,1.8364
13.055,14.49,0,-0.54361,15.941,1.8592
13.055,14.436,0,-0.48744,15.8,1.8901
13.055,14.387,0,-0.43322,15.664,1.933
13.055,14.344,0,-0.38366,15.533,1.9791
13.055,14.306,0,-0.33495,15.406,2.0391
13.055,14.272,0,-0.28324,15.283,2.1267
13.055,14.244,0,-0.23272,15.163,2.2298
13.055,14.221,0,-0.18127,15.045,2.3565
13.055,14.202,0,-0.13395,14.929,2.4884
13.055,14.189,0,-0.089103,14.815,2.6302
13.055,14.18,0,-0.046476,14.702,2.7821
13.055,14.175,0,-0.00062492,14.59,2.9673
13.055,14.175,0,0.023918,14.478,3.0771
13.055,14.178,0,0.050509,14.366,3.2066
13.055,14.183,0,0.078773,14.254,3.3555
13.055,14.191,0,0.10439,14.14,3.5045
13.055,14.201,0,0.12653,14.026,3.6481
13.055,14.214,0,0.14872,13.911,3.8021
13.055,14.229,0,0.16865,13.795,3.955
13.055,14.246,0,0.18983,13.676,4.124
13.055,14.264,0,0.20876,13.556,4.2914
13.055,14.285,0,0.23218,13.434,4.4925
13.055,14.309,0,0.25631,13.31,4.7096
13.055,14.334,0,0.27739,13.184,4.9225
13.055,14.362,0,0.29804,13.054,5.1444
15.642,14.392,0.99071,0.31794,13.529,0
15.642,14.424,0,0.3388,13.652,0
15.642,14.457,0,0.35538,13.773,0
15.931,14.493,0.91637,0.37055,13.923,0
15.931,14.53,0,0.38895,14.065,0
16.129,14.569,0.98418,0.4066,14.232,0
16.129,14.61,0,0.42279,14.386,0
16.129,14.652,0,0.43981,14.536,0
16.129,14.696,0,0.45679,14.682,0
16.521,14.742,0.96413,0.47401,14.917,0
16.521,14.789,0,0.49095,15.092,0
16.521,14.838,0,0.50736,15.263,0
16.521,14.889,0,0.52099,15.429,0
16.521,14.941,0,0.53323,15.589,0
16.521,14.994,0,0.54938,15.745,0
16.521,15.049,0,0.56088,15.895,0
16.521,15.105,0,0.56997,16.039,0
16.521,15.162,0,0.57974,16.178,0
16.521,15.22,0,0.58792,16.311,0
16.521,15.279,0,0.5934,16.438,0
16.521,15.338,0,0.59858,16.559,0
16.521,15.398,0,0.60163,16.674,0
16.521,15.458,0,0.6036,16.783,0
16.521,15.519,0,0.60813,16.887,0
16.521,15.579,0,0.61028,16.984,0
16.521,15.641,0,0.61201,17.075,0
16.521,15.702,0,0.60963,17.16,0
17.85,15.763,0.45248,0.6049,18.595,0
17.85,15.823,0,0.60188,18.8,0
17.85,15.883,0,0.59748,19,0
17.85,15.943,0,0.59654,19.194,0
17.85,16.003,0,0.59648,19.381,0
17.85,16.062,0,0.60305,19.563,0
17.85,16.123,0,0.60638,19.739,0
17.85,16.183,0,0.60956,19.909,0
17.85,16.244,0,0.6094,20.072,0
17.85,16.305,0,0.60941,20.23,0
17.85,16.366,0,0.61009,20.381,0
17.85,16.427,0,0.6153,20.526,0
17.85,16.489,0,0.61621,20.666,0
17.85,16.55,0,0.62007,20.799,0
17.85,16.612,0,0.62009,20.925,0
17.85,16.674,0,0.61851,21.046,0
17.85,16.736,0,0.6153,21.16,0
17.85,16.798,0,0.61243,21.269,0
17.85,16.859,0,0.61138,21.371,0
17.85,16.92,0,0.60561,21.467,0
17.85,16.981,0,0.60302,21.557,0
17.85,17.041,0,0.5983,21.641,0
17.85,17.101,0,0.58746,21.719,0
17.85,17.16,0,0.58001,21.791,0
17.85,17.218,0,0.5703,21.857,0.06609
17.85,17.275,0,0.5635,21.917,0.19526
17.85,17.331,0,0.55311,21.972,0.3119
17.85,17.386,0,0.54522,22.021,0.43578
19.174,17.441,0.055461,0.53486,24.123,0
19.174,17.494,0,0.52089,24.294,0
19.174,17.546,0,0.50505,24.459,0
19.174,17.597,0,0.48516,24.619,0
19.174,17.645,0,0.46195,24.774,0
19.174,17.692,0,0.43886,24.925,0
19.174,17.735,0,0.41986,25.071,0
19.174,17.777,0,0.39967,25.213,0
19.174,17.817,0,0.38126,25.35,0
19.174,17.856,0,0.35826,25.484,0
19.174,17.891,0,0.33759,25.614,0
19.174,17.925,0,0.31193,25.741,0
19.174,17.956,0,0.29209,25.864,0
19.174,17.986,0,0.27583,25.984,0
19.174,18.013,0,0.26113,26.102,0
19.174,18.039,0,0.2472,26.217,0
19.174,18.064,0,0.23221,26.329,0
19.174,18.087,0,0.22005,26.439,0
19.174,18.109,0,0.20558,26.546,0
19.174,18.13,0,0.19437,26.652,0
19.174,18.149,0,0.18898,26.755,0
19.174,18.168,0,0.18879,26.857,0
19.174,18.187,0,0.18768,26.956,0
19.174,18.206,0,0.18693,27.054,0
19.174,18.224,0,0.18538,27.15,0
19.174,18.243,0,0.18502,27.244,0
19.174,18.261,0,0.1856,27.336,0
19.174,18.28,0,0.18296,27.427,0
19.174,18.298,0,0.18371,27.515,0
19.174,18.317,0,0.1857,27.602,0
19.174,18.335,0,0.18413,27.687,0
19.174,18.354,0,0.17754,27.77,0
19.174,18.371,0,0.16949,27.851,0
19.174,18.388,0,0.16135,27.93,0
19.174,18.404,0,0.16011,28.008,0
18.921,18.421,0.15147,0.15717,27.25,0
18.921,18.436,0,0.15602,27.299,0
18.921,18.452,0,0.15853,27.347,0
18.921,18.468,0,0.15595,27.393,0
18.921,18.483,0,0.15105,27.438,0
18.921,18.498,0,0.15036,27.481,0
18.921,18.513,0,0.14674,27.522,0
18.992,18.528,0.022732,0.14585,27.58,0
18.986,18.543,0.017331,0.13944,27.633,0
18.986,18.557,0,0.13333,27.677,0
18.986,18.57,0,0.12898,27.719,0
18.986,18.583,0,0.1283,27.76,0
18.986,18.596,0,0.12325,27.8,0
18.986,18.608,0,0.12121,27.838,0
18.986,18.62,0,0.11959,27.875,0
18.986,18.632,0,0.11522,27.911,0
18.986,18.644,0,0.11062,27.946,0
18.986,18.655,0,0.11017,27.98,0
18.986,18.666,0,0.10855,28.012,0
18.986,18.677,0,0.10673,28.044,0
18.986,18.687,0,0.09909,28.074,0
18.986,18.697,0,0.095998,28.104,0
18.992,18.707,-0.099724,0.089886,28.145,0
18.978,18.716,-0.1285,0.082715,28.167,0
18.978,18.724,0,0.074663,28.193,0
18.978,18.731,0,0.069759,28.218,0
18.978,18.738,0,0.066759,28.242,0
18.978,18.745,0,0.061299,28.266,0
18.978,18.751,0,0.058371,28.289,0
18.978,18.757,0,0.056521,28.311,0
18.978,18.763,0,0.053325,28.333,0
18.978,18.768,0,0.048321,28.355,0
18.978,18.773,0,0.039158,28.375,0
18.978,18.777,0,0.035118,28.396,0
18.978,18.78,0,0.031574,28.416,0
18.978,18.783,0,0.025139,28.435,0
18.978,18.786,0,0.022334,28.455,0
18.858,18.788,-0.044656,0.022005,28.336,0
18.858,18.79,-0.065689,0.021147,28.351,0.052116
18.858,18.793,0,0.021035,28.357,0
18.858,18.795,0,0.01795,28.364,0
18.858,18.796,0,0.013864,28.37,0
18.858,18.798,0,0.0079833,28.376,0
18.858,18.799,0,-0.0023816,28.382,0
18.73,18.798,-0.76436,-0.010131,28.397,3.5055
18.73,18.797,0,-0.021355,28.39,0.094296
18.73,18.795,0,-0.038751,28.384,0.053136
18.73,18.791,0,-0.060652,28.377,0.0014229
18.73,18.785,0,-0.08954,28.371,0
18.73,18.776,0,-0.12209,28.366,0
18.73,18.764,0,-0.15794,28.362,0
18.73,18.748,0,-0.19667,28.36,0
18.73,18.729,0,-0.23442,28.359,0
18.73,18.705,0,-0.27539,28.36,0
18.73,18.678,0,-0.31841,28.364,0
18.73,18.646,0,-0.36392,28.371,0
18.73,18.609,0,-0.41004,28.381,0
18.73,18.568,0,-0.45793,28.395,0
18.73,18.523,0,-0.50599,28.413,0
18.73,18.472,0,-0.55537,28.437,0
14.838,18.417,-3.0289,-0.60535,25.775,71.772
14.838,18.356,0,-0.65989,25.42,8.1221
14.838,18.29,0,-0.71904,25.071,7.5132
14.838,18.218,0,-0.78071,24.73,6.8925
14.838,18.14,0,-0.84695,24.395,6.2546
14.838,18.055,0,-0.92034,24.07,5.5949
14.838,17.963,0,-1.0025,23.752,4.9188
14.838,17.863,0,-1.0916,23.445,4.2515
12.092,17.754,-4.0405,-1.1885,22.077,137.67
12.092,17.635,0,-1.2935,21.517,12.504
11.293,17.506,-3.9979,-1.4065,20.896,135.45
11.293,17.365,0,-1.5258,20.282,13.226
11.293,17.212,0,-1.6578,19.682,11.675
11.293,17.047,0,-1.8003,19.098,10.116
9.6863,16.867,-3.9793,-1.9564,18.228,134.52
9.6863,16.671,0,-2.1256,17.52,13.107
9.6863,16.458,0,-2.3044,16.832,11.116
9.6863,16.228,0,-2.5021,16.166,9.196
9.6863,15.978,0,-2.7225,15.524,7.4584
9.6863,15.706,0,-2.9617,14.909,6.1178
7.3806,15.409,-3.2076,-3.2045,13.632,79.13
7.3806,15.089,0,-3.461,12.845,8.7416
7.3806,14.743,0,-5.6198,12.092,21.412
7.3806,14.181,0,-5.338,11.384,20.666
7.3806,13.647,0,-5.3115,10.73,26.129
7.3806,13.116,0,-5.1367,10.13,28.194
7.3806,12.602,0,-4.9087,9.5824,28.411
7.3806,12.111,0,-5.2,9.0848,52.921
7.3806,11.591,0,-5.2,8.6377,72.005
7.3806,11.071,0,-5.2,8.2426,99.901
7.3806,10.551,0,-5.2,7.8996,131.89
7.3806,10.031,0,-5.2,7.6085,130.82
7.3806,9.5114,0,-5.2,7.3694,129.76
7.3806,8.9914,0,-5.2,7.1824,128.69
7.3806,8.4714,0,-5.2,7.0473,127.63
7.3806,7.9514,0,-5.2,6.9642,126.56
4.6547,7.4314,0.80776,-5.2,3.9507,29.518
4.6547,6.9114,0,-5.2,3.699,18.646
4.6547,6.3914,0,-5.2,3.4993,17.58
4.8494,5.8714,-0.23504,-8.8,3.3994,8.8782
4.8494,4.9914,0,-8.8,3.3412,9.964
4.8494,4.1114,0,-8.8,3.371,8.16
4.8494,3.2314,0,-8.8,3.4888,6.356
4.8494,2.3514,0,-8.8,3.6946,4.552
5.9166,1.4714,6.5604,-8.8,4.0377,110.36
5.9166,0.59136,0,-8.8,4.5262,24.328
5.9166,0,0,6.5507,5.1028,20.694
5.9166,0.65507,0,1.821,5.6617,0
5.9166,0.83717,0,2.4366,6.1787,0
5.9166,1.0808,0,4.9,6.6745,10.962
5.9166,1.5708,0,4.9,7.1335,13.648
8.6048,2.0608,-0.24105,4.9,8.8457,4.628
8.6048,2.5508,0,4.9,9.4756,4.6473
8.6048,3.0408,0,4.9,10.057,7.1197
8.6048,3.5308,0,4.9,10.588,9.6843
8.6048,4.0208,0,4.9,11.071,12.332
8.6048,4.5108,0,4.9,11.505,15.056
8.6048,5.0008,0,4.9,11.89,17.847
8.6048,5.4908,0,3.9975,12.226,12.168
8.6048,5.8906,0,3.3041,12.517,8.3385
8.6048,6.221,0,2.8202,12.772,6.1612
8.6048,6.503,0,2.4632,12.997,4.8602
8.6048,6.7493,0,2.1766,13.194,3.9785
8.6048,6.967,0,1.9466,13.369,3.4016
8.6048,7.1616,0,1.7769,13.523,3.1382
8.6048,7.3393,0,1.6451,13.659,3.0477
8.6048,7.5038,0,1.5284,13.777,3.0007
8.6048,7.6567,0,1.4207,13.879,2.9639
8.6048,7.7988,0,1.3339,13.967,3.0088
8.6048,7.9321,0,1.2525,14.041,3.0527
8.6048,8.0574,0,1.1825,14.102,3.1304
8.6048,8.1756,0,1.1113,14.151,3.1757
9.7652,8.2868,0.50751,1.0545,15.306,0
9.7652,8.3922,0,1.0023,15.449,0
9.7652,8.4925,0,0.96259,15.581,0
9.7652,8.5887,0,0.92973,15.703,0
9.7652,8.6817,0,0.90304,15.816,0.0035202
9.7652,8.772,0,0.88296,15.92,0.18795
9.7652,8.8603,0,0.86135,16.015,0.36265
9.7652,8.9464,0,0.83438,16.101,0.51104
9.7652,9.0299,0,0.8121,16.179,0.67132
9.7652,9.1111,0,0.77706,16.249,0.77331
9.7652,9.1888,0,0.73685,16.31,0.8435
9.7652,9.2625,0,0.68322,16.364,0.84708
9.7652,9.3308,0,0.63231,16.411,0.84675
9.7652,9.394,0,0.58961,16.451,0.86482
10.336,9.453,0.43077,0.55563,17.018,0
10.336,9.5085,0,0.54577,17.103,0
10.336,9.5631,0,0.55103,17.183,0
10.528,9.6182,0.59851,0.56382,17.294,0
10.528,9.6746,0,0.56635,17.382,0
10.528,9.7312,0,0.55441,17.465,0
10.528,9.7867,0,0.52323,17.542,0
10.528,9.839,0,0.49344,17.613,0
10.528,9.8883,0,0.46779,17.679,0
10.674,9.9351,0.24376,0.44575,17.821,0
10.674,9.9797,0,0.43527,17.892,0
10.674,10.023,0,0.43016,17.959,0
10.674,10.066,0,0.44332,18.022,0
10.674,10.111,0,0.46559,18.081,0
10.674,10.157,0,0.48989,18.135,0.10516
11.095,10.206,0.99257,0.52456,18.289,0
11.095,10.259,0,0.54996,18.375,0
11.095,10.314,0,0.57012,18.456,0
11.095,10.371,0,0.5913,18.531,0
11.461,10.43,0.70376,0.598,18.677,0
11.461,10.49,0,0.60115,18.777,0
11.461,10.55,0,0.60382,18.872,0
11.461,10.61,0,0.59665,18.96,0
11.461,10.67,0,0.58851,19.042,0
11.461,10.729,0,0.5779,19.118,0
11.461,10.786,0,0.56636,19.188,0
11.461,10.843,0,0.56229,19.253,0.077299
11.894,10.899,0.47615,0.55717,19.506,0
11.894,10.955,0,0.55123,19.603,0
11.894,11.01,0,0.54018,19.694,0
11.894,11.064,0,0.54001,19.78,0
11.894,11.118,0,0.54361,19.86,0
11.894,11.172,0,0.54598,19.935,0
11.894,11.227,0,0.54482,20.005,0
12.275,11.281,0.58384,0.54198,20.203,0
12.275,11.336,0,0.53811,20.3,0
12.369,11.389,0.47997,0.53074,20.404,0
12.369,11.443,0,0.52998,20.499,0
12.369,11.496,0,0.52521,20.589,0
12.369,11.548,0,0.52076,20.674,0
12.369,11.6,0,0.51619,20.753,0
12.617,11.652,0.53481,0.5142,20.893,0
12.617,11.703,0,0.51639,20.987,0
12.617,11.755,0,0.51028,21.075,0
12.617,11.806,0,0.50485,21.159,0
12.617,11.856,0,0.50143,21.238,0
12.617,11.906,0,0.50143,21.311,0
12.617,11.957,0,0.49939,21.38,0
12.617,12.007,0,0.49964,21.443,0
12.617,12.057,0,0.49934,21.502,0.02211
12.617,12.106,0,0.49647,21.556,0.14225
12.617,12.156,0,0.49955,21.604,0.28358
13.178,12.206,0.52671,0.50032,21.932,0
13.178,12.256,0,0.50229,22.027,0
13.178,12.306,0,0.50362,22.117,0
13.178,12.357,0,0.50262,22.201,0
13.178,12.407,0,0.50402,22.281,0
13.178,12.457,0,0.50724,22.356,0
13.178,12.508,0,0.51042,22.425,0
13.178,12.559,0,0.50808,22.49,0
13.178,12.61,0,0.50712,22.549,0.02695
13.178,12.661,0,0.51077,22.603,0.17095
13.178,12.712,0,0.51065,22.653,0.30648
13.178,12.763,0,0.50789,22.697,0.43536
13.178,12.814,0,0.51142,22.736,0.58819
13.178,12.865,0,0.50823,22.77,0.7203
13.178,12.916,0,0.50933,22.799,0.8697
13.178,12.966,0,0.51139,22.822,1.0259
13.178,13.018,0,0.51492,22.841,1.1915
13.178,13.069,0,0.5148,22.854,1.3461
13.178,13.121,0,0.51235,22.863,1.4934
13.178,13.172,0,0.51195,22.866,1.6505
14.273,13.223,0.54253,0.512,23.989,0
14.273,13.274,0,0.51591,24.091,0
14.273,13.326,0,0.51963,24.189,0
14.273,13.378,0,0.52312,24.281,0
14.273,13.43,0,0.52628,24.368,0
14.273,13.483,0,0.52113,24.449,0
14.627,13.535,0.54322,0.52443,24.633,0
14.627,13.587,0,0.52162,24.74,0
