20.278,20.278,-0.42493,0,35.5,1.3821
20.278,20.278,0,-0.0038643,35.5,0
20.278,20.277,0,-0.0071126,35.5,0
20.278,20.277,0,-0.010635,35.5,0
20.278,20.276,0,-0.015396,35.5,0
20.278,20.274,0,-0.02017,35.501,0
20.278,20.272,0,-0.024381,35.501,0
20.278,20.27,0,-0.029159,35.502,0
20.278,20.267,0,-0.032177,35.503,0
20.278,20.263,0,-0.035551,35.504,0
20.278,20.26,0,-0.039097,35.506,0
20.278,20.256,0,-0.044643,35.508,0
20.278,20.252,0,-0.04851,35.51,0
20.278,20.247,0,-0.053196,35.513,0
20.278,20.241,0,-0.057639,35.516,0
20.278,20.236,0,-0.06177,35.52,0
19.647,20.229,-0.41523,-0.065733,35.013,2.9615
19.647,20.223,0,-0.069869,34.955,1.1401
19.647,20.216,0,-0.073638,34.898,1.1108
19.647,20.209,0,-0.077768,34.841,1.0797
19.647,20.201,0,-0.080565,34.785,1.0519
19.647,20.193,0,-0.083103,34.731,1.0243
19.647,20.184,0,-0.087239,34.676,0.99163
19.647,20.176,0,-0.09035,34.623,0.96119
19.647,20.167,0,-0.09427,34.571,0.92793
19.647,20.157,0,-0.099153,34.519,0.89132
19.647,20.147,0,-0.10227,34.469,0.85887
19.647,20.137,0,-0.10646,34.419,0.82303
19.647,20.126,0,-0.11061,34.371,0.78672
19.15,20.115,-0.35198,-0.11372,33.998,3.7241
19.15,20.104,0,-0.11715,33.902,1.9934
19.15,20.092,0,-0.12036,33.807,1.9487
19.15,20.08,0,-0.12371,33.713,1.9029
19.15,20.068,0,-0.12705,33.621,1.8566
19.15,20.055,0,-0.131,33.53,1.8077
18.934,20.042,-0.355,-0.13395,33.384,4.1562
18.934,20.029,0,-0.13781,33.274,2.3177
18.934,20.015,0,-0.14124,33.166,2.2645
18.934,20.001,0,-0.14302,33.058,2.2169
18.934,19.986,0,-0.14529,32.952,2.1674
18.934,19.972,0,-0.14872,32.848,2.1132
18.934,19.957,0,-0.15133,32.745,2.0615
18.934,19.942,0,-0.15452,32.643,2.0073
18.934,19.926,0,-0.15889,32.543,1.9485
18.629,19.911,-0.36233,-0.16236,32.323,4.7005
18.629,19.894,0,-0.16559,32.195,2.7156
18.629,19.878,0,-0.16771,32.07,2.6571
18.629,19.861,0,-0.17183,31.946,2.5904
18.629,19.844,0,-0.17594,31.823,2.5231
18.629,19.826,0,-0.18051,31.703,2.4535
18.629,19.808,0,-0.18392,31.584,2.3876
18.629,19.79,0,-0.18772,31.467,2.3199
18.316,19.771,-0.43419,-0.19346,31.244,5.6831
18.316,19.752,0,-0.19688,31.1,3.1068
18.233,19.732,-0.43705,-0.20184,30.961,5.8292
18.233,19.712,0,-0.20568,30.812,3.2025
18.233,19.691,0,-0.20856,30.666,3.1259
18.233,19.67,0,-0.2113,30.521,3.0495
18.233,19.649,0,-0.21569,30.378,2.9661
18.233,19.628,0,-0.21836,30.238,2.8892
18.233,19.606,0,-0.21979,30.099,2.8173
18.233,19.584,0,-0.22367,29.963,2.7356
17.975,19.561,-0.35285,-0.22671,29.7,5.4477
17.975,19.539,0,-0.2309,29.542,3.3616
17.975,19.516,0,-0.23496,29.387,3.2711
17.975,19.492,0,-0.2389,29.234,3.1808
17.975,19.468,0,-0.24554,29.084,3.0787
17.975,19.444,0,-0.25004,28.936,2.9848
17.975,19.419,0,-0.25397,28.79,2.8928
17.975,19.393,0,-0.25994,28.647,2.7925
17.635,19.367,-0.4087,-0.26401,28.381,6.1957
17.635,19.341,0,-0.26911,28.209,3.6468
17.635,19.314,0,-0.27361,28.04,3.5404
17.635,19.287,0,-0.27957,27.873,3.4273
17.635,19.259,0,-0.28313,27.71,3.3241
17.635,19.23,0,-0.28725,27.549,3.2185
17.635,19.202,0,-0.29126,27.39,3.1133
17.635,19.173,0,-0.29299,27.235,3.0175
17.635,19.143,0,-0.29007,27.083,2.941
17.635,19.114,0,-0.28487,26.933,2.8751
17.635,19.086,0,-0.27845,26.787,2.8158
17.635,19.058,0,-0.26906,26.643,2.7705
17.635,19.031,0,-0.25854,26.502,2.7326
17.635,19.005,0,-0.24649,26.364,2.7038
17.635,18.981,0,-0.23442,26.228,2.6788
17.635,18.957,0,-0.22605,26.095,2.6426
17.635,18.935,0,-0.21584,25.963,2.6162
17.635,18.913,0,-0.20557,25.834,2.593
17.635,18.892,0,-0.19782,25.708,2.563
17.635,18.873,0,-0.19147,25.583,2.5297
17.635,18.853,0,-0.18295,25.46,2.5068
17.635,18.835,0,-0.17465,25.339,2.4856
17.635,18.818,0,-0.16711,25.22,2.4638
17.635,18.801,0,-0.15983,25.102,2.4433
17.635,18.785,0,-0.15402,24.987,2.4191
17.635,18.77,0,-0.14873,24.872,2.3947
17.635,18.755,0,-0.14602,24.76,2.3617
17.635,18.74,0,-0.14296,24.648,2.331
17.635,18.726,0,-0.14223,24.538,2.2922
17.945,18.712,-0.11016,-0.14316,24.527,1.7861
17.945,18.697,0,-0.14379,24.451,1.3597
17.945,18.683,0,-0.14254,24.377,1.3268
17.924,18.669,-0.089507,-0.14106,24.284,1.6557
17.924,18.655,0,-0.1411,24.21,1.3132
17.924,18.64,0,-0.14094,24.138,1.2778
17.924,18.626,0,-0.13985,24.067,1.2456
17.924,18.612,0,-0.13422,23.998,1.2276
17.924,18.599,0,-0.13021,23.929,1.2062
17.924,18.586,0,-0.12354,23.862,1.1938
17.924,18.574,0,-0.11523,23.797,1.1881
17.924,18.562,0,-0.10905,23.732,1.178
17.924,18.551,0,-0.10135,23.669,1.1741
17.924,18.541,0,-0.094553,23.607,1.1694
17.924,18.532,0,-0.086643,23.546,1.1699
17.924,18.523,0,-0.080035,23.485,1.1684
17.924,18.515,0,-0.070797,23.426,1.1768
17.924,18.508,0,-0.062016,23.367,1.1862
17.924,18.502,0,-0.054314,23.309,1.1947
17.924,18.496,0,-0.04948,23.252,1.196
17.924,18.491,0,-0.042177,23.195,1.2065
17.924,18.487,0,-0.035576,23.138,1.2168
17.924,18.483,0,-0.029703,23.082,1.2265
18.355,18.48,0.24535,-0.02516,23.333,0
18.355,18.478,0,-0.017902,23.32,0.21944
18.355,18.476,0,-0.012148,23.308,0.22894
18.355,18.475,0,-0.006392,23.296,0.23982
18.355,18.474,0,0.00042978,23.284,0.25463
18.355,18.474,0,0.0056775,23.272,0.26734
18.355,18.475,0,0.0084589,23.26,0.27534
18.355,18.476,0,0.010275,23.248,0.28164
18.355,18.477,0,0.011958,23.236,0.28804
18.355,18.478,0,0.017293,23.223,0.30387
18.567,18.48,0.22625,0.023634,23.328,0
18.567,18.482,0,0.02991,23.336,0
18.567,18.485,0,0.038166,23.345,0
18.567,18.489,0,0.046807,23.353,0
18.567,18.494,0,0.055886,23.36,0
18.567,18.499,0,0.065937,23.367,0.0029611
18.567,18.506,0,0.073978,23.374,0.035538
18.567,18.513,0,0.079137,23.379,0.063659
18.567,18.521,0,0.086404,23.384,0.098378
18.567,18.53,0,0.088278,23.388,0.12205
18.86,18.539,0.039743,0.087683,23.571,0
18.86,18.547,0,0.083725,23.603,0
18.86,18.556,0,0.080195,23.633,0
18.846,18.564,-0.13426,0.07711,23.66,0
18.846,18.571,0,0.070623,23.687,0
18.846,18.578,0,0.062642,23.715,0
18.846,18.585,0,0.059544,23.741,0
18.846,18.591,0,0.051598,23.767,0
18.846,18.596,0,0.044865,23.792,0
18.846,18.6,0,0.039516,23.817,0
18.846,18.604,0,0.029811,23.841,0
18.846,18.607,0,0.024009,23.865,0
18.846,18.61,0,0.017082,23.889,0
18.846,18.611,0,0.0091392,23.912,0
18.846,18.612,0,-0.0002718,23.936,0
18.846,18.612,0,-0.0040842,23.959,0
18.846,18.612,0,-0.011318,23.983,0
18.846,18.611,0,-0.018203,24.006,0
18.846,18.609,0,-0.023772,24.03,0
18.846,18.606,0,-0.025573,24.053,0
18.846,18.604,0,-0.03006,24.078,0
18.846,18.601,0,-0.033378,24.102,0
18.846,18.598,0,-0.034163,24.127,0
18.846,18.594,0,-0.033185,24.152,0
18.846,18.591,0,-0.030424,24.177,0
18.846,18.588,0,-0.02685,24.202,0
18.458,18.585,0.095794,-0.024834,23.731,0.015056
18.458,18.583,0,-0.023194,23.718,0.20972
18.458,18.58,0,-0.022195,23.706,0.20703
18.458,18.578,0,-0.022055,23.694,0.20261
18.458,18.576,0,-0.022783,23.682,0.19624
18.458,18.574,0,-0.020316,23.671,0.19699
18.458,18.572,0,-0.019058,23.659,0.19551
18.458,18.57,0,-0.016854,23.648,0.19647
18.458,18.568,0,-0.014657,23.637,0.1979
18.458,18.567,0,-0.015271,23.626,0.19335
18.458,18.565,0,-0.012763,23.615,0.19582
18.458,18.564,0,-0.013552,23.605,0.19128
18.458,18.562,0,-0.013322,23.594,0.1889
18.458,18.561,0,-0.01183,23.584,0.18947
18.508,18.56,0.0038047,-0.010186,23.61,0.076839
18.508,18.559,0,-0.010129,23.605,0.083084
18.508,18.558,0,-0.0080589,23.6,0.085479
18.508,18.557,0,-0.0082119,23.595,0.083462
18.528,18.556,0.052684,-0.0056078,23.587,0
18.528,18.556,0,-0.0049932,23.584,0.046776
18.528,18.555,0,-0.0027756,23.582,0.050507
18.528,18.555,0,-0.00048671,23.579,0.054873
18.528,18.555,0,-0.0016311,23.576,0.052298
18.528,18.555,0,0.00057022,23.573,0.056723
18.528,18.555,0,0.0028592,23.571,0.061822
18.528,18.555,0,-0.0016123,23.568,0.052712
18.528,18.555,0,-0.0066335,23.565,0.041598
18.528,18.554,0,-0.0095282,23.563,0.034075
18.528,18.553,0,-0.016675,23.56,0.017124
18.528,18.552,0,-0.022862,23.558,0.00097799
18.528,18.549,0,-0.030291,23.555,0
18.528,18.546,0,-0.039518,23.553,0
18.528,18.542,0,-0.047145,23.552,0
18.528,18.538,0,-0.051542,23.55,0
18.528,18.532,0,-0.055391,23.55,0
18.528,18.527,0,-0.057178,23.55,0
18.528,18.521,0,-0.061739,23.55,0
18.528,18.515,0,-0.064639,23.551,0
18.528,18.509,0,-0.068158,23.553,0
18.124,18.502,-0.4704,-0.075608,23.33,2.496
18.124,18.494,0,-0.084142,23.292,0.60402
18.124,18.486,0,-0.092622,23.256,0.56341
17.967,18.476,-0.52368,-0.10278,23.213,3.1243
17.967,18.466,0,-0.11101,23.162,0.83302
17.967,18.455,0,-0.12117,23.113,0.77951
17.967,18.443,0,-0.1286,23.065,0.73189
17.967,18.43,0,-0.13976,23.018,0.674
17.967,18.416,0,-0.14718,22.972,0.62422
17.967,18.401,0,-0.15505,22.928,0.57275
17.967,18.386,0,-0.16262,22.885,0.52135
17.967,18.37,0,-0.16704,22.844,0.47654
17.967,18.353,0,-0.16995,22.805,0.43486
17.967,18.336,0,-0.17205,22.767,0.39492
17.967,18.319,0,-0.17534,22.731,0.35263
17.967,18.301,0,-0.17526,22.697,0.3172
17.967,18.284,0,-0.17451,22.664,0.28348
17.45,18.266,-0.01944,-0.17505,22.204,1.4884
17.45,18.249,0,-0.17151,22.123,1.3917
17.45,18.232,0,-0.17057,22.044,1.351
17.45,18.215,0,-0.16598,21.967,1.322
17.45,18.198,0,-0.16291,21.891,1.2896
17.45,18.182,0,-0.15808,21.817,1.2634
17.45,18.166,0,-0.15457,21.745,1.2344
17.468,18.15,0.097943,-0.15134,21.656,0.89072
17.468,18.135,0,-0.14441,21.589,1.1428
17.468,18.121,0,-0.13772,21.523,1.1269
17.468,18.107,0,-0.13158,21.458,1.1111
17.534,18.094,0.18398,-0.12612,21.407,0.49852
17.534,18.081,0,-0.12088,21.352,0.91897
17.534,18.069,0,-0.11437,21.298,0.9083
17.584,18.058,0.13833,-0.10791,21.251,0.45467
17.584,18.047,0,-0.10042,21.204,0.77706
17.584,18.037,0,-0.094277,21.158,0.77013
17.584,18.027,0,-0.088475,21.113,0.76374
17.584,18.019,0,-0.083051,21.069,0.75768
17.584,18.01,0,-0.076884,21.026,0.75495
17.584,18.003,0,-0.07089,20.984,0.75322
17.584,17.996,0,-0.062975,20.942,0.75823
17.584,17.989,0,-0.055346,20.902,0.76443
17.584,17.984,0,-0.048426,20.861,0.77056
17.584,17.979,0,-0.039279,20.822,0.78475
17.584,17.975,0,-0.029938,20.782,0.80192
17.584,17.972,0,-0.019642,20.743,0.8244
17.584,17.97,0,-0.011559,20.705,0.84325
17.584,17.969,0,-0.0053801,20.666,0.85867
17.584,17.968,0,0.0052045,20.627,0.88901
17.584,17.969,0,0.01343,20.589,0.91527
17.584,17.97,0,0.024684,20.55,0.95333
17.584,17.973,0,0.036316,20.512,0.99609
17.584,17.976,0,0.047683,20.473,1.0417
17.584,17.981,0,0.058783,20.433,1.0903
17.584,17.987,0,0.068898,20.393,1.1392
17.584,17.994,0,0.077961,20.352,1.188
17.584,18.002,0,0.090191,20.311,1.2508
17.584,18.011,0,0.10111,20.269,1.3135
18.437,18.021,0.44674,0.10806,21.127,0
18.49,18.032,0.43896,0.1192,21.167,0
18.49,18.043,0,0.12819,21.212,0
18.49,18.056,0,0.13647,21.257,0
18.49,18.07,0,0.14359,21.299,0
18.49,18.084,0,0.15118,21.341,0
18.708,18.099,0.36597,0.15881,21.432,0
18.708,18.115,0,0.16298,21.493,0
18.708,18.132,0,0.16587,21.551,0
18.708,18.148,0,0.16541,21.608,0
18.708,18.165,0,0.16364,21.663,0
18.708,18.181,0,0.15603,21.716,0
18.759,18.197,-0.29205,0.14766,21.785,0
18.759,18.211,0,0.13448,21.84,0
18.759,18.225,0,0.12337,21.894,0
18.759,18.237,0,0.11193,21.947,0
18.759,18.248,0,0.098235,21.999,0
18.759,18.258,0,0.080848,22.049,0
18.759,18.266,0,0.0627,22.099,0
18.759,18.273,0,0.041377,22.148,0
18.759,18.277,0,0.017646,22.196,0
18.243,18.278,-0.85494,-0.0076612,22.054,4.0409
18.243,18.278,0,-0.024142,22.051,0.02021
18.243,18.275,0,-0.040354,22.047,0
18.243,18.271,0,-0.060681,22.044,0
18.243,18.265,0,-0.081538,22.042,0
18.243,18.257,0,-0.10549,22.04,0
18.243,18.246,0,-0.13738,22.039,0
18.243,18.233,0,-0.1727,22.04,0
17.249,18.215,-2.21,-0.21452,21.7,28.476
17.249,18.194,0,-0.25901,21.604,1.4905
17.249,18.168,0,-0.30978,21.511,1.2793
17.249,18.137,0,-0.36288,21.421,1.0696
17.249,18.101,0,-0.41839,21.334,0.86636
17.249,18.059,0,-0.47478,21.251,0.6784
15.751,18.012,-2.7004,-0.53468,20.731,49.257
15.751,17.958,0,-0.59687,20.508,3.7963
15.751,17.898,0,-0.65621,20.29,3.3792
15.751,17.833,0,-0.72092,20.079,2.9583
15.751,17.761,0,-0.79235,19.874,2.5404
14.344,17.681,-3.4546,-0.86959,19.315,88.529
14.344,17.594,0,-0.96219,18.986,5.506
14.344,17.498,0,-1.0662,18.666,4.7367
14.344,17.392,0,-1.1827,18.356,3.9807
12.777,17.273,-4.4109,-1.3133,17.751,171.38
12.777,17.142,0,-1.4561,17.308,6.8883
12.777,16.996,0,-1.6116,16.879,5.7233
12.777,16.835,0,-1.7782,16.465,4.6816
12.777,16.657,0,-1.9621,16.068,3.8447
12.777,16.461,0,-2.1688,15.69,3.373
12.777,16.244,0,-2.3802,15.332,3.5046
12.777,16.006,0,-2.608,14.997,4.5744
12.777,15.746,0,-2.8529,14.687,7.1564
12.777,15.46,0,-5.6978,14.405,659.3
12.777,14.89,0,-5.6266,14.165,1814.7
12.777,14.328,0,-5.7292,13.982,0
12.777,13.755,0,-5.9867,13.855,0
12.777,13.156,0,-6.3666,13.787,0
12.777,12.52,0,-6.6983,13.781,0
12.777,11.85,0,-6.8684,13.841,0
12.777,11.163,0,-6.834,13.968,0
12.777,10.48,0,-6.6029,14.163,0
12.777,9.8192,0,-6.2175,14.426,0
12.777,9.1975,0,-5.8422,14.753,0
12.777,8.6132,0,-5.6517,15.14,0
3.4985,8.0481,-3.7388,-5.5339,5.7653,5.5547
3.4985,7.4947,0,-5.4805,5.338,8.1435
3.4985,6.9466,0,-5.544,4.9658,6.8865
3.4985,6.3922,0,-5.6309,4.6487,5.5673
3.4985,5.8291,0,-8.8,4.3875,0
3.4985,4.9491,0,-8.8,4.1984,0
3.4985,4.0691,0,-8.8,4.0974,0
3.4985,3.1891,0,-8.8,4.0843,0
3.4985,2.3091,0,-8.8,4.1593,0
3.4985,1.4291,0,-8.8,4.3222,0
3.4985,0.54914,0,-8.8,4.5731,0
3.4985,0,0,-8.8,4.9121,0
3.4985,0,0,-8.8,5.3059,0
3.4985,0,0,-8.8,5.6998,0
-0.11461,0,-0.4251,-8.8,2.8979,0
-0.11461,0,0,-8.8,2.9305,0
-0.11461,0,0,-8.8,2.963,0
-0.11461,0,0,-8.8,2.9955,0
-0.11461,0,0,-8.8,3.0281,0
-0.2654,0,-0.16531,-8.8,3.0087,0
-0.2654,0,0,-8.8,3.0261,0
-0.2654,0,0,-8.8,3.0436,0
-0.2654,0,0,-8.8,3.061,0
-0.2654,0,0,-8.8,3.0785,0
-0.2654,0,0,-8.8,3.096,0
-0.2654,0,0,-8.8,3.1134,0
-0.2654,0,0,-8.8,3.1309,0
-0.2654,0,0,-8.8,3.1483,0
-0.2654,0,0,-8.8,3.1658,0
-0.2654,0,0,-8.8,3.1833,0
-0.2654,0,0,-8.8,3.2007,0
-0.2654,0,0,-8.8,3.2182,0
-0.2654,0,0,-8.8,3.2356,0
-0.2654,0,0,-8.8,3.2531,0
-0.2654,0,0,-8.8,3.2706,0
-0.2654,0,0,-8.8,3.288,0
-0.2654,0,0,-8.8,3.3055,0
-0.2654,0,0,-8.8,3.323,0
-0.2654,0,0,-8.8,3.3404,0
-0.2654,0,0,-8.8,3.3579,0
-0.2654,0,0,-8.8,3.3753,0
-0.2654,0,0,-8.8,3.3928,0
-0.2654,0,0,-8.8,3.4103,0
-0.2654,0,0,-8.8,3.4277,0
-0.2654,0,0,-8.8,3.4452,0
-0.2654,0,0,-8.8,3.4626,0
-0.2654,0,0,-8.8,3.4801,0
-0.2654,0,0,-8.8,3.4976,0
-0.2654,0,0,-8.8,3.515,0
-0.2654,0,0,-8.8,3.5325,0
-0.2654,0,0,-8.8,3.5499,0
-0.2654,0,0,-8.8,3.5674,0
-0.2654,0,0,-8.8,3.5849,0
-0.2654,0,0,-8.8,3.6023,0
-0.2654,0,0,-8.8,3.6198,0
-0.2654,0,0,-8.8,3.6372,0
-0.2654,0,0,-8.8,3.6547,0
-0.2654,0,0,-8.8,3.6722,0
-0.2654,0,0,-8.8,3.6896,0
-0.2654,0,0,-8.8,3.7071,0
-0.2654,0,0,-11.864,3.7245,0
-0.2654,0,0,-58.923,3.7573,0
-2.3301,0,-0.029348,-23.188,0.11722,0
-2.3301,0,0,-1071.7,0.00015113,0
-2.3301,0,0,-0.093148,5.1257,16.048
-2.3301,0,0,-8.8,4.8931,0
-2.3301,0,0,-8.8,4.7041,0
-2.3301,0,0,-8.8,4.5151,0
-2.3301,0,0,-8.8,4.3261,0
-2.3301,0,0,-8.8,4.1371,0
-2.3301,0,0,-8.8,3.948,0
-2.3301,0,0,-8.8,3.759,0
-2.3301,0,0,-8.8,3.57,0
-2.3301,0,0,-8.8,3.381,0
-2.3301,0,0,-8.8,3.192,0
-2.3301,0,0,-8.8,3.003,0
-2.3301,0,0,-8.8,2.814,0
-2.3301,0,0,-8.8,2.6249,0
-2.3301,0,0,-8.8,2.4359,0
-2.3026,0,0.068066,-8.8,2.1977,0
-2.3026,0,0,-8.8,2.0115,0
-2.3026,0,0,-8.8,1.8252,0
-2.3026,0,0,-8.8,1.6389,0
-2.3026,0,0,-8.8,1.4527,0
-2.3026,0,0,-8.8,1.2664,0
-2.3026,0,0,-8.8,1.0801,0
-2.3026,0,0,-8.8,0.89388,0
-2.3026,0,0,-8.8,0.70762,0
-2.3026,0,0,-8.8,0.52135,0
-2.3026,0,0,-8.8,0.33509,0
-2.1941,0,0.23621,-14.821,0.15986,0
-2.1941,0,0,-224.85,0.014555,0
-2.1941,0,0,-8.8,0.91938,0
-2.1941,0,0,-8.8,0.74397,0
-2.1941,0,0,-8.8,0.56856,0
-2.1941,0,0,-8.8,0.39316,0
-2.1941,0,0,-8.8,0.21775,0
-2.1941,0,0,-23.211,0.042342,0
-2.1941,0,0,-4670.4,-0.061008,0
-2.1941,0,0,7.8,23.072,32.355
-2.1941,0.78,0,7.8,22.813,33.954
-2.1941,1.56,0,7.8,22.477,35.553
-2.1941,2.34,0,-0.096773,22.062,20.559
-2.1941,2.3303,0,-0.096612,21.61,20.539
-2.1941,2.3207,0,-0.094585,21.158,20.524
-2.1941,2.3112,0,-0.09052,20.707,20.513
-2.1941,2.3022,0,-0.084639,20.257,20.507
-2.1941,2.2937,0,-0.076882,19.807,20.505
-2.1941,2.286,0,-0.0682,19.359,20.508
-2.1941,2.2792,0,-0.05902,18.911,20.513
