0,0,1.4399,0,35.5,0
0,0,0,7.8,35.5,59.103
0.30857,0.78,1.8127,7.8,35.499,46.015
0.30857,1.56,0,7.8,35.413,83.096
0.30857,2.34,0,7.8,35.248,88.658
0.30857,3.12,0,7.8,35.006,94.252
0.30857,3.9,0,7.8,34.686,99.874
0.30857,4.68,0,7.8,34.288,105.52
0.30857,5.46,0,7.8,33.812,111.2
0.30857,6.24,0,6.7,33.258,102.8
0.30857,6.91,0,6.7,32.631,107.65
0.30857,7.58,0,6.7,31.937,112.52
0.30857,8.25,0,6.7,31.177,117.41
0.30857,8.92,0,-0.37316,30.349,37.265
0.30857,8.8827,0,-0.3799,29.49,36.968
0.30857,8.8447,0,-0.38827,28.634,36.651
0.30857,8.8059,0,-0.39796,27.783,36.315
0.30857,8.7661,0,-0.41026,26.935,35.948
0.30857,8.725,0,-0.42364,26.091,35.563
0.30857,8.6827,0,-0.43956,25.252,35.146
0.30857,8.6387,0,-0.45814,24.417,34.692
0.30857,8.5929,0,-0.47778,23.586,34.219
0.30857,8.5451,0,-0.50101,22.76,33.699
0.30857,8.495,0,-0.52735,21.939,33.136
1.5561,8.4423,-1.4204,-0.55584,24.222,26.882
1.5561,8.3867,0,-0.58638,23.536,24.784
1.5561,8.3281,0,-0.61922,22.856,24.158
1.5561,8.2662,0,-0.65556,22.182,23.487
1.5561,8.2006,0,-0.69328,21.514,22.791
1.5561,8.1313,0,-0.73444,20.853,22.05
1.5561,8.0578,0,-0.77939,20.199,21.262
1.5561,7.9799,0,-0.82717,19.553,20.436
1.5561,7.8972,0,-0.87688,18.915,19.58
1.5561,7.8095,0,-0.92647,18.285,18.713
1.5561,7.7168,0,-0.97467,17.664,17.847
1.5561,7.6194,0,-1.0218,17.053,16.979
1.5561,7.5172,0,-1.0661,16.452,16.129
1.5561,7.4106,0,-1.1122,15.861,15.259
1.5561,7.2994,0,-1.1598,15.281,14.376
1.5561,7.1834,0,-1.207,14.713,13.495
0.49296,7.0627,0.85657,-1.2561,12.779,10.961
0.49296,6.9371,0,-1.3004,12.129,16.634
0.71215,6.807,1.9573,-1.333,11.499,5.7323
0.71215,6.6737,0,-1.35,10.896,13.984
0.71215,6.5387,0,-1.3445,10.307,13.41
0.71215,6.4043,0,-1.316,9.7306,13.009
0.71215,6.2727,0,-1.2671,9.1679,12.766
0.71215,6.146,0,-1.2008,8.6182,12.668
0.71215,6.0259,0,-1.1233,8.0808,12.678
0.71215,5.9136,0,-1.0301,7.5551,12.836
0.71215,5.8105,0,-0.92155,7.0401,13.152
0.71215,5.7184,0,-8.8,6.5349,0
0.71215,4.8384,0,-0.33628,6.0782,12.978
0.71215,4.8048,0,-8.8,5.6673,0
0.71215,3.9248,0,0.53103,5.302,15.382
0.71215,3.9779,0,0.81732,4.9781,18.105
0.71215,4.0596,0,1.0383,4.6475,20.529
0.71215,4.1634,0,1.206,4.3075,22.663
0.71215,4.284,0,1.3157,3.9564,24.392
0.71215,4.4156,0,1.3945,3.5926,25.914
0.71215,4.555,0,1.4527,3.2153,27.299
0.71215,4.7003,0,1.4911,2.8237,28.537
0.71215,4.8494,0,1.5194,2.4175,29.707
0.71215,5.0014,0,1.5377,1.9961,30.802
0.71215,5.1551,0,1.5431,1.5595,31.783
0.71215,5.3094,0,1.5343,1.1075,32.625
0.71215,5.4629,0,1.531,0.64012,33.524
0.71215,5.616,0,1.5048,0.15739,34.186
0.71215,5.7664,0,1.4757,-0.34051,34.803
0.71215,5.914,0,1.449,-0.85332,35.429
7.8561,6.0589,1.5756,1.4275,9.5978,0
7.8561,6.2017,0,1.4132,9.7704,0.39777
7.8561,6.343,0,1.3931,9.9288,0.77417
7.8561,6.4823,0,1.3668,10.073,1.121
7.8561,6.619,0,1.3463,10.204,1.4935
7.8561,6.7536,0,1.3084,10.321,1.7751
7.8561,6.8844,0,1.275,10.424,2.0691
7.8561,7.0119,0,1.2504,10.515,2.4011
7.8561,7.137,0,1.2201,10.593,2.6969
7.8561,7.259,0,1.1962,10.659,3.0205
7.8561,7.3786,0,1.1786,10.713,3.3746
7.8561,7.4965,0,1.1573,10.755,3.7048
7.8561,7.6122,0,1.1421,10.785,4.0671
7.8561,7.7264,0,1.1332,10.804,4.4664
7.8561,7.8397,0,1.1329,10.811,4.9216
7.8561,7.953,0,1.1341,10.807,5.3942
7.8561,8.0664,0,1.1444,10.791,5.9347
7.8561,8.1809,0,1.1544,10.765,6.4888
7.8561,8.2963,0,1.1694,10.726,7.0922
7.8561,8.4132,0,1.1796,10.677,7.6804
7.8561,8.5312,0,1.1852,10.615,8.2499
10.67,8.6497,1.4252,1.1939,13.426,0
10.67,8.7691,0,1.195,13.622,0
10.67,8.8886,0,1.1948,13.806,0
10.67,9.0081,0,1.1954,13.979,0
10.67,9.1276,0,1.1786,14.139,0
10.67,9.2455,0,1.151,14.287,0
10.67,9.3606,0,1.1037,14.424,0.12996
10.67,9.471,0,1.053,14.549,0.2562
10.67,9.5763,0,0.98389,14.664,0.29106
10.67,9.6747,0,0.91369,14.768,0.30219
10.67,9.766,0,0.83731,14.863,0.27072
10.67,9.8498,0,0.75804,14.95,0.21073
10.67,9.9256,0,0.66702,15.028,0.093495
10.67,9.9923,0,0.56554,15.099,0
10.67,10.049,0,0.46219,15.164,0
10.67,10.095,0,0.35263,15.224,0
10.67,10.13,0,0.2372,15.28,0
10.67,10.154,0,0.12352,15.332,0
10.67,10.166,0,0.0031972,15.383,0
10.67,10.167,0,-0.042465,15.434,0
10.67,10.162,0,-0.090607,15.484,0
10.67,10.153,0,-0.13863,15.536,0
10.67,10.14,0,-0.18647,15.588,0
10.67,10.121,0,-0.23622,15.642,0
10.67,10.097,0,-0.2866,15.698,0
10.67,10.069,0,-0.33933,15.757,0
10.67,10.035,0,-0.39564,15.819,0
10.67,9.9951,0,-0.45518,15.884,0
10.67,9.9496,0,-0.52096,15.954,0
10.67,9.8975,0,-0.58928,16.029,0.13112
10.67,9.8386,0,-0.6623,16.109,0.61194
10.67,9.7723,0,-0.73151,16.195,1.1959
10.67,9.6992,0,-0.79523,16.289,1.8771
10.67,9.6197,0,-0.84876,16.39,2.6113
10.67,9.5348,0,-0.8973,16.499,3.4332
10.67,9.445,0,-0.93725,16.617,4.297
10.67,9.3513,0,-0.97058,16.744,5.2081
10.67,9.2543,0,-0.99732,16.881,6.1523
10.67,9.1545,0,-1.0237,17.028,7.2125
5.6683,9.0522,-0.63726,-1.0455,11.239,9.8822
5.6683,8.9476,0,-1.0734,10.906,5.0947
5.6683,8.8403,0,-1.1081,10.583,4.6185
5.4297,8.7295,-0.96318,-1.1442,10.234,11.862
5.4297,8.615,0,-1.1843,9.9101,4.3605
5.4297,8.4966,0,-1.2245,9.5975,3.8899
5.4297,8.3742,0,-1.2666,9.2969,3.4449
5.4297,8.2475,0,-5.2,9.0088,34.95
5.4297,7.7275,0,-5.2,8.753,33.884
5.4297,7.2075,0,-5.2,8.5493,32.818
5.4297,6.6875,0,-5.2,8.3975,31.752
5.4297,6.1675,0,-5.2,8.2977,30.686
4.3653,5.6475,-1.6712,-8.8,7.8044,0
4.3653,4.7675,0,-0.16558,7.7202,0.47887
4.3653,4.7509,0,-0.21166,7.6808,0.34717
4.3653,4.7298,0,-0.25765,7.6433,0.22208
4.3653,4.704,0,-0.30531,7.6082,0.10369
4.3653,4.6735,0,-0.35335,7.5758,0
4.3653,4.6381,0,-8.8,7.5468,2.821
4.3653,3.7581,0,-0.17364,7.5635,0
4.3653,3.7408,0,-0.27892,7.6251,0
4.3653,3.7129,0,-0.37561,7.6889,0
4.3653,3.6753,0,-8.8,7.756,0.8472
4.3653,2.7953,0,-0.24374,7.869,0
4.3653,2.771,0,-0.28299,8.0273,0
4.3653,2.7427,0,-0.2814,8.1881,0
4.3653,2.7145,0,-8.8,8.3518,0
4.3653,1.8345,0,-0.063549,8.5609,0.52404
4.3653,1.8282,0,-0.072059,8.8143,0.61833
4.3653,1.821,0,-0.075073,9.0683,0.66843
4.3653,1.8135,0,-0.078924,9.3232,0.72759
4.3653,1.8056,0,-0.08077,9.5787,0.77069
4.3653,1.7975,0,-0.079129,9.8351,0.7832
4.3653,1.7896,0,-8.8,10.092,0
4.3653,0.90957,0,4.9,10.394,18.705
4.3653,1.3996,0,-0.004944,10.715,1.5625
4.3653,1.3991,0,-0.0039572,11.012,1.554
4.3653,1.3987,0,-0.0030478,11.308,1.5459
1.3719,1.3984,0.0022297,-0.0031647,5.8807,0.043011
1.3719,1.3981,0,-0.0024337,5.8781,0.048709
1.3719,1.3978,0,-0.0024287,5.8755,0.048215
1.3719,1.3976,0,-0.0029873,5.8729,0.04651
1.3719,1.3973,0,-0.0030036,5.8704,0.045856
1.3719,1.397,0,-0.0019485,5.8678,0.047502
1.3719,1.3968,0,-0.0024164,5.8653,0.046091
1.3719,1.3965,0,-0.0015184,5.8629,0.047522
1.3719,1.3964,0,-0.002539,5.8604,0.045012
1.3719,1.3961,0,-0.0023269,5.858,0.044941
1.3719,1.3959,0,-0.0023464,5.8556,0.044417
1.3719,1.3957,0,-0.002329,5.8532,0.043968
1.3719,1.3954,0,-0.0011984,5.8508,0.045916
1.389,1.3953,0.023074,-0.00075428,5.8517,0
1.389,1.3952,0,0.018941,5.8511,0.053699
1.389,1.3971,0,-0.00027747,5.8503,0.016024
1.389,1.3971,0,0.013207,5.8495,0.045004
1.389,1.3984,0,0.065827,5.8487,0.16984
1.389,1.405,0,0.075761,5.8474,0.20918
1.389,1.4126,0,0.094897,5.8454,0.27552
1.389,1.4221,0,0.017544,5.8426,0.1074
1.389,1.4238,0,0.025761,5.8392,0.12999
1.389,1.4264,0,0.010042,5.8356,0.09968
1.389,1.4274,0,0.04639,5.8318,0.18664
1.389,1.432,0,-6.8395e-05,5.8277,0.089101
1.389,1.432,0,-0.00013231,5.8234,0.088946
1.389,1.432,0,-0.00073278,5.8191,0.087594
1.389,1.432,0,0.0047899,5.8148,0.099679
1.389,1.4324,0,-0.00036894,5.8105,0.089248
1.389,1.4324,0,0.0022416,5.8062,0.094944
1.389,1.4326,0,-0.00086218,5.8019,0.088554
1.389,1.4325,0,0.026315,5.7975,0.15007
1.389,1.4352,0,0.070189,5.793,0.26324
1.389,1.4422,0,0.061196,5.7881,0.25628
1.389,1.4483,0,0.067265,5.7824,0.28564
1.389,1.455,0,0.031068,5.7762,0.21049
1.389,1.4581,0,-0.00015455,5.7694,0.14412
1.389,1.4581,0,-0.00035703,5.7625,0.14363
1.389,1.4581,0,-9.3192e-05,5.7556,0.14415
1.389,1.4581,0,0.032172,5.7487,0.21988
1.389,1.4613,0,0.035486,5.7416,0.23508
1.389,1.4648,0,-0.00036125,5.7342,0.15797
1.389,1.4648,0,0.039847,5.7267,0.25365
1.389,1.4688,0,0.029671,5.7189,0.23749
1.389,1.4718,0,0.076846,5.7108,0.36477
1.389,1.4794,0,0.038581,5.7021,0.28329
1.4931,1.4833,0.015887,0.052803,5.86,0.059975
1.4931,1.4886,0,-0.00043266,5.8608,0
1.4931,1.4885,0,0.037656,5.8612,0.072835
1.4931,1.4923,0,0.0073433,5.8615,0.013846
1.4931,1.493,0,-0.00042152,5.8615,0
1.4931,1.493,0,-0.00067391,5.8615,0
1.4931,1.4929,0,0.032411,5.8616,0.070291
1.4931,1.4962,0,0.030272,5.8614,0.07235
1.4931,1.4992,0,-0.0004948,5.861,0.011402
1.4931,1.4991,0,-0.00012322,5.8604,0.012086
1.5101,1.4991,0.032543,0.057811,5.8582,0.031605
1.5101,1.5049,0,0.0074928,5.859,0.0051841
1.5101,1.5057,0,-0.0007473,5.8595,0
1.5101,1.5056,0,-0.00098116,5.8599,0
1.5101,1.5055,0,0.004988,5.8604,0.0010595
1.5101,1.506,0,-0.00022809,5.8608,0
1.5077,1.506,0.031878,0.0088218,5.8555,0
1.5077,1.5068,0,-0.00011082,5.8556,0
1.5077,1.5068,0,0.054799,5.8557,0.12084
1.5077,1.5123,0,0.012362,5.8555,0.036076
1.5154,1.5136,0.026882,0.0096239,5.8629,0
1.5154,1.5145,0,0.063862,5.863,0.14236
1.5154,1.5209,0,-0.00020971,5.8628,0.01084
1.5154,1.5209,0,-8.4387e-05,5.8622,0.011062
1.5154,1.5209,0,0.026682,5.8617,0.069426
1.5154,1.5235,0,-0.00016087,5.861,0.016374
1.5154,1.5235,0,-9.7296e-06,5.8602,0.016661
1.5154,1.5235,0,0.028603,5.8594,0.079393
1.5154,1.5264,0,0.047052,5.8584,0.12821
1.5393,1.5311,0.012869,0.041738,5.8684,0.045422
1.5393,1.5353,0,0.0079556,5.869,0.0085828
1.5312,1.5361,0.017376,-0.00064097,5.8808,0
1.5312,1.536,0,0.0252,5.8803,0.064638
1.5312,1.5385,0,0.0048676,5.8797,0.025361
1.5312,1.539,0,0.024597,5.8789,0.069655
1.5312,1.5415,0,0.0045712,5.878,0.03083
1.5312,1.5419,0,-0.00092884,5.877,0.020027
1.5312,1.5418,0,0.015083,5.8759,0.054463
1.5312,1.5433,0,-0.00044233,5.8748,0.023979
1.5312,1.5433,0,0.042872,5.8736,0.12075
1.5312,1.5476,0,0.016746,5.8722,0.070251
1.5312,1.5492,0,0.043104,5.8704,0.13424
1.5312,1.5536,0,0.025958,5.8684,0.10374
1.5312,1.5562,0,0.033173,5.8661,0.12595
1.5312,1.5595,0,0.019253,5.8634,0.10111
1.5312,1.5614,0,-0.00042687,5.8605,0.061486
1.5312,1.5614,0,-0.000151,5.8575,0.061996
1.5312,1.5613,0,0.029388,5.8545,0.12835
