24.722,24.722,-0.35841,0,35.5,1.097
24.722,24.722,0,-0.004856,35.5,0
24.722,24.722,0,-0.0096396,35.5,0
24.722,24.721,0,-0.01425,35.5,0
24.722,24.719,0,-0.018905,35.5,0
24.722,24.717,0,-0.020793,35.501,0
24.722,24.715,0,-0.022891,35.501,0
24.722,24.713,0,-0.026547,35.502,0
24.722,24.71,0,-0.029718,35.503,0
24.722,24.707,0,-0.032235,35.504,0
24.722,24.704,0,-0.03571,35.506,0
24.722,24.701,0,-0.039357,35.508,0
24.722,24.697,0,-0.040933,35.51,0
24.722,24.693,0,-0.042809,35.513,0
24.356,24.688,-0.26861,-0.046057,35.241,1.5294
24.356,24.684,0,-0.049598,35.208,0.59777
24.356,24.679,0,-0.053309,35.176,0.57661
24.356,24.673,0,-0.056292,35.144,0.55665
24.356,24.668,0,-0.057268,35.112,0.5413
24.356,24.662,0,-0.059067,35.081,0.5237
24.356,24.656,0,-0.060395,35.051,0.50698
24.356,24.65,0,-0.061215,35.021,0.49132
24.356,24.644,0,-0.064229,34.992,0.4701
24.356,24.638,0,-0.067448,34.964,0.44788
24.356,24.631,0,-0.068109,34.936,0.43134
24.356,24.624,0,-0.071102,34.909,0.40913
24.356,24.617,0,-0.071992,34.882,0.39145
24.356,24.61,0,-0.073884,34.856,0.37131
24.356,24.602,0,-0.076311,34.831,0.34966
24.356,24.595,0,-0.079252,34.807,0.32649
24.356,24.587,0,-0.080858,34.784,0.30593
24.356,24.579,0,-0.081875,34.761,0.28649
23.98,24.571,-0.14092,-0.084838,34.384,1.6223
23.98,24.562,0,-0.085803,34.325,1.109
23.98,24.553,0,-0.087372,34.268,1.0828
23.98,24.545,0,-0.088376,34.211,1.058
23.98,24.536,0,-0.089576,34.155,1.0325
23.98,24.527,0,-0.08931,34.099,1.0112
23.98,24.518,0,-0.091748,34.045,0.98213
23.98,24.509,0,-0.091251,33.992,0.96115
23.98,24.5,0,-0.091201,33.939,0.93908
23.98,24.491,0,-0.087189,33.888,0.92848
23.916,24.482,0.39241,-0.083076,33.832,0.25122
23.916,24.474,0,-0.075059,33.776,1.0786
23.916,24.466,0,-0.066806,33.721,1.0849
23.916,24.459,0,-0.05883,33.666,1.0925
23.916,24.453,0,-0.050565,33.612,1.1031
23.916,24.448,0,-0.042415,33.559,1.1156
24.227,24.444,0.57502,-0.032229,33.588,0
24.227,24.441,0,-0.021982,33.566,0.40928
24.348,24.439,0.61889,-0.013445,33.56,0
24.348,24.437,0,-0.0028608,33.551,0.1809
24.348,24.437,0,0.01036,33.542,0.21115
24.348,24.438,0,0.027799,33.533,0.25547
24.348,24.441,0,0.045675,33.524,0.3064
24.709,24.446,0.61033,0.062045,33.598,0
24.709,24.452,0,0.074732,33.624,0
24.709,24.459,0,0.083858,33.649,0
24.709,24.468,0,0.089333,33.674,0
24.709,24.477,0,0.089946,33.698,0
24.849,24.486,-0.12476,0.085776,33.771,0
24.849,24.494,0,0.079571,33.807,0
24.849,24.502,0,0.071747,33.842,0
24.849,24.509,0,0.064947,33.876,0
24.849,24.516,0,0.060065,33.91,0
24.849,24.522,0,0.056944,33.943,0
24.849,24.527,0,0.052623,33.975,0
24.849,24.533,0,0.050268,34.007,0
24.849,24.538,0,0.046058,34.038,0
24.849,24.542,0,0.04337,34.069,0
24.849,24.547,0,0.03987,34.1,0
24.849,24.551,0,0.03561,34.13,0
24.694,24.554,-0.14448,0.033101,34.067,0.11794
24.694,24.558,0,0.030483,34.08,0
24.694,24.561,0,0.025288,34.094,0
24.694,24.563,0,0.022098,34.107,0
24.644,24.565,-0.20823,0.018749,34.095,0.4077
24.644,24.567,0,0.013756,34.103,0
24.644,24.569,0,0.0072193,34.11,0
24.644,24.569,0,0.0049565,34.118,0
24.644,24.57,0,0.001981,34.125,0
24.644,24.57,0,0.0025723,34.133,0
24.644,24.57,0,0.0031408,34.14,0
24.644,24.571,0,0.0092325,34.148,0
24.644,24.571,0,0.015396,34.155,0
24.644,24.573,0,0.022883,34.162,0
24.644,24.575,0,0.032714,34.169,0
24.754,24.579,0.50448,0.041477,34.135,0
24.754,24.583,0,0.053928,34.152,0
24.754,24.588,0,0.06691,34.169,0
24.938,24.595,0.62471,0.081413,34.208,0
24.938,24.603,0,0.09393,34.242,0
24.938,24.612,0,0.10829,34.275,0
24.938,24.623,0,0.12424,34.307,0
24.938,24.636,0,0.13925,34.338,0
24.938,24.649,0,0.15349,34.367,0
25.353,24.665,0.63457,0.16378,34.505,0
25.353,24.681,0,0.17606,34.573,0
25.353,24.699,0,0.18782,34.639,0
25.353,24.718,0,0.19835,34.704,0
25.353,24.737,0,0.20896,34.766,0
25.353,24.758,0,0.22084,34.827,0
25.759,24.78,0.7014,0.23404,35.013,0
25.828,24.804,0.69327,0.24512,35.115,0
25.828,24.828,0,0.25794,35.217,0
25.828,24.854,0,0.26833,35.315,0
25.828,24.881,0,0.27957,35.411,0
25.828,24.909,0,0.29172,35.504,0
25.828,24.938,0,0.29943,35.595,0
26.253,24.968,0.64944,0.30966,35.818,0
26.253,24.999,0,0.32005,35.945,0
26.253,25.031,0,0.33025,36.069,0
26.473,25.064,0.68594,0.34092,36.233,0
26.473,25.098,0,0.3475,36.373,0
26.611,25.133,0.69347,0.3585,36.524,0
26.611,25.169,0,0.36901,36.67,0
26.611,25.206,0,0.37817,36.813,0
26.611,25.243,0,0.38298,36.951,0
26.611,25.282,0,0.38589,37.086,0
26.611,25.32,0,0.38814,37.217,0
26.611,25.359,0,0.38475,37.344,0
26.611,25.398,0,0.37899,37.468,0
26.611,25.436,0,0.36926,37.587,0
26.611,25.472,0,0.36038,37.703,0
26.611,25.508,0,0.34796,37.815,0
26.611,25.543,0,0.33379,37.924,0
26.611,25.577,0,0.31966,38.029,0
26.611,25.609,0,0.30714,38.13,0
26.839,25.639,-0.12171,0.2951,38.546,0
26.839,25.669,0,0.28361,38.664,0
26.839,25.697,0,0.27128,38.78,0
26.839,25.724,0,0.258,38.893,0
26.839,25.75,0,0.24599,39.003,0
26.839,25.775,0,0.23778,39.11,0
26.839,25.799,0,0.22806,39.216,0
26.839,25.821,0,0.22341,39.319,0
26.727,25.844,0.037823,0.21856,39.38,0
26.727,25.866,0,0.2127,39.467,0
26.727,25.887,0,0.20852,39.552,0
26.729,25.908,0.090418,0.20353,39.631,0
26.729,25.928,0,0.20216,39.712,0
26.754,25.948,0.19803,0.20001,39.793,0
26.754,25.968,0,0.2007,39.872,0
26.805,25.988,0.33068,0.20279,39.947,0
26.805,26.009,0,0.2059,40.027,0
26.805,26.029,0,0.21051,40.106,0
26.805,26.05,0,0.21439,40.182,0
26.805,26.072,0,0.21398,40.257,0
26.805,26.093,0,0.21696,40.329,0
26.805,26.115,0,0.21846,40.399,0
26.805,26.137,0,0.22224,40.467,0
26.805,26.159,0,0.22745,40.533,0
26.805,26.182,0,0.23117,40.596,0
26.805,26.205,0,0.23569,40.657,0
27.184,26.228,0.31699,0.23868,40.9,0
27.184,26.252,0,0.24071,40.994,0
27.184,26.276,0,0.24087,41.086,0
27.184,26.3,0,0.23423,41.176,0
27.233,26.324,0.01933,0.22759,41.282,0
27.242,26.346,0.055734,0.22433,41.381,0
27.242,26.369,0,0.22014,41.47,0
27.242,26.391,0,0.21715,41.556,0
27.242,26.413,0,0.21244,41.64,0
27.242,26.434,0,0.21207,41.722,0
27.242,26.455,0,0.21131,41.802,0
27.242,26.476,0,0.21031,41.879,0
27.242,26.497,0,0.20557,41.955,0
27.242,26.518,0,0.20378,42.028,0
27.242,26.538,0,0.20079,42.1,0
27.242,26.558,0,0.19714,42.169,0
27.242,26.578,0,0.19385,42.236,0
27.242,26.597,0,0.19247,42.302,0
27.372,26.617,0.16049,0.19022,42.45,0
27.372,26.636,0,0.19075,42.525,0
27.372,26.655,0,0.19221,42.597,0
27.432,26.674,0.18563,0.19102,42.655,0
27.432,26.693,0,0.19243,42.73,0
27.432,26.712,0,0.19078,42.803,0
27.497,26.731,0.15658,0.19312,42.872,0
27.497,26.751,0,0.19037,42.947,0
27.497,26.77,0,0.18854,43.021,0
27.497,26.789,0,0.18689,43.093,0
27.497,26.807,0,0.18687,43.163,0
27.497,26.826,0,0.18606,43.231,0
27.497,26.845,0,0.18788,43.297,0
27.497,26.863,0,0.18998,43.361,0
27.497,26.882,0,0.19081,43.423,0
27.497,26.901,0,0.19124,43.484,0
27.497,26.92,0,0.19289,43.543,0
27.497,26.94,0,0.19182,43.599,0
27.497,26.959,0,0.19124,43.654,0
27.497,26.978,0,0.18439,43.707,0
27.497,26.997,0,0.17624,43.758,0
27.497,27.014,0,0.16613,43.807,0
27.497,27.031,0,0.15533,43.854,0
27.497,27.046,0,0.14165,43.9,0
27.497,27.06,0,0.12808,43.944,0
27.497,27.073,0,0.11613,43.987,0
27.497,27.085,0,0.10267,44.029,0
27.497,27.095,0,0.092356,44.07,0
27.497,27.104,0,0.080499,44.11,0
27.497,27.112,0,0.072398,44.148,0
27.497,27.12,0,0.063193,44.186,0
27.497,27.126,0,0.052669,44.224,0
27.497,27.131,0,0.043858,44.261,0
27.497,27.136,0,0.034766,44.297,0
27.497,27.139,0,0.025249,44.333,0
27.497,27.142,0,0.015396,44.369,0
27.497,27.143,0,0.0074646,44.404,0
27.497,27.144,0,0.00098981,44.439,0
27.131,27.144,-0.18998,-0.0013371,44.436,0.52119
27.131,27.144,0,-0.002313,44.435,0.021084
27.131,27.144,0,-0.0041191,44.434,0.016787
27.131,27.143,0,-0.0053985,44.432,0.013245
27.062,27.143,-0.22119,-0.0084443,44.448,0.77747
27.062,27.142,0,-0.0099664,44.44,0.14485
27.062,27.141,0,-0.0129,44.432,0.13618
27.062,27.14,0,-0.014522,44.424,0.12985
27.062,27.138,0,-0.01695,44.416,0.12143
27.062,27.136,0,-0.019212,44.409,0.11291
27.062,27.135,0,-0.021378,44.401,0.10418
27.062,27.132,0,-0.021203,44.394,0.10011
26.916,27.13,-0.077449,-0.022482,44.319,0.61766
26.916,27.128,0,-0.0237,44.298,0.3998
26.916,27.126,0,-0.02446,44.277,0.3926
26.916,27.123,0,-0.024131,44.256,0.38795
26.916,27.121,0,-0.025473,44.235,0.37925
26.916,27.118,0,-0.026928,44.215,0.37
26.916,27.116,0,-0.027025,44.195,0.36379
26.848,27.113,-0.10567,-0.027941,44.159,0.81269
26.839,27.11,-0.12786,-0.028647,44.135,0.89859
26.839,27.107,0,-0.029077,44.108,0.51392
26.839,27.104,0,-0.030486,44.082,0.50362
26.839,27.101,0,-0.031875,44.055,0.49308
26.839,27.098,0,-0.033292,44.029,0.48219
26.839,27.095,0,-0.035508,44.003,0.469
26.839,27.091,0,-0.039049,43.978,0.45205
26.839,27.087,0,-0.04301,43.953,0.43339
26.839,27.083,0,-0.046933,43.928,0.4141
26.839,27.078,0,-0.050415,43.904,0.3952
26.839,27.073,0,-0.054824,43.881,0.37347
26.839,27.068,0,-0.059233,43.857,0.35101
26.839,27.062,0,-0.062501,43.835,0.3305
26.839,27.056,0,-0.067573,43.813,0.30533
26.382,27.049,-0.51322,-0.071931,43.558,3.8242
26.382,27.042,0,-0.077343,43.491,1.334
26.382,27.034,0,-0.082468,43.426,1.2974
26.382,27.026,0,-0.086705,43.361,1.2626
26.382,27.017,0,-0.090748,43.297,1.2277
26.382,27.008,0,-0.094494,43.234,1.1929
26.382,26.998,0,-0.098867,43.172,1.1556
26.382,26.989,0,-0.1035,43.111,1.1167
26.382,26.978,0,-0.10735,43.05,1.0795
26.382,26.967,0,-0.11153,42.991,1.0407
26.382,26.956,0,-0.11632,42.933,0.99945
26.382,26.945,0,-0.12015,42.876,0.96031
26.382,26.933,0,-0.12515,42.821,0.91738
26.382,26.92,0,-0.13005,42.766,0.87409
26.382,26.907,0,-0.13427,42.713,0.83205
26.382,26.894,0,-0.13719,42.661,0.79298
26.382,26.88,0,-0.13968,42.61,0.7548
26.382,26.866,0,-0.14205,42.561,0.71675
26.382,26.852,0,-0.14271,42.514,0.6829
26.382,26.838,0,-0.1428,42.467,0.65057
26.382,26.823,0,-0.14188,42.422,0.62094
26.382,26.809,0,-0.14048,42.379,0.59287
26.382,26.795,0,-0.14009,42.337,0.56282
26.382,26.781,0,-0.13919,42.296,0.53428
26.382,26.767,0,-0.13663,42.257,0.50999
26.382,26.753,0,-0.13446,42.219,0.48546
26.382,26.74,0,-0.13331,42.182,0.45912
26.382,26.727,0,-0.13368,42.147,0.42971
26.382,26.713,0,-0.13279,42.113,0.40329
26.382,26.7,0,-0.13199,42.081,0.377
26.382,26.687,0,-0.13114,42.05,0.35116
26.382,26.674,0,-0.13227,42.02,0.32136
26.382,26.66,0,-0.13217,41.991,0.29423
26.382,26.647,0,-0.13181,41.964,0.26785
26.382,26.634,0,-0.13217,41.938,0.24028
26.382,26.621,0,-0.13376,41.914,0.21037
26.382,26.607,0,-0.13306,41.89,0.185
26.382,26.594,0,-0.13323,41.868,0.15825
26.382,26.581,0,-0.13252,41.848,0.13339
26.382,26.568,0,-0.13217,41.828,0.10815
26.382,26.554,0,-0.13333,41.811,0.08038
26.382,26.541,0,-0.13306,41.794,0.055283
26.382,26.528,0,-0.13386,41.779,0.028518
26.382,26.514,0,-0.1339,41.765,0.0032221
26.382,26.501,0,-0.13411,41.752,0
26.382,26.488,0,-0.1356,41.741,0
26.382,26.474,0,-0.1359,41.731,0
26.382,26.46,0,-0.13495,41.722,0
26.382,26.447,0,-0.13388,41.715,0
26.382,26.434,0,-0.13504,41.709,0
26.382,26.42,0,-0.13457,41.705,0
26.382,26.407,0,-0.13551,41.701,0
26.382,26.393,0,-0.1348,41.7,0
26.382,26.38,0,-0.13587,41.699,0
26.382,26.366,0,-0.13537,41.7,0
26.382,26.352,0,-0.13632,41.702,0
26.382,26.339,0,-0.1364,41.706,0
26.382,26.325,0,-0.1364,41.711,0
26.382,26.312,0,-0.13739,41.717,0
26.382,26.298,0,-0.13898,41.725,0
26.382,26.284,0,-0.14452,41.734,0
26.382,26.269,0,-0.15883,41.744,0
26.382,26.254,0,-0.18738,41.756,0
26.382,26.235,0,-0.22895,41.77,0
26.382,26.212,0,-0.28996,41.786,0
23.57,26.183,-6.5169,-0.36739,36.3,1296.4
23.57,26.146,0,-0.45879,36.04,5.6898
23.57,26.1,0,-0.56365,35.785,4.9956
23.57,26.044,0,-0.67922,35.535,4.2758
23.57,25.976,0,-0.80187,35.291,3.5709
19.862,25.896,-7.2147,-0.92691,34.155,971.11
19.862,25.803,0,-1.0503,33.556,16.157
19.862,25.698,0,-1.1762,32.967,14.688
17.802,25.58,-6.4526,-1.3077,32.078,471.01
17.802,25.45,0,-1.4467,31.307,21.497
17.802,25.305,0,-1.5959,30.549,19.498
17.802,25.145,0,-1.7597,29.807,17.394
15.2,24.969,-6.4293,-1.9391,28.553,437.54
15.2,24.776,0,-2.1329,27.586,25.708
15.2,24.562,0,-2.3429,26.639,22.744
15.2,24.328,0,-2.5665,25.714,19.726
15.2,24.071,0,-2.7718,24.814,16.949
15.2,23.794,0,-2.9723,23.941,14.353
15.2,23.497,0,-3.1829,23.096,11.912
15.2,23.179,0,-3.4037,22.282,9.7494
15.2,22.838,0,-3.648,21.502,8.0089
15.2,22.473,0,-3.9543,20.756,7.0565
10.901,22.078,-4.1166,-4.3006,17.637,147.51
10.901,21.648,0,-4.6835,16.541,12.895
10.901,21.18,0,-7.2467,15.49,29.597
10.901,20.455,0,-6.8588,14.498,27.889
10.901,19.769,0,-6.4978,13.577,26.47
9.2618,19.119,-2.0152,-5.9753,12.269,16.217
9.2618,18.522,0,-5.3992,11.313,10.046
9.2618,17.982,0,-5.0199,10.414,9.0916
9.2618,17.48,0,-4.703,9.567,8.3867
9.2618,17.01,0,-4.4,8.7687,7.7535
9.2618,16.57,0,-4.4,8.0159,7.8683
9.2618,16.13,0,-4.4,7.3071,8.3996
9.2618,15.69,0,-4.4,6.6423,9.4249
9.2618,15.25,0,-4.4,6.0216,11.042
9.2618,14.81,0,-4.4,5.4448,13.376
9.2618,14.37,0,-4.4,4.912,16.59
9.2618,13.93,0,-4.4,4.4232,20.901
9.2618,13.49,0,-4.4,3.9785,26.605
9.2618,13.05,0,-4.4,3.5777,34.113
9.2618,12.61,0,-4.4,3.2209,44.014
9.2618,12.17,0,-5.2,2.9081,174.05
9.2618,11.65,0,-5.2,2.6434,271.85
9.2618,11.13,0,-5.2,2.4306,485.85
9.2618,10.61,0,-5.2,2.2698,1119.7
9.2618,10.09,0,-5.2,2.161,1118.6
9.2618,9.5695,0,-5.2,2.1042,1117.5
9.2618,9.0495,0,-5.2,2.0995,1116.5
9.2618,8.5295,0,-5.2,2.1467,1115.4
10.777,8.0095,0.96192,-5.2,2.4742,1957.8
10.777,7.4895,0,-5.2,2.7769,0
10.777,6.9695,0,-5.2,3.1317,0
10.777,6.4495,0,-5.2,3.5385,0
10.777,5.9295,0,-8.8,3.9972,0
10.777,5.0495,0,-8.8,4.526,0
10.777,4.1695,0,-8.8,5.1428,0
10.777,3.2895,0,-8.8,5.8475,0
10.777,2.4095,0,4.9,6.6403,0
11.822,2.8995,1.4259,4.9,7.894,0
11.822,3.3895,0,4.9,8.7618,0
11.822,3.8795,0,4.9,9.5805,0
11.822,4.3695,0,4.9,10.35,0
11.822,4.8595,0,4.9,11.071,0.34461
12.555,5.3495,1.4495,4.9,11.927,0
12.555,5.8395,0,4.9,12.623,1.4754
12.555,6.3295,0,4.9,13.27,3.8068
12.555,6.8195,0,4.9,13.868,6.2446
12.555,7.3095,0,4.8812,14.417,8.6152
12.555,7.7977,0,4.2652,14.917,5.9589
13.399,8.2242,1.4055,3.809,15.631,0
13.399,8.6051,0,3.4653,16.129,0.034438
13.687,8.9516,1.4184,3.1934,16.611,0
13.687,9.271,0,2.9674,17.069,0
13.687,9.5677,0,2.7825,17.496,0
13.687,9.846,0,2.6315,17.894,0
13.687,10.109,0,2.4989,18.264,0
13.687,10.359,0,2.3858,18.61,0
13.687,10.598,0,2.288,18.931,0
14.682,10.826,1.3784,2.1924,19.591,0
14.825,11.046,1.3524,2.1142,19.977,0
14.825,11.257,0,2.0399,20.344,0
14.825,11.461,0,1.9703,20.691,0
14.825,11.658,0,1.9125,21.018,0
14.825,11.849,0,1.8624,21.325,0
14.825,12.036,0,1.8157,21.613,0
14.825,12.217,0,1.7666,21.883,0
14.825,12.394,0,1.7264,22.135,0
14.825,12.566,0,1.6882,22.369,0
14.825,12.735,0,1.6578,22.586,0.10506
14.825,12.901,0,1.6245,22.787,0.50569
14.825,13.063,0,1.5924,22.971,0.90834
14.825,13.223,0,1.5672,23.139,1.3428
14.825,13.379,0,1.5464,23.292,1.8004
14.825,13.534,0,1.5211,23.429,2.2349
14.825,13.686,0,1.501,23.55,2.6974
14.825,13.836,0,1.4836,23.656,3.1758
17.087,13.985,1.1931,1.4644,25.696,0
17.087,14.131,0,1.4392,25.999,0
17.087,14.275,0,1.4088,26.287,0
17.383,14.416,0.67067,1.3736,26.614,0
17.383,14.553,0,1.3354,26.903,0
17.383,14.687,0,1.2934,27.18,0
17.383,14.816,0,1.2552,27.443,0
17.637,14.942,0.77667,1.2198,27.744,0
17.637,15.064,0,1.1935,28.008,0
17.637,15.183,0,1.1787,28.259,0
17.637,15.301,0,1.164,28.499,0
17.637,15.417,0,1.1546,28.727,0
17.637,15.533,0,1.1416,28.943,0
17.637,15.647,0,1.1211,29.148,0
17.637,15.759,0,1.092,29.341,0
17.637,15.868,0,1.0663,29.523,0
17.637,15.975,0,1.0355,29.695,0
18.417,16.078,0.79914,1.0121,30.284,0
18.417,16.18,0,0.9972,30.513,0
18.417,16.279,0,0.99298,30.732,0
18.417,16.379,0,0.985,30.941,0
18.417,16.477,0,0.97941,31.14,0
18.855,16.575,0.60902,0.9702,31.461,0
18.855,16.672,0,0.95552,31.684,0
18.855,16.768,0,0.93362,31.897,0
18.855,16.861,0,0.90455,32.101,0
18.855,16.951,0,0.87576,32.296,0
18.855,17.039,0,0.84685,32.482,0
18.855,17.124,0,0.81999,32.659,0
18.855,17.206,0,0.79693,32.828,0
18.855,17.285,0,0.77835,32.989,0
18.855,17.363,0,0.76596,33.142,0
18.855,17.44,0,0.75733,33.288,0
18.855,17.516,0,0.75354,33.425,0
18.855,17.591,0,0.74936,33.556,0
19.489,17.666,0.75031,0.749,34.078,0
