10,10,-2.6659,0,35.5,37.733
10,10,0,6.7,35.5,60.872
10,10.67,0,6.7,35.466,65.492
10,11.34,0,-0.12698,35.366,3.1087
10,11.327,0,-0.1409,35.233,3.0086
10,11.313,0,-0.15479,35.101,2.9058
10,11.298,0,-0.16803,34.97,2.803
10,11.281,0,-0.18149,34.841,2.6971
10,11.263,0,-0.19567,34.714,2.5861
10,11.243,0,-0.21037,34.589,2.471
10,11.222,0,-0.22471,34.465,2.3555
10,11.2,0,-0.23956,34.344,2.2364
10,11.176,0,-0.25472,34.226,2.1148
10,11.15,0,-0.2698,34.109,1.9924
10,11.123,0,-0.2849,33.996,1.8692
10,11.095,0,-0.29989,33.885,1.7458
10,11.065,0,-0.31438,33.777,1.6238
6.5974,11.033,-1.2607,-0.32791,30.44,31.544
6.5974,11.001,0,-0.34228,29.998,14.249
6.5974,10.966,0,-0.35691,29.559,13.972
6.5974,10.931,0,-0.37206,29.124,13.685
6.5974,10.893,0,-0.38823,28.693,13.385
6.5974,10.855,0,-0.40536,28.265,13.074
6.5974,10.814,0,-0.42387,27.842,12.746
6.5974,10.772,0,-0.44259,27.422,12.411
6.5974,10.727,0,-0.4632,27.007,12.058
6.5974,10.681,0,-0.48531,26.596,11.688
6.5974,10.633,0,-0.50994,26.19,11.295
6.5974,10.582,0,-0.5364,25.789,10.883
6.5974,10.528,0,-0.56699,25.393,10.438
6.5974,10.471,0,-0.60199,25.003,9.9586
6.5974,10.411,0,-0.63869,24.619,9.4627
6.5974,10.347,0,-0.6784,24.241,8.9438
6.5974,10.279,0,-0.72159,23.869,8.4009
6.5974,10.207,0,-0.76853,23.504,7.8349
6.5974,10.13,0,-0.81551,23.147,7.2703
3.4973,10.049,-1.542,-0.86518,20.144,45.403
3.4973,9.9623,0,-0.9138,19.494,19.908
3.2067,9.8709,-1.1959,-0.96574,18.82,37.907
3.2067,9.7743,0,-1.0181,18.159,19.553
3.2067,9.6725,0,-1.0706,17.507,18.595
3.2067,9.5655,0,-1.1291,16.866,17.579
3.2067,9.4526,0,-1.1901,16.235,16.537
3.2067,9.3335,0,-1.2516,15.617,15.488
3.2067,9.2084,0,-1.3138,15.01,14.433
3.2067,9.077,0,-1.3792,14.417,13.359
3.2067,8.9391,0,-1.4477,13.837,12.273
3.2067,8.7943,0,-1.5182,13.271,11.189
3.2067,8.6425,0,-1.5906,12.719,10.116
3.2067,8.4834,0,-1.6648,12.184,9.0654
3.2067,8.3169,0,-1.7426,11.664,8.0374
3.2067,8.1427,0,-1.8228,11.162,7.0557
3.2067,7.9604,0,-1.9017,10.678,6.1519
3.2067,7.7702,0,-1.9873,10.212,5.316
3.2067,7.5715,0,-5.2,9.7654,7.2228
3.2067,7.0515,0,-5.2,9.3549,6.1568
3.2067,6.5315,0,-5.2,8.9964,5.0908
3.2067,6.0115,0,-8.8,8.6899,0
3.2067,5.1315,0,-8.8,8.4535,0
3.2067,4.2515,0,-8.8,8.305,0
3.2067,3.3715,0,-8.8,8.2445,0
3.2067,2.4915,0,-0.10389,8.272,0
1.8708,2.4811,-0.90633,-0.11804,6.3987,6.2541
1.8708,2.4693,0,-0.13535,6.3383,1.0023
1.8708,2.4558,0,-0.15534,6.2791,0.91414
1.8708,2.4402,0,-8.8,6.2214,0
1.8708,1.5602,0,-0.015114,6.2085,0
1.8708,1.5587,0,-0.032433,6.2396,0
1.8708,1.5555,0,-0.050358,6.271,0
1.8708,1.5505,0,-0.068951,6.3028,0
1.8708,1.5436,0,-0.086889,6.3351,0
1.8708,1.5349,0,-0.10534,6.3683,0
1.8708,1.5243,0,-0.12232,6.4024,0
1.8708,1.5121,0,-8.8,6.4377,0
1.8708,0.63211,0,-0.55048,6.5176,0
1.8708,0.57706,0,-0.29443,6.6442,0
1.8708,0.54761,0,-0.143,6.775,0
1.8708,0.53331,0,-0.099226,6.9081,0
1.8708,0.52339,0,-0.074505,7.0423,0
1.8708,0.51594,0,-0.011665,7.1774,0
1.8708,0.51477,0,0.22822,7.313,0
1.8708,0.5376,0,0.69453,7.4474,0
1.8708,0.60705,0,1.3209,7.5773,1.2725
0.52482,0.73914,1.9753,1.9753,5.4574,0.45494
0.52482,0.93667,0,-8.8,5.4261,0
0.52482,0.056673,0,2.8725,5.4289,16.371
0.52482,0.34392,0,2.7037,5.4614,16.405
0.52482,0.6143,0,2.3023,5.4659,14.286
0.52482,0.84452,0,1.7688,5.4455,11.004
0.52482,1.0214,0,4.9,5.4047,43.226
0.52482,1.5114,0,2.9751,5.3305,25.659
0.52482,1.8089,0,1.2695,5.217,11.762
0.52482,1.9359,0,0.77056,5.0822,8.6081
0.52482,2.0129,0,0.51698,4.9372,7.2175
0.52482,2.0646,0,0.38418,4.7859,6.5813
0.52482,2.103,0,0.38683,4.63,6.7553
0.52482,2.1417,0,0.51601,4.4702,7.759
0.52482,2.1933,0,0.7091,4.3059,9.329
0.52482,2.2642,0,0.89152,4.1355,11.013
0.52482,2.3534,0,1.0052,3.9571,12.331
0.52482,2.4539,0,-8.8,3.7692,0
0.52482,1.5739,0,4.9,3.6203,46.853
0.52482,2.0639,0,3.9358,3.4909,39.215
0.52482,2.4575,0,2.4264,3.3173,25.758
0.52482,2.7001,0,1.9826,3.1119,22.823
0.52482,2.8984,0,1.7478,2.8845,21.71
0.52482,3.0732,0,1.6271,2.6384,21.556
0.52482,3.2359,0,1.5233,2.3754,21.493
0.52482,3.3882,0,1.4563,2.0967,21.718
0.52482,3.5338,0,1.3925,1.8031,21.935
0.52482,3.6731,0,1.344,1.4952,22.261
0.52482,3.8075,0,1.304,1.1737,22.639
0.52482,3.9379,0,1.2414,0.83889,22.782
0.52482,4.062,0,1.169,0.49137,22.798
0.52482,4.1789,0,1.0826,0.13181,22.641
0.52482,4.2872,0,0.99953,-0.23902,22.468
0.52482,4.3871,0,0.938,-0.62025,22.451
0.52482,4.4809,0,0.88354,-1.0112,22.466
0.52482,4.5693,0,0.84029,-1.4112,22.555
0.52482,4.6533,0,0.82476,-1.8199,22.88
5.5433,4.7358,1.0183,0.82881,8.063,0
5.5433,4.8187,0,0.82645,8.1396,0.76319
5.5433,4.9013,0,0.82295,8.208,1.0039
5.8209,4.9836,0.78555,0.81184,8.3237,0
5.8209,5.0648,0,0.78714,8.4034,0.50891
5.8209,5.1435,0,0.75298,8.475,0.60638
5.8209,5.2188,0,0.70108,8.539,0.62372
5.8209,5.2889,0,0.61912,8.5957,0.51311
5.8209,5.3508,0,0.52581,8.6458,0.34963
5.8209,5.4034,0,0.41923,8.6902,0.13707
5.8209,5.4453,0,0.30485,8.7298,0
5.8209,5.4758,0,0.16766,8.7658,0
5.8209,5.4926,0,0.007692,8.7995,0
5.8209,5.4934,0,-0.052249,8.8323,0
5.8209,5.4881,0,-0.11755,8.8653,0
5.8209,5.4764,0,-0.19091,8.8992,0
4.4678,5.4573,-3.1733,-0.273,8.6434,11.62
4.4678,5.43,0,-0.35819,8.5458,1.2503
3.8279,5.3942,-3.2695,-0.4485,8.3865,12.033
3.8279,5.3493,0,-0.54245,8.2321,2.0754
3.8279,5.2951,0,-0.64032,8.0827,1.6762
3.8279,5.231,0,-0.73936,7.9392,1.3305
3.8279,5.1571,0,-8.8,7.8026,0
2.3136,4.2771,-2.2502,-0.54754,7.3216,9.4826
2.3136,4.2224,0,-0.61454,7.128,2.8583
2.3136,4.1609,0,-8.8,6.9402,0
2.3136,3.2809,0,-0.3636,6.7994,1.2479
1.6894,3.2445,-0.57067,-8.8,6.5615,0
1.6894,2.3645,0,-0.13299,6.45,1.1979
1.6894,2.3512,0,-0.13884,6.3831,1.1472
1.5645,2.3374,-0.2764,-0.14379,6.3003,2.5148
1.5429,2.323,-0.21298,-0.14749,6.2138,2.2308
1.5429,2.3082,0,-8.8,6.1365,0
1.5429,1.4282,0,0.4952,6.104,1.25
1.5429,1.4778,0,0.33986,6.1129,0.80492
1.5429,1.5117,0,0.51165,6.1178,1.5728
1.5429,1.5629,0,0.89442,6.1183,3.6487
1.5429,1.6523,0,1.3109,6.1118,6.6169
1.5429,1.7834,0,1.5859,6.0944,9.1971
1.5429,1.942,0,1.8118,6.0624,11.744
1.5429,2.1232,0,1.8748,6.0134,13.182
1.5429,2.3107,0,1.842,5.946,13.87
1.5429,2.4949,0,1.7493,5.86,14.034
1.5429,2.6698,0,1.6585,5.7561,14.167
3.6107,2.8357,1.7297,1.567,6.5974,0
3.6107,2.9924,0,1.4678,6.667,4.5639
3.6107,3.1392,0,1.3868,6.7215,4.6545
3.6107,3.2778,0,1.292,6.7618,4.6262
3.6107,3.407,0,1.217,6.7886,4.6841
3.6107,3.5287,0,1.1598,6.8029,4.8222
3.6107,3.6447,0,1.1088,6.8053,4.9758
3.6107,3.7556,0,1.0601,6.7963,5.1229
4.6567,3.8616,1.1606,1.0385,7.2076,0
4.7737,3.9655,1.2708,1.0187,7.278,0
4.7737,4.0673,0,1.028,7.3537,1.7395
4.7737,4.1701,0,1.0443,7.4192,2.1791
4.7737,4.2746,0,1.0734,7.4744,2.7074
4.7737,4.3819,0,1.1034,7.5189,3.2718
5.5404,4.4922,1.7006,1.1318,7.7305,0
5.5404,4.6054,0,1.1593,7.8297,1.6035
5.5404,4.7213,0,1.1894,7.9174,2.1666
5.5404,4.8403,0,1.1951,7.9934,2.6303
5.5404,4.9598,0,1.1959,8.0574,3.0809
5.5404,5.0794,0,1.1971,8.1095,3.5445
5.5404,5.1991,0,1.2088,8.1496,4.0819
5.5404,5.32,0,1.2187,8.1777,4.6268
5.5404,5.4418,0,1.2217,8.1936,5.144
6.9902,5.564,1.5133,1.2182,8.8756,0
6.9902,5.6858,0,1.2244,9.0121,0.67366
6.9902,5.8083,0,1.2304,9.1364,1.1082
6.9902,5.9313,0,1.2196,9.2484,1.4756
6.9902,6.0533,0,1.2082,9.3482,1.8439
6.9902,6.1741,0,1.1877,9.4359,2.1678
6.9902,6.2928,0,1.1554,9.5115,2.4259
6.9902,6.4084,0,1.1316,9.5755,2.7199
6.9902,6.5215,0,1.0974,9.628,2.9508
6.9902,6.6313,0,1.0726,9.6694,3.2229
6.9902,6.7385,0,1.044,9.6999,3.4664
6.9902,6.8429,0,1.0253,9.7199,3.758
6.9902,6.9455,0,0.99155,9.7295,3.957
6.9902,7.0446,0,0.95853,9.729,4.1482
8.4984,7.1405,0.29761,0.91831,10.902,0
8.4984,7.2323,0,0.86335,11.033,0
8.4984,7.3186,0,0.80532,11.156,0
8.4984,7.3992,0,0.75113,11.27,0
8.4984,7.4743,0,0.6892,11.376,0
8.4984,7.5432,0,0.62971,11.475,0
8.4984,7.6062,0,0.56281,11.567,0
8.4984,7.6625,0,0.50267,11.654,0
8.4984,7.7127,0,0.42399,11.735,0
8.4984,7.7551,0,0.31506,11.811,0
8.4984,7.7866,0,0.16911,11.884,0
8.4984,7.8035,0,-0.0026631,11.954,0
8.4984,7.8033,0,-0.084578,12.024,0
8.4984,7.7948,0,-0.1772,12.094,0
8.4984,7.7771,0,-0.27048,12.165,0
8.4984,7.75,0,-0.35686,12.238,0
8.4984,7.7144,0,-0.44426,12.315,0
8.4984,7.6699,0,-0.52604,12.396,0
8.4984,7.6173,0,-0.60547,12.481,0.37553
8.4984,7.5568,0,-0.68653,12.572,0.98894
8.4984,7.4881,0,-0.77297,12.67,1.8114
8.4984,7.4108,0,-0.85724,12.775,2.8296
8.4984,7.3251,0,-0.94307,12.888,4.1181
8.4984,7.2308,0,-1.026,13.01,5.6777
3.8105,7.1282,-1.362,-1.0939,9.2405,17.496
3.8105,7.0188,0,-1.1552,8.9142,4.5389
3.8105,6.9033,0,-1.2027,8.5992,4.0345
3.8105,6.783,0,-5.2,8.2959,9.4914
3.8105,6.263,0,-5.2,8.0247,8.4254
3.8105,5.743,0,-8.8,7.8054,0
3.8105,4.863,0,-0.44491,7.6562,1.2344
3.8105,4.8185,0,-8.8,7.5532,0
3.8105,3.9385,0,-0.14387,7.4964,0
3.8105,3.9241,0,-0.14175,7.4843,0
3.8105,3.91,0,-0.13288,7.4736,0
3.8105,3.8967,0,-0.11436,7.4643,0
3.8105,3.8852,0,-0.087663,7.4563,0
3.8105,3.8765,0,-0.06142,7.4493,0.0083066
3.8105,3.8703,0,-0.036091,7.443,0.046891
3.8105,3.8667,0,-0.015586,7.4372,0.08281
3.8105,3.8652,0,-0.0097813,7.4316,0.092174
3.8105,3.8642,0,-0.014874,7.4262,0.079074
3.8105,3.8627,0,-0.027377,7.4209,0.049442
3.6782,3.86,-0.94756,-0.048992,6.9876,5.1446
3.6782,3.8551,0,-0.073862,6.9697,0.20769
3.6782,3.8477,0,-0.097504,6.9524,0.14304
3.6782,3.8379,0,-8.8,6.9359,0
3.6782,2.9579,0,0.67591,6.9639,0.19181
3.6782,3.0255,0,0.35462,7.0326,0
3.6782,3.061,0,0.13266,7.0961,0
3.0674,3.0742,-0.73416,-0.0014628,6.95,3.1066
3.0674,3.0741,0,-0.019004,6.9493,0
3.0674,3.0722,0,-0.033918,6.9487,0
3.0674,3.0688,0,-0.050125,6.9484,0
3.0674,3.0638,0,-0.068444,6.9485,0
3.0674,3.057,0,-0.085847,6.9492,0
3.0674,3.0484,0,-0.10136,6.9507,0
3.0674,3.0382,0,-0.11935,6.9531,0
3.0674,3.0263,0,-0.13619,6.9566,0
3.0674,3.0127,0,-0.15745,6.9614,0
3.0674,2.9969,0,-0.1751,6.9676,0
3.0674,2.9794,0,-8.8,6.9756,0
3.0674,2.0994,0,0.17242,7.0284,0
3.0674,2.1167,0,0.12686,7.1243,0
3.0674,2.1293,0,0.11086,7.2187,0
3.0674,2.1404,0,0.17816,7.312,0
3.0674,2.1583,0,0.18649,7.4038,0
3.0674,2.1769,0,0.18134,7.4938,0
2.2632,2.195,0.2573,0.20747,6.4584,0
2.2989,2.2158,0.25575,0.24937,6.4703,0
2.3223,2.2407,0.21018,0.24057,6.4783,0
2.3223,2.2648,0,0.21842,6.4853,0.42866
2.3619,2.2866,0.2273,0.21526,6.502,0
2.3619,2.3081,0,0.23898,6.5084,0.50101
2.3619,2.332,0,0.25066,6.5126,0.59913
2.3619,2.3571,0,0.21197,6.5144,0.54151
2.3619,2.3783,0,0.1894,6.5138,0.52577
2.3619,2.3972,0,0.18261,6.5112,0.55262
2.3619,2.4155,0,0.17886,6.5067,0.58713
2.3619,2.4334,0,0.20934,6.5005,0.72922
2.3619,2.4543,0,0.20357,6.4923,0.76511
2.3619,2.4747,0,0.20781,6.482,0.83261
2.3619,2.4955,0,0.21593,6.4697,0.91528
2.3619,2.5171,0,0.21985,6.4553,0.98698
2.3619,2.539,0,0.2028,6.4387,0.98772
2.3619,2.5593,0,0.20159,6.4199,1.0385
2.3619,2.5795,0,0.18941,6.3992,1.051
2.6904,2.5984,0.22079,0.21672,6.6524,0
2.6904,2.6201,0,0.23245,6.6606,0.43925
2.6904,2.6433,0,0.2242,6.6664,0.4725
2.6904,2.6658,0,0.2163,6.67,0.50477
2.6904,2.6874,0,0.23502,6.6714,0.61861
2.6904,2.7109,0,0.22196,6.6705,0.63762
2.6904,2.7331,0,0.21504,6.6674,0.67285
2.8583,2.7546,0.21823,0.22342,6.7112,0
2.8583,2.7769,0,0.20098,6.7205,0.31889
2.8583,2.797,0,0.20046,6.7276,0.36637
2.8583,2.8171,0,0.20074,6.7327,0.41648
2.8583,2.8371,0,0.204,6.7359,0.4761
2.8583,2.8575,0,0.19678,6.737,0.50527
2.8583,2.8772,0,0.21139,6.736,0.60015
2.8583,2.8984,0,0.20831,6.7331,0.64464
2.8583,2.9192,0,0.21557,6.728,0.72189
2.8583,2.9408,0,0.22101,6.7209,0.79632
2.8583,2.9629,0,0.22953,6.7115,0.88376
2.8583,2.9858,0,0.22428,6.6999,0.92758
2.8583,3.0082,0,0.22845,6.686,1.0027
2.8583,3.0311,0,0.23159,6.6699,1.0764
2.8583,3.0542,0,0.21701,6.6515,1.0885
2.8583,3.0759,0,0.19056,6.6308,1.0553
2.8583,3.095,0,0.18421,6.6081,1.085
2.8583,3.1134,0,0.16985,6.5835,1.0853
2.8583,3.1304,0,0.15992,6.5571,1.097
2.8583,3.1464,0,0.18379,6.5291,1.2247
2.8583,3.1648,0,0.18084,6.4994,1.2651
2.8583,3.1829,0,0.19614,6.4678,1.3719
2.8583,3.2025,0,0.23274,6.4344,1.5673
2.8583,3.2257,0,0.30627,6.3988,1.9352
2.8583,3.2564,0,0.44212,6.3605,2.6438
2.8583,3.3006,0,0.63086,6.3185,3.7632
3.8714,3.3637,1.7433,0.81683,7.0307,0
3.8714,3.4454,0,0.94448,7.0774,2.2935
3.8714,3.5398,0,0.96933,7.1153,2.7598
4.2854,3.6367,0.31858,0.93688,7.2109,0.16324
4.2854,3.7304,0,0.82939,7.2711,1.3079
4.2854,3.8134,0,0.65516,7.3225,0.82607
4.2854,3.8789,0,0.43773,7.3664,0.22377
4.0611,3.9227,-2.1592,0.18,7.3871,8.0643
4.0611,3.9407,0,-0.024605,7.4,0
4.0611,3.9382,0,-0.084413,7.4122,0
4.0611,3.9298,0,-0.1436,7.4249,0
4.0611,3.9154,0,-0.18811,7.4388,0
3.082,3.8966,-0.23585,-0.21162,7.1905,2.1683
3.082,3.8754,0,-0.21369,7.1101,1.2504
3.082,3.854,0,-0.20756,7.0318,1.216
3.082,3.8333,0,-0.19812,6.9556,1.1928
3.082,3.8135,0,-8.8,6.8815,0
3.082,2.9335,0,0.409,6.8524,0.8212
3.082,2.9744,0,0.32055,6.8652,0.62412
3.115,3.0064,-0.27077,0.20628,6.8689,1.2386
3.0897,3.0271,-0.17438,0.11788,6.8856,0.6601
3.0897,3.0389,0,0.068579,6.8913,0.044734
3.0897,3.0457,0,0.032304,6.896,0
3.0897,3.0489,0,0.044421,6.9002,0.011378
3.0897,3.0534,0,0.11997,6.9041,0.2035
3.0897,3.0654,0,0.16753,6.9071,0.36134
3.0897,3.0821,0,0.17004,6.9087,0.40918
3.0897,3.0991,0,0.16628,6.9086,0.43979
3.0897,3.1158,0,0.14495,6.9068,0.41868
3.0897,3.1303,0,0.1007,6.9035,0.33048
3.1644,3.1403,-0.16134,0.042943,6.9467,0.47522
3.1644,3.1446,0,0.001992,6.9488,0
3.1644,3.1448,0,-0.0045275,6.9508,0
3.1644,3.1444,0,-0.0055425,6.9528,0
3.1184,3.1438,-0.011939,-0.0055665,6.929,0.066381
3.1184,3.1433,0,-0.0063094,6.9265,0.037789
3.1184,3.1426,0,-0.0042456,6.9241,0.040892
3.1184,3.1422,0,-0.002428,6.9217,0.043908
3.1413,3.142,0.25246,-0.00014117,6.9201,0
3.1413,3.1419,0,0.039321,6.92,0.087834
3.1413,3.1459,0,0.074935,6.9198,0.18156
3.1413,3.1534,0,0.17424,6.9189,0.46952
3.1413,3.1708,0,0.3141,6.9169,0.97446
3.1413,3.2022,0,0.56527,6.9123,2.1044
3.1413,3.2587,0,0.90034,6.9034,4.0529
3.1413,3.3488,0,1.3085,6.8872,7.0303
3.1413,3.4796,0,1.7202,6.8599,10.708
3.1413,3.6516,0,2.0818,6.8175,14.585
3.1413,3.8598,0,2.3234,6.756,17.859
3.1413,4.0922,0,2.4652,6.6725,20.473
3.1413,4.3387,0,2.5273,6.5651,22.472
3.1413,4.5914,0,2.5613,6.4328,24.268
3.1413,4.8475,0,2.5569,6.275,25.725
3.1413,5.1032,0,2.5108,6.0915,26.774
8.0466,5.3543,2.8208,2.4467,8.8541,0
8.0466,5.599,0,2.362,9.1111,2.7009
8.5602,5.8352,2.0068,2.261,9.3933,0
8.5602,6.0613,0,2.1573,9.6545,1.2605
8.9523,6.277,1.7475,2.0679,9.9478,0
8.9523,6.4838,0,1.988,10.205,0.44432
8.9523,6.6826,0,1.93,10.442,0.85518
8.9523,6.8756,0,1.903,10.659,1.4203
8.9523,7.0659,0,1.8919,10.857,2.0811
8.9523,7.2551,0,1.9098,11.036,2.933
8.9523,7.4461,0,1.9314,11.197,3.8489
8.9523,7.6392,0,1.9497,11.338,4.7854
8.9523,7.8342,0,1.9703,11.459,5.777
8.9523,8.0312,0,1.9895,11.561,6.7989
11.479,8.2302,2.8808,2,12.804,1.261
11.774,8.4302,2.9309,2.0215,13.124,1.5887
11.774,8.6323,0,2.0391,13.449,0
11.774,8.8362,0,2.0667,13.753,0
11.774,9.0429,0,2.0957,14.036,0.066875
11.774,9.2525,0,2.1206,14.299,0.96562
11.774,9.4645,0,2.1453,14.54,1.9219
11.774,9.6791,0,2.1542,14.761,2.8352
11.774,9.8945,0,2.1464,14.959,3.6766
11.774,10.109,0,2.1139,15.137,4.3733
11.774,10.321,0,2.0632,15.293,4.9438
11.774,10.527,0,2.0101,15.428,5.4817
11.774,10.728,0,1.9643,15.542,6.0531
11.774,10.924,0,1.9095,15.637,6.5448
11.774,11.115,0,1.8566,15.713,7.0299
11.774,11.301,0,1.8093,15.769,7.5345
11.774,11.482,0,1.7542,15.808,7.964
11.774,11.657,0,1.6884,15.828,8.2903
11.774,11.826,0,1.6201,15.831,8.5681
11.774,11.988,0,1.5549,15.818,8.8368
11.774,12.144,0,1.4936,15.789,9.1057
11.774,12.293,0,1.4308,15.745,9.3345
11.774,12.436,0,1.3706,15.686,9.5538
11.774,12.573,0,1.3158,15.613,9.7855
11.774,12.705,0,1.2628,15.526,10.005
11.774,12.831,0,1.2149,15.427,10.239
11.774,12.952,0,1.1801,15.315,10.551
11.774,13.07,0,1.1489,15.191,10.874
11.774,13.185,0,1.1294,15.056,11.276
11.774,13.298,0,1.1081,14.909,11.656
11.774,13.409,0,1.0872,14.751,12.031
11.774,13.518,0,1.0665,14.583,12.4
11.774,13.624,0,1.0398,14.403,12.712
16.004,13.728,0.63613,1.0204,23.429,0
16.004,13.83,0,1.0012,23.651,0
16.004,13.931,0,0.96727,23.864,0
16.004,14.027,0,0.93178,24.066,0
16.004,14.121,0,0.87994,24.259,0
16.004,14.209,0,0.81565,24.443,0
16.004,14.29,0,0.75225,24.619,0
15.953,14.365,-0.52193,0.69515,24.832,0
15.953,14.435,0,0.63855,24.988,0
15.953,14.499,0,0.58724,25.136,0
15.953,14.557,0,0.53457,25.279,0
15.953,14.611,0,0.48511,25.416,0
15.953,14.659,0,0.43,25.548,0
15.953,14.702,0,0.3762,25.675,0
15.475,14.74,-1.0137,0.31733,25.673,4.1863
15.475,14.772,0,0.26361,25.745,0
15.475,14.798,0,0.20968,25.814,0
15.475,14.819,0,0.15768,25.881,0
15.475,14.835,0,0.10325,25.945,0
15.475,14.845,0,0.053925,26.009,0
15.475,14.851,0,-0.0015933,26.072,0
14.681,14.85,-1.7902,-0.022504,25.897,16.113
14.493,14.848,-2.0113,-0.047272,25.873,21.465
14.493,14.843,0,-0.073453,25.837,0.5868
14.493,14.836,0,-0.10301,25.803,0.49651
13.83,14.826,-2.5379,-0.13406,25.674,39.309
13.83,14.812,0,-0.1672,25.575,1.8911
13.83,14.796,0,-0.20307,25.478,1.7227
13.83,14.775,0,-0.23978,25.382,1.5507
13.83,14.751,0,-0.27906,25.289,1.3717
13.83,14.723,0,-0.31978,25.198,1.1916
13.83,14.691,0,-0.36094,25.111,1.0152
13.83,14.655,0,-0.40319,25.026,0.8438
13.83,14.615,0,-0.44456,24.946,0.68397
13.83,14.571,0,-0.48831,24.87,0.53307
13.83,14.522,0,-0.53463,24.798,0.39612
13.83,14.468,0,-0.58381,24.732,0.27944
13.83,14.41,0,-0.63954,24.671,0.19085
13.83,14.346,0,-0.70223,24.616,0.14664
13.83,14.276,0,-0.77093,24.568,0.16715
13.83,14.199,0,-0.84818,24.527,0.28311
13.83,14.114,0,-0.93078,24.495,0.52474
13.83,14.021,0,-1.0198,24.471,0.93786
13.83,13.919,0,-1.1138,24.457,1.5709
13.83,13.807,0,-1.2137,24.454,2.4995
13.83,13.686,0,-1.3157,24.462,3.7805
13.83,13.554,0,-1.4241,24.483,5.5629
13.83,13.412,0,-1.5317,24.518,7.9032
13.83,13.259,0,-1.6417,24.568,11.006
6.3358,13.095,-2.3189,-1.7545,15.904,54.959
6.3358,12.919,0,-1.8774,15.237,13.047
6.3358,12.731,0,-2.0041,14.588,11.437
6.3358,12.531,0,-2.1376,13.959,9.8682
6.3358,12.317,0,-2.2744,13.35,8.4007
6.3358,12.09,0,-2.4171,12.763,7.0703
