20,20,-0.32043,0,35.5,0.94637
20,20,0,-0.003683,35.5,0
20,20,0,-0.006487,35.5,0
20,19.999,0,-0.0092875,35.5,0
20,19.998,0,-0.013609,35.5,0
20,19.997,0,-0.016864,35.5,0
20,19.995,0,-0.019904,35.501,0
20,19.993,0,-0.023014,35.502,0
20,19.991,0,-0.027312,35.502,0
20,19.988,0,-0.03142,35.503,0
20,19.985,0,-0.034913,35.505,0
20,19.981,0,-0.038601,35.506,0
20,19.977,0,-0.041508,35.508,0
20,19.973,0,-0.046327,35.511,0
20,19.969,0,-0.051281,35.514,0
20,19.964,0,-0.057711,35.517,0
20,19.958,0,-0.064787,35.521,0
19.294,19.951,-0.69113,-0.073021,35.033,5.0117
19.294,19.944,0,-0.080848,34.967,1.2955
19.294,19.936,0,-0.087906,34.903,1.2522
19.294,19.927,0,-0.095885,34.839,1.2048
19.294,19.918,0,-0.10193,34.776,1.1619
19.294,19.907,0,-0.10928,34.715,1.1142
19.294,19.896,0,-0.11695,34.654,1.0643
19.294,19.885,0,-0.12419,34.594,1.0146
19.294,19.872,0,-0.1317,34.536,0.96312
18.644,19.859,-0.71441,-0.13972,34.215,7.2104
18.644,19.845,0,-0.14658,34.094,2.5987
18.644,19.831,0,-0.15479,33.975,2.5221
18.644,19.815,0,-0.16269,33.857,2.4452
18.644,19.799,0,-0.17008,33.741,2.3689
18.644,19.782,0,-0.17827,33.626,2.2884
18.644,19.764,0,-0.18438,33.513,2.2144
18.644,19.746,0,-0.19234,33.402,2.1327
18.644,19.726,0,-0.19818,33.293,2.0577
18.644,19.706,0,-0.20564,33.186,1.9763
18.644,19.686,0,-0.21139,33.08,1.9
17.906,19.665,-0.67282,-0.21759,32.524,8.8055
17.842,19.643,-0.68347,-0.22448,32.349,9.0514
17.842,19.621,0,-0.23301,32.17,4.0495
17.842,19.597,0,-0.24137,31.993,3.9325
17.842,19.573,0,-0.25014,31.819,3.8123
17.842,19.548,0,-0.25691,31.647,3.6998
17.842,19.522,0,-0.26481,31.478,3.5814
17.842,19.496,0,-0.27404,31.311,3.4562
17.337,19.469,-0.69796,-0.28267,30.974,10.347
17.337,19.44,0,-0.28996,30.762,4.8816
17.337,19.411,0,-0.29781,30.553,4.7406
17.337,19.381,0,-0.30784,30.347,4.5878
17.337,19.351,0,-0.31806,30.145,4.4327
17.337,19.319,0,-0.32755,29.945,4.2798
16.903,19.286,-0.69323,-0.3372,29.599,11.114
16.903,19.252,0,-0.34481,29.362,5.4732
16.903,19.218,0,-0.35442,29.129,5.2988
16.903,19.182,0,-0.36381,28.899,5.1244
16.903,19.146,0,-0.37399,28.673,4.9451
16.903,19.109,0,-0.38405,28.451,4.7654
16.903,19.07,0,-0.39314,28.232,4.5897
16.903,19.031,0,-0.40361,28.017,4.407
16.903,18.991,0,-0.41398,27.807,4.2244
16.903,18.949,0,-0.42536,27.6,4.037
16.903,18.907,0,-0.4361,27.398,3.8524
16.116,18.863,-0.68663,-0.44797,26.771,11.975
16.116,18.818,0,-0.45721,26.498,6.1588
16.116,18.773,0,-0.46846,26.23,5.9295
16.116,18.726,0,-0.47934,25.967,5.7016
16.116,18.678,0,-0.48899,25.708,5.4798
16.116,18.629,0,-0.49814,25.455,5.2608
16.116,18.579,0,-0.50887,25.206,5.0343
16.116,18.528,0,-0.52363,24.962,4.7888
16.116,18.476,0,-0.54258,24.723,4.5243
15.402,18.422,-1.5564,-0.56733,24.189,24.632
15.402,18.365,0,-0.59479,23.889,6.3669
15.402,18.305,0,-0.62975,23.596,5.9633
15.402,18.242,0,-0.66494,23.309,5.5594
15.402,18.176,0,-0.70336,23.028,5.1423
15.402,18.106,0,-0.74314,22.754,4.7238
15.402,18.031,0,-0.78436,22.488,4.3064
15.402,17.953,0,-0.82991,22.229,3.882
15.402,17.87,0,-0.87626,21.978,3.4697
15.402,17.782,0,-0.92432,21.736,3.0708
15.402,17.69,0,-0.97936,21.502,2.6771
15.402,17.592,0,-1.0319,21.278,2.3235
15.402,17.489,0,-1.089,21.065,2.0017
15.402,17.38,0,-1.1483,20.861,1.7293
15.402,17.265,0,-1.2112,20.669,1.5196
15.402,17.144,0,-1.2769,20.489,1.3926
15.402,17.016,0,-1.3423,20.321,1.3666
15.402,16.882,0,-1.4136,20.167,1.4743
15.402,16.74,0,-1.4839,20.026,1.7349
15.402,16.592,0,-1.5578,19.899,2.197
15.402,16.436,0,-1.6407,19.788,2.9497
15.402,16.272,0,-1.7214,19.693,4.0007
15.402,16.1,0,-1.8118,19.615,5.5333
15.402,15.919,0,-1.8984,19.554,7.5341
15.402,15.729,0,-1.9816,19.512,10.098
15.402,15.531,0,-2.0601,19.489,13.312
15.402,15.325,0,-2.1343,19.486,17.307
15.402,15.111,0,-4.4,19.505,1272
15.402,14.671,0,-4.4,19.556,0
10.027,14.231,-0.9627,-4.4,11.558,15.474
10.027,13.791,0,-4.4,11.159,34.57
10.027,13.351,0,-4.4,10.805,44.62
10.027,12.911,0,-4.4,10.494,58.001
10.027,12.471,0,-4.4,10.228,76.118
10.027,12.031,0,-5.2,10.005,408.62
10.027,11.511,0,-5.2,9.831,918.35
10.027,10.991,0,-5.2,9.7086,64572
10.027,10.471,0,-5.2,9.6381,0
10.027,9.9515,0,-5.2,9.6197,0
10.027,9.4315,0,-5.2,9.6532,0
10.027,8.9115,0,-5.2,9.7388,0
10.027,8.3915,0,0.38725,9.8763,0
10.027,8.4302,0,0.35333,10.038,0
10.027,8.4655,0,0.32244,10.196,0
10.027,8.4978,0,0.29125,10.35,0
10.027,8.5269,0,0.26646,10.502,0
10.027,8.5536,0,0.25339,10.651,0
10.027,8.5789,0,0.25981,10.797,0
10.027,8.6049,0,0.28636,10.94,0
10.027,8.6335,0,0.32566,11.081,0
10.027,8.6661,0,0.36853,11.219,0
10.027,8.7029,0,0.40794,11.353,0
10.027,8.7437,0,0.44432,11.483,0
10.027,8.7882,0,0.46275,11.609,0
10.027,8.8344,0,0.48479,11.731,0
10.027,8.8829,0,0.49753,11.848,0
10.027,8.9327,0,0.51976,11.96,0
10.027,8.9846,0,0.54321,12.067,0
10.027,9.039,0,0.56673,12.168,0
10.027,9.0956,0,0.58723,12.264,0
10.027,9.1544,0,0.60898,12.354,0
10.027,9.2153,0,0.62609,12.438,0
10.027,9.2779,0,0.63933,12.516,0
10.027,9.3418,0,0.65642,12.588,0.21934
10.027,9.4074,0,0.66213,12.653,0.42428
10.027,9.4737,0,0.66381,12.712,0.62109
10.027,9.54,0,0.66027,12.764,0.80215
10.027,9.6061,0,0.64737,12.809,0.94731
10.027,9.6708,0,0.63166,12.848,1.0784
10.027,9.734,0,0.61876,12.881,1.2174
10.027,9.7958,0,0.61345,12.907,1.386
11.198,9.8572,0.40738,0.60242,12.615,0
11.246,9.9174,0.25463,0.59677,12.753,0
11.246,9.9771,0,0.57721,12.883,0
11.246,10.035,0,0.54665,13.007,0
11.246,10.089,0,0.5045,13.125,0
11.246,10.14,0,0.44811,13.238,0
11.246,10.185,0,0.37876,13.347,0
11.246,10.223,0,0.31139,13.451,0
11.246,10.254,0,0.25007,13.552,0
11.246,10.279,0,0.19781,13.65,0
11.246,10.299,0,0.15446,13.745,0
11.246,10.314,0,0.12517,13.839,0
11.246,10.327,0,0.10049,13.932,0
11.246,10.337,0,0.085359,14.023,0
11.246,10.345,0,0.07027,14.114,0
11.246,10.352,0,0.064568,14.204,0
11.246,10.359,0,0.069223,14.293,0
11.246,10.366,0,0.086727,14.381,0
10.645,10.374,1.0905,0.12084,13.749,0.00015998
10.645,10.386,0,0.16474,13.775,0
10.645,10.403,0,0.22004,13.8,0
10.645,10.425,0,0.27439,13.823,0.19179
10.645,10.452,0,0.32557,13.844,0.41638
10.645,10.485,0,0.37114,13.862,0.65368
10.645,10.522,0,0.40611,13.876,0.88066
10.645,10.562,0,0.43477,13.886,1.1048
10.645,10.606,0,0.46466,13.893,1.352
10.645,10.652,0,0.48512,13.894,1.5784
10.645,10.701,0,0.50637,13.891,1.8217
10.645,10.752,0,0.5164,13.883,2.0283
10.645,10.803,0,0.52582,13.87,2.2398
10.645,10.856,0,0.52537,13.851,2.4118
10.645,10.908,0,0.51544,13.828,2.5403
10.645,10.96,0,0.49465,13.799,2.614
12.082,11.009,-0.079723,0.47249,15.176,0
12.082,11.057,0,0.45136,15.281,0
12.082,11.102,0,0.42197,15.381,0
12.017,11.144,-0.55253,0.38322,15.474,0.90599
12.017,11.182,0,0.34169,15.559,0
12.017,11.216,0,0.29821,15.641,0
12.017,11.246,0,0.25533,15.72,0
12.017,11.272,0,0.22091,15.795,0
12.017,11.294,0,0.1907,15.869,0
12.017,11.313,0,0.166,15.94,0
12.017,11.33,0,0.14475,16.01,0
12.017,11.344,0,0.12441,16.078,0
12.017,11.356,0,0.11108,16.144,0
12.017,11.368,0,0.10234,16.21,0
12.017,11.378,0,0.096704,16.274,0
12.017,11.387,0,0.094273,16.337,0
12.017,11.397,0,0.097288,16.4,0
12.017,11.407,0,0.10665,16.461,0
12.017,11.417,0,0.13036,16.522,0
12.017,11.43,0,0.15765,16.581,0
12.017,11.446,0,0.17725,16.639,0
12.017,11.464,0,0.20214,16.695,0
12.017,11.484,0,0.22469,16.749,0
12.017,11.506,0,0.24908,16.801,0
12.017,11.531,0,0.27369,16.851,0
12.017,11.559,0,0.29205,16.898,0
12.316,11.588,0.81781,0.31701,16.48,0
12.316,11.62,0,0.34,16.551,0
12.316,11.654,0,0.36023,16.619,0
12.316,11.69,0,0.37695,16.684,0
12.64,11.727,0.79208,0.39585,16.786,0
12.64,11.767,0,0.41284,16.876,0
12.64,11.808,0,0.42921,16.961,0
12.64,11.851,0,0.44374,17.042,0
12.64,11.896,0,0.45707,17.119,0
12.64,11.941,0,0.47565,17.191,0
12.64,11.989,0,0.48589,17.258,0
12.64,12.037,0,0.49969,17.321,0
12.64,12.087,0,0.50652,17.379,0.065229
12.64,12.138,0,0.51125,17.432,0.2135
12.64,12.189,0,0.51396,17.479,0.3598
12.64,12.241,0,0.522,17.522,0.5291
13.526,12.293,0.76683,0.52937,18.131,0
13.606,12.346,0.75922,0.54037,18.253,0
13.682,12.4,0.54171,0.54945,18.389,0
13.682,12.455,0,0.5474,18.514,0
13.682,12.509,0,0.53429,18.634,0
13.77,12.563,-0.19857,0.51476,18.747,0
13.77,12.614,0,0.48436,18.865,0
13.77,12.663,0,0.44439,18.979,0
13.77,12.707,0,0.40394,19.087,0
13.77,12.748,0,0.36931,19.191,0
13.77,12.785,0,0.32915,19.292,0
13.77,12.817,0,0.29392,19.389,0
13.457,12.847,-0.46001,0.25836,19.38,0.74433
13.457,12.873,0,0.23012,19.439,0
13.374,12.896,-0.30575,0.2023,19.497,0.28793
13.374,12.916,0,0.17971,19.544,0
13.374,12.934,0,0.16259,19.589,0
13.319,12.95,0.22832,0.15572,19.621,0
13.319,12.966,0,0.15799,19.657,0
13.319,12.981,0,0.17068,19.692,0
13.319,12.999,0,0.17672,19.725,0
13.319,13.016,0,0.18543,19.756,0
13.319,13.035,0,0.19806,19.785,0
13.319,13.055,0,0.20979,19.813,0
13.319,13.076,0,0.21774,19.838,0
13.319,13.097,0,0.23267,19.861,0.072559
13.319,13.121,0,0.24393,19.882,0.15874
13.319,13.145,0,0.25156,19.901,0.23947
13.789,13.17,0.23894,0.25978,20.133,0
13.789,13.196,0,0.25757,20.193,0
13.824,13.222,0.011205,0.2528,20.258,0
13.823,13.247,-0.092951,0.24153,20.322,0
13.823,13.271,0,0.22792,20.378,0
13.79,13.294,-0.2482,0.20793,20.436,0.062308
13.79,13.315,0,0.18501,20.485,0
13.733,13.333,-0.31631,0.16727,20.523,0.41947
13.733,13.35,0,0.15073,20.562,0
13.733,13.365,0,0.1331,20.6,0
13.733,13.379,0,0.1117,20.636,0
13.733,13.39,0,0.088677,20.671,0
13.733,13.399,0,0.066216,20.705,0
13.733,13.405,0,0.048585,20.738,0
13.733,13.41,0,0.027986,20.771,0
13.733,13.413,0,0.0066298,20.803,0
13.733,13.413,0,-0.0063955,20.835,0
13.733,13.413,0,-0.016784,20.867,0
13.733,13.411,0,-0.027255,20.899,0
13.191,13.408,-0.72354,-0.037629,20.679,3.6549
13.191,13.405,0,-0.050526,20.657,0.34003
13.191,13.4,0,-0.064691,20.636,0.29614
13.191,13.393,0,-0.078778,20.615,0.25081
13.191,13.385,0,-0.090668,20.595,0.20872
13.191,13.376,0,-0.10337,20.576,0.16381
13.191,13.366,0,-0.11635,20.558,0.11734
13.191,13.354,0,-0.12842,20.541,0.071712
13.191,13.341,0,-0.13787,20.526,0.030073
13.191,13.328,0,-0.14984,20.511,0
13.191,13.313,0,-0.16204,20.498,0
13.191,13.296,0,-0.17227,20.487,0
13.191,13.279,0,-0.18528,20.477,0
12.183,13.261,-0.7497,-0.19728,19.82,6.4688
12.183,13.241,0,-0.20982,19.713,1.9504
12.183,13.22,0,-0.22186,19.608,1.8518
12.183,13.198,0,-0.23545,19.506,1.747
12.183,13.174,0,-0.24878,19.405,1.6421
12.183,13.149,0,-0.26165,19.307,1.5379
12.183,13.123,0,-0.27059,19.212,1.4451
12.183,13.096,0,-0.28082,19.119,1.3484
12.183,13.068,0,-0.29295,19.029,1.2465
12.183,13.039,0,-0.3053,18.942,1.1443
11.429,13.008,-0.80753,-0.31816,18.463,8.4205
11.429,12.976,0,-0.33373,18.307,2.88
11.429,12.943,0,-0.34682,18.154,2.731
11.429,12.908,0,-0.35847,18.004,2.587
11.429,12.873,0,-0.36779,17.858,2.4515
11.073,12.836,-0.74891,-0.37918,17.592,8.2867
11.073,12.798,0,-0.39376,17.418,3.1694
10.922,12.758,-0.7205,-0.40652,17.221,8.1712
10.845,12.718,-0.72386,-0.42021,17.045,8.2692
10.845,12.676,0,-0.43527,16.86,3.3199
10.845,12.632,0,-0.45114,16.679,3.1254
10.845,12.587,0,-0.46657,16.503,2.9334
10.845,12.54,0,-0.48014,16.331,2.7494
10.845,12.492,0,-0.4945,16.164,2.5644
10.845,12.443,0,-0.53371,16.001,2.2993
9.9845,12.39,-4.417,-0.60591,15.62,175.1
9.9845,12.329,0,-0.7168,15.382,3.7208
8.959,12.257,-7.0246,-0.87189,15.065,28.062
8.959,12.17,0,-1.071,14.739,4.8918
8.959,12.063,0,-1.2931,14.423,3.7637
8.959,11.934,0,-1.5399,14.12,2.8828
8.959,11.78,0,-1.8047,13.83,2.4993
8.959,11.599,0,-2.1032,13.557,3.015
8.959,11.389,0,-2.4309,13.303,5.1747
8.959,11.146,0,-2.8125,13.072,10.729
8.959,10.865,0,-3.2359,12.868,23.224
8.959,10.541,0,-9.7884,12.693,609.08
8.959,9.5622,0,-9.5397,12.584,607.59
8.959,8.6082,0,-9.15,12.571,606.46
8.959,7.6932,0,-8.9691,12.652,604.96
8.959,6.7963,0,-8.6429,12.824,603.81
8.959,5.932,0,-8.8,13.083,601.7
8.959,5.052,0,-8.8,13.43,599.9
8.959,4.172,0,-8.8,13.865,598.1
8.959,3.292,0,-8.8,14.387,596.29
-2.3465,2.412,-4.1298,-8.8,3.887,626.34
-2.3465,1.532,0,-8.8,3.4552,615.86
-2.3465,0.65203,0,-8.8,3.1113,614.06
-2.3465,0,0,-8.8,2.8555,612.72
-2.3465,0,0,-8.8,2.6648,612.72
-2.3465,0,0,-8.8,2.4742,612.72
-2.3465,0,0,-10.029,2.2835,610.14
-2.3465,0,0,-13.77,2.099,602.28
-2.3465,0,0,-22.476,1.9332,583.98
-2.3465,0,0,-58.48,1.8109,508.33
-2.3465,0,0,9.8,2.8732,651.8
-2.3465,0.98,0,-73.098,2.5895,479.62
-2.3465,0,0,-5701.6,2.6224,0
-2.3465,0,0,7.8,30.896,647.6
-2.3465,0.78,0,7.8,30.622,649.2
-2.3465,1.56,0,7.8,30.27,650.8
-2.3465,2.34,0,7.8,29.841,652.4
-2.3465,3.12,0,7.8,29.333,654
-2.3465,3.9,0,-0.39037,28.748,638.39
-2.3465,3.861,0,-0.41283,28.125,638.26
-2.3465,3.8197,0,-0.43585,27.506,638.13
-6.4689,3.7761,1.4015,-0.45956,20.423,643.49
-6.4689,3.7301,0,-0.48405,19.401,646.29
-6.4689,3.6817,0,-0.51064,18.384,646.14
-6.4689,3.6307,0,-0.53862,17.371,645.97
-5.8402,3.5768,2.0652,-0.56743,16.483,640.17
-5.6272,3.5201,2.2944,-0.59599,15.557,639.08
-5.6272,3.4605,0,-0.62493,14.645,643.72
-5.6272,3.398,0,-0.65394,13.739,643.53
-5.6272,3.3326,0,-0.6848,12.84,643.33
-5.6272,3.2641,0,-0.71465,11.947,643.13
-4.4024,3.1926,2.2867,-0.74643,11.376,635.6
-4.4024,3.118,0,-0.78256,10.62,640.17
-4.4024,3.0397,0,-0.81617,9.8717,639.94
-4.4024,2.9581,0,-0.8495,9.1315,639.71
-4.4024,2.8732,0,-0.8796,8.3997,639.47
-4.4024,2.7852,0,-0.90295,7.6766,639.24
-4.4024,2.6949,0,-0.91734,6.9623,639.02
-4.4024,2.6032,0,-0.9233,6.2572,638.82
-4.4024,2.5109,0,-0.926,5.5612,638.63
-4.4024,2.4183,0,-8.8,4.8745,621.89
-4.4024,1.5383,0,-8.8,4.2365,620.09
-4.4024,0.65825,0,-8.8,3.6864,618.28
-4.4024,0,0,3.1379,3.2243,642.02
-4.4024,0.31379,0,-8.8,2.7684,617.58
-4.4024,0,0,3.0859,2.3408,641.91
-4.4024,0.30859,0,-8.8,1.8851,617.57
-4.4024,0,0,3.0352,1.458,641.8
0.59201,0.30352,3.0379,-8.8,5.0796,0
0.59201,0,0,3.136,5.1525,18.121
0.59201,0.3136,0,3.2606,5.196,21.09
0.59201,0.63966,0,3.3226,5.2075,23.594
0.59201,0.97193,0,-8.8,5.1862,0
0.59201,0.091926,0,3.3681,5.1922,20.856
0.59201,0.42874,0,3.2705,5.2253,21.851
0.59201,0.75578,0,3.1546,5.2253,22.613
0.59201,1.0712,0,4.9,5.1932,43.113
0.59201,1.5612,0,4.9,5.1207,46.326
0.59201,2.0512,0,4.9,4.9993,49.569
0.59201,2.5412,0,3.1497,4.8289,33.3
0.59201,2.8562,0,2.1067,4.6182,24.538
0.59201,3.0669,0,1.4969,4.3813,19.937
0.59201,3.2166,0,1.0873,4.1263,17.073
0.59201,3.3253,0,0.78932,3.8584,15.094
0.59201,3.4042,0,0.60518,3.5811,13.979
0.59201,3.4648,0,0.54372,3.2969,13.783
0.59201,3.5191,0,0.58915,3.0069,14.421
0.59201,3.578,0,0.70189,2.7112,15.653
0.59201,3.6482,0,0.8708,2.4091,17.464
0.59201,3.7353,0,1.0604,2.0991,19.614
0.59201,3.8414,0,1.2133,1.7795,21.602
0.59201,3.9627,0,1.314,1.4485,23.231
0.59201,4.0941,0,1.3866,1.1049,24.676
0.59201,4.2327,0,1.4411,0.74771,26.006
0.59201,4.3769,0,1.4942,0.37643,27.371
5.9217,4.5263,2.4641,1.5435,8.0563,0
5.9217,4.6806,0,1.5788,8.1881,2.7519
5.9217,4.8385,0,1.614,8.3043,3.5847
6.6686,4.9999,2.5486,1.6434,8.5224,0
6.6686,5.1642,0,1.6772,8.6811,2.3087
6.6686,5.332,0,1.6994,8.8231,3.0923
6.6686,5.5019,0,1.7231,8.9483,3.925
6.6686,5.6742,0,1.7498,9.0563,4.8163
6.6686,5.8492,0,1.7754,9.147,5.7432
6.6686,6.0267,0,1.7985,9.2201,6.6921
6.6686,6.2066,0,1.8192,9.2753,7.6601
6.6686,6.3885,0,1.8369,9.3124,8.6412
6.6686,6.5722,0,1.8616,9.3312,9.7073
6.6686,6.7584,0,1.889,9.3315,10.832
9.6437,6.9473,2.8299,1.9123,10.924,0.4078
9.6437,7.1385,0,1.9251,11.184,0
9.6437,7.331,0,1.9341,11.425,0.72091
9.6437,7.5244,0,1.9425,11.647,1.4816
9.6437,7.7187,0,1.954,11.849,2.2952
10.988,7.9141,2.6557,1.9583,12.365,0.13268
11.253,8.1099,2.6447,1.9636,12.667,0.1909
11.253,8.3063,0,1.9649,12.971,0
11.253,8.5027,0,1.9687,13.256,0
12.034,8.6996,2.6068,1.9773,13.626,0.34339
12.034,8.8974,0,1.9832,13.95,0
12.034,9.0957,0,1.9758,14.253,0
12.034,9.2933,0,1.9317,14.537,0
12.034,9.4864,0,1.8613,14.802,0
12.871,9.6726,-0.15033,1.7621,15.306,0
12.854,9.8488,-0.47384,1.6346,15.609,0
12.854,10.012,0,1.502,15.901,0
12.751,10.162,-0.45088,1.3786,16.164,0
12.751,10.3,0,1.2691,16.416,0
12.751,10.427,0,1.1716,16.655,0
12.751,10.544,0,1.092,16.881,0
12.751,10.654,0,1.0302,17.097,0
12.751,10.757,0,0.989,17.301,0
12.751,10.855,0,0.97267,17.496,0
12.751,10.953,0,1.0068,17.68,0
