16.667,16.667,0.64376,0,35.5,0
16.727,16.667,0.68468,0.028192,35.505,0
16.799,16.669,0.5856,0.061017,35.506,0
16.799,16.676,0,0.086094,35.518,0
16.922,16.684,0.52907,0.11139,35.54,0
16.974,16.695,0.4928,0.13065,35.574,0
16.974,16.708,0,0.14415,35.601,0
16.974,16.723,0,0.15859,35.627,0
16.974,16.739,0,0.17492,35.651,0
16.974,16.756,0,0.18676,35.674,0
16.974,16.775,0,0.19487,35.695,0.025034
17.243,16.794,0.45074,0.2096,35.801,0
17.243,16.815,0,0.22156,35.845,0
17.243,16.837,0,0.22978,35.887,0
17.243,16.86,0,0.24443,35.926,0
17.431,16.885,0.46112,0.25437,36.018,0
17.431,16.91,0,0.2613,36.072,0
17.431,16.936,0,0.27486,36.122,0
17.581,16.964,0.5452,0.28612,36.214,0
17.642,16.993,0.54575,0.30113,36.278,0
17.642,17.023,0,0.31163,36.341,0
17.642,17.054,0,0.32395,36.402,0
17.642,17.086,0,0.33708,36.459,0
17.642,17.12,0,0.34682,36.513,0
17.911,17.155,0.34821,0.3482,36.628,0
17.911,17.189,0,0.34774,36.701,0
17.911,17.224,0,0.34608,36.772,0
17.911,17.259,0,0.3372,36.839,0
17.911,17.293,0,0.32059,36.903,0
17.911,17.325,0,0.30092,36.963,0
17.911,17.355,0,0.28397,37.02,0
17.911,17.383,0,0.25823,37.074,0
17.911,17.409,0,0.23634,37.126,0
17.911,17.433,0,0.20581,37.175,0
17.911,17.453,0,0.17386,37.222,0
17.911,17.47,0,0.14222,37.267,0
17.911,17.485,0,0.11341,37.31,0
17.674,17.496,-0.78166,0.080572,37.336,3.1896
17.674,17.504,0,0.039057,37.353,0
17.674,17.508,0,-0.00062745,37.37,0
17.674,17.508,0,-0.008376,37.387,0
17.674,17.507,0,-0.016871,37.403,0
17.674,17.505,0,-0.024762,37.42,0
17.674,17.503,0,-0.031658,37.437,0
17.674,17.5,0,-0.038119,37.454,0
17.674,17.496,0,-0.045014,37.472,0
17.674,17.491,0,-0.051816,37.49,0
17.674,17.486,0,-0.058831,37.508,0
16.715,17.48,-1.356,-0.067449,36.991,12.564
16.715,17.474,0,-0.079896,36.915,1.5879
16.715,17.466,0,-0.093841,36.84,1.5191
16.715,17.456,0,-0.10945,36.765,1.4424
16.715,17.445,0,-0.12667,36.691,1.3584
16.715,17.433,0,-0.14367,36.619,1.2729
15.652,17.418,-1.9377,-0.16032,36.237,28.579
15.652,17.402,0,-0.17856,36.061,4.2163
15.652,17.384,0,-0.19652,35.887,4.0688
15.652,17.365,0,-0.21693,35.715,3.9062
15.652,17.343,0,-0.2384,35.544,3.7352
15.652,17.319,0,-0.26333,35.377,3.5456
15.652,17.293,0,-0.28834,35.211,3.3526
15.652,17.264,0,-0.31405,35.049,3.1544
15.652,17.233,0,-0.33845,34.889,2.9598
15.652,17.199,0,-0.36166,34.733,2.7688
15.652,17.163,0,-0.38316,34.58,2.5838
15.652,17.124,0,-0.40494,34.431,2.3982
15.652,17.084,0,-0.42769,34.286,2.2102
15.652,17.041,0,-0.45296,34.145,2.0162
15.652,16.996,0,-0.47878,34.008,1.8236
15.652,16.948,0,-0.50715,33.876,1.6284
15.652,16.897,0,-0.53962,33.749,1.4293
11.934,16.843,-2.392,-0.57243,30.46,59.175
11.934,16.786,0,-0.6069,29.972,14.356
11.934,16.725,0,-0.64369,29.49,13.788
11.934,16.661,0,-0.68215,29.014,13.199
11.934,16.593,0,-0.72171,28.545,12.595
11.934,16.521,0,-0.76327,28.083,11.97
11.934,16.444,0,-0.80665,27.628,11.328
10.308,16.364,-2.383,-0.85565,26.604,63.903
10.308,16.278,0,-0.90592,26.002,17.451
10.308,16.187,0,-0.95898,25.41,16.575
9.6073,16.091,-2.3842,-1.0162,24.714,65.059
9.6073,15.99,0,-1.0772,24.07,18.121
9.6073,15.882,0,-1.1398,23.437,17.078
8.9495,15.768,-1.8525,-1.2029,22.699,50.235
8.9495,15.648,0,-1.2684,22.023,18.141
8.5884,15.521,-1.4824,-1.3333,21.32,40.985
8.4429,15.388,-1.4544,-1.3968,20.632,39.71
8.4429,15.248,0,-1.4642,19.945,17.101
8.4429,15.102,0,-1.5358,19.271,15.845
8.4429,14.948,0,-1.6117,18.613,14.565
8.4429,14.787,0,-1.6907,17.971,13.28
8.4429,14.618,0,-1.7722,17.345,12.002
8.4429,14.441,0,-1.8482,16.736,10.793
8.4429,14.256,0,-1.923,16.146,9.6338
8.4429,14.063,0,-1.9902,15.574,8.5676
8.4429,13.864,0,-2.0472,15.022,7.6107
8.4429,13.66,0,-2.0891,14.49,6.7817
8.4429,13.451,0,-2.1287,13.979,6.0265
8.4429,13.238,0,-2.1532,13.489,5.389
8.4429,13.023,0,-2.1567,13.02,4.8716
8.4429,12.807,0,-2.1421,12.573,4.4456
8.4429,12.593,0,-4.4,12.147,27.789
8.4429,12.153,0,-5.2,11.754,98.66
8.4429,11.633,0,-5.2,11.409,140.85
8.4429,11.113,0,-5.2,11.116,211.12
8.4429,10.593,0,-5.2,10.875,322.1
8.4429,10.073,0,-5.2,10.686,321.03
8.4429,9.5527,0,-5.2,10.549,319.97
9.2241,9.0327,2.0327,-5.2,9.4939,261.82
9.2241,8.5127,0,0.41071,9.539,0
9.2241,8.5538,0,0.48834,9.6081,0
9.2241,8.6026,0,0.5597,9.6727,0.059306
9.2241,8.6586,0,0.62794,9.7321,0.45077
9.2241,8.7214,0,0.68937,9.7855,0.87212
9.2241,8.7903,0,0.74887,9.8323,1.3371
10.645,8.8652,1.9681,0.80334,10.389,1.8267
10.645,8.9455,0,0.8614,10.563,0
10.645,9.0317,0,0.91463,10.729,0
10.645,9.1231,0,0.95695,10.885,0
10.645,9.2188,0,0.99829,11.033,0
10.645,9.3187,0,1.036,11.17,0
10.645,9.4223,0,1.0654,11.298,0.23617
10.645,9.5288,0,1.0917,11.415,0.68197
10.645,9.638,0,1.1144,11.521,1.1416
10.645,9.7494,0,1.1346,11.616,1.6167
12.415,9.8629,1.4453,1.1493,12.658,0
12.415,9.9778,0,1.1647,12.907,0
12.415,10.094,0,1.1691,13.145,0
12.415,10.211,0,1.1644,13.371,0
12.415,10.328,0,1.1599,13.586,0
12.415,10.444,0,1.1493,13.789,0
12.415,10.559,0,1.1371,13.98,0
12.415,10.672,0,1.1207,14.16,0
12.415,10.784,0,1.1026,14.329,0
13.348,10.895,0.69039,1.0857,14.957,0
13.348,11.003,0,1.0696,15.197,0
13.348,11.11,0,1.0501,15.426,0
13.348,11.215,0,1.0283,15.645,0
13.348,11.318,0,1.0077,15.853,0
13.348,11.419,0,0.98221,16.051,0
13.348,11.517,0,0.96466,16.239,0
13.79,11.613,0.58152,0.94832,16.573,0
13.79,11.708,0,0.92753,16.786,0
13.79,11.801,0,0.90759,16.99,0
13.79,11.892,0,0.88631,17.184,0
13.79,11.98,0,0.87168,17.369,0
13.79,12.068,0,0.85124,17.546,0
13.79,12.153,0,0.84083,17.714,0
13.79,12.237,0,0.82913,17.873,0
13.79,12.32,0,0.81594,18.024,0
13.79,12.401,0,0.80278,18.167,0
13.79,12.482,0,0.78856,18.302,0
13.79,12.56,0,0.77899,18.429,0
13.79,12.638,0,0.76869,18.548,0
13.79,12.715,0,0.76295,18.659,0
13.79,12.791,0,0.76074,18.763,0
13.79,12.868,0,0.753,18.859,0
13.79,12.943,0,0.74422,18.948,0.08556
13.79,13.017,0,0.74016,19.029,0.28033
13.79,13.091,0,0.7345,19.102,0.47192
13.79,13.165,0,0.72411,19.168,0.64672
13.79,13.237,0,0.71921,19.227,0.84326
13.79,13.309,0,0.7143,19.279,1.0418
13.79,13.38,0,0.70736,19.323,1.2335
13.79,13.451,0,0.6969,19.361,1.4104
13.79,13.521,0,0.68583,19.391,1.5834
13.79,13.59,0,0.67859,19.415,1.7721
13.79,13.657,0,0.66696,19.431,1.9405
13.79,13.724,0,0.65815,19.441,2.1199
13.79,13.79,0,0.65514,19.444,2.3263
13.79,13.855,0,0.64895,19.441,2.5188
13.79,13.92,0,0.64978,19.431,2.7467
15.553,13.985,0.59738,0.64852,22.15,0
15.553,14.05,0,0.64402,22.304,0
15.553,14.115,0,0.63891,22.451,0
15.553,14.178,0,0.63298,22.591,0
15.553,14.242,0,0.62558,22.726,0
15.553,14.304,0,0.62524,22.854,0
15.553,14.367,0,0.61943,22.976,0
15.553,14.429,0,0.61297,23.091,0
15.976,14.49,0.3761,0.60728,23.363,0
15.976,14.551,0,0.59469,23.508,0
15.976,14.61,0,0.58509,23.648,0
15.976,14.669,0,0.57424,23.782,0
15.976,14.726,0,0.56028,23.909,0
15.976,14.782,0,0.55115,24.032,0
15.976,14.837,0,0.5364,24.148,0
15.976,14.891,0,0.52559,24.259,0
15.976,14.943,0,0.5149,24.365,0
15.976,14.995,0,0.50265,24.466,0
15.976,15.045,0,0.4885,24.561,0
15.976,15.094,0,0.47752,24.652,0
15.976,15.142,0,0.46312,24.738,0
15.976,15.188,0,0.44869,24.819,0
15.976,15.233,0,0.42407,24.895,0
15.976,15.275,0,0.39694,24.968,0
15.976,15.315,0,0.36955,25.036,0
15.976,15.352,0,0.3458,25.1,0
16.181,15.387,-0.47592,0.3182,25.567,0.49992
16.181,15.418,0,0.28577,25.645,0
16.181,15.447,0,0.25289,25.72,0
16.181,15.472,0,0.21548,25.792,0
16.181,15.494,0,0.17516,25.862,0
16.181,15.511,0,0.13672,25.93,0
16.181,15.525,0,0.099849,25.996,0
16.181,15.535,0,0.058828,26.061,0
16.181,15.541,0,0.020484,26.125,0
16.181,15.543,0,-0.0037932,26.189,0
16.181,15.543,0,-0.014908,26.253,0
16.181,15.541,0,-0.024075,26.317,0
16.181,15.539,0,-0.034081,26.381,0
16.181,15.535,0,-0.044854,26.446,0
16.181,15.531,0,-0.056047,26.51,0
16.181,15.525,0,-0.066162,26.576,0
16.181,15.519,0,-0.079134,26.641,0
16.181,15.511,0,-0.094526,26.708,0
16.181,15.501,0,-0.10983,26.776,0
16.181,15.49,0,-0.12852,26.844,0
16.181,15.477,0,-0.14925,26.914,0
16.181,15.462,0,-0.17222,26.985,0
16.181,15.445,0,-0.19408,27.058,0
16.181,15.426,0,-0.21777,27.132,0
16.181,15.404,0,-0.24297,27.209,0
13.576,15.38,-1.6515,-0.26874,24.736,21.684
13.576,15.353,0,-0.293,24.557,3.7649
13.576,15.324,0,-0.3162,24.38,3.5673
13.576,15.292,0,-0.33661,24.207,3.3795
13.576,15.258,0,-0.35496,24.037,3.1987
13.576,15.223,0,-0.37294,23.871,3.0186
13.576,15.186,0,-0.38624,23.708,2.8562
13.576,15.147,0,-0.40047,23.549,2.6904
13.576,15.107,0,-0.41912,23.394,2.5092
12.451,15.065,-1.4449,-0.43837,22.72,21.471
12.451,15.021,0,-0.4616,22.461,5.6539
12.136,14.975,-1.8321,-0.49199,22.183,29.783
12.136,14.926,0,-0.52576,21.901,6.1069
12.136,14.873,0,-0.56088,21.625,5.7302
12.136,14.817,0,-0.59864,21.354,5.3398
12.136,14.757,0,-0.63486,21.089,4.9582
12.136,14.694,0,-0.67141,20.83,4.578
12.136,14.627,0,-0.71066,20.578,4.1911
12.136,14.556,0,-0.74934,20.332,3.8141
12.136,14.481,0,-0.78568,20.094,3.4556
12.136,14.402,0,-0.82139,19.863,3.111
10.387,14.32,-1.5281,-0.85999,18.71,26.837
10.244,14.234,-1.4439,-0.89734,18.322,25.266
10.244,14.144,0,-0.93551,17.928,7.9843
10.244,14.051,0,-0.97528,17.543,7.4037
10.244,13.953,0,-1.0185,17.167,6.8124
10.244,13.851,0,-1.0585,16.801,6.2483
10.244,13.745,0,-1.1027,16.446,5.6783
10.244,13.635,0,-1.1471,16.101,5.126
10.244,13.52,0,-1.1866,15.768,4.6155
9.2376,13.402,-0.31343,-1.2153,15.041,9.5085
9.2376,13.28,0,-1.2345,14.631,6.8785
9.2121,13.157,0.45401,-1.2383,14.218,4.6416
9.2121,13.033,0,-1.2242,13.83,6.1677
9.2121,12.911,0,-1.2016,13.454,5.8676
9.2121,12.79,0,-1.171,13.09,5.6161
9.2121,12.673,0,-1.1379,12.738,5.3877
9.2121,12.559,0,-1.1012,12.398,5.1882
9.2121,12.449,0,-1.0585,12.069,5.0271
9.2121,12.343,0,-1.0151,11.75,4.883
9.2121,12.242,0,-0.96868,11.442,4.7656
9.2121,12.145,0,-0.92508,11.144,4.6506
9.2121,12.053,0,-0.87725,10.855,4.5673
9.2121,11.965,0,-0.82712,10.576,4.5091
9.2121,11.882,0,-5.2,10.304,211.08
9.2121,11.362,0,-0.49701,10.063,4.05
9.2121,11.312,0,-5.2,9.8509,365.61
9.2121,10.792,0,-0.18564,9.6668,3.6173
9.2121,10.774,0,-0.14964,9.5097,3.723
10.47,10.759,0.45706,-0.12102,10.466,0
10.47,10.747,0,-0.093275,10.437,0.37588
10.47,10.738,0,-0.075826,10.41,0.39651
10.47,10.73,0,-0.068825,10.384,0.3966
10.47,10.723,0,-0.07186,10.358,0.37438
10.538,10.716,-0.16839,-0.075506,10.365,0.64401
10.538,10.708,0,-5.2,10.347,0
10.538,10.188,0,0.10823,10.356,0
10.538,10.199,0,0.09789,10.39,0
10.538,10.209,0,0.081935,10.424,0
10.538,10.217,0,0.067178,10.456,0
10.538,10.224,0,0.047057,10.488,0
10.538,10.229,0,0.03209,10.519,0
10.538,10.232,0,0.017818,10.55,0
10.538,10.234,0,-0.0035266,10.58,0
10.538,10.233,0,-0.026231,10.611,0
10.538,10.231,0,-0.047947,10.641,0
10.538,10.226,0,-0.067614,10.672,0
10.538,10.219,0,-0.088084,10.704,0
10.538,10.21,0,-0.09688,10.736,0
10.538,10.201,0,-0.096628,10.769,0
10.538,10.191,0,-0.078579,10.804,0
10.538,10.183,0,-0.055042,10.839,0
10.538,10.177,0,-0.025386,10.874,0
10.538,10.175,0,0.0063902,10.911,0
10.538,10.176,0,0.034201,10.947,0
10.538,10.179,0,0.063411,10.983,0
10.538,10.185,0,0.089655,11.018,0
10.538,10.194,0,0.11616,11.053,0
10.614,10.206,0.84458,0.14559,10.399,0
10.614,10.22,0,0.16789,10.439,0
10.614,10.237,0,0.19535,10.478,0
10.614,10.257,0,0.22981,10.515,0
10.614,10.28,0,0.27284,10.549,0
11.187,10.307,1.6271,0.31661,10.687,1.555
11.187,10.339,0,0.36752,10.773,0
11.187,10.375,0,0.4209,10.856,0
11.187,10.418,0,0.47148,10.935,0
11.187,10.465,0,0.51712,11.01,0
11.187,10.516,0,0.55736,11.08,0
12.186,10.572,1.1647,0.5917,11.449,0
12.186,10.631,0,0.61187,11.607,0
12.186,10.693,0,0.62565,11.759,0
12.186,10.755,0,0.63413,11.906,0
12.555,10.819,0.76915,0.64547,12.134,0
12.555,10.883,0,0.65405,12.305,0
12.555,10.948,0,0.62792,12.469,0
12.555,11.011,0,0.58741,12.626,0
12.555,11.07,0,0.53958,12.778,0
12.555,11.124,0,0.48794,12.924,0
12.555,11.173,0,0.44958,13.064,0
12.555,11.218,0,0.44888,13.2,0
12.555,11.263,0,0.47305,13.332,0
12.555,11.31,0,0.49558,13.459,0
12.72,11.359,1.0384,0.51529,13.583,0
12.72,11.411,0,0.53758,13.716,0
12.72,11.465,0,0.55729,13.844,0
13.032,11.52,0.68167,0.5755,14.032,0
13.032,11.578,0,0.58283,14.18,0
13.032,11.636,0,0.57679,14.322,0
13.032,11.694,0,0.55632,14.459,0
13.032,11.75,0,0.52176,14.59,0
13.032,11.802,0,0.47547,14.716,0
13.032,11.849,0,0.42029,14.836,0
13.032,11.891,0,0.35227,14.952,0
13.032,11.927,0,0.28589,15.065,0
13.032,11.955,0,0.23414,15.174,0
13.032,11.979,0,0.21918,15.28,0
13.032,12.001,0,0.23825,15.384,0
13.032,12.024,0,0.30032,15.486,0
13.032,12.054,0,0.38586,15.586,0
13.032,12.093,0,0.48248,15.681,0
13.642,12.141,2.7726,0.57723,15.654,7.4214
13.918,12.199,2.6778,0.662,15.821,6.8123
13.918,12.265,0,0.74437,15.989,0
13.918,12.34,0,0.81657,16.151,0
13.918,12.421,0,0.88136,16.304,0
13.918,12.509,0,0.93083,16.45,0
13.918,12.602,0,0.96989,16.586,0
15.249,12.699,1.1121,0.98694,17.161,0
15.351,12.798,0.86375,0.98895,17.426,0
15.351,12.897,0,0.98545,17.677,0
15.351,12.996,0,0.98125,17.917,0
15.351,13.094,0,0.98098,18.148,0
15.351,13.192,0,0.98744,18.369,0
15.351,13.291,0,0.99089,18.58,0
15.351,13.39,0,1.0055,18.781,0
15.351,13.49,0,1.0271,18.972,0
15.351,13.593,0,1.0502,19.153,0
15.351,13.698,0,1.076,19.323,0
15.351,13.805,0,1.106,19.483,0
15.351,13.916,0,1.1372,19.632,0
15.351,14.03,0,1.1664,19.77,0.3608
15.351,14.146,0,1.1891,19.896,0.83817
15.351,14.265,0,1.2124,20.011,1.3488
15.351,14.387,0,1.2358,20.113,1.8903
15.351,14.51,0,1.2592,20.203,2.4621
15.351,14.636,0,1.2788,20.281,3.0426
15.351,14.764,0,1.2893,20.346,3.5965
15.351,14.893,0,1.2945,20.398,4.1374
15.351,15.022,0,1.3032,20.438,4.7146
15.351,15.153,0,1.3036,20.464,5.2556
18.7,15.283,1.3713,1.3037,23.897,0
18.7,15.413,0,1.3035,24.232,0
18.7,15.544,0,1.3054,24.554,0
18.7,15.674,0,1.3011,24.863,0
18.7,15.804,0,1.2981,25.159,0
18.7,15.934,0,1.2897,25.442,0
18.7,16.063,0,1.2775,25.712,0
18.7,16.191,0,1.2656,25.969,0
18.7,16.317,0,1.2568,26.214,0
18.7,16.443,0,1.2436,26.446,0
19.855,16.568,0.99097,1.2323,27.26,0
19.855,16.691,0,1.2237,27.583,0
19.855,16.813,0,1.21,27.893,0
19.855,16.934,0,1.2004,28.191,0
19.855,17.054,0,1.1923,28.477,0
20.366,17.173,1.028,1.1861,28.868,0
20.366,17.292,0,1.1777,29.181,0
20.366,17.41,0,1.1707,29.483,0
20.366,17.527,0,1.1606,29.773,0
20.769,17.643,0.93705,1.1534,30.126,0
20.769,17.758,0,1.1424,30.433,0
20.769,17.873,0,1.1321,30.728,0
21.023,17.986,0.80664,1.1144,31.049,0
21.023,18.097,0,1.0997,31.347,0
21.172,18.207,0.64027,1.0848,31.661,0
21.172,18.316,0,1.0678,31.952,0
21.299,18.422,0.63331,1.049,32.247,0
21.299,18.527,0,1.0301,32.53,0
21.299,18.63,0,1.0179,32.802,0
21.299,18.732,0,1.0057,33.064,0
21.299,18.833,0,0.99633,33.315,0
21.299,18.932,0,0.98277,33.557,0
21.299,19.031,0,0.96899,33.789,0
21.299,19.127,0,0.9529,34.011,0
21.299,19.223,0,0.93366,34.223,0
21.855,19.316,0.518,0.91286,34.695,0
21.855,19.407,0,0.8976,34.944,0
21.855,19.497,0,0.88274,35.184,0
21.855,19.585,0,0.86914,35.416,0
21.855,19.672,0,0.85988,35.638,0
21.855,19.758,0,0.84917,35.852,0
21.855,19.843,0,0.83769,36.058,0
21.855,19.927,0,0.82655,36.255,0
21.855,20.01,0,0.81459,36.443,0
22.353,20.091,0.52075,0.80357,36.846,0
22.404,20.172,0.54781,0.79215,37.074,0
22.404,20.251,0,0.7831,37.293,0
22.404,20.329,0,0.77785,37.505,0
22.582,20.407,0.58078,0.76905,37.734,0
22.582,20.484,0,0.76113,37.948,0
22.582,20.56,0,0.75495,38.154,0
22.582,20.635,0,0.7446,38.352,0
22.582,20.71,0,0.73386,38.543,0
22.582,20.783,0,0.72057,38.727,0
