7.5,7.5,-1.1905,0,35.5,6.9504
7.5,7.5,0,6.7,35.5,60.872
7.5,8.17,0,6.7,35.466,65.492
7.5,8.84,0,6.7,35.366,70.147
7.5,9.51,0,6.7,35.199,74.834
7.5,10.18,0,6.7,34.964,79.551
7.5,10.85,0,-0.23371,34.663,10.187
7.5,10.827,0,-0.24084,34.329,10.035
7.5,10.803,0,-0.24703,33.997,9.8876
7.5,10.778,0,-0.2542,33.668,9.7312
7.5,10.752,0,-0.26089,33.342,9.576
7.5,10.726,0,-0.26857,33.018,9.4121
7.5,10.699,0,-0.27663,32.696,9.2434
7.5,10.672,0,-0.28473,32.378,9.0721
7.5,10.643,0,-0.29327,32.062,8.8957
7.5,10.614,0,-0.30196,31.749,8.716
7.5,10.584,0,-0.3099,31.439,8.5389
7.5,10.553,0,-0.31931,31.133,8.3504
7.5,10.521,0,-0.3281,30.829,8.1636
7.5,10.488,0,-0.33743,30.528,7.9714
7.5,10.454,0,-0.34757,30.231,7.7721
7.5,10.42,0,-0.35802,29.938,7.5688
7.5,10.384,0,-0.36814,29.647,7.3654
5.7905,10.347,-0.65321,-0.37889,27.178,22.173
5.7905,10.309,0,-0.39023,26.724,14.433
5.7905,10.27,0,-0.40266,26.274,14.149
5.7905,10.23,0,-0.41581,25.828,13.855
5.7905,10.188,0,-0.42932,25.386,13.554
5.4412,10.145,-0.70711,-0.4433,24.871,23.139
5.4412,10.101,0,-0.4579,24.402,14.587
5.4412,10.055,0,-0.47332,23.939,14.247
5.4412,10.008,0,-0.48921,23.48,13.899
5.4412,9.9589,0,-0.50461,23.025,13.55
5.4412,9.9084,0,-0.52144,22.576,13.187
5.4412,9.8563,0,-0.5383,22.132,12.819
5.4412,9.8025,0,-0.55426,21.693,12.453
5.4412,9.747,0,-0.57179,21.26,12.073
5.4412,9.6899,0,-0.5859,20.832,11.713
5.4412,9.6313,0,-0.60001,20.41,11.352
5.4412,9.5713,0,-0.61245,19.994,10.999
4.8879,9.51,0.16942,-0.62441,19.165,11.722
4.8879,9.4476,0,-0.63499,18.706,12.774
4.8879,9.3841,0,-0.64597,18.253,12.403
4.8879,9.3195,0,-0.65551,17.807,12.041
4.8879,9.2539,0,-0.66724,17.367,11.663
4.8879,9.1872,0,-0.6782,16.934,11.289
4.8879,9.1194,0,-0.69015,16.507,10.909
4.8879,9.0504,0,-0.70023,16.087,10.54
4.8879,8.9804,0,-0.71216,15.675,10.159
4.8879,8.9091,0,-0.72443,15.269,9.7767
4.8879,8.8367,0,-0.74001,14.87,9.3733
4.891,8.7627,-0.39797,-0.75642,14.526,12.21
4.891,8.6871,0,-0.77419,14.142,8.5365
4.8106,8.6096,-0.42126,-0.79594,13.764,11.773
4.8106,8.53,0,-0.81581,13.388,7.9841
4.8106,8.4485,0,-0.83541,13.02,7.5555
4.8106,8.3649,0,-0.85402,12.66,7.1355
4.6829,8.2795,-0.31766,-0.87187,12.281,9.4079
4.6829,8.1923,0,-0.88984,11.925,6.7743
4.6829,8.1034,0,-0.9099,11.579,6.3488
4.5929,8.0124,-0.35399,-0.93027,11.208,8.5345
4.5929,7.9193,0,-0.95261,10.871,5.8077
4.5929,7.8241,0,-0.9765,10.543,5.3756
4.5929,7.7264,0,-0.99619,10.225,4.9718
4.5929,7.6268,0,-1.0177,9.9165,4.571
4.5929,7.525,0,-1.0425,9.6182,4.1704
4.5929,7.4208,0,-1.0709,9.3302,3.7718
4.5929,7.3137,0,-1.103,9.0528,3.3808
4.5929,7.2034,0,-1.1307,8.7862,3.0253
4.5929,7.0903,0,-5.2,8.5308,18.189
4.5929,6.5703,0,-5.2,8.3071,17.123
4.5929,6.0503,0,-8.8,8.1354,8.4928
4.5929,5.1703,0,-0.35527,8.0336,0.45101
4.5929,5.1348,0,-0.3483,7.9776,0.39704
4.5929,5.1,0,-8.8,7.9252,6.5446
4.5929,4.22,0,-0.032403,7.9185,0
4.5929,4.2167,0,-0.023917,7.956,0
4.5929,4.2143,0,-0.01597,7.9937,0
4.5929,4.2127,0,-0.0084701,8.0316,0
4.5929,4.2119,0,-0.0029619,8.0697,0
4.5929,4.2116,0,0.0084883,8.1078,0
4.5929,4.2124,0,0.02749,8.1459,0
4.5929,4.2152,0,0.047556,8.1838,0
4.5929,4.22,0,0.069941,8.2214,0
4.5929,4.2269,0,0.091693,8.2583,0
4.5929,4.2361,0,0.1112,8.2944,0
4.5929,4.2472,0,0.14556,8.3296,0
4.4023,4.2618,0.33421,0.15965,7.417,0
4.4023,4.2778,0,0.18786,7.4302,0.17907
4.4023,4.2965,0,0.20555,7.4417,0.27296
4.511,4.3171,0.23215,0.21708,7.4734,0
4.511,4.3388,0,0.22587,7.4917,0.17088
4.511,4.3614,0,0.21429,7.5078,0.19248
4.511,4.3828,0,0.2082,7.5216,0.22662
4.511,4.4036,0,0.21092,7.5334,0.28442
4.511,4.4247,0,0.22579,7.5431,0.37946
4.511,4.4473,0,0.23438,7.5506,0.46181
4.511,4.4707,0,0.24692,7.5558,0.56051
4.511,4.4954,0,0.25251,7.5586,0.64237
4.511,4.5207,0,0.24663,7.5589,0.68924
4.511,4.5454,0,0.25179,7.5567,0.77143
4.511,4.5705,0,0.25681,7.552,0.85577
4.511,4.5962,0,0.25116,7.5447,0.90572
4.511,4.6213,0,0.24924,7.5349,0.96731
4.511,4.6463,0,0.25723,7.5227,1.0641
4.511,4.672,0,0.27085,7.5078,1.1854
4.511,4.6991,0,0.27798,7.4904,1.2889
4.511,4.7269,0,0.30771,7.4702,1.4842
4.511,4.7576,0,0.35239,7.4471,1.7577
5.1988,4.7929,0.92937,0.40454,7.9772,0
5.1988,4.8333,0,0.46181,8.0158,0.41206
5.1988,4.8795,0,0.50491,8.05,0.69219
5.1988,4.93,0,0.54864,8.0795,1.0051
5.1988,4.9849,0,0.58567,8.1036,1.3214
5.1988,5.0434,0,0.61596,8.1221,1.6351
5.1988,5.105,0,0.6556,8.1345,2.0148
5.1988,5.1706,0,0.69048,8.1406,2.4018
5.1988,5.2396,0,0.71407,8.14,2.7585
5.1988,5.311,0,0.74257,8.1323,3.1602
5.1988,5.3853,0,0.75921,8.1174,3.5203
6.3609,5.4612,1.0222,0.77927,8.7064,0
6.3609,5.5391,0,0.79613,8.7924,0.35147
6.3609,5.6188,0,0.80798,8.8706,0.63413
6.3609,5.6996,0,0.81132,8.9408,0.89426
6.3609,5.7807,0,0.8055,9.0029,1.1222
6.3609,5.8612,0,0.8123,9.0569,1.4093
6.3609,5.9425,0,0.8088,9.1028,1.6582
6.3609,6.0233,0,0.81161,9.1406,1.9407
6.3609,6.1045,0,0.80728,9.1703,2.1951
7.2255,6.1852,0.69912,0.79497,9.5533,0
7.2255,6.2647,0,0.77407,9.6533,0
7.2255,6.3421,0,0.75169,9.7455,0.011262
7.2255,6.4173,0,0.72159,9.8301,0.11182
7.2255,6.4895,0,0.66647,9.9073,0.11502
7.2255,6.5561,0,0.62017,9.9776,0.13531
7.2255,6.6181,0,0.57646,10.041,0.1528
7.2255,6.6758,0,0.52818,10.099,0.1443
7.2255,6.7286,0,0.48296,10.152,0.13482
7.2255,6.7769,0,0.43594,10.199,0.10984
7.2255,6.8205,0,0.38007,10.242,0.049106
7.2255,6.8585,0,0.30897,10.28,0
7.2255,6.8894,0,0.22595,10.315,0
7.1156,6.912,-1.1622,0.14073,10.512,6.793
7.1156,6.9261,0,0.054216,10.531,0
7.1156,6.9315,0,-0.012445,10.55,0
7.1156,6.9302,0,-0.035169,10.569,0
7.1156,6.9267,0,-0.054682,10.587,0
7.1156,6.9213,0,-0.065858,10.606,0
7.1156,6.9147,0,-0.075098,10.626,0
7.1156,6.9072,0,-0.078092,10.647,0
7.1156,6.8993,0,-0.083457,10.668,0
7.1156,6.891,0,-0.090167,10.69,0
7.1156,6.882,0,-0.093817,10.713,0
7.1156,6.8726,0,-0.099154,10.737,0
7.1156,6.8627,0,-0.10316,10.762,0
7.1156,6.8524,0,-0.10563,10.787,0
7.1156,6.8418,0,-0.10806,10.814,0
7.1156,6.831,0,-0.10866,10.842,0
7.1156,6.8201,0,-0.10926,10.871,0
7.1156,6.8092,0,-0.10915,10.901,0
7.1156,6.7983,0,-0.10864,10.932,0
7.1156,6.7874,0,-0.1029,10.965,0
7.1156,6.7771,0,-0.098432,10.998,0
6.439,6.7673,0.095207,-0.09119,9.9092,0.28298
6.439,6.7582,0,-0.084289,9.8769,0.4898
6.439,6.7498,0,-0.081402,9.8454,0.47816
6.439,6.7416,0,-0.074319,9.8147,0.47745
6.439,6.7342,0,-0.070417,9.7848,0.47051
6.439,6.7271,0,-0.066891,9.7556,0.46352
6.439,6.7204,0,-0.060649,9.7272,0.46403
6.439,6.7144,0,-0.0576,9.6993,0.45803
6.439,6.7086,0,-0.051223,9.6721,0.461
6.439,6.7035,0,-0.046383,9.6454,0.46161
6.439,6.6989,0,-0.038056,9.6192,0.47214
6.439,6.6951,0,-0.034501,9.5934,0.47255
6.439,6.6916,0,-0.027849,9.5679,0.48171
6.439,6.6888,0,-0.020738,9.5428,0.49371
6.439,6.6867,0,-0.012751,9.5179,0.5098
6.439,6.6855,0,-0.0059043,9.4932,0.52493
6.439,6.6849,0,0.0057921,9.4686,0.55494
6.439,6.6855,0,0.028078,9.444,0.61788
6.439,6.6883,0,0.050115,9.4192,0.68788
6.8065,6.6933,0.56168,0.076561,9.6528,0
6.8065,6.7009,0,0.10401,9.6637,0.0089419
6.8065,6.7113,0,0.13695,9.6738,0.11285
6.8065,6.725,0,0.16404,9.6826,0.2155
6.8065,6.7414,0,0.19471,9.6899,0.34032
6.8065,6.7609,0,0.21526,9.6955,0.44888
6.8065,6.7824,0,0.22707,9.6989,0.53936
6.8065,6.8051,0,0.22432,9.7002,0.58873
6.8065,6.8276,0,0.20307,9.6992,0.57949
6.8065,6.8479,0,0.15777,9.6961,0.4931
7.0193,6.8637,-0.90643,0.10372,9.9539,4.3728
7.0193,6.874,0,0.036498,9.969,0
7.0193,6.8777,0,-0.018337,9.9833,0
7.0193,6.8758,0,-0.05058,9.9976,0
7.0193,6.8708,0,-0.081516,10.012,0
7.0193,6.8626,0,-0.10636,10.027,0
7.0193,6.852,0,-0.12223,10.044,0
7.0193,6.8398,0,-0.13008,10.061,0
7.0193,6.8268,0,-0.13271,10.08,0
6.3635,6.8135,0.1282,-0.13033,9.7051,0.38297
6.3635,6.8005,0,-0.12441,9.6608,0.65384
6.3635,6.788,0,-0.12095,9.6177,0.63449
6.3635,6.7759,0,-0.11673,9.5759,0.61786
6.3635,6.7643,0,-0.1089,9.5352,0.61128
6.3635,6.7534,0,-0.10547,9.4957,0.59537
6.3635,6.7428,0,-0.099875,9.4572,0.58569
6.3635,6.7328,0,-0.093468,9.4198,0.57933
6.3635,6.7235,0,-0.083988,9.3833,0.58223
6.3635,6.7151,0,-0.079793,9.3477,0.57387
6.3635,6.7071,0,-0.073223,9.313,0.57254
6.3635,6.6998,0,-0.069133,9.279,0.56636
6.4905,6.6929,0.13665,-0.061424,9.3229,0.022739
6.4905,6.6867,0,-0.054699,9.303,0.29149
6.4905,6.6813,0,-0.050685,9.2836,0.28899
6.4905,6.6762,0,-0.044298,9.2648,0.29288
6.4905,6.6718,0,-0.030804,9.2464,0.31507
6.4905,6.6687,0,-0.01845,9.2285,0.33809
6.6551,6.6668,0.58221,-0.0035758,9.2705,0
6.6551,6.6665,0,0.031489,9.2694,0.092886
6.6551,6.6696,0,0.064834,9.2681,0.17881
6.6551,6.6761,0,0.093859,9.2663,0.26696
6.6551,6.6855,0,0.12152,9.2637,0.36311
6.6551,6.6976,0,0.143,9.2601,0.45294
6.6551,6.7119,0,0.15677,9.2551,0.52842
6.6551,6.7276,0,0.17126,9.2486,0.61151
6.6551,6.7448,0,0.17094,9.2405,0.65394
6.6551,6.7618,0,0.16298,9.2307,0.67262
6.6551,6.7781,0,0.14454,9.2192,0.65691
6.9726,6.7926,-0.40712,0.11705,9.4972,1.2431
6.9726,6.8043,0,0.083365,9.5146,0
6.8718,6.8126,-0.68254,0.038322,9.5189,2.7505
6.8718,6.8165,0,-0.0040047,9.5246,0
6.8718,6.8161,0,-0.031189,9.5302,0
6.8718,6.813,0,-0.060615,9.5359,0
6.8718,6.8069,0,-0.090034,9.5421,0
6.8718,6.7979,0,-0.12321,9.549,0
6.8718,6.7856,0,-0.15661,9.557,0
6.1634,6.7699,-1.0529,-0.18623,9.3278,7.0758
6.1634,6.7513,0,-0.21654,9.2681,0.76233
6.1634,6.7296,0,-0.23774,9.2104,0.66485
6.1634,6.7059,0,-0.25748,9.155,0.57108
6.1634,6.6801,0,-0.27395,9.102,0.48478
5.7472,6.6527,-0.66881,-0.29181,8.9555,4.4818
5.7472,6.6235,0,-0.30959,8.8665,1.18
5.7472,6.5926,0,-0.32759,8.7804,1.0624
5.7472,6.5598,0,-0.34327,8.6975,0.95151
5.7472,6.5255,0,-0.36063,8.6179,0.83856
5.7472,6.4894,0,-0.37376,8.5419,0.73648
5.7472,6.452,0,-0.38722,8.4696,0.63602
5.7472,6.4133,0,-0.3967,8.401,0.5451
5.7472,6.3737,0,-5.2,8.3364,38.892
5.7472,5.8537,0,-0.19464,8.2998,0
5.2862,5.8342,0.1751,-0.18434,8.0069,0.38845
5.2862,5.8158,0,-0.17602,7.9531,0.7324
5.3252,5.7982,0.19643,-0.16124,7.91,0.25669
5.3252,5.782,0,-8.8,7.8635,20.098
5.3252,4.902,0,0.43467,7.8618,0.1709
5.3836,4.9455,0.21862,0.41087,7.9028,0
5.3836,4.9866,0,0.38172,7.9445,0.073835
5.3836,5.0248,0,0.37056,7.9823,0.13545
5.3836,5.0618,0,0.35763,8.0163,0.18906
5.3836,5.0976,0,0.35129,8.0467,0.25988
5.3836,5.1327,0,0.34788,8.0736,0.33885
5.3836,5.1675,0,0.34057,8.0969,0.40524
5.3836,5.2016,0,0.33458,8.1168,0.47442
5.3836,5.235,0,0.32794,8.1334,0.54035
5.3836,5.2678,0,0.34239,8.1466,0.67614
5.7142,5.302,0.62853,0.35894,8.2872,0
5.7142,5.3379,0,0.38141,8.3267,0.12482
5.7142,5.3761,0,0.40361,8.3624,0.29159
5.9314,5.4164,0.84608,0.4396,8.4337,0
5.9314,5.4604,0,0.4641,8.483,0.14142
6.0907,5.5068,0.87151,0.49051,8.5448,0
6.0907,5.5559,0,0.5222,8.6008,0.16389
6.2708,5.6081,0.85326,0.54754,8.6779,0
6.2708,5.6628,0,0.56371,8.7414,0.10833
6.4355,5.7192,0.8698,0.58113,8.8201,0
6.4355,5.7773,0,0.60394,8.8888,0.10979
6.4355,5.8377,0,0.62775,8.9516,0.35913
6.4355,5.9005,0,0.65658,9.0083,0.64639
6.8325,5.9661,1.0343,0.67656,9.148,0
6.8325,6.0338,0,0.69943,9.2313,0.059206
6.8325,6.1037,0,0.72391,9.3076,0.34427
6.8325,6.1761,0,0.73595,9.3769,0.60097
7.26,6.2497,1.0756,0.75685,9.5256,0
7.26,6.3254,0,0.76559,9.6228,0
7.26,6.402,0,0.78661,9.7125,0.21034
7.26,6.4806,0,0.79798,9.7943,0.48286
7.26,6.5604,0,0.80172,9.8683,0.73695
7.26,6.6406,0,0.80933,9.9342,1.0158
7.26,6.7215,0,0.81881,9.9921,1.3135
7.26,6.8034,0,0.82441,10.042,1.605
7.26,6.8859,0,0.82227,10.083,1.8686
7.26,6.9681,0,0.82649,10.117,2.1677
7.26,7.0507,0,0.81937,10.142,2.4176
7.26,7.1327,0,0.80705,10.159,2.642
7.26,7.2134,0,0.78738,10.167,2.8262
7.26,7.2921,0,0.75907,10.168,2.9595
7.26,7.368,0,0.72162,10.161,3.0351
7.26,7.4402,0,0.68394,10.147,3.0961
7.26,7.5086,0,0.65058,10.125,3.1662
7.26,7.5736,0,0.62323,10.097,3.2558
7.26,7.636,0,0.59808,10.063,3.3471
8.5959,7.6958,-0.068051,0.56872,11.625,0
8.5959,7.7526,0,0.53032,11.712,0
8.5959,7.8057,0,0.47547,11.794,0
8.5959,7.8532,0,0.3963,11.87,0
8.4042,7.8928,-1.1611,0.31666,11.918,6.6823
8.4042,7.9245,0,0.21858,11.967,0
8.4042,7.9464,0,0.12288,12.014,0
8.4042,7.9587,0,0.033337,12.059,0
7.8937,7.962,-1.3463,-0.016456,12.013,8.9344
7.8937,7.9603,0,-0.047934,12.006,0.03648
7.8937,7.9556,0,-0.087344,11.999,0
7.8937,7.9468,0,-0.14123,11.994,0
7.8937,7.9327,0,-0.2114,11.989,0
7.8937,7.9116,0,-0.29893,11.986,0
7.8937,7.8817,0,-0.40186,11.986,0
7.8937,7.8415,0,-0.51348,11.989,0
7.8937,7.7901,0,-0.63164,11.997,0
7.8937,7.727,0,-0.74852,12.01,0.1879
7.8937,7.6521,0,-0.85875,12.031,0.7259
7.8937,7.5662,0,-0.9652,12.059,1.4802
7.8937,7.4697,0,-1.0647,12.097,2.4592
7.8937,7.3633,0,-1.1546,12.145,3.6575
7.8937,7.2478,0,-1.241,12.203,5.1509
7.8937,7.1237,0,-1.322,12.274,6.9578
7.8937,6.9915,0,-1.4037,12.358,9.2213
7.8937,6.8511,0,-5.2,12.455,187.06
7.8937,6.3311,0,-5.2,12.585,185.99
7.8937,5.8111,0,-8.8,12.768,177.36
7.8937,4.9311,0,-8.8,13.02,175.56
2.7348,4.0511,-0.15196,-8.8,7.0141,0
2.7348,3.1711,0,-0.098006,6.9265,0.72102
2.7348,3.1613,0,-0.09626,6.8834,0.70292
2.7348,3.1517,0,-0.08861,6.8412,0.70089
2.7348,3.1428,0,-0.079087,6.7999,0.7057
2.7348,3.1349,0,-0.068708,6.7595,0.71519
2.7348,3.128,0,-0.059418,6.7199,0.72434
2.7348,3.1221,0,-0.05354,6.6808,0.72644
2.7348,3.1168,0,-0.043901,6.6424,0.74042
2.9602,3.1124,0.19586,-0.035008,6.6803,0
2.9602,3.1089,0,-0.028741,6.6653,0.24907
2.9602,3.106,0,-0.026723,6.6506,0.24755
3.0054,3.1033,-0.008882,-0.022683,6.639,0.17453
3.0054,3.101,0,-0.024091,6.6293,0.14664
3.0054,3.0986,0,-0.026961,6.6198,0.13526
3.0054,3.0959,0,-0.027746,6.6107,0.12789
3.0054,3.0932,0,-0.028068,6.6017,0.1214
2.9576,3.0904,-0.25238,-0.031053,6.5853,0.95086
2.9576,3.0873,0,-0.035537,6.5722,0.19314
2.9576,3.0837,0,-0.040726,6.5594,0.17411
2.9576,3.0796,0,-8.8,6.547,0
2.9576,2.1996,0,2.2101,6.5788,9.2311
2.9576,2.4206,0,1.3398,6.6436,4.0972
2.9576,2.5546,0,0.96854,6.6905,2.4992
2.9576,2.6515,0,0.74134,6.726,1.7147
2.9576,2.7256,0,0.58406,6.7529,1.2596
2.9576,2.784,0,0.45647,6.7732,0.92614
2.9576,2.8297,0,0.38658,6.7882,0.7978
2.9576,2.8683,0,0.35038,6.7991,0.77594
2.9576,2.9034,0,0.30856,6.8063,0.7264
2.9576,2.9342,0,0.30624,6.8101,0.80172
2.9576,2.9648,0,0.31955,6.811,0.93245
2.9576,2.9968,0,0.35372,6.8086,1.1482
2.9576,3.0322,0,0.38518,6.8029,1.3732
2.9576,3.0707,0,0.47462,6.7935,1.8648
2.9576,3.1181,0,0.57274,6.7799,2.4709
2.9576,3.1754,0,0.67498,6.7609,3.184
3.6972,3.2429,1.4155,0.77364,6.9977,0
3.6972,3.3203,0,0.86445,7.0393,2.0633
3.6972,3.4067,0,0.93902,7.0726,2.7475
3.6972,3.5006,0,1.0029,7.097,3.4427
3.6972,3.6009,0,1.0371,7.1116,4.0232
3.6972,3.7046,0,1.0741,7.1161,4.654
3.6972,3.812,0,1.1038,7.11,5.275
3.6972,3.9224,0,1.1106,7.093,5.7772
3.6972,4.0335,0,1.1206,7.0649,6.3124
3.6972,4.1455,0,1.1048,7.0257,6.6874
3.6972,4.256,0,1.0842,6.9753,7.0264
3.6972,4.3644,0,1.0457,6.914,7.2358
3.6972,4.469,0,1.0183,6.8421,7.5057
3.6972,4.5708,0,0.96214,6.7598,7.565
3.6972,4.6671,0,0.91968,6.6676,7.6945
3.6972,4.759,0,0.86545,6.566,7.7241
3.6972,4.8456,0,0.81342,6.4555,7.7455
3.6972,4.9269,0,0.7621,6.3366,7.7491
3.6972,5.0031,0,0.68934,6.2098,7.5856
3.6972,5.0721,0,0.59188,6.0758,7.2305
3.6972,5.1313,0,0.48811,5.9354,6.8045
3.6972,5.1801,0,0.37027,5.7895,6.264
3.6972,5.2171,0,0.26686,5.6394,5.7866
3.6972,5.2438,0,0.16249,5.4861,5.2852
3.6972,5.26,0,0.088947,5.3306,4.9372
3.6972,5.2689,0,0.026175,5.1739,4.6327
3.6972,5.2715,0,-0.0093966,5.0166,4.4563
3.6972,5.2706,0,-0.024737,4.8592,4.3741
3.6972,5.2681,0,-0.036651,4.702,4.3048
3.6972,5.2645,0,-0.043344,4.5451,4.2581
3.6972,5.2601,0,-0.046299,4.3886,4.2281
5.0841,5.2555,-0.015402,-0.045402,8.6419,0.29542
5.0841,5.251,0,-0.044853,8.6249,0.25104
5.0841,5.2465,0,-0.043509,8.6085,0.24452
5.0841,5.2421,0,-0.040213,8.5925,0.24274
5.0841,5.2381,0,-0.036785,8.5769,0.24197
5.0841,5.2344,0,-0.034109,8.5617,0.24023
5.1232,5.231,0.25463,-0.028883,8.5596,0
5.1232,5.2281,0,-0.023994,8.549,0.16659
5.1656,5.2257,0.26183,-0.016163,8.5299,0
5.1656,5.2241,0,-0.0069708,8.524,0.10635
5.1656,5.2234,0,-0.00097177,8.5182,0.11821
5.1656,5.2233,0,0.013184,8.5124,0.15016
5.1656,5.2246,0,0.028825,8.5066,0.18972
5.1656,5.2275,0,0.050021,8.5005,0.24784
5.1656,5.2325,0,0.063232,8.4941,0.29261
5.1656,5.2388,0,0.066875,8.4871,0.31648
5.1656,5.2455,0,0.066027,8.4794,0.32963
5.1656,5.2521,0,0.054808,8.4711,0.31565
5.1656,5.2576,0,0.0437,8.4622,0.29972
5.1656,5.262,0,0.033768,8.4528,0.28457
5.1656,5.2654,0,0.017874,8.443,0.25293
5.1656,5.2671,0,-0.0020591,8.4329,0.20934
5.1656,5.2669,0,-0.0085156,8.4228,0.19391
5.1656,5.2661,0,-0.013737,8.4127,0.18013
5.1656,5.2647,0,-0.019193,8.4027,0.16487
5.1656,5.2628,0,-0.02348,8.3929,0.15123
5.1656,5.2604,0,-0.030066,8.3833,0.13181
5.1656,5.2574,0,-0.039006,8.374,0.10628
5.1656,5.2535,0,-0.052223,8.365,0.070652
5.1656,5.2483,0,-0.072468,8.3565,0.019806
5.1656,5.2411,0,-0.093368,8.3486,0
5.1656,5.2317,0,-0.12141,8.3415,0
5.1656,5.2196,0,-0.15567,8.3355,0
5.1656,5.204,0,-0.18841,8.3309,0
5.1656,5.1852,0,-0.22152,8.328,0
5.1656,5.163,0,-0.25647,8.3271,0
5.1656,5.1374,0,-0.28753,8.3287,0
5.1656,5.1086,0,-0.31383,8.3329,0
5.1656,5.0772,0,-0.33412,8.3402,0
5.1656,5.0438,0,-0.35149,8.3507,0
5.1656,5.0087,0,-0.37295,8.3647,0
5.1656,4.9714,0,-8.8,8.3822,15.295
5.1656,4.0914,0,-0.14076,8.4456,0
5.1656,4.0773,0,-0.18667,8.5538,0
5.1656,4.0586,0,-0.24722,8.6635,0
5.1656,4.0339,0,-0.33565,8.7755,0
5.1656,4.0004,0,-0.44819,8.8903,0
5.1656,3.9555,0,-8.8,9.0091,13.212
5.1656,3.0755,0,-0.37665,9.1741,1.8856
0.97378,3.0379,-3.9442,-8.8,6.4544,0
0.97378,2.1579,0,-0.26991,6.292,2.0841
0.28631,2.1309,-2.2814,-0.32776,6.0976,8.3084
0.28631,2.0981,0,-8.8,5.9148,0
0.28631,1.2181,0,-0.14378,5.7776,1.8362
0.28631,1.2037,0,-8.8,5.6852,0
0.28631,0.32373,0,-1.1216,5.6374,0
0.28631,0.21156,0,-0.79007,5.6393,0
0.28631,0.13256,0,-0.45522,5.6507,0
-0.61326,0.087036,-0.26171,-0.26171,5.2741,1.4862
-0.61326,0.060865,0,-0.069414,5.2053,1.2867
-0.61326,0.053923,0,0.12029,5.1383,1.6711
-0.63331,0.065952,0.068923,0.068923,5.0625,1.4841
-0.63331,0.072845,0,-8.8,4.9923,0
-0.63331,0,0,-8.8,4.9657,0
-0.63331,0,0,-8.8,4.9463,0
-0.63331,0,0,-8.8,4.927,0
-0.63331,0,0,-8.8,4.9077,0
-0.63331,0,0,-8.8,4.8883,0
-0.63331,0,0,-8.8,4.869,0
-0.63331,0,0,-8.8,4.8497,0
-0.63331,0,0,-8.8,4.8303,0
-0.63331,0,0,-8.8,4.811,0
-0.63331,0,0,-8.8,4.7917,0
-0.084447,0,0.84362,-8.8,4.9492,0
-0.084447,0,0,-8.8,4.9847,0
-0.084447,0,0,0.81212,5.0203,1.9302
-0.084447,0.081212,0,0.79096,5.0078,2.0522
-0.084447,0.16031,0,-8.8,4.9873,0
-0.084447,0,0,0.76956,5.0068,1.8408
-0.084447,0.076956,0,0.76121,4.9945,1.981
-0.084447,0.15308,0,0.7327,4.9746,2.0771
-0.084447,0.22635,0,0.71152,4.9471,2.1828
0.61951,0.2975,0.68625,0.68625,5.2157,0
0.61951,0.36612,0,0.66756,5.2445,1.5515
0.61951,0.43288,0,0.65236,5.2665,1.6974
0.61951,0.49812,0,0.64031,5.2819,1.8538
0.61951,0.56215,0,0.63621,5.2908,2.0446
0.61951,0.62577,0,0.62389,5.2934,2.1977
0.61951,0.68816,0,0.58578,5.2896,2.2255
1.0898,0.74674,0.54888,0.54888,5.4682,0
1.0898,0.80162,0,0.5141,5.4997,0.81523
1.0898,0.85303,0,0.48468,5.526,0.85153
1.2293,0.9015,0.45556,3.8573,5.5583,20.727
1.2293,1.2872,0,-8.8,5.5718,0
1.2293,0.40723,0,0.43944,5.61,0
1.2293,0.45117,0,0.44211,5.69,0
1.2293,0.49539,0,0.45199,5.7656,0
1.2293,0.54058,0,0.51348,5.8367,0
1.2293,0.59193,0,0.66733,5.9031,0.39301
1.2293,0.65867,0,0.84379,5.9635,1.3222
1.2293,0.74304,0,1.0844,6.0163,2.8144
1.2293,0.85148,0,1.3516,6.0595,4.8175
1.2293,0.98664,0,4.9,6.0905,38.437
1.2293,1.4766,0,3.3752,6.0903,25.299
1.2293,1.8142,0,1.6863,6.0487,11.652
1.2293,1.9828,0,1.5129,5.9818,11.096
1.2293,2.1341,0,1.3846,5.8989,10.822
1.2293,2.2725,0,1.3175,5.8015,10.968
1.2293,2.4043,0,1.2921,5.6906,11.407
1.2293,2.5335,0,1.19,5.5666,11.234
1.2293,2.6525,0,1.0891,5.4302,11.023
1.2293,2.7614,0,0.97043,5.2825,10.631
1.2293,2.8585,0,0.83282,5.1244,10.053
1.2293,2.9417,0,0.70712,4.9573,9.5144
1.2293,3.0125,0,0.58173,4.7826,8.9379
1.2293,3.0706,0,0.48533,4.6013,8.524
1.2293,3.1192,0,0.38932,4.4148,8.082
1.2293,3.1581,0,0.32134,4.2238,7.7961
1.2293,3.1902,0,0.27051,4.0294,7.5989
1.2293,3.2173,0,0.25191,3.8319,7.5915
1.2293,3.2425,0,0.2299,3.6319,7.5543
1.2293,3.2655,0,0.21786,3.4294,7.5726
1.2293,3.2872,0,0.18649,3.2247,7.4614
1.2293,3.3059,0,0.14645,3.018,7.2834
1.2293,3.3205,0,0.10387,2.8096,7.0758
1.2293,3.3309,0,0.035703,2.5999,6.6982
1.2293,3.3345,0,-0.0027685,2.3896,6.481
1.2293,3.3342,0,-0.0078423,2.1791,6.4496
1.2293,3.3334,0,-0.011043,1.9686,6.4275
1.2293,3.3323,0,-0.012945,1.7583,6.4119
1.2293,3.331,0,-0.012225,1.5481,6.4111
1.2293,3.3298,0,-0.013248,1.3379,6.4003
1.2293,3.3285,0,-0.011115,1.128,6.4077
1.2293,3.3274,0,-0.010479,0.9181,6.4071
3.2952,3.3263,0.20433,-0.0070065,7.0767,0
3.2952,3.3256,0,-0.0040412,7.0736,0.054255
3.2952,3.3252,0,0.040129,7.0706,0.15342
3.2952,3.3292,0,0.089042,7.0674,0.28445
3.2952,3.3381,0,0.17198,7.0636,0.53954
3.2952,3.3553,0,0.25124,7.0584,0.83843
3.2952,3.3805,0,0.34734,7.0511,1.2567
3.2952,3.4152,0,0.46219,7.0409,1.8324
3.2952,3.4614,0,0.57153,7.0265,2.4842
3.9774,3.5186,1.4656,0.69996,7.208,0
3.9774,3.5886,0,0.79304,7.2504,1.6824
3.9774,3.6679,0,0.86959,7.2853,2.3217
4.4242,3.7548,1.4499,0.93686,7.3905,0
4.4242,3.8485,0,0.97524,7.4527,1.9278
4.4242,3.946,0,0.99005,7.5054,2.3433
4.4242,4.045,0,1.0041,7.5483,2.7726
4.4242,4.1455,0,0.99839,7.5812,3.1104
4.4242,4.2453,0,0.99129,7.6041,3.4438
4.4242,4.3444,0,0.97937,7.617,3.7521
4.4242,4.4424,0,0.96652,7.6201,4.0542
4.4242,4.539,0,0.93888,7.6135,4.2674
4.4242,4.6329,0,0.91486,7.5973,4.4924
4.4242,4.7244,0,0.88312,7.5718,4.663
4.4242,4.8127,0,0.86443,7.5374,4.9002
4.4242,4.8991,0,0.8512,7.4942,5.1649
4.4242,4.9843,0,0.82382,7.4425,5.3391
4.4242,5.0666,0,0.80198,7.3824,5.5371
4.4242,5.1468,0,0.76545,7.3141,5.6353
4.4242,5.2234,0,0.72434,7.238,5.6903
4.4242,5.2958,0,0.68359,7.1545,5.731
4.4242,5.3642,0,0.64114,7.0639,5.7448
4.4242,5.4283,0,0.6036,6.9667,5.7719
4.4242,5.4887,0,0.56163,6.8633,5.7569
4.4242,5.5448,0,0.53137,6.754,5.7969
4.4242,5.598,0,0.48546,6.6393,5.7298
4.4242,5.6465,0,0.4437,6.5195,5.6705
4.4242,5.6909,0,0.40693,6.3951,5.6254
4.4242,5.7316,0,0.37021,6.2664,5.5668
4.4242,5.7686,0,0.34548,6.1338,5.5654
4.4242,5.8031,0,0.32409,5.9976,5.574
4.4242,5.8355,0,0.31672,5.8581,5.6571
4.4242,5.8672,0,0.3079,5.7154,5.7287
6.2454,5.898,0.10532,0.28429,9.4353,0
6.2454,5.9264,0,0.27606,9.4686,0
6.2454,5.954,0,0.25515,9.4991,0
6.2454,5.9796,0,0.22886,9.527,0
6.2454,6.0024,0,0.21532,9.5524,0
6.2454,6.024,0,0.19831,9.5757,0
6.2454,6.0438,0,0.17294,9.5968,0
6.2454,6.0611,0,0.16192,9.6161,0
6.2454,6.0773,0,0.15127,9.6337,0
6.2454,6.0924,0,0.14344,9.6498,0
6.2454,6.1068,0,0.13093,9.6644,0.00078045
6.2454,6.1199,0,0.10644,9.6776,0
6.2454,6.1305,0,0.047933,9.6896,0
6.2454,6.1353,0,-0.017504,9.7009,0
6.2454,6.1335,0,-0.06016,9.712,0
6.2454,6.1275,0,-0.11955,9.7235,0
6.2454,6.1156,0,-0.19198,9.7358,0
6.2454,6.0964,0,-0.27707,9.7498,0
6.2454,6.0687,0,-0.37095,9.7661,0
6.2454,6.0316,0,-0.4685,9.7856,0
6.2454,5.9847,0,-0.5725,9.8093,0
3.6046,5.9275,-3.2122,-0.67656,8.8289,13.099
3.6046,5.8598,0,-0.77702,8.6,3.2365
3.6046,5.7821,0,-0.87042,8.3784,2.7239
3.6046,5.6951,0,-0.962,8.165,2.2723
3.6046,5.5989,0,-8.8,7.9607,0
3.6046,4.7189,0,-0.71344,7.8053,0.86051
3.6046,4.6475,0,-8.8,7.6975,0
3.6046,3.7675,0,-0.45803,7.6372,0
3.6046,3.7217,0,-8.8,7.6232,0
3.6046,2.8417,0,-0.2284,7.6554,0
3.6046,2.8189,0,-0.25422,7.7329,0
3.6046,2.7935,0,-0.27056,7.8127,0
3.6046,2.7664,0,-8.8,7.8952,0
3.6046,1.8864,0,-0.063052,8.023,0
3.6046,1.8801,0,-0.062763,8.1951,0
1.499,1.8738,0.4085,-0.057456,6.1305,0
1.499,1.8681,0,-0.049662,6.0933,0.6939
1.499,1.8631,0,-0.040507,6.0567,0.70731
1.499,1.8591,0,-0.033906,6.0204,0.71598
1.499,1.8557,0,-0.025177,5.9846,0.73232
1.499,1.8532,0,-0.017898,5.9491,0.74687
1.499,1.8514,0,-0.0098746,5.9137,0.76549
1.499,1.8504,0,-0.0014354,5.8786,0.78751
1.8866,1.8502,0.43275,0.13811,6.0108,0
1.8866,1.864,0,0.27416,6.0138,0.69501
1.8866,1.8915,0,0.36112,6.0146,1.0777
1.8866,1.9276,0,0.38737,6.0124,1.2826
1.8866,1.9663,0,0.39284,6.0063,1.4189
2.1226,2.0056,0.39278,0.39114,6.0626,0
2.1226,2.0447,0,0.39954,6.0724,0.98571
2.1226,2.0847,0,0.38393,6.0782,1.0412
2.1226,2.1231,0,0.34418,6.08,1.0026
2.1226,2.1575,0,0.34742,6.0783,1.1121
2.1226,2.1922,0,0.37274,6.0731,1.3096
2.1226,2.2295,0,0.41901,6.0642,1.608
2.1226,2.2714,0,0.44408,6.0514,1.8442
2.1226,2.3158,0,0.49611,6.0343,2.2188
2.1226,2.3654,0,0.58628,6.0125,2.8182
2.1226,2.424,0,0.6951,5.9853,3.5946
2.8324,2.4935,1.45,0.81003,6.2562,0
2.8324,2.5745,0,-8.8,6.286,0
2.8324,1.6945,0,4.9,6.3558,32.748
2.8324,2.1845,0,3.4042,6.4451,20.357
2.8324,2.525,0,2.2488,6.4928,11.779
3.5864,2.7498,1.2807,1.8047,6.6991,0
3.5864,2.9303,0,1.5272,6.7737,4.7876
3.5864,3.083,0,1.3384,6.8317,4.2236
3.5864,3.2169,0,1.1844,6.8753,3.8256
3.5864,3.3353,0,1.0655,6.9063,3.5912
3.5864,3.4419,0,0.957,6.9261,3.3814
3.5864,3.5376,0,0.87014,6.9358,3.2583
3.5864,3.6246,0,0.80956,6.9363,3.2493
3.5864,3.7055,0,0.75965,6.9284,3.2763
3.5864,3.7815,0,0.72934,6.9127,3.3904
3.5864,3.8544,0,0.70403,6.8895,3.5205
3.5864,3.9248,0,0.68562,6.8592,3.6792
3.5864,3.9934,0,0.67363,6.8219,3.8672
3.5864,4.0608,0,0.67686,6.7779,4.1375
3.5864,4.1284,0,0.6684,6.727,4.346
3.5864,4.1953,0,0.67482,6.6695,4.6393
4.8405,4.2628,0.88753,0.67736,7.6847,0
4.8405,4.3305,0,0.69045,7.7391,0.85444
4.8405,4.3995,0,0.69788,7.7867,1.0949
4.8405,4.4693,0,0.71381,7.8273,1.3812
4.8405,4.5407,0,0.72944,7.8608,1.6805
4.8405,4.6137,0,0.75467,7.8872,2.0399
4.8405,4.6891,0,0.78405,7.9061,2.4413
4.8405,4.7675,0,0.80918,7.9173,2.8457
4.8405,4.8484,0,0.82589,7.9205,3.2266
4.8405,4.931,0,0.82506,7.9156,3.5263
4.8405,5.0135,0,0.82253,7.9024,3.821
4.8405,5.0958,0,0.82213,7.881,4.1311
4.8405,5.178,0,0.8307,7.8514,4.4983
4.8405,5.2611,0,0.827,7.8135,4.802
6.2688,5.3438,1.0231,0.83412,8.7445,0
6.2688,5.4272,0,0.84128,8.8328,0.47062
6.2688,5.5113,0,0.84038,8.9127,0.72076
6.2688,5.5954,0,0.83371,8.9843,0.95192
6.2688,5.6787,0,0.83858,9.0475,1.2365
6.7535,5.7626,0.84477,0.82833,9.2524,0
6.7535,5.8454,0,0.8225,9.3474,0.20251
6.7535,5.9277,0,0.80728,9.4341,0.38279
6.7535,6.0084,0,0.79899,9.5126,0.58879
6.7535,6.0883,0,0.78313,9.5831,0.76476
6.7535,6.1666,0,0.75676,9.6457,0.89397
6.7535,6.2423,0,0.73321,9.7006,1.0275
6.7535,6.3156,0,0.70708,9.7481,1.1434
6.7535,6.3863,0,0.6833,9.7884,1.2615
6.7535,6.4546,0,0.66499,9.8217,1.3963
6.7535,6.5211,0,0.63819,9.8482,1.489
