12.222,12.222,-2.0993,0,35.5,21.453
12.222,12.222,0,-0.013691,35.5,0
12.222,12.221,0,-0.027277,35.5,0
12.222,12.218,0,-0.041676,35.5,0
12.222,12.214,0,-0.056443,35.501,0
12.222,12.208,0,-0.070707,35.502,0
12.222,12.201,0,-0.085789,35.504,0
12.222,12.193,0,-0.10027,35.506,0
12.222,12.183,0,-0.11503,35.51,0
12.222,12.171,0,-0.13106,35.514,0
12.222,12.158,0,-0.14681,35.52,0
12.222,12.143,0,-0.16247,35.527,0
12.222,12.127,0,-0.17924,35.536,0
12.222,12.109,0,-0.1955,35.546,0
9.0564,12.09,-2.3227,-0.21265,33.372,47.452
9.0564,12.068,0,-0.22998,33.069,8.7559
9.0564,12.045,0,-0.24903,32.769,8.5357
9.0564,12.02,0,-0.26788,32.472,8.3112
9.0564,11.994,0,-0.28768,32.177,8.0756
9.0564,11.965,0,-0.30951,31.884,7.8221
9.0564,11.934,0,-0.33256,31.595,7.5559
9.0564,11.901,0,-0.35692,31.309,7.2768
9.0564,11.865,0,-0.38386,31.026,6.9777
9.0564,11.827,0,-0.41078,30.747,6.674
9.0564,11.786,0,-0.44052,30.472,6.3505
9.0564,11.741,0,-0.47147,30.202,6.0171
6.0425,11.694,-2.8518,-0.5049,28.193,81.99
5.7514,11.644,-2.8938,-0.54243,27.606,31.919
5.7514,11.59,0,-0.58301,27.02,19.479
5.7514,11.531,0,-0.62495,26.439,18.821
5.7514,11.469,0,-0.67143,25.864,18.11
5.7514,11.402,0,-0.71875,25.296,17.38
5.7514,11.33,0,-0.76857,24.734,16.617
5.7514,11.253,0,-0.82356,24.18,15.802
5.7514,11.171,0,-0.88206,23.634,14.949
5.7514,11.082,0,-0.94507,23.097,14.055
5.7514,10.988,0,-1.0102,22.568,13.139
5.7514,10.887,0,-1.0828,22.05,12.169
5.7514,10.779,0,-1.1635,21.542,11.148
5.7514,10.662,0,-1.25,21.045,10.101
5.7514,10.537,0,-1.3412,20.56,9.046
5.7514,10.403,0,-1.4441,20.088,7.9608
5.7514,10.259,0,-1.5547,19.63,6.8923
5.7514,10.103,0,-1.6765,19.187,5.8569
5.7514,9.9356,0,-1.8112,18.76,4.8986
5.7514,9.7544,0,-1.9587,18.351,4.0905
5.7514,9.5586,0,-2.1224,17.961,3.5327
5.7514,9.3463,0,-2.3044,17.59,3.3919
5.7514,9.1159,0,-2.4997,17.242,3.9115
5.7514,8.8659,0,-2.7119,16.918,5.4739
5.7514,8.5947,0,-2.9435,16.621,8.7327
5.7514,8.3004,0,-5.2,16.351,42.955
5.7514,7.7804,0,-5.2,16.122,41.889
5.7514,7.2604,0,-5.2,15.945,40.823
5.7514,6.7404,0,-5.2,15.82,39.757
5.7514,6.2204,0,-5.2,15.747,38.691
5.7514,5.7004,0,-8.8,15.726,30.06
5.7514,4.8204,0,-8.8,15.776,28.256
5.7514,3.9404,0,-8.8,15.913,26.452
5.7514,3.0604,0,-8.8,16.138,24.648
5.7514,2.1804,0,-8.8,16.451,22.844
-0.21744,1.3004,0.087664,-8.8,3.737,33.092
-0.21744,0.42037,0,-8.8,3.6292,31.473
-0.21744,0,0,-8.8,3.6094,30.611
-0.21744,0,0,-8.8,3.6317,30.611
-0.21744,0,0,-8.8,3.6539,30.611
-0.21744,0,0,-8.8,3.6762,30.611
-0.14759,0,0.24868,-8.8,3.7248,29.945
-0.11744,0,0.39534,-8.8,3.7464,29.575
-0.11744,0,0,-8.8,3.7787,30.406
-0.11744,0,0,-8.8,3.8109,30.406
-0.11744,0,0,-8.8,3.8432,30.406
-0.11744,0,0,-8.8,3.8754,30.406
-0.11744,0,0,-8.8,3.9077,30.406
-0.11744,0,0,-8.8,3.9399,30.406
-0.11744,0,0,-8.8,3.9722,30.406
-0.11744,0,0,-8.8,4.0045,30.406
-0.11744,0,0,-8.8,4.0367,30.406
-0.11744,0,0,-8.8,4.069,30.406
-0.11744,0,0,-8.8,4.1012,30.406
-0.11744,0,0,-8.8,4.1335,30.406
-0.11744,0,0,2.653,4.1657,54.471
-0.11744,0.2653,0,2.7182,4.1407,55.152
-0.11744,0.53713,0,2.8072,4.0889,55.897
-0.11744,0.81785,0,2.8773,4.0094,56.619
-0.11744,1.1056,0,4.9,3.9015,61.459
-0.11744,1.5956,0,4.9,3.7546,62.464
-0.11744,2.0856,0,4.9,3.5588,63.468
-0.11744,2.5756,0,3.1651,3.314,60.827
-0.11744,2.8921,0,2.596,3.0289,60.28
4.5007,3.1517,2.6687,2.3206,6.7088,0
4.7744,3.3837,2.5954,2.1604,6.8362,0
4.7744,3.5998,0,2.0514,6.9645,6.0962
4.7744,3.8049,0,1.9638,7.0717,6.3949
4.7744,4.0013,0,1.901,7.1588,6.8328
4.7744,4.1914,0,1.855,7.2266,7.3663
4.7744,4.3769,0,1.796,7.2756,7.7875
6.2121,4.5565,2.1429,1.7487,7.745,0
6.2121,4.7314,0,1.7223,7.9018,2.6621
6.2121,4.9036,0,1.6898,8.0413,3.1462
6.2121,5.0726,0,1.6536,8.1637,3.6013
7.0267,5.2379,1.9555,1.6182,8.4528,0
7.0267,5.3998,0,1.6009,8.6236,1.4302
7.0267,5.5598,0,1.5842,8.7783,1.927
7.0267,5.7183,0,1.5637,8.917,2.4072
7.0267,5.8746,0,1.5482,9.0401,2.9181
7.0267,6.0295,0,1.5244,9.1475,3.3833
7.0267,6.1819,0,1.4966,9.2396,3.8222
7.0267,6.3316,0,1.4735,9.3166,4.2846
7.0267,6.4789,0,1.4395,9.3788,4.6751
7.0267,6.6228,0,1.4102,9.4264,5.0849
7.0267,6.7639,0,1.3967,9.4597,5.591
7.0267,6.9035,0,1.3816,9.479,6.0881
9.0468,7.0417,1.5321,1.369,10.736,0
9.0468,7.1786,0,1.3582,10.93,0
9.0468,7.3144,0,1.3472,11.11,0
9.0468,7.4491,0,1.3245,11.277,0.17905
9.0468,7.5816,0,1.3079,11.43,0.53192
9.0468,7.7124,0,1.2937,11.57,0.89864
9.0468,7.8418,0,1.2772,11.697,1.2578
9.0468,7.9695,0,1.259,11.811,1.6098
9.0468,8.0954,0,1.2484,11.912,2.0017
9.0468,8.2202,0,1.2323,12.001,2.3676
9.0468,8.3434,0,1.2212,12.078,2.7616
10.493,8.4656,1.1679,1.2033,12.96,0
10.619,8.5859,1.1782,1.196,13.17,0
10.619,8.7055,0,1.1794,13.368,0
10.619,8.8234,0,1.1686,13.553,0
10.619,8.9403,0,1.1553,13.727,0
10.619,9.0558,0,1.1411,13.889,0
11.174,9.1699,1.0274,1.1271,14.173,0
11.174,9.2826,0,1.117,14.368,0
11.174,9.3943,0,1.0966,14.552,0
11.174,9.504,0,1.0813,14.724,0
11.174,9.6121,0,1.0688,14.886,0
11.675,9.719,0.93765,1.0588,15.145,0
11.675,9.8249,0,1.0489,15.335,0
11.675,9.9298,0,1.0403,15.515,0
11.675,10.034,0,1.035,15.684,0
11.675,10.137,0,1.0227,15.843,0
11.675,10.24,0,1.0099,15.992,0
11.675,10.341,0,1.0018,16.13,0
11.675,10.441,0,0.99255,16.259,0
12.451,10.54,0.8993,0.98576,16.695,0
12.451,10.639,0,0.97157,16.881,0
12.451,10.736,0,0.96205,17.058,0
12.451,10.832,0,0.9514,17.225,0
12.451,10.927,0,0.94325,17.382,0
12.883,11.021,0.84205,0.93628,17.651,0
12.883,11.115,0,0.92718,17.833,0
12.883,11.208,0,0.91474,18.005,0
12.883,11.299,0,0.90573,18.168,0
12.883,11.39,0,0.88827,18.321,0
12.883,11.479,0,0.86734,18.466,0
12.883,11.565,0,0.83834,18.602,0
12.883,11.649,0,0.80613,18.73,0
12.883,11.73,0,0.77392,18.849,0
12.883,11.807,0,0.73916,18.961,0
12.883,11.881,0,0.7123,19.065,0
12.883,11.952,0,0.68228,19.161,0
12.883,12.021,0,0.66051,19.251,0
12.883,12.087,0,0.63539,19.334,0
12.883,12.15,0,0.6059,19.41,0
12.883,12.211,0,0.57971,19.481,0
13.429,12.269,0.034802,0.55041,20.214,0
13.429,12.324,0,0.52571,20.327,0
13.429,12.376,0,0.50602,20.435,0
13.429,12.427,0,0.4818,20.537,0
13.429,12.475,0,0.45886,20.635,0
13.429,12.521,0,0.43991,20.728,0
13.429,12.565,0,0.41776,20.817,0
13.429,12.607,0,0.39817,20.901,0
13.429,12.647,0,0.38148,20.981,0
13.429,12.685,0,0.3641,21.058,0
13.429,12.721,0,0.34782,21.13,0
13.429,12.756,0,0.33099,21.199,0
13.429,12.789,0,0.31893,21.265,0
13.429,12.821,0,0.30252,21.327,0
13.429,12.851,0,0.28943,21.387,0
13.429,12.88,0,0.27222,21.443,0
13.429,12.907,0,0.26193,21.497,0
13.429,12.934,0,0.24606,21.547,0
13.465,12.958,-0.016266,0.23371,21.672,0
13.465,12.982,0,0.21814,21.722,0
13.46,13.003,-0.012422,0.21019,21.77,0
13.46,13.024,0,0.19948,21.815,0
13.46,13.044,0,0.18825,21.857,0
13.46,13.063,0,0.17483,21.898,0
13.46,13.081,0,0.16593,21.937,0
13.46,13.097,0,0.15287,21.974,0
13.46,13.112,0,0.13944,22.01,0
13.46,13.126,0,0.1291,22.044,0
13.46,13.139,0,0.11638,22.076,0
13.46,13.151,0,0.10876,22.108,0
13.46,13.162,0,0.10354,22.138,0
13.46,13.172,0,0.091039,22.168,0
13.359,13.181,-0.099952,0.081212,22.133,0.038574
13.359,13.189,0,0.076733,22.15,0
13.359,13.197,0,0.068892,22.167,0
13.359,13.204,0,0.061605,22.183,0
13.359,13.21,0,0.053652,22.198,0
13.359,13.216,0,0.044373,22.212,0
13.359,13.22,0,0.041192,22.227,0
13.359,13.224,0,0.036195,22.24,0
13.294,13.228,-0.039191,0.030436,22.266,0.012957
13.294,13.231,0,0.028263,22.273,0
13.294,13.234,0,0.028619,22.279,0
13.294,13.236,0,0.023817,22.285,0
13.294,13.239,0,0.02017,22.29,0
13.294,13.241,0,0.01516,22.296,0
13.294,13.242,0,0.0093287,22.301,0
13.294,13.243,0,0.0015744,22.306,0
13.294,13.243,0,-0.0021642,22.311,0
13.294,13.243,0,-0.0046837,22.317,0
13.294,13.243,0,-0.0048389,22.322,0
13.294,13.242,0,-0.0073502,22.327,0
13.294,13.242,0,-0.0078226,22.332,0
13.294,13.241,0,-0.0084394,22.337,0
13.294,13.24,0,-0.0081517,22.343,0
13.294,13.239,0,-0.01041,22.348,0
13.294,13.238,0,-0.011521,22.354,0
13.294,13.237,0,-0.013027,22.36,0
13.294,13.236,0,-0.014452,22.365,0
13.294,13.234,0,-0.016317,22.371,0
13.294,13.233,0,-0.020523,22.378,0
13.294,13.23,0,-0.022088,22.384,0
13.294,13.228,0,-0.025467,22.39,0
13.294,13.226,0,-0.02873,22.397,0
13.294,13.223,0,-0.034011,22.404,0
13.294,13.219,0,-0.039278,22.411,0
13.294,13.215,0,-0.044926,22.419,0
12.867,13.211,-0.45418,-0.052384,22.106,2.4108
12.867,13.206,0,-0.058262,22.072,0.6005
12.867,13.2,0,-0.062961,22.039,0.57489
12.867,13.194,0,-0.067347,22.006,0.54927
12.867,13.187,0,-0.072714,21.973,0.52047
12.867,13.18,0,-0.078339,21.942,0.4902
12.867,13.172,0,-0.085304,21.911,0.45584
12.867,13.163,0,-0.092035,21.881,0.42109
12.867,13.154,0,-0.098117,21.852,0.38696
12.867,13.144,0,-0.10263,21.823,0.35564
12.867,13.134,0,-0.10973,21.796,0.31807
12.867,13.123,0,-0.11816,21.77,0.27693
12.867,13.111,0,-0.12652,21.745,0.23516
12.867,13.099,0,-0.13574,21.721,0.19101
12.867,13.085,0,-0.14529,21.699,0.14566
12.867,13.07,0,-0.1547,21.678,0.10008
12.867,13.055,0,-0.16341,21.658,0.055365
12.867,13.039,0,-0.171,21.64,0.012311
12.867,13.022,0,-0.17923,21.624,0
12.867,13.004,0,-0.18851,21.609,0
12.867,12.985,0,-0.19855,21.596,0
12.867,12.965,0,-0.20831,21.586,0
11.672,12.944,-0.65601,-0.21633,20.398,6.4312
11.672,12.922,0,-0.22586,20.272,2.433
11.672,12.9,0,-0.23679,20.148,2.3269
11.672,12.876,0,-0.24585,20.027,2.2265
11.404,12.852,-0.69722,-0.25534,19.857,7.2849
11.404,12.826,0,-0.26423,19.714,2.7861
11.404,12.8,0,-0.27261,19.573,2.6747
11.404,12.772,0,-0.28301,19.434,2.5551
11.404,12.744,0,-0.29419,19.299,2.4317
11.404,12.715,0,-0.30452,19.166,2.3109
11.404,12.684,0,-0.31385,19.037,2.1932
11.404,12.653,0,-0.32493,18.91,2.0695
11.404,12.62,0,-0.33549,18.787,1.9475
11.404,12.587,0,-0.34613,18.667,1.8256
11.404,12.552,0,-0.35726,18.551,1.7026
11.404,12.516,0,-0.36957,18.438,1.577
11.404,12.479,0,-0.38017,18.328,1.4571
11.404,12.441,0,-0.39093,18.223,1.3382
11.404,12.402,0,-0.39985,18.121,1.2255
11.404,12.362,0,-0.4091,18.023,1.1138
11.404,12.321,0,-0.42206,17.929,0.99582
11.404,12.279,0,-0.43305,17.839,0.88466
11.404,12.236,0,-0.44542,17.754,0.77377
11.404,12.191,0,-0.4537,17.673,0.67345
11.404,12.146,0,-0.46628,17.597,0.56962
11.404,12.099,0,-0.47758,17.525,0.47193
11.404,12.052,0,-0.49053,17.458,0.37684
11.404,12.003,0,-0.50366,17.395,0.28707
11.404,11.952,0,-0.51324,17.338,0.20606
11.404,11.901,0,-0.5233,17.286,0.13044
11.404,11.849,0,-0.5334,17.239,0.061068
11.404,11.795,0,-0.54543,17.197,0
11.404,11.741,0,-0.56163,17.16,0
11.404,11.685,0,-0.57837,17.129,0
9.4472,11.627,-0.88503,-0.59705,14.242,9.9046
9.4472,11.567,0,-0.6197,14.027,3.4409
9.4472,11.505,0,-0.6445,13.818,3.1664
9.4472,11.441,0,-0.67347,13.615,2.8829
9.4472,11.373,0,-0.70529,13.419,2.598
9.4472,11.303,0,-0.73947,13.23,2.3167
9.4472,11.229,0,-0.77535,13.048,2.0446
9.4472,11.151,0,-0.81498,12.874,1.7814
9.4472,11.07,0,-0.86025,12.708,1.5306
9.4472,10.984,0,-0.91115,12.55,1.3034
9.4472,10.893,0,-0.96396,12.401,1.116
9.4472,10.796,0,-1.0244,12.261,0.97918
9.4472,10.694,0,-1.0902,12.131,0.91624
7.5436,10.585,-2.1377,-1.1645,10.933,29.619
7.5436,10.468,0,-1.2426,10.634,3.4668
7.5436,10.344,0,-1.3253,10.348,2.9602
7.5436,10.211,0,-5.2,10.075,147.68
7.5436,9.6915,0,-5.2,9.8339,146.62
7.5436,9.1715,0,-5.2,9.6451,145.55
7.5436,8.6515,0,-5.2,9.5083,144.49
7.5436,8.1315,0,-5.2,9.4235,143.42
5.7368,7.6115,-2.2989,-5.2,8.6806,21.243
5.7368,7.0915,0,-5.2,8.5192,40.083
5.7368,6.5715,0,-0.45898,8.4097,0.75347
5.7368,6.5256,0,-5.2,8.3285,38.923
5.7368,6.0056,0,-0.3984,8.2757,0
5.7368,5.9658,0,-8.8,8.2508,30.21
5.7368,5.0858,0,-0.20698,8.2719,0
5.7368,5.0651,0,-0.27536,8.338,0
5.7368,5.0375,0,-0.34633,8.4066,0
3.6633,5.0029,-2.6983,-0.42079,7.5477,10.352
3.6633,4.9608,0,-8.8,7.4158,0
3.6633,4.0808,0,-0.2601,7.3301,0.31746
3.6633,4.0548,0,-0.3367,7.2896,0.15022
3.6633,4.0211,0,-0.41614,7.2522,0.013975
3.6633,3.9795,0,-8.8,7.2185,0
1.959,3.0995,-3.0164,-0.25872,6.7206,9.19
1.959,3.0736,0,-0.32715,6.6078,1.7106
1.3537,3.0409,-3.1869,-8.8,6.4362,0
1.3537,2.1609,0,-0.19407,6.3115,1.3434
1.3537,2.1415,0,-0.25151,6.2317,1.1298
1.3537,2.1164,0,-8.8,6.1542,0
1.3537,1.2364,0,-0.12482,6.1219,0
1.3537,1.2239,0,-0.16113,6.1343,0
1.3537,1.2078,0,-8.8,6.1481,0
1.3537,0.32778,0,-3.1222,6.2067,0
1.3537,0.01556,0,-3.0942,6.3249,0
1.3537,0,0,-3.1665,6.4742,0
1.3537,0,0,-3.1997,6.6254,0
-2.1287,0,-3.3208,-8.8,4.8365,0
-2.1287,0,0,-8.8,4.6677,0
-2.1287,0,0,-8.8,4.4988,0
-2.1287,0,0,-8.8,4.3299,0
-2.1287,0,0,-8.8,4.1611,0
-2.1287,0,0,-8.8,3.9922,0
-2.1287,0,0,-8.8,3.8233,0
-2.1287,0,0,-8.8,3.6545,0
-2.1287,0,0,-8.9058,3.4856,0
-2.1287,0,0,-11.329,3.3173,0
-2.1287,0,0,-15.772,3.1611,0
-2.1287,0,0,-25.687,3.027,0
-2.1287,0,0,-61.255,2.9426,0
-2.1287,0,0,-2881.6,3.036,0
-2.1287,0,0,-5.1362,17.231,0
-2.1287,0,0,-5.2158,17.044,0
-2.1287,0,0,-5.0197,16.857,0
-2.1287,0,0,-4.5941,16.669,0
-2.1287,0,0,-4.0376,16.48,0
-2.1287,0,0,-3.4601,16.287,0
-2.1287,0,0,-2.8809,16.091,0
-2.1287,0,0,-2.4614,15.893,0.46769
-2.1287,0,0,-2.1256,15.692,1.1732
-2.1287,0,0,-1.82,15.49,1.8153
-2.1287,0,0,-16.213,15.286,0
-2.1287,0,0,-21.09,15.155,0
-2.1287,0,0,-30.968,15.047,0
-2.1287,0,0,-58.02,14.989,0
-2.1287,0,0,-241.34,15.066,0
-2.1287,0,0,-190.72,16.06,0
-2.1287,0,0,-437.03,16.801,0
-2.1287,0,0,-54.802,18.773,0
-11.393,0,-0.0224,-208.26,0.31166,0
-11.393,0,0,-298.14,0.21367,0
-11.393,0,0,-115.39,0.5651,0
-11.393,0,0,9.8,1.0105,45.224
-11.393,0.98,0,9.8,1.0168,47.233
-11.393,1.96,0,9.8,1.0129,49.242
-11.393,2.94,0,9.8,1.0074,51.251
-11.393,3.92,0,9.8,1.0202,53.26
-11.393,4.9,0,9.8,1.0215,55.269
-11.393,5.88,0,9.8,1.0322,57.278
-11.393,6.86,0,9.8,1.0333,59.287
-11.393,7.84,0,9.8,1.0274,61.296
-11.393,8.82,0,9.8,1.0257,63.305
-11.393,9.8,0,9.8,1.024,65.314
-11.352,10.78,0.31753,9.8,1,66.571
-11.352,11.76,0,9.8,1.0079,69.247
-11.352,12.74,0,9.8,1.0016,71.256
-11.352,13.72,0,9.8,0.99076,73.265
-11.352,14.7,0,9.8,0.94968,75.274
-10.695,15.68,2.9366,9.8,1,69.766
-10.695,16.66,0,9.8,0.97664,77.946
-10.695,17.64,0,9.8,0.93418,79.955
-10.695,18.62,0,9.8,0.85561,81.964
-10.695,19.6,0,9.8,0.7401,83.973
-10.695,20.58,0,9.8,0.60382,85.982
-10.695,21.56,0,9.8,0.42932,87.991
-10.695,22.54,0,9.8,0.22123,90
-10.695,23.52,0,9.8,-0.020417,92.009
-10.695,24.5,0,9.8,-0.29045,94.018
-10.695,25.48,0,9.8,-0.58832,96.027
-10.695,26.46,0,9.8,-0.90797,98.036
-10.695,27.44,0,9.8,-1.2555,100.04
-10.695,28.42,0,9.8,-1.6333,102.05
-10.695,29.4,0,9.8,-2.0404,104.06
-10.695,30.38,0,9.8,-2.4935,106.07
-10.695,31.36,0,9.8,-2.9665,108.08
-10.695,32.34,0,9.8,-3.4612,110.09
-10.695,33.32,0,9.8,-3.9889,112.1
-10.695,34.3,0,9.8,-4.5482,114.11
-10.695,35.28,0,9.8,-5.1335,116.12
-10.695,36.26,0,9.8,-5.7418,118.13
-10.695,37.24,0,9.8,-6.3752,120.13
-10.695,38.22,0,9.8,-7.0303,122.14
-10.695,39.2,0,9.8,-7.7044,124.15
-10.695,40.18,0,9.8,-8.4116,126.16
-10.695,41.16,0,9.8,-9.1245,128.17
-10.695,42.14,0,9.8,-9.8742,130.18
-10.695,43.12,0,9.8,-10.631,132.19
-10.695,44.1,0,9.8,-11.417,134.2
-10.695,45.08,0,9.8,-12.226,136.21
-10.695,46.06,0,9.8,-13.054,138.22
-10.695,47.04,0,9.8,-13.892,140.22
-10.695,48.02,0,9.8,-14.754,142.23
-10.695,49,0,9.8,-15.639,144.24
-10.695,49.98,0,9.8,-16.549,146.25
-10.695,50.96,0,9.8,-17.48,148.26
-10.695,51.94,0,9.8,-18.427,150.27
-10.695,52.92,0,9.8,-19.389,152.28
-10.695,53.9,0,9.8,-20.367,154.29
-0.60727,54.88,1.6883,9.8,1,132.07
-0.60727,55.86,0,9.8,0.9897,137.63
-0.60727,56.84,0,9.8,0.95862,139.64
-0.60727,57.82,0,9.8,0.91774,141.64
-0.60727,58.8,0,9.8,0.85701,143.65
-0.60727,59.78,0,9.8,0.7782,145.66
-0.60727,60.76,0,9.8,0.68983,147.67
-0.60727,61.74,0,9.8,0.59939,149.68
-0.60727,62.72,0,9.8,0.49595,151.69
-0.60727,63.7,0,9.8,0.36256,153.7
0.83937,64.68,1.1564,9.8,1,554.01
0.83937,65.66,0,9.8,0.99027,596.51
0.83937,66.64,0,9.8,0.97788,604.16
1.1631,67.62,1.0823,9.8,1,576.45
1.1631,68.6,0,9.8,0.98847,616.93
1.3964,69.58,1.1007,9.8,1,589.29
1.3964,70.56,0,9.8,0.98779,630.41
1.3964,71.54,0,9.8,0.98177,638.06
1.3964,72.52,0,9.8,0.96413,645.71
1.3964,73.5,0,9.8,0.91979,653.37
1.9141,74.48,0.85844,9.8,1,630.57
1.9141,75.46,0,9.8,1.0008,664.64
1.9141,76.44,0,9.8,0.99256,672.29
1.9141,77.42,0,9.8,0.96291,679.95
1.9141,78.4,0,9.8,0.93179,687.61
1.9141,79.38,0,9.8,0.88933,695.27
1.9141,80.36,0,9.8,0.84828,702.93
1.9141,81.34,0,9.8,0.7892,710.59
1.9141,82.32,0,9.8,0.73153,718.25
1.9141,83.3,0,9.8,0.65659,725.92
1.9141,84.28,0,9.8,0.57602,733.58
2.8045,85.26,0.74033,9.8,1,711.16
2.8045,86.24,0,9.8,0.99316,741.94
2.8045,87.22,0,9.8,0.98873,749.61
3.0111,88.2,0.62503,9.8,1,736.03
3.0111,89.18,0,9.8,0.99623,763.33
3.0111,90.16,0,9.8,0.99578,770.99
3.2045,91.14,0.62849,9.8,1,757.36
3.2045,92.12,0,9.8,1.0053,784.82
3.2045,93.1,0,9.8,0.99976,792.48
3.2045,94.08,0,9.8,0.97733,800.15
3.2045,95.06,0,9.8,0.95048,807.82
3.2045,96.04,0,9.8,0.92303,815.49
