0,0,0.51114,0,35.5,0
0,0,0,7.8,35.5,59.103
0,0.78,0,7.8,35.461,63.94
0,1.56,0,7.8,35.344,68.834
0,2.34,0,7.8,35.149,73.779
0,3.12,0,7.8,34.876,78.774
0,3.9,0,7.8,34.525,83.814
0.15639,4.68,0.17894,7.8,34.154,102.64
0.1705,5.46,0.13458,7.8,33.673,109.16
0.1705,6.24,0,6.7,33.105,103.8
0.1705,6.91,0,6.7,32.465,108.66
0.1705,7.58,0,6.7,31.757,113.53
0.1705,8.25,0,-0.42156,30.983,33.567
0.1705,8.2078,0,-0.43541,30.177,33.176
0.1705,8.1643,0,-0.44929,29.375,32.779
0.1705,8.1194,0,-0.46372,28.578,32.369
0.1705,8.073,0,-0.47954,27.786,31.938
0.1705,8.025,0,-0.49726,26.998,31.48
0.1705,7.9753,0,-0.5175,26.215,30.989
0.1705,7.9236,0,-0.53951,25.437,30.471
0.1705,7.8696,0,-0.56472,24.664,29.91
0.1705,7.8131,0,-0.59182,23.897,29.321
0.1705,7.754,0,-0.62245,23.136,28.684
0.1705,7.6917,0,-0.65688,22.381,27.998
0.1705,7.626,0,-0.69542,21.632,27.258
0.1705,7.5565,0,-0.73763,20.89,26.468
0.1705,7.4827,0,-0.78359,20.155,25.627
0.1705,7.4044,0,-0.83458,19.428,24.722
0.1705,7.3209,0,-0.89011,18.708,23.76
0.1705,7.2319,0,-0.95093,17.998,22.732
0.1705,7.1368,0,-1.0192,17.296,21.623
0.1705,7.0349,0,-1.0948,16.605,20.435
0.1705,6.9254,0,-1.1795,15.924,19.158
0.1705,6.8075,0,-1.2716,15.254,17.809
0.1705,6.6803,0,-1.3732,14.597,16.383
0.1705,6.543,0,-1.4902,13.953,14.847
0.1705,6.3939,0,-1.6191,13.323,13.246
-1.9068,6.232,-1.0701,-1.7623,10.919,19.12
-1.9068,6.0558,0,-1.9285,10.114,16.161
-1.9068,5.863,0,-2.1085,9.3276,15.387
-1.9068,5.6521,0,-2.3138,8.5611,14.524
-1.9068,5.4207,0,-2.5463,7.8168,13.561
-1.9068,5.1661,0,-8.8,7.0968,0
-1.9068,4.2861,0,-8.8,6.4335,0
-1.9068,3.4061,0,-8.8,5.8582,0
-1.9068,2.5261,0,-8.8,5.3709,0
-1.9068,1.6461,0,-8.8,4.9716,0
-1.9068,0.76611,0,-8.8,4.6603,0
-1.9068,0,0,-8.8,4.437,0
-1.9068,0,0,-8.8,4.2903,0
-1.9068,0,0,-8.8,4.1436,0
-2.9061,0,-0.58778,-8.8,3.1313,0
-2.9061,0,0,-8.8,2.8847,0
-2.9061,0,0,-8.8,2.6381,0
-2.9061,0,0,-8.8,2.3915,0
-3.1549,0,-0.69647,-8.8,2.0864,0
-3.1549,0,0,-8.8,1.8149,0
-3.1549,0,0,-8.8,1.5434,0
-3.1549,0,0,-8.8,1.2719,0
-3.1549,0,0,-8.8,1.0004,0
-3.1549,0,0,-9.8795,0.72891,0
-3.1549,0,0,-19.165,0.46282,0
-3.1549,0,0,-101.32,0.24316,0
-3.1549,0,0,-31.626,0.43429,0
-3.1549,0,0,-565.97,0.27693,0
-3.1549,0,0,-8.8,2.7913,0
-3.1549,0,0,-8.8,2.5198,0
-3.1549,0,0,-8.8,2.2483,0
-3.1549,0,0,-8.8,1.9768,0
-3.6673,0,-0.093013,-8.8,1.1975,0
-3.6673,0,0,-8.8,0.87476,0
-3.6673,0,0,-12.588,0.55203,0
-3.6673,0,0,-29.357,0.24824,0
-3.6673,0,0,-1935.6,0.028298,0
-3.6673,0,0,-0.065374,9.3396,11.27
-3.6673,0,0,0.10049,8.9732,11.619
-3.7305,0.010049,0.11991,0.11991,8.5812,11.558
-3.7305,0.02204,0,0.099158,8.2066,11.791
-3.7305,0.031956,0,0.14093,7.8308,11.899
-3.7305,0.046049,0,0.136,7.4539,11.917
-3.7305,0.059648,0,0.11935,7.0755,11.91
-3.7305,0.071584,0,0.20005,6.6959,12.104
-3.7305,0.091588,0,0.19549,6.3147,12.136
-3.7305,0.11114,0,0.17239,5.9315,12.127
-3.7305,0.12838,0,0.22396,5.5465,12.271
-3.7305,0.15077,0,0.21959,5.1595,12.308
-3.7305,0.17273,0,-8.8,4.7703,0
-3.7305,0,0,-8.8,4.4239,0
-3.7305,0,0,-8.8,4.0949,0
-3.7305,0,0,-8.8,3.7658,0
-3.7305,0,0,-8.8,3.4368,0
-3.7305,0,0,-8.8,3.1077,0
-3.7305,0,0,-8.8,2.7787,0
-3.7305,0,0,-8.8,2.4496,0
-3.7305,0,0,-8.8,2.1206,0
-3.7305,0,0,-8.8,1.7915,0
-3.7305,0,0,-8.8,1.4625,0
-3.7305,0,0,-8.8,1.1334,0
-3.7305,0,0,-8.8,0.8044,0
-3.3879,0,0.27695,-8.8,0.86957,0
-3.3512,0,0.38566,-9.4957,0.56827,0
-3.3512,0,0,-18.967,0.28063,0
-3.3512,0,0,-136.62,0.040344,0
-3.3512,0,0,-12.115,0.38835,0
-3.3512,0,0,-33.762,0.1138,0
-3.3512,0,0,-496.61,-0.052507,0
-3.3512,0,0,-8.8,2.0954,0
-3.3512,0,0,-8.8,1.8043,0
-3.3512,0,0,-8.8,1.5132,0
-3.3512,0,0,-8.8,1.2221,0
-3.3512,0,0,-8.8,0.93095,0
-2.0639,0,1.8022,-8.8,1.19,0
-2.0639,0,0,-8.8,1.0276,0
-2.0639,0,0,-8.8,0.86518,0
-2.0639,0,0,-8.8,0.70279,0
-2.0639,0,0,-8.8,0.5404,0
-2.0639,0,0,-8.8,0.37802,0
-2.0639,0,0,-8.8,0.21563,0
-2.0639,0,0,-8.8,0.053241,0
-2.0639,0,0,-8.8,-0.10915,0
-2.0639,0,0,-8.8,-0.27153,0
-2.0639,0,0,-8.8,-0.43392,0
-2.0639,0,0,-8.8,-0.59631,0
-2.0639,0,0,-8.8,-0.75869,0
-2.0639,0,0,-8.8,-0.92108,0
-2.0639,0,0,-8.8,-1.0835,0
-2.0639,0,0,-8.8,-1.2459,0
-2.0639,0,0,-8.8,-1.4082,0
-2.0639,0,0,-8.8,-1.5706,0
-2.0639,0,0,-8.8,-1.733,0
-2.0639,0,0,-8.8,-1.8954,0
-2.0639,0,0,-8.8,-2.0578,0
-2.0639,0,0,-8.8,-2.2202,0
-2.0639,0,0,-8.8,-2.3826,0
-2.0639,0,0,-8.8,-2.545,0
-2.0639,0,0,-8.8,-2.7073,0
-0.53411,0,-0.14045,-8.8,0.42693,0
-0.53411,0,0,-8.8,0.41752,0
-0.56103,0,-0.23766,-8.8,0.40991,0
-0.56103,0,0,-8.8,0.39781,0
-0.59274,0,-0.022848,-8.8,0.37597,0
-0.59274,0,0,-8.8,0.36069,0
-0.59274,0,0,-8.8,0.34542,0
-0.59274,0,0,-8.8,0.33014,0
-0.59274,0,0,-8.8,0.31487,0
-0.55503,0,0.16727,-8.8,0.30384,0
-0.55503,0,0,-8.8,0.29234,0
-0.55503,0,0,-8.8,0.28084,0
-0.49858,0,0.19797,-8.8,0.2682,0
-0.48375,0,0.19428,-8.8,0.26441,0
-0.48375,0,0,-8.8,0.26003,0
-0.48375,0,0,-8.8,0.25566,0
-0.48375,0,0,-8.8,0.25129,0
-0.38424,0,0.28477,-8.8,0.25449,0
-0.38424,0,0,-8.8,0.26006,0
-0.38424,0,0,-8.8,0.26564,0
-0.38424,0,0,-8.8,0.27121,0
-0.38424,0,0,-8.8,0.27679,0
-0.10208,0,1.2194,-8.8,0.32013,0
-0.10208,0,0,-8.8,0.35392,0
-0.10208,0,0,-8.8,0.38771,0
-0.10208,0,0,-8.8,0.4215,0
-0.10208,0,0,-8.8,0.4553,0
-0.10208,0,0,-8.8,0.48909,0
-0.10208,0,0,-8.8,0.52288,0
-0.10208,0,0,-8.8,0.55667,0
1.1477,0,1.5664,-8.8,1.0777,0
1.1477,0,0,-8.8,1.2365,0
1.1477,0,0,-8.8,1.3953,0
1.1477,0,0,-8.8,1.554,0
1.1477,0,0,-8.8,1.7128,0
1.1477,0,0,-8.8,1.8716,0
1.1477,0,0,-8.8,2.0303,0
2.1742,0,1.5214,-8.8,2.5439,0
2.1742,0,0,-8.8,2.8053,0
2.1742,0,0,-8.8,3.0667,0
2.1742,0,0,-8.8,3.3281,0
2.1742,0,0,-8.8,3.5895,0
2.1742,0,0,-8.8,3.8509,0
2.1742,0,0,-8.8,4.1124,0
2.1742,0,0,-8.8,4.3738,0
2.1742,0,0,1.6275,4.6352,0
2.1742,0.16275,0,1.5867,4.8445,0.028972
2.1742,0.32141,0,1.547,5.0377,0.36949
2.1742,0.47611,0,1.5354,5.2152,0.84072
2.1742,0.62965,0,1.6358,5.3773,1.9231
2.1742,0.79323,0,1.7369,5.5236,3.1432
2.1742,0.96692,0,4.9,5.653,32.312
2.1742,1.4569,0,4.9,5.7492,35.405
2.1742,1.9469,0,4.9,5.7965,38.537
2.1742,2.4369,0,4.9,5.7947,41.703
2.1742,2.9269,0,4.8545,5.7439,44.387
2.1742,3.4124,0,3.1853,5.6444,29.311
5.2526,3.7309,1.2166,2.4575,8.5762,0
5.2526,3.9766,0,2.0576,8.7161,5.6873
5.2526,4.1824,0,1.7907,8.8334,4.7647
5.2526,4.3615,0,1.6136,8.9315,4.3652
5.2526,4.5228,0,1.4531,9.0126,4.0178
5.2526,4.6681,0,1.3196,9.0783,3.7861
5.2526,4.8001,0,1.1949,9.1301,3.5644
5.2526,4.9196,0,1.0655,9.1694,3.2803
5.2526,5.0261,0,0.95891,9.1974,3.0876
5.2526,5.122,0,0.86704,9.2152,2.9433
5.2526,5.2087,0,0.79181,9.224,2.859
5.2526,5.2879,0,0.73193,9.2244,2.8303
5.2526,5.3611,0,0.68012,9.2172,2.823
5.2526,5.4291,0,0.63437,9.2029,2.8291
6.1003,5.4926,0.24981,0.5875,9.9564,0
6.1003,5.5513,0,0.55283,10.014,0.22926
6.1003,5.6066,0,0.51071,10.066,0.23464
6.1003,5.6577,0,0.47028,10.113,0.23548
6.1003,5.7047,0,0.44989,10.155,0.29207
6.1003,5.7497,0,0.42034,10.192,0.31325
6.1003,5.7917,0,0.4009,10.225,0.35982
6.1003,5.8318,0,0.37621,10.254,0.38418
6.1003,5.8694,0,0.35332,10.279,0.40805
6.1003,5.9048,0,0.33999,10.301,0.45691
6.1003,5.9388,0,0.32514,10.318,0.49738
6.1003,5.9713,0,0.32621,10.333,0.58638
6.1003,6.0039,0,0.335,10.344,0.70323
6.432,6.0374,0.69669,0.34277,10.542,0
6.432,6.0717,0,0.36595,10.58,0.1178
6.432,6.1083,0,0.40694,10.614,0.33973
6.432,6.149,0,0.47397,10.644,0.68093
6.432,6.1964,0,0.55183,10.67,1.1164
6.432,6.2515,0,0.62261,10.691,1.5848
6.432,6.3138,0,0.69962,10.706,2.1414
6.432,6.3838,0,0.76604,10.714,2.7106
6.432,6.4604,0,0.81801,10.715,3.2588
6.432,6.5422,0,0.87189,10.708,3.8623
6.432,6.6294,0,0.90833,10.693,4.4093
6.432,6.7202,0,0.94659,10.669,4.9999
6.432,6.8149,0,0.98197,10.635,5.6064
8.2493,6.913,1.5041,1.013,11.666,0
8.2493,7.0144,0,1.0362,11.794,0.079791
8.2493,7.118,0,1.058,11.913,0.48679
8.2493,7.2238,0,1.0729,12.02,0.8887
8.8501,7.3311,1.5354,1.0894,12.237,0
8.8501,7.44,0,1.0994,12.383,0
8.8501,7.55,0,1.1176,12.519,0.21672
8.8501,7.6617,0,1.1313,12.643,0.62718
8.8501,7.7748,0,1.1429,12.756,1.0487
8.8501,7.8891,0,1.1538,12.858,1.4865
8.8501,8.0045,0,1.1687,12.948,1.9638
8.8501,8.1214,0,1.1798,13.027,2.4421
8.8501,8.2394,0,1.1837,13.094,2.8994
8.8501,8.3577,0,1.1818,13.149,3.3357
8.8501,8.4759,0,1.1849,13.193,3.8104
8.8501,8.5944,0,1.1917,13.224,4.3187
8.8501,8.7136,0,1.1982,13.244,4.8401
8.8501,8.8334,0,1.2055,13.251,5.3794
8.8501,8.9539,0,1.2157,13.247,5.9531
8.8501,9.0755,0,1.2227,13.231,6.5203
8.8501,9.1978,0,1.2327,13.202,7.1227
8.8501,9.321,0,1.2463,13.161,7.766
8.8501,9.4457,0,1.263,13.108,8.4497
8.8501,9.572,0,1.2689,13.042,9.0749
8.8501,9.6989,0,1.2795,12.963,9.7469
8.8501,9.8268,0,1.2938,12.872,10.464
8.8501,9.9562,0,1.298,12.768,11.119
8.8501,10.086,0,1.3097,12.651,11.845
8.8501,10.217,0,1.3191,12.521,12.569
12.765,10.349,1.5226,1.3162,17.157,0
12.765,10.48,0,1.3207,17.392,0
12.765,10.613,0,1.316,17.614,0
12.765,10.744,0,1.316,17.822,0
12.765,10.876,0,1.3264,18.018,0
12.765,11.008,0,1.3263,18.2,0
12.765,11.141,0,1.3366,18.369,0.14864
12.765,11.275,0,1.3385,18.525,0.59142
12.765,11.409,0,1.3468,18.667,1.0819
12.765,11.543,0,1.3473,18.796,1.5533
12.765,11.678,0,1.3467,18.912,2.0327
12.765,11.813,0,1.3487,19.014,2.5404
12.765,11.948,0,1.3452,19.102,3.0302
12.765,12.082,0,1.3527,19.177,3.5957
12.765,12.217,0,1.3579,19.239,4.1652
12.765,12.353,0,1.3621,19.287,4.7442
12.765,12.489,0,1.3661,19.321,5.3362
12.765,12.626,0,1.3679,19.342,5.928
12.765,12.763,0,1.3716,19.349,6.545
15.788,12.9,1.4286,1.3716,22.233,0
15.788,13.037,0,1.3642,22.515,0
15.788,13.173,0,1.3583,22.783,0
15.788,13.309,0,1.3556,23.038,0
15.788,13.445,0,1.3524,23.279,0
15.788,13.58,0,1.3422,23.507,0
15.788,13.714,0,1.335,23.721,0
15.788,13.848,0,1.325,23.921,0
15.788,13.98,0,1.3141,24.109,0
15.788,14.112,0,1.307,24.283,0
17.143,14.242,1.4128,1.3024,25.136,0
17.143,14.373,0,1.304,25.42,0
17.143,14.503,0,1.2962,25.691,0
17.143,14.633,0,1.2903,25.948,0
17.661,14.762,1.2198,1.2771,26.317,0
17.661,14.889,0,1.27,26.601,0
17.661,15.016,0,1.2633,26.871,0
17.661,15.143,0,1.2578,27.129,0
17.661,15.269,0,1.252,27.375,0
17.661,15.394,0,1.2502,27.608,0
17.661,15.519,0,1.2415,27.828,0
17.661,15.643,0,1.2335,28.036,0
17.661,15.766,0,1.2308,28.232,0
17.661,15.889,0,1.2232,28.415,0
17.661,16.012,0,1.2105,28.586,0
17.661,16.133,0,1.1939,28.745,0
17.661,16.252,0,1.1707,28.892,0.10728
17.661,16.369,0,1.1388,29.027,0.33446
17.661,16.483,0,1.1054,29.15,0.54747
17.661,16.594,0,1.0713,29.262,0.74817
17.661,16.701,0,1.0442,29.364,0.97125
17.661,16.805,0,1.0138,29.455,1.1726
17.661,16.907,0,0.98677,29.535,1.3809
17.661,17.005,0,0.95747,29.605,1.5711
17.661,17.101,0,0.92188,29.666,1.7224
17.661,17.193,0,0.88528,29.718,1.8572
17.661,17.282,0,0.85239,29.76,1.9979
17.661,17.367,0,0.81687,29.793,2.1148
17.661,17.449,0,0.78626,29.819,2.2438
17.661,17.527,0,0.75567,29.836,2.3627
17.661,17.603,0,0.72718,29.846,2.4816
17.661,17.675,0,0.70539,29.848,2.6245
17.661,17.746,0,0.68158,29.843,2.7501
17.661,17.814,0,0.66278,29.831,2.8933
17.661,17.88,0,0.65387,29.812,3.0816
19.581,17.946,0.74547,0.65091,33.883,0
19.581,18.011,0,0.65249,34.043,0
19.581,18.076,0,0.66472,34.197,0
19.581,18.143,0,0.6821,34.344,0
19.581,18.211,0,0.70345,34.485,0
19.581,18.281,0,0.72497,34.618,0
19.581,18.354,0,0.74392,34.744,0
19.581,18.428,0,0.75373,34.863,0
20.359,18.503,-0.89876,0.72808,35.308,1.2277
20.268,18.576,-2.0715,0.66248,35.484,17.04
20.268,18.643,0,0.55731,35.65,0
20.268,18.698,0,0.41264,35.81,0
19.395,18.74,-3.4195,0.25512,35.849,74.17
19.395,18.765,0,0.11117,35.913,0
19.395,18.776,0,-0.0010467,35.975,0
19.395,18.776,0,-0.02262,36.037,0
19.395,18.774,0,-0.039395,36.099,0
19.395,18.77,0,-0.051567,36.161,0
19.395,18.765,0,-0.060542,36.224,0
19.395,18.759,0,-0.067162,36.287,0
19.395,18.752,0,-0.069707,36.351,0
19.395,18.745,0,-0.070657,36.416,0
19.395,18.738,0,-0.068824,36.481,0
19.395,18.731,0,-0.067085,36.547,0
18.081,18.724,0.11739,-0.065687,35.374,0.97373
18.081,18.718,0,-0.062951,35.31,1.3192
18.081,18.711,0,-0.061588,35.246,1.3072
18.081,18.705,0,-0.058421,35.183,1.3014
18.081,18.699,0,-0.054515,35.121,1.2989
18.081,18.694,0,-0.046889,35.06,1.3095
18.081,18.689,0,-0.037477,34.999,1.3281
18.081,18.686,0,-0.027483,34.938,1.3514
18.081,18.683,0,-0.015007,34.878,1.3861
18.081,18.681,0,-0.0022239,34.818,1.4257
18.081,18.681,0,0.048318,34.758,1.6043
18.081,18.686,0,0.11057,34.698,1.8534
18.081,18.697,0,0.17395,34.637,2.1427
19.34,18.714,1.9479,0.23978,35.131,2.9193
19.34,18.738,0,0.30688,35.192,0
19.34,18.769,0,0.37147,35.251,0
19.34,18.806,0,0.43644,35.306,0
19.34,18.85,0,0.49733,35.358,0.19963
19.34,18.9,0,0.55404,35.404,0.53189
19.34,18.955,0,0.60605,35.445,0.8891
19.34,19.016,0,0.66106,35.481,1.2997
19.34,19.082,0,0.70993,35.51,1.7267
19.34,19.153,0,0.75935,35.532,2.1964
19.34,19.229,0,0.80592,35.547,2.6928
21.548,19.309,1.9713,0.84792,36.752,2.7356
21.548,19.394,0,0.8912,36.972,0
21.548,19.483,0,0.92769,37.183,0
21.548,19.576,0,0.9648,37.385,0
21.548,19.672,0,0.99713,37.577,0
21.548,19.772,0,1.0285,37.76,0
21.548,19.875,0,1.0598,37.932,0
21.548,19.981,0,1.0895,38.094,0
23.092,20.09,1.9858,1.1187,38.879,2.9116
23.092,20.202,0,1.1474,39.174,0
23.092,20.316,0,1.176,39.457,0
23.092,20.434,0,1.2043,39.729,0
23.888,20.554,1.9129,1.2307,40.153,2.6025
24.077,20.678,1.8684,1.2513,40.482,2.3778
24.272,20.803,1.8824,1.2743,40.834,2.4925
24.272,20.93,0,1.2933,41.174,0
24.272,21.059,0,1.3095,41.502,0
24.272,21.19,0,1.3291,41.817,0
24.272,21.323,0,1.3435,42.118,0
24.272,21.458,0,1.3583,42.407,0
24.272,21.593,0,1.3759,42.681,0
24.272,21.731,0,1.3875,42.942,0
24.272,21.87,0,1.4048,43.189,0
24.272,22.01,0,1.4157,43.423,0
24.272,22.152,0,1.4276,43.642,0
24.272,22.295,0,1.4361,43.847,0
24.272,22.438,0,1.4482,44.037,0
24.272,22.583,0,1.4564,44.213,0.48531
26.879,22.729,1.8096,1.4676,46.211,2.6901
26.879,22.875,0,1.4752,46.618,0
26.879,23.023,0,1.4837,47.011,0
26.879,23.171,0,1.4933,47.389,0
26.879,23.321,0,1.502,47.753,0
27.803,23.471,1.8407,1.5114,48.342,3.1693
27.803,23.622,0,1.5183,48.768,0
27.803,23.774,0,1.5263,49.178,0
27.803,23.926,0,1.5335,49.574,0
27.803,24.08,0,1.5424,49.954,0
27.803,24.234,0,1.5483,50.318,0
27.803,24.389,0,1.5541,50.667,0
27.803,24.544,0,1.5644,51.001,0
27.803,24.701,0,1.574,51.319,0
27.803,24.858,0,1.5795,51.621,0
27.803,25.016,0,1.5862,51.908,0
27.803,25.175,0,1.5877,52.178,0
27.803,25.334,0,1.5951,52.433,0
27.803,25.493,0,1.6009,52.672,0
27.803,25.653,0,1.6029,52.895,0
30.599,25.813,1.8139,4.8,55.219,0
30.599,26.293,0,1.4674,55.673,0
30.599,26.44,0,4.8,56.097,13.755
30.599,26.92,0,1.3433,56.488,0
30.599,27.054,0,4.8,56.85,17.22
30.599,27.534,0,1.223,57.18,0
30.599,27.657,0,4.8,57.48,20.715
30.599,28.137,0,1.1106,57.751,0
30.599,28.248,0,4.8,57.991,24.229
30.599,28.728,0,1.0089,58.203,0
30.599,28.829,0,4.8,58.385,27.757
30.599,29.309,0,0.90882,58.538,0
32.613,29.4,1.6403,0.93141,59.892,3.3863
32.613,29.493,0,-2,60.208,111.44
32.613,29.293,0,-2,60.53,129.17
32.613,29.093,0,-2,60.872,150.61
32.613,28.893,0,4.8,61.234,16.219
32.613,29.373,0,-2,61.582,121.69
32.613,29.173,0,-2,61.916,141.53
32.613,28.973,0,4.8,62.271,16.674
33.914,29.453,1.6132,-2,63.12,201.97
33.914,29.253,0,-2,63.577,459.65
33.914,29.053,0,4.8,64.053,9.9356
33.914,29.533,0,-2,64.515,328.86
33.914,29.333,0,-2,64.963,414.85
33.914,29.133,0,-2,65.431,543.42
33.914,28.933,0,4.8,65.919,9.2992
33.914,29.413,0,-2,66.393,376.64
33.914,29.213,0,-2,66.853,485.07
33.914,29.013,0,4.8,67.334,9.7229
33.914,29.493,0,-2,67.8,343.69
33.914,29.293,0,-2,68.252,436.33
33.914,29.093,0,-2,68.724,577.12
33.914,28.893,0,4.8,69.216,9.0881
33.914,29.373,0,-2,69.694,395.02
33.914,29.173,0,-2,70.158,512.88
33.914,28.973,0,4.8,70.642,9.5107
33.914,29.453,0,-2,71.113,359.58
33.914,29.253,0,-2,71.569,459.65
33.914,29.053,0,4.8,72.045,9.9356
33.914,29.533,0,-2,72.507,328.86
33.914,29.333,0,-2,72.955,414.85
