12.778,12.778,1.3024,0,35.5,0.77432
12.907,12.778,1.3761,0.094347,35.503,0.72761
12.907,12.787,0,0.18473,35.515,0.18241
12.907,12.806,0,0.27161,35.526,0.48252
12.907,12.833,0,0.35178,35.535,0.8231
12.907,12.868,0,0.41835,35.54,1.1703
12.907,12.91,0,0.47958,35.542,1.5432
12.907,12.958,0,0.53736,35.54,1.9454
12.907,13.012,0,0.57855,35.532,2.3118
12.907,13.069,0,0.62421,35.518,2.7303
12.907,13.132,0,0.67011,35.499,3.1845
12.907,13.199,0,0.70938,35.473,3.638
12.907,13.27,0,0.74912,35.44,4.125
12.907,13.345,0,0.7798,35.4,4.5903
12.907,13.423,0,0.80166,35.353,5.0274
12.907,13.503,0,0.81215,35.297,5.4127
12.907,13.584,0,0.82381,35.233,5.8164
12.907,13.666,0,0.82424,35.161,6.1595
12.907,13.749,0,0.82471,35.081,6.5073
15.083,13.831,1.0333,0.83383,37.076,0
15.083,13.915,0,0.84004,37.197,0
15.083,13.999,0,0.85199,37.31,0
15.083,14.084,0,0.85095,37.414,0.049867
15.083,14.169,0,0.84783,37.509,0.28368
15.083,14.254,0,0.84249,37.597,0.51341
15.083,14.338,0,0.84355,37.675,0.77326
15.083,14.422,0,0.84282,37.745,1.0324
15.083,14.507,0,0.83957,37.807,1.2859
15.083,14.591,0,0.83388,37.861,1.5324
15.083,14.674,0,0.8308,37.906,1.7937
15.083,14.757,0,0.81935,37.942,2.0181
15.083,14.839,0,0.8164,37.971,2.2837
15.083,14.921,0,0.80931,37.991,2.5317
15.083,15.002,0,0.7996,38.003,2.7671
15.083,15.082,0,0.78951,38.007,3
16.468,15.161,0.75032,0.78474,39.148,0
16.468,15.239,0,0.77968,39.275,0
16.468,15.317,0,0.76738,39.394,0
16.468,15.394,0,0.76544,39.505,0
16.468,15.47,0,0.75436,39.609,0
16.468,15.546,0,0.74591,39.705,0
16.468,15.62,0,0.7396,39.794,0.065604
16.468,15.694,0,0.72417,39.875,0.21635
16.468,15.767,0,0.70777,39.948,0.36081
16.468,15.837,0,0.68072,40.015,0.46149
16.468,15.905,0,0.64363,40.075,0.5166
17.043,15.97,-0.0040881,0.60909,40.531,0
17.043,16.031,0,0.57425,40.636,0
17.043,16.088,0,0.53236,40.734,0
17.043,16.141,0,0.49795,40.827,0
17.043,16.191,0,0.46713,40.915,0
17.043,16.238,0,0.43988,40.998,0
17.043,16.282,0,0.41083,41.076,0
17.043,16.323,0,0.38033,41.15,0
17.043,16.361,0,0.3597,41.22,0
17.043,16.397,0,0.3358,41.287,0
17.043,16.431,0,0.32403,41.35,0
17.043,16.463,0,0.30854,41.409,0
17.043,16.494,0,0.30355,41.466,0
17.043,16.524,0,0.29176,41.519,0
17.043,16.553,0,0.28058,41.57,0
17.043,16.581,0,0.26683,41.617,0
17.043,16.608,0,0.25485,41.662,0
17.043,16.634,0,0.25164,41.704,0
17.113,16.659,0.063617,0.24656,41.708,0
17.114,16.683,0.020103,0.2331,41.743,0
17.114,16.707,0,0.22387,41.785,0
17.114,16.729,0,0.21662,41.824,0
17.114,16.751,0,0.20647,41.862,0
17.114,16.771,0,0.19922,41.897,0
17.114,16.791,0,0.1994,41.93,0
17.114,16.811,0,0.20312,41.962,0
17.114,16.832,0,0.20524,41.991,0
17.114,16.852,0,0.21204,42.018,0
17.114,16.873,0,0.21183,42.043,0
17.114,16.895,0,0.21012,42.066,0.017876
17.114,16.916,0,0.20827,42.087,0.061448
17.114,16.936,0,0.2023,42.106,0.093917
17.114,16.957,0,0.20589,42.123,0.15092
17.114,16.977,0,0.20277,42.137,0.19099
17.114,16.997,0,0.19593,42.15,0.22021
17.114,17.017,0,0.1921,42.161,0.25625
17.114,17.036,0,0.18702,42.169,0.28798
17.114,17.055,0,0.17944,42.176,0.31151
17.114,17.073,0,0.17961,42.181,0.3553
17.114,17.091,0,0.174,42.184,0.38277
17.114,17.108,0,0.16934,42.186,0.41164
17.426,17.125,0.0076858,0.15884,42.596,0
17.426,17.141,0,0.15106,42.625,0
17.426,17.156,0,0.13945,42.653,0
17.426,17.17,0,0.13179,42.679,0
17.421,17.183,-0.015356,0.12487,42.7,0
17.421,17.196,0,0.11313,42.723,0
17.421,17.207,0,0.10992,42.745,0
17.421,17.218,0,0.10216,42.766,0
17.421,17.228,0,0.09898,42.786,0
17.421,17.238,0,0.093412,42.804,0
17.418,17.248,0.070362,0.089564,42.823,0
17.418,17.257,0,0.089102,42.84,0
17.418,17.265,0,0.089069,42.856,0
17.418,17.274,0,0.084748,42.871,0
17.418,17.283,0,0.079913,42.885,0
17.445,17.291,0.079928,0.080765,42.908,0
17.445,17.299,0,0.084791,42.923,0
17.445,17.307,0,0.089242,42.937,0
17.445,17.316,0,0.094117,42.951,0
17.445,17.326,0,0.090229,42.963,0
17.445,17.335,0,0.079577,42.975,0
17.445,17.343,0,0.07008,42.985,0
17.445,17.35,0,0.072641,42.995,0
17.445,17.357,0,0.068327,43.004,0
17.445,17.364,0,0.071496,43.013,0
17.517,17.371,-0.028905,0.075744,43.058,0
17.517,17.378,0,0.066324,43.072,0
17.517,17.385,0,0.059223,43.085,0
17.517,17.391,0,0.055648,43.098,0
17.517,17.397,0,0.05092,43.11,0
17.517,17.402,0,0.041287,43.122,0
17.517,17.406,0,0.029982,43.133,0
17.517,17.409,0,0.027386,43.144,0
17.517,17.412,0,0.024325,43.155,0
17.517,17.414,0,0.021849,43.165,0
17.517,17.416,0,0.024941,43.176,0
17.517,17.419,0,0.031956,43.185,0
17.517,17.422,0,0.037097,43.195,0
17.517,17.426,0,0.045584,43.204,0
17.548,17.43,0.30855,0.061312,43.165,0
17.548,17.436,0,0.070845,43.176,0
17.596,17.443,0.33257,0.079306,43.193,0
17.596,17.451,0,0.089007,43.207,0
17.596,17.46,0,0.10027,43.222,0
17.596,17.47,0,0.10197,43.235,0
17.596,17.48,0,0.10223,43.247,0
17.596,17.491,0,0.10449,43.258,0.0096579
17.596,17.501,0,0.10159,43.268,0.025576
17.596,17.511,0,0.099398,43.277,0.042569
17.596,17.521,0,0.099738,43.285,0.06521
17.596,17.531,0,0.096539,43.292,0.079459
17.725,17.541,0.050485,0.094849,43.39,0
17.725,17.55,0,0.092971,43.408,0
17.725,17.56,0,0.086431,43.425,0
17.725,17.568,0,0.083557,43.441,0
17.725,17.577,0,0.077444,43.457,0
17.725,17.584,0,0.066376,43.471,0
17.725,17.591,0,0.059948,43.485,0
17.725,17.597,0,0.058719,43.498,0
17.725,17.603,0,0.05082,43.51,0
17.725,17.608,0,0.050996,43.522,0
17.725,17.613,0,0.053665,43.534,0
17.725,17.618,0,0.057459,43.545,0
17.722,17.624,-0.012745,0.050243,43.552,0
17.722,17.629,0,0.043732,43.561,0
17.722,17.634,0,0.036658,43.571,0
17.722,17.637,0,0.036618,43.579,0
17.722,17.641,0,0.034234,43.587,0
17.722,17.644,0,0.027505,43.595,0
17.722,17.647,0,0.021907,43.603,0
17.722,17.649,0,0.018098,43.61,0
17.722,17.651,0,0.011992,43.618,0
17.722,17.652,0,0.0060829,43.625,0
17.722,17.653,0,0.0030282,43.632,0
17.722,17.653,0,0.0046573,43.639,0
17.722,17.654,0,0.0034783,43.645,0
17.674,17.654,0.19522,0.010265,43.589,0
17.674,17.655,0,0.019865,43.591,0.0030263
17.721,17.657,0.2018,0.033015,43.594,0
17.721,17.66,0,0.03773,43.6,0
17.721,17.664,0,0.044391,43.606,0
17.721,17.668,0,0.057289,43.612,0.014239
17.721,17.674,0,0.067554,43.617,0.05002
17.721,17.681,0,0.079743,43.621,0.093487
17.721,17.689,0,0.093613,43.625,0.145
17.721,17.698,0,0.10371,43.628,0.19152
17.721,17.709,0,0.10871,43.63,0.22807
17.721,17.72,0,0.11155,43.63,0.26055
17.721,17.731,0,0.11746,43.63,0.30224
17.721,17.742,0,0.11601,43.628,0.32586
17.721,17.754,0,0.11674,43.626,0.35517
17.997,17.766,0.067334,0.11793,43.819,0
17.997,17.778,0,0.11359,43.842,0
17.997,17.789,0,0.11453,43.863,0
17.997,17.8,0,0.1198,43.883,0
18.056,17.812,0.19485,0.12377,43.913,0
18.056,17.825,0,0.12335,43.936,0
18.056,17.837,0,0.13636,43.959,0
18.146,17.851,0.4128,0.14969,43.991,0
18.146,17.866,0,0.16388,44.02,0
18.146,17.882,0,0.1849,44.047,0
18.146,17.901,0,0.19821,44.072,0
18.35,17.92,0.56844,0.21676,44.149,0
18.35,17.942,0,0.23912,44.191,0
18.35,17.966,0,0.25751,44.231,0
18.35,17.992,0,0.27423,44.268,0
18.585,18.019,0.41221,0.2844,44.344,0
18.619,18.048,0.33688,0.28643,44.396,0
18.661,18.076,0.2833,0.29298,44.455,0
18.661,18.105,0,0.29287,44.512,0
18.661,18.135,0,0.29059,44.566,0
18.661,18.164,0,0.28473,44.617,0
18.661,18.192,0,0.27873,44.665,0
18.778,18.22,0.16457,0.2774,44.739,0
18.778,18.248,0,0.26948,44.793,0
18.778,18.275,0,0.2626,44.845,0
18.821,18.301,0.097872,4.8,44.891,34.023
18.821,18.781,0,0.024122,44.919,0
18.821,18.784,0,0.0284,44.923,0
18.821,18.786,0,0.031201,44.926,0
18.821,18.789,0,0.03444,44.93,0.0090676
18.821,18.793,0,0.03388,44.933,0.01506
18.821,18.796,0,0.033431,44.935,0.021188
18.821,18.8,0,0.036072,44.938,0.034095
18.821,18.803,0,0.039259,44.94,0.048883
18.821,18.807,0,0.039723,44.941,0.058285
18.821,18.811,0,0.042731,44.942,0.073625
18.821,18.815,0,0.048088,44.943,0.095184
18.821,18.82,0,0.058615,44.943,0.13047
18.821,18.826,0,0.059356,44.943,0.14511
18.821,18.832,0,0.069869,44.942,0.18391
18.821,18.839,0,0.090756,44.941,0.25253
19.062,18.848,0.3766,0.1011,45.069,0
19.062,18.858,0,0.11019,45.09,0
19.062,18.869,0,0.12514,45.11,0
19.062,18.882,0,0.13423,45.128,0
19.062,18.895,0,0.13659,45.146,0
19.062,18.909,0,0.13856,45.162,0
19.062,18.923,0,0.13993,45.176,0.021459
19.062,18.937,0,0.13855,45.189,0.049229
19.062,18.951,0,0.14305,45.201,0.091694
19.275,18.965,0.15837,0.14587,45.302,0
19.275,18.979,0,0.15082,45.332,0
19.275,18.995,0,0.15315,45.361,0
19.275,19.01,0,0.14583,45.388,0
19.275,19.024,0,0.1432,45.414,0
19.275,19.039,0,0.1395,45.438,0
19.275,19.053,0,0.13847,45.461,0
19.275,19.067,0,0.13856,45.483,0
19.275,19.08,0,0.13389,45.503,0
19.275,19.094,0,0.13072,45.522,0
19.382,19.107,0.029374,0.12858,45.623,0
19.377,19.12,-0.014291,0.12025,45.645,0
19.368,19.132,-0.066008,0.1105,45.678,0
19.368,19.143,0,0.10045,45.701,0
19.368,19.153,0,0.097529,45.723,0
19.368,19.163,0,0.097906,45.744,0
19.368,19.172,0,0.097615,45.764,0
19.368,19.182,0,0.09907,45.783,0
19.368,19.192,0,0.097661,45.801,0
19.368,19.202,0,0.094693,45.819,0
19.368,19.211,0,0.087247,45.835,0
19.368,19.22,0,0.086697,45.85,0
19.368,19.229,0,0.092837,45.864,0
19.368,19.238,0,0.096756,45.878,0
19.368,19.248,0,0.10405,45.891,0
19.368,19.258,0,0.11553,45.902,0.025778
19.368,19.27,0,0.13573,45.913,0.10137
19.368,19.283,0,0.15354,45.922,0.17851
19.368,19.299,0,0.1775,45.93,0.27976
19.368,19.316,0,0.20294,45.936,0.3958
19.368,19.337,0,0.22794,45.94,0.52216
19.368,19.359,0,0.24954,45.942,0.6494
19.368,19.384,0,0.26293,45.942,0.75937
19.368,19.411,0,0.2854,45.939,0.90739
19.368,19.439,0,0.30703,45.933,1.0638
19.368,19.47,0,0.32222,45.924,1.2073
19.368,19.502,0,0.34284,45.913,1.3801
19.368,19.536,0,4.8,45.898,39.971
19.368,20.016,0,0.17779,45.857,2.2577
19.368,20.034,0,0.20016,45.791,2.4095
19.368,20.054,0,0.22341,45.724,2.576
19.368,20.076,0,0.24405,45.654,2.742
19.368,20.101,0,0.26637,45.582,2.9264
19.368,20.128,0,0.28438,45.507,3.1015
19.368,20.156,0,0.3059,45.43,3.3034
19.368,20.187,0,0.31727,45.35,3.4658
19.368,20.218,0,0.33,45.266,3.6415
19.368,20.251,0,0.33626,45.18,3.7906
19.368,20.285,0,0.3363,45.09,3.9109
19.368,20.319,0,0.33298,44.996,4.0143
19.368,20.352,0,0.32974,44.9,4.1175
19.368,20.385,0,0.3324,44.8,4.2516
19.368,20.418,0,0.32913,44.696,4.3557
19.368,20.451,0,0.32875,44.59,4.4749
19.368,20.484,0,0.33112,44.48,4.6099
21.266,20.517,0.10772,0.32384,47.8,0
21.266,20.549,0,0.31245,47.873,0
21.266,20.581,0,0.30169,47.943,0
21.266,20.611,0,0.2964,48.01,0
21.266,20.64,0,4.8,48.074,34.897
21.36,21.12,0.39276,0.099182,48.133,0
21.36,21.13,0,0.11268,48.156,0
21.428,21.142,0.20979,0.11847,48.192,0
21.428,21.153,0,0.12235,48.22,0
21.428,21.166,0,0.12425,48.247,0
21.483,21.178,0.046763,0.1261,48.285,0
21.483,21.191,0,0.12567,48.315,0
21.499,21.203,0.15162,0.12238,48.342,0
21.499,21.215,0,0.12237,48.371,0
21.499,21.228,0,0.12023,48.399,0
21.499,21.24,0,0.11848,48.426,0
21.499,21.252,0,0.1206,48.451,0
21.499,21.264,0,0.12878,48.475,0
21.499,21.277,0,0.14418,48.498,0
21.499,21.291,0,0.16374,48.52,0
21.499,21.307,0,0.18514,48.54,0.016216
21.499,21.326,0,0.19435,48.558,0.082485
21.499,21.345,0,0.20174,48.574,0.14753
21.499,21.365,0,0.17815,48.589,0.13132
21.499,21.383,0,0.11956,48.601,0.023249
21.499,21.395,0,0.039453,48.612,0
21.499,21.399,0,-0.013218,48.622,0
20.855,21.398,-3.8333,-0.037743,48.738,110.11
20.476,21.394,-3.6565,-0.063982,48.671,96.262
20.476,21.388,0,-0.088628,48.58,1.9804
20.476,21.379,0,-0.10884,48.489,1.8815
20.476,21.368,0,-0.12341,48.399,1.7994
20.476,21.356,0,-0.13207,48.311,1.7354
20.476,21.342,0,-0.13607,48.223,1.6859
20.476,21.329,0,-0.1379,48.137,1.6431
20.476,21.315,0,-0.14044,48.053,1.5977
20.476,21.301,0,-0.14413,47.969,1.5483
20.476,21.287,0,-0.14918,47.888,1.4939
20.476,21.272,0,-0.15335,47.807,1.4417
20.476,21.256,0,-0.15601,47.728,1.3937
20.476,21.241,0,-0.15739,47.651,1.3495
20.476,21.225,0,-0.15678,47.575,1.3115
20.476,21.209,0,-0.15367,47.501,1.2814
20.476,21.194,0,-0.14754,47.429,1.2615
20.476,21.179,0,-0.13918,47.358,1.25
20.476,21.165,0,-0.13079,47.288,1.2406
20.476,21.152,0,-0.12082,47.22,1.2382
20.476,21.14,0,-0.1116,47.153,1.2362
20.476,21.129,0,-0.10278,47.087,1.2352
20.476,21.119,0,-0.095252,47.022,1.2325
20.476,21.109,0,-0.088028,46.958,1.2309
20.476,21.1,0,-0.080939,46.895,1.2306
20.476,21.092,0,-0.074208,46.833,1.2311
20.476,21.085,0,-0.069606,46.772,1.2266
20.258,21.078,0.30378,-0.065327,44.416,0.90616
20.258,21.071,0,-0.063338,44.334,1.7943
20.258,21.065,0,-0.061371,44.253,1.7837
20.258,21.059,0,-0.060054,44.173,1.7714
20.334,21.053,0.18563,-0.057915,44.1,0.98824
20.334,21.047,0,-0.05552,44.029,1.5476
20.334,21.041,0,-0.052931,43.958,1.5415
20.334,21.036,0,-0.051154,43.887,1.5333
20.426,21.031,0.37294,-0.049152,43.854,0.38997
20.426,21.026,0,-0.045129,43.794,1.2823
20.426,21.022,0,-0.040069,43.734,1.287
20.595,21.018,0.63545,-0.034536,43.69,0
20.595,21.014,0,-0.029307,43.648,0.87277
20.595,21.011,0,-0.023088,43.606,0.88389
20.595,21.009,0,-0.016417,43.565,0.898
20.595,21.007,0,-0.0088672,43.523,0.91655
20.595,21.006,0,-0.0010385,43.482,0.93805
20.595,21.006,0,0.032897,43.441,1.0437
20.595,21.01,0,0.06607,43.4,1.1609
21.285,21.016,0.98441,0.103,43.613,0
21.285,21.026,0,0.13908,43.639,0
21.285,21.04,0,0.16768,43.664,0
21.285,21.057,0,0.1958,43.688,0
21.285,21.077,0,0.22809,43.71,0.091096
21.285,21.1,0,0.25214,43.73,0.21277
21.285,21.125,0,0.27408,43.747,0.3397
21.285,21.152,0,0.29757,43.762,0.48245
21.285,21.182,0,0.31768,43.773,0.62607
21.285,21.214,0,0.33614,43.782,0.77454
21.285,21.247,0,0.36169,43.788,0.95883
22.296,21.283,0.95412,0.38541,44.357,0
22.296,21.322,0,0.40303,44.457,0
22.296,21.362,0,0.41892,44.552,0
22.296,21.404,0,0.43423,44.643,0
22.296,21.448,0,0.44778,44.73,0
22.69,21.492,0.68603,0.45338,44.914,0
22.69,21.538,0,0.45984,45.031,0
22.69,21.584,0,0.46639,45.144,0
22.69,21.63,0,0.47503,45.252,0
22.69,21.678,0,0.48172,45.356,0
23.026,21.726,0.64999,0.48941,45.551,0
23.026,21.775,0,0.49746,45.679,0
23.026,21.825,0,0.49591,45.801,0
23.026,21.874,0,0.49674,45.919,0
23.026,21.924,0,0.49337,46.032,0
23.026,21.973,0,0.49349,46.139,0
23.026,22.023,0,0.48871,46.242,0
23.026,22.072,0,0.4824,46.34,0
23.026,22.12,0,0.48299,46.433,0
23.026,22.168,0,0.48238,46.521,0
23.026,22.216,0,0.47361,46.605,0
23.026,22.264,0,0.46792,46.683,0
23.026,22.31,0,0.4591,46.757,0
23.026,22.356,0,0.45003,46.826,0
23.026,22.401,0,0.44187,46.891,0
23.026,22.446,0,0.4412,46.951,0
23.026,22.49,0,0.4375,47.007,0
23.026,22.533,0,0.42818,47.059,0
23.026,22.576,0,0.42016,47.106,0.05831
23.026,22.618,0,0.41708,47.149,0.15521
23.026,22.66,0,0.4097,47.187,0.23889
23.026,22.701,0,0.3955,47.222,0.29938
23.026,22.741,0,0.38417,47.252,0.36563
23.026,22.779,0,0.37338,47.279,0.43092
23.026,22.816,0,0.35884,47.302,0.48127
23.026,22.852,0,0.34615,47.321,0.53397
23.026,22.887,0,0.34157,47.337,0.61058
23.026,22.921,0,0.3355,47.349,0.6815
23.026,22.954,0,0.32496,47.358,0.73584
23.026,22.987,0,0.31612,47.363,0.79335
23.026,23.019,0,0.30607,47.366,0.84444
23.026,23.049,0,0.29984,47.365,0.90634
23.026,23.079,0,0.2907,47.361,0.95647
23.026,23.108,0,0.28506,47.354,1.0168
23.026,23.137,0,0.27502,47.345,1.0598
23.026,23.164,0,0.26329,47.332,1.0941
23.026,23.191,0,0.257,47.317,1.1448
23.906,23.216,0.085163,0.25046,49.551,0
23.906,23.241,0,0.24744,49.618,0
23.906,23.266,0,0.24083,49.684,0
23.937,23.29,-0.0051583,0.23469,49.749,0
23.937,23.314,0,0.22887,49.813,0
23.951,23.337,0.073307,0.22237,49.87,0
23.951,23.359,0,0.21843,49.93,0
23.951,23.381,0,0.22041,49.988,0
23.951,23.403,0,0.2189,50.044,0
23.951,23.425,0,0.22125,50.098,0
23.951,23.447,0,0.22788,50.149,0
23.951,23.469,0,0.23981,50.198,0
23.951,23.493,0,0.26905,50.245,0
