19.167,19.167,0.88992,0,35.5,0
19.167,19.167,0,0.035986,35.5,0.078851
19.167,19.17,0,0.063212,35.5,0.15068
19.167,19.177,0,0.089752,35.499,0.23101
19.167,19.186,0,0.11466,35.498,0.31731
19.167,19.197,0,0.13924,35.495,0.41269
19.167,19.211,0,0.16213,35.492,0.51328
19.167,19.227,0,0.18608,35.486,0.62694
19.792,19.246,0.6973,0.20305,35.743,0
19.792,19.266,0,0.22264,35.797,0
19.792,19.288,0,0.23934,35.848,0
19.792,19.312,0,0.25689,35.897,0
19.792,19.338,0,0.27277,35.944,0
19.792,19.365,0,0.28551,35.988,0
19.792,19.394,0,0.30146,36.03,0
19.792,19.424,0,0.317,36.068,0
19.792,19.456,0,0.32674,36.103,0.060554
19.792,19.488,0,0.34094,36.135,0.18287
19.792,19.522,0,0.35069,36.164,0.29889
20.53,19.557,0.64218,0.35921,36.615,0
20.53,19.593,0,0.36646,36.711,0
20.53,19.63,0,0.3746,36.803,0
20.53,19.668,0,0.38754,36.891,0
20.53,19.706,0,0.39935,36.975,0
20.53,19.746,0,0.40838,37.055,0
20.53,19.787,0,0.41437,37.132,0
20.53,19.828,0,0.42139,37.204,0
20.53,19.871,0,0.42581,37.272,0
20.53,19.913,0,0.43021,37.336,0
20.53,19.956,0,0.43322,37.395,0
20.53,20,0,0.43689,37.45,0
20.53,20.043,0,0.43717,37.501,0.017932
20.53,20.087,0,0.43622,37.547,0.12576
20.53,20.131,0,0.43622,37.59,0.23824
20.53,20.174,0,0.43385,37.627,0.3448
20.53,20.218,0,0.43905,37.661,0.47806
21.469,20.261,0.4364,0.44027,38.532,0
21.469,20.305,0,0.43715,38.65,0
21.469,20.349,0,0.43482,38.765,0
21.469,20.393,0,0.4287,38.874,0
21.469,20.436,0,0.42276,38.98,0
21.469,20.478,0,0.4193,39.081,0
21.469,20.52,0,0.418,39.178,0
21.469,20.562,0,0.41476,39.271,0
21.469,20.603,0,0.41195,39.36,0
21.469,20.644,0,0.40356,39.444,0
21.774,20.685,0.1968,0.39393,39.707,0
21.774,20.724,0,0.38636,39.814,0
21.774,20.763,0,0.37586,39.917,0
21.774,20.8,0,0.36648,40.016,0
21.774,20.837,0,0.35671,40.112,0
21.774,20.873,0,0.34958,40.204,0
21.774,20.907,0,0.34661,40.292,0
21.774,20.942,0,0.33813,40.377,0
21.894,20.976,0.17837,0.32991,40.491,0
21.894,21.009,0,0.32672,40.581,0
21.894,21.042,0,0.32097,40.668,0
21.894,21.074,0,0.31465,40.752,0
21.894,21.105,0,0.30711,40.832,0
21.976,21.136,0.20773,0.30084,40.916,0
21.976,21.166,0,0.29911,40.998,0
21.976,21.196,0,0.29381,41.078,0
21.976,21.225,0,0.28793,41.154,0
22.046,21.254,0.16225,0.283,41.245,0
22.064,21.282,0.13335,0.2793,41.325,0
22.064,21.31,0,0.27093,41.402,0
22.086,21.337,0.18643,0.26741,41.489,0
22.086,21.364,0,0.26668,41.563,0
22.086,21.391,0,0.26488,41.634,0
22.141,21.417,0.092121,0.25817,41.716,0
22.141,21.443,0,0.25479,41.787,0
22.141,21.469,0,0.25082,41.855,0
22.141,21.494,0,0.24192,41.921,0
22.141,21.518,0,0.23442,41.985,0
22.141,21.541,0,0.22758,42.046,0
22.141,21.564,0,0.22086,42.105,0
22.141,21.586,0,0.2125,42.162,0
22.141,21.607,0,0.20103,42.216,0
22.141,21.627,0,0.19027,42.268,0
22.141,21.647,0,0.18046,42.319,0
22.139,21.665,-0.15843,0.16829,42.394,0
22.139,21.681,0,0.15397,42.441,0
22.102,21.697,-0.27038,0.14378,42.488,0.16416
22.102,21.711,0,0.13014,42.528,0
22.058,21.724,-0.33032,0.11832,42.56,0.47821
22.058,21.736,0,0.10051,42.593,0
22.058,21.746,0,0.083179,42.624,0
22.058,21.754,0,0.069601,42.655,0
22.058,21.761,0,0.052669,42.685,0
22.058,21.767,0,0.037874,42.714,0
22.058,21.77,0,0.02211,42.743,0
22.058,21.773,0,0.011859,42.772,0
21.774,21.774,-0.29604,2.7067e-05,42.701,0.85402
21.774,21.774,0,-0.0025365,42.701,0
21.774,21.774,0,-0.0055801,42.701,0
21.774,21.773,0,-0.0084785,42.701,0
21.774,21.772,0,-0.01132,42.701,0
21.774,21.771,0,-0.014358,42.701,0
21.774,21.77,0,-0.017441,42.701,0
21.774,21.768,0,-0.019761,42.702,0
21.774,21.766,0,-0.021275,42.703,0
21.774,21.764,0,-0.021056,42.703,0
21.774,21.762,0,-0.020207,42.705,0
21.774,21.76,0,-0.020062,42.706,0
21.774,21.758,0,-0.020783,42.707,0
21.774,21.756,0,-0.021276,42.709,0
21.774,21.753,0,-0.022054,42.711,0
21.501,21.751,0.033348,-0.022267,42.403,0.40657
21.501,21.749,0,-0.022236,42.378,0.48535
21.501,21.747,0,-0.021644,42.354,0.4818
21.501,21.745,0,-0.020623,42.329,0.47949
21.501,21.743,0,-0.018979,42.305,0.47902
21.501,21.741,0,-0.018241,42.281,0.47659
21.501,21.739,0,-0.01636,42.257,0.47729
21.501,21.737,0,-0.015353,42.233,0.47615
21.501,21.736,0,-0.013819,42.21,0.47661
21.501,21.734,0,-0.012638,42.187,0.47651
21.501,21.733,0,-0.012245,42.163,0.47463
21.501,21.732,0,-0.011945,42.14,0.47261
21.501,21.731,0,-0.011167,42.117,0.47189
21.501,21.729,0,-0.010076,42.094,0.47216
21.501,21.728,0,-0.0094386,42.072,0.47151
21.501,21.727,0,-0.0088438,42.049,0.47089
21.501,21.727,0,-0.0080983,42.026,0.4708
21.501,21.726,0,-0.0069861,42.004,0.47183
21.501,21.725,0,-0.0050832,41.981,0.47519
21.501,21.725,0,-0.0043853,41.959,0.47584
21.501,21.724,0,-0.0023026,41.937,0.48028
21.714,21.724,0.085891,-0.00093266,42.136,0
21.714,21.724,0,0.0017446,42.135,0.024868
21.714,21.724,0,0.0069082,42.134,0.036323
21.714,21.725,0,0.012795,42.133,0.05058
21.714,21.726,0,0.018474,42.132,0.065811
21.714,21.728,0,0.027536,42.131,0.090106
21.714,21.731,0,0.02764,42.129,0.096223
21.816,21.733,0.0039573,0.029011,42.158,0
21.816,21.736,0,0.024676,42.166,0
21.816,21.739,0,0.022897,42.174,0
21.816,21.741,0,0.022174,42.181,0
21.816,21.743,0,0.025138,42.189,0
21.835,21.746,0.12337,0.03131,42.18,0
21.852,21.749,0.10162,0.036286,42.183,0
21.852,21.752,0,0.040128,42.193,0
21.852,21.756,0,0.037753,42.203,0
21.852,21.76,0,0.037162,42.212,0
21.873,21.764,0.055975,0.038192,42.229,0
21.873,21.768,0,0.036931,42.24,0
21.873,21.771,0,0.035931,42.25,0
21.873,21.775,0,0.037063,42.26,0
21.873,21.779,0,0.038612,42.27,0
21.899,21.783,0.077807,0.040731,42.301,0
21.899,21.787,0,0.041545,42.313,0
21.899,21.791,0,0.044317,42.324,0
21.899,21.795,0,0.046076,42.334,0
21.899,21.8,0,0.04245,42.345,0
21.935,21.804,0.048911,0.045812,42.356,0
21.935,21.809,0,0.045125,42.369,0
21.935,21.813,0,0.045554,42.381,0
21.935,21.818,0,0.046121,42.393,0
21.953,21.822,-0.033249,0.045947,42.405,0
21.953,21.827,0,0.046439,42.418,0
21.953,21.832,0,0.043784,42.43,0
21.953,21.836,0,0.039919,42.442,0
21.953,21.84,0,0.031678,42.454,0
21.953,21.843,0,0.024103,42.465,0
21.953,21.846,0,0.015561,42.476,0
21.953,21.847,0,0.0098746,42.487,0
21.953,21.848,0,0.0057375,42.497,0
21.953,21.849,0,0.0033667,42.508,0
21.953,21.849,0,-0.0008025,42.518,0
21.953,21.849,0,-0.0020234,42.529,0
21.953,21.849,0,-0.0040257,42.539,0
21.788,21.848,-0.20971,-0.0053734,42.451,0.69442
21.788,21.848,0,-0.0073364,42.445,0.10801
21.788,21.847,0,-0.0092168,42.439,0.10233
21.728,21.846,-0.14778,-0.010567,42.414,0.62757
21.728,21.845,0,-0.011892,42.402,0.22018
21.728,21.844,0,-0.013539,42.391,0.21379
21.728,21.843,0,-0.015377,42.379,0.20664
21.649,21.841,-0.19782,-0.017196,42.37,0.96583
21.649,21.839,0,-0.019293,42.351,0.36297
21.596,21.837,-0.18666,-0.021596,42.342,1.044
21.596,21.835,0,-0.023295,42.318,0.46195
21.596,21.833,0,-0.023766,42.294,0.45545
21.563,21.831,-0.15641,-0.024016,42.265,1.0004
21.563,21.828,0,-0.024691,42.238,0.51785
21.563,21.826,0,-0.026829,42.212,0.50662
21.563,21.823,0,-0.028979,42.185,0.49493
21.563,21.82,0,-0.030149,42.16,0.48531
21.563,21.817,0,-0.030522,42.134,0.4775
21.563,21.814,0,-0.030443,42.109,0.47077
21.563,21.811,0,-0.031209,42.084,0.46192
21.563,21.808,0,-0.031861,42.059,0.45321
21.563,21.805,0,-0.033757,42.035,0.44124
21.563,21.801,0,-0.03659,42.011,0.42657
21.563,21.798,0,-0.038027,41.988,0.41482
21.563,21.794,0,-0.039286,41.964,0.40323
21.563,21.79,0,-0.040096,41.941,0.39251
21.563,21.786,0,-0.041441,41.919,0.38035
21.563,21.782,0,-0.043218,41.897,0.3669
21.563,21.777,0,-0.044277,41.875,0.35485
21.563,21.773,0,-0.045965,41.854,0.34112
21.563,21.768,0,-0.046362,41.833,0.33014
21.563,21.764,0,-0.046679,41.813,0.3193
21.234,21.759,-0.14839,-0.048444,41.502,1.5992
21.234,21.754,0,-0.049417,41.45,1.063
21.234,21.749,0,-0.051049,41.398,1.0456
21.234,21.744,0,-0.052178,41.347,1.0293
21.234,21.739,0,-0.053452,41.296,1.0124
21.234,21.734,0,-0.053851,41.246,0.9979
21.234,21.728,0,-0.055087,41.196,0.98081
21.234,21.723,0,-0.055935,41.147,0.96464
21.234,21.717,0,-0.056405,41.099,0.94943
21.234,21.712,0,-0.057872,41.051,0.93123
21.234,21.706,0,-0.05847,41.003,0.91528
21.234,21.7,0,-0.060026,40.956,0.89646
21.234,21.694,0,-0.061668,40.91,0.8771
21.234,21.688,0,-0.063359,40.864,0.85729
21.234,21.681,0,-0.064528,40.819,0.83867
21.234,21.675,0,-0.065461,40.775,0.82051
21.234,21.668,0,-0.066364,40.731,0.80228
21.234,21.662,0,-0.067854,40.688,0.78229
21.234,21.655,0,-0.068519,40.646,0.76432
21.234,21.648,0,-0.069521,40.604,0.74535
21.234,21.641,0,-0.07032,40.563,0.72678
21.234,21.634,0,-0.07166,40.523,0.70664
21.234,21.627,0,-0.072768,40.483,0.68692
21.234,21.62,0,-0.075297,40.444,0.66327
21.234,21.612,0,-0.078264,40.406,0.63806
21.234,21.604,0,-0.081652,40.368,0.6113
21.234,21.596,0,-0.085876,40.332,0.58188
21.234,21.588,0,-0.088994,40.296,0.55461
21.234,21.579,0,-0.092389,40.261,0.52621
21.234,21.569,0,-0.096055,40.227,0.49669
21.234,21.56,0,-0.099359,40.194,0.46755
21.234,21.55,0,-0.10331,40.162,0.43648
21.234,21.54,0,-0.10687,40.131,0.40585
21.234,21.529,0,-0.1104,40.101,0.37488
21.234,21.518,0,-0.1133,40.072,0.34494
21.234,21.506,0,-0.11783,40.044,0.3112
21.234,21.495,0,-0.12359,40.018,0.2744
21.234,21.482,0,-0.12786,39.992,0.24019
21.234,21.47,0,-0.13247,39.968,0.20495
21.234,21.456,0,-0.13601,39.945,0.1715
21.234,21.443,0,-0.14039,39.924,0.13628
21.234,21.429,0,-0.14421,39.904,0.10187
21.234,21.414,0,-0.14838,39.885,0.0667
21.234,21.399,0,-0.15299,39.868,0.030651
21.234,21.384,0,-0.15774,39.852,0
21.234,21.368,0,-0.16224,39.838,0
21.234,21.352,0,-0.16754,39.825,0
21.234,21.335,0,-0.17273,39.814,0
21.234,21.318,0,-0.17721,39.805,0
21.234,21.3,0,-0.18115,39.797,0
21.234,21.282,0,-0.18656,39.792,0
21.234,21.264,0,-0.19149,39.788,0
19.51,21.244,-0.45766,-0.19482,36.274,7.0255
19.51,21.225,0,-0.19971,36.101,3.9968
19.51,21.205,0,-0.20522,35.931,3.9041
19.51,21.184,0,-0.2091,35.762,3.8181
19.51,21.164,0,-0.21313,35.596,3.7307
19.51,21.142,0,-0.21638,35.432,3.6463
19.51,21.121,0,-0.22005,35.269,3.5596
19.51,21.099,0,-0.22419,35.109,3.4703
19.51,21.076,0,-0.22877,34.952,3.3786
19.51,21.053,0,-0.23415,34.796,3.2829
19.51,21.03,0,-0.2382,34.643,3.1922
19.51,21.006,0,-0.2436,34.492,3.0954
18.975,20.982,-0.47044,-0.24755,33.991,7.9612
18.921,20.957,-0.46845,-0.25329,33.79,8.0341
18.921,20.932,0,-0.2582,33.587,4.7195
18.833,20.906,-0.46083,-0.26244,33.379,8.0714
18.833,20.88,0,-0.26628,33.173,4.8042
18.833,20.853,0,-0.27104,32.97,4.6873
18.708,20.826,-0.44204,-0.27551,32.752,8.0253
18.708,20.798,0,-0.2801,32.541,4.8869
18.708,20.77,0,-0.2841,32.334,4.7685
18.708,20.742,0,-0.28868,32.129,4.647
18.542,20.713,-0.39639,-0.29344,31.886,7.7673
18.542,20.684,0,-0.29824,31.67,4.9742
18.542,20.654,0,-0.30126,31.458,4.8541
18.542,20.624,0,-0.30254,31.248,4.7426
18.542,20.593,0,-0.30429,31.041,4.6293
18.542,20.563,0,-0.3052,30.838,4.5203
18.542,20.533,0,-0.3043,30.637,4.4207
18.542,20.502,0,-0.30285,30.44,4.3247
18.542,20.472,0,-0.30219,30.245,4.226
18.542,20.442,0,-0.30102,30.054,4.1306
18.542,20.411,0,-0.30062,29.865,4.0327
18.542,20.381,0,-0.29982,29.68,3.9375
18.542,20.351,0,-0.3016,29.498,3.8314
18.542,20.321,0,-0.30164,29.318,3.7336
18.542,20.291,0,-0.30433,29.142,3.6247
18.297,20.261,-0.29212,-0.3069,28.784,6.0512
18.297,20.23,0,-0.30952,28.589,4.2033
18.297,20.199,0,-0.31103,28.397,4.0932
18.297,20.168,0,-0.31354,28.209,3.9789
18.297,20.137,0,-0.3163,28.023,3.8638
18.297,20.105,0,-0.31982,27.841,3.7455
18.297,20.073,0,-0.32256,27.661,3.6309
18.297,20.041,0,-0.32559,27.485,3.5153
18.297,20.008,0,-0.33385,27.313,3.3777
17.94,19.975,-1.735,-0.34759,27.019,23.904
17.94,19.94,0,-0.37378,26.817,4.1229
17.94,19.903,0,-0.41987,26.619,3.7936
17.117,19.861,-4.9273,-0.48655,26.319,247.87
17.117,19.812,0,-0.57503,26.047,5.5093
17.117,19.754,0,-0.68506,25.78,4.7772
17.117,19.686,0,-0.81167,25.52,4.0112
17.117,19.605,0,-0.95753,25.267,3.2458
17.117,19.509,0,-1.115,25.023,2.5686
17.117,19.398,0,-1.2899,24.789,2.0479
17.117,19.269,0,-1.4804,24.568,1.8146
17.117,19.121,0,-1.6928,24.36,2.0685
17.117,18.951,0,-1.9359,24.168,3.1906
17.117,18.758,0,-2.2104,23.994,5.8476
17.117,18.537,0,-2.5256,23.841,11.407
17.117,18.284,0,-2.8893,23.712,22.892
17.117,17.995,0,-3.3159,23.609,48.65
17.117,17.664,0,-3.8092,23.538,118.65
17.117,17.283,0,-4.3791,23.502,496.61
17.117,16.845,0,-5.0547,23.508,0
17.117,16.339,0,-14.341,23.56,0
17.117,14.905,0,-14.051,23.71,0
17.117,13.5,0,-13.781,24.001,0
17.117,12.122,0,-13.436,24.432,0
17.117,10.778,0,-13.009,24.998,0
17.117,9.4773,0,-12.58,25.697,0
17.117,8.2193,0,-12.157,26.524,0
-1.3292,7.0036,-5.4826,-11.681,5.6008,0
-1.3292,5.8355,0,-11.119,4.8259,0
-1.3292,4.7235,0,-10.631,4.165,0
-1.3292,3.6604,0,-10.159,3.6129,0
-1.3292,2.6445,0,-9.7011,3.1648,0
-1.3292,1.6744,0,-9.2522,2.8159,0
-1.3292,0.74913,0,-8.9873,2.5618,0
-1.3292,0,0,-9.1162,2.3989,0
-1.3292,0,0,-12.649,2.3116,0
-1.3292,0,0,-21.603,2.2419,0
-1.3292,0,0,-66.456,2.217,0
-1.3292,0,0,-912.04,2.4164,0
-1.3292,0,0,-8.8,6.8437,0
-1.3292,0,0,-8.8,6.7548,0
-1.3292,0,0,-8.8,6.6659,0
-1.3292,0,0,-8.8,6.5769,0
-1.3292,0,0,-8.8016,6.488,0
-1.3292,0,0,-11.583,6.3991,0
-1.3292,0,0,-16.912,6.3241,0
-1.3292,0,0,-31.835,6.2758,0
-1.3292,0,0,-150.93,6.302,0
-1.3292,0,0,-69.573,6.9238,0
-1.3292,0,0,9.8,8.1392,0
-1.3292,0.98,0,-75.191,7.9573,0
-1.3292,0,0,-2307,8.1024,0
-1.3292,0,0,-0.15284,19.505,0
-1.3292,0,0,-0.18619,19.372,0
-1.3292,0,0,-0.1778,19.24,0
-6.1976,0,-0.16572,-0.16572,9.0795,0
-6.1976,0,0,-0.18155,8.4606,0
-6.2382,0,-0.18005,-0.18005,7.8337,0
-6.2382,0,0,-0.17479,7.2108,0
-6.2382,0,0,-0.16853,6.5878,0
-6.2382,0,0,-0.17695,5.9648,0
-6.2382,0,0,-0.17994,5.3419,0
-6.2382,0,0,-8.8,4.719,0
-6.2382,0,0,-8.8,4.1392,0
-6.2382,0,0,-8.8,3.5594,0
-6.2382,0,0,-8.8,2.9796,0
-6.2382,0,0,-8.9354,2.3997,0
-6.2382,0,0,-11.964,1.8206,0
-6.2382,0,0,-17.991,1.2566,0
-6.2382,0,0,-34.067,0.72274,0
-6.2382,0,0,-154.74,0.26927,0
-6.2382,0,0,-80.061,0.41914,0
-6.5039,0,-0.17732,-976.1,0.021672,0
-6.5039,0,0,-8.8,4.2518,0
-6.5367,0,-0.18098,-8.8,3.6382,0
-6.5367,0,0,-8.8,3.0286,0
-6.5367,0,0,-9.0992,2.4189,0
-6.5367,0,0,-12.093,1.8107,0
-6.5367,0,0,-18.051,1.2175,0
-6.6196,0,-0.16143,-33.937,0.64868,0
-6.6196,0,0,-136.09,0.1564,0
-6.6196,0,0,-124.65,0.17487,0
-6.6196,0,0,-154.92,0.13618,0
-6.6884,0,-0.040315,-90.349,0.24768,0
-6.6884,0,0,-903.72,0.030581,0
-6.6884,0,0,-8.8,3.8803,0
-6.6884,0,0,-8.8,3.2555,0
-6.6884,0,0,-8.8,2.6307,0
-6.6884,0,0,-10.567,2.0058,0
-6.6884,0,0,-15.24,1.3898,0
-6.6884,0,0,-26.506,0.79716,0
-6.6884,0,0,-73.896,0.26084,0
-6.6884,0,0,9.8,0.96503,0
-6.6884,0.98,0,-89.243,0.24719,0
-6.6884,0,0,-2690.3,-0.073443,0
-6.6884,0,0,0.67727,12.709,0
-6.6884,0.067727,0,0.86252,12.037,0
-6.6884,0.15398,0,1.0656,11.357,0
-6.6884,0.26053,0,1.2654,10.668,0
-6.6884,0.38707,0,1.4256,9.9665,0
-6.6884,0.52963,0,1.5567,9.2518,0
-6.6884,0.6853,0,1.6663,8.5222,0
-6.6884,0.85193,0,1.7416,7.7765,0
-6.6884,1.0261,0,-0.34648,7.0137,0
-6.6884,0.99144,0,-0.37133,6.244,0
-6.6884,0.95431,0,-0.39842,5.4779,0
-6.6884,0.91447,0,-0.42894,4.7156,0
-6.6884,0.87157,0,-8.8,3.9575,0
-6.6884,0,0,-8.8,3.2455,0
-6.6884,0,0,-8.8,2.6206,0
-6.6884,0,0,-8.8,1.9958,0
-4.369,0,0.66449,-8.8,3.6373,0
-4.369,0,0,-8.8,3.2444,0
-4.369,0,0,-8.8,2.8515,0
-4.369,0,0,-8.8,2.4586,0
-4.369,0,0,-8.8,2.0657,0
-4.369,0,0,-8.8,1.6728,0
-4.369,0,0,-8.8,1.2799,0
-4.369,0,0,-10.35,0.88704,0
-4.369,0,0,-17.578,0.5019,0
-4.369,0,0,-49.114,0.1529,0
-4.369,0,0,-1105.9,-0.038432,0
-4.369,0,0,-0.23424,5.0543,0
-4.369,0,0,-8.8,4.6186,0
-4.6017,0,-0.011868,-8.8,4.2232,0
-4.6017,0,0,-8.8,3.807,0
-4.6017,0,0,-8.8,3.3909,0
-4.6017,0,0,-8.8,2.9747,0
-4.5695,0,0.4641,-8.8,2.563,0
-4.5695,0,0,-8.8,2.1501,0
-4.5695,0,0,-8.8,1.7371,0
-4.3672,0,1.0953,-8.8,1.3477,0
-4.3672,0,0,-8.8,0.95497,0
-4.3672,0,0,-13.264,0.56226,0
-4.3672,0,0,-32.357,0.19186,0
-4.3672,0,0,-688.63,-0.083072,0
-4.3672,0,0,-8.8,2.9233,0
-4.3672,0,0,-8.8,2.5306,0
-4.3672,0,0,-8.8,2.1379,0
-4.3672,0,0,-8.8,1.7452,0
-4.3672,0,0,-8.8,1.3525,0
-4.3672,0,0,-8.8,0.95975,0
-4.3672,0,0,-8.8,0.56704,0
-4.3672,0,0,-8.8,0.17432,0
-4.3672,0,0,-8.8,-0.2184,0
-2.0015,0,1.8551,-8.8,0.91664,0
-1.8219,0,1.8812,-8.8,0.77721,0
-1.8219,0,0,-8.8,0.63902,0
-1.8219,0,0,-8.8,0.50083,0
