0.44704,0.44704,-0.57295,0,35.5,1.2829
0.39293,0.44704,-0.56648,7.8,35.49,68.935
0.33747,1.227,-0.51998,7.8,35.434,74.788
0.29231,2.007,-0.49756,7.8,35.308,80.421
0.24265,2.787,-0.45481,7.8,35.103,86.413
0.1924,3.567,-0.34338,7.8,34.807,93.529
0.15082,4.347,-0.2436,7.8,34.419,100.69
0.13074,5.127,-0.16438,7.8,33.959,107.67
0.11562,5.907,-0.071867,7.8,33.411,115.06
0.10486,6.687,-0.021771,6.7,32.797,108
0.10488,7.357,-0.05083,6.7,32.101,113.55
0.095187,8.027,-0.069628,6.7,31.35,116.47
0.088452,8.697,-0.054258,-0.48969,30.533,36.032
0.081608,8.6481,-0.073772,-0.50746,29.682,35.45
0.068801,8.5973,-0.058854,-0.52686,28.825,35.072
0.057911,8.5446,-0.062308,-0.54715,27.976,34.557
0.058882,8.4899,-0.065966,-0.56763,27.136,34.005
0.044426,8.4332,-0.094682,-0.59046,26.299,33.309
0.031246,8.3741,-0.072814,-0.61494,25.457,32.874
0.024655,8.3126,-0.081949,-0.64021,24.625,32.231
0.023512,8.2486,-0.059514,-0.66667,23.797,31.726
0.027298,8.1819,-0.053954,-0.69461,22.969,31.09
0.027735,8.1125,-0.029492,-0.72434,22.152,30.529
0.03224,8.04,-0.051013,-0.75501,21.352,29.697
0.018045,7.9645,-0.037706,-0.79009,20.548,29.025
0.007454,7.8855,-0.047336,-0.82709,19.753,28.203
0.011742,7.8028,-0.033353,-0.86423,18.973,27.443
0.012661,7.7164,-0.042482,-0.905,18.192,26.539
0.01077,7.6259,-0.02894,-0.94853,17.422,25.696
0.0064162,7.531,-0.028459,-0.99568,16.659,24.756
0.0016679,7.4315,-0.026354,-1.0457,15.908,23.783
0.0023323,7.3269,-0.026837,-1.0982,15.169,22.754
0.00096448,7.2171,-0.031229,-1.1538,14.445,21.679
-1.3355e-05,7.1017,-0.031783,-1.215,13.719,21.317
-0.0068719,6.9802,-0.04716,-1.2788,13.022,20.98
-0.008922,6.8523,-0.038068,-1.3481,12.324,20.557
-0.021328,6.7175,-0.054688,-1.4249,11.635,20.18
-0.022709,6.575,-0.037951,-1.5044,10.96,19.688
-0.021928,6.4246,-0.054867,-1.5878,10.302,19.239
-0.018603,6.2658,-0.049337,-1.6712,9.6747,18.72
-0.033474,6.0987,-0.069564,-1.7675,9.0523,18.248
-0.048966,5.9219,-0.047955,-1.8674,8.451,17.662
-0.04716,5.7352,-0.071404,-8.8,7.8644,2.7574
-0.061731,4.8552,-0.048506,-8.8,7.3387,0.93518
-0.06703,3.9752,-0.057203,-8.8,6.8824,0
-0.081894,3.0952,-0.043577,-8.8,6.5312,0
-0.091527,2.2152,-0.063543,-0.40984,6.2549,13.246
-0.090286,2.1742,-0.043131,-8.8,6.018,0
-0.096898,1.2942,-0.064498,-0.15526,5.8321,11.906
-0.10251,1.2787,-0.041913,-0.1587,5.6851,11.831
-0.11329,1.2628,-0.060107,-8.8,5.5435,0
-0.1219,0.38282,-0.052181,-0.052181,5.4439,10.279
-0.1365,0.37761,-0.064856,-0.064856,5.3882,10.298
-0.14982,0.37112,-0.043613,-0.043613,5.3287,10.312
-0.15462,0.36676,-0.068476,-0.068476,5.2776,10.313
-0.15403,0.35991,-0.060633,-0.060633,5.2329,10.298
-0.15615,0.35385,-0.07086,-8.8,5.1716,0
-0.15832,0,-0.064714,-0.064714,5.1573,9.5691
-0.16217,0,-0.078298,-0.078298,5.1424,9.577
-0.17573,0,-0.064998,-0.064998,5.129,9.6048
-0.17774,0,-0.06154,-0.06154,5.1212,9.6089
-0.17934,0,-0.032337,-0.032337,5.107,9.6122
-0.18309,0,0.049043,0.049043,5.0924,9.6199
-0.17011,0.0049043,0.14344,0.14344,5.07,9.6033
-0.1524,0.019248,0.25243,0.25243,5.0488,9.5964
-0.12358,0.044491,0.36892,0.36892,5.0375,9.5891
-0.083217,0.081383,0.44416,-8.8,5.0171,0
-0.044053,0,0.47671,0.47671,5.0498,9.3349
0.01132,0.047671,0.48444,0.48444,5.0496,0.075188
0.065346,0.096115,0.48212,-8.8,5.0407,0
0.10776,0,0.48825,0.48825,5.0919,0
0.15133,0.048825,0.5005,0.5005,5.1059,0
0.2028,0.098876,0.50003,0.50003,5.1071,0
0.24783,0.14888,0.50438,0.50438,5.1111,0
0.2922,0.19932,0.50692,0.50692,5.1289,0
0.33297,0.25001,0.49343,0.49343,5.1304,0
0.38919,0.29935,0.50797,-8.8,5.1443,0
0.44737,0,0.51698,0.51698,5.209,0
0.49748,0.051698,0.54027,0.54027,5.261,0
0.5434,0.10572,0.58439,0.58439,5.3121,0
0.60138,0.16416,0.67661,0.67661,5.352,0
0.66578,0.23182,0.76325,0.76325,5.3966,0
0.73412,0.30815,0.85712,0.85712,5.4412,0
0.82287,0.39386,0.95748,0.95748,5.4878,0
0.92058,0.48961,1.0356,1.0356,5.5268,0
1.0332,0.59316,1.0681,1.0681,5.5641,0
1.134,0.69998,1.0989,1.0989,5.6164,0
1.2478,0.80987,1.1116,1.1116,5.6499,0
1.3572,0.92103,1.1193,4.9,5.6856,21.778
1.4718,1.411,1.1197,0.34709,5.717,0
1.5826,1.4457,1.1054,0.75166,5.7277,0
1.699,1.5209,1.0877,-8.8,5.7516,0
1.7996,0.6409,1.0801,1.0801,5.819,0
1.9152,0.74891,1.0817,1.0817,5.9255,0
2.0324,0.85708,1.0959,1.0959,6.0442,0
2.1408,0.96667,1.123,4.9,6.1584,17.834
2.2442,1.4567,1.1583,4.6255,6.2648,17.131
2.3659,1.9192,1.1926,1.6708,6.331,0.20245
2.4817,2.0863,1.2091,1.2952,6.3782,0
2.6062,2.2158,1.1903,1.1615,6.4113,0
2.7229,2.332,1.1799,1.0738,6.4502,0
2.8446,2.4393,1.1585,1.0376,6.4856,0
2.9696,2.5431,1.114,1.0245,6.5278,0
3.0867,2.6456,1.0757,0.9967,6.5616,0
3.1963,2.7452,1.0562,0.96507,6.6154,0
3.3112,2.8417,1.016,0.95307,6.655,0
3.4181,2.937,0.96777,0.92934,6.6946,0
3.5104,3.03,0.94381,0.8866,6.7424,0
3.6024,3.1186,0.88769,0.85733,6.8006,0
3.6884,3.2044,0.86751,0.82443,6.8446,0
3.7837,3.2868,0.83137,0.81594,6.8888,0
3.8695,3.3684,0.77689,0.79509,6.9403,0
3.9513,3.4479,0.68938,0.77361,6.9953,0
4.0301,3.5253,0.60245,0.75203,7.0423,0
4.0879,3.6005,0.46806,0.7063,7.1018,0
4.1411,3.6711,0.33841,0.6625,7.142,0
4.1774,3.7373,0.22115,0.60596,7.1941,0
4.2034,3.7979,0.12149,0.54584,7.2284,0.17869
4.2144,3.8525,0.066327,0.47836,7.2747,0.25401
4.2171,3.9004,0.0080904,0.41181,7.3076,0.34724
4.2253,3.9415,-0.0089971,0.36431,7.3467,0.33544
4.2303,3.978,-0.026634,0.32002,7.3741,0.33255
4.2263,4.01,-0.013008,0.27164,7.4037,0.233
4.222,4.0371,-0.033064,0.23028,7.4282,0.24807
4.2202,4.0602,-0.03121,0.19766,7.4372,0.20899
4.2178,4.0799,-0.041935,0.16918,7.4522,0.21241
4.2068,4.0969,-0.044753,0.13434,7.4737,0.19023
4.2046,4.1103,-0.072683,0.11477,7.4856,0.25084
4.1923,4.1218,-0.097263,0.085567,7.5026,0.29545
4.1728,4.1303,-0.12519,0.051396,7.5017,0.346
4.1508,4.1355,-0.18607,0.018578,7.5143,0.49927
4.1239,4.1373,-0.24867,-0.0034567,7.5208,0.70916
4.0926,4.137,-0.30213,-0.011452,7.5111,0.95985
4.0546,4.1358,-0.32683,-0.020992,7.4996,1.1255
4.0225,4.1337,-0.35802,-0.028834,7.4818,1.311
3.9966,4.1308,-0.31895,-0.034844,7.4735,1.1948
3.963,4.1274,-0.26789,-0.042764,7.4585,1.0535
3.9459,4.1231,-0.19645,-0.046255,7.4392,0.82328
3.9216,4.1185,-0.14327,-0.051515,7.4235,0.68648
3.9168,4.1133,-0.08375,-0.051499,7.4103,0.5121
3.9099,4.1082,-0.064655,-0.052039,7.3972,0.46306
3.899,4.103,-0.061825,-0.053597,7.3851,0.46454
3.8829,4.0976,-0.073902,-0.056516,7.3712,0.5142
3.8811,4.0919,-0.091795,-0.055625,7.3562,0.55723
3.8718,4.0864,-0.085457,-0.056714,7.3408,0.54528
3.8536,4.0807,-0.10474,-0.060192,7.3226,0.62044
3.8422,4.0747,-0.078858,-0.061935,7.2926,0.5551
3.8344,4.0685,-0.070447,-0.062632,7.2657,0.53381
3.8214,4.0622,-0.053442,-0.064685,7.2409,0.49837
3.81,4.0558,-0.037075,-0.066411,7.2077,0.46276
3.8098,4.0491,-0.03529,-0.064805,7.1906,0.44766
3.8037,4.0426,-0.047405,-0.064857,7.1722,0.47776
3.8022,4.0362,-0.049696,-0.063776,7.1466,0.47518
3.7982,4.0298,-0.038379,-0.063314,7.1266,0.4418
3.7949,4.0235,-0.057292,-0.062605,7.1112,0.48577
3.7824,4.0172,-0.045599,-0.064621,7.0831,0.46425
3.7686,4.0107,-0.043394,-0.06702,7.0519,0.46918
3.7572,4.004,-0.028955,-0.068611,7.0254,0.43895
3.7459,3.9972,-0.024425,-8.8,6.9977,0
3.7476,3.1172,-0.026977,1.1502,7.0199,2.8035
3.7516,3.2322,-0.012431,0.89924,7.084,1.8126
3.7441,3.3221,0.01445,0.70158,7.1271,1.1055
3.7412,3.3923,0.059434,0.56305,7.1665,0.59886
3.7433,3.4486,0.11374,0.46401,7.1919,0.23075
3.7618,3.495,0.18902,0.41265,7.2275,0
3.7776,3.5362,0.25205,0.36689,7.2458,0
3.8126,3.5729,0.28385,0.35884,7.2626,0
3.8437,3.6088,0.29751,0.34724,7.2953,0
3.8774,3.6435,0.30123,0.34108,7.3153,0
3.9168,3.6776,0.31146,0.34482,7.348,0
3.956,3.7121,0.31933,0.34682,7.3636,0
3.9857,3.7468,0.34441,0.33574,7.3963,0
4.0189,3.7804,0.34291,0.33127,7.42,0
4.0509,3.8135,0.33858,0.32571,7.4412,0
4.0861,3.8461,0.32298,0.32543,7.4584,0
4.1245,3.8786,0.30412,0.32964,7.4831,0
4.1506,3.9116,0.2946,0.31699,7.5105,0
4.1711,3.9433,0.25888,0.29851,7.5248,0
4.188,3.9731,0.26815,0.27908,7.5565,0
4.2052,4.001,0.28132,0.26256,7.5692,0
4.2372,4.0273,0.38418,0.26773,7.5924,0
4.27,4.0541,0.52658,0.27278,7.6059,0
4.3128,4.0813,0.7193,0.29006,7.6335,0
4.3837,4.1104,0.91269,0.33987,7.6675,0
4.4829,4.1443,1.1066,0.4164,7.6926,0
4.5847,4.186,1.2222,0.48398,7.7236,0
4.7159,4.2344,1.2895,0.5758,7.7602,0
4.8398,4.292,1.3561,0.64472,7.8177,0
4.9831,4.3564,1.3671,0.72455,7.8809,0
5.1148,4.4289,1.3052,0.77762,7.9514,0
5.2444,4.5066,1.1936,0.81862,8.0186,0
5.3659,4.5885,1.0542,0.84451,8.0997,0
5.4696,4.673,0.88555,0.84699,8.1815,0
5.5658,4.7577,0.78476,0.84031,8.2531,0
5.6407,4.8417,0.7778,0.81469,8.3429,0
5.716,4.9232,0.74365,0.79377,8.4324,0
5.7899,5.0025,0.70254,0.77364,8.5084,0
5.8556,5.0799,0.66231,0.74895,8.5863,0
5.9239,5.1548,0.54995,0.73007,8.659,0
5.979,5.2278,0.37906,0.70129,8.7258,0
6.0222,5.2979,0.28116,0.66661,8.804,0
6.0514,5.3646,0.21861,0.62396,8.8826,0
6.0764,5.427,0.16519,0.5827,8.9515,0
6.0831,5.4853,0.12466,0.53031,9.0161,0
6.0885,5.5383,0.11473,0.48278,9.0688,0
6.1051,5.5866,0.10644,0.45031,9.112,0
6.1195,5.6316,0.087069,0.42003,9.1605,0
6.1278,5.6736,0.078798,0.38776,9.2018,0
6.1333,5.7124,0.062485,0.3571,9.253,0
6.1303,5.7481,0.055892,0.32206,9.2909,0
6.1379,5.7803,0.057606,0.29931,9.3201,0
6.1479,5.8102,0.038191,0.28108,9.3531,0
6.1586,5.8383,0.012263,0.2652,9.3823,0
6.1659,5.8649,0.010959,0.24792,9.4033,0
6.1581,5.8896,-0.013805,0.22026,9.4378,0
6.161,5.9117,-0.035987,0.2037,9.4582,0.027133
6.1562,5.932,-0.030072,0.18248,9.4835,0.013676
6.1507,5.9503,-0.031734,0.16264,9.5056,0.02095
6.156,5.9666,-0.039852,0.15322,9.5166,0.042682
6.1615,5.9819,-0.033867,0.14483,9.5303,0.028036
6.1672,5.9964,-0.045339,0.13734,9.5436,0.058477
6.1583,6.0101,-0.056842,0.1189,9.5596,0.092373
6.1514,6.022,-0.043441,0.10367,9.5786,0.061526
6.1465,6.0324,-0.043753,0.091244,9.5904,0.065568
6.1481,6.0415,-0.06532,0.085099,9.6019,0.12205
6.1509,6.05,-0.07302,0.08048,9.6178,0.14325
6.1458,6.058,-0.071692,0.069981,9.633,0.14246
6.1294,6.065,-0.084123,0.051254,9.6427,0.17999
6.1258,6.0702,-0.086994,0.044297,9.649,0.18933
6.1215,6.0746,-0.041666,0.037294,9.6563,0.077714
6.1226,6.0783,-0.051911,0.035142,9.654,0.10306
6.1157,6.0818,-0.066429,0.026883,9.6544,0.14159
6.1134,6.0845,-0.098401,0.022881,9.6524,0.22503
6.0956,6.0868,-0.12649,0.0069455,9.6487,0.30527
6.0754,6.0875,-0.19858,-0.0031366,9.6453,0.54098
6.0517,6.0872,-0.21225,-0.0091816,9.653,0.62599
6.0235,6.0863,-0.25091,-0.016265,9.6395,0.80593
5.9981,6.0846,-0.28834,-0.022441,9.636,0.98606
5.9684,6.0824,-0.28535,-0.029625,9.6198,1.0257
5.9387,6.0794,-0.28125,-0.036698,9.5991,1.0597
5.9101,6.0758,-0.31424,-0.043336,9.5751,1.2346
5.8714,6.0714,-0.30401,-0.052405,9.5643,1.259
5.8362,6.0662,-0.28093,-0.060413,9.5437,1.224
5.8043,6.0602,-0.30366,-0.06744,9.5169,1.3622
5.775,6.0534,-0.28693,-0.073572,9.4947,1.337
5.7371,6.0461,-0.23327,-0.081954,9.4656,1.1867
5.7046,6.0379,-0.23917,-0.088726,9.4366,1.2522
5.6742,6.029,-0.26774,-0.094838,9.4044,1.4007
5.6481,6.0195,-0.31836,-0.099715,9.3698,1.6382
5.6169,6.0095,-0.39239,-0.10607,9.3242,2.0098
5.5808,5.9989,-0.48706,-0.11366,9.2789,2.5365
5.5301,5.9876,-0.55891,-0.125,9.2379,3.0211
5.4707,5.9751,-0.6045,-0.13862,9.1926,3.3964
5.4105,5.9612,-0.63575,-0.15231,9.1441,3.6946
5.3521,5.946,-0.68425,-0.16548,9.0875,4.1109
5.2793,5.9294,-0.7251,-0.18293,9.0176,4.5199
5.207,5.9111,-0.68755,-0.20027,8.9409,4.3645
5.1304,5.8911,-0.55749,-0.21819,8.8752,3.6244
5.0824,5.8693,-0.41539,-0.2279,8.8019,2.8596
5.0341,5.8465,-0.28828,-0.23742,8.732,2.2831
5.0079,5.8227,-0.14188,-0.24119,8.6416,1.6835
5.0009,5.7986,-0.047934,-0.23849,8.5661,1.3318
5.005,5.7748,-0.055028,-0.23267,8.4865,1.3013
5.0029,5.7515,-0.060465,-0.22838,8.4167,1.278
4.9944,5.7287,-0.045606,-0.22641,8.3409,1.203
4.9815,5.706,-0.03121,-0.22537,8.2755,1.1399
4.9728,5.6835,-0.041947,-0.22296,8.2111,1.1444
4.97,5.6612,-0.026495,-0.21941,8.1315,1.0628
4.9585,5.6393,-0.029355,-0.21864,8.0542,1.0483
4.965,5.6174,-0.033576,-0.21129,7.993,1.0129
4.9683,5.5963,-0.054787,-0.20517,7.9311,1.0319
4.971,5.5757,-0.065457,-0.19969,7.8614,1.0222
4.9675,5.5558,-0.10155,-0.19589,7.8029,1.1009
4.9617,5.5362,-0.13479,-8.8,7.7517,11.177
4.9523,4.6562,-0.15103,0.30152,7.7417,0.58106
4.9342,4.6863,-0.16621,0.25038,7.7639,0.58733
4.9147,4.7114,-0.18715,0.20416,7.7921,0.62231
4.8964,4.7318,-0.23273,0.16441,7.8088,0.75528
4.8665,4.7482,-0.25547,0.11753,7.8154,0.79939
4.8383,4.76,-0.28731,0.077688,7.8325,0.88627
4.8112,4.7678,-0.31386,0.043037,7.846,0.95877
4.7739,4.7721,-0.33164,0.0017777,7.842,0.99154
4.7367,4.7722,-0.3497,-0.0099686,7.8367,1.127
4.7007,4.7712,-0.36238,-0.019845,7.8241,1.2439
4.6732,4.7693,-0.34939,-0.027105,7.8083,1.2369
4.6472,4.7665,-0.35877,-0.033689,7.8009,1.3189
4.6048,4.7632,-0.38129,-0.044746,7.7927,1.4887
4.5587,4.7587,-0.38006,-0.056599,7.7811,1.5617
4.5239,4.753,-0.41635,-0.064935,7.7687,1.7824
4.4773,4.7465,-0.4543,-0.076618,7.7423,2.0425
4.4367,4.7389,-0.42442,-0.086297,7.717,1.9597
4.393,4.7303,-0.38532,-0.096689,7.6899,1.8419
4.3529,4.7206,-0.32434,-0.10594,7.6566,1.627
4.3213,4.71,-0.26451,-0.11242,7.6283,1.4189
4.2908,4.6988,-0.22906,-0.11849,7.5959,1.315
4.259,4.6869,-0.2246,-0.12481,7.5639,1.3312
4.2378,4.6744,-0.22761,-0.12843,7.5127,1.3538
4.2111,4.6616,-0.2183,-0.13317,7.4762,1.3406
4.1804,4.6483,-0.17114,-0.13901,7.4399,1.199
4.1667,4.6344,-0.1407,-0.14002,7.391,1.0926
4.1527,4.6204,-0.12697,-0.14131,7.3349,1.0438
4.1344,4.6062,-0.084924,-8.8,7.2959,0
4.1269,3.7262,-0.074622,0.56086,7.2858,0.97168
4.1138,3.7823,-0.08499,0.45493,7.3286,0.79865
4.1141,3.8278,-0.069622,0.38676,7.3638,0.61479
4.1159,3.8665,-0.054431,0.33226,7.3861,0.47196
4.1077,3.8997,-0.065645,0.27386,7.407,0.42602
4.0974,3.9271,-0.06896,0.22197,7.4224,0.36911
4.0998,3.9493,-0.056386,0.19475,7.4417,0.29751
4.0992,3.9688,-0.048872,0.1676,7.4509,0.24554
4.0889,3.9855,-0.046128,0.13198,7.4562,0.20303
4.0884,3.9987,-0.032397,0.11385,7.4559,0.14972
4.0798,4.0101,-0.019969,0.088076,7.4597,0.097932
4.0821,4.0189,-0.02459,0.079665,7.4729,0.10314
4.0732,4.0269,-0.028258,0.058271,7.4777,0.097152
4.0648,4.0327,-0.02423,0.040292,7.4802,0.075802
4.054,4.0367,-0.02508,0.021626,7.4778,0.066461
4.0588,4.0389,-0.020781,0.024926,7.4872,0.058543
4.0523,4.0414,-0.022707,0.013624,7.496,0.056489
4.047,4.0428,-0.0086521,0.005364,7.5066,0.021044
4.0449,4.0433,-0.011972,0.0020468,7.5059,0.026552
4.0439,4.0435,-0.02293,0.00050073,7.5093,0.049779
4.0361,4.0435,-0.024805,-0.0018821,7.512,0.065289
4.0365,4.0434,-0.028805,-0.0017368,7.5087,0.073364
4.0353,4.0432,-0.023214,-0.0019792,7.5047,0.062312
4.0281,4.043,-0.021653,-0.003749,7.5035,0.069718
4.0177,4.0426,0.0030068,-0.0062847,7.5023,0.031616
4.0119,4.042,0.00031401,-0.0075926,7.4946,0.045165
4.0027,4.0412,0.021423,-0.0097136,7.5009,0.013969
4.003,4.0403,0.010733,-0.0094021,7.493,0.034069
3.9984,4.0393,0.013707,-0.010351,7.4857,0.03345
3.9989,4.0383,0.0064714,-0.0099436,7.4834,0.046164
4.0087,4.0373,0.009947,-0.0072364,7.4822,0.022603
4.0125,4.0366,0.0088894,-0.0060795,7.4777,0.017836
4.0186,4.036,-0.2126,-0.0044049,7.4731,0.59557
3.9972,4.0355,-2.2302,-0.0097044,7.4716,7.7221
3.7802,4.0345,-3.5162,-0.064719,7.4483,9.9008
3.4366,4.0281,-3.6833,-0.15187,7.4008,10.511
3.0587,4.0129,-3.4577,-0.24866,7.3164,10.45
2.7082,3.988,-3.1333,-0.33914,7.2135,10.156
2.3927,3.9541,-0.89129,-0.42353,7.0722,8.3054
2.3006,3.9117,0.68393,-8.8,6.9088,0
2.3714,3.0317,0.87118,-0.1433,6.8041,0.24266
2.4648,3.0174,0.58661,-0.12138,6.7334,0.073924
2.5139,3.0053,0.51863,-0.10909,6.6725,0.028663
2.573,2.9944,0.33474,-0.09411,6.6323,0.07899
2.61,2.985,0.049544,-0.084141,6.5996,0.49363
2.6239,2.9765,0.11483,-0.079766,6.5562,0.31528
2.6323,2.9686,0.24768,-0.076479,6.5226,0.069094
2.6504,2.9609,0.2256,-0.071086,6.4863,0.063528
2.665,2.9538,0.25711,-8.8,6.4658,0
2.6858,2.0738,0.31321,2.0564,6.4906,6.1001
2.7172,2.2795,0.25209,1.2635,6.5342,2.4963
2.7439,2.4058,0.23555,0.89658,6.5721,1.2149
2.7691,2.4955,0.28085,0.68552,6.605,0.44858
2.8047,2.564,0.25249,0.57892,6.6375,0.28899
2.8359,2.6219,0.24238,0.49744,6.6605,0.14806
2.862,2.6716,0.29799,0.42935,6.671,0
2.8995,2.7146,0.26915,0.40658,6.6797,0
2.9359,2.7552,0.25047,0.38863,6.7029,0
2.9687,2.7941,0.26294,0.36807,6.7277,0
2.9932,2.8309,0.25452,0.33598,6.7525,0
3.0202,2.8645,0.21875,0.31631,6.7599,0
3.0366,2.8961,0.24011,0.28048,6.7683,0
3.0668,2.9242,0.23334,0.28043,6.774,0
3.0883,2.9522,0.24826,0.26355,6.7807,0
3.1195,2.9786,0.25364,0.26966,6.8033,0
3.1373,3.0056,0.24379,0.24883,6.8171,0
3.1669,3.0304,0.23059,0.25447,6.8216,0
3.1842,3.0559,0.2628,0.23615,6.8288,0
3.2157,3.0795,0.22542,0.2481,6.8487,0
3.2324,3.1043,0.20666,0.23042,6.8556,0
3.2487,3.1273,0.23969,0.21622,6.8772,0
3.2794,3.149,0.24237,0.22985,6.8832,0
3.2983,3.172,0.2069,0.2205,6.9018,0
3.3097,3.194,0.24293,0.19997,6.9152,0
3.333,3.214,0.25012,0.20411,6.9348,0
3.3536,3.2344,0.21023,0.20276,6.9553,0
3.3705,3.2547,0.22449,0.19511,6.9631,0
3.3967,3.2742,0.22865,0.20463,6.975,0
3.4195,3.2947,0.19054,0.2071,6.9973,0
3.436,3.3154,0.20053,0.19842,7.017,0
3.4605,3.3352,0.21496,0.20458,7.0363,0
3.4842,3.3557,0.18563,0.20825,7.0561,0
3.5109,3.3765,0.21219,0.21574,7.0629,0
3.5316,3.3981,0.23615,0.2121,7.0674,0
3.5551,3.4193,0.21542,0.21427,7.0907,0
3.5753,3.4407,0.22067,0.21027,7.0998,0
3.5958,3.4617,0.25341,0.20769,7.1107,0
3.6173,3.4825,0.22235,0.20715,7.1285,0
3.6372,3.5032,0.22168,0.20439,7.1457,0
3.6635,3.5237,0.22639,0.21143,7.1573,0
3.6909,3.5448,0.20967,0.21924,7.1772,0
3.7167,3.5667,0.18158,0.22306,7.1866,0
3.7368,3.589,0.21663,0.21799,7.2054,0
3.7634,3.6108,0.20757,0.22321,7.2184,0
3.7831,3.6332,0.21411,0.21773,7.2391,0
3.8002,3.6549,0.24087,0.2089,7.2452,0
3.8327,3.6758,0.24062,0.22386,7.2563,0
3.8469,3.6982,0.20358,0.21037,7.2709,0
3.8765,3.7192,0.21858,0.22097,7.2937,0
3.8888,3.7413,0.23274,0.20555,7.3063,0
3.92,3.7619,0.22201,0.21869,7.3212,0
3.9338,3.7838,0.22861,0.20611,7.3422,0
3.9471,3.8044,0.26884,0.19456,7.3552,0
3.976,3.8238,0.24851,0.20626,7.3756,0
4.0087,3.8445,0.23326,0.22095,7.3865,0
4.0416,3.8665,0.25251,0.23355,7.4013,0
4.071,3.8899,0.25404,0.23975,7.4208,0
4.1058,3.9139,0.2149,0.25235,7.4482,0
4.124,3.9391,0.23197,0.241,7.4629,0
4.1425,3.9632,0.2527,0.23193,7.4857,0
4.1762,3.9864,0.22394,0.24346,7.4986,0
4.2047,4.0108,0.21995,0.24701,7.5234,0
4.2366,4.0355,0.24041,0.25418,7.5452,0
4.2609,4.0609,0.22211,0.25058,7.5606,0
4.2776,4.0859,0.21202,0.23835,7.584,0
4.2967,4.1098,0.22083,0.23087,7.6099,0
4.3191,4.1329,0.22794,0.22835,7.626,0
4.348,4.1557,0.22785,0.23441,7.652,0
4.3798,4.1791,0.23688,0.24271,7.6698,0
4.4097,4.2034,0.22731,0.24794,7.6956,0
4.432,4.2282,0.20336,0.24332,7.7247,0
4.4444,4.2525,0.18696,0.22753,7.7491,0
4.4636,4.2753,0.16577,0.22207,7.7758,0
4.4864,4.2975,0.15095,0.22148,7.8004,0
4.5069,4.3196,0.14274,0.21779,7.8094,0
4.5263,4.3414,0.15247,0.21385,7.8322,0
4.5325,4.3628,0.15747,0.19503,7.8479,0
4.5469,4.3823,0.16466,0.18802,7.8628,0
4.5544,4.4011,0.17379,0.17401,7.8705,0
4.5665,4.4185,0.18254,0.16717,7.8826,0
4.5766,4.4352,0.18859,0.15908,7.9069,0
4.6029,4.4511,0.19247,0.17001,7.9181,0
4.6221,4.4681,0.19852,0.17155,7.9258,0
4.6449,4.4853,0.19471,0.1771,7.9453,0
4.6732,4.503,0.19586,0.18781,7.9582,0
4.696,4.5218,0.21712,0.19138,7.9793,0
4.7081,4.5409,0.26162,0.18284,8.0038,0
4.7311,4.5592,0.32836,0.18699,8.0166,0
4.7585,4.5779,0.42673,0.19537,8.0248,0
4.8047,4.5974,0.49903,0.22315,8.0455,0
4.8566,4.6197,0.44963,0.25363,8.0706,0
4.8976,4.6451,0.34956,0.26831,8.086,0
4.9239,4.6719,0.3331,0.26618,8.1179,0
4.9656,4.6986,0.25314,0.28031,8.1469,0
4.9896,4.7266,0.16486,0.27394,8.1672,0
5.0155,4.754,0.20741,0.27029,8.1831,0
5.0373,4.781,0.2767,0.2631,8.2114,0
5.0642,4.8073,0.2421,0.26211,8.2391,0
5.0793,4.8335,0.22315,0.24924,8.2664,0
5.0964,4.8585,0.24718,0.23999,8.293,0
5.127,4.8825,0.24031,0.24497,8.3096,0
5.15,4.907,0.25225,0.24203,8.33,0
5.1841,4.9312,0.2376,0.25061,8.3616,0
5.2032,4.9562,0.23449,0.24321,8.3827,0
5.2348,4.9805,0.24351,0.24887,8.4038,0
5.2686,5.0054,0.25569,0.25614,8.4272,0
5.2873,5.031,0.22136,0.24814,8.4613,0
5.3069,5.0559,0.22381,0.24194,8.4916,0
5.325,5.08,0.24854,0.23467,8.5126,0
5.3511,5.1035,0.22544,0.23588,8.5314,0
5.3776,5.1271,0.21643,0.23722,8.5486,0
5.4067,5.1508,0.25423,0.2409,8.568,0
5.4372,5.1749,0.27261,0.24551,8.5861,0
5.4702,5.1995,0.27144,0.2521,8.6111,0
5.5035,5.2247,0.27715,0.25809,8.6316,0
5.5379,5.2505,0.29098,0.26453,8.658,0
5.5587,5.2769,0.26862,0.25803,8.6902,0
5.5828,5.3027,0.3094,0.25507,8.715,0
5.6218,5.3282,0.23199,0.26622,8.7522,0
