15.11,15.11,-0.27877,0,35.5,0.79093
15.073,15.11,-0.36366,-0.0029455,35.491,1.2156
15.04,15.11,-0.21247,-0.0056189,35.49,0.72808
15.028,15.109,-0.11377,-0.0065599,35.486,0.44713
15.01,15.108,-0.060957,-0.0079261,35.482,0.33873
15.008,15.108,-0.029511,-0.0079977,35.47,0.26075
15.01,15.107,-0.044817,-0.0077952,35.462,0.29369
14.999,15.106,-0.058815,-0.0086576,35.456,0.35181
15,15.105,-0.088791,-0.0085315,35.438,0.4292
15,15.104,-0.053982,-0.0084425,35.435,0.33346
14.986,15.104,-0.022491,-0.0095246,35.422,0.28131
14.985,15.103,-0.0013913,-0.0094943,35.401,0.22965
14.988,15.102,-0.050633,-0.0091985,35.387,0.34368
14.982,15.101,-0.094758,-0.009615,35.373,0.47416
14.981,15.1,-0.094593,-0.0096087,35.365,0.47343
14.974,15.099,-0.081363,-0.010139,35.353,0.4503
14.971,15.098,-0.040295,-0.010288,35.334,0.34427
14.957,15.097,0.010299,-0.011311,35.319,0.24567
14.96,15.096,0.02363,-0.011009,35.297,0.20751
14.966,15.094,0.003026,-0.010446,35.283,0.24118
14.957,15.093,0.0017362,-0.011082,35.265,0.25953
14.962,15.092,-0.0044241,-0.010623,35.248,0.26273
14.963,15.091,-0.011194,-0.010488,35.229,0.27546
14.97,15.09,-0.015306,-0.0098271,35.207,0.26888
14.977,15.089,-0.010726,-0.0091409,35.198,0.24096
14.976,15.088,-0.010575,-0.0091526,35.179,0.24068
14.973,15.087,-0.014178,-0.0093206,35.172,0.25335
14.965,15.086,0.010034,-0.0098884,35.166,0.21013
14.972,15.085,0.018668,-0.0092846,35.153,0.17604
14.975,15.085,-0.079706,-0.0089772,35.133,0.41264
14.966,15.084,-0.19964,-0.0096703,35.111,0.79928
14.943,15.083,-0.24562,-0.011458,35.093,1.0157
14.923,15.082,-0.30038,-0.012954,35.085,1.2752
14.895,15.08,-0.31697,-0.015213,35.075,1.4166
14.866,15.079,-0.27574,-0.017481,35.064,1.3192
14.837,15.077,-0.25291,-0.01967,35.046,1.2968
14.805,15.075,-0.33213,-0.02214,35.029,1.7109
14.773,15.073,-0.38555,-0.024645,35.004,2.0462
14.725,15.07,-0.39528,-0.028425,34.964,2.2266
14.685,15.067,-0.35489,-0.031525,34.929,2.135
14.653,15.064,-0.31871,-0.03397,34.894,2.0453
14.629,15.061,-0.23692,-0.035697,34.855,1.7352
14.596,15.057,-0.18827,-0.038235,34.819,1.6128
14.567,15.054,-0.16213,-0.040369,34.766,1.5721
14.56,15.05,-0.1638,-0.040744,34.712,1.5871
14.541,15.045,-0.099029,-0.042032,34.668,1.3782
14.53,15.041,-0.066899,-0.042751,34.61,1.2819
14.513,15.037,-0.040618,-0.04389,34.553,1.2214
14.506,15.033,-0.060174,-0.044236,34.511,1.2954
14.491,15.028,-0.10325,-0.045153,34.468,1.4738
14.483,15.024,-0.21296,-0.045558,34.415,1.9233
14.467,15.019,-0.28276,-0.046625,34.352,2.2704
14.431,15.014,-0.29305,-0.049462,34.288,2.411
14.395,15.009,-0.36617,-0.052205,34.238,2.8776
14.35,15.004,-0.37852,-0.05566,34.175,3.0639
14.304,14.999,-0.27824,-0.059341,34.107,2.659
14.267,14.993,-0.35995,-0.062162,34.034,3.1819
14.23,14.987,-0.50237,-0.065002,33.956,4.1395
14.171,14.98,-0.4331,-0.069731,33.868,3.8718
14.121,14.973,-0.36718,-0.073693,33.793,3.6145
14.09,14.966,-0.3573,-0.076043,33.704,3.631
14.057,14.958,-0.23858,-0.078526,33.619,3.0561
14.034,14.95,-0.044515,-0.080192,33.531,2.2023
14.031,14.942,0.048655,-0.080002,33.447,1.8289
14.031,14.934,0.031282,-0.079596,33.362,1.8719
14.041,14.926,0.015862,-0.078326,33.274,1.8839
14.046,14.918,0.085549,-0.077508,33.186,1.6066
14.05,14.911,0.09768,-0.076717,33.098,1.5374
14.051,14.903,0.028539,-0.076206,33.011,1.7518
14.061,14.895,0.058569,-0.074988,32.921,1.6054
14.074,14.888,0.056705,-0.073414,32.831,1.562
14.071,14.881,0.033232,-0.073273,32.76,1.6321
14.07,14.873,0.138,-0.072903,32.675,1.2782
14.09,14.866,0.12296,-0.070695,32.594,1.2627
14.1,14.859,0.11704,-0.069406,32.508,1.2421
14.104,14.852,0.10756,-0.068634,32.435,1.2459
14.106,14.845,0.18769,-0.068018,32.362,1.0025
14.13,14.838,0.16272,-0.065397,32.297,1.0048
14.138,14.832,0.20832,-0.064261,32.22,0.8592
14.163,14.825,0.24435,-0.061528,32.144,0.71474
14.186,14.819,0.29805,-0.059031,32.087,0.5535
14.21,14.813,0.26678,-0.056376,32.028,0.55981
14.246,14.808,0.2325,-0.052622,31.965,0.55244
14.262,14.802,0.26597,-0.050735,31.9,0.44782
14.288,14.797,0.26236,-0.047913,31.857,0.40018
14.32,14.792,0.29495,-0.04456,31.799,0.28184
14.347,14.788,0.33391,-0.041686,31.75,0.1735
14.387,14.784,0.30816,-0.037591,31.715,0.14057
14.415,14.78,0.28512,-0.034651,31.668,0.12306
14.436,14.777,0.27361,-0.032446,31.624,0.10166
14.46,14.773,0.24302,-0.0299,31.588,0.10353
14.494,14.77,0.22084,-0.026406,31.548,0.077352
14.513,14.768,0.22488,-0.024337,31.515,0.035194
14.527,14.765,0.2296,-0.022815,31.485,0.0021212
14.541,14.763,0.24649,-0.021291,31.467,0
14.557,14.761,0.22079,-0.019584,31.438,0
14.572,14.759,0.14666,-0.017966,31.427,0.050687
14.578,14.757,0.081105,-0.01725,31.402,0.16147
14.593,14.755,0.062142,-0.015582,31.38,0.16862
14.595,14.754,0.059374,-0.015327,31.366,0.16937
14.593,14.752,0.077533,-0.015367,31.346,0.1322
14.6,14.751,0.12225,-0.014555,31.329,0.03162
14.606,14.749,0.19748,-0.013859,31.316,0
14.617,14.748,0.24525,-0.012629,31.294,0
14.636,14.747,0.23513,-0.01066,31.274,0
14.665,14.746,0.22908,-0.0078337,31.267,0
14.678,14.745,0.23188,-0.0064301,31.25,0
14.696,14.744,0.24441,-0.004716,31.241,0
14.719,14.744,0.24357,-0.0023728,31.235,0
14.735,14.743,0.28856,-0.00083472,31.225,0
14.759,14.743,0.32538,0.0078551,31.224,0
14.795,14.744,0.34508,0.02625,31.22,0
14.835,14.747,0.31934,0.04551,31.231,0
14.867,14.751,0.32367,0.05916,31.235,0
14.906,14.757,0.32479,0.076199,31.241,0
14.936,14.765,0.32224,0.087898,31.253,0
14.973,14.774,0.32367,0.10245,31.273,0
15.006,14.784,0.32695,0.1138,31.296,0
15.046,14.795,0.32796,0.12837,31.324,0
15.073,14.808,0.31194,0.13551,31.346,0
15.1,14.822,0.3293,0.14227,31.371,0
15.126,14.836,0.34708,0.14811,31.4,0
15.17,14.851,0.35557,0.16295,31.423,0
15.204,14.867,0.34462,0.17182,31.446,0
15.246,14.884,0.33821,0.18452,31.484,0
15.277,14.903,0.33708,0.19049,31.528,0
15.308,14.922,0.31219,0.19647,31.575,0
15.337,14.941,0.3091,0.20095,31.608,0
15.37,14.961,0.33561,0.2073,31.645,0
15.394,14.982,0.33949,0.20865,31.686,0
15.433,15.003,0.30176,0.21784,31.725,0
15.472,15.025,0.31433,0.22611,31.765,0
15.495,15.047,0.31262,0.22596,31.8,0
15.518,15.07,0.26373,0.22577,31.851,0
15.536,15.093,0.25984,0.22352,31.887,0
15.561,15.115,0.25212,0.22419,31.938,0
15.586,15.137,0.18918,0.22521,31.975,0
15.608,15.16,0.097956,0.22504,32.03,0
15.615,15.182,0.097244,0.21695,32.083,0
15.634,15.204,0.096127,0.21506,32.118,0
15.645,15.226,0.083644,0.20953,32.156,0
15.646,15.247,0.069183,0.19953,32.196,0
15.646,15.267,0.077094,0.18929,32.232,0
15.65,15.285,0.042479,0.18155,32.264,0
15.656,15.304,0.0068456,0.17564,32.307,0
15.653,15.321,0.01634,0.16524,32.336,0
15.653,15.338,0.026789,0.15657,32.36,0
15.648,15.353,0.028758,0.14615,32.387,0
15.649,15.368,0.017508,0.13939,32.421,0
15.657,15.382,-0.0024181,0.13619,32.444,0
15.657,15.396,-0.015908,0.12954,32.473,0
15.664,15.408,0.027427,0.12622,32.492,0
15.67,15.421,0.061978,0.12331,32.525,0
15.682,15.433,0.087997,0.12275,32.559,0
15.697,15.446,0.12659,0.12409,32.579,0
15.702,15.458,0.15022,0.12065,32.614,0
15.709,15.47,0.11838,0.11761,32.633,0
15.711,15.482,0.11248,0.11307,32.661,0
15.73,15.493,0.14942,0.11671,32.69,0
15.74,15.505,0.13783,0.11578,32.713,0
15.752,15.516,0.11835,0.11578,32.729,0
15.757,15.528,0.15231,0.11284,32.754,0
15.768,15.539,0.19906,0.11231,32.785,0
15.788,15.551,0.1808,0.11677,32.812,0
15.797,15.562,0.2023,0.11525,32.846,0
15.807,15.574,0.23641,0.1147,32.865,0
15.827,15.585,0.19075,0.11876,32.892,0
15.843,15.597,0.11407,0.12048,32.918,0
15.858,15.609,0.10278,0.12213,32.941,0
15.862,15.621,0.094254,0.11792,32.962,0
15.871,15.633,0.06383,0.11629,32.989,0
15.871,15.645,0.05116,0.11052,33.003,0
15.885,15.656,0.022242,0.112,33.025,0
15.879,15.667,-0.036218,0.10337,33.051,0
15.876,15.677,-0.071725,0.096973,33.073,0
15.874,15.687,-0.11549,0.091124,33.097,0.085681
15.868,15.696,-0.14453,0.083822,33.106,0.18138
15.854,15.705,-0.18654,0.072775,33.119,0.32922
15.84,15.712,-0.21792,0.06225,33.132,0.45079
15.809,15.718,-0.25858,0.044281,33.135,0.6258
15.782,15.723,-0.29791,0.029111,33.151,0.79962
15.759,15.725,-0.31214,0.016314,33.163,0.88018
15.732,15.727,-0.24612,0.0026244,33.167,0.67063
15.714,15.727,-0.16657,-0.0012873,33.157,0.4518
15.703,15.727,-0.10265,-0.0022659,33.148,0.29238
15.694,15.727,-0.018331,-0.0031071,33.147,0.10209
15.695,15.727,0.052371,-0.0030178,33.141,0
15.707,15.726,0.076355,-0.0018196,33.141,0
15.723,15.726,0.072911,-0.00028838,33.146,0
15.725,15.726,0.090157,-8.5407e-05,33.153,0
15.74,15.726,0.1052,0.0068096,33.153,0
15.752,15.727,0.0993,0.012093,33.16,0
15.755,15.728,0.099469,0.012909,33.167,0
15.771,15.729,0.12173,0.020501,33.163,0
15.792,15.731,0.070736,0.029717,33.177,0
15.803,15.734,0.0086474,0.033368,33.19,0
15.798,15.738,-0.027788,0.029493,33.206,0
15.801,15.741,-0.071417,0.029401,33.206,0.10099
15.785,15.744,-0.15071,0.020061,33.211,0.33295
15.763,15.746,-0.21512,0.0084981,33.224,0.5549
15.735,15.746,-0.24271,-0.0010666,33.23,0.69117
15.704,15.746,-0.28438,-0.0040162,33.23,0.91566
15.675,15.746,-0.2924,-0.0066361,33.222,1.015
15.644,15.745,-0.2823,-0.0095427,33.212,1.0532
15.607,15.744,-0.23128,-0.012942,33.201,0.95179
15.579,15.743,-0.17301,-0.015425,33.195,0.8116
15.561,15.741,-0.11621,-0.017006,33.183,0.66766
15.541,15.74,-0.08852,-0.01873,33.168,0.62433
15.525,15.738,-0.10135,-0.020094,33.152,0.69422
15.522,15.736,-0.12419,-0.020174,33.122,0.76645
15.512,15.734,-0.15268,-0.020906,33.103,0.87647
15.492,15.732,-0.15742,-0.022671,33.086,0.93553
15.478,15.73,-0.17244,-0.023773,33.062,1.0143
15.452,15.727,-0.16129,-0.026054,33.037,1.0316
15.445,15.725,-0.1444,-0.02653,33.014,0.98447
15.425,15.722,-0.15554,-0.028158,32.994,1.0628
15.413,15.719,-0.1773,-0.029079,32.961,1.1627
15.39,15.716,-0.16221,-0.031027,32.92,1.1559
15.378,15.713,-0.13486,-0.031977,32.878,1.0814
15.367,15.71,-0.076302,-0.032785,32.84,0.90528
15.36,15.707,-0.036684,-0.033184,32.815,0.79223
15.346,15.703,-0.014916,-0.034191,32.77,0.74973
15.352,15.7,0.0050097,-0.033363,32.728,0.67384
15.358,15.696,0.017871,-0.032596,32.684,0.62084
15.368,15.693,-0.049743,-0.031375,32.649,0.78382
15.358,15.69,-0.12584,-0.03208,32.606,1.0421
15.352,15.687,-0.2262,-0.032367,32.565,1.4177
15.328,15.684,-0.34667,-0.034408,32.54,1.9958
15.288,15.68,-0.48653,-0.038054,32.508,2.8307
15.248,15.676,-0.59459,-0.041662,32.459,3.6022
15.198,15.672,-0.65613,-0.046239,32.406,4.1716
15.125,15.668,-0.7154,-0.053031,32.345,4.8431
15.053,15.662,-0.77179,-0.059701,32.287,5.5293
14.974,15.656,-0.77251,-0.066938,32.23,5.8056
14.907,15.65,-0.74841,-0.073138,32.159,5.8351
14.83,15.642,-0.74301,-0.08021,32.086,6.0497
14.753,15.634,-0.68948,-0.087419,31.995,5.8708
14.683,15.626,-0.62354,-0.093905,31.903,5.577
14.629,15.616,-0.59493,-0.098753,31.806,5.5164
14.566,15.606,-0.52703,-0.10461,31.698,5.2032
14.504,15.596,-0.4388,-0.1103,31.6,4.7669
14.457,15.585,-0.30397,-0.11446,31.499,4.0343
14.423,15.573,-0.16743,-0.11724,31.392,3.3455
14.4,15.562,-0.042704,-0.11898,31.286,2.7775
14.387,15.55,0.0075478,-0.11974,31.168,2.5606
14.393,15.538,0.026642,-0.1185,31.059,2.4344
14.394,15.526,-0.052987,-0.11785,30.939,2.7376
14.394,15.514,-0.15055,-0.11725,30.817,3.1606
14.388,15.502,-0.25537,-0.11725,30.701,3.691
14.365,15.491,-0.37195,-0.11906,30.595,4.4134
14.33,15.479,-0.48147,-0.12207,30.486,5.2126
14.278,15.467,-0.54332,-0.12695,30.379,5.7965
14.223,15.454,-0.58738,-0.13215,30.267,6.2814
14.171,15.441,-0.64822,-0.13708,30.146,6.9126
14.099,15.427,-0.70458,-0.1442,30.024,7.6137
14.029,15.413,-0.73218,-0.15116,29.897,8.0729
13.958,15.397,-0.73603,-0.15837,29.757,8.3218
13.893,15.382,-0.73671,-0.16491,29.602,8.5091
13.829,15.365,-0.67233,-0.17155,29.445,8.0965
13.759,15.348,-0.54433,-0.17888,29.279,7.1887
13.708,15.33,-0.40936,-0.18398,29.122,6.2524
13.663,15.312,-0.33848,-0.18849,28.958,5.8289
13.626,15.293,-0.22441,-0.19203,28.801,5.1289
13.599,15.274,-0.11216,-0.19458,28.63,4.4796
13.586,15.254,-0.029252,-0.19539,28.471,4.009
13.584,15.235,0.013359,-0.19483,28.312,3.7393
13.589,15.215,0.068487,-0.19347,28.155,3.408
13.586,15.196,0.038087,-0.1931,27.993,3.4981
13.594,15.176,-0.044321,-0.19145,27.825,3.8168
13.585,15.157,-0.17504,-0.19174,27.668,4.4859
13.562,15.138,-0.32581,-0.19369,27.517,5.4241
13.536,15.119,-0.49955,-0.1961,27.359,6.6875
13.484,15.099,-0.62549,-0.20172,27.2,7.8255
13.413,15.079,-0.73148,-0.20995,27.032,8.9687
13.34,15.058,-0.78016,-0.21842,26.859,9.6284
13.268,15.036,-0.79534,-0.2268,26.691,9.9648
13.197,15.013,-0.8065,-0.2352,26.51,10.251
13.119,14.99,-0.81867,-0.24484,26.315,10.576
13.043,14.965,-0.79723,-0.25414,26.129,10.539
12.953,14.94,-0.79614,-0.26521,25.943,10.762
12.878,14.914,-0.81038,-0.27488,25.737,11.084
12.787,14.886,-0.77707,-0.28654,25.536,10.959
12.699,14.857,-0.7596,-0.29805,25.324,10.982
12.619,14.828,-0.74003,-0.30853,25.113,10.947
12.547,14.797,-0.84283,-0.31833,24.889,12.181
12.468,14.765,-1.0995,-0.32938,24.653,15.471
12.353,14.732,-1.5102,-0.34555,24.424,22.1
12.2,14.697,-1.9851,-0.368,24.173,32.335
12.007,14.661,-2.516,-0.39692,23.921,47.925
11.755,14.621,-2.9022,-0.43565,23.646,63.218
11.471,14.577,-3.2054,-0.48058,23.345,78.091
11.154,14.529,-3.4078,-0.53258,23.021,89.92
10.822,14.476,-3.5322,-0.58897,22.672,98.221
10.478,14.417,-3.6429,-0.64988,22.292,106.06
10.113,14.352,-3.7743,-0.71766,21.881,115.6
9.7325,14.28,-3.8137,-0.79219,21.437,119.25
9.3495,14.201,-3.8781,-0.87108,20.971,124.55
8.9558,14.114,-3.938,-0.9571,20.474,129.58
8.5641,14.018,-4.0154,-1.0484,19.952,135.86
8.1559,13.914,-4.0548,-1.1506,19.392,32.4
7.7492,13.798,-4.1234,-1.2604,18.805,32.018
7.3384,13.672,-4.1008,-1.3818,18.179,31.537
6.9272,13.534,-4.1352,-1.513,17.535,30.977
6.518,13.383,-4.0863,-1.6577,16.856,30.272
6.1149,13.217,-4.1218,-1.8131,16.165,29.495
5.7044,13.036,-4.1535,-1.9861,15.453,28.612
5.2794,12.837,-4.1988,-2.184,14.711,27.616
4.8666,12.619,-4.2196,-2.4011,13.948,26.465
4.4381,12.379,-4.2657,-2.6499,13.165,25.215
4.0101,12.114,-4.2651,-2.9298,12.365,23.775
3.5865,11.821,-4.2973,-3.2433,11.553,22.262
3.1567,11.496,-4.3368,-7.5797,10.724,10.282
2.7321,10.738,-4.363,-7.5979,9.9077,9.6156
2.3035,9.9787,-4.4164,-7.6473,9.1165,8.9453
1.858,9.214,-4.4902,-7.7231,8.3685,8.2865
1.4053,8.4416,-4.4849,-7.7252,7.6398,7.6159
0.95838,7.6691,-4.501,-7.7355,6.9614,6.9605
0.50249,6.8956,-4.4939,-7.7302,6.3146,6.3057
0.057855,6.1226,-4.484,-7.7176,5.6872,5.638
-0.39434,5.3508,-4.4389,-8.8,5.1003,2.6137
-0.84737,4.4708,-4.3592,-8.8,4.546,1.5711
-1.2882,3.5908,-4.1891,-8.8,4.0376,0.31319
-1.6984,2.7108,-3.9853,-8.8,3.5789,0
-2.1058,1.8308,-3.7165,-8.8,3.1622,0
-2.4765,0.95079,-3.4083,-8.8,2.7999,0
-2.8079,0.070789,-3.1135,-8.8,2.4844,0
-3.1105,0,-2.7913,-8.8,2.2308,0
-3.3796,0,-2.4188,-8.8,1.9453,0
-3.6182,0,-2.0977,-8.8,1.6418,0
-3.8304,0,-1.8179,-8.8,1.3153,0
-4.013,0,-1.5827,-9.8425,0.97488,0
-4.1791,0,-1.4425,-15.498,0.62127,0
-4.3303,0,-1.3841,-35.019,0.27876,0
-4.4628,0,-1.2833,-584.99,0.01706,0
-4.5919,0,-1.1595,-8.8,2.4855,0
-4.7058,0,-1.0451,-8.8,2.0736,0
-4.8021,0,-0.93106,-8.8,1.6454,0
-4.886,0,-0.84474,-10.788,1.2005,0
-4.965,0,-0.80189,-16.839,0.76856,0
-5.0425,0,-0.74859,-36.555,0.35507,0
-5.1237,0,-0.6625,-516.27,0.025457,0
-5.1959,0,-0.53317,-8.8,2.0929,0
-5.2521,0,-0.39688,-8.9239,1.6174,0
-5.2937,0,-0.27508,-12.546,1.1418,0
-5.3297,0,-0.20768,-21.108,0.67954,0
-5.3579,0,-0.19508,-55.71,0.25856,0
-5.3859,0,-0.26396,-1973.9,0.0073487,0
-5.4131,0,-0.34911,-0.34911,9.3423,11.097
-5.4387,0,-0.44842,-0.44842,8.8029,11.149
-5.4868,0,-0.55249,-0.55249,8.2568,11.248
-5.5409,0,-0.6328,-0.6328,7.7142,11.359
-5.6107,0,-0.68006,-0.68006,7.1657,11.502
-5.6838,0,-0.72731,-0.72731,6.5965,11.652
-5.7487,0,-0.75252,-0.75252,6.0263,11.785
-5.828,0,-0.76341,-0.76341,5.4451,11.947
-5.897,0,-0.71945,-8.8,4.8601,0
-5.9597,0,-0.65095,-8.8,4.3184,0
-6.0303,0,-0.59293,-8.8,3.7696,0
-6.0947,0,-0.55594,-8.8,3.2079,0
-6.1454,0,-0.49415,-8.8,2.6489,0
-6.1899,0,-0.482,-9.7279,2.072,0
-6.2414,0,-0.50739,-13.561,1.4921,0
-6.2827,0,-0.51279,-21.867,0.92422,0
-6.3381,0,-0.49409,-50.744,0.39971,0
-6.3826,0,-0.49046,-943.26,0.021605,0
-6.4279,0,-0.50896,-8.8,4.0935,0
-6.4839,0,-0.52226,-8.8,3.4864,0
-6.5355,0,-0.50236,-8.8,2.8713,0
-6.5783,0,-0.50047,-10.094,2.2555,0
-6.6337,0,-0.50388,-13.921,1.64,0
-6.6938,0,-0.41988,-21.72,1.0518,0
-6.7415,0,-0.30694,-46.015,0.49716,0
-6.7702,0,-0.226,-384.94,0.05957,0
-6.7929,0,-0.13302,-17.925,1.2968,0
-6.8116,0,-0.066226,-32.568,0.71377,0
-6.817,0,-0.12253,-117.8,0.19746,0
-6.8302,0,-0.22602,-221.27,0.10552,0
-6.8484,0,-0.3338,-44.474,0.53126,0
-6.8902,0,-0.45292,-352.82,0.067366,0
-6.9277,0,-0.54599,-21.722,1.1332,0
-6.9808,0,-0.59388,-45.1,0.54746,0
-7.0498,0,-0.61794,-307.61,0.080946,0
-7.1059,0,-0.64067,-28.361,0.91076,0
-7.167,0,-0.65687,-74.565,0.3475,0
-7.2328,0,-0.68423,-3298,0.0079329,0
-7.3017,0,-0.71159,-0.71159,15.779,14.969
-7.3747,0,-0.72872,-0.72872,15.043,15.118
-7.442,0,-0.73856,-0.73856,14.303,15.256
-7.521,0,-0.75153,-0.75153,13.55,15.418
-7.5996,0,-0.73843,-0.73843,12.802,15.579
-7.6815,0,-0.67109,-0.67109,12.037,15.747
-7.7412,0,-0.60818,-0.60818,11.276,15.869
-7.7928,0,-0.57862,-0.57862,10.504,15.975
-7.8466,0,-0.53583,-0.53583,9.7195,16.086
-7.8992,0,-0.48921,-0.48921,8.9396,16.193
-7.9388,0,-0.50403,-0.50403,8.1418,16.275
-7.993,0,-0.53198,-0.53198,7.3566,16.386
-8.0449,0,-0.51841,-0.51841,6.55,16.492
-8.0933,0,-0.50129,-0.50129,5.7399,16.591
-8.1357,0,-0.52375,-8.8,4.9405,0
-8.198,0,-0.53324,-8.8,4.1646,0
-8.2486,0,-0.51498,-10.551,3.3898,0
-8.309,0,-0.51037,-13.679,2.6213,0
-8.3594,0,-0.52485,-19.448,1.8464,0
-8.4193,0,-0.5116,-32.471,1.109,0
-8.4724,0,-0.49584,-84.18,0.42888,0
-8.5248,0,-0.50475,9.8,1,39.129
-8.5782,0.98,-0.51182,-440.28,0.10387,0
-8.6381,0,-0.50401,-28.146,1.3497,0
-8.6985,0,-0.50678,-61.54,0.61985,0
-8.7582,0,-0.51555,-699.63,0.05486,0
-8.8041,0,-0.51286,-15.024,2.6708,0
-8.8557,0,-0.50074,-21.564,1.8616,0
-8.9153,0,-0.50267,-37.149,1.0845,0
-8.9616,0,-0.50518,-109.61,0.36806,0
-9.0073,0,-0.50205,-1856.6,0.021856,0
-9.048,0,-0.50426,-0.50426,8.4053,18.548
-9.0996,0,-0.51278,-0.51278,7.5022,18.654
-9.1423,0,-0.50751,-0.50751,6.5859,18.742
-9.1921,0,-0.50372,-0.50372,5.6779,18.844
-9.2492,0,-0.50762,-9.4965,4.7585,0.072991
-9.292,0,-0.50371,-11.631,3.8799,0
-9.3416,0,-0.49763,-15.019,3.0047,0
-9.3906,0,-0.50226,-21.137,2.1368,0
-9.441,0,-0.50922,-34.533,1.3098,0
-9.4994,0,-0.50826,-83.498,0.54368,0
-9.5501,0,-0.50827,-3933.1,0.011596,0
-9.6015,0,-0.51216,-0.51216,18.724,19.683
-9.6619,0,-0.51268,-0.51268,17.756,19.807
-9.7038,0,-0.50551,-0.50551,16.78,19.893
-9.7577,0,-0.5037,-0.5037,15.815,20.003
-9.8124,0,-0.50495,-0.50495,14.845,20.115
-9.8533,0,-0.50489,-0.50489,13.874,20.199
-9.9001,0,-0.50681,-0.50681,12.886,20.295
-9.9517,0,-0.51163,-0.51163,11.894,20.401
-9.9968,0,-0.51241,-0.51241,10.892,20.494
-10.044,0,-0.50869,-0.50869,9.8989,20.59
-10.087,0,-0.50707,-0.50707,8.9015,20.678
-10.142,0,-0.50661,-0.50661,7.8884,20.791
-10.194,0,-0.50369,-0.50369,6.8661,20.898
-10.251,0,-0.50346,-0.50346,5.8489,21.014
-10.304,0,-0.50712,-11.495,4.8311,0
-10.365,0,-0.51028,-14.41,3.8643,0
-10.406,0,-0.51023,-19.142,2.9058,0
-10.465,0,-0.51097,-28.392,1.964,0
-10.516,0,-0.51425,-53.331,1.0469,0
-10.573,0,-0.51465,-216,0.25938,0
-10.625,0,-0.51364,-196.09,0.2886,0
-10.67,0,-0.5149,-272.93,0.20898,0
-10.719,0,-0.51583,-116.49,0.49532,0
-10.779,0,-0.51317,9.8,1,43.767
-10.834,0.98,-0.48424,9.8,1,45.829
-10.883,1.96,-0.36494,9.8,1,47.687
-10.924,2.94,-0.22474,9.8,1,49.486
-10.946,3.92,-0.0869,9.8,1,51.249
-10.949,4.9,0.042687,9.8,1,52.993
-10.943,5.88,0.13862,9.8,1,54.787
-10.935,6.86,0.13759,9.8,1,56.782
-10.931,7.84,0.11181,9.8,1,58.837
