23.889,23.889,0.29754,0,35.5,0
23.91,23.889,0.18069,0.0053082,35.509,0
23.923,23.889,0.25725,0.0086931,35.518,0
23.957,23.89,0.23143,0.017277,35.515,0
23.99,23.892,0.21798,0.025127,35.532,0
24.011,23.895,0.21016,0.030063,35.544,0
24.025,23.898,0.17539,0.032866,35.549,0
24.045,23.901,0.16228,0.037185,35.561,0
24.058,23.905,0.15799,0.03941,35.577,0
24.077,23.908,0.15229,0.043286,35.588,0
24.091,23.913,0.13987,0.045883,35.602,0
24.114,23.917,0.1274,0.05075,35.624,0
24.132,23.922,0.099889,0.054062,35.641,0
24.14,23.928,0.090544,0.05468,35.672,0
24.154,23.933,0.086882,0.056847,35.687,0
24.156,23.939,0.09583,0.055879,35.716,0
24.166,23.945,0.085765,0.057087,35.744,0
24.174,23.95,0.076843,0.057793,35.765,0
24.191,23.956,0.058587,0.060571,35.781,0
24.196,23.962,0.058504,0.060395,35.807,0
24.197,23.968,0.027562,0.059055,35.824,0
24.204,23.974,-0.001197,0.059235,35.839,0
24.2,23.98,-0.029286,0.056656,35.87,0
24.206,23.986,-0.044609,0.056945,35.886,0
24.208,23.991,-0.060564,0.056049,35.915,0
24.204,23.997,-0.075651,0.05339,35.931,0
24.201,24.002,-0.076059,0.051202,35.957,0
24.195,24.007,-0.081575,0.04853,35.976,0
24.179,24.012,-0.098659,0.043174,35.997,0
24.18,24.017,-0.13191,0.042086,36.004,0.054794
24.166,24.021,-0.14517,0.037448,36.025,0.11914
24.144,24.025,-0.15346,0.03086,36.049,0.18382
24.134,24.028,-0.13511,0.027477,36.053,0.1554
24.128,24.03,-0.11604,0.025113,36.061,0.12005
24.121,24.033,-0.1015,0.022636,36.078,0.098367
24.118,24.035,-0.094843,0.02147,36.088,0.088899
24.116,24.037,-0.10893,0.020423,36.103,0.13111
24.11,24.039,-0.12847,0.018165,36.104,0.19669
24.096,24.041,-0.13943,0.014091,36.114,0.25252
24.075,24.043,-0.11645,0.0083221,36.129,0.22682
24.055,24.043,-0.085802,0.0028842,36.123,0.1812
24.053,24.044,-0.042276,0.0024243,36.115,0.078787
24.039,24.044,-0.02777,-0.00058076,36.125,0.068526
24.042,24.044,-0.023679,-0.0001943,36.133,0.053913
24.044,24.044,-0.055362,1.0633e-05,36.14,0.12405
24.04,24.044,-0.091824,-0.00049262,36.139,0.22193
24.035,24.044,-0.12702,-0.0012025,36.137,0.32713
24.021,24.044,-0.14063,-0.0029733,36.143,0.3935
24.01,24.043,-0.13869,-0.0042987,36.137,0.40892
23.995,24.043,-0.13608,-0.0062204,36.132,0.4319
23.979,24.042,-0.12749,-0.0081408,36.129,0.4376
23.965,24.042,-0.11897,-0.0098783,36.115,0.44056
23.947,24.041,-0.12076,-0.012078,36.102,0.48043
23.927,24.039,-0.13927,-0.014591,36.09,0.57557
23.912,24.038,-0.15471,-0.016245,36.084,0.65023
23.889,24.036,-0.17413,-0.019063,36.064,0.75935
23.864,24.034,-0.18729,-0.022047,36.039,0.85364
23.849,24.032,-0.20131,-0.023772,36.029,0.93159
23.83,24.03,-0.193,-0.025891,36.013,0.93899
23.818,24.027,-0.18873,-0.027187,35.994,0.94613
23.791,24.024,-0.20545,-0.030315,35.976,1.0596
23.768,24.021,-0.2426,-0.032986,35.947,1.2455
23.735,24.018,-0.2978,-0.036878,35.925,1.541
23.705,24.014,-0.34923,-0.040377,35.897,1.8351
23.673,24.01,-0.38,-0.044075,35.856,2.0528
23.629,24.006,-0.37352,-0.049301,35.83,2.1266
23.585,24.001,-0.3315,-0.054497,35.797,2.0294
23.556,23.996,-0.27852,-0.057619,35.761,1.8481
23.537,23.99,-0.24637,-0.059491,35.723,1.7429
23.512,23.984,-0.2215,-0.062145,35.672,1.6856
23.487,23.978,-0.20653,-0.064748,35.633,1.6702
23.46,23.971,-0.21507,-0.067548,35.577,1.7537
23.446,23.964,-0.204,-0.068581,35.532,1.7243
23.422,23.958,-0.20603,-0.071055,35.477,1.7747
23.411,23.951,-0.19325,-0.071744,35.425,1.7314
23.393,23.943,-0.22022,-0.073269,35.37,1.8682
23.376,23.936,-0.21968,-0.074778,35.316,1.8903
23.353,23.929,-0.24891,-0.077048,35.266,2.057
23.337,23.921,-0.22785,-0.078307,35.202,1.9831
23.306,23.913,-0.24175,-0.08158,35.146,2.1017
23.28,23.905,-0.21791,-0.084282,35.084,2.042
23.248,23.896,-0.23478,-0.087598,35.021,2.1737
23.228,23.888,-0.21502,-0.089435,34.953,2.1142
23.199,23.879,-0.25736,-0.092312,34.887,2.3551
23.166,23.869,-0.24462,-0.095863,34.809,2.3559
23.149,23.86,-0.23573,-0.09727,34.73,2.3339
23.131,23.85,-0.21795,-0.09865,34.668,2.2728
23.113,23.84,-0.23947,-0.10001,34.599,2.3903
23.083,23.83,-0.21714,-0.10306,34.521,2.3365
23.06,23.82,-0.22984,-0.10514,34.454,2.427
23.035,23.809,-0.21591,-0.10744,34.375,2.3972
23.007,23.799,-0.21702,-0.11023,34.304,2.4464
22.987,23.788,-0.21877,-0.11178,34.229,2.4751
22.964,23.777,-0.22017,-0.11392,34.148,2.5121
22.944,23.765,-0.2007,-0.11547,34.073,2.4422
22.916,23.754,-0.20227,-0.11816,33.983,2.4879
22.889,23.742,-0.19296,-0.12069,33.902,2.4816
22.88,23.73,-0.15267,-0.12074,33.823,2.2938
22.859,23.718,-0.14082,-0.12245,33.74,2.263
22.836,23.705,-0.14241,-0.12436,33.658,2.2936
22.818,23.693,-0.13943,-0.12563,33.574,2.293
22.809,23.68,-0.10098,-0.12554,33.483,2.1198
22.797,23.668,-0.079848,-0.12595,33.392,2.0314
22.798,23.655,-0.053824,-0.12451,33.298,1.897
22.789,23.643,-0.054064,-0.12445,33.22,1.8891
22.79,23.63,-0.0617,-0.12297,33.128,1.8853
22.791,23.618,-0.094779,-0.12146,33.043,1.9815
22.79,23.606,-0.11361,-0.12027,32.96,2.0294
22.78,23.594,-0.14371,-0.12031,32.888,2.1472
22.758,23.582,-0.16499,-0.12216,32.809,2.2601
22.735,23.57,-0.16648,-0.12429,32.719,2.2916
22.727,23.557,-0.18959,-0.12409,32.636,2.3813
22.718,23.545,-0.22544,-0.12403,32.56,2.5364
22.702,23.532,-0.27745,-0.12491,32.483,2.7944
22.668,23.52,-0.34766,-0.12858,32.406,3.2168
22.628,23.507,-0.38876,-0.13318,32.327,3.5208
22.593,23.494,-0.39501,-0.137,32.232,3.6141
22.555,23.48,-0.39389,-0.14134,32.139,3.6742
22.521,23.466,-0.35681,-0.14501,32.035,3.5124
22.487,23.451,-0.29468,-0.14869,31.943,3.2237
22.453,23.437,-0.25467,-0.15218,31.855,3.0629
22.429,23.421,-0.20284,-0.15417,31.76,2.8257
22.413,23.406,-0.14192,-0.15494,31.661,2.5421
22.406,23.39,-0.068587,-0.15434,31.559,2.208
22.39,23.375,0.0083745,-0.15524,31.454,1.9126
22.384,23.359,0.05957,-0.15428,31.357,1.7093
22.381,23.344,0.11223,-0.15301,31.26,1.5131
22.4,23.329,0.16642,-0.14836,31.16,1.2876
22.411,23.314,0.22037,-0.14461,31.078,1.0959
22.436,23.299,0.2879,-0.13894,30.999,0.87419
22.464,23.286,0.33848,-0.13267,30.909,0.70542
22.489,23.272,0.34586,-0.12698,30.824,0.63072
22.532,23.26,0.33526,-0.11833,30.742,0.55971
22.575,23.248,0.32515,-0.10983,30.681,0.49177
22.598,23.237,0.31072,-0.10461,30.618,0.46227
22.628,23.226,0.28991,-0.098205,30.547,0.43196
22.657,23.216,0.29253,-0.092098,30.487,0.36735
22.691,23.207,0.30231,-0.085145,30.432,0.28599
22.731,23.199,0.2999,-0.077408,30.384,0.21805
22.766,23.191,0.26907,-0.070385,30.344,0.1983
22.797,23.184,0.25466,-0.064352,30.298,0.16369
22.816,23.178,0.24608,-0.060157,30.257,0.13738
22.833,23.172,0.25384,-0.056371,30.223,0.091283
22.857,23.166,0.26508,-0.051491,30.199,0.032554
22.877,23.161,0.28904,-0.047377,30.174,0
22.915,23.156,0.32143,-0.04037,30.149,0
22.948,23.152,0.34084,-0.034176,30.135,0
22.976,23.149,0.35402,-0.028914,30.107,0
23.008,23.146,0.3673,-0.023113,30.095,0
23.044,23.143,0.37209,-0.016633,30.081,0
23.089,23.142,0.37171,-0.0088801,30.07,0
23.124,23.141,0.35337,-0.0027652,30.059,0
23.159,23.14,0.32294,0.00431,30.054,0
23.184,23.141,0.27164,0.01001,30.054,0
23.213,23.142,0.2258,0.016529,30.066,0
23.237,23.144,0.18886,0.021862,30.067,0
23.252,23.146,0.21119,0.024806,30.076,0
23.279,23.148,0.2371,0.030588,30.093,0
23.31,23.151,0.27433,0.037085,30.097,0
23.338,23.155,0.32202,0.042885,30.118,0
23.361,23.159,0.3725,0.047183,30.14,0
23.391,23.164,0.38949,0.053136,30.16,0
23.43,23.169,0.40157,0.061082,30.183,0
23.462,23.175,0.40686,0.067282,30.219,0
23.503,23.182,0.41843,0.07539,30.255,0
23.537,23.19,0.38122,0.081481,30.298,0
23.579,23.198,0.3686,0.089594,30.333,0
23.626,23.207,0.36437,0.098521,30.382,0
23.671,23.217,0.4015,0.10685,30.416,0
23.721,23.227,0.43255,0.11609,30.462,0
23.767,23.239,0.51879,0.12431,30.522,0
23.818,23.251,0.54543,0.13357,30.577,0
23.882,23.265,0.57622,0.14552,30.632,0
23.948,23.279,0.56778,0.15783,30.703,0
24.005,23.295,0.54163,0.16783,30.781,0
24.062,23.312,0.48499,0.17752,30.859,0
24.114,23.33,0.46509,0.18582,30.933,0
24.17,23.348,0.43633,0.19489,31.006,0
24.218,23.368,0.42608,0.2018,31.085,0
24.269,23.388,0.42666,0.20928,31.18,0
24.319,23.409,0.46023,0.21638,31.263,0
24.375,23.43,0.46104,0.22476,31.362,0
24.416,23.453,0.46907,0.22939,31.449,0
24.472,23.476,0.47726,0.2376,31.538,0
24.519,23.5,0.46822,0.24328,31.634,0
24.564,23.524,0.42345,0.24855,31.732,0
24.612,23.549,0.4091,0.25446,31.839,0
24.645,23.574,0.39434,0.25639,31.944,0
24.678,23.6,0.37331,0.25866,32.051,0
24.724,23.626,0.36703,0.26371,32.156,0
24.77,23.652,0.37009,0.26857,32.261,0
24.804,23.679,0.37319,0.27063,32.372,0
24.849,23.706,0.35744,0.27537,32.482,0
24.883,23.734,0.32261,0.27723,32.591,0
24.908,23.761,0.26435,0.27681,32.698,0
24.937,23.789,0.19434,0.27747,32.811,0
24.953,23.817,0.095579,0.27478,32.921,0
24.968,23.844,-0.0019143,0.27203,33.033,0
24.959,23.871,-0.079505,0.2636,33.15,0
24.953,23.898,-0.14285,0.25616,33.266,0
24.939,23.923,-0.20358,0.24688,33.366,0
24.915,23.948,-0.25069,0.2352,33.465,0
24.9,23.972,-0.30952,0.22602,33.569,0
24.869,23.994,-0.35284,0.2131,33.669,0
24.833,24.016,-0.38836,0.19942,33.752,0
24.787,24.035,-0.41189,0.18337,33.833,0
24.755,24.054,-0.43524,0.17115,33.899,0.034905
24.711,24.071,-0.41533,0.15629,33.966,0.078684
24.659,24.087,-0.40997,0.14002,34.02,0.18548
24.625,24.101,-0.39202,0.12818,34.07,0.21227
24.593,24.113,-0.36677,0.1174,34.113,0.20533
24.558,24.125,-0.33666,0.1058,34.161,0.18961
24.521,24.136,-0.32591,0.094323,34.205,0.23966
24.495,24.145,-0.31813,0.0856,34.251,0.27917
24.469,24.154,-0.31757,0.077198,34.287,0.34063
24.434,24.161,-0.33108,0.066767,34.313,0.46715
24.404,24.168,-0.34577,0.057697,34.332,0.59043
24.359,24.174,-0.37322,0.045391,34.351,0.79204
24.328,24.178,-0.3963,0.036635,34.359,0.9554
24.296,24.182,-0.42532,0.027821,34.362,1.1507
24.257,24.185,-0.44557,0.017782,34.377,1.3249
24.218,24.187,-0.46376,0.0076181,34.391,1.4956
24.181,24.187,-0.45517,-0.00086519,34.401,1.5366
24.131,24.187,-0.4366,-0.0079734,34.407,1.5791
24.096,24.186,-0.41449,-0.01269,34.398,1.5621
24.047,24.185,-0.38923,-0.019542,34.391,1.57
24.014,24.183,-0.36005,-0.023902,34.375,1.5169
23.977,24.181,-0.3484,-0.028807,34.362,1.5517
23.933,24.178,-0.35271,-0.034588,34.343,1.6725
23.901,24.175,-0.35591,-0.038765,34.319,1.7605
23.859,24.171,-0.35953,-0.044169,34.289,1.8731
23.829,24.166,-0.36346,-0.04784,34.247,1.956
23.795,24.161,-0.36957,-0.052143,34.206,2.0613
23.763,24.156,-0.37995,-0.056019,34.167,2.1808
23.729,24.151,-0.38259,-0.060209,34.122,2.2688
23.691,24.145,-0.38384,-0.064815,34.076,2.3578
23.646,24.138,-0.38585,-0.07044,34.027,2.4696
23.611,24.131,-0.37437,-0.074663,33.979,2.4864
23.573,24.124,-0.36764,-0.079123,33.933,2.5317
23.533,24.116,-0.37691,-0.083966,33.87,2.6646
23.506,24.107,-0.39286,-0.087008,33.802,2.8002
23.473,24.099,-0.39565,-0.090712,33.747,2.8804
23.436,24.09,-0.41716,-0.095062,33.68,3.0751
23.401,24.08,-0.43912,-0.098979,33.611,3.2684
23.358,24.07,-0.45391,-0.10412,33.54,3.4477
23.304,24.06,-0.4692,-0.11082,33.471,3.6641
23.263,24.049,-0.50448,-0.11554,33.402,3.9701
23.214,24.037,-0.51781,-0.12157,33.319,4.1676
23.16,24.025,-0.50694,-0.12831,33.225,4.2209
23.111,24.012,-0.49822,-0.13415,33.129,4.2685
23.067,23.999,-0.48301,-0.13935,33.029,4.2591
23.011,23.985,-0.45629,-0.14611,32.939,4.2084
22.961,23.97,-0.45108,-0.15223,32.833,4.2781
22.914,23.955,-0.45336,-0.15761,32.738,4.3824
22.875,23.939,-0.45377,-0.16184,32.636,4.4502
22.826,23.923,-0.46862,-0.16772,32.522,4.6417
22.779,23.906,-0.48179,-0.17306,32.42,4.8156
22.738,23.889,-0.47766,-0.17761,32.308,4.8553
22.69,23.871,-0.48546,-0.18324,32.189,4.9947
22.642,23.853,-0.47818,-0.18881,32.079,5.0311
22.602,23.834,-0.45835,-0.1931,31.951,4.9521
22.553,23.815,-0.44493,-0.19886,31.835,4.9474
22.505,23.795,-0.43865,-0.20453,31.7,4.9821
22.463,23.774,-0.43078,-0.20912,31.565,4.9845
22.411,23.753,-0.42825,-0.21557,31.426,5.055
22.373,23.732,-0.42671,-0.21959,31.287,5.0854
22.334,23.71,-0.40914,-0.22362,31.152,5.0095
22.284,23.687,-0.41008,-0.22961,31.006,5.0875
22.246,23.665,-0.39679,-0.23359,30.87,5.0369
22.206,23.641,-0.39616,-0.23779,30.734,5.0728
22.163,23.617,-0.38795,-0.24263,30.59,5.0664
22.116,23.593,-0.39938,-0.24815,30.439,5.1976
22.075,23.568,-0.39692,-0.25252,30.298,5.2194
22.045,23.543,-0.39833,-0.25509,30.153,5.2333
22.006,23.518,-0.38405,-0.25905,30.007,5.1658
21.971,23.492,-0.38279,-0.26259,29.855,5.1744
21.942,23.465,-0.37162,-0.26504,29.696,5.0969
21.91,23.439,-0.36296,-0.26794,29.539,5.0436
21.869,23.412,-0.34199,-0.27247,29.388,4.9402
21.841,23.385,-0.32336,-0.27452,29.235,4.8125
21.817,23.357,-0.30781,-0.27585,29.086,4.6962
21.785,23.33,-0.30871,-0.27879,28.935,4.704
21.751,23.302,-0.31027,-0.28198,28.777,4.717
21.727,23.274,-0.32754,-0.28355,28.617,4.8008
21.7,23.245,-0.33379,-0.2855,28.453,4.8207
21.669,23.217,-0.30988,-0.28816,28.304,4.6704
21.633,23.188,-0.26378,-0.29169,28.153,4.4046
21.613,23.159,-0.21641,-0.29209,27.998,4.1001
21.594,23.13,-0.16299,-0.29245,27.843,3.7788
21.577,23.1,-0.088526,-0.29236,27.695,3.3726
21.571,23.071,-0.041946,-0.29016,27.545,3.0971
21.573,23.042,-0.015319,-0.28626,27.399,2.9031
21.565,23.013,0.015124,-0.2842,27.258,2.7229
21.566,22.985,0.04723,-0.28052,27.112,2.5257
21.567,22.957,0.041627,-0.27692,26.964,2.4784
21.563,22.929,0.03305,-0.27412,26.823,2.4531
21.566,22.902,-0.010433,-0.26983,26.698,2.5526
21.568,22.875,-0.091036,-0.2659,26.562,2.8191
21.559,22.848,-0.21749,-0.26419,26.423,3.3643
21.539,22.822,-0.57376,-0.26473,26.291,5.5217
21.478,22.795,-1.1325,-0.27363,26.165,10.884
21.361,22.768,-1.6635,-0.29458,26.027,18.955
21.196,22.739,-2.2591,-0.32574,25.871,32.642
20.966,22.706,-2.9609,-0.37087,25.701,57.915
20.677,22.669,-3.5265,-0.42884,25.514,89.476
20.322,22.626,-3.9502,-0.50209,25.295,122.81
19.933,22.576,-4.4287,-0.58378,25.052,174.2
19.5,22.517,-4.9179,-0.67773,24.759,249.52
19.002,22.45,-5.3062,-0.78828,24.442,331.94
18.464,22.371,-5.4291,-0.91285,24.07,355.24
17.914,22.28,-5.1986,-1.0454,23.65,289.94
17.393,22.175,-4.7973,-1.1772,23.186,217.11
16.917,22.057,-4.2941,-1.3043,22.686,157.59
16.49,21.927,-3.8289,-1.4254,22.154,119.53
16.102,21.784,-3.6499,-1.5433,21.592,107.85
15.735,21.63,-3.8556,-1.6618,21.014,121.8
15.357,21.464,-4.1604,-1.7898,20.42,146.22
14.946,21.285,-4.4051,-1.9385,19.791,170.26
14.5,21.091,-4.5142,-2.1095,19.138,183.1
14.056,20.88,-4.5117,-2.291,18.469,183.85
13.598,20.651,-4.3772,-2.4908,17.782,169.43
13.16,20.402,-4.1076,-2.7006,17.069,142.39
12.75,20.132,-3.8144,-2.9193,16.33,116.8
12.359,19.84,-3.5311,-3.1451,15.586,95.047
12.013,19.525,-3.219,-3.3699,14.829,74.038
11.684,19.188,-2.8995,-4.8998,14.075,38.256
11.399,18.698,-2.6762,-4.6733,13.341,29.995
11.132,18.231,-2.5065,-4.5033,12.62,25.241
10.891,17.781,-2.3345,-4.4,11.927,20.548
10.66,17.341,-2.173,-4.4,11.257,15.758
10.436,16.901,-2.0284,-4.4,10.609,12.123
10.229,16.461,-1.9427,-4.4,9.9819,9.8066
10.033,16.021,-1.832,-4.4,9.3712,7.6969
9.8449,15.581,-1.7481,-4.4,8.7814,6.3312
9.6771,15.141,-1.6816,-4.4,8.216,5.5086
9.5031,14.701,-1.6329,-4.4,7.6824,5.2445
9.3375,14.261,-1.5318,-4.4,7.1728,5.7617
9.1922,13.821,-1.4646,-4.4,6.7009,7.1222
9.0422,13.381,-1.3893,-4.4,6.247,9.5918
8.8984,12.941,-1.2784,-4.4,5.8259,13.849
8.7708,12.501,-1.0143,-4.4,5.444,22.104
8.6752,12.061,-0.73154,-5.2,5.0804,152.68
8.6037,11.541,-0.42821,-5.2,4.7598,207.08
8.5644,11.021,-0.18546,-5.2,4.4801,290.74
8.5418,10.501,0.03677,-5.2,4.2638,346.44
8.5487,9.9808,0.09476,-5.2,4.099,331.56
8.549,9.4608,0.12955,-5.2,3.9881,321.86
8.5557,8.9408,0.12799,-5.2,3.9164,323.32
8.5633,8.4208,0.21027,-5.2,3.8956,306.19
8.5759,7.9008,0.22505,-5.2,3.9408,305.66
8.5937,7.3808,0.25998,-5.2,4.03,302.66
8.6165,6.8608,0.29615,-5.2,4.1774,300.87
8.6407,6.3408,0.3546,-5.2,4.3887,295.63
8.6695,5.8208,0.3716,-8.8,4.6378,291.42
8.705,4.9408,0.45029,-8.8,4.9699,285.23
8.7523,4.0608,0.56638,-8.8,5.3927,277.04
8.8188,3.1808,0.66463,-8.8,5.9069,276.5
8.8835,2.3008,0.78702,4.9,6.51,0
8.9646,2.7908,0.9009,4.9,7.1409,0
9.0626,3.2808,0.98644,4.9,7.7372,0
9.1662,3.7708,0.99804,4.9,8.2951,0
9.2711,4.2608,1.0492,4.9,8.8227,0.76275
9.3737,4.7508,1.045,4.9,9.3008,2.3441
9.4739,5.2408,1.0165,4.3391,9.7369,0.7184
9.5842,5.6747,1.0138,3.6417,10.152,0
9.6903,6.0389,1.0413,3.1667,10.528,0
9.7922,6.3555,1.002,2.8195,10.887,0
9.8943,6.6375,0.98473,2.5544,11.229,0
9.9976,6.8929,1.003,2.3443,11.55,0
10.104,7.1274,0.9923,2.175,11.852,0
10.206,7.3449,0.96171,2.0314,12.142,0
10.31,7.548,0.93807,1.9134,12.431,0
10.41,7.7394,0.89386,1.8097,12.709,0
10.494,7.9203,0.83378,1.7077,12.962,0
10.581,8.0911,0.78829,1.6228,13.222,0
10.655,8.2534,0.76133,1.5394,13.469,0
10.726,8.4073,0.73681,1.4636,13.712,0
10.793,8.5537,0.72898,1.3937,13.935,0
10.862,8.693,0.72945,1.3327,14.158,0
10.943,8.8263,0.75219,1.2851,14.373,0
11.027,8.9548,0.77422,1.2442,14.588,0
11.109,9.0792,0.81251,1.2062,14.798,0
11.186,9.1999,0.85087,1.1694,15.009,0
11.262,9.3168,0.87943,1.1339,15.197,0
11.349,9.4302,0.90208,1.1084,15.395,0
11.444,9.541,0.91655,1.0902,15.589,0
11.533,9.6501,0.91345,1.0706,15.786,0
11.633,9.7571,0.90573,1.0583,15.978,0
11.728,9.863,0.91408,1.0449,16.175,0
11.824,9.9674,0.92437,1.0321,16.36,0
11.911,10.071,0.95302,1.0163,16.555,0
12.005,10.172,0.98731,1.0055,16.745,0
12.103,10.273,1.0618,0.99718,16.925,0
12.212,10.373,1.0989,0.99574,17.107,0
12.315,10.472,1.135,0.99087,17.29,0
12.429,10.571,1.1443,0.99291,17.477,0
12.539,10.671,1.1484,0.99242,17.663,0
12.652,10.77,1.1117,0.99366,17.846,0
12.756,10.869,1.0894,0.99027,18.036,0
12.873,10.968,1.0672,0.99364,18.226,0
12.984,11.068,1.0886,0.99434,18.417,0
13.085,11.167,1.091,0.98901,18.606,0
13.204,11.266,1.097,0.99399,18.804,0
13.312,11.365,1.0912,0.99308,18.994,0
13.42,11.465,1.0666,0.99205,19.191,0
13.529,11.564,1.0134,0.99137,19.379,0
13.623,11.663,0.97787,0.98382,19.58,0
13.729,11.761,0.94457,0.98264,19.775,0
13.817,11.86,0.9278,0.97227,19.976,0
13.908,11.957,0.91613,0.96479,20.172,0
13.99,12.053,0.91499,0.95315,20.373,0
14.073,12.149,0.91185,0.94298,20.572,0
14.158,12.243,0.90782,0.93382,20.758,0
14.245,12.336,0.92284,0.9267,20.954,0
14.336,12.429,0.92749,0.92186,21.153,0
14.43,12.521,0.92677,0.91844,21.34,0
14.526,12.613,0.9366,0.91647,21.525,0
14.627,12.705,0.94322,0.91725,21.726,0
14.726,12.796,0.92648,0.91724,21.92,0
14.817,12.888,0.93259,0.91288,22.105,0
14.919,12.979,0.90947,0.91368,22.291,0
15.003,13.071,0.8883,0.90712,22.49,0
15.102,13.161,0.87699,0.90729,22.686,0
15.18,13.252,0.8706,0.89808,22.888,0
15.272,13.342,0.85575,0.89559,23.071,0
15.357,13.431,0.88564,0.88956,23.255,0
15.441,13.52,0.91287,0.88378,23.438,0
15.532,13.609,0.91752,0.88187,23.637,0
15.631,13.697,0.91598,0.88395,23.829,0
15.714,13.785,0.92558,0.87822,24.024,0
15.814,13.873,0.90296,0.88069,24.211,0
15.909,13.961,0.87249,0.88068,24.41,0
15.991,14.049,0.85616,0.87464,24.599,0
16.068,14.137,0.8472,0.86716,24.795,0
16.149,14.224,0.82075,0.86163,24.979,0
16.235,14.31,0.80607,0.85859,25.165,0
16.314,14.396,0.80336,0.85288,25.366,0
16.404,14.481,0.7869,0.85254,25.567,0
16.486,14.566,0.77182,0.84858,25.763,0
16.558,14.651,0.76413,0.84034,25.95,0
16.642,14.735,0.76065,0.83784,26.146,0
16.727,14.819,0.75282,0.8357,26.334,0
16.792,14.902,0.76329,0.82534,26.529,0
16.859,14.985,0.76208,0.81647,26.724,0
16.936,15.067,0.78019,0.81184,26.906,0
17.013,15.148,0.78076,0.80755,27.094,0
17.095,15.228,0.77288,0.80576,27.271,0
17.164,15.309,0.76286,0.79854,27.455,0
17.242,15.389,0.7624,0.79546,27.633,0
17.311,15.468,0.75042,0.78873,27.819,0
17.383,15.547,0.74495,0.78374,27.998,0
17.448,15.626,0.7376,0.77624,28.191,0
17.522,15.703,0.70677,0.77264,28.378,0
17.588,15.781,0.67253,0.76643,28.568,0
17.663,15.857,0.60777,0.76352,28.749,0
17.716,15.934,0.52307,0.75219,28.936,0
17.771,16.009,0.39392,0.74181,29.107,0
17.816,16.083,0.24819,0.72781,29.288,0
17.837,16.156,0.080911,0.70436,29.464,0
17.835,16.226,-0.066546,0.67279,29.634,0
17.828,16.293,-0.18764,0.6402,29.791,0
17.804,16.358,-0.24111,0.60209,29.931,0
17.779,16.418,-0.25522,0.56545,30.072,0
17.744,16.474,-0.25553,0.52652,30.211,0
17.722,16.527,-0.25519,0.4948,30.334,0
17.692,16.576,-0.24255,0.46103,30.455,0
17.658,16.622,-0.15921,0.42731,30.565,0
17.633,16.665,-0.071797,0.39921,30.673,0
17.636,16.705,0.009607,0.38316,30.766,0
17.631,16.743,0.1084,0.3649,30.849,0
17.637,16.78,0.21629,0.35216,30.939,0
17.65,16.815,0.24479,0.34245,31.015,0
17.674,16.849,0.26502,0.33768,31.094,0
17.706,16.883,0.32405,0.33686,31.176,0
17.734,16.917,0.32842,0.33404,31.249,0
17.773,16.95,0.42821,0.33602,31.329,0
