14.529,14.529,-0.39241,0,35.5,1.2393
14.494,14.529,-0.056635,-0.0027227,35.496,0.19837
14.491,14.529,-0.23675,-0.0028706,35.499,0.73358
14.461,14.528,-0.20303,-0.005156,35.5,0.69027
14.432,14.528,-0.19752,-0.0073863,35.487,0.74024
14.422,14.527,-0.22366,-0.0080982,35.471,0.85191
14.392,14.526,-0.22503,-0.010377,35.458,0.92885
14.373,14.525,-0.19436,-0.011801,35.449,0.86575
14.355,14.524,-0.15602,-0.013117,35.426,0.77701
14.338,14.523,-0.097957,-0.014289,35.412,0.62975
14.322,14.521,-0.040077,-0.015436,35.4,0.49689
14.32,14.52,0.035697,-0.015458,35.381,0.30618
14.331,14.518,0.052434,-0.014559,35.361,0.24508
14.335,14.517,0.031319,-0.014127,35.333,0.28164
14.337,14.515,-0.019792,-0.013827,35.319,0.39831
14.343,14.514,-0.047319,-0.01328,35.298,0.45558
14.346,14.513,-0.10271,-0.013003,35.28,0.60457
14.331,14.511,-0.13144,-0.014082,35.258,0.72374
14.325,14.51,-0.16806,-0.014396,35.243,0.8524
14.306,14.508,-0.21715,-0.015837,35.214,1.0697
14.278,14.507,-0.261,-0.017888,35.197,1.3044
14.251,14.505,-0.27042,-0.019884,35.168,1.4085
14.226,14.503,-0.24832,-0.021696,35.145,1.3791
14.195,14.501,-0.26,-0.023989,35.115,1.5027
14.162,14.498,-0.31853,-0.026453,35.08,1.8411
14.121,14.496,-0.32922,-0.029483,35.039,1.9973
14.092,14.493,-0.32922,-0.031566,35,2.0709
14.061,14.49,-0.33409,-0.033826,34.965,2.1748
14.034,14.486,-0.37123,-0.03578,34.924,2.4294
13.987,14.483,-0.26835,-0.039302,34.871,2.0575
13.953,14.479,-0.25018,-0.041749,34.823,2.058
13.922,14.475,-0.30447,-0.043963,34.779,2.39
13.896,14.47,-0.31208,-0.045777,34.727,2.4903
13.858,14.466,-0.30002,-0.048501,34.677,2.5267
13.825,14.461,-0.33626,-0.050896,34.611,2.7956
13.797,14.456,-0.29568,-0.052915,34.54,2.6553
13.771,14.45,-0.23653,-0.05477,34.475,2.4267
13.752,14.445,-0.26098,-0.05604,34.397,2.5829
13.719,14.439,-0.2416,-0.058408,34.322,2.5658
13.699,14.434,-0.25705,-0.059723,34.257,2.6824
13.67,14.428,-0.32115,-0.061835,34.173,3.083
13.645,14.421,-0.34322,-0.063575,34.101,3.2616
13.607,14.415,-0.35096,-0.066335,34.03,3.4023
13.574,14.408,-0.363,-0.068769,33.939,3.5535
13.541,14.402,-0.35857,-0.071194,33.846,3.6093
13.5,14.394,-0.32314,-0.074311,33.758,3.5131
13.475,14.387,-0.29413,-0.076009,33.673,3.4031
13.452,14.379,-0.2674,-0.077619,33.584,3.3044
13.43,14.372,-0.22913,-0.079078,33.488,3.1413
13.408,14.364,-0.2828,-0.080615,33.403,3.4726
13.389,14.356,-0.4295,-0.081901,33.301,4.3846
13.338,14.347,-0.55283,-0.085904,33.196,5.3824
13.284,14.339,-0.68485,-0.090147,33.094,6.5867
13.22,14.33,-0.89651,-0.095297,32.99,8.7614
13.135,14.32,-1.0886,-0.10225,32.881,11.205
13.024,14.31,-1.2272,-0.11157,32.755,13.435
12.906,14.299,-1.3789,-0.12152,32.619,16.124
12.773,14.287,-1.5272,-0.13296,32.469,19.132
12.628,14.273,-1.6365,-0.14556,32.314,21.787
12.467,14.259,-1.7234,-0.15969,32.149,24.268
12.289,14.243,-1.765,-0.17556,31.961,26.034
12.122,14.225,-1.7852,-0.19076,31.76,27.317
11.935,14.206,-1.807,-0.20792,31.55,28.75
11.761,14.186,-1.7786,-0.22445,31.31,29.034
11.576,14.163,-1.7268,-0.24238,31.051,28.88
11.404,14.139,-1.699,-0.25937,30.789,29.141
11.237,14.113,-1.7168,-0.27624,30.514,30.291
11.069,14.085,-1.7335,-0.29388,30.214,31.422
10.896,14.056,-1.7803,-0.31229,29.911,33.222
10.725,14.025,-1.811,-0.33114,29.592,34.672
10.547,13.992,-1.8402,-0.3515,29.249,36.128
10.365,13.956,-1.7872,-0.37269,28.907,35.725
10.185,13.919,-1.5476,-0.39456,28.542,31.414
10.022,13.88,-1.217,-0.41561,28.154,25.961
9.903,13.838,-0.91997,-0.43222,27.772,21.656
9.8115,13.795,-0.63148,-0.44649,27.376,17.969
9.7493,13.75,-0.38714,-0.45779,26.98,15.174
9.7092,13.704,-0.30594,-0.46658,26.589,14.231
9.6874,13.658,-0.28412,-0.47379,26.185,13.832
9.6596,13.61,-0.27834,-0.48165,25.789,13.615
9.6248,13.562,-0.26956,-0.49077,25.386,13.391
9.5929,13.513,-0.26705,-0.49922,24.999,13.216
9.5694,13.463,-0.24506,-0.50718,24.6,12.817
9.5363,13.413,-0.24476,-0.51598,24.218,12.661
9.5102,13.361,-0.2286,-0.52428,23.829,12.326
9.4972,13.309,-0.22492,-0.5304,23.454,12.06
9.4821,13.255,-0.20986,-0.5374,23.067,11.694
9.4528,13.202,-0.20615,-0.54604,22.695,11.484
9.4226,13.147,-0.21576,-0.55545,22.312,11.386
9.4091,13.092,-0.24608,-0.56173,21.948,11.411
9.3776,13.035,-0.26251,-0.57078,21.587,11.374
9.3437,12.978,-0.28446,-0.58032,21.228,11.39
9.3225,12.92,-0.29598,-0.58808,20.867,11.262
9.2897,12.861,-0.29056,-0.59827,20.499,11.018
9.2673,12.802,-0.25052,-0.60643,20.14,10.443
9.2394,12.741,-0.22666,-0.6149,19.798,10.039
9.2186,12.68,-0.20384,-0.62215,19.457,9.6246
9.1893,12.617,-0.21365,-0.63106,19.117,9.4976
9.1608,12.554,-0.23684,-0.63979,18.781,9.4702
9.1445,12.49,-0.2542,-0.64637,18.443,9.3543
9.1256,12.426,-0.24619,-0.65379,18.103,9.0426
9.0961,12.36,-0.23858,-0.66249,17.778,8.7719
9.0683,12.294,-0.23954,-0.67076,17.457,8.561
9.0435,12.227,-0.20393,-0.67838,17.138,8.0734
9.0148,12.159,-0.20915,-0.6866,16.825,7.8976
8.9934,12.09,-0.21507,-0.69266,16.521,7.7086
8.9815,12.021,-0.2356,-0.69712,16.211,7.5919
8.9559,11.951,-0.22606,-0.70423,15.909,7.3041
8.9374,11.881,-0.23836,-0.70906,15.616,7.1511
8.9167,11.81,-0.22029,-0.7137,15.332,6.805
8.8906,11.739,-0.2198,-0.72031,15.042,6.5873
8.8624,11.667,-0.22008,-0.72714,14.757,6.3816
8.8425,11.594,-0.21842,-0.73053,14.487,6.1517
8.8148,11.521,-0.22475,-0.73577,14.221,5.9913
8.7952,11.447,-0.22253,-0.73871,13.956,5.7613
8.7708,11.373,-0.22772,-0.74277,13.694,5.5886
8.7447,11.299,-0.21923,-0.74654,13.44,5.3455
8.7175,11.225,-0.21677,-0.75105,13.183,5.1395
8.6929,11.149,-0.21534,-0.75324,12.941,4.9433
8.6649,11.074,-0.22092,-0.75664,12.698,4.7921
8.6494,10.998,-0.2315,-0.75654,12.45,4.642
8.6186,10.923,-0.2353,-0.7591,12.225,4.497
8.6048,10.847,-0.24272,-0.75618,11.997,4.3397
8.5866,10.771,-0.2454,-0.7536,11.781,4.1741
8.5608,10.696,-0.24669,-0.75296,11.57,4.0203
8.5316,10.621,-0.22722,-0.75418,11.355,3.7739
8.5128,10.545,-0.2138,-0.75043,11.149,3.5518
8.4896,10.47,-0.20513,-0.74734,10.952,3.3679
8.4779,10.395,-0.19571,-0.74042,10.749,3.1673
8.4503,10.321,-0.22361,-0.7384,10.559,3.1527
8.4255,10.248,-0.35645,-0.73539,10.367,3.6114
8.3949,10.174,-0.59265,-0.7333,10.188,4.7836
8.336,10.101,-0.88074,-5.2,10.012,0
8.2509,9.5807,-1.1625,-0.54249,9.8562,8.9161
8.1262,9.5264,-1.4414,-5.2,9.7163,0
7.9744,9.0064,-1.6309,-0.41117,9.6024,14.668
7.8095,8.9653,-1.7079,-0.46696,9.4928,16.11
7.6409,8.9186,-1.738,-5.2,9.3672,0
7.4684,8.3986,-1.7714,-0.36496,9.2588,16.89
7.2848,8.3621,-1.8003,-5.2,9.1628,0
7.106,7.8421,-1.8317,-0.27784,9.0625,17.701
6.9187,7.8143,-1.8541,-0.34219,8.9752,18.446
6.725,7.7801,-1.877,-5.2,8.8786,0
6.5336,7.2601,-1.9152,-0.26502,8.7963,19.398
6.336,7.2336,-1.9065,-0.331,8.7179,19.612
6.1519,7.2005,-1.7641,-0.3919,8.6215,17.236
5.9785,7.1613,-1.5267,-5.2,8.5027,32.06
5.8202,6.6413,-1.2511,-0.29304,8.4089,9.4006
5.696,6.612,-0.94205,-0.33136,8.3162,6.4057
5.5923,6.5789,-0.66625,-5.2,8.216,26.69
5.5177,6.0589,-0.52239,-0.18433,8.1463,2.8012
5.4647,6.0404,-0.49398,-0.19742,8.0966,2.7007
5.4151,6.0207,-0.49159,-0.20973,8.031,2.7298
5.3738,5.9997,-0.55005,-8.8,7.9673,14.393
5.3271,5.1197,-0.63397,0.18443,7.9447,2.7145
5.2698,5.1382,-0.73879,0.11656,7.9617,3.3017
5.1946,5.1498,-0.89012,0.039591,7.9707,4.2865
5.1103,5.1538,-1.1245,-0.012911,7.9617,6.3902
5.0056,5.1525,-1.3483,-0.043671,7.9546,9.1426
4.8731,5.1481,-1.5349,-0.082142,7.929,12.004
4.719,5.1399,-1.6894,-0.12659,7.8878,14.845
4.5418,5.1272,-1.8084,-0.17736,7.84,17.432
4.3594,5.1095,-1.8667,-0.22977,7.7702,19.033
4.1738,5.0865,-1.8799,-0.28366,7.6797,19.765
3.9777,5.0582,-1.8986,-0.34056,7.5864,20.611
3.7917,5.0241,-1.937,-8.8,7.4618,0
3.6054,4.1441,-1.9603,-0.14339,7.3771,7.8769
3.4087,4.1298,-1.9698,-0.19394,7.3139,7.9903
3.2155,4.1104,-2.0063,-0.24342,7.2418,8.1271
3.014,4.086,-2.0494,-0.29592,7.1497,8.2675
2.8049,4.0564,-2.0531,-0.35157,7.0405,8.3418
2.6045,4.0213,-2.0577,-8.8,6.9159,0
2.4032,3.1413,-2.054,-0.16588,6.8178,7.061
2.2014,3.1247,-2.0406,-0.21006,6.7439,7.2118
1.996,3.1037,-2.0234,-0.25622,6.6473,7.3452
1.7955,3.0781,-2.0226,-8.8,6.5262,0
1.5857,2.1981,-2.0061,-0.10328,6.4229,6.0828
1.3853,2.1877,-1.9493,-0.13714,6.3519,6.2316
1.1856,2.174,-1.6922,-0.17168,6.264,5.9932
1.0243,2.1569,-1.3228,-0.20053,6.1593,5.4857
0.8978,2.1368,-0.9547,-8.8,6.0317,0
0.79454,1.2568,-0.59875,-0.048489,5.9403,2.6021
0.73309,1.252,-0.28052,-0.055044,5.8849,2.1169
0.70663,1.2465,-0.15821,-0.057877,5.8304,1.6448
0.68373,1.2407,-0.14795,-0.060503,5.7665,1.6438
0.66472,1.2346,-0.14337,-0.062535,5.7132,1.6555
0.64999,1.2284,-0.14273,-0.06415,5.6573,1.6712
0.64153,1.2219,-0.14424,-8.8,5.5891,0
0.63313,0.34194,-0.14932,-0.14932,5.5805,0
0.61974,0.32701,-0.14868,-0.14868,5.6124,0
0.59561,0.31214,-0.14156,-0.14156,5.6411,0
0.59108,0.29799,-0.13362,-0.13362,5.6761,0
0.58028,0.28463,-0.11884,-0.11884,5.7023,0
0.56441,0.27274,-0.094406,-0.094406,5.7238,0
0.54886,0.2633,-0.065835,-0.065835,5.7463,0
0.54434,0.25672,-0.035181,-0.035181,5.7833,0
0.53132,0.2532,-0.011782,-0.011782,5.8022,0
0.53272,0.25202,-0.0027484,-0.0027484,5.8213,0
0.53429,0.25175,0.0006871,0.0006871,5.8503,0
0.53245,0.25181,-0.0014999,-0.0014999,5.8717,0
0.52779,0.25167,-0.010124,-0.010124,5.8914,0
0.53034,0.25065,-0.0028291,-0.0028291,5.9217,0
0.52501,0.25037,0.020735,0.020735,5.9451,0
0.53274,0.25244,0.046648,0.046648,5.9649,0
0.53865,0.25711,0.069923,0.069923,5.9944,0
0.54804,0.2641,0.092612,0.092612,6.0252,0
0.54976,0.27336,0.096612,0.096612,6.0544,0
0.56046,0.28302,0.073349,0.073349,6.0891,0
0.57336,0.29036,0.043883,0.043883,6.1106,0
0.58604,0.29475,-0.0030466,-0.0030466,6.1443,0
0.59231,0.29444,-0.07904,-0.07904,6.1754,0
0.59261,0.28654,-0.17843,-0.17843,6.1987,0
0.57592,0.26869,-0.2612,-0.2612,6.2363,0
0.55425,0.24257,-0.33336,-0.33336,6.2586,0
0.51966,0.20924,-0.39251,-0.39251,6.2806,0
0.4795,0.16999,-0.40845,-0.40845,6.3185,0
0.43408,0.12914,-0.40003,-0.40003,6.3504,0
0.38835,0.089139,-0.38582,-0.38582,6.3777,0
0.34232,0.050557,-0.38825,-0.38825,6.3985,0
0.30152,0.011732,-0.39807,-0.39807,6.4238,0
0.25457,0,-0.42018,-0.42018,6.4463,0
0.21107,0,-0.44981,-0.44981,6.4654,0
0.17574,0,-0.48408,-0.48408,6.4923,0
0.11735,0,-0.47233,-0.47233,6.5128,0
0.068438,0,-0.35192,-0.35192,6.515,0
0.02784,0,-0.20573,-0.20573,6.5278,0
0.010173,0,-0.093427,-0.093427,6.5336,0
-0.0055562,0,-0.012553,-0.012553,6.5402,0.01139
-0.0021979,0,0.057083,0.057083,6.5313,0.0045057
0.0040259,0.0057083,0.054648,0.054648,6.5338,0.0034506
0.0035399,0.011173,0.0012138,0.0012138,6.5289,0.015683
0.0099863,0.011294,-0.011086,-0.011086,6.5363,0.0026817
0.0099715,0.010186,0.021035,0.021035,6.527,0.00043932
0.019543,0.012289,0.035231,0.035231,6.5291,0
0.025531,0.015812,0.011048,0.011048,6.539,0
0.034171,0.016917,0.010284,0.010284,6.5444,0
0.037244,0.017946,0.026614,0.026614,6.5513,0
0.048164,0.020607,0.024777,0.024777,6.547,0
0.044317,0.023085,0.010008,0.010008,6.5452,0
0.048789,0.024086,0.016518,0.016518,6.5437,0
0.040585,0.025737,0.026178,0.026178,6.5435,0
0.03975,0.028355,0.021981,0.021981,6.5434,0
0.040355,0.030553,0.021995,0.021995,6.5439,0
0.039719,0.032753,0.032171,0.032171,6.5527,0
0.052786,0.03597,0.032721,0.032721,6.5509,0
0.05871,0.039242,0.022477,0.022477,6.5519,0
0.053089,0.04149,0.020705,0.020705,6.5623,0
0.063085,0.04356,0.023625,0.023625,6.5559,0
0.067234,0.045923,0.019529,0.019529,6.5508,0
0.067506,0.047875,0.012403,0.012403,6.5567,0
0.066119,0.049116,0.015064,0.015064,6.5539,0
0.064155,0.050622,0.016636,0.016636,6.5493,0
0.06846,0.052286,0.013715,0.013715,6.5504,0
0.073969,0.053657,0.012831,0.012831,6.5549,0
0.067446,0.05494,0.017126,0.017126,6.5526,0
0.076017,0.056653,0.014638,0.014638,6.5633,0
0.073874,0.058117,0.010692,0.010692,6.5564,0
0.068411,0.059186,0.010587,0.010587,6.564,0
0.07306,0.060245,0.01334,0.01334,6.5595,0
0.065536,0.061579,0.014287,0.014287,6.5614,0
0.06211,0.063007,0.015161,0.015161,6.5678,0.0018395
0.061294,0.064523,0.037049,0.037049,6.5691,0.0066268
0.07247,0.068228,0.073246,0.073246,6.5603,0
0.086109,0.075553,0.11368,0.11368,6.5634,0
0.10164,0.086921,0.16092,0.16092,6.5676,0
0.12713,0.10301,0.21029,0.21029,6.5631,0
0.15583,0.12404,0.23951,0.23951,6.5564,0
0.18674,0.14799,0.24765,0.24765,6.563,0
0.21507,0.17276,0.24169,0.24169,6.5737,0
0.24033,0.19693,0.23115,0.23115,6.5844,0
0.26916,0.22004,0.22753,0.22753,6.5822,0
0.28488,0.2428,0.21309,0.21309,6.58,0
0.29693,0.2641,0.20774,0.20774,6.5777,0
0.30811,0.28488,0.21775,0.21775,6.5823,0
0.3396,0.30665,0.22759,0.22759,6.5855,0
0.35281,0.32941,0.22271,0.22271,6.5985,0
0.36853,0.35168,0.22541,0.22541,6.6002,0
0.39596,0.37422,0.22739,0.22739,6.5992,0
0.4106,0.39696,0.21486,0.21486,6.6094,0
0.42327,0.41845,0.2004,0.2004,6.6158,0
0.44741,0.43849,0.18934,0.18934,6.6248,0
0.46488,0.45742,0.17254,0.17254,6.6283,0
0.48463,0.47468,0.16583,0.16583,6.6265,0
0.50758,0.49126,0.16615,0.16615,6.6323,0
0.52466,0.50787,0.16763,0.16763,6.6314,0
0.54526,0.52464,0.16922,0.16922,6.6395,0
0.56565,0.54156,0.17449,0.17449,6.6392,0
0.57588,0.55901,0.17359,0.17359,6.6367,0
0.59313,0.57637,0.16958,0.16958,6.6423,0
0.60446,0.59333,0.15704,0.15704,6.6399,0
0.62779,0.60903,0.15325,0.15325,6.6402,0
0.63456,0.62435,0.15716,0.15716,6.6431,0
0.65588,0.64007,0.16072,0.16072,6.6414,0
0.66227,0.65614,0.16237,0.16237,6.6373,0
0.68689,0.67238,0.16531,0.16531,6.6292,0
0.71281,0.68891,0.16242,0.16242,6.631,0
0.72633,0.70515,0.14824,0.14824,6.6282,0
0.74032,0.71998,0.12378,0.12378,6.6228,0
0.74661,0.73235,0.10928,0.10928,6.6242,0
0.76698,0.74328,0.10602,0.10602,6.6318,0
0.76895,0.75389,0.10208,0.10208,6.6243,0
0.78741,0.76409,0.10578,0.10578,6.6356,0
0.79777,0.77467,0.1143,0.1143,6.6421,0
0.81294,0.7861,0.11879,0.11879,6.6468,0
0.82149,0.79798,0.12509,0.12509,6.6593,0
0.84281,0.81049,0.15152,0.15152,6.6525,0
0.86034,0.82564,0.1983,0.1983,6.6574,0
0.8853,0.84547,0.27842,0.27842,6.6572,0
0.90801,0.87331,0.39603,0.39603,6.6634,0
0.93868,0.91292,0.54452,0.34887,6.6652,0
1.0027,0.9478,0.70069,0.69903,6.6784,0
1.0648,1.0177,0.85031,0.53259,6.678,0
1.1581,1.071,0.96655,0.90674,6.6881,0
1.2644,1.1616,1.0318,0.93572,6.7067,0
1.3714,1.2552,1.0539,0.93168,6.7246,0
1.4679,1.3484,1.0397,0.85123,6.7292,0
1.5753,1.4335,1.0045,0.9141,6.7492,0
1.6711,1.5249,0.97781,0.85243,6.7724,0
1.7631,1.6102,0.97346,0.81703,6.7953,0
1.8605,1.6919,0.99477,0.83075,6.8099,0
1.9503,1.7749,1.0593,0.79907,6.8228,0
2.0553,1.8548,1.0865,0.85052,6.841,0
2.1541,1.9399,1.0521,0.84521,6.8578,0
2.2566,2.0244,0.18432,0.85513,6.8784,1.5929
2.2849,2.1099,-1.4645,0.60253,6.8895,6.617
2.1307,2.1702,-3.3667,-0.0058427,6.893,7.8431
1.7957,2.1696,-5.0787,-0.055598,6.8737,11.792
1.2905,2.164,-5.4391,-0.13154,6.8092,13.323
0.74759,2.1509,-4.4641,-0.21562,6.6999,12.165
0.29799,2.1293,-2.8884,-0.29007,6.5345,9.6138
0.013785,2.1003,-0.96038,-0.34326,6.3289,6.1789
-0.07369,2.066,0.83477,-0.36519,6.1231,2.4697
0.0052801,2.0295,1.2393,-8.8,5.9249,0
0.13073,1.1495,1.2355,-0.10183,5.7695,0.65804
0.2481,1.1393,1.6051,-0.090525,5.6801,1.2525
0.41295,1.1302,2.1018,-0.073815,5.6062,2.8611
0.63231,1.1229,2.671,-8.8,5.5391,0
0.89577,0.24285,3.0659,3.0659,5.5396,0
1.205,0.54944,3.1235,3.1235,5.5961,0
1.5238,0.86179,2.7879,2.7879,5.657,0
1.7987,1.1406,2.1063,4.9,5.7205,11.164
2.0014,1.6306,1.2894,-8.8,5.7636,0
2.1286,0.75058,0.73585,0.73585,5.8609,0
2.2111,0.82417,0.42015,0.42015,5.9956,0
2.2544,0.86618,0.28137,0.28137,6.1372,0
2.2833,0.89432,0.20945,4.9,6.2821,28.052
2.3012,1.3843,0.16553,4.9,6.4037,31.582
2.3139,1.8743,0.1102,1.7467,6.4808,6.3314
2.3153,2.049,0.05874,0.91686,6.5221,2.3927
2.3249,2.1407,0.031198,0.59099,6.5397,1.2991
2.336,2.1998,0.1051,0.41833,6.5535,0.51938
2.3511,2.2416,0.37964,0.32694,6.575,0
2.393,2.2743,0.80502,0.34644,6.5876,0
2.4679,2.3089,1.3016,0.45334,6.6022,0
2.5984,2.3543,1.7725,0.67584,6.6252,0
2.7687,2.4219,2.1163,0.92008,6.6592,0
2.9832,2.5139,2.2351,1.1762,6.6991,0
3.1971,2.6315,2.2135,1.3239,6.7605,0
3.4236,2.7639,2.1095,1.4342,6.8213,0
3.634,2.9073,1.9991,1.4645,6.8888,0
3.8363,3.0538,1.9282,1.4688,6.974,0
4.0351,3.2006,1.8965,1.4639,7.0595,0
4.2173,3.347,1.8962,1.432,7.1449,0
4.4149,3.4902,1.9859,1.4353,7.2383,0
4.6182,3.6338,2.1617,1.4452,7.3327,0
4.8264,3.7783,2.38,1.4584,7.4292,0
5.0573,3.9241,2.5913,1.4997,7.5392,0
5.3116,4.0741,2.7444,1.5616,7.6675,0
5.5856,4.2303,2.8081,1.632,7.8064,0
5.8717,4.3935,2.7875,1.6991,7.9541,0
6.1524,4.5634,2.7017,1.7424,8.1009,0
6.4204,4.7376,2.5928,1.7645,8.2648,0
6.6711,4.9141,2.5143,1.7641,8.4307,0
6.9225,5.0905,2.4109,1.7687,8.6191,0
7.1609,5.2673,2.2999,1.7601,8.8063,0
7.3907,5.4434,2.2136,1.7481,9.0069,0
7.6038,5.6182,2.1632,1.7224,9.1964,0
7.8124,5.7904,2.1109,1.6987,9.3888,0
8.0225,5.9603,2.0881,1.6836,9.5984,0
8.2329,6.1286,2.1042,1.672,9.8106,0
8.4489,6.2958,2.1023,1.6674,10.025,0
8.6666,6.4626,2.0662,1.6664,10.249,0
8.8812,6.6292,2.017,1.6625,10.466,0
9.0888,6.7955,1.9237,1.6544,10.683,0
9.28,6.9609,1.8308,1.637,10.907,0
9.4531,7.1246,1.7764,1.6121,11.147,0
9.6311,7.2858,1.7565,1.5925,11.374,0
9.8156,7.4451,1.6934,1.5812,11.611,0
9.9863,7.6032,1.6641,1.5636,11.856,0
10.155,7.7595,1.6218,1.5475,12.103,0
10.32,7.9143,1.5688,1.5294,12.336,0
10.475,8.0672,1.5374,1.5088,12.582,0
10.621,8.2181,1.5565,1.4839,12.813,0
10.779,8.3665,1.5619,1.471,13.063,0
10.93,8.5136,1.5596,1.4544,13.302,0
11.081,8.659,1.5287,1.439,13.538,0
11.225,8.8029,1.4633,1.4221,13.774,0
11.381,8.9452,1.4189,1.4132,14.01,0
11.518,9.0865,1.376,1.3954,14.253,0
11.66,9.226,1.3371,1.382,14.488,0
11.788,9.3642,1.3196,1.3623,14.732,0
11.927,9.5004,1.301,1.351,14.973,0
12.051,9.6355,1.2749,1.3324,15.22,0
12.177,9.7688,1.2534,1.3171,15.463,0
12.31,9.9005,1.2163,1.3065,15.704,0
12.433,10.031,1.1799,1.2918,15.948,0
12.544,10.16,1.1711,1.2708,16.181,0
12.665,10.287,1.1503,1.2582,16.418,0
12.779,10.413,1.1337,1.2422,16.65,0
12.891,10.537,1.138,1.2268,16.885,0
13.004,10.66,1.1331,1.2128,17.121,0
13.112,10.781,1.0992,1.1986,17.363,0
13.23,10.901,1.0844,1.1892,17.593,0
13.341,11.02,1.0829,1.1779,17.824,0
13.448,11.138,1.0605,1.1646,18.054,0
13.546,11.254,1.0566,1.1481,18.282,0
13.654,11.369,1.0983,1.138,18.509,0
13.772,11.483,1.0897,1.1342,18.745,0
13.883,11.596,1.0759,1.1262,18.968,0
13.99,11.709,1.0854,1.117,19.195,0
14.093,11.821,1.0842,1.1077,19.432,0
14.203,11.932,1.022,1.1014,19.656,0
14.301,12.042,0.99435,1.0895,19.877,0
14.404,12.151,0.95956,1.0815,20.106,0
14.498,12.259,0.91621,1.0691,20.323,0
14.599,12.366,0.85727,1.0609,20.539,0
14.689,12.472,0.7132,1.0485,20.766,0
14.767,12.577,0.49587,1.0312,20.993,0
14.807,12.68,0.24295,0.99704,21.213,0
14.837,12.779,0.0091463,0.96032,21.425,0
14.838,12.875,-0.18276,0.91266,21.636,0
14.812,12.967,-0.25896,0.85493,21.831,0
14.791,13.052,-0.27633,0.80241,22.009,0
14.771,13.132,-0.19259,0.75372,22.179,0
14.754,13.208,-0.11547,0.70842,22.328,0
14.742,13.279,-0.099724,0.66892,22.485,0
14.731,13.346,-0.094394,0.63162,22.634,0
14.715,13.409,-0.13024,0.59395,22.763,0
14.7,13.468,-0.20586,0.55869,22.899,0
14.672,13.524,-0.28879,0.5195,23.009,0
14.638,13.576,-0.3191,0.47943,23.121,0
14.604,13.624,-0.34656,0.44158,23.222,0
14.568,13.668,-0.32115,0.40506,23.321,0
14.543,13.709,-0.33176,0.37476,23.403,0.014468
14.502,13.746,-0.34556,0.33889,23.484,0.157
14.474,13.78,-0.35507,0.3109,23.551,0.26406
14.434,13.811,-0.37611,0.27859,23.619,0.4309
14.403,13.839,-0.3678,0.25199,23.686,0.46634
14.364,13.864,-0.33838,0.2231,23.748,0.42599
14.339,13.886,-0.3179,0.20192,23.8,0.40319
14.313,13.907,-0.34392,0.18128,23.851,0.5566
14.274,13.925,-0.35668,0.15565,23.884,0.67417
14.23,13.94,-0.44591,0.12887,23.919,1.1271
14.191,13.953,-0.47261,0.10564,23.943,1.314
