0,0,2.1096,0,35.5,0
0.21525,0,2.0508,7.8,35.505,38.678
0.41095,0.78,2.1595,7.8,35.507,40.624
0.62753,1.56,2.2072,7.8,35.447,43.267
0.85471,2.34,2.2694,7.8,35.327,45.665
1.0823,3.12,2.2839,7.8,35.148,48.73
1.3028,3.9,2.2629,7.8,34.915,52.372
1.5345,4.68,2.2161,7.8,34.633,56.376
1.7583,5.46,2.1727,7.8,34.298,60.445
1.9766,6.24,2.122,6.7,33.903,53.155
2.1941,6.91,2.0845,6.7,33.453,56.446
2.3993,7.58,2.0581,6.7,32.963,59.691
2.5958,8.25,2.0186,6.7,32.418,63.232
2.7973,8.92,1.9835,-0.33423,31.827,8.2776
2.9912,8.8866,1.9554,-0.33069,31.23,7.7516
3.1872,8.8535,1.8961,-0.32665,30.643,7.3484
3.3757,8.8208,1.8622,-0.32226,30.085,6.8834
3.5551,8.7886,1.8938,-0.31767,29.557,6.2464
3.7412,8.7568,1.8276,-0.3122,29.041,5.9212
3.9249,8.7256,1.7444,-0.30624,28.546,5.6565
4.1019,8.695,1.7154,-0.30001,28.075,5.2564
4.2811,8.665,1.6383,-0.29298,27.625,4.9939
4.4369,8.6357,1.5729,-0.28691,27.195,4.7545
4.5961,8.607,1.5217,-0.27995,26.789,4.4742
4.7399,8.579,1.4694,-0.27375,26.388,4.234
4.8919,8.5516,1.4627,-0.26628,26.013,3.8745
5.0398,8.525,1.4043,-0.25845,25.663,3.6532
5.1865,8.4992,1.3453,-0.25023,25.326,3.4391
5.3184,8.4742,1.3377,-0.24257,25.012,3.1517
5.458,8.4499,1.3275,-0.23413,24.695,2.8697
5.585,8.4265,1.3129,-0.22617,24.398,2.6312
5.709,8.4039,1.308,-0.21792,24.123,2.3958
5.8378,8.3821,1.2706,-0.20879,23.868,2.2073
5.9635,8.3612,1.2233,-0.19963,23.621,2.0401
6.0858,8.3412,1.2128,-0.19035,23.391,1.841
6.2077,8.3222,1.1796,-0.18067,23.183,1.6743
6.3244,8.3041,1.2323,-0.1712,22.981,1.4608
6.4416,8.287,1.2213,-0.16145,22.789,1.3089
6.5571,8.2709,1.2669,-0.15155,22.613,1.1631
6.6828,8.2557,1.3169,-0.14047,22.452,1.0495
6.8144,8.2417,1.3,-0.12864,22.301,0.93493
6.9522,8.2288,1.2413,-0.11595,22.175,0.7994
7.0674,8.2172,1.2672,-0.10519,22.058,0.74215
7.185,8.2067,1.245,-0.094135,21.945,0.65778
7.3192,8.1973,1.1997,-0.081412,21.845,0.54693
7.4454,8.1891,1.2723,-0.069284,21.768,0.59988
7.5647,8.1822,1.3047,-0.05774,21.706,0.63881
7.686,8.1764,1.234,-0.046044,21.644,0.5049
7.8069,8.1718,1.197,-0.03433,21.609,0.43313
7.9307,8.1684,1.183,-0.0224,21.579,0.41137
8.052,8.1661,1.1685,-0.010771,21.557,0.39677
8.1628,8.1651,1.197,-0.00021064,21.543,0.49298
8.2842,8.1651,1.2263,0.11817,21.553,0.24252
8.4108,8.1769,1.2614,0.23157,21.574,0.025586
8.5413,8.2,1.2695,0.33658,21.595,0
8.6622,8.2337,1.2088,0.42055,21.642,0
8.7865,8.2757,1.152,0.49791,21.687,0
8.9023,8.3255,1.2051,0.55795,21.745,0
9.0264,8.3813,1.2307,0.61849,21.799,0
9.1514,8.4432,1.1936,0.67256,21.867,0
9.2629,8.5104,1.2074,0.70735,21.941,0
9.3792,8.5812,1.2135,0.74197,22.01,0
9.5046,8.6554,1.201,0.78108,22.098,0
9.6249,8.7335,1.1903,0.81057,22.188,0
9.738,8.8145,1.2062,0.82988,22.279,0
9.8621,8.8975,1.2025,0.85626,22.364,0
9.9736,8.9831,1.2088,0.86839,22.456,0
10.088,9.07,1.1915,0.88212,22.556,0
10.216,9.1582,1.156,0.90546,22.659,0
10.328,9.2487,1.1467,0.91188,22.761,0
10.45,9.3399,1.151,0.92701,22.863,0
10.563,9.4326,1.1309,0.93203,22.969,0
10.676,9.5258,1.1361,0.93682,23.083,0
10.79,9.6195,1.1122,0.94244,23.194,0
10.911,9.7138,1.1354,0.95231,23.306,0
11.034,9.809,1.1124,0.96289,23.421,0
11.14,9.9053,1.1705,0.95949,23.549,0
11.259,10.001,1.158,0.96595,23.676,0
11.376,10.098,1.1631,0.9706,23.793,0
11.494,10.195,1.1699,0.97545,23.922,0
11.609,10.292,1.1675,0.97739,24.054,0
11.731,10.39,1.1031,0.98513,24.193,0
11.846,10.489,1.0723,0.98727,24.336,0
11.96,10.587,1.1592,0.98779,24.476,0
12.083,10.686,1.0987,0.99462,24.622,0
12.195,10.786,1.0202,0.99308,24.761,0
12.295,10.885,0.99241,0.98363,24.91,0
12.39,10.983,0.97459,0.97147,25.051,0
12.49,11.08,0.90232,0.96459,25.201,0
12.573,11.177,0.94923,0.94634,25.336,0
12.666,11.272,0.95443,0.93645,25.473,0
12.763,11.365,0.84651,0.93044,25.617,0
12.84,11.458,0.69246,0.9117,25.749,0
12.915,11.549,0.54408,0.89342,25.891,0
12.962,11.639,0.42732,0.85811,26.019,0
13.004,11.725,0.3498,0.82343,26.142,0
13.034,11.807,0.37651,0.7839,26.276,0
13.079,11.885,0.42009,0.75672,26.387,0
13.114,11.961,0.38319,0.72622,26.507,0
13.153,12.034,0.29169,0.7006,26.622,0
13.178,12.104,0.21576,0.6689,26.737,0
13.197,12.171,0.12591,0.63546,26.84,0
13.209,12.234,0.092899,0.60031,26.946,0
13.224,12.294,0.066286,0.56993,27.05,0
13.222,12.351,0.035038,0.53064,27.131,0
13.228,12.404,0.0019268,0.50011,27.213,0
13.228,12.454,-0.0092581,0.4678,27.295,0
13.219,12.501,-0.098273,0.43233,27.374,0
13.21,12.544,-0.2004,0.39965,27.441,0.089654
13.197,12.584,-0.2518,0.36651,27.511,0.30759
13.167,12.621,-0.23306,0.32563,27.561,0.27549
13.152,12.653,-0.22997,0.29652,27.618,0.29214
13.129,12.683,-0.20702,0.26445,27.658,0.24351
13.102,12.709,-0.17959,0.23258,27.705,0.18602
13.081,12.733,-0.15077,0.20585,27.752,0.12498
13.064,12.753,-0.14844,0.18347,27.776,0.14332
13.054,12.772,-0.17815,0.16656,27.814,0.25533
13.042,12.788,-0.18069,0.14959,27.842,0.28289
13.015,12.803,-0.14468,0.1242,27.863,0.2025
13.003,12.816,-0.1323,0.11029,27.883,0.18323
12.999,12.827,-0.14321,0.10119,27.905,0.22609
12.987,12.837,-0.066292,0.087894,27.921,0.033393
12.977,12.846,0.047044,0.077239,27.931,0
12.99,12.853,0.22029,0.079812,27.934,0
13.018,12.861,0.35965,0.091566,27.938,0
13.058,12.871,0.51066,0.10941,27.965,0
13.117,12.881,0.62079,0.13732,27.986,0
13.184,12.895,0.69172,0.16874,28.006,0
13.246,12.912,0.70458,0.19456,28.046,0
13.315,12.932,0.79764,0.22328,28.083,0
13.393,12.954,0.91698,0.25508,28.122,0
13.489,12.979,0.9678,0.29551,28.168,0
13.583,13.009,1.0012,0.33256,28.223,0
13.693,13.042,1.0884,0.37559,28.275,0
13.802,13.08,1.1323,0.4159,28.338,0
13.924,13.121,1.1428,0.46069,28.411,0
14.043,13.167,1.1999,0.50097,28.5,0
14.155,13.217,1.2717,0.53485,28.595,0
14.272,13.271,1.2972,0.56926,28.699,0
14.408,13.328,1.3108,0.61165,28.805,0
14.549,13.389,1.3194,0.65378,28.914,0
14.685,13.454,1.2979,0.69073,29.028,0
14.805,13.523,1.2925,0.7161,29.16,0
14.939,13.595,1.2863,0.74739,29.294,0
15.062,13.67,1.298,0.77013,29.422,0
15.196,13.747,1.3201,0.79779,29.569,0
15.321,13.827,1.3216,0.8185,29.722,0
15.444,13.908,1.2791,0.83637,29.875,0
15.572,13.992,1.2716,0.85631,30.038,0
15.708,14.078,1.252,0.87852,30.19,0
15.842,14.166,1.1982,0.89872,30.363,0
15.969,14.255,1.2133,0.91315,30.523,0
16.094,14.347,1.2866,0.9257,30.694,0
16.227,14.439,1.2966,0.94163,30.862,0
16.349,14.534,1.3144,0.95062,31.042,0
16.474,14.629,1.3356,0.96144,31.234,0
16.607,14.725,1.3475,0.97489,31.42,0
16.738,14.822,1.3217,0.98663,31.601,0
16.863,14.921,1.2915,0.9949,31.804,0
17.001,15.02,1.2876,1.0089,32.005,0
17.136,15.121,1.3029,1.0208,32.209,0
17.272,15.223,1.3195,1.0319,32.419,0
17.401,15.327,1.3158,1.039,32.621,0
17.534,15.43,1.3178,1.0477,32.821,0
17.672,15.535,1.3125,1.0577,33.025,0
17.81,15.641,1.3205,1.0678,33.233,0
17.939,15.748,1.3082,1.0725,33.448,0
18.073,15.855,1.3147,1.0801,33.677,0
18.214,15.963,1.3288,1.0899,33.899,0
18.35,16.072,1.3258,1.0972,34.124,0
18.484,16.182,1.325,1.1032,34.362,0
18.624,16.292,1.3074,1.1114,34.598,0
18.748,16.403,1.3032,1.1114,34.83,0
18.882,16.514,1.3373,1.1168,35.072,0
19.021,16.626,1.3536,1.1233,35.302,0
19.16,16.738,1.2975,1.1302,35.546,0
19.29,16.851,1.2863,1.1319,35.78,0
19.414,16.965,1.3154,1.1314,36.029,0
19.538,17.078,1.3038,1.1306,36.282,0
19.669,17.191,1.281,1.1331,36.527,0
19.791,17.304,1.3077,1.1316,36.776,0
19.928,17.417,1.3031,1.1372,37.034,0
20.057,17.531,1.2748,1.1386,37.288,0
20.188,17.645,1.2932,1.1407,37.538,0
20.308,17.759,1.2836,1.1382,37.8,0
20.432,17.873,1.262,1.1377,38.052,0
20.557,17.986,1.2633,1.137,38.305,0
20.691,18.1,1.264,1.1411,38.571,0
20.822,18.214,1.2467,1.1437,38.837,0
20.949,18.329,1.281,1.1442,39.105,0
21.081,18.443,1.3096,1.1465,39.367,0
21.208,18.558,1.3056,1.1469,39.63,0
21.334,18.672,1.2881,1.1472,39.904,0
21.458,18.787,1.2407,1.1458,40.162,0
21.586,18.902,1.2176,1.1468,40.423,0
21.706,19.016,1.2258,1.144,40.687,0
21.837,19.131,1.2325,1.1462,40.964,0
21.954,19.245,1.2344,1.1428,41.237,0
22.081,19.36,1.2507,1.1433,41.501,0
22.206,19.474,1.2252,1.1431,41.773,0
22.331,19.588,1.245,1.1434,42.051,0
22.464,19.703,1.2759,1.1465,42.331,0
22.601,19.817,1.3591,1.1515,42.606,0
22.746,19.932,1.4369,1.159,42.881,0
22.88,20.048,1.5054,1.162,43.155,0
23.033,20.165,1.5664,1.1726,43.445,0
23.181,20.282,1.6628,1.181,43.741,0.42103
23.355,20.4,1.6998,1.1991,44.032,0.60316
23.519,20.52,1.6984,1.2123,44.331,0.61038
23.685,20.641,1.7257,1.2257,44.63,0.75913
23.867,20.764,1.7131,1.2449,44.938,0.70854
24.039,20.888,1.6305,1.2591,45.247,0.32362
24.199,21.014,1.6316,1.2682,45.566,0.34994
24.36,21.141,1.5641,1.277,45.889,0.049146
24.509,21.269,1.447,1.2803,46.21,0
24.658,21.397,1.4081,1.284,46.541,0
24.806,21.525,1.455,1.2868,46.861,0
24.958,21.654,1.4158,1.2908,47.18,0
25.095,21.783,1.4423,1.2893,47.516,0
25.244,21.912,1.4538,1.2922,47.84,0
25.392,22.041,1.3951,1.295,48.183,0
25.524,22.17,1.312,1.291,48.51,0
25.656,22.3,1.2268,1.2874,48.838,0
25.788,22.428,1.2242,1.2837,49.166,0
25.908,22.557,1.3053,1.2759,49.495,0
26.041,22.684,1.371,1.2734,49.821,0
26.171,22.812,1.3709,1.2704,50.166,0
26.306,22.939,1.3826,1.2694,50.51,0
26.435,23.066,1.4018,1.2656,50.837,0
26.58,23.192,1.2781,1.2683,51.17,0
26.712,23.319,0.96953,1.2663,51.5,0
26.808,23.446,0.73975,1.2506,51.834,0
26.882,23.571,0.77481,4.8,52.173,9.7884
26.957,24.051,0.78018,1.0473,52.479,0
27.041,24.155,0.76701,1.0377,52.773,0
27.109,24.259,0.76298,4.8,53.065,12.19
27.188,24.739,0.62234,0.85419,53.333,0
27.243,24.825,0.3719,0.84198,53.566,0
27.281,24.909,0.15859,0.82432,53.812,0
27.289,24.991,0.085744,4.8,54.042,23.34
27.307,25.471,0.20852,0.61908,54.249,0
27.337,25.533,0.55719,0.6076,54.433,0
27.392,25.594,0.8561,0.60522,54.608,0
27.47,25.654,1.1353,0.61056,54.799,0
27.581,25.715,1.3935,4.8,54.989,10.975
27.711,26.195,1.6239,0.495,55.16,1.7341
27.869,26.245,1.9168,0.53034,55.322,3.2198
28.053,26.298,2.1523,0.57239,55.487,4.5944
28.276,26.355,2.3033,0.62612,55.667,5.6017
28.511,26.418,2.442,0.68164,55.859,6.6096
28.753,26.486,2.5066,4.8,56.071,1.7872
28.997,26.966,2.3715,0.64343,56.286,6.2963
29.231,27.03,2.2099,0.69662,56.491,5.3916
29.453,27.1,2.128,0.7445,56.711,4.9897
29.665,27.174,2.1267,0.78706,56.944,5.0874
29.871,27.253,2.2055,4.8,57.194,2.157
30.095,27.733,2.2478,0.72716,57.445,5.9738
30.324,27.806,2.2058,0.77499,57.698,5.8427
30.552,27.883,2.0788,4.8,57.966,2.6815
30.756,28.363,1.8967,0.71795,58.226,3.9712
30.953,28.435,1.7316,0.75529,58.474,3.0877
31.122,28.511,1.6334,0.78289,58.736,2.5885
31.287,28.589,1.6238,4.8,58.995,5.4865
31.451,29.069,1.8064,0.69685,59.254,3.5933
31.636,29.139,1.9573,0.73038,59.506,4.6174
31.826,29.212,2.009,-2,59.758,95.751
32.019,29.012,2.0833,4.8,60.035,1.462
32.219,29.492,2.1838,-2,60.314,101.73
32.443,29.292,2.163,-2,60.599,118.44
32.664,29.092,2.1409,-2,60.937,138.19
32.871,28.892,2.1613,4.8,61.308,0
33.082,29.372,2.1551,-2,61.701,145.55
33.306,29.172,2.1186,-2,62.088,171.07
33.515,28.972,2.0995,4.8,62.523,0
33.72,29.452,2.1209,-2,62.969,180.22
33.927,29.252,2.1529,-2,63.413,211.47
34.135,29.052,2.1631,4.8,63.893,0
34.345,29.532,2.1497,-2,64.394,223.73
34.568,29.332,2.1311,-2,64.898,267.56
34.776,29.132,2.1356,-2,65.439,320.31
34.992,28.932,2.1552,4.8,66.023,0
35.21,29.412,2.1447,-2,66.619,343.29
35.416,29.212,2.1248,-2,67.213,420.71
35.625,29.012,2.0955,4.8,67.857,0
35.829,29.492,2.0338,-2,68.498,465.64
36.042,29.292,1.9942,-2,69.149,604.76
36.251,29.092,1.9975,-2,69.85,799.46
36.448,28.892,1.9801,4.8,70.58,0
36.637,29.372,1.9193,-2,71.326,925.52
36.822,29.172,1.8628,-2,72.064,1447.3
37.003,28.972,1.7831,4.8,72.85,0
37.176,29.452,1.6777,-2,73.643,2288.8
37.343,29.252,1.626,-2,74.424,10358
37.5,29.052,1.607,4.8,75.245,0
37.653,29.532,1.5774,-2,76.077,51963
37.802,29.332,1.5738,-2,76.898,0
37.966,29.132,1.5457,-2,77.77,0
38.114,28.932,1.5213,4.8,78.666,0
38.272,29.412,1.5223,-2,79.574,0
38.431,29.212,1.4954,-2,80.482,0
38.573,29.012,1.4622,4.8,81.418,0
38.712,29.492,1.5058,-2,82.356,0
38.855,29.292,1.5509,-2,83.299,0
39.017,29.092,1.5949,-2,84.271,0
39.182,28.892,1.6536,4.8,85.285,0
39.347,29.372,1.7333,-2,86.297,0
39.525,29.172,1.7706,-2,87.304,0
39.704,28.972,1.7874,4.8,88.353,0
39.878,29.452,1.7452,-2,89.417,0
40.058,29.252,1.7155,-2,90.474,0
40.234,29.052,1.7028,4.8,91.578,0
40.414,29.532,1.6536,-2,92.681,0
40.588,29.332,1.6391,-2,93.779,0
40.749,29.132,1.6668,-2,94.927,0
40.906,28.932,1.6359,4.8,96.115,0
41.063,29.412,1.5561,-2,97.298,0
41.22,29.212,1.528,-2,98.487,0
41.363,29.012,1.4703,4.8,99.698,0.23412
41.51,29.492,1.3976,-2,100.91,0
41.652,29.292,1.3892,-2,102.14,0
41.796,29.092,1.4132,-2,103.4,0
41.933,28.892,1.4579,4.8,104.67,5.4451
42.077,29.372,1.4901,-2,105.95,0
42.225,29.172,1.4906,-2,107.25,0
42.381,28.972,1.4838,4.8,108.56,9.2753
42.538,29.452,1.4138,-2,109.89,0
42.675,29.252,1.3303,-2,111.22,0
42.811,29.052,1.2549,4.8,112.58,10.623
42.944,29.532,1.2678,-2,113.94,0
43.078,29.332,1.3072,-2,115.29,0
43.204,29.132,1.3724,-2,116.68,0
43.35,28.932,1.405,4.8,118.1,21.327
43.487,29.412,1.4216,-2,119.53,0
43.637,29.212,1.4006,-2,120.97,0
43.786,29.012,1.3733,4.8,122.42,26.906
43.932,29.492,1.3703,-2,123.87,0
44.064,29.292,1.407,-2,125.34,0
44.199,29.092,1.4028,-2,126.84,0
44.342,28.892,1.385,4.8,128.37,41.095
44.487,29.372,1.3789,-2,129.9,0
44.617,29.172,1.357,-2,131.42,0
44.744,28.972,1.3213,4.8,132.98,48.523
44.875,29.452,1.3179,-2,134.53,0
45.015,29.252,1.3411,-2,136.09,0
45.148,29.052,1.3245,4.8,137.68,58.114
45.28,29.532,1.2637,-2,139.28,0
45.409,29.332,1.251,-2,140.86,0
45.53,29.132,1.3012,-2,142.48,0
45.663,28.932,1.3141,4.8,144.14,81.32
45.794,29.412,1.5176,-2,145.8,0
45.948,29.212,1.4368,-2,147.45,0
