6.6667,6.6667,0.078025,0,35.5,0
6.6711,6.6667,0.093236,6.7,35.509,59.063
6.6881,7.3367,0.14298,6.7,35.477,62.575
6.7055,8.0067,0.11115,6.7,35.373,67.674
6.7184,8.6767,-0.0055223,6.7,35.208,74.584
6.7113,9.3467,-0.17893,6.7,34.975,83.019
6.694,10.017,-0.36643,6.7,34.667,92.118
6.6671,10.687,-0.49648,-0.23564,34.308,18.482
6.6125,10.663,-0.56903,-0.24155,33.906,19.495
6.5612,10.639,-0.52911,-0.24734,33.509,19.095
6.5114,10.614,-0.40119,-0.25331,33.101,17.65
6.4803,10.589,-0.32084,-0.25836,32.684,16.729
6.4468,10.563,-0.28959,-0.26361,32.272,16.381
6.4178,10.537,-0.26106,-0.26863,31.865,16.045
6.3899,10.51,-0.31399,-0.2738,31.451,16.579
6.3625,10.482,-0.49489,-0.27901,31.041,18.618
6.3065,10.455,-0.67225,-0.28648,30.621,20.957
6.2302,10.426,-0.91838,-0.29538,30.213,24.652
6.1315,10.396,-1.1706,-0.30638,29.789,29.057
6.0143,10.366,-1.3335,-0.31908,29.365,32.424
5.8739,10.334,-1.4049,-0.33413,28.927,34.355
5.7406,10.3,-1.4249,-0.34937,28.475,35.258
5.6012,10.265,-1.3672,-0.3659,28.009,34.648
5.4575,10.229,-1.3313,-0.38352,27.535,34.482
5.3269,10.191,-1.3339,-0.4011,27.043,34.953
5.1839,10.15,-1.2882,-0.42015,26.56,34.559
5.0464,10.108,-1.148,-0.43993,26.059,32.399
4.9341,10.064,-0.99383,-0.45861,25.545,29.986
4.8353,10.019,-0.8263,-0.47669,25.034,27.451
4.7471,9.9709,-0.60434,-0.49496,24.509,24.276
4.692,9.9214,-0.43166,-0.51059,23.989,21.874
4.6462,9.8703,-0.33498,-0.52594,23.468,20.51
4.606,9.8177,-0.21047,-0.54169,22.939,18.859
4.5928,9.7636,-0.11795,-0.55457,22.425,17.528
4.5792,9.7081,-0.081887,-0.56844,21.901,16.823
4.5726,9.6513,-0.038032,-0.58186,21.383,16.021
4.5708,9.5931,0.00050854,-0.59434,20.885,15.27
4.5676,9.5336,0.01038,-0.60733,20.389,14.803
4.5675,9.4729,0.084816,-0.62026,19.898,13.74
4.5804,9.4109,0.14002,-0.6313,19.42,12.84
4.5966,9.3477,0.16173,-0.64234,18.941,12.227
4.6056,9.2835,0.16527,-0.65439,18.47,11.793
4.6255,9.2181,0.15941,-0.66445,18.013,11.4
4.649,9.1516,0.10141,-0.67443,17.555,11.396
4.6531,9.0842,0.063123,-0.68756,17.101,11.298
4.6691,9.0154,-0.0033684,-0.6987,16.655,11.382
4.6741,8.9456,-0.06952,-0.71121,16.221,11.503
4.6741,8.8744,-0.15199,-0.72441,15.796,11.783
4.6525,8.802,-0.22513,-0.74177,15.374,12.06
4.6374,8.7278,-0.32307,-0.75819,14.957,12.546
4.6051,8.652,-0.41296,-0.77751,14.552,13.039
4.5656,8.5742,-0.55047,-0.79907,14.147,14.058
4.5166,8.4943,-0.71871,-0.82298,13.747,15.537
4.4532,8.412,-0.96426,-0.85,13.356,18.218
4.3609,8.327,-1.3428,-0.88446,12.966,23.532
4.227,8.2386,-1.575,-0.93083,12.57,27.414
4.0773,8.1455,-1.7907,-0.98458,12.162,31.495
3.8973,8.0471,-1.9723,-1.0492,11.75,16.902
3.6992,7.9421,-2.0879,-1.1226,11.333,16.512
3.4864,7.8299,-2.044,-1.207,10.899,15.983
3.284,7.7092,-2.0907,-1.296,10.451,15.466
3.0663,7.5796,-2.2541,-1.3969,9.9952,15.047
2.8411,7.4399,-2.2572,-1.5066,9.5401,14.441
2.6181,7.2892,-2.124,-1.6251,9.0765,13.602
2.4064,7.1267,-2.0105,-1.7525,8.5981,12.701
2.2057,6.9514,-1.8819,-5.2,8.1308,2.7565
2.0227,6.4314,-1.6028,-5.2,7.6756,1.4792
1.8595,5.9114,-1.4568,-8.8,7.2434,0
1.7112,5.0314,-1.3913,-8.8,6.8718,0
1.563,4.1514,-1.3118,-8.8,6.5816,0
1.4326,3.2714,-1.2354,-8.8,6.3684,0
1.3131,2.3914,-1.0661,-0.20981,6.2241,5.1194
1.1989,2.3705,-0.90758,-8.8,6.1146,0
1.1033,1.4905,-0.75654,-0.047525,6.0385,2.9425
1.0362,1.4857,-0.58379,-0.055611,5.997,2.727
0.97907,1.4801,-0.39066,-0.062668,5.9431,2.5639
0.93015,1.4739,-0.24946,-0.068818,5.8839,1.9948
0.89944,1.467,-0.1392,-0.07267,5.825,1.5944
0.88459,1.4597,-0.015291,-0.074534,5.7638,1.173
0.88428,1.4523,0.13412,-8.8,5.7103,0
0.89241,0.57228,0.27553,0.27553,5.6969,0
0.92199,0.59983,0.39553,0.39553,5.7322,0
0.96379,0.63938,0.57409,0.57409,5.7556,0
1.0176,0.69679,0.6815,0.6815,5.7798,0
1.0913,0.76494,0.75465,0.75465,5.8157,0
1.1689,0.84041,0.78415,0.78415,5.8425,0
1.2376,0.91882,0.80027,3.8153,5.8707,16.483
1.3124,1.3004,0.79369,0.081096,5.8823,0
1.3883,1.3085,0.78122,0.52999,5.8782,0
1.4741,1.3615,0.68662,0.69978,5.8786,0
1.5521,1.4314,0.61775,0.6912,5.8963,0
1.606,1.5006,0.55797,0.55927,5.9067,0
1.6645,1.5565,0.44343,0.54062,5.9251,0
1.7052,1.6106,0.45112,0.44805,5.9362,0
1.7505,1.6554,0.59032,0.43052,5.9399,0
1.8142,1.6984,0.66224,0.50331,5.9581,0
1.8735,1.7487,0.70392,0.51721,5.9673,0
1.949,1.8005,0.77308,0.58821,5.9889,0
2.0357,1.8593,0.78735,0.66311,5.9991,0
2.1049,1.9256,0.71321,0.638,6.0218,0
2.1821,1.9894,0.67629,0.65151,6.046,0
2.2528,2.0545,0.65255,0.63671,6.0617,0
2.3191,2.1182,0.62037,0.61533,6.0863,0
2.3863,2.1797,0.61342,0.60576,6.1147,0
2.4403,2.2403,0.64852,0.5621,6.1389,0
2.5064,2.2965,0.68179,0.5673,6.1546,0
2.5705,2.3533,0.73846,0.56594,6.1802,0
2.6455,2.4099,0.82089,-8.8,6.198,0
2.7252,1.5299,0.85503,4.9,6.2772,20.739
2.8075,2.0199,0.86695,2.7228,6.377,5.6133
2.8982,2.2921,0.8812,1.7141,6.4532,1.0104
2.9823,2.4635,0.88524,1.311,6.5104,0
3.0746,2.5946,0.89909,1.1212,6.5694,0
3.1737,2.7068,0.91599,1.0222,6.6108,0
3.2622,2.809,0.95068,0.93762,6.6504,0
3.3543,2.9028,1.0077,0.88953,6.6949,0
3.4501,2.9917,1.0458,0.86479,6.7486,0
3.5619,3.0782,1.074,0.87633,6.8026,0
3.6652,3.1658,1.1332,0.86838,6.8474,0
3.7782,3.2527,1.2239,0.88021,6.9065,0
3.9,3.3407,1.3294,0.9013,6.9542,0
4.0355,3.4308,1.446,0.93877,7.0104,0
4.1782,3.5247,1.5564,0.97869,7.0824,0
4.3302,3.6226,1.624,1.0208,7.1487,0
4.4907,3.7246,1.633,1.0642,7.2189,0
4.6488,3.8311,1.5926,1.0955,7.3064,0
4.8022,3.9406,1.5606,1.1124,7.3903,0
4.9583,4.0518,1.532,1.1292,7.4797,0
5.1118,4.1648,1.506,1.1398,7.5769,0
5.2557,4.2787,1.4728,1.1373,7.6781,0
5.4072,4.3925,1.4491,1.1446,7.7848,0
5.5541,4.5069,1.4146,1.1438,7.8795,0
5.6961,4.6213,1.3793,1.1388,7.9815,0
5.8282,4.7352,1.361,1.1255,8.0908,0
5.9626,4.8478,1.3747,1.117,8.1998,0
6.1028,4.9595,1.4191,1.1165,8.3137,0
6.253,5.0711,1.4732,1.1246,8.42,0
6.3928,5.1836,1.556,1.1235,8.5414,0
6.5531,5.2959,1.6263,1.142,8.6699,0
6.7101,5.4101,1.6918,1.154,8.7931,0
6.8793,5.5255,1.6967,1.1766,8.9331,0
7.0436,5.6432,1.7052,1.1911,9.0712,0
7.2177,5.7623,1.6946,1.2111,9.2046,0
7.3893,5.8834,1.6207,1.2288,9.3619,0
7.5589,6.0063,1.5207,1.2419,9.5169,0
7.718,6.1305,1.4302,1.2447,9.6697,0
7.8701,6.255,1.3175,1.2426,9.8295,0
7.9959,6.3792,1.1834,1.221,9.9903,0
8.1195,6.5013,1.0786,1.2002,10.143,0
8.2252,6.6213,1.0011,1.1706,10.309,0
8.3173,6.7384,0.94765,1.1338,10.461,0
8.4144,6.8518,0.91553,1.1054,10.614,0
8.5075,6.9623,0.90561,1.0775,10.763,0
8.6013,7.0701,0.89648,1.0537,10.914,0
8.6953,7.1754,0.88455,1.033,11.066,0
8.7821,7.2787,0.88179,1.0094,11.211,0
8.874,7.3797,0.87963,0.9916,11.354,0
8.9715,7.4788,0.90283,0.98042,11.509,0
9.0648,7.5769,0.98889,0.9678,11.664,0
9.1566,7.6737,1.1082,0.95543,11.819,0
9.2724,7.7692,1.2403,0.95929,11.967,0
9.4001,7.8651,1.3504,0.97073,12.122,0
9.5389,7.9622,1.4316,0.98735,12.268,0
9.6754,8.0609,1.4768,1.002,12.43,0
9.8282,8.1611,1.5017,1.0255,12.595,0
9.9703,8.2637,1.4835,1.0398,12.755,0
10.118,8.3677,1.4988,1.0575,12.932,0
10.274,8.4734,1.4838,1.0782,13.112,0
10.422,8.5812,1.4876,1.0928,13.292,0
10.564,8.6905,1.4613,1.1022,13.48,0
10.709,8.8007,1.4317,1.1132,13.673,0
10.845,8.9121,1.3686,1.1181,13.866,0
10.985,9.0239,1.2964,1.1241,14.051,0
11.11,9.1363,1.2573,1.1214,14.239,0
11.244,9.2484,1.2424,1.1253,14.442,0
11.375,9.361,1.2786,1.1265,14.638,0
11.505,9.4736,1.3406,1.1267,14.835,0
11.648,9.5863,1.4087,1.1355,15.046,0
11.787,9.6998,1.4154,1.1417,15.26,0
11.939,9.814,1.4076,1.153,15.462,0
12.085,9.9293,1.3656,1.1613,15.677,0
12.22,10.045,1.332,1.1625,15.887,0
12.346,10.162,1.3021,1.1597,16.106,0
12.48,10.278,1.2902,1.1615,16.329,0
12.614,10.394,1.3075,1.1632,16.554,0
12.738,10.51,1.3288,1.1593,16.779,0
12.863,10.626,1.334,1.1567,17,0
12.996,10.742,1.3588,1.1578,17.222,0
13.123,10.858,1.385,1.1567,17.454,0
13.253,10.973,1.3656,1.1574,17.687,0
13.395,11.089,1.361,1.1636,17.919,0
13.526,11.205,1.3746,1.1632,18.14,0
13.656,11.322,1.3743,1.1633,18.369,0
13.792,11.438,1.3572,1.1665,18.612,0
13.919,11.555,1.3855,1.165,18.847,0
14.052,11.671,1.4071,1.167,19.091,0
14.195,11.788,1.3833,1.1731,19.323,0
14.328,11.905,1.3687,1.1746,19.573,0
14.457,12.023,1.37,1.174,19.824,0
14.594,12.14,1.3205,1.1767,20.06,0
14.723,12.258,1.3129,1.1762,20.308,0
14.86,12.375,1.2974,1.1799,20.561,0
14.998,12.493,1.3056,1.183,20.804,0
15.12,12.612,1.3109,1.1782,21.052,0
15.26,12.729,1.3559,1.1831,21.308,0
15.393,12.848,1.361,1.1843,21.564,0
15.526,12.966,1.368,1.1852,21.813,0
15.658,13.085,1.3608,1.186,22.077,0
15.787,13.203,1.3629,1.1849,22.326,0
15.931,13.322,1.3308,1.1909,22.586,0
16.061,13.441,1.325,1.1906,22.857,0
16.197,13.56,1.3599,1.1927,23.11,0
16.326,13.679,1.374,1.192,23.384,0
16.458,13.798,1.3825,1.1927,23.658,0
16.593,13.918,1.4372,1.195,23.931,0
16.741,14.037,1.4369,1.2027,24.206,0
16.881,14.157,1.4466,1.2064,24.479,0
17.036,14.278,1.5158,1.2158,24.743,0
17.183,14.4,1.5501,1.2219,25.018,0
17.345,14.522,1.5486,1.2347,25.308,0
17.501,14.645,1.5457,1.2432,25.589,0
17.651,14.77,1.4849,1.2498,25.881,0
17.792,14.895,1.3868,1.2512,26.166,0
17.94,15.02,1.277,1.256,26.458,0
18.072,15.145,1.2189,1.2534,26.751,0
18.198,15.271,1.1805,1.2489,27.05,0
18.32,15.395,1.1887,1.2428,27.352,0
18.438,15.52,1.1752,1.2353,27.639,0
18.56,15.643,1.2086,1.2295,27.925,0
18.683,15.766,1.169,1.2246,28.212,0
18.803,15.889,1.1534,1.2189,28.497,0
18.911,16.011,1.1213,1.2085,28.789,0
19.023,16.131,1.1611,1.2006,29.08,0
19.149,16.251,1.2273,1.1984,29.363,0
19.274,16.371,1.3497,1.1961,29.652,0
19.41,16.491,1.4383,1.1987,29.938,0
19.563,16.611,1.5372,1.208,30.226,0
19.721,16.732,1.5341,1.219,30.526,0
19.882,16.854,1.4638,1.2307,30.823,0
20.028,16.977,1.3483,1.2363,31.136,0
20.155,17.1,1.2606,1.2335,31.444,0
20.279,17.224,1.1334,1.2296,31.748,0
20.397,17.347,1.0761,1.2234,32.054,0
20.506,17.469,1.0447,1.2138,32.354,0
20.602,17.59,1.0331,1.1998,32.659,0
20.705,17.71,0.97146,1.1893,32.961,0
20.805,17.829,0.96232,1.1783,33.266,0
20.908,17.947,0.93952,1.1686,33.554,0
21.002,18.064,0.90427,1.1557,33.844,0
21.087,18.179,0.86207,1.1407,34.146,0
21.166,18.294,0.86748,1.1236,34.432,0
21.251,18.406,0.84967,1.1096,34.72,0
21.331,18.517,0.82712,1.0941,34.997,0
21.408,18.626,0.84712,1.0788,35.284,0
21.483,18.734,0.89852,1.0637,35.57,0
21.574,18.84,0.98407,1.0549,35.841,0
21.67,18.946,1.1007,1.0486,36.117,0
21.789,19.051,1.2209,1.0512,36.388,0
21.904,19.156,1.3436,1.0523,36.665,0
22.035,19.261,1.4568,1.0596,36.933,0.015848
22.172,19.367,1.521,1.0685,37.211,0.31548
22.332,19.474,1.5437,1.0864,37.491,0.42494
22.492,19.583,1.5069,1.1033,37.785,0.25626
22.641,19.693,1.4407,1.1151,38.079,0
22.789,19.804,1.3716,1.1259,38.372,0
22.924,19.917,1.3714,1.1318,38.681,0
23.071,20.03,1.3813,1.1414,38.973,0
23.202,20.144,1.4569,1.1447,39.281,0.083694
23.344,20.259,1.5598,1.1521,39.588,0.59327
23.503,20.374,1.6034,1.1655,39.9,0.82647
23.673,20.491,1.5745,1.1824,40.215,0.69519
23.831,20.609,1.4897,1.1942,40.535,0.29113
23.974,20.728,1.455,1.1998,40.85,0.14247
24.127,20.848,1.4001,1.2087,41.177,0
24.264,20.969,1.3864,1.2116,41.506,0
24.4,21.09,1.3557,1.2137,41.835,0
24.539,21.212,1.3903,1.2171,42.161,0
24.671,21.333,1.3752,1.2182,42.504,0
24.809,21.455,1.3546,1.2208,42.831,0
24.948,21.577,1.3336,1.2241,43.176,0
25.078,21.7,1.3695,1.224,43.524,0
25.223,21.822,1.3759,1.2289,43.86,0
25.356,21.945,1.4012,1.2297,44.206,0.080559
25.503,22.068,1.3912,1.2352,44.54,0.053308
25.637,22.191,1.3192,1.2358,44.892,0
25.77,22.315,1.2028,1.2363,45.241,0
25.898,22.439,1.127,1.2352,45.595,0
26.013,22.562,1.0044,1.229,45.938,0
26.117,22.685,0.86546,1.2194,46.285,0
26.201,22.807,0.77051,1.2029,46.627,0
26.284,22.927,0.6826,1.1873,46.974,0
26.358,23.046,0.55623,1.1685,47.301,0
26.404,23.163,0.41908,1.1408,47.623,0
26.439,23.277,0.30486,1.1102,47.937,0
26.462,23.388,0.20859,1.0772,48.257,0
26.486,23.496,0.099723,1.0458,48.568,0
26.494,23.6,0.0017209,1.0098,48.858,0
26.485,23.701,-0.052392,0.96978,49.15,0
26.474,23.798,-0.1008,0.93037,49.414,0
26.47,23.891,-0.15339,0.89464,49.671,0
26.458,23.981,-0.21718,0.85812,49.928,0
26.429,24.067,-0.29333,0.81697,50.166,0
26.401,24.148,-0.46644,0.77786,50.405,0
26.35,24.226,-0.68198,0.73229,50.62,0
26.278,24.299,-0.87391,0.68134,50.828,0.31358
26.198,24.367,-1.0148,0.62931,51.015,1.5343
26.1,24.43,-1.1412,0.57334,51.195,2.8666
25.984,24.488,-1.2062,0.51321,51.347,3.8158
25.87,24.539,-1.2174,0.45622,51.498,4.2764
25.743,24.585,-1.2928,0.39643,51.624,5.4221
25.609,24.624,-1.3436,0.33697,51.736,6.3703
25.48,24.658,-1.3694,0.28119,51.83,7.0432
25.35,24.686,-1.3149,0.2269,51.899,6.7853
25.215,24.709,-1.1942,0.17278,51.951,5.8543
25.1,24.726,-1.0484,0.12752,51.99,4.7577
24.987,24.739,-0.94516,0.084563,52.015,4.1452
24.889,24.747,-0.79228,0.048184,52.03,3.2112
24.813,24.752,-0.70037,0.020757,52.032,2.7556
24.734,24.754,-0.70656,-0.0014659,52.03,2.9778
24.669,24.754,-0.69178,-0.0062016,52.024,3.1056
24.594,24.753,-0.63431,-0.011619,52.006,2.993
24.522,24.752,-0.67172,-0.016829,51.996,3.4788
24.447,24.751,-0.76638,-0.022177,51.976,4.4133
24.375,24.748,-0.82874,-0.02731,51.947,5.1691
24.283,24.746,-0.91337,-0.033891,51.909,6.2552
24.185,24.742,-1.0428,-0.040928,51.865,7.9148
24.08,24.738,-1.0378,-0.048371,51.805,8.3122
23.971,24.733,-0.83692,-0.056152,51.725,6.8076
23.891,24.728,-0.5143,-0.061756,51.653,4.5526
23.839,24.721,-0.13153,-0.065323,51.566,2.5362
23.832,24.715,0.30658,-0.065523,51.483,1.0357
23.854,24.708,0.70649,-0.063576,51.391,0.39703
23.925,24.702,0.97255,-0.057937,51.303,0.29642
24.032,24.696,1.124,-0.049661,51.224,0.35573
24.148,24.691,1.2694,-0.040704,51.166,0.54619
24.27,24.687,1.3808,-0.031321,51.116,0.79317
24.399,24.684,1.4205,-0.021421,51.084,0.94386
24.539,24.682,1.447,-0.010767,51.057,1.1012
24.686,24.681,1.4994,0.001892,51.058,1.3789
24.845,24.681,1.536,0.055285,51.068,1.459
25.005,24.687,1.5385,0.10711,51.086,1.4285
25.166,24.697,1.5354,0.15777,51.118,1.3821
25.321,24.713,1.5325,0.20465,51.176,1.3416
25.471,24.734,1.5127,0.24835,51.246,1.2405
25.627,24.758,1.4778,0.29234,51.334,1.0814
25.778,24.788,1.4509,0.33318,51.428,0.95549
25.932,24.821,1.4301,0.37368,51.536,0.85317
26.066,24.858,1.4138,0.4061,51.66,0.77332
26.208,24.899,1.3939,0.43996,51.793,0.67872
26.342,24.943,1.3789,0.46987,51.926,0.60632
26.471,24.99,1.3509,0.49728,52.061,0.48542
26.599,25.04,1.3137,0.52279,52.203,0.32997
26.728,25.092,1.2797,0.54832,52.357,0.18769
26.862,25.147,1.2429,0.57436,52.523,0.035401
26.983,25.204,1.2195,0.59509,52.692,0
27.113,25.264,1.2101,0.61794,52.874,0
27.242,25.325,1.2148,0.63989,53.058,0
27.365,25.389,1.2193,0.65892,53.249,0
27.483,25.455,1.2641,0.67546,53.456,0.084916
27.618,25.523,1.3165,0.69728,53.652,0.30055
27.747,25.593,1.3472,0.71636,53.87,0.43317
27.875,25.664,1.3691,0.73426,54.081,0.53401
28.015,25.738,1.4076,0.75538,54.297,0.71498
28.147,25.813,1.41,0.7731,54.519,0.73526
28.295,25.891,1.3856,0.79549,54.755,0.63196
28.441,25.97,1.3892,0.8166,55.005,0.6588
28.583,26.052,1.4072,0.83574,55.25,0.75639
28.714,26.135,1.4002,0.85031,55.509,0.73503
28.847,26.22,1.3866,4.8,55.773,7.5842
28.976,26.7,1.3992,0.73018,56.028,0.84641
29.126,26.773,1.411,0.75402,56.264,0.91743
29.273,26.849,1.3984,0.77633,56.506,0.87406
29.408,26.926,1.3928,4.8,56.75,8.1776
29.541,27.406,1.4105,0.66561,56.989,1.0137
29.688,27.473,1.4001,0.69039,57.213,0.98378
29.831,27.542,1.3855,0.71277,57.438,0.93411
29.978,27.613,1.3953,4.8,57.674,8.6793
30.116,28.093,1.4028,0.61352,57.885,1.0743
30.263,28.155,1.3941,0.63933,58.096,1.0571
30.409,28.219,1.4039,0.66378,58.304,1.1294
30.546,28.285,1.4131,4.8,58.529,8.9967
30.693,28.765,1.4072,0.56952,58.74,1.1761
30.83,28.822,1.4061,0.59312,58.932,1.198
30.961,28.881,1.408,0.61401,59.129,1.2334
31.1,28.943,1.4074,0.63657,59.339,1.2603
31.247,29.006,1.4339,4.8,59.558,8.9162
31.381,29.486,1.4806,0.54534,59.761,1.6166
31.521,29.541,1.5288,0.56989,59.946,1.8968
31.668,29.598,1.5835,0.59576,60.155,2.2271
31.821,29.657,1.6321,-2,60.36,76.342
31.98,29.457,1.6796,-2,60.586,88.835
32.14,29.257,1.7557,-2,60.851,103.43
32.316,29.057,1.8745,4.8,61.16,1.7267
32.499,29.537,2.0216,-2,61.466,109.17
32.698,29.337,2.1869,-2,61.784,128.06
32.91,29.137,2.3235,-2,62.138,149.56
33.141,28.937,2.4165,4.8,62.528,0
33.389,29.417,2.4857,-2,62.942,161.1
33.642,29.217,2.5115,-2,63.363,189.28
33.89,29.017,2.5283,4.8,63.829,0
34.139,29.497,2.564,-2,64.301,204.36
34.395,29.297,2.5971,-2,64.781,241.03
34.653,29.097,2.5834,-2,65.307,287.33
34.915,28.897,2.557,4.8,65.88,0
35.169,29.377,2.521,-2,66.464,318.59
35.413,29.177,2.4685,-2,67.069,389.3
35.669,28.977,2.4263,4.8,67.719,0
35.915,29.457,2.3714,-2,68.378,442.73
36.152,29.257,2.3602,-2,69.041,556.15
36.382,29.057,2.3223,4.8,69.754,0
36.621,29.537,2.2806,-2,70.465,641.77
36.841,29.337,2.2205,-2,71.185,878.37
37.063,29.137,2.2023,-2,71.95,1268.1
37.291,28.937,2.1812,4.8,72.757,0
37.502,29.417,2.118,-2,73.587,1672.4
37.715,29.217,1.999,-2,74.411,4889
37.918,29.017,1.8672,4.8,75.285,0
38.113,29.497,1.695,-2,76.165,0
38.287,29.297,1.5197,-2,77.047,0
38.442,29.097,1.428,-2,77.961,0
38.577,28.897,1.373,4.8,78.915,0
38.705,29.377,1.3524,-2,79.858,0
38.833,29.177,1.3587,-2,80.804,0
38.973,28.977,1.3123,4.8,81.796,0
39.097,29.457,1.271,-2,82.778,0
39.214,29.257,1.2666,-2,83.75,0
39.342,29.057,1.2426,4.8,84.752,0
39.47,29.537,1.2041,-2,85.761,0
39.6,29.337,1.1782,-2,86.761,0
39.724,29.137,1.1616,-2,87.806,0
39.84,28.937,1.1614,4.8,88.889,0
39.949,29.417,1.1334,-2,89.969,0
40.064,29.217,1.0918,-2,91.046,0
40.179,29.017,1.0366,4.8,92.15,0
40.281,29.497,0.95788,-2,93.242,0
40.374,29.297,0.80939,-2,94.331,0
40.462,29.097,0.68503,-2,95.456,0
40.525,28.897,0.61289,4.8,96.6,0
40.583,29.377,0.58444,-2,97.738,0
40.642,29.177,0.53112,-2,98.871,0
40.696,28.977,0.46997,4.8,100.03,0
40.739,29.457,0.4109,-2,101.19,0
40.775,29.257,0.32268,-2,102.33,0
40.811,29.057,0.21598,4.8,103.49,0
40.835,29.537,0.13209,-2,104.63,0
40.856,29.337,0.11083,-2,105.77,0
40.863,29.137,0.097582,-2,106.95,0
40.874,28.937,0.097748,4.8,108.12,0
40.875,29.417,0.12122,-2,109.29,0
40.882,29.217,0.15332,-2,110.45,0
40.903,29.017,0.19243,4.8,111.63,0
40.917,29.497,0.27239,-2,112.79,0
40.951,29.297,0.37274,-2,113.94,0
40.981,29.097,0.47714,-2,115.13,0
41.037,28.897,0.58662,4.8,116.33,0
41.09,29.377,0.69609,-2,117.52,0
41.164,29.177,0.82307,-2,118.71,0
41.246,28.977,1.0016,4.8,119.92,0
41.348,29.457,1.1886,-2,121.13,0
41.467,29.257,1.3823,-2,122.33,0
41.607,29.057,1.5562,4.8,123.58,2.3847
41.764,29.537,1.6688,-2,124.83,0
41.928,29.337,1.7494,-2,126.07,0
42.098,29.137,1.881,-2,127.36,0
42.294,28.937,2.0543,4.8,128.68,14.937
42.491,29.417,2.2635,-2,130,0
42.709,29.217,2.4935,-2,131.32,0
42.961,29.017,2.6863,4.8,132.68,29.925
43.225,29.497,2.8052,-2,134.06,0
43.504,29.297,2.8621,-2,135.45,0
43.8,29.097,2.9092,-2,136.9,0
44.094,28.897,2.9438,4.8,138.4,55.709
44.398,29.377,2.9643,-2,139.9,0
44.695,29.177,2.9614,-2,141.42,0
44.982,28.977,2.9485,4.8,143,75.551
45.27,29.457,2.9103,-2,144.59,0
45.558,29.257,2.842,-2,146.18,0
45.843,29.057,2.7594,4.8,147.84,97.982
46.121,29.537,2.6934,-2,149.52,0
46.396,29.337,2.5131,-2,151.19,0
46.651,29.137,2.2308,-2,152.91,0
46.876,28.937,1.9624,4.8,154.68,148.26
47.068,29.417,1.7354,-2,156.47,0
47.243,29.217,1.5243,-2,158.25,0
47.387,29.017,1.4534,4.8,160.07,188.29
47.527,29.497,1.4168,-2,161.89,0
47.663,29.297,1.3481,-2,163.7,0
47.79,29.097,1.2407,-2,165.56,0
47.908,28.897,1.1149,4.8,167.45,296
48.015,29.377,0.93254,-2,169.33,0
48.11,29.177,0.80332,-2,171.2,0
48.198,28.977,0.7074,4.8,173.11,434.87
48.267,29.457,0.62881,-2,175.01,0
48.338,29.257,0.547,-2,176.91,0
48.387,29.057,0.46433,4.8,178.83,627.69
48.439,29.537,0.39628,-2,180.74,0
48.483,29.337,0.34628,-2,182.63,0
48.523,29.137,0.30805,-2,184.57,0
48.549,28.937,0.26387,4.8,186.52,1695.5
48.574,29.417,0.27932,-2,188.46,0
48.599,29.217,0.28126,-2,190.39,0
48.619,29.017,0.28646,4.8,192.34,1510.1
48.645,29.497,0.29453,-2,194.28,0
48.667,29.297,0.34257,-2,196.21,0
48.707,29.097,0.37056,-2,198.17,0
48.736,28.897,0.40324,4.8,200.14,1881.7
48.776,29.377,0.41951,-2,202.1,0
48.819,29.177,0.42729,-2,204.04,0
48.871,28.977,0.42907,4.8,206.02,1997
48.91,29.457,0.4696,-2,207.99,0
48.966,29.257,0.52739,-2,209.94,0
49.027,29.057,0.62193,4.8,211.92,1278.4
49.092,29.537,0.75016,-2,213.89,0
49.165,29.337,0.89883,-2,215.86,0
49.263,29.137,1.0395,-2,217.86,0
49.376,28.937,1.1965,4.8,219.89,922.12
49.501,29.417,1.3239,-2,221.92,0
49.639,29.217,1.4124,-2,223.94,0
49.782,29.017,1.4637,4.8,225.99,952.98
49.93,29.497,1.482,-2,228.05,0
50.075,29.297,1.4711,-2,230.11,0
50.23,29.097,1.4574,-2,232.2,0
50.368,28.897,1.4481,4.8,234.33,2998
50.518,29.377,1.4092,-2,236.46,0
50.657,29.177,1.3399,-2,238.59,0
50.79,28.977,1.2672,4.8,240.75,0
50.917,29.457,1.1976,-2,242.92,0
51.044,29.257,1.1239,-2,245.09,0
51.156,29.057,1.0853,4.8,247.28,0
51.259,29.537,1.0862,-2,249.46,0
51.358,29.337,1.0839,-2,251.64,0
51.46,29.137,1.0753,-2,253.87,0
51.564,28.937,1.0723,4.8,256.12,0
51.669,29.417,1.0648,-2,258.38,0
51.774,29.217,1.0534,-2,260.61,0
51.884,29.017,1.0519,4.8,262.88,0
51.994,29.497,1.0586,-2,265.15,0
52.097,29.297,1.0703,-2,267.41,0
52.209,29.097,1.0833,-2,269.71,0
52.318,28.897,1.0941,4.8,272.04,0
52.418,29.377,1.1081,-2,274.36,0
52.529,29.177,1.1436,-2,276.69,0
52.652,28.977,1.2069,4.8,279.04,0
52.77,29.457,1.2583,-2,281.39,0
52.895,29.257,1.2889,-2,283.74,0
53.017,29.057,1.3218,4.8,286.12,0
53.15,29.537,1.3508,-2,288.49,0
53.281,29.337,1.3303,-2,290.86,0
53.412,29.137,1.3058,-2,293.28,0
53.538,28.937,1.3198,4.8,295.72,0
53.664,29.417,1.3347,-2,298.16,0
53.804,29.217,1.3121,-2,300.6,0
53.939,29.017,1.3097,4.8,303.07,0
54.078,29.497,1.3329,-2,305.54,0
54.204,29.297,1.3278,-2,308.02,0
54.332,29.097,1.313,-2,310.53,0
54.471,28.897,1.3308,4.8,313.07,0
54.603,29.377,1.3407,-2,315.61,0
54.743,29.177,1.3272,-2,318.16,0
54.882,28.977,1.3444,4.8,320.73,0
55.017,29.457,1.4145,-2,323.31,0
55.167,29.257,1.4803,-2,325.88,0
55.312,29.057,1.557,4.8,328.49,0
55.461,29.537,1.6425,-2,331.1,0
55.62,29.337,1.6921,-2,333.71,0
55.787,29.137,1.6872,-2,336.35,0
55.946,28.937,1.6907,4.8,339.04,0
56.122,29.417,1.7234,-2,341.73,0
56.296,29.217,1.8088,-2,344.42,0
56.482,29.017,1.9582,4.8,347.14,0
56.677,29.497,2.1435,-2,349.88,0
56.883,29.297,2.3179,-2,352.62,0
57.111,29.097,2.467,-2,355.4,0
57.355,28.897,2.5467,4.8,358.22,0
57.613,29.377,2.5835,-2,361.06,0
57.878,29.177,2.5893,-2,363.91,0
58.146,28.977,2.5903,4.8,366.8,0
58.412,29.457,2.5491,-2,369.7,0
58.676,29.257,2.5208,-2,372.62,0
58.92,29.057,2.4852,4.8,375.59,0
59.178,29.537,2.5038,-2,378.56,0
59.424,29.337,2.5486,-2,381.55,0
59.676,29.137,2.6396,-2,384.58,0
59.939,28.937,2.7374,4.8,387.67,0
60.218,29.417,2.8309,-2,390.76,0
60.493,29.217,2.8574,-2,393.87,0
60.788,29.017,2.8368,4.8,397.01,0
61.078,29.497,2.7726,-2,400.18,0
61.365,29.297,2.6786,-2,403.35,0
61.625,29.097,2.5726,-2,406.58,0
61.886,28.897,2.4675,4.8,409.86,0
62.136,29.377,2.3714,-2,413.15,0
62.37,29.177,2.2881,-2,416.46,0
62.607,28.977,2.1797,4.8,419.8,0
62.822,29.457,1.9885,-2,423.14,0
63.019,29.257,1.8093,-2,426.49,0
63.193,29.057,1.6089,4.8,429.88,0
63.363,29.537,1.416,-2,433.27,0
63.504,29.337,1.305,-2,436.67,0
63.624,29.137,1.2929,-2,440.1,0
63.745,28.937,1.2539,4.8,443.56,0
63.87,29.417,1.2205,-2,447.02,0
63.995,29.217,1.1922,-2,450.49,0
64.123,29.017,1.1377,4.8,453.99,0
64.246,29.497,1.0858,-2,457.49,0
64.364,29.297,1.0307,-2,460.98,0
64.469,29.097,0.95681,-2,464.49,0
64.562,28.897,0.87577,4.8,468.03,0
64.649,29.377,0.81808,-2,471.58,0
64.74,29.177,0.76731,-2,475.13,0
64.82,28.977,0.80816,4.8,478.7,0
64.895,29.457,0.85806,-2,482.26,0
64.98,29.257,0.89827,-2,485.82,0
65.079,29.057,0.90984,4.8,489.41,0
65.174,29.537,0.91854,-2,492.99,0
65.268,29.337,0.86643,-2,496.57,0
65.354,29.137,0.85108,-2,500.18,0
65.449,28.937,0.89628,4.8,503.83,0
65.547,29.417,0.91585,-2,507.46,0
65.63,29.217,0.91968,-2,511.09,0
65.731,29.017,0.92153,4.8,514.74,0
65.824,29.497,0.90722,-2,518.4,0
65.914,29.297,0.82729,-2,522.06,0
66,29.097,0.79353,-2,525.73,0
66.087,28.897,0.79055,4.8,529.44,0
66.165,29.377,0.77901,-2,533.13,0
66.236,29.177,0.76675,-2,536.81,0
66.322,28.977,0.79074,4.8,540.53,0
66.407,29.457,0.79191,-2,544.24,0
66.483,29.257,0.76516,-2,547.95,0
66.563,29.057,0.74915,4.8,551.68,0
66.648,29.537,0.73307,-2,555.41,0
66.727,29.337,0.72911,-2,559.13,0
66.796,29.137,0.65577,-2,562.88,0
