10.556,10.556,1.1224,0,35.5,0.31476
10.66,10.556,1.153,6.7,35.497,40.737
10.77,11.226,0.98293,6.7,35.473,46.771
10.859,11.896,0.95566,-0.064794,35.391,0.51341
10.954,11.889,0.92944,-0.058696,35.3,0.41622
11.048,11.883,0.8709,-0.052606,35.207,0.32133
11.139,11.878,0.80492,-0.0467,35.131,0.23159
11.215,11.873,0.84686,-0.041752,35.057,0.15849
11.29,11.869,0.92893,-0.036772,35,0.1321
11.377,11.865,1.0296,-0.031074,34.95,0.17417
11.489,11.862,1.1908,-0.023782,34.908,0.39289
11.606,11.86,1.3887,-0.016238,34.876,0.8645
11.754,11.858,1.475,-0.006653,34.851,1.2095
11.901,11.858,1.4663,0.035521,34.852,1.1622
12.04,11.861,1.4181,0.14572,34.862,0.68902
12.176,11.876,1.3952,0.24458,34.887,0.34864
12.309,11.9,1.3641,0.33242,34.932,0.035518
12.452,11.933,1.3137,0.41988,34.985,0
12.582,11.975,1.3054,0.48912,35.051,0
12.709,12.024,1.3033,0.54932,35.121,0
12.837,12.079,1.2968,0.60432,35.201,0
12.964,12.14,1.3087,0.65336,35.286,0
13.093,12.205,1.3185,0.69917,35.381,0
13.23,12.275,1.303,0.74721,35.482,0
13.351,12.35,1.293,0.77746,35.59,0
13.484,12.427,1.2794,0.81406,35.695,0
13.607,12.509,1.251,0.83889,35.804,0
13.741,12.593,1.2319,0.87001,35.909,0
13.864,12.68,1.235,0.88914,36.022,0
13.985,12.769,1.2331,0.90541,36.142,0
14.106,12.859,1.2282,0.91982,36.258,0
14.225,12.951,1.2226,0.93145,36.375,0
14.357,13.044,1.2114,0.95102,36.506,0
14.475,13.139,1.1944,0.95923,36.637,0
14.592,13.235,1.2049,0.96563,36.765,0
14.709,13.332,1.227,0.97123,36.892,0
14.826,13.429,1.2186,0.97716,37.031,0
14.956,13.527,1.2093,0.99056,37.166,0
15.07,13.626,1.2254,0.99244,37.312,0
15.185,13.725,1.2092,0.99478,37.463,0
15.3,13.825,1.1695,0.9967,37.614,0
15.424,13.924,1.1824,1.0044,37.765,0
15.546,14.025,1.1916,1.01,37.908,0
15.668,14.126,1.1743,1.0153,38.051,0
15.78,14.227,1.1718,1.0137,38.208,0
15.903,14.329,1.1883,1.0193,38.36,0
16.017,14.43,1.1863,1.0193,38.525,0
16.141,14.532,1.1829,1.0248,38.69,0
16.251,14.635,1.179,1.0217,38.857,0
16.374,14.737,1.1567,1.0268,39.022,0
16.494,14.84,1.137,1.0294,39.193,0
16.604,14.943,1.1235,1.0257,39.356,0
16.717,15.045,1.1065,1.0247,39.528,0
16.827,15.148,1.0914,1.0215,39.697,0
16.933,15.25,1.0849,1.0164,39.875,0
17.044,15.352,1.0768,1.0147,40.045,0
17.154,15.453,1.0714,1.0124,40.223,0
17.262,15.554,1.0429,1.0099,40.403,0
17.362,15.655,0.99513,1.0022,40.577,0
17.468,15.755,0.96288,0.99811,40.741,0
17.566,15.855,0.92082,0.99042,40.91,0
17.649,15.954,0.85832,0.97458,41.077,0
17.737,16.052,0.83639,0.96264,41.243,0
17.811,16.148,0.8267,0.94366,41.404,0
17.902,16.242,0.80883,0.93603,41.567,0
17.978,16.336,0.78425,0.92075,41.726,0
18.053,16.428,0.7777,0.90566,41.897,0
18.134,16.519,0.78154,0.89498,42.05,0
18.21,16.608,0.7868,0.88262,42.22,0
18.279,16.696,0.76197,0.86734,42.374,0
18.353,16.783,0.76821,0.85576,42.524,0
18.436,16.869,0.76831,0.84966,42.672,0
18.508,16.954,0.74944,0.83857,42.834,0
18.575,17.038,0.75186,0.82533,42.993,0
18.642,17.12,0.76704,0.81253,43.143,0
18.709,17.201,0.7714,0.8015,43.297,0
18.777,17.281,0.74809,0.7914,43.448,0
18.845,17.361,0.71872,0.78206,43.606,0
18.917,17.439,0.6687,4.8,43.747,20.495
18.987,17.919,0.74988,0.53664,43.866,0
19.07,17.972,0.75887,0.54997,43.979,0
19.148,18.027,0.7603,0.55985,44.092,0
19.234,18.083,0.73809,0.57297,44.195,0
19.305,18.141,0.69008,0.57813,44.318,0
19.375,18.199,0.53189,0.5822,44.437,0
19.426,18.257,0.42013,0.57709,44.556,0
19.474,18.314,0.33525,0.5706,44.665,0
19.507,18.372,0.29041,0.55715,44.778,0
19.544,18.427,0.28918,0.54662,44.892,0
19.574,18.482,0.28122,0.53277,45.011,0
19.608,18.535,0.29662,0.52218,45.119,0
19.635,18.587,0.32645,0.50876,45.234,0
19.66,18.638,0.36062,0.49494,45.332,0
19.691,18.688,0.40086,4.8,45.439,26.65
19.739,19.168,0.43457,0.26509,45.512,0
19.786,19.194,0.46683,0.27409,45.561,0
19.827,19.222,0.50919,0.28008,45.62,0
19.871,19.25,0.53368,0.28694,45.686,0
19.924,19.278,0.50571,0.29791,45.744,0
19.982,19.308,0.51442,0.31022,45.804,0
20.031,19.339,0.49849,0.31836,45.879,0
20.085,19.371,0.46116,0.32803,45.953,0
20.128,19.404,0.41465,0.33223,46.018,0
20.173,19.437,0.42113,0.33704,46.081,0
20.222,19.471,0.41567,0.34354,46.156,0
20.27,19.505,0.4044,0.34922,46.225,0
20.313,19.54,0.43843,0.35261,46.305,0
20.364,19.575,0.4945,0.3593,46.392,0
20.42,19.611,0.52794,0.36759,46.48,0
20.465,19.648,0.52442,0.37097,46.564,0
20.509,19.685,0.5336,0.3735,46.65,0
20.561,19.722,0.48609,0.37948,46.724,0
20.601,19.76,0.48635,0.37998,46.806,0
20.649,19.798,0.46289,0.38389,46.9,0
20.695,19.837,0.4592,4.8,46.99,26.71
20.75,20.317,0.48164,0.18777,47.051,0
20.789,20.336,0.50725,0.19649,47.1,0
20.846,20.355,0.46247,0.21224,47.152,0
20.884,20.376,0.46964,0.21955,47.204,0
20.921,20.398,0.48502,0.22602,47.262,0
20.961,20.421,0.45744,0.23307,47.31,0
20.998,20.444,0.43687,0.23887,47.374,0
21.048,20.468,0.44945,0.25001,47.425,0
21.096,20.493,0.44006,0.25982,47.487,0
21.149,20.519,0.437,0.27095,47.541,0
21.184,20.546,0.44967,0.274,47.601,0
21.22,20.574,0.47785,0.27757,47.66,0
21.27,20.601,0.47198,0.28693,47.728,0
21.322,20.63,0.44774,0.29654,47.795,0
21.374,20.66,0.42519,0.30553,47.867,0
21.42,20.69,0.41864,0.312,47.949,0
21.463,20.722,0.43457,0.3168,48.019,0
21.51,20.753,0.42841,0.32269,48.085,0
21.544,20.785,0.44079,0.32317,48.158,0
21.582,20.818,0.43575,0.32505,48.232,0
21.629,20.85,0.45091,0.33096,48.305,0
21.677,20.883,0.40685,0.33693,48.393,0
21.71,20.917,0.40209,4.8,48.474,27.877
21.759,21.397,0.43221,0.1479,48.534,0
21.799,21.412,0.45925,0.15829,48.566,0
21.846,21.428,0.41297,0.17073,48.615,0
21.888,21.445,0.38698,0.18105,48.666,0
21.933,21.463,0.38029,0.19166,48.707,0
21.979,21.482,0.3125,0.20253,48.752,0
22.018,21.502,0.25606,0.2099,48.797,0
22.039,21.523,0.25648,0.20987,48.847,0
22.063,21.544,0.25458,0.21104,48.893,0
22.097,21.565,0.22091,0.21614,48.941,0
22.123,21.587,0.23765,0.2176,48.998,0
22.141,21.609,0.23203,0.21586,49.06,0
22.166,21.63,0.22213,0.21738,49.108,0
22.18,21.652,0.22094,0.2138,49.167,0
22.204,21.673,0.22646,0.21498,49.214,0
22.222,21.695,0.22227,0.21316,49.265,0
22.251,21.716,0.21805,0.21622,49.321,0
22.265,21.738,0.2037,0.21292,49.37,0
22.293,21.759,0.21485,0.21564,49.424,0
22.322,21.781,0.22942,0.21838,49.469,0
22.35,21.803,0.22337,0.22076,49.531,0
22.379,21.825,0.24398,0.22354,49.577,0
22.401,21.847,0.2661,0.22298,49.631,0
22.424,21.869,0.25689,0.22326,49.695,0
22.442,21.892,0.24834,0.22135,49.755,0
22.472,21.914,0.25188,4.8,49.81,31.448
22.498,22.394,0.25127,0.040252,49.846,0
22.525,22.398,0.25051,0.049401,49.86,0
22.552,22.403,0.25793,0.057874,49.87,0
22.586,22.409,0.25019,0.068828,49.893,0
22.617,22.415,0.23722,0.078149,49.915,0
22.644,22.423,0.24254,0.085416,49.928,0
22.664,22.432,0.24494,0.08981,49.947,0
22.689,22.441,0.23627,0.096238,49.962,0
22.722,22.45,0.23621,0.10498,49.982,0
22.742,22.461,0.22942,0.10862,50.017,0
22.756,22.472,0.19412,0.11017,50.046,0
22.781,22.483,0.16174,0.11543,50.075,0
22.806,22.494,0.13793,0.12063,50.111,0
22.822,22.506,0.10918,0.12188,50.143,0
22.832,22.519,0.073708,0.12122,50.172,0
22.836,22.531,0.034846,0.11784,50.208,0
22.833,22.542,0.0045517,0.11229,50.244,0
22.843,22.554,-0.022939,0.11164,50.275,0
22.841,22.565,-0.046897,0.10669,50.296,0
22.832,22.576,-0.058773,0.09886,50.32,0
22.834,22.585,-0.05599,0.096028,50.338,0
22.838,22.595,-0.041883,0.093532,50.365,0
22.824,22.604,-0.054762,0.084594,50.382,0
22.822,22.613,-0.053633,0.08062,50.407,0
22.816,22.621,-0.073855,0.075069,50.434,0
22.813,22.628,-0.085589,0.070989,50.461,0
22.802,22.635,-0.056878,0.063956,50.48,0
22.797,22.642,-0.0093387,0.059658,50.496,0
22.794,22.648,-0.026458,0.056461,50.515,0
22.8,22.654,-0.016721,0.056358,50.523,0
22.799,22.659,-0.031516,0.053735,50.531,0
22.801,22.665,-0.11343,0.052418,50.535,0.094632
22.786,22.67,-0.16307,0.044563,50.551,0.25811
22.778,22.674,-0.17304,0.039939,50.565,0.30317
22.753,22.678,-0.18477,0.02883,50.574,0.37674
22.728,22.681,-0.20303,0.017925,50.583,0.47123
22.702,22.683,-0.15989,0.0072227,50.581,0.37722
22.688,22.684,-0.17255,0.001663,50.59,0.43399
22.68,22.684,-0.16388,-0.00027867,50.592,0.42288
22.671,22.684,-0.14915,-0.00089014,50.586,0.39927
22.66,22.684,-0.12101,-0.0016182,50.585,0.34234
22.643,22.683,-0.13045,-0.0028244,50.579,0.40701
22.632,22.683,-0.1059,-0.0036017,50.575,0.36242
22.628,22.683,-0.093135,-0.0038407,50.563,0.33496
22.618,22.682,-0.089211,-0.0044778,50.551,0.34395
22.611,22.682,-0.079607,-0.0049463,50.54,0.33255
22.594,22.682,-0.11222,-0.006092,50.54,0.4584
22.592,22.681,-0.14471,-0.0061889,50.532,0.55754
22.577,22.68,-0.16277,-0.0071915,50.525,0.64689
22.566,22.68,-0.15457,-0.007919,50.524,0.64525
22.549,22.679,-0.15117,-0.0090833,50.52,0.67332
22.529,22.678,-0.12644,-0.010408,50.502,0.63988
22.518,22.677,-0.10647,-0.01106,50.489,0.60047
22.512,22.676,-0.090958,-0.011424,50.476,0.56628
22.503,22.675,-0.086104,-0.011976,50.463,0.56962
22.497,22.673,-0.096647,-0.012321,50.448,0.61149
22.486,22.672,-0.10576,-0.013034,50.438,0.6619
22.477,22.671,-0.11398,-0.01355,50.411,0.70364
22.465,22.669,-0.12533,-0.014343,50.385,0.76521
22.448,22.668,-0.13359,-0.015435,50.354,0.82801
22.426,22.667,-0.11607,-0.016888,50.322,0.81955
22.406,22.665,-0.12451,-0.01821,50.292,0.89089
22.386,22.663,-0.11639,-0.019493,50.268,0.90705
22.381,22.661,-0.11708,-0.019711,50.244,0.91623
22.371,22.659,-0.13918,-0.020311,50.215,1.0104
22.354,22.657,-0.16724,-0.021378,50.187,1.1461
22.341,22.655,-0.14957,-0.022135,50.166,1.109
22.318,22.653,-0.12944,-0.02359,50.133,1.0883
22.297,22.65,-0.1087,-0.024993,50.099,1.0643
22.279,22.648,-0.09475,-0.026045,50.072,1.0524
22.271,22.645,-0.097837,-0.02647,50.042,1.0764
22.256,22.643,-0.11437,-0.027363,49.999,1.1626
22.254,22.64,-0.14899,-0.027345,49.969,1.2855
22.242,22.637,-0.14461,-0.028055,49.927,1.2932
22.232,22.634,-0.13885,-0.028626,49.893,1.2912
22.21,22.631,-0.12988,-0.029949,49.862,1.3041
22.201,22.628,-0.13788,-0.030429,49.814,1.3489
22.186,22.625,-0.14913,-0.031364,49.77,1.4229
22.178,22.622,-0.17197,-0.031765,49.715,1.5236
22.169,22.619,-0.20167,-0.032222,49.661,1.6578
22.143,22.616,-0.21704,-0.033898,49.612,1.7832
22.122,22.612,-0.19874,-0.035223,49.56,1.754
22.106,22.609,-0.19153,-0.036162,49.501,1.7565
22.089,22.605,-0.22938,-0.037199,49.454,1.9558
22.06,22.602,-0.2237,-0.039108,49.399,2.0017
22.027,22.598,-0.26719,-0.041208,49.348,2.2806
22.005,22.594,-0.35987,-0.042622,49.281,2.801
21.96,22.589,-0.44371,-0.045606,49.23,3.4008
21.91,22.585,-0.51003,-0.049025,49.166,3.9656
21.864,22.58,-0.60961,-0.052106,49.101,4.792
21.801,22.575,-0.69292,-0.056433,49.027,5.64
21.727,22.569,-0.72766,-0.061587,48.94,6.1896
21.648,22.563,-0.77043,-0.067061,48.86,6.8477
21.572,22.556,-0.80032,-0.072372,48.764,7.4023
21.496,22.549,-0.84318,-0.077669,48.667,8.0955
21.414,22.541,-0.83365,-0.083386,48.565,8.3203
21.324,22.533,-0.80494,-0.089749,48.443,8.3912
21.246,22.524,-0.75824,-0.095315,48.31,8.2417
21.167,22.514,-0.70436,-0.10088,48.171,8.0292
21.092,22.504,-0.63893,-0.10625,48.024,7.7099
21.029,22.494,-0.58104,-0.11064,47.879,7.4174
20.974,22.483,-0.61117,-0.1145,47.737,7.8516
20.905,22.471,-0.65219,-0.11945,47.576,8.4485
20.846,22.459,-0.64251,-0.12361,47.423,8.5503
20.78,22.447,-0.60569,-0.12839,47.266,8.4371
20.715,22.434,-0.61108,-0.13314,47.093,8.6962
20.651,22.421,-0.55449,-0.13775,46.925,8.391
20.601,22.407,-0.47921,-0.14139,46.736,7.8844
20.559,22.393,-0.47039,-0.14439,46.561,7.9159
20.519,22.378,-0.47857,-0.14726,46.38,8.0799
20.476,22.364,-0.47705,-0.15043,46.187,8.173
20.429,22.348,-0.47565,-0.15397,45.988,8.2809
20.373,22.333,-0.47274,-0.15814,45.796,8.4078
20.329,22.317,-0.45758,-0.16155,45.59,8.3857
20.278,22.301,-0.46242,-0.16544,45.387,8.5565
20.237,22.285,-0.45302,-0.1685,45.191,8.5651
20.191,22.268,-0.46393,-0.17207,44.981,8.7662
20.145,22.251,-0.44337,-0.1756,44.78,8.6951
20.105,22.233,-0.41224,-0.17873,44.569,8.5118
20.073,22.215,-0.39893,-0.18118,44.35,8.4438
20.025,22.197,-0.38803,-0.18502,44.136,8.4603
19.982,22.178,-0.36546,-0.18848,43.918,8.3594
19.945,22.16,-0.41514,-0.19155,43.689,8.8373
19.897,22.14,-0.49385,-0.19541,43.47,9.6332
19.849,22.121,-0.55155,-0.19954,43.236,10.278
19.786,22.101,-0.6119,-0.20482,43.016,11.036
19.716,22.08,-0.66772,-0.21091,42.777,11.807
19.651,22.059,-0.70515,-0.21664,42.536,12.384
19.577,22.038,-0.72065,-0.22321,42.291,12.769
19.502,22.015,-0.71441,-0.22999,42.043,12.92
19.426,21.992,-0.73533,-0.23696,41.784,13.371
19.355,21.969,-0.78092,-0.24355,41.523,14.089
19.275,21.944,-0.80892,-0.25098,41.269,14.656
19.189,21.919,-0.95564,-0.25917,40.996,16.761
19.1,21.893,-1.2329,-0.26779,40.722,21.046
18.976,21.867,-1.6307,-0.27994,40.441,28.597
18.811,21.839,-2.1191,-0.29627,40.15,40.591
18.607,21.809,-2.6849,-0.31686,39.845,59.151
18.333,21.777,-3.1849,-0.34496,39.514,81.365
18.018,21.743,-3.6544,-0.3782,39.152,108.28
17.651,21.705,-3.9815,-0.41761,38.767,131.57
17.257,21.663,-4.1967,-0.46113,38.348,149.17
16.832,21.617,-4.3508,-0.50958,37.89,162.85
16.407,21.566,-4.492,-0.55993,37.399,175.87
15.962,21.51,-4.5408,-0.61506,36.859,180.8
15.518,21.449,-4.6111,-0.67292,36.277,187.66
15.054,21.381,-4.6753,-0.7355,35.674,193.99
14.591,21.308,-4.7377,-0.80225,35.013,200.14
14.108,21.228,-4.7454,-0.87571,34.312,201.34
13.634,21.14,-4.7553,-0.95213,33.585,202.77
13.165,21.045,-4.7073,-1.0332,32.821,199.26
12.697,20.941,-4.666,-1.1202,32.017,196.53
12.221,20.829,-4.6233,-1.2152,31.175,193.85
11.756,20.708,-4.6085,-1.3162,30.297,193.39
11.288,20.576,-4.6028,-1.4273,29.376,193.6
10.836,20.434,-4.5929,-1.5456,28.423,193.35
10.383,20.279,-4.6357,-1.6749,27.443,197.04
9.924,20.112,-4.677,-1.8184,26.429,200.57
9.4569,19.93,-4.6664,-1.978,25.388,50.469
8.9927,19.732,-4.6543,-2.1527,24.329,49.243
8.518,19.517,-4.6728,-2.3496,23.241,47.816
8.0435,19.282,-4.6442,-2.5695,22.128,46.206
7.5768,19.025,-4.6088,-2.8128,20.997,44.369
7.1113,18.743,-4.633,-3.087,19.845,42.277
6.6399,18.435,-4.6232,-3.4012,18.667,39.919
6.184,18.095,-4.5911,-3.7502,17.484,37.293
5.7335,17.72,-4.4381,-4.1456,16.292,34.294
5.295,17.305,-4.2199,-4.5932,15.093,30.903
4.8649,16.846,-3.9397,-5.1048,13.89,27.099
4.4779,16.335,-3.6977,-9.2369,12.691,12.668
4.1159,15.412,-3.4812,-9.0112,11.536,11.536
3.7625,14.51,-3.4261,-8.9627,10.432,10.399
3.4184,13.614,-3.439,-8.9723,9.3935,9.2745
3.0646,12.717,-3.4964,-9.0467,8.393,8.1248
2.7212,11.812,-3.5133,-9.0567,7.4545,6.9885
2.3716,10.907,-3.4931,-9.0364,6.5705,5.8487
2.0185,10.003,-3.3828,-8.9327,5.7435,4.7065
1.6815,9.1097,-3.2534,-8.8098,4.9652,3.5524
1.3651,8.2287,-3.1205,-8.6545,4.2562,2.4419
1.0622,7.3632,-2.9847,-8.5083,3.594,1.3107
0.7582,6.5124,-2.8731,-8.415,2.9873,0.15116
0.47283,5.6709,-2.8255,-8.8,2.4437,0
0.18345,4.7909,-2.8039,-8.8,1.9539,0
-0.099574,3.9109,-2.7764,-8.8,1.531,0
-0.36842,3.0309,-2.7771,-8.8,1.1543,0
-0.64794,2.1509,-2.8227,-8.8,0.84361,0
-0.93289,1.2709,-2.8415,-8.8,0.58807,0
-1.2261,0.39089,-2.8487,-8.8,0.39575,0
-1.5138,0,-2.902,-8.8,0.26149,0
-1.7977,0,-2.9419,-15.324,0.1305,0
-2.0949,0,-2.9493,-162.97,0.013712,0
-2.3801,0,-2.9523,-8.8,0.6041,0
-2.6818,0,-2.9666,-11.989,0.39859,0
-2.9801,0,-2.9682,-27.685,0.17966,0
-3.2693,0,-2.9838,-737.87,0.0072722,0
-3.5715,0,-2.9908,-8.8,3.3511,0
-3.8641,0,-3.0079,-8.8,3.0131,0
-4.1637,0,-2.9882,-8.8,2.648,0
-4.4529,0,-2.8405,-8.8,2.2582,0
-4.7294,0,-2.6651,-8.8,1.8386,0
-5.0012,0,-2.5,-11.472,1.394,0
-5.2516,0,-2.3415,-16.905,0.94684,0
-5.4851,0,-2.2057,-32.554,0.4957,0
-5.6984,0,-2.1384,-151.44,0.10875,0
-5.9209,0,-2.0658,-64.373,0.28133,0
-6.1291,0,-1.9438,-5401.2,0.0034788,0
-6.3167,0,-1.787,7.8,26.393,33.094
-6.4886,0.78,-1.5945,7.8,25.718,34.641
-6.6449,1.56,-1.3747,7.8,24.943,36.098
-6.7731,2.34,-1.1821,7.8,24.082,37.555
-6.8946,3.12,-1.0151,-0.29777,23.126,22.037
-6.9922,3.0902,-0.88069,-0.31906,22.13,21.849
-7.08,3.0583,-0.79447,-0.34292,21.11,21.732
-7.1506,3.024,-0.72183,-0.3687,20.098,21.6
-7.2327,2.9872,-0.62116,-0.39839,19.074,21.419
-7.2907,2.9473,-0.52725,-0.43095,18.048,21.19
-7.3353,2.9042,-0.43194,-0.46702,17.026,20.917
-7.3868,2.8575,-0.3438,-0.50842,16.006,20.655
-7.4137,2.8067,-0.31189,-0.55494,14.98,20.441
-7.436,2.7512,-0.32459,-0.60863,13.953,20.287
-7.475,2.6903,-0.40125,-0.67158,12.937,20.271
-7.5087,2.6232,-0.48632,-0.74501,11.926,20.227
-7.555,2.5487,-0.55599,-0.83365,10.914,20.129
-7.6021,2.4653,-0.61342,-0.94145,9.8982,19.949
-7.6694,2.3711,-0.66302,-1.0738,8.8955,19.72
-7.7377,2.2638,-0.64753,-1.2405,7.8881,19.257
-7.7998,2.1397,-0.52292,-1.4498,6.891,18.428
-7.8424,1.9947,-0.39772,-8.8,5.9036,2.5107
-7.8906,1.1147,-0.266,-8.8,4.9579,0.52881
-7.926,0.23473,-0.11705,-8.8,4.1095,0
-7.9466,0,0.024428,-9.4494,3.3327,0
-7.9419,0,0.06632,-12.137,2.5843,0
-7.9432,0,0.087865,-16.869,1.8604,0
-7.9436,0,0.11171,-27.131,1.1581,0
-7.9273,0,0.13823,-62.51,0.50154,0
-7.92,0,0.22795,-2508,0.012504,0
-7.889,0,0.4004,0.4004,11.757,16.172
-7.8416,0.04004,0.67654,0.67654,10.973,16.157
-7.7645,0.10769,0.98966,0.98966,10.182,16.138
-7.6587,0.20666,1.3207,1.3207,9.3937,16.124
-7.5216,0.33873,1.6131,1.6131,8.6059,16.114
-7.3532,0.50005,1.8566,1.8566,7.8123,16.099
-7.177,0.6857,2.0224,2.0224,7.0192,16.118
-6.9821,0.88795,2.1202,-0.52474,6.2275,10.576
-6.7661,0.83547,2.1606,2.1606,5.4585,15.583
-6.5451,1.0515,2.1772,-8.8,4.6908,0
-6.335,0.17153,2.1448,-8.8,3.981,0
-6.1271,0,2.1001,-8.8,3.3896,0
-5.9192,0,2.0794,-8.8,2.823,0
-5.7093,0,2.0729,-8.8,2.2842,0
-5.5082,0,2.0777,-8.8,1.7632,0
-5.3053,0,2.1102,-9.0271,1.2636,0
-5.0883,0,2.1341,-14.368,0.78448,0
-4.871,0,2.1387,-30.383,0.36478,0
-4.652,0,2.1273,-264.29,0.040614,0
-4.432,0,2.0806,-8.8,0.90705,0
-4.2312,0,2.0141,-15.339,0.51585,0
-4.0249,0,1.9474,-41.055,0.18836,0
-3.8368,0,1.9083,9.8,1,24.448
-3.6547,0.98,1.904,-16.426,0.58595,0
-3.4662,0,1.9137,-26.594,0.21073,0
-3.2725,0,1.9248,-423.6,0.012584,0
-3.0796,0,1.905,-8.8,1.809,0
-2.8827,0,1.869,-8.8,1.5611,0
-2.694,0,1.8293,-8.8,1.3334,0
-2.5049,0,1.7978,-8.8,1.1123,0
-2.321,0,1.7799,-8.8,0.91867,0
-2.1348,0,1.7876,-8.8,0.74875,0
-1.9651,0,1.7715,-8.8,0.5978,0
-1.7935,0,1.7445,-8.8,0.45974,0
-1.6229,0,1.6911,-8.8,0.32727,0
-1.4494,0,1.6238,-8.8,0.20851,0
-1.2868,0,1.5882,-8.8,0.1203,0
-1.1213,0,1.574,-14.403,0.039351,0
-0.9544,0,1.5692,-204.69,0.0022081,0
-0.80148,0,1.5592,-8.8,0.93576,0
-0.64259,0,1.5514,-8.8,0.91357,0
-0.48401,0,1.5229,-8.8,0.89739,0
-0.33452,0,1.4991,-8.8,0.89845,0
-0.18421,0,1.4528,-8.8,0.91793,0
-0.042412,0,1.4288,-8.8,0.95126,0
0.10665,0,1.3825,-8.8,1.0062,0
0.25017,0,1.3558,-8.8,1.0595,0
0.38925,0,1.3225,-8.8,1.1292,0
0.51188,0,1.2842,-8.8,1.2228,0
0.64651,0,1.247,-8.8,1.3317,0
0.77691,0,1.2231,-8.8,1.4556,0
0.90387,0,1.1711,-8.8,1.5787,0
1.0125,0,1.0912,-8.8,1.7175,0
1.1189,0,1.126,-8.8,1.8594,0
1.2349,0,1.1753,-8.8,2.0243,0
1.3582,0,1.2386,-8.8,2.2023,0
1.4913,0,1.3074,-8.8,2.3967,0
1.6126,0,1.3054,-8.8,2.6001,0
1.748,0,1.1514,-8.8,2.8069,0
1.8583,0,1.0103,-8.8,3.0263,0
1.9629,0,0.85108,-8.8,3.2521,0
2.039,0,0.6916,-8.8,3.504,0
2.1066,0,0.65283,-8.8,3.7584,0
2.1739,0,0.66366,-8.8,4.0152,0
2.2435,0,0.6484,-8.8,4.27,0
2.3018,0,0.66734,-8.8,4.5368,0
2.3736,0,0.67313,-8.8,4.8164,0
2.439,0,0.66501,0.66501,5.0978,0
2.4957,0.066501,0.66856,0.66856,5.3392,0
2.5684,0.13336,0.66322,0.66322,5.5808,0
2.6368,0.19968,0.65345,0.65345,5.8266,0
2.71,0.26502,0.68138,0.68138,6.0688,0
2.7691,0.33316,0.67673,0.67673,6.3053,0
2.8419,0.40083,0.64603,0.64603,6.5445,0
2.9056,0.46544,0.66472,0.66472,6.7834,0
2.979,0.53191,0.6849,0.6849,7.0237,0
3.0423,0.6004,0.66753,0.66753,7.277,0
3.1141,0.66715,0.69996,0.69996,7.5175,0
3.1872,0.73715,0.74397,0.74397,7.7695,0
3.2558,0.81155,0.73788,0.73788,8.0046,0
3.3319,0.88533,0.75007,4.9,8.2496,15.241
3.4043,1.3753,0.677,4.9,8.4774,18.292
