0,0,2.6168,0,35.5,0
0.25994,0,2.513,7.8,35.51,32.64
0.50456,0.78,2.3726,7.8,35.507,37.335
0.74436,1.56,2.2616,7.8,35.452,41.86
0.96588,2.34,2.1232,7.8,35.342,47.026
1.1833,3.12,2.0006,7.8,35.166,52.17
1.3815,3.9,1.8736,7.8,34.944,57.662
1.5697,4.68,1.7576,7.8,34.652,63.206
1.7359,5.46,1.6443,7.8,34.317,68.992
1.906,6.24,1.5703,6.7,33.912,61.969
2.0579,6.91,1.4835,6.7,33.458,66.7
2.2113,7.58,1.4284,6.7,32.938,70.978
2.3534,8.25,1.3716,6.7,32.375,75.422
2.4921,8.92,1.3305,-0.35205,31.764,12.58
2.6245,8.8848,1.3035,-0.35291,31.133,12.104
2.7448,8.8495,1.3086,-0.35421,30.513,11.479
2.882,8.8141,1.3041,-0.35423,29.908,10.868
3.0154,8.7787,1.2648,-0.35421,29.313,10.483
3.1474,8.7432,1.1195,-0.35363,28.746,10.731
3.2542,8.7079,1.0223,-0.35444,28.187,10.791
3.349,8.6724,0.93393,-0.35565,27.646,10.845
3.4417,8.6369,0.78411,-0.35656,27.125,11.328
3.5211,8.6012,0.64288,-0.35806,26.619,11.845
3.5939,8.5654,0.56007,-0.35997,26.117,11.988
3.6542,8.5294,0.38361,-0.36275,25.618,12.927
3.6897,8.4931,0.15034,-0.36717,25.133,14.578
3.7093,8.4564,-0.0031297,-0.37282,24.655,15.718
3.7079,8.4191,-0.099682,-0.38018,24.182,16.45
3.6916,8.3811,-0.18752,-0.38912,23.707,17.188
3.6694,8.3422,-0.26021,-0.39893,23.231,17.809
3.6499,8.3023,-0.25913,-0.40834,22.772,17.608
3.6239,8.2615,-0.25309,-0.41908,22.301,17.37
3.5955,8.2196,-0.27697,-0.43045,21.831,17.463
3.5762,8.1765,-0.27904,-0.44128,21.364,17.267
3.5456,8.1324,-0.23685,-0.45321,20.91,16.638
3.5232,8.0871,-0.25576,-0.46493,20.451,16.621
3.4915,8.0406,-0.29857,-0.47807,19.994,16.894
3.4649,7.9928,-0.33983,-0.49097,19.542,17.124
3.4257,7.9437,-0.32901,-0.50619,19.081,16.821
3.3951,7.8931,-0.37947,-0.52082,18.626,17.146
3.3596,7.841,-0.44818,-0.53669,18.17,17.696
3.3163,7.7873,-0.53653,-0.55388,17.721,18.524
3.2716,7.7319,-0.6124,-0.57144,17.283,19.231
3.2107,7.6748,-0.74176,-0.59198,16.844,20.722
3.1464,7.6156,-0.85487,-0.61382,16.406,22.084
3.0522,7.5542,-0.87919,-0.64114,15.965,22.347
2.9695,7.4901,-0.87837,-0.6691,15.509,22.162
2.8875,7.4232,-1.0033,-0.69881,15.048,23.773
2.7937,7.3533,-1.1051,-0.73202,14.587,25.141
2.6752,7.2801,-1.1317,-0.7711,14.126,25.427
2.5589,7.203,-1.1508,-0.81162,13.669,25.541
2.4481,7.1218,-1.187,-0.85536,13.194,25.837
2.324,7.0363,-1.1493,-0.90477,12.716,16.667
2.2138,6.9458,-1.0589,-0.95422,12.239,23.127
2.1096,6.8504,-1.0558,-1.0062,11.758,15.642
2.0004,6.7498,-1.0672,-1.0633,11.274,15.076
1.891,6.6434,-1.0721,-1.1229,10.799,14.488
1.783,6.5311,-1.0146,-1.188,10.315,13.826
1.6838,6.4123,-1.0123,-1.2548,9.8348,13.152
1.5894,6.2869,-0.94177,-1.322,9.3689,12.41
1.4882,6.1547,-0.88111,-1.3957,8.9046,11.636
1.3941,6.0151,-0.81037,-1.4745,8.4345,10.796
1.3199,5.8676,-0.75279,-1.5522,7.9666,9.9236
1.2432,5.7124,-0.71247,-8.8,7.512,0
1.1706,4.8324,-0.67662,-8.8,7.1021,0
1.1026,3.9524,-0.67741,-8.8,6.7691,0
1.026,3.0724,-0.68007,-8.8,6.5338,0
0.96661,2.1924,-0.66622,-0.20866,6.3759,4.5536
0.90705,2.1715,-0.64863,-0.2196,6.2599,4.532
0.84003,2.1496,-0.57967,-0.2325,6.1357,4.4315
0.79153,2.1263,-0.49241,-8.8,6.0091,0
0.75017,1.2463,-0.50244,-0.05203,5.9089,2.4722
0.70866,1.2411,-0.58442,-0.056516,5.8498,2.6763
0.65735,1.2355,-0.63101,-0.061987,5.7966,2.8318
0.5936,1.2293,-0.62874,-0.069151,5.7271,2.9142
0.53029,1.2224,-0.47829,-0.076504,5.6508,2.7158
0.47392,1.2147,0.091286,-8.8,5.5822,0
0.47429,0.33472,0.86514,0.86514,5.5521,0
0.55752,0.42123,1.7275,1.7275,5.5711,0
0.72682,0.59398,2.4723,2.4723,5.576,0
0.97144,0.84122,2.9772,2.9772,5.5845,0
1.2787,1.1389,3.1005,1.1189,5.5921,1.639
1.5854,1.2508,2.9101,-8.8,5.6218,0.58247
1.8688,0.37083,2.6498,2.6498,5.7057,0
2.1384,0.63581,2.3655,2.3655,5.8655,0
2.3761,0.87236,2.0736,2.0736,6.0191,0
2.5886,1.0797,1.8724,4.9,6.1791,9.304
2.7721,1.5697,1.8747,4.9,6.3067,10.629
2.9617,2.0597,1.7971,3.0356,6.4191,1.6222
3.137,2.3633,1.7415,2.093,6.5006,0
3.3022,2.5726,1.7966,1.7325,6.5841,0
3.4776,2.7458,1.7935,1.575,6.6624,0
3.6603,2.9033,1.7269,1.5005,6.7446,0
3.8234,3.0534,1.6804,1.4172,6.8206,0
4.0007,3.1951,1.6373,1.3873,6.8921,0
4.1586,3.3338,1.4348,1.338,6.9791,0
4.2959,3.4676,1.1405,1.2728,7.0709,0
4.4075,3.5949,0.8325,1.189,7.1603,0
4.4943,3.7138,0.5879,1.0933,7.2468,0
4.5439,3.8231,0.16898,0.97041,7.3187,0.64601
4.5531,3.9202,-0.4777,0.82369,7.384,3.8471
4.5036,4.0026,-1.1457,0.63461,7.4472,9.3716
4.3873,4.066,-1.8305,0.39817,7.4866,18.499
4.2083,4.1058,-2.5871,0.12536,7.5097,8.681
3.9595,4.1184,-3.2065,-0.040741,7.5142,9.3874
3.6426,4.1143,-3.4648,-0.12146,7.4915,10.102
3.2974,4.1022,-3.525,-0.2099,7.4185,10.507
2.9415,4.0812,-3.518,-0.30233,7.318,10.784
2.5828,4.0509,-3.5041,-0.39784,7.1894,11.026
2.2415,4.0111,-3.4222,-0.49349,7.02,11.091
1.9088,3.9618,-3.3143,-8.8,6.8197,0
1.5858,3.0818,-3.2348,-0.34342,6.647,10.011
1.2632,3.0475,-3.0313,-8.8,6.4752,0
0.95013,2.1675,-2.7056,-0.20779,6.3178,8.2785
0.68158,2.1467,-2.4175,-0.25661,6.1809,8.0434
0.43368,2.121,-2.1577,-8.8,6.0155,0
0.22225,1.241,-1.9025,-0.10702,5.886,6.0957
0.031265,1.2303,-1.6874,-0.12878,5.7748,5.9583
-0.13153,1.2174,-1.538,-0.14833,5.6539,5.9106
-0.29501,1.2026,-1.3406,-8.8,5.5074,0
-0.43032,0.3226,-1.1223,-1.1223,5.3868,1.7686
-0.55229,0.21037,-0.8332,-0.8332,5.3061,1.7886
-0.63976,0.12705,-0.51181,-0.51181,5.2213,1.7971
-0.6881,0.075871,-0.21676,-0.21676,5.148,1.7913
-0.71317,0.054194,-0.016637,-0.016637,5.0695,1.7983
-0.71321,0.052531,0.1265,-8.8,4.9975,0
-0.69924,0,0.19221,-8.8,4.9754,0
-0.67194,0,0.15816,-8.8,4.9437,0
-0.65401,0,0.0968,-8.8,4.913,0
-0.64646,0,0.071359,-8.8,4.8997,0
-0.63277,0,0.090353,-8.8,4.8702,0
-0.63304,0,0.10875,-8.8,4.8563,0
-0.63197,0,0.1056,-8.8,4.8339,0
-0.63135,0,0.097661,-8.8,4.8233,0
-0.62348,0,0.10331,-8.8,4.8106,0
-0.62084,0,0.10904,-8.8,4.7998,0
-0.60114,0,0.10522,-8.8,4.7796,0
-0.58375,0,0.1041,-8.8,4.7568,0
-0.5681,0,0.10685,-8.8,4.745,0
-0.54815,0,0.11237,-8.8,4.7242,0
-0.53526,0,0.10728,-8.8,4.722,0
-0.51966,0,0.096731,-8.8,4.722,0
-0.50857,0,0.094648,-8.8,4.7133,0
-0.49654,0,0.092653,-8.8,4.7154,0
-0.495,0,0.087744,-8.8,4.7116,0
-0.48222,0,0.093463,-8.8,4.7123,0
-0.48269,0,0.10672,-8.8,4.7014,0
-0.46998,0,0.10327,-8.8,4.6995,0
-0.4617,0,0.1033,-8.8,4.6897,0
-0.44614,0,0.10298,-8.8,4.681,0
-0.42869,0,0.10541,-8.8,4.6893,0
-0.40892,0,0.14277,-8.8,4.6834,0
-0.3881,0,0.31499,-8.8,4.6849,0
-0.36528,0,0.64041,-8.8,4.698,0
-0.29141,0,1.1125,-8.8,4.7069,0
-0.17377,0,1.6492,-8.8,4.7207,0
-0.013264,0,2.1384,-8.8,4.7605,0
0.20668,0,2.4706,-8.8,4.8201,0
0.45378,0,2.5925,-8.8,4.9026,0
0.70534,0,2.5146,2.5146,5.0006,0
0.95385,0.25146,2.324,-8.8,5.0698,0
1.1797,0,2.1312,2.1312,5.1991,0
1.3859,0.21312,2.0187,2.0187,5.3197,0
1.5892,0.41499,2.0348,2.0348,5.431,0
1.7924,0.61848,2.1228,2.1228,5.5521,0
2.0079,0.83075,2.2415,2.2415,5.6613,0
2.2272,1.0549,2.3312,4.9,5.7841,7.3566
2.4532,1.5449,2.3437,4.5828,5.8981,6.4302
2.6841,2.0032,2.2368,-8.8,5.9772,4.3232
2.9168,1.1232,2.1161,4.9,6.0947,6.3396
3.1383,1.6132,2.063,4.9,6.256,7.8016
3.3374,2.1032,2.0898,3.9989,6.3973,3.5648
3.5492,2.5031,2.1009,2.5759,6.5147,0
3.7642,2.7607,2.137,2.1268,6.6149,0
3.9747,2.9734,2.1234,1.9006,6.7173,0
4.1884,3.1634,2.0263,1.7777,6.8185,0
4.3879,3.3412,1.9006,1.6792,6.9209,0
4.5796,3.5091,1.8178,1.6019,7.0175,0
4.7638,3.6693,1.7504,1.5417,7.129,0
4.937,3.8235,1.7095,1.4826,7.2298,0
5.1152,3.9717,1.6785,1.4484,7.3409,0
5.2784,4.1166,1.6263,1.404,7.4467,0
5.4392,4.257,1.5518,1.3699,7.5646,0
5.5873,4.394,1.3935,1.3284,7.6749,0
5.7273,4.5268,1.3478,1.2904,7.8026,0
5.8681,4.6558,1.3545,1.261,7.9275,0
6.0011,4.7819,1.375,1.2294,8.0491,0
6.132,4.9049,1.3918,1.2026,8.1754,0
6.271,5.0251,1.4961,1.1884,8.2995,0
6.415,5.144,1.5145,1.1823,8.43,0
6.5569,5.2622,1.4724,1.1748,8.5559,0
6.7045,5.3797,1.4316,1.1754,8.6955,0
6.8403,5.4972,1.3957,1.1642,8.8213,0
6.9895,5.6136,1.3259,1.1674,8.9578,0
7.1144,5.7304,1.2925,1.1494,9.0888,0
7.2508,5.8453,1.267,1.1443,9.2254,0
7.3783,5.9597,1.2263,1.1324,9.3585,0
7.5,6.073,1.2154,1.1197,9.5089,0
7.6236,6.185,1.2313,1.1094,9.6498,0
7.7482,6.2959,1.1987,1.1025,9.8023,0
7.8699,6.4061,1.179,1.0937,9.9489,0
7.9819,6.5155,1.1692,1.0786,10.091,0
8.1029,6.6234,1.1331,1.0723,10.235,0
8.215,6.7306,1.1167,1.0606,10.381,0
8.3195,6.8367,1.0718,1.0458,10.535,0
8.4259,6.9413,1.0259,1.0332,10.678,0
8.5361,7.0446,0.98635,1.0256,10.83,0
8.6285,7.1472,0.90311,1.0071,10.987,0
8.7123,7.2479,0.7567,0.98462,11.139,0
8.7862,7.3463,0.58409,0.95698,11.278,0
8.8523,7.442,0.36569,0.92698,11.412,0
8.8946,7.5347,0.090542,0.88503,11.551,0
8.9112,7.6232,-0.11716,0.83071,11.688,0
8.8974,7.7063,-0.25733,0.76199,11.819,0.18602
8.8677,7.7825,-0.34075,0.68911,11.939,0.58473
8.8376,7.8514,-0.32682,0.62224,12.051,0.53777
8.8038,7.9136,-0.24889,0.55835,12.151,0.22718
8.774,7.9695,-0.26039,0.50191,12.237,0.30399
8.756,8.0197,-0.25898,0.45735,12.32,0.32402
8.7248,8.0654,-0.26763,0.40789,12.395,0.39135
8.6952,8.1062,-0.35805,0.36285,12.456,0.80213
8.6691,8.1425,-0.45331,0.32335,12.514,1.277
8.6225,8.1748,-0.47421,0.27386,12.554,1.4112
8.5809,8.2022,-0.49572,0.23085,12.586,1.5476
8.5266,8.2253,-0.50907,0.18336,12.627,1.6488
8.4845,8.2436,-0.50939,0.14639,12.662,1.676
8.443,8.2582,-0.48758,0.1121,12.682,1.5892
8.3903,8.2695,-0.48072,0.073226,12.699,1.5847
8.3403,8.2768,-0.48979,0.038484,12.711,1.6565
8.2911,8.2806,-0.47537,0.0063198,12.72,1.6116
8.2527,8.2813,-0.4374,-0.0065254,12.728,1.5002
8.2125,8.2806,-0.45585,-0.015583,12.72,1.6731
8.1662,8.279,-0.42429,-0.025857,12.71,1.6221
8.1152,8.2765,-0.36469,-0.037024,12.69,1.4576
8.0724,8.2728,-0.17546,-0.046035,12.681,0.81513
8.0623,8.2682,0.071802,-0.047396,12.66,0.17249
8.0673,8.2634,0.40474,-0.045265,12.634,0
8.1037,8.2589,0.78336,-0.03587,12.62,0
8.1726,8.2553,1.1523,-0.019158,12.6,0.4015
8.2838,8.2534,1.3892,0.018357,12.6,0.9826
8.4267,8.2552,1.53,0.10364,12.611,1.2132
8.5734,8.2656,1.5683,0.18603,12.645,1.1267
8.7387,8.2842,1.5079,0.27424,12.676,0.70281
8.8873,8.3116,1.44,0.34684,12.732,0.31543
9.0356,8.3463,1.2653,0.41431,12.799,0
9.1534,8.3877,1.068,0.45899,12.88,0
9.2509,8.4336,0.8423,0.48798,12.955,0
9.3375,8.4824,0.54699,0.50843,13.033,0
9.395,8.5333,0.26678,0.51,13.112,0
9.4201,8.5843,0.096614,0.49244,13.192,0
9.4247,8.6335,-0.011175,0.46452,13.283,0
9.4261,8.68,-0.06404,0.43642,13.361,0
9.4205,8.7236,0.083888,0.40639,13.44,0
9.4306,8.7642,0.18068,0.38751,13.518,0
9.4443,8.803,0.18981,0.3718,13.581,0
9.4617,8.8402,0.19064,0.35912,13.639,0
9.49,8.8761,0.17219,0.35391,13.707,0
9.5035,8.9115,0.014525,0.34034,13.767,0
9.5112,8.9455,-0.069014,0.32453,13.833,0
9.4952,8.978,-0.13888,0.29594,13.885,0
9.4892,9.0076,-0.24657,0.27501,13.94,0.32252
9.4728,9.0351,-0.22974,0.24945,13.989,0.29284
9.4496,9.06,-0.13905,0.2215,14.025,0.033377
9.4366,9.0822,-0.046351,0.20104,14.054,0
9.4224,9.1023,0.065922,0.18129,14.084,0
9.4251,9.1204,0.19884,0.17238,14.119,0
9.4532,9.1376,0.29064,0.17821,14.143,0
9.4726,9.1554,0.41874,0.1788,14.17,0
9.513,9.1733,0.53029,0.19135,14.21,0
9.5686,9.1925,0.728,0.21177,14.256,0
9.6498,9.2136,0.99985,0.24526,14.297,0
9.7563,9.2382,1.1949,0.29079,14.335,0
9.8738,9.2672,1.3261,0.33963,14.385,0.050786
10.001,9.3012,1.3749,0.39129,14.449,0.066575
10.148,9.3403,1.3404,0.45062,14.53,0
10.29,9.3854,1.1784,0.50281,14.613,0
10.406,9.4357,0.93402,0.538,14.711,0
10.507,9.4895,0.62409,0.56224,14.819,0
10.562,9.5457,0.32144,0.56004,14.928,0
10.585,9.6017,0.051081,0.53954,15.021,0
10.594,9.6557,-0.13424,0.51316,15.121,0
10.582,9.707,-0.19732,0.47648,15.214,0
10.557,9.7546,-0.2125,0.43558,15.298,0
10.526,9.7982,-0.21618,0.39422,15.385,0
10.514,9.8376,-0.27176,0.36539,15.457,0.19945
10.482,9.8741,-0.2989,0.32741,15.517,0.35678
10.443,9.9069,-0.35334,0.28835,15.572,0.63263
10.4,9.9357,-0.37539,0.249,15.613,0.78295
10.37,9.9606,-0.30631,0.21888,15.657,0.54555
10.346,9.9825,-0.15918,0.19431,15.694,0.077393
10.339,10.002,0.042913,0.17989,15.722,0
10.34,10.02,0.28359,0.17076,15.764,0
10.375,10.037,0.51736,0.1803,15.795,0
10.427,10.055,0.7402,0.19813,15.828,0
10.496,10.075,0.95488,0.22406,15.865,0
10.588,10.097,1.0957,0.26037,15.916,0
10.703,10.123,1.1871,0.3072,15.971,0
10.829,10.154,1.2634,0.35728,16.039,0
10.961,10.19,1.2592,0.40753,16.11,0
11.085,10.23,1.2469,0.45072,16.191,0
11.202,10.276,1.1629,0.4871,16.275,0
11.31,10.324,0.9937,0.51734,16.375,0
11.405,10.376,0.70145,0.53799,16.469,0
11.467,10.43,0.41149,0.54067,16.574,0
11.515,10.484,0.05379,0.53574,16.675,0
11.523,10.537,-0.1606,0.51087,16.776,0
11.505,10.589,-0.2358,0.47371,16.874,0
11.473,10.636,-0.20699,0.4313,16.953,0
11.454,10.679,-0.18768,0.39772,17.026,0
11.438,10.719,-0.1593,0.36841,17.092,0
11.427,10.756,-0.24223,0.34323,17.17,0.027562
11.393,10.79,-0.34737,0.3079,17.242,0.48715
11.351,10.821,-0.41282,0.27033,17.299,0.83302
11.306,10.848,-0.47817,0.23273,17.341,1.2042
11.259,10.871,-0.46132,0.19683,17.392,1.1875
11.222,10.891,-0.50303,0.16807,17.426,1.443
11.171,10.908,-0.72919,0.13325,17.457,2.8156
11.103,10.921,-1.1899,0.092337,17.478,6.785
10.992,10.93,-1.8509,0.031175,17.496,16.297
10.81,10.933,-2.511,-0.022513,17.494,33.171
10.559,10.931,-3.0038,-0.068043,17.467,53.555
10.253,10.924,-3.2173,-0.1232,17.422,65.847
9.9386,10.912,-3.3349,-0.17975,17.349,73.921
9.6085,10.894,-3.3917,-0.23953,17.237,78.661
9.2782,10.87,-3.6158,-0.30011,17.09,94.606
8.9164,10.84,-3.9154,-0.36807,16.908,119.25
8.5153,10.803,-4.3379,-0.44555,16.691,23.371
8.0812,10.759,-4.7284,-0.53158,16.452,23.837
7.6165,10.705,-5.0308,-0.62817,16.162,24.295
7.1126,10.643,-5.1876,-0.73824,15.829,24.641
6.5985,10.569,-5.2412,-0.85737,15.454,24.841
6.0807,10.483,-5.1166,-0.98661,15.03,24.766
5.5764,10.384,-4.8311,-1.124,14.56,24.392
5.0962,10.272,-4.3859,-1.2659,14.066,23.716
4.6664,10.145,-3.9308,-1.4076,13.543,22.881
4.274,10.005,-3.5571,-1.5565,12.975,21.97
3.9171,9.849,-3.3212,-1.7069,12.401,21.067
3.5827,9.6783,-2.9972,-1.867,11.804,19.919
3.2769,9.4916,-2.235,-2.0347,11.193,18.175
3.0539,9.2881,-1.2582,-2.1922,10.568,22.34
2.9327,9.0689,-0.57462,-2.3263,9.9404,12.611
2.8778,8.8363,-0.10164,-5.2,9.3261,7.7206
2.8597,8.3163,0.29321,-5.2,8.7609,9.1599
2.8853,7.7963,0.273,-5.2,8.241,8.0724
2.9111,7.2763,-0.020343,-5.2,7.775,5.1458
2.9186,6.7563,-0.11054,-5.2,7.3674,3.5497
2.9089,6.2363,0.0043764,-5.2,7.0056,3.1626
2.9051,5.7163,0.066424,-8.8,6.6994,0
2.913,4.8363,0.028155,-8.8,6.459,0
2.9187,3.9563,-0.0074087,-8.8,6.3109,0
2.913,3.0763,0.021663,-8.8,6.2571,0
2.9076,2.1963,0.044415,2.1126,6.2918,8.2914
2.9104,2.4075,0.035631,1.2914,6.3483,3.703
2.9078,2.5367,0.0057279,0.87894,6.3943,2.1246
2.9118,2.6246,0.0022903,0.64572,6.4274,1.3392
2.9136,2.6891,0.013129,0.48657,6.4567,0.8428
2.9191,2.7378,0.010496,0.3828,6.4832,0.60122
2.9235,2.7761,0.00065069,0.30464,6.4965,0.46576
2.9256,2.8065,0.019212,0.24181,6.5057,0.28915
2.9282,2.8307,0.037145,0.19544,6.5129,0.16251
2.933,2.8503,0.034094,0.16395,6.5127,0.1228
2.9361,2.8666,0.027255,0.13667,6.5295,0.10149
2.9363,2.8803,0.029632,0.10949,6.5382,0.059724
2.9408,2.8913,0.021571,0.096345,6.5481,0.061865
2.9454,2.9009,0.015639,0.086132,6.5482,0.062697
2.9397,2.9095,0.018668,0.05815,6.5588,0.022618
2.9462,2.9153,0.030363,0.059214,6.5528,0
2.9522,2.9212,0.040482,0.059107,6.5494,0
2.9584,2.9272,0.044247,0.059551,6.5453,0
2.971,2.9331,0.052628,0.071977,6.5544,0
2.9858,2.9403,0.044991,0.086249,6.5637,0
2.9829,2.9489,0.034567,0.064131,6.5749,0
2.9891,2.9554,0.018638,0.063518,6.5772,0.027118
2.9932,2.9617,0.01673,0.059038,6.574,0.026134
2.9938,2.9676,0.011425,0.049066,6.5828,0.026852
2.9969,2.9725,0.017346,0.045564,6.5825,0.0098735
3.0033,2.9771,0.023993,0.048817,6.5833,0
3.0054,2.982,0.033496,0.043613,6.5861,0
3.0062,2.9863,0.035915,0.036958,6.597,0
3.0154,2.99,0.035408,0.047056,6.5967,0
3.0196,2.9947,0.034417,0.045832,6.5913,0
3.0186,2.9993,0.034568,0.035503,6.5943,0
3.0279,3.0028,0.0302,0.046032,6.601,0
3.0379,3.0075,0.030437,0.055876,6.6041,0
3.0333,3.013,0.03127,0.03715,6.6071,0
3.0398,3.0168,0.030182,0.042089,6.6065,0
3.0387,3.021,0.027943,0.032206,6.6047,0
3.0501,3.0242,0.028056,0.047051,6.6083,0
3.0521,3.0289,0.02194,0.042102,6.6164,0
3.0511,3.0331,0.020301,0.032688,6.6209,0
3.0512,3.0364,0.017081,0.026928,6.6291,0
3.0598,3.0391,0.021051,0.037508,6.6299,0
3.0623,3.0428,0.021945,0.035203,6.6332,0
3.0606,3.0463,0.026619,0.025732,6.6345,0
3.0653,3.0489,0.02819,0.02946,6.6265,0
3.0636,3.0519,0.029458,0.02119,6.6304,0
3.0634,3.054,0.032886,0.016943,6.6247,0
3.0733,3.0557,0.031961,0.031641,6.6354,0
3.0794,3.0588,0.034634,0.036865,6.6303,0
3.0813,3.0625,0.031898,0.033615,6.6278,0
3.0756,3.0659,0.032327,0.017249,6.6308,0
3.084,3.0676,0.031842,0.029265,6.6291,0
3.0813,3.0705,0.03602,0.01925,6.6361,0
3.0867,3.0725,0.036066,0.02537,6.6276,0
3.0961,3.075,0.035198,0.037492,6.638,0
3.1043,3.0787,0.031427,0.045421,6.6482,0
3.1015,3.0833,0.022023,0.032145,6.6438,0
3.0981,3.0865,0.014168,0.020565,6.6552,0
3.1022,3.0886,0.0068691,0.024023,6.6497,0.0084254
3.106,3.091,0.0085507,0.026515,6.6605,0.0072462
3.1123,3.0936,0.018049,0.032964,6.6588,0
3.1176,3.0969,0.025158,0.036393,6.6691,0
3.1295,3.1005,0.030199,0.050994,6.6726,0
3.1247,3.1056,0.034008,0.033404,6.6765,0
3.1362,3.109,0.031894,0.047724,6.6882,0
3.1489,3.1138,0.022759,0.06155,6.6923,0.010635
3.1451,3.1199,0.017965,0.043978,6.701,0.0035473
3.1559,3.1243,0.016398,0.055035,6.6972,0.017793
3.1521,3.1298,0.018032,0.038791,6.6942,0
3.1506,3.1337,0.021298,0.029217,6.6901,0
3.1546,3.1366,0.016432,0.031081,6.6999,0
3.1515,3.1397,0.025646,0.020428,6.7039,0
3.1589,3.1418,0.030689,0.029705,6.713,0
3.1709,3.1447,0.024769,0.04529,6.7207,0
3.183,3.1493,0.027086,0.058083,6.7148,0
3.1796,3.1551,0.037101,0.042228,6.7163,0
3.178,3.1593,0.027025,0.032042,6.7103,0
3.1825,3.1625,0.026539,0.034219,6.7215,0
3.1847,3.1659,0.034249,0.032168,6.7197,0
3.1904,3.1691,0.031462,0.036328,6.7291,0
3.1884,3.1728,0.022306,0.026623,6.7353,0
3.1922,3.1754,0.029669,0.028528,6.7341,0
3.1854,3.1783,0.039012,0.0121,6.7301,0
3.1845,3.1795,0.030253,0.0084893,6.7368,0
3.1801,3.1803,0.027307,-4.9248e-05,6.7285,0
3.1845,3.1803,0.053625,0.0071528,6.7304,0
3.18,3.1811,0.12278,-0.00024291,6.7318,0
3.1942,3.181,0.28849,0.022337,6.7253,0
3.2284,3.1833,0.62195,0.076613,6.7256,0
3.2857,3.1909,1.0658,0.16002,6.7235,0
3.3988,3.2069,1.5692,0.32214,6.7452,0.44326
3.5545,3.2391,2.0237,0.52191,6.7614,1.0786
3.7643,3.2913,2.343,0.76665,6.8077,1.1899
4.0024,3.368,2.4808,0.99562,6.8544,0.78625
4.2566,3.4676,2.4682,1.1899,6.9226,0.10366
4.4991,3.5865,2.3396,1.3167,7.0173,0
4.7298,3.7182,2.1928,1.39,7.1076,0
4.9393,3.8572,2.057,1.4173,7.2154,0
5.1461,3.999,1.9091,1.4342,7.3275,0
5.3426,4.1424,1.7215,1.434,7.4391,0
5.5244,4.2858,1.4791,1.418,7.558,0
5.664,4.4276,1.2001,1.3613,7.6894,0
5.7849,4.5637,0.90697,1.2967,7.8145,0
5.868,4.6934,0.63499,1.2076,7.9423,0
5.9362,4.8141,0.38664,1.1193,8.0524,0
5.9761,4.9261,0.14676,1.0196,8.1576,0
5.991,5.028,-0.15746,0.9129,8.2512,1.1259
5.9775,5.1193,-0.63333,0.79734,8.344,3.8927
5.9101,5.199,-1.1332,0.64865,8.4143,8.2089
5.8,5.2639,-1.5889,0.48192,8.4711,13.786
5.6408,5.3121,-2.2439,0.29202,8.5049,26.351
5.4157,5.3413,-2.2876,0.065659,8.5227,26.383
