0,0,-0.083932,0,35.5,0.17636
0.00078488,0,-0.095582,7.8,35.493,72.779
0.00075815,0.78,-0.096547,7.8,35.444,78.208
-0.0024014,1.56,-0.096304,7.8,35.325,79.813
-0.016523,2.34,-0.097942,7.8,35.126,81.445
-0.019569,3.12,-0.098885,7.8,34.859,83.052
-0.033059,3.9,-0.097943,7.8,34.503,84.677
-0.033963,4.68,-0.092999,7.8,34.074,86.267
-0.033574,5.46,-0.097217,7.8,33.557,87.874
-0.038188,6.24,-0.096328,6.7,32.959,87.169
-0.046648,6.91,-0.094932,6.7,32.297,88.557
-0.050888,7.58,-0.094712,6.7,31.559,89.939
-0.058094,8.25,-0.09354,-0.44085,30.766,76.32
-0.06174,8.2059,-0.090486,-0.4563,29.936,76.198
-0.070514,8.1603,-0.087522,-0.47301,29.105,76.081
-0.07895,8.113,-0.086785,-0.49063,28.277,75.963
-0.089878,8.0639,-0.088887,-0.50941,27.454,75.85
-0.10121,8.013,-0.089363,-0.52907,26.641,75.728
-0.11678,7.9601,-0.091715,-0.55017,25.832,75.612
-0.13432,7.9051,-0.094156,-0.57269,25.027,75.493
-0.14207,7.8478,-0.10074,-0.59618,24.218,75.356
-0.15329,7.7882,-0.10026,-0.6211,23.42,75.204
-0.17095,7.7261,-0.10004,-0.64804,22.629,75.056
-0.18875,7.6613,-0.099334,-0.67694,21.838,74.897
-0.20711,7.5936,-0.097931,-0.70731,21.061,74.729
-0.21404,7.5228,-0.09675,-0.73921,20.279,74.529
-0.2182,7.4489,-0.096062,-0.77292,19.504,74.314
-0.21863,7.3716,-0.096279,-0.80789,18.744,74.083
-0.22651,7.2908,-0.092329,-0.84553,17.997,73.846
-0.23038,7.2063,-0.09632,-0.88574,17.251,73.605
-0.24024,7.1177,-0.092348,-0.9288,16.519,73.344
-0.25361,7.0248,-0.095863,-0.97636,15.785,73.089
-0.25563,6.9272,-0.092109,-1.0253,15.064,72.782
-0.27416,6.8247,-0.096289,-1.0803,14.349,72.503
-0.29043,6.7166,-0.093247,-1.1403,13.635,72.183
-0.30948,6.6026,-0.095121,-1.203,12.945,71.86
-0.311,6.4823,-0.094649,-1.2668,12.266,71.481
-0.32107,6.3556,-0.097948,-1.3391,11.586,71.098
-0.32318,6.2217,-0.098907,-1.4128,10.928,70.674
-0.34209,6.0804,-0.098909,-1.4944,10.286,70.252
-0.35472,5.931,-0.097731,-1.582,9.6499,69.785
-0.36066,5.7728,-0.095611,-1.674,9.026,69.275
-0.3683,5.6054,-0.093277,-1.7698,8.4245,68.741
-0.37299,5.4284,-0.088796,-1.8711,7.8355,68.166
-0.37757,5.2413,-0.087626,-8.8,7.2585,53.23
-0.38376,4.3613,-0.088573,-8.8,6.7363,51.441
-0.39318,3.4813,-0.087397,-8.8,6.3024,49.654
-0.3964,2.6013,-0.091614,-8.8,5.9582,47.865
-0.41527,1.7213,-0.089271,-8.8,5.7092,46.095
-0.4222,0.8413,-0.090893,-0.090893,5.5373,62.608
-0.43294,0.83221,-0.089241,-0.089241,5.4161,62.612
-0.4332,0.82329,-0.08925,-8.8,5.2902,44.291
-0.43626,0,-0.091108,-0.091108,5.2049,60.913
-0.44463,0,-0.099781,-0.099781,5.1584,60.93
-0.4646,0,-0.10027,-0.10027,5.1063,60.971
-0.47007,0,-0.0045558,-0.0045558,5.0638,60.982
-0.46533,0,0.14893,0.14893,5.0103,60.972
-0.44757,0.014893,0.3245,-8.8,4.97,41.793
-0.41313,0,0.50028,-8.8,4.9644,41.323
-0.36689,0,0.66549,-8.8,4.9628,40.881
-0.29641,0,0.71983,-8.8,4.9671,40.622
-0.22358,0,0.70774,-8.8,4.9798,40.498
-0.15693,0,0.66299,0.66299,5.0076,60.34
-0.084654,0.066299,0.61031,-8.8,4.9955,40.554
-0.022899,0,0.55577,0.55577,5.0261,60.065
0.031727,0.055577,0.51138,0.51138,5.0328,0.049178
0.079954,0.10672,0.47288,-8.8,5.0317,0
0.13377,0,0.44456,0.44456,5.0795,0
0.18038,0.044456,0.41414,0.41414,5.0916,0
0.23071,0.085869,0.39001,0.39001,5.1103,0
0.27222,0.12487,0.37274,0.37274,5.126,0
0.30064,0.16214,0.35585,0.35585,5.1487,0
0.33387,0.19773,0.33505,0.33505,5.1538,0
0.36411,0.23123,0.34136,0.34136,5.1757,0
0.40464,0.26537,0.3964,0.3964,5.1829,0
0.43945,0.30501,0.53291,0.53291,5.2017,0
0.4848,0.3583,0.80982,0.80982,5.2121,0
0.55773,0.43928,1.219,1.219,5.2347,0
0.67578,0.56119,1.6406,-8.8,5.2411,0
0.8317,0,2.0026,2.0026,5.3025,0
1.0277,0.20026,2.2308,2.2308,5.3937,0
1.2576,0.42334,2.2177,2.2177,5.476,0
1.4811,0.64511,1.9261,1.9261,5.5584,0
1.6729,0.83772,1.5425,1.5425,5.6428,0
1.8176,0.99197,1.0634,4.9,5.7343,20.329
1.9234,1.482,0.52402,2.3528,5.8015,7.1976
1.9712,1.7172,0.04776,-8.8,5.8364,0
1.9743,0.83725,-0.32889,-0.32889,5.9103,0
1.9504,0.80436,-0.69285,-0.69285,6.0151,0
1.8713,0.73508,-0.99622,-0.99622,6.1284,0
1.7643,0.63545,-1.2288,-1.2288,6.2435,0
1.6389,0.51257,-1.4345,-1.4345,6.3654,0
1.5021,0.36913,-1.6082,-1.6082,6.4853,0
1.3478,0.20831,-1.7497,-1.7497,6.5913,0
1.1682,0.033339,-1.8567,-1.8567,6.7004,0
0.97663,0,-1.9221,-1.9221,6.8226,0
0.78922,0,-1.9584,-1.9584,6.9232,0
0.58842,0,-1.946,-1.946,7.001,0
0.39888,0,-1.8985,-1.8985,7.0564,0
0.21143,0,-1.75,-1.75,7.1006,0
0.046083,0,-1.5206,-1.5206,7.1229,0
-0.099652,0,-1.2913,-1.2913,7.1349,0.20429
-0.22545,0,-1.0768,-1.0768,7.1197,0.46217
-0.34076,0,-0.72675,-0.72675,7.0957,0.69857
-0.42299,0,-0.40835,-0.40835,7.0591,0.86713
-0.46213,0,-0.15713,-0.15713,7.0171,0.94737
-0.48289,0,0.078827,0.078827,6.9693,0.98993
-0.46892,0.0078827,0.28396,0.28396,6.9132,0.97745
-0.44856,0.036279,0.35953,0.35953,6.8664,0.99392
-0.40598,0.072231,0.40185,0.40185,6.8082,0.98033
-0.35888,0.11242,0.42437,0.42437,6.7647,0.96615
-0.31036,0.15485,0.4669,0.4669,6.7192,0.95369
-0.26425,0.20154,0.69023,0.69023,6.6652,0.95487
-0.20318,0.27057,1.0766,1.0766,6.6174,0.97119
-0.10268,0.37822,1.5895,1.5895,6.5623,0.98585
0.053871,0.53717,2.1257,2.1257,6.5172,1.0663
0.27121,0.74974,2.6259,2.6259,6.4636,1.0482
0.53677,1.0123,2.9305,-0.034765,6.4174,7.0488
0.83,1.0089,3.0318,-0.013154,6.3797,8.464
1.1281,1.0075,2.9568,1.3296,6.3675,0.40061
1.4153,1.1405,2.8299,2.4681,6.3798,0
1.7039,1.3873,2.7136,2.0599,6.4151,0
1.9776,1.5933,2.6869,1.997,6.4594,0
2.2483,1.793,2.7124,1.9545,6.5048,0
2.5191,1.9885,2.7838,1.9278,6.5486,0
2.7916,2.1812,2.8807,1.9137,6.6013,0
3.0793,2.3726,2.9827,1.9432,6.6699,0
3.387,2.5669,2.9823,1.9982,6.75,0
3.6785,2.7667,2.9391,1.9837,6.8403,0
3.9714,2.9651,2.8697,1.9769,6.9453,0
4.2555,3.1628,2.7795,1.9555,7.0599,0
4.5401,3.3583,2.6741,1.9389,7.1662,0
4.8132,3.5522,2.6383,1.9114,7.2846,0
5.0792,3.7434,2.6151,1.8837,7.411,0
5.3399,3.9317,2.5905,1.8596,7.5479,0
5.5905,4.1177,2.6057,1.8309,7.6921,0
5.8411,4.3008,2.6079,1.8113,7.8405,0
6.0963,4.4819,2.5891,1.8053,8.0061,0
6.3468,4.6625,2.563,1.7975,8.1806,0
6.6036,4.8422,2.5412,1.7995,8.3625,0
6.8622,5.0222,2.5033,1.8021,8.54,0
7.1075,5.2024,2.4575,1.7934,8.7269,0
7.3474,5.3817,2.397,1.784,8.9258,0
7.5848,5.5601,2.349,1.7732,9.1167,0
7.8247,5.7374,2.2894,1.7678,9.3127,0
8.0568,5.9142,2.243,1.7613,9.533,0
8.2862,6.0903,2.2123,1.7544,9.7557,0
8.5091,6.2658,2.2175,1.7447,9.983,0
8.7311,6.4402,2.1925,1.7366,10.213,0
8.9532,6.6139,2.1776,1.7318,10.453,0
9.1653,6.7871,2.1806,1.7215,10.699,0
9.3746,6.9592,2.2037,1.7101,10.939,0
9.5922,7.1302,2.1811,1.7062,11.177,0
9.8037,7.3009,2.1669,1.7002,11.424,0
10.029,7.4709,2.1806,1.7053,11.676,0
10.244,7.6414,2.1548,1.7033,11.933,0
10.46,7.8117,2.0942,1.7021,12.188,0
10.663,7.982,2.0151,1.6936,12.445,0
10.856,8.1513,1.8594,1.6816,12.718,0
11.036,8.3195,1.7277,1.6639,12.992,0
11.2,8.4859,1.6031,1.6368,13.255,0
11.367,8.6495,1.518,1.6154,13.519,0
11.523,8.8111,1.5115,1.591,13.785,0
11.671,8.9702,1.5484,1.5643,14.057,0
11.829,9.1266,1.5137,1.5467,14.322,0
11.975,9.2813,1.4681,1.5238,14.593,0
12.13,9.4337,1.4179,1.5092,14.866,0
12.272,9.5846,1.3291,1.489,15.143,0
12.414,9.7335,1.2612,1.4711,15.42,0
12.538,9.8806,1.2338,1.4445,15.689,0
12.669,10.025,1.2317,1.4244,15.963,0
12.782,10.167,1.1964,1.396,16.226,0
12.899,10.307,1.1566,1.3717,16.48,0
13.02,10.444,1.1474,1.3516,16.736,0
13.134,10.579,1.129,1.3296,16.986,0
13.252,10.712,1.0718,1.3114,17.238,0
13.355,10.844,1.0546,1.2872,17.485,0
13.463,10.972,1.04,1.2674,17.735,0
13.569,11.099,1.028,1.2486,17.99,0
13.674,11.224,1.0057,1.2311,18.246,0
13.767,11.347,1.0459,1.2084,18.491,0
13.881,11.468,1.105,1.1969,18.725,0
13.984,11.588,1.1701,1.1814,18.961,0
14.099,11.706,1.2305,1.1727,19.193,0
14.221,11.823,1.3008,1.1687,19.436,0
14.344,11.94,1.3352,1.1649,19.668,0
14.485,12.056,1.3458,1.1701,19.904,0
14.612,12.173,1.3674,1.1689,20.15,0
14.758,12.29,1.3786,1.1766,20.391,0
14.896,12.408,1.3872,1.18,20.637,0
15.033,12.526,1.4076,1.1827,20.884,0
15.166,12.644,1.4259,1.1841,21.138,0
15.3,12.763,1.4239,1.1849,21.382,0
15.446,12.881,1.4112,1.1922,21.639,0
15.582,13,1.4085,1.1937,21.894,0
15.723,13.12,1.4017,1.1984,22.159,0
15.854,13.239,1.3835,1.1982,22.428,0
16,13.359,1.3779,1.2045,22.695,0
16.141,13.48,1.364,1.2089,22.968,0
16.274,13.601,1.3488,1.2091,23.242,0
16.405,13.722,1.3319,1.2081,23.513,0
16.535,13.842,1.307,1.2069,23.782,0
16.673,13.963,1.2854,1.2095,24.057,0
16.81,14.084,1.2888,1.2112,24.33,0
16.932,14.205,1.2845,1.2066,24.605,0
17.06,14.326,1.2622,1.2043,24.868,0
17.192,14.446,1.2587,1.2042,25.143,0
17.308,14.567,1.2248,1.1976,25.424,0
17.439,14.686,1.2152,1.1979,25.704,0
17.571,14.806,1.2097,1.1982,25.985,0
17.682,14.926,1.2015,1.1902,26.27,0
17.8,15.045,1.1944,1.1845,26.538,0
17.916,15.163,1.1862,1.1788,26.805,0
18.026,15.281,1.1588,1.1706,27.079,0
18.137,15.398,1.1506,1.1637,27.357,0
18.252,15.515,1.1175,1.1588,27.629,0
18.372,15.631,1.1134,1.1564,27.903,0
18.489,15.746,1.0924,1.1526,28.178,0
18.591,15.862,1.1097,1.143,28.454,0
18.704,15.976,1.1249,1.1384,28.721,0
18.811,16.09,1.1734,1.132,28.995,0
18.92,16.203,1.1741,1.1262,29.271,0
19.03,16.315,1.2184,1.1214,29.538,0
19.155,16.428,1.1718,1.123,29.814,0
19.279,16.54,1.116,1.1241,30.08,0
19.394,16.652,1.0357,1.1215,30.358,0
19.502,16.764,1.0036,1.1161,30.623,0
19.603,16.876,0.96423,1.1083,30.897,0
19.695,16.987,0.94094,1.0972,31.178,0
19.783,17.097,0.88741,1.085,31.439,0
19.878,17.205,0.88843,1.0762,31.704,0
19.975,17.313,0.86299,1.0689,31.974,0
20.07,17.42,0.85825,1.0606,32.231,0
20.161,17.526,0.82931,1.0519,32.499,0
20.249,17.631,0.77986,1.042,32.76,0
20.332,17.735,0.77402,1.0305,33.017,0
20.401,17.838,0.76325,1.0141,33.268,0
20.477,17.94,0.78262,1.0014,33.526,0
20.557,18.04,0.82169,0.99095,33.783,0
20.631,18.139,0.88603,0.97888,34.042,0
20.72,18.237,0.90659,0.97238,34.283,0
20.82,18.334,0.92252,0.97123,34.529,0
20.913,18.431,0.88231,0.96751,34.786,0
20.992,18.528,0.88151,0.95808,35.028,0
21.074,18.624,0.88531,0.95029,35.275,0
21.164,18.719,0.85704,0.94627,35.523,0
21.251,18.813,0.82604,0.94101,35.767,0
21.335,18.907,0.80386,0.93489,36.003,0
21.407,19.001,0.78429,0.92453,36.251,0
21.478,19.093,0.74839,0.91447,36.489,0
21.543,19.185,0.62455,0.90225,36.722,0
21.611,19.275,0.43569,0.89155,36.946,0
21.645,19.364,0.23947,0.86886,37.182,0
21.665,19.451,0.021644,0.84123,37.4,0
21.664,19.535,-0.17324,0.80716,37.614,0
21.639,19.616,-0.25729,0.7655,37.826,0
21.61,19.692,-0.25079,0.72444,38.027,0
21.592,19.765,-0.22317,0.68892,38.206,0
21.567,19.834,-0.10578,0.65231,38.377,0
21.562,19.899,0.081671,0.62504,38.546,0
21.571,19.961,0.25974,0.60364,38.703,0
21.602,20.022,0.41539,0.592,38.864,0
21.65,20.081,0.54408,0.58715,39.02,0
21.696,20.14,0.59473,0.58155,39.169,0
21.749,20.198,0.5691,0.57884,39.328,0
21.815,20.256,0.54613,0.58087,39.483,0
21.877,20.314,0.5221,0.58172,39.648,0
21.934,20.372,0.50533,0.58097,39.813,0
21.977,20.43,0.48686,0.57443,39.965,0
22.032,20.488,0.47324,0.5727,40.118,0
22.081,20.545,0.45564,0.56903,40.267,0
22.12,20.602,0.44286,0.56173,40.419,0
22.159,20.658,0.4459,0.55463,40.574,0
22.213,20.713,0.45132,0.55321,40.72,0
22.249,20.769,0.42588,0.54551,40.866,0
22.283,20.823,0.42668,0.53742,41.011,0
22.328,20.877,0.43737,0.53345,41.149,0
22.371,20.93,0.41949,0.52897,41.286,0
22.405,20.983,0.42863,0.52138,41.427,0
22.449,21.035,0.45731,0.51766,41.572,0
22.49,21.087,0.42757,0.51331,41.72,0
22.524,21.138,0.40167,0.50646,41.864,0
22.569,21.189,0.38679,0.50411,42.007,0
22.598,21.24,0.36256,0.49568,42.144,0
22.627,21.289,0.34962,0.48762,42.281,0
22.661,21.338,0.36603,0.48185,42.404,0
22.702,21.386,0.36831,0.47856,42.53,0
22.749,21.434,0.39531,0.47755,42.652,0
22.796,21.482,0.40776,0.47693,42.774,0
22.831,21.529,0.42712,0.47161,42.898,0
22.879,21.577,0.43804,0.47147,43.036,0
22.921,21.624,0.44711,0.46945,43.169,0
22.971,21.671,0.45968,0.46988,43.294,0
23.008,21.718,0.45315,0.4657,43.42,0
23.05,21.764,0.38881,0.46375,43.543,0
23.094,21.811,0.29166,0.46231,43.67,0
23.12,21.857,0.13938,0.45485,43.805,0
23.138,21.902,-0.058661,0.44455,43.935,0
23.124,21.947,-0.23248,0.42289,44.047,0
23.098,21.989,-0.35627,0.39799,44.161,0
23.067,22.029,-0.44025,0.37218,44.26,0
23.021,22.066,-0.46366,0.34218,44.365,0.060272
22.966,22.1,-0.44585,0.30989,44.452,0.1241
22.923,22.131,-0.45047,0.28316,44.533,0.25572
22.872,22.16,-0.45344,0.25452,44.599,0.38989
22.831,22.185,-0.46462,0.2307,44.67,0.53995
22.778,22.208,-0.4443,0.20349,44.727,0.5712
22.734,22.228,-0.40909,0.18041,44.78,0.525
22.7,22.246,-0.30253,0.16198,44.828,0.20401
22.679,22.263,-0.17914,0.14861,44.868,0
22.668,22.278,-0.040731,0.13906,44.898,0
22.673,22.291,0.075348,0.13608,44.931,0
22.676,22.305,0.16835,0.13212,44.973,0
22.7,22.318,0.19121,0.13588,45.017,0
22.725,22.332,0.20096,0.13995,45.063,0
22.747,22.346,0.196,0.1427,45.097,0
22.758,22.36,0.19748,0.14176,45.14,0
22.78,22.374,0.14751,0.14433,45.182,0
22.804,22.389,-0.086228,0.14778,45.221,0
22.786,22.403,-0.95666,0.13595,45.271,4.0023
22.694,22.417,-2.1157,0.09837,45.313,21.075
22.473,22.427,-3.394,0.016277,45.332,73.563
22.134,22.429,-4.5976,-0.024332,45.317,224.75
21.68,22.426,-5.3499,-0.061655,45.26,473.05
21.154,22.42,-4.7903,-0.10502,45.156,239.27
20.671,22.409,-3.8643,-0.1449,45.01,115.12
20.28,22.395,-3.0776,-0.17737,44.816,68.612
19.97,22.377,-2.4797,-0.20347,44.587,47.523
19.714,22.357,-2.3251,-0.22525,44.331,44.324
19.479,22.334,-2.8402,-0.24562,44.06,63.278
19.189,22.31,-3.0457,-0.27111,43.765,73.55
18.884,22.283,-2.879,-0.29845,43.441,68.319
18.596,22.253,-2.4701,-0.32509,43.085,55.302
18.347,22.22,-1.8568,-0.34867,42.715,39.689
18.163,22.185,-1.2376,-0.36719,42.313,27.934
18.031,22.149,-0.95792,-0.38131,41.905,23.862
17.942,22.111,-0.68595,-0.39171,41.488,20.232
17.871,22.071,-0.47572,-0.40063,41.064,17.719
17.825,22.031,-0.22872,-0.40741,40.638,14.997
17.804,21.991,0.029375,-0.41164,40.221,12.442
17.799,21.949,0.26444,-0.4143,39.803,10.378
17.826,21.908,0.3934,-0.41357,39.398,9.1984
17.871,21.867,0.44957,-0.41086,38.998,8.5159
17.921,21.826,0.44821,-0.40752,38.6,8.1992
17.965,21.785,0.47994,-0.40435,38.223,7.7116
18.021,21.744,0.51766,-0.39975,37.847,7.1721
18.076,21.704,0.55235,-0.39511,37.481,6.679
18.127,21.665,0.63529,-0.39049,37.132,5.9865
18.184,21.626,0.72017,-0.3851,36.785,5.329
18.265,21.587,0.73765,-0.37667,36.448,4.9354
18.337,21.55,0.73638,-0.36905,36.117,4.6535
18.405,21.513,0.70683,-0.36149,35.802,4.4955
18.485,21.477,0.70032,-0.35229,35.502,4.2305
18.552,21.441,0.74597,-0.34419,35.214,3.8227
18.629,21.407,0.81006,-0.33461,34.94,3.3717
18.714,21.374,0.85199,-0.32402,34.663,3.0079
18.792,21.341,0.89771,-0.31402,34.399,2.6812
18.888,21.31,0.91827,-0.30139,34.153,2.4042
18.978,21.28,0.8943,-0.28936,33.917,2.2389
19.069,21.251,0.83232,-0.27667,33.702,2.1452
19.143,21.223,0.78254,-0.26607,33.498,2.0621
19.227,21.196,0.74009,-0.25413,33.3,1.951
19.3,21.171,0.7131,-0.24326,33.118,1.8296
19.368,21.147,0.68499,-0.23309,32.936,1.7221
19.441,21.123,0.70522,-0.22197,32.772,1.5228
19.513,21.101,0.72769,-0.21099,32.617,1.3377
19.584,21.08,0.76043,-0.20002,32.47,1.1567
19.669,21.06,0.79176,-0.18715,32.329,0.97861
19.753,21.041,0.8254,-0.17444,32.188,0.82206
19.831,21.024,0.82533,-0.16229,32.068,0.70784
19.923,21.008,0.83972,-0.14835,31.948,0.58169
20.01,20.993,0.86475,-0.13507,31.84,0.47405
20.1,20.979,0.86907,-0.1214,31.751,0.37801
20.188,20.967,0.85728,-0.1079,31.671,0.2874
20.278,20.956,0.87908,-0.094283,31.599,0.21431
20.356,20.947,0.85704,-0.082381,31.529,0.13769
20.437,20.939,0.81321,-0.070078,31.481,0.048405
20.519,20.932,0.80832,-0.057734,31.441,0
20.599,20.926,0.83862,-0.045852,31.404,0
20.684,20.921,0.83212,-0.033363,31.374,0
20.762,20.918,0.84684,-0.021897,31.354,0
20.851,20.916,0.8501,-0.009151,31.349,0
20.941,20.915,0.85733,0.0074633,31.343,0
21.024,20.916,0.82607,0.031094,31.347,0
21.109,20.919,0.80928,0.054598,31.353,0
21.189,20.924,0.81458,0.076171,31.381,0
21.276,20.932,0.81545,0.099035,31.42,0
21.353,20.942,0.78348,0.11847,31.466,0
21.435,20.954,0.76754,0.13857,31.503,0
21.504,20.967,0.78484,0.15473,31.56,0
21.592,20.983,0.77263,0.17558,31.625,0
21.663,21,0.75438,0.19109,31.693,0
21.731,21.02,0.76279,0.20524,31.762,0
21.798,21.04,0.76956,0.21866,31.827,0
21.877,21.062,0.7612,0.23551,31.904,0
21.956,21.086,0.7427,0.25143,31.987,0
22.033,21.111,0.78126,0.26671,32.069,0
22.102,21.137,0.79169,0.27891,32.166,0
22.177,21.165,0.776,0.2928,32.256,0
22.262,21.194,0.73978,0.309,32.353,0
22.345,21.225,0.7507,0.32397,32.456,0
22.417,21.258,0.73651,0.33564,32.563,0
22.495,21.291,0.69252,0.34867,32.678,0
22.568,21.326,0.72237,0.36005,32.806,0
22.648,21.362,0.74607,0.37306,32.933,0
22.715,21.4,0.7369,0.38188,33.069,0
22.784,21.438,0.7245,0.39129,33.211,0
22.848,21.477,0.77178,0.39848,33.339,0
22.933,21.517,0.75984,0.41202,33.477,0
23.009,21.558,0.75637,0.42236,33.628,0
23.089,21.6,0.7527,0.43381,33.771,0
23.159,21.644,0.76263,0.44169,33.921,0
23.234,21.688,0.76411,0.45075,34.07,0
23.313,21.733,0.76883,0.46113,34.234,0
23.391,21.779,0.74691,0.47082,34.388,0
23.466,21.826,0.76431,0.479,34.543,0
23.543,21.874,0.77072,0.48787,34.713,0
23.613,21.923,0.74612,0.49452,34.886,0
23.694,21.972,0.73224,0.50377,35.053,0
23.772,22.022,0.75013,0.51231,35.229,0
23.853,22.074,0.73727,0.52112,35.396,0
23.929,22.126,0.72011,0.52842,35.572,0
23.991,22.179,0.71406,0.53147,35.749,0
24.072,22.232,0.69862,0.53997,35.936,0
24.14,22.286,0.67769,0.54421,36.12,0
24.204,22.34,0.66614,0.54747,36.314,0
24.278,22.395,0.66972,0.55332,36.499,0
24.352,22.45,0.66641,0.55913,36.686,0
24.413,22.506,0.66206,0.56078,36.878,0
24.486,22.562,0.64587,0.56595,37.07,0
24.558,22.619,0.63531,0.57084,37.265,0
24.619,22.676,0.60072,0.5724,37.465,0
24.679,22.733,0.57801,0.57359,37.669,0
24.745,22.791,0.55998,0.57638,37.874,0
24.795,22.848,0.59497,0.57435,38.067,0
24.861,22.906,0.57162,0.577,38.266,0
24.921,22.963,0.57647,0.57792,38.464,0
24.971,23.021,0.59175,0.57595,38.667,0
25.023,23.079,0.6057,0.5745,38.869,0
25.08,23.136,0.56653,0.57473,39.066,0
25.146,23.194,0.57938,0.57736,39.269,0
25.212,23.251,0.59102,0.5801,39.464,0
25.277,23.309,0.57657,0.58246,39.663,0
25.332,23.368,0.56326,0.58162,39.864,0
25.396,23.426,0.58002,0.58322,40.055,0
25.46,23.484,0.60549,0.58531,40.261,0
25.516,23.543,0.58263,0.5846,40.456,0
25.571,23.601,0.4871,0.58393,40.662,0
25.62,23.66,0.30439,0.58118,40.854,0
25.657,23.718,0.10599,0.57481,41.05,0
25.659,23.775,-0.098324,0.5585,41.25,0
25.658,23.831,-0.26717,0.54172,41.443,0
25.622,23.885,-0.32234,0.51505,41.62,0
25.59,23.937,-0.28994,0.49056,41.799,0
25.554,23.986,-0.26382,0.4652,41.958,0
25.533,24.032,-0.24114,0.44499,42.104,0
25.509,24.077,-0.23922,0.42489,42.246,0
25.492,24.119,-0.28193,0.40692,42.379,0
25.456,24.16,-0.33401,0.38431,42.518,0
25.43,24.198,-0.3935,0.36541,42.65,0
25.394,24.235,-0.44845,0.34382,42.767,0
25.358,24.269,-0.53979,0.32296,42.875,0
25.303,24.302,-0.51824,0.29711,42.986,0
