18.333,18.333,-0.091482,0,35.5,0.21362
18.334,18.333,0.019939,0.00028356,35.5,0
18.344,18.333,-0.101,0.0041727,35.494,0.22528
18.324,18.334,-0.07562,-0.00093384,35.496,0.19223
18.326,18.334,-0.034213,-0.00075607,35.493,0.089409
18.33,18.334,-0.01048,-0.00033498,35.485,0.028581
18.339,18.334,0.049492,0.0020455,35.493,0
18.352,18.334,0.031775,0.0073573,35.502,0
18.361,18.335,0.015148,0.010625,35.512,0
18.372,18.336,-0.0014406,0.014511,35.515,0
18.364,18.337,0.022731,0.01063,35.528,0
18.369,18.338,0.010871,0.012312,35.529,0
18.365,18.339,0.039299,0.010248,35.532,0
18.375,18.34,0.082884,0.013679,35.533,0
18.389,18.342,0.059763,0.01889,35.537,0
18.397,18.344,0.050282,0.021568,35.55,0
18.412,18.346,0.046393,0.026602,35.565,0
18.418,18.348,-0.0052729,0.027911,35.579,0
18.423,18.351,-0.0096553,0.028664,35.595,0
18.427,18.354,-0.011536,0.029361,35.596,0
18.435,18.357,-0.0084873,0.03134,35.605,0
18.442,18.36,-0.019956,0.032863,35.604,0
18.432,18.363,0.022752,0.027289,35.619,0
18.43,18.366,-0.0066651,0.025623,35.625,0
18.434,18.369,-0.017827,0.026241,35.63,0
18.43,18.371,-0.019875,0.023685,35.645,0
18.423,18.374,-0.017762,0.019733,35.655,0
18.426,18.376,-0.0078441,0.020221,35.656,0
18.432,18.378,0.047594,0.021827,35.668,0
18.43,18.38,0.18682,0.020122,35.681,0
18.447,18.382,0.45373,0.026037,35.686,0
18.489,18.385,0.73022,0.041712,35.703,0
18.559,18.389,0.98659,0.068343,35.709,0
18.653,18.396,1.1881,0.10321,35.731,0.28604
18.766,18.406,1.3261,0.14399,35.755,0.60184
18.898,18.42,1.3214,0.19118,35.788,0.51066
19.028,18.439,1.2779,0.23544,35.837,0.30758
19.147,18.463,1.2481,0.27365,35.906,0.15691
19.268,18.49,1.2296,0.3105,35.976,0.04196
19.392,18.521,1.192,0.3475,36.055,0
19.509,18.556,1.155,0.37998,36.152,0
19.629,18.594,1.101,0.41243,36.252,0
19.744,18.635,1.0528,0.44153,36.366,0
19.849,18.679,0.99149,0.4652,36.482,0
19.945,18.726,0.95979,0.48416,36.601,0
20.033,18.774,0.93869,0.49946,36.73,0
20.129,18.824,1.0175,0.51663,36.854,0
20.226,18.876,1.0491,0.53402,36.977,0
20.335,18.929,1.0996,0.55491,37.11,0
20.453,18.985,1.0749,0.57893,37.261,0
20.552,19.043,1.085,0.59432,37.402,0
20.667,19.102,1.05,0.6153,37.56,0
20.762,19.164,1.0097,0.62748,37.721,0
20.863,19.227,0.93865,0.64119,37.875,0
20.965,19.291,0.87,0.65488,38.038,0
21.049,19.356,0.72787,0.66122,38.214,0
21.124,19.422,0.55674,0.66323,38.378,0
21.177,19.489,0.44424,0.65681,38.54,0
21.221,19.554,0.3331,0.64708,38.702,0
21.254,19.619,0.1874,0.6338,38.872,0
21.27,19.682,0.10614,0.61458,39.031,0
21.276,19.744,0.043512,0.59213,39.193,0
21.275,19.803,-0.052879,0.56782,39.342,0
21.276,19.86,-0.11629,0.5456,39.486,0
21.269,19.914,-0.075607,0.52119,39.623,0
21.256,19.966,-0.068976,0.49545,39.761,0
21.256,20.016,-0.065057,0.47584,39.896,0
21.251,20.064,-0.032337,0.45509,40.016,0
21.248,20.109,-0.012684,0.43597,40.133,0
21.239,20.153,-0.059215,0.41527,40.247,0
21.228,20.194,-0.05347,0.39489,40.359,0
21.221,20.234,-0.03175,0.37649,40.457,0
21.208,20.271,-0.063614,0.35695,40.562,0
21.208,20.307,-0.095996,0.34306,40.649,0
21.197,20.341,-0.065283,0.32541,40.742,0
21.198,20.374,-0.13385,0.31335,40.827,0
21.182,20.405,-0.23639,0.29522,40.914,0
21.158,20.435,-0.30058,0.27462,40.992,0
21.124,20.462,-0.42768,0.25116,41.057,0.41822
21.081,20.487,-0.58674,0.22524,41.124,1.2608
21.014,20.51,-0.69894,0.19106,41.181,2.0338
20.954,20.529,-0.80015,0.16098,41.218,2.8167
20.875,20.545,-0.95355,0.12475,41.258,4.1318
20.783,20.558,-0.97364,0.085477,41.288,4.4841
20.695,20.566,-1.0033,0.048845,41.306,4.9132
20.595,20.571,-1.0517,0.0091553,41.322,5.5396
20.487,20.572,-1.0919,-0.0073926,41.315,6.3164
20.373,20.571,-1.0979,-0.017312,41.309,6.857
20.27,20.569,-1.1877,-0.026195,41.279,8.2517
20.148,20.567,-1.2373,-0.036771,41.235,9.3702
20.017,20.563,-1.2597,-0.047989,41.184,10.238
19.894,20.558,-1.2806,-0.058563,41.128,11.069
19.771,20.552,-1.2937,-0.069031,41.051,11.805
19.636,20.546,-1.326,-0.080621,40.957,12.869
19.513,20.537,-1.414,-0.091108,40.859,14.703
19.381,20.528,-1.5113,-0.10249,40.759,16.856
19.226,20.518,-1.6378,-0.11585,40.641,19.789
19.063,20.507,-1.7968,-0.13013,40.498,23.665
18.877,20.494,-1.9223,-0.14644,40.355,27.33
18.677,20.479,-2.0299,-0.16432,40.177,30.923
18.483,20.462,-2.1586,-0.18176,39.988,35.231
18.263,20.444,-2.2632,-0.2019,39.777,39.32
18.037,20.424,-2.3508,-0.22285,39.544,43.136
17.804,20.402,-2.4365,-0.2447,39.297,47.07
17.564,20.377,-2.4805,-0.26774,39.025,49.83
17.308,20.351,-2.4828,-0.29285,38.725,51.35
17.051,20.321,-2.5362,-0.31848,38.412,54.518
16.807,20.289,-2.5298,-0.34349,38.077,55.622
16.56,20.255,-2.5086,-0.36962,37.716,56.229
16.315,20.218,-2.5503,-0.39633,37.327,58.869
16.052,20.178,-2.6023,-0.42576,36.922,61.984
15.795,20.136,-2.564,-0.45567,36.49,61.942
15.533,20.09,-2.5422,-0.48686,36.051,62.474
15.272,20.042,-2.5585,-0.51932,35.581,64.236
15.013,19.99,-2.5151,-0.55287,35.087,63.932
14.766,19.934,-2.4785,-0.58658,34.575,63.768
14.511,19.876,-2.4786,-0.62224,34.056,64.81
14.262,19.814,-2.4938,-0.65926,33.506,66.26
14.019,19.748,-2.511,-0.69687,32.945,67.682
13.769,19.678,-2.5367,-0.73755,32.362,69.394
13.517,19.604,-2.558,-0.78037,31.762,70.907
13.265,19.526,-2.5651,-0.82564,31.144,71.885
13,19.444,-2.534,-0.87542,30.5,71.568
12.748,19.356,-2.5134,-0.92577,29.851,71.471
12.489,19.263,-2.4845,-0.98048,29.176,71.055
12.237,19.165,-2.4613,-1.0377,28.482,70.701
11.995,19.062,-2.4365,-1.0961,27.783,70.163
11.756,18.952,-2.4513,-1.1581,27.067,70.789
11.52,18.836,-2.4648,-1.2231,26.346,71.267
11.27,18.714,-2.4393,-1.2945,25.613,70.441
11.024,18.584,-2.3491,-1.3703,24.865,67.439
10.797,18.447,-2.234,-1.4488,24.097,63.576
10.569,18.303,-2.1639,-1.532,23.327,61.041
10.342,18.149,-2.046,-1.6197,22.558,57.129
10.143,17.987,-1.9459,-1.7092,21.77,53.564
9.9537,17.816,-1.9165,-1.8002,20.994,51.74
9.7697,17.636,-1.8563,-1.8982,20.203,48.979
9.5746,17.447,-1.7777,-2.0028,19.426,45.776
9.4012,17.246,-1.7213,-2.11,18.641,42.911
9.2281,17.035,-1.6985,-2.2226,17.866,40.703
9.0596,16.813,-1.7335,-2.342,17.088,39.574
8.8769,16.579,-1.8902,-2.4756,16.306,41.039
8.6809,16.331,-2.033,-2.6217,15.532,42.19
8.4836,16.069,-2.1953,-2.7774,14.763,43.818
8.2734,15.791,-2.3945,-2.9467,14.005,46.645
8.0302,15.497,-2.516,-3.138,13.261,47.366
7.7717,15.183,-2.5745,-4.7673,12.524,26.082
7.5119,14.706,-2.6358,-4.8309,11.789,25.517
7.2459,14.223,-2.6609,-4.8579,11.079,24.319
6.9709,13.737,-2.6152,-4.8182,10.391,21.636
6.7142,13.256,-2.5128,-4.714,9.7194,18.247
6.4648,12.784,-2.3903,-4.5919,9.069,15.211
6.2314,12.325,-2.2696,-4.4671,8.4485,12.799
6.0132,11.878,-2.1603,-5.2,7.8427,6.1839
5.7947,11.358,-2.084,-5.2,7.2698,8.0264
5.5858,10.838,-2.0644,-5.2,6.7219,12.487
5.3723,10.318,-2.0226,-5.2,6.2212,11.633
5.175,9.7982,-1.9422,-5.2,5.7333,8.561
4.9887,9.2782,-1.8289,-5.2,5.2954,6.7685
4.8079,8.7582,-1.6479,-5.2,4.876,5.9432
4.6353,8.2382,-1.4588,-5.2,4.4908,5.3151
4.4834,7.7182,-1.3219,-5.2,4.1543,4.4031
4.3451,7.1982,-1.2085,-5.2,3.8452,3.4096
4.2312,6.6782,-1.1225,-5.2,3.5898,2.3618
4.1132,6.1582,-1.1153,-5.2,3.3643,0.72635
3.9965,5.6382,-1.0931,-8.8,3.1885,0
3.8963,4.7582,-1.0112,-8.8,3.0666,0
3.8034,3.8782,-0.89137,-8.8,3.0149,0
3.7052,2.9982,-0.74393,-8.8,3.0414,0
3.6277,2.1182,-0.56521,-8.8,3.1578,0
3.5612,1.2382,-0.40595,-8.8,3.3419,0
3.527,0.35823,-0.30259,-8.8,3.6233,0
3.506,0,-0.25313,-8.8,3.9752,0
3.4854,0,-0.22562,-8.8,4.3683,0
3.4586,0,-0.20805,-8.8,4.7608,0
3.4316,0,-0.21684,-0.21684,5.1408,1.724
3.4113,0,-0.21972,-0.21972,5.4816,1.5902
3.3987,0,-0.21396,-0.21396,5.8213,1.5797
3.3824,0,-0.23084,-0.23084,6.1637,1.3366
3.3621,0,-0.25861,-0.25861,6.4981,0.97761
3.3273,0,-0.28058,-0.28058,6.8436,0.61216
3.3032,0,-0.30872,-0.30872,7.1694,0.25151
3.2668,0,-0.33413,-0.33413,7.5011,0
3.2375,0,-0.3416,-0.3416,7.8212,0
3.2012,0,-0.29107,-0.29107,8.1481,0
3.1684,0,-0.14081,-0.14081,8.4664,1.1475
3.1622,0,-0.01453,-0.01453,8.7886,2.2691
3.1689,0,0.094289,0.094289,9.0987,1.9894
3.1805,0.0094289,0.21976,0.21976,9.4234,1.4668
3.2058,0.031405,0.27265,0.27265,9.7462,1.2746
3.2276,0.05867,0.23499,0.23499,10.058,1.398
3.2602,0.082169,0.22833,0.22833,10.378,1.461
3.2837,0.105,0.24327,0.24327,10.693,1.4045
3.3051,0.12933,0.22757,0.22757,11.019,1.4546
3.3366,0.15209,0.23167,0.23167,11.344,1.474
3.3598,0.17525,0.2377,0.2377,11.656,1.4502
3.3802,0.19902,0.23241,0.23241,11.965,1.4574
3.4045,0.22226,0.22929,0.22929,12.283,1.4742
3.4357,0.24519,0.2373,0.2373,12.594,1.4759
3.45,0.26892,0.23762,0.23762,12.92,1.4366
3.4703,0.29269,0.23334,0.23334,13.235,1.4395
3.4978,0.31602,0.23969,0.23969,13.545,1.4312
3.5305,0.33999,0.24125,0.24125,13.858,1.4602
3.545,0.36411,0.23802,0.23802,14.173,1.4341
3.5717,0.38792,0.23694,0.23694,14.49,1.45
3.5888,0.41161,0.23576,0.23576,14.805,1.4281
3.6195,0.43519,0.23001,0.23001,15.124,1.4797
3.6431,0.45819,0.22897,0.22897,15.436,1.4864
3.6712,0.48108,0.23207,0.23207,15.753,1.4951
3.6915,0.50429,0.23249,0.23249,16.066,1.4815
3.7055,0.52754,0.2361,0.2361,16.385,1.4297
3.7388,0.55115,0.24421,0.24421,16.712,1.437
3.7632,0.57557,0.26609,0.26609,17.029,1.3516
3.7854,0.60218,0.29033,0.29033,17.347,1.2423
3.8135,0.63121,0.3073,0.3073,17.656,1.1756
3.84,0.66194,0.32994,0.32994,17.971,1.0771
3.8748,0.69494,0.34443,0.34443,18.29,1.0322
3.9184,0.72938,0.33451,0.33451,18.609,1.1016
3.956,0.76283,0.32275,0.32275,18.933,1.16
3.9842,0.7951,0.34231,0.34231,19.253,1.0736
4.02,0.82934,0.41299,0.41299,19.564,0.83378
4.0578,0.87063,0.52729,0.52729,19.889,0.45692
4.1083,0.92336,0.68061,4.9,20.214,12.168
4.1734,1.4134,0.85839,4.9,20.52,12.495
4.2634,1.9034,1.0147,4.9,20.786,12.926
4.3602,2.3934,1.1077,4.9,21.003,13.957
4.4688,2.8834,1.1495,4.9,21.184,15.449
4.5824,3.3734,1.1801,4.9,21.328,17.047
4.7053,3.8634,1.1672,2.8978,21.428,4.4612
4.813,4.1531,1.1429,2.0197,21.511,0.99052
4.9292,4.3551,1.0984,1.6278,21.582,0.042211
5.0444,4.5179,1.07,1.407,21.627,0
5.1556,4.6586,0.99161,1.2646,21.684,0
5.2562,4.7851,0.93557,1.1489,21.737,0
5.3558,4.8999,0.82677,1.0708,21.791,0
5.4353,5.007,0.69664,0.97214,21.833,0
5.5015,5.1042,0.47604,0.87466,21.876,0.1096
5.5459,5.1917,0.1288,0.75942,21.919,1.0597
5.563,5.2676,-0.34907,0.61909,21.961,3.0693
5.5354,5.3296,-0.80541,0.42349,21.982,5.5919
5.4624,5.3719,-1.2456,0.18379,22.001,8.6929
5.3432,5.3903,-1.6666,-0.0027416,22.011,13.443
5.1693,5.39,-2.0611,-0.012859,22.004,22.03
4.9613,5.3887,-2.3665,-0.02496,21.967,31.163
4.7192,5.3862,-2.4671,-0.039073,21.92,11.192
4.473,5.3823,-2.3034,-0.053512,21.848,11.442
4.2375,5.377,-1.6886,-0.067497,21.748,20.25
4.0689,5.3702,-0.67583,-0.077732,21.62,7.7315
3.9967,5.3624,0.54029,-0.082268,21.489,1.4955
4.0435,5.3542,1.6395,-0.07968,21.35,1.1855
4.1989,5.3463,2.5024,-0.070297,21.228,3.6619
4.4587,5.3392,2.9541,-0.054304,21.125,6.1482
4.7465,5.3338,3.0742,-0.036387,21.051,7.5094
5.0506,5.3302,2.8096,-0.017383,20.999,6.8491
5.3305,5.3284,2.3021,0.0041998,20.98,4.7871
5.562,5.3288,1.774,0.46065,20.994,0.51035
5.7457,5.3749,1.2037,0.72301,21.03,0
5.8662,5.4472,0.72187,0.80009,21.063,0
5.941,5.5272,0.57786,0.77225,21.095,0
5.9889,5.6044,0.76904,0.70218,21.131,0
6.0746,5.6747,1.0697,0.71687,21.178,0
6.1767,5.7463,1.4641,0.75688,21.228,0
6.3329,5.822,1.7326,0.88117,21.284,0
6.5152,5.9101,1.8851,1.02,21.338,0
6.695,6.0121,1.981,1.1215,21.397,0
6.8946,6.1243,1.979,1.23,21.464,0
7.1007,6.2473,2.1605,1.323,21.549,0
7.3125,6.3796,2.5155,1.401,21.63,0
7.5694,6.5197,2.7656,1.5268,21.734,0
7.8559,6.6724,2.6976,1.6634,21.841,0
8.1161,6.8387,2.3815,1.7311,21.955,0
8.36,7.0118,1.7818,1.7611,22.079,0
8.5388,7.1879,1.0739,1.7016,22.205,0
8.6478,7.3581,0.50036,1.5701,22.33,0
8.7017,7.5151,0.19098,1.4016,22.456,0.94484
8.73,7.6553,0.16791,1.2364,22.571,0.67509
8.7537,7.7789,0.21327,1.0965,22.678,0.21634
8.779,7.8886,0.37737,0.98233,22.779,0
8.8247,7.9868,0.84836,0.9084,22.862,0
8.9182,8.0776,1.3356,0.89737,22.953,0
9.0524,8.1674,1.7347,0.93052,23.034,0
9.2358,8.2604,2.3557,1.0102,23.133,0.72494
9.4732,8.3614,2.7912,1.1332,23.247,1.9098
9.7568,8.4748,2.8393,1.2836,23.368,1.5381
10.044,8.6031,2.8701,1.4147,23.511,1.1951
10.323,8.7446,2.8987,1.5164,23.657,0.97403
10.606,8.8962,2.7189,1.606,23.827,0.065982
10.879,9.0568,2.7039,1.6726,24.004,0
11.154,9.2241,2.6795,1.7291,24.184,0
11.417,9.397,2.5269,1.7668,24.373,0
11.667,9.5737,2.3587,1.7877,24.57,0
11.9,9.7525,2.3635,1.7927,24.792,0
12.139,9.9317,2.2353,1.8011,25.007,0
12.371,10.112,2.15,1.8022,25.22,0
12.589,10.292,2.1589,1.7933,25.439,0
12.813,10.471,2.2021,1.7906,25.673,0
13.034,10.65,2.1801,1.7857,25.901,0
13.246,10.829,2.2411,1.775,26.133,0
13.467,11.007,2.2312,1.7731,26.376,0
13.686,11.184,2.1875,1.7702,26.621,0
13.907,11.361,2.1729,1.7698,26.872,0
14.13,11.538,2.0475,1.7705,27.127,0
14.337,11.715,1.891,1.7605,27.385,0
14.53,11.891,1.7766,1.7434,27.647,0
14.711,12.065,1.6238,1.7197,27.907,0
14.866,12.237,1.446,1.6824,28.163,0
15.012,12.405,1.2437,1.6442,28.428,0
15.134,12.57,1.0058,1.595,28.687,0
15.233,12.729,0.70459,1.5365,28.931,0
15.294,12.883,0.40144,1.4612,29.178,0
15.34,13.029,0.17418,1.3847,29.413,0
15.359,13.168,-0.057997,1.2985,29.64,0
15.354,13.298,-0.19506,1.2068,29.852,0
15.327,13.418,-0.23535,1.1096,30.051,0
15.313,13.529,-0.19281,1.0284,30.24,0
15.295,13.632,-0.1885,0.95214,30.42,0
15.27,13.727,-0.27671,0.87681,30.579,0
15.24,13.815,-0.64296,0.80535,30.736,1.6793
15.185,13.895,-1.2066,0.72457,30.881,6.6231
15.058,13.968,-1.7975,0.60949,30.996,15.158
14.889,14.029,-2.3767,0.4783,31.089,28.427
14.653,14.077,-2.8166,0.31962,31.167,43.415
14.371,14.109,-2.9442,0.14495,31.212,48.886
14.084,14.123,-2.8723,-0.003582,31.223,46.032
13.794,14.123,-2.7597,-0.030473,31.196,43.371
13.518,14.12,-2.6303,-0.055858,31.15,40.423
13.248,14.114,-2.4652,-0.080798,31.068,36.732
13.002,14.106,-2.2713,-0.10343,30.965,32.631
12.766,14.096,-2.0325,-0.12528,30.849,28.018
12.568,14.083,-1.811,-0.14375,30.698,24.286
12.393,14.069,-1.6321,-0.16025,30.534,21.739
12.225,14.053,-1.4499,-0.17617,30.365,19.394
12.087,14.035,-1.2465,-0.18954,30.168,16.853
11.957,14.016,-0.99554,-0.20214,29.976,13.993
11.859,13.996,-0.76542,-0.21196,29.759,11.659
11.773,13.975,-0.60113,-0.22067,29.543,10.242
11.717,13.953,-0.34767,-0.22669,29.311,8.125
11.678,13.93,-0.19277,-0.2308,29.087,6.9955
11.66,13.907,-0.13613,-0.23289,28.858,6.5705
11.639,13.884,-0.025445,-0.23525,28.631,5.8349
11.64,13.86,0.1759,-0.2353,28.406,4.6262
11.656,13.837,0.20833,-0.23381,28.178,4.3452
11.673,13.813,0.17074,-0.23204,27.957,4.4032
11.686,13.79,0.23016,-0.23076,27.737,4.0135
11.714,13.767,0.47587,-0.2275,27.526,2.9094
11.757,13.744,0.80271,-0.22257,27.327,1.9263
11.841,13.722,1.0203,-0.21274,27.138,1.4559
11.95,13.701,1.4172,-0.19978,26.957,1.2581
12.098,13.681,1.567,-0.18212,26.795,1.3046
12.249,13.663,1.5949,-0.16389,26.652,1.294
12.406,13.646,1.4236,-0.14469,26.523,0.99874
12.555,13.632,1.3703,-0.12652,26.399,0.87366
12.687,13.619,1.1502,-0.11013,26.296,0.55557
12.795,13.608,1.0701,-0.096557,26.2,0.41821
12.91,13.598,0.93837,-0.08202,26.128,0.24252
12.997,13.59,0.93531,-0.070848,26.072,0.1782
13.09,13.583,0.99089,-0.059147,26.011,0.17598
13.191,13.577,1.0737,-0.046451,25.958,0.24688
13.291,13.572,1.2027,-0.033986,25.917,0.46926
13.412,13.569,1.2881,-0.018991,25.891,0.68419
13.544,13.567,1.363,-0.0028583,25.882,0.93816
13.687,13.567,1.4056,0.060214,25.895,0.94915
13.83,13.573,1.4472,0.12878,25.921,0.93192
13.973,13.586,1.4537,0.1936,25.947,0.81295
14.111,13.605,1.5385,0.25245,25.995,0.96672
14.261,13.63,1.5984,0.31437,26.057,1.0426
14.427,13.662,1.6249,0.38113,26.125,0.99481
14.581,13.7,1.6962,0.43786,26.2,1.1394
14.741,13.744,1.7741,0.49463,26.285,1.3235
14.92,13.793,1.7662,0.55734,26.393,1.1616
15.099,13.849,1.8677,0.61705,26.519,1.4531
15.296,13.911,1.987,0.68175,26.659,1.8386
15.495,13.979,2.0058,0.74355,26.797,1.8027
15.704,14.053,2.0208,0.80687,26.965,1.7483
15.898,14.134,2.0824,0.85861,27.13,1.9405
16.109,14.22,2.0494,0.91593,27.312,1.6855
16.312,14.311,2.019,0.96576,27.517,1.4607
16.516,14.408,2.0236,1.0129,27.726,1.4067
16.717,14.509,2.0723,1.0557,27.939,1.5736
16.926,14.615,2.0717,1.0996,28.164,1.5108
17.138,14.725,2.0471,1.1423,28.392,1.3403
17.333,14.839,2.0566,1.1747,28.647,1.3527
17.541,14.956,2.0543,1.2106,28.898,1.3071
17.751,15.077,2.0096,1.2459,29.168,1.0606
17.944,15.202,1.9807,1.2707,29.432,0.91501
18.138,15.329,1.9935,1.2946,29.713,0.969
18.346,15.459,1.9618,1.3229,29.988,0.80749
18.538,15.591,1.9378,1.3431,30.287,0.69647
18.734,15.725,1.9492,1.363,30.58,0.75814
18.936,15.861,1.9451,1.3851,30.88,0.74431
19.126,16,1.9266,1.4001,31.189,0.67376
19.309,16.14,1.8789,1.4112,31.498,0.47177
19.49,16.281,1.8715,1.4209,31.811,0.46539
19.68,16.423,1.8646,1.4336,32.125,0.45837
19.869,16.567,1.8498,1.4459,32.451,0.41351
20.061,16.711,1.8452,1.4589,32.792,0.41469
20.245,16.857,1.8551,1.4681,33.135,0.49476
20.434,17.004,1.8835,1.478,33.472,0.6705
20.614,17.152,1.8459,1.4845,33.825,0.52052
20.808,17.3,1.8401,1.4961,34.18,0.52274
20.992,17.45,1.818,1.5031,34.533,0.4521
21.174,17.6,1.7684,1.5086,34.89,0.24702
21.348,17.751,1.7155,1.5109,35.254,0.031451
21.53,17.902,1.6473,1.5159,35.614,0
21.692,18.054,1.5771,1.5127,35.977,0
21.857,18.205,1.5366,1.5107,36.338,0
22.005,18.356,1.5364,1.5018,36.698,0
22.152,18.506,1.5103,1.4936,37.069,0
22.301,18.655,1.5751,1.4867,37.435,0
22.449,18.804,1.6167,1.4795,37.801,0
22.612,18.952,1.6081,1.4787,38.166,0
22.782,19.1,1.6353,1.481,38.528,0.075253
22.954,19.248,1.6843,1.4837,38.889,0.36415
23.125,19.396,1.741,1.486,39.251,0.70354
23.29,19.545,1.789,1.4862,39.632,1.0047
23.463,19.694,1.8271,1.4894,40.001,1.2602
23.641,19.843,1.877,1.4946,40.373,1.5874
23.83,19.992,1.8741,1.5033,40.747,1.6208
24.015,20.142,1.8597,1.5109,41.13,1.5886
24.199,20.293,1.8389,1.5174,41.523,1.5188
24.391,20.445,1.8402,1.527,41.917,1.575
24.583,20.598,1.7826,1.5358,42.31,1.2988
24.76,20.751,1.7741,1.5387,42.711,1.3023
24.945,20.905,1.7822,1.5447,43.121,1.3972
25.12,21.06,1.7952,1.5465,43.531,1.5239
25.302,21.214,1.687,1.5507,43.934,0.96222
25.466,21.37,1.8559,1.5477,44.336,1.9941
25.661,21.524,1.819,1.5572,44.749,1.8306
25.851,21.68,1.7724,1.5639,45.167,1.6104
26.029,21.836,1.7336,1.5664,45.592,1.4365
26.192,21.993,1.8833,1.5628,46.004,2.3922
26.38,22.149,1.7378,1.5682,46.417,1.5751
26.561,22.306,1.7543,1.5716,46.846,1.7279
26.741,22.463,1.7233,1.5742,47.272,1.5996
26.911,22.621,1.7573,1.5734,47.708,1.8566
27.092,22.778,1.7351,1.5766,48.142,1.7788
27.269,22.936,1.7279,1.5778,48.568,1.7939
27.432,23.094,1.7893,1.5744,49.008,2.2236
27.603,23.251,1.8348,1.5741,49.451,2.5638
27.78,23.408,1.8096,1.5757,49.89,2.4644
27.969,23.566,1.8081,1.5813,50.323,2.5196
28.149,23.724,1.7984,1.5836,50.756,2.5213
28.324,23.882,1.7718,1.5842,51.203,2.4115
28.496,24.041,1.774,1.5838,51.643,2.4855
28.68,24.199,1.7419,1.5879,52.097,2.3413
28.859,24.358,1.7583,1.5898,52.548,2.5057
29.044,24.517,1.759,1.594,53,2.5737
29.211,24.676,1.7397,1.5915,53.461,2.5035
29.39,24.836,1.7066,4.8,53.913,0
29.561,25.316,1.717,1.4491,54.354,2.6706
29.729,25.46,1.6157,4.8,54.778,0
29.896,25.94,1.3452,1.3139,55.19,0.67846
30.031,26.072,0.99179,4.8,55.58,4.8947
30.136,26.552,0.66274,1.1592,55.963,0
30.198,26.668,0.37305,4.8,56.311,12.825
30.238,27.148,0.017971,0.97352,56.641,0
30.231,27.245,0.1783,0.93938,56.935,0
