0.83333,0.83333,0.42842,0,35.5,0
0.88262,0.83333,0.42047,7.8,35.506,65.624
0.92444,1.6133,0.41834,7.8,35.465,70.709
0.96599,2.3933,0.41322,7.8,35.35,75.896
1.0157,3.1733,0.40986,7.8,35.167,81.032
1.066,3.9533,0.40984,7.8,34.921,86.131
1.1153,4.7333,0.41412,7.8,34.596,91.18
1.1494,5.5133,0.41529,7.8,34.197,96.429
1.1966,6.2933,0.41897,6.7,33.714,87.937
1.2313,6.9633,0.42503,6.7,33.178,92.273
1.2724,7.6333,0.42211,6.7,32.574,96.771
1.3235,8.3033,0.42471,6.7,31.903,101.1
1.3648,8.9733,0.42409,-0.43257,31.174,25.436
1.4124,8.9301,0.42559,-0.44256,30.426,24.846
1.4589,8.8858,0.41661,-0.4533,29.671,24.371
1.4922,8.8405,0.39146,-0.46472,28.942,24.136
1.5287,8.794,0.36648,-0.47655,28.211,23.871
1.5695,8.7464,0.35191,-0.48865,27.483,23.461
1.6134,8.6975,0.36209,-0.50072,26.768,22.758
1.6577,8.6474,0.48611,-0.51284,26.07,20.874
1.7072,8.5961,0.74935,-0.52493,25.381,17.802
1.7828,8.5436,1.0758,-0.53525,24.7,14.54
1.8957,8.4901,1.4533,-0.54262,24.03,11.402
2.0468,8.4359,1.8217,-0.54634,23.378,8.8862
2.2206,8.3812,2.0917,-0.54749,22.741,7.2643
2.4348,8.3265,2.2115,-0.54378,22.131,6.3074
2.6547,8.2721,2.2123,-0.53745,21.561,5.7379
2.8672,8.2184,2.0995,-0.53034,21.016,5.4444
3.0857,8.1653,1.9579,-0.52077,20.502,5.2048
3.2783,8.1132,1.8278,-0.51214,20.016,4.9953
3.4633,8.062,1.7283,-0.50325,19.543,4.7386
3.6421,8.0117,1.7446,-0.49348,19.095,4.2723
3.8084,7.9624,1.9005,-0.484,18.662,3.7019
4.004,7.914,2.1087,-0.46901,18.263,3.283
4.2095,7.8671,2.3047,-0.45084,17.894,3.135
4.442,7.822,2.5098,-0.42747,17.552,3.2525
4.6899,7.7792,2.5769,-0.40062,17.225,3.3525
4.9486,7.7392,2.543,-0.37001,16.938,3.3145
5.201,7.7022,2.6067,-0.3388,16.667,3.5668
5.4516,7.6683,2.72,-0.30597,16.431,4.0786
5.7146,7.6377,2.7398,-0.26989,16.224,4.3865
5.9914,7.6107,2.8131,-0.23066,16.041,4.99
6.2761,7.5876,2.9911,-0.18904,15.895,6.2106
6.5825,7.5687,2.9622,-0.14337,15.787,6.5874
6.8798,7.5544,2.8123,-0.098725,15.703,6.3378
7.163,7.5445,2.8008,-0.056058,15.652,6.8086
7.4435,7.5389,2.877,-0.014051,15.621,7.8395
7.7287,7.5375,2.7628,0.16272,15.628,6.5371
8.012,7.5538,2.6129,0.38917,15.653,4.6512
8.2721,7.5927,2.5473,0.57403,15.711,3.53
8.5368,7.6501,2.4387,0.74282,15.783,2.3738
8.7899,7.7244,2.1863,0.88323,15.882,0.88689
9.0158,7.8127,2.0576,0.98426,15.987,0.14533
9.2264,7.9111,2.0975,1.0609,16.109,0.05927
9.4288,8.0172,2.0595,1.1226,16.255,0
9.637,8.1295,1.9573,1.1804,16.397,0
9.8354,8.2475,1.9549,1.2239,16.551,0
10.034,8.3699,1.927,1.2619,16.708,0
10.219,8.4961,1.7069,1.2856,16.874,0
10.387,8.6247,1.3758,1.2951,17.057,0
10.535,8.7542,1.0704,1.2882,17.238,0
10.637,8.883,0.73093,1.2493,17.41,0
10.718,9.0079,0.3798,1.2001,17.581,0
10.75,9.1279,0.17591,1.1229,17.748,0
10.765,9.2402,0.15902,1.0424,17.896,0
10.787,9.3445,0.15822,0.97458,18.043,0
10.794,9.4419,0.16581,0.90399,18.183,0
10.807,9.5323,0.18648,0.84488,18.324,0
10.823,9.6168,0.16845,0.79201,18.44,0
10.849,9.696,0.1487,0.75112,18.56,0
10.86,9.7711,0.13587,0.70383,18.664,0
10.879,9.8415,0.31135,0.66585,18.768,0
10.918,9.9081,0.55255,0.64383,18.861,0
10.982,9.9725,0.76543,0.63927,18.958,0
11.054,10.036,1.075,0.64033,19.053,0
11.166,10.1,1.2934,0.66665,19.152,0
11.298,10.167,1.3041,0.70343,19.26,0
11.436,10.237,1.2405,0.74067,19.37,0
11.562,10.312,1.2613,0.76831,19.5,0
11.681,10.388,1.2258,0.7884,19.622,0
11.804,10.467,1.2557,0.80944,19.744,0
11.933,10.548,1.3123,0.83319,19.885,0
12.066,10.631,1.3372,0.85768,20.035,0
12.197,10.717,1.3139,0.87879,20.18,0
12.327,10.805,1.2071,0.89683,20.326,0
12.441,10.895,1.0756,0.90469,20.476,0
12.539,10.985,0.90211,0.90266,20.631,0
12.629,11.076,0.73694,0.8959,20.781,0
12.71,11.165,0.5419,0.88551,20.939,0
12.761,11.254,0.38113,0.85807,21.098,0
12.808,11.339,0.27019,0.83077,21.252,0
12.827,11.423,0.2131,0.78942,21.393,0
12.84,11.501,0.13617,0.74828,21.529,0
12.855,11.576,0.085116,0.71099,21.664,0
12.857,11.647,-0.0028523,0.66912,21.794,0
12.856,11.714,-0.061479,0.62831,21.905,0
12.842,11.777,-0.12483,0.58372,22.016,0
12.823,11.836,-0.16108,0.53917,22.118,0
12.804,11.889,-0.18168,0.49719,22.208,0
12.786,11.939,-0.16182,0.45896,22.299,0
12.778,11.985,-0.17615,0.4283,22.374,0
12.755,12.028,-0.26677,0.3917,22.451,0.13314
12.721,12.067,-0.39561,0.35105,22.521,0.71833
12.682,12.102,-0.51779,0.31055,22.58,1.3667
12.638,12.133,-0.63993,0.2701,22.643,2.1105
12.581,12.16,-0.72257,0.22462,22.68,2.6944
12.51,12.183,-0.74654,0.17423,22.723,2.9241
12.442,12.2,-0.67226,0.12887,22.746,2.5055
12.383,12.213,-0.55196,0.090242,22.764,1.8672
12.329,12.222,-0.43835,0.056824,22.788,1.3536
12.286,12.228,-0.31554,0.030903,22.801,0.87732
12.25,12.231,-0.20065,0.010093,22.815,0.50957
12.224,12.232,-0.16159,-0.00099739,22.82,0.42259
12.21,12.232,-0.20816,-0.0029457,22.81,0.59808
12.193,12.231,-0.39291,-0.0051659,22.805,1.3385
12.159,12.231,-0.57898,-0.0096353,22.79,2.357
12.1,12.23,-0.78585,-0.017389,22.773,3.8649
12.031,12.228,-0.97864,-0.026352,22.759,5.6546
11.923,12.226,-1.0977,-0.040413,22.743,7.1923
11.821,12.222,-1.0839,-0.053608,22.715,7.437
11.706,12.216,-1.0563,-0.068519,22.669,7.588
11.602,12.209,-1.0363,-0.08169,22.621,7.7613
11.498,12.201,-1.0166,-0.095001,22.557,7.9356
11.398,12.192,-1.058,-0.10776,22.473,8.7212
11.288,12.181,-1.0523,-0.12195,22.385,9.0546
11.178,12.169,-1.2002,-0.13611,22.29,11.165
11.053,12.155,-1.3675,-0.1523,22.192,13.867
10.917,12.14,-1.4434,-0.17032,22.069,15.532
10.763,12.123,-1.5377,-0.19096,21.94,17.665
10.608,12.104,-1.7417,-0.21211,21.787,21.951
10.428,12.082,-1.8366,-0.23705,21.631,24.642
10.251,12.059,-1.6999,-0.26204,21.452,22.696
10.086,12.033,-1.7947,-0.28548,21.27,25.239
9.8967,12.004,-1.989,-0.31303,21.073,30.278
9.6995,11.973,-1.8447,-0.34283,20.845,27.883
9.5194,11.938,-1.7996,-0.37034,20.617,27.622
9.3314,11.901,-1.9793,-0.4001,20.367,32.32
9.1299,11.861,-2.0257,-0.43271,20.109,34.197
8.9371,11.818,-1.9961,-0.46539,19.825,34.161
8.7397,11.772,-2.3065,-0.49996,19.528,43.015
8.5113,11.722,-2.3903,-0.54136,19.212,46.31
8.2799,11.667,-2.4211,-0.58477,18.884,48.032
8.029,11.609,-2.4984,-0.63387,18.535,51.302
7.7844,11.546,-2.385,-0.68385,18.174,48.462
7.5502,11.477,-2.1636,-0.73505,17.788,42.697
7.3271,11.404,-2.2004,-0.78738,17.379,44.132
7.1155,11.325,-2.2601,-0.84013,16.96,46.105
6.8826,11.241,-2.2103,-0.90089,16.523,45.02
6.6656,11.151,-2.1943,-0.96126,16.08,44.731
6.4561,11.055,-2.2147,-1.0242,15.621,45.307
6.2335,10.952,-2.1944,-1.094,15.152,44.715
6.0056,10.843,-2.4037,-1.17,14.672,50.674
5.7563,10.726,-2.6256,-1.2551,14.191,57.795
5.4915,10.6,-2.6915,-1.3533,13.682,22.424
5.2198,10.465,-2.7934,-1.4599,13.166,21.789
4.9313,10.319,-3.1466,-1.5799,12.64,21.302
4.6247,10.161,-3.244,-1.7162,12.098,20.641
4.302,9.9895,-3.1664,-1.8695,11.546,19.75
3.9809,9.8025,-3.1549,-2.0418,10.965,18.808
3.6632,9.5983,-3.1321,-2.2272,10.381,17.779
3.3526,9.3756,-2.894,-2.4285,9.7868,16.351
3.0604,9.1328,-2.6072,-5.2,9.1802,7.0001
2.8075,8.6128,-2.4931,-5.2,8.5903,6.213
2.5637,8.0928,-2.4854,-5.2,8.0286,5.6305
2.3103,7.5728,-2.4546,-5.2,7.4853,5.0192
2.0556,7.0528,-2.44,-5.2,6.978,4.4448
1.8203,6.5328,-2.4264,-5.2,6.4834,3.8325
1.5779,6.0128,-2.277,-8.8,6.0307,0
1.3492,5.1328,-2.033,-8.8,5.6231,0
1.1437,4.2528,-1.7106,-8.8,5.2768,0
0.96812,3.3728,-1.2758,-8.8,4.9944,0
0.83468,2.4928,-0.88468,-8.8,4.7918,0
0.7377,1.6128,-0.59275,-8.8,4.6567,0
0.67227,0.73276,-0.45687,-8.8,4.6061,0
0.62573,0,-0.39281,-8.8,4.6424,0
0.59638,0,-0.25388,-8.8,4.7407,0
0.57419,0,-0.10885,-8.8,4.8479,0
0.55631,0,-0.019359,-8.8,4.9407,0
0.55753,0,0.04172,0.04172,5.0307,0
0.56338,0.004172,0.071946,0.071946,5.0925,0
0.57525,0.011367,-0.023426,-0.023426,5.1426,0
0.57732,0.009024,-0.14903,-0.14903,5.2006,0
0.55594,0,-0.013763,-0.013763,5.2514,0
0.56019,0,0.36946,0.36946,5.3146,0
0.60065,0.036946,0.88608,0.88608,5.3781,0
0.68987,0.12555,1.3891,1.3891,5.4434,0
0.82337,0.26446,1.5936,1.5936,5.5088,0
0.99208,0.42382,1.4562,1.4562,5.5593,0
1.139,0.56945,1.0749,1.0749,5.6105,0
1.2425,0.67694,0.70674,0.70674,5.667,0
1.31,0.74762,0.69887,0.69887,5.7242,0
1.3769,0.8175,0.88653,0.88653,5.7754,0
1.4637,0.90616,1.0932,4.9,5.8231,21.426
1.5666,1.3962,1.516,1.0135,5.8682,0
1.7152,1.4975,1.8375,1.1541,5.8827,0
1.9068,1.6129,1.6878,1.3838,5.9159,0
2.0747,1.7513,1.7069,1.3318,5.9407,0
2.2494,1.8845,1.9333,1.338,5.981,0
2.4427,2.0183,1.8514,1.3963,6.0231,0
2.6304,2.1579,1.6224,-8.8,6.0706,0
2.7975,1.2779,1.709,4.9,6.1676,10.577
2.9782,1.7679,1.7926,4.9,6.2943,11.271
3.1643,2.2579,1.6021,2.6086,6.3973,0.72183
3.3262,2.5188,1.4076,1.9607,6.489,0
3.4727,2.7148,1.3512,1.6409,6.5658,0
3.6089,2.8789,1.1477,1.4485,6.6456,0
3.7281,3.0238,0.8119,1.2989,6.712,0
3.8177,3.1537,0.5771,1.1527,6.7854,0
3.8657,3.2689,0.49315,0.98354,6.8479,0
3.9222,3.3673,0.41855,0.87625,6.8984,0
3.9618,3.4549,0.32751,0.77205,6.9514,0
3.985,3.5321,0.38275,0.6684,6.994,0
4.03,3.599,0.53198,0.62054,7.045,0
4.087,3.661,0.63135,0.5985,7.0792,0
4.1596,3.7209,0.69817,0.60267,7.1141,0
4.2311,3.7811,0.93728,0.60473,7.1536,0
4.3321,3.8416,1.2192,0.6461,7.2057,0
4.4506,3.9062,1.4433,0.70223,7.2627,0
4.5886,3.9764,1.6148,0.77219,7.3231,0
4.7483,4.0537,1.8502,0.85557,7.3911,0
4.9262,4.1392,2.0235,0.94412,7.463,0
5.1377,4.2336,2.0845,1.0547,7.5444,0
5.3473,4.3391,2.1192,1.1412,7.6381,0
5.5665,4.4532,2.2183,1.2216,7.7436,0
5.7897,4.5754,2.2694,1.2893,7.8516,0
6.0204,4.7043,2.2431,1.3539,7.9831,0
6.2498,4.8397,2.2439,1.4034,8.1123,0
6.4705,4.98,2.2412,1.4378,8.2646,0
6.6932,5.1238,2.2033,1.467,8.4148,0
6.9207,5.2705,2.1532,1.4958,8.5709,0
7.1281,5.4201,2.1721,1.5019,8.7302,0
7.3541,5.5703,2.1952,1.5267,8.9143,0
7.567,5.723,2.2054,1.5352,9.0911,0
7.7969,5.8765,2.2329,1.5588,9.2861,0
8.0158,6.0324,2.2731,1.5701,9.4826,0
8.2394,6.1894,2.2279,1.5842,9.6855,0
8.4677,6.3478,2.1501,1.6014,9.9002,0
8.687,6.5079,2.0587,1.6084,10.107,0
8.8895,6.6688,1.738,1.6037,10.325,0
9.0729,6.8291,1.328,1.587,10.546,0
9.2016,6.9878,0.93794,1.5345,10.764,0
9.2868,7.1413,0.6234,1.4601,10.982,0
9.3587,7.2873,0.29459,1.3863,11.195,0
9.3842,7.4259,0.22691,1.2894,11.387,0
9.4063,7.5548,0.21799,1.2016,11.572,0
9.4263,7.675,0.24582,1.1216,11.744,0
9.4455,7.7872,0.1878,1.0496,11.908,0
9.47,7.8921,0.20045,0.98854,12.073,0
9.4826,7.991,0.278,0.92528,12.22,0
9.5166,8.0835,0.57475,0.88135,12.368,0
9.5742,8.1716,0.98975,0.85613,12.515,0
9.6772,8.2573,1.217,0.86065,12.662,0
9.7926,8.3433,1.5559,0.87201,12.805,0
9.9417,8.4305,1.8045,0.90269,12.952,0.073725
10.121,8.5208,1.7619,0.94892,13.104,0
10.305,8.6157,1.6412,0.99418,13.265,0
10.473,8.7151,1.5869,1.0265,13.434,0
10.64,8.8178,1.4424,1.0556,13.612,0
10.787,8.9233,1.302,1.0713,13.796,0
10.915,9.0304,1.2498,1.0745,13.984,0
11.039,9.1379,1.1807,1.0752,14.167,0
11.153,9.2454,1.2353,1.0701,14.351,0
11.269,9.3524,1.2844,1.0668,14.539,0
11.406,9.4591,1.3242,1.0756,14.724,0
11.533,9.5667,1.4053,1.0779,14.912,0
11.676,9.6745,1.4376,1.0903,15.115,0
11.823,9.7835,1.4516,1.1029,15.316,0
11.968,9.8938,1.3801,1.114,15.519,0
12.112,10.005,1.2928,1.1241,15.727,0
12.249,10.118,1.2287,1.1296,15.942,0
12.364,10.231,1.2001,1.1234,16.162,0
12.494,10.343,1.1756,1.1257,16.384,0
12.615,10.455,1.0777,1.1236,16.608,0
12.722,10.568,0.99422,1.1138,16.823,0
12.821,10.679,0.8243,1.1003,17.036,0
12.901,10.789,0.58471,1.0786,17.256,0
12.96,10.897,0.43265,1.0479,17.474,0
13.005,11.002,0.50482,1.0114,17.675,0
13.046,11.103,0.55056,0.97543,17.865,0
13.11,11.201,0.60341,0.95393,18.052,0
13.179,11.296,0.69816,0.93582,18.239,0
13.241,11.39,0.72794,0.91555,18.425,0
13.316,11.481,0.67107,0.90292,18.6,0
13.391,11.571,0.64548,0.89186,18.787,0
13.447,11.661,0.67878,0.8719,18.97,0
13.513,11.748,0.69379,0.85848,19.155,0
13.573,11.834,0.72899,0.84209,19.325,0
13.645,11.918,0.76412,0.83292,19.501,0
13.717,12.001,0.74464,0.82425,19.669,0
13.787,12.084,0.72625,0.81517,19.83,0
13.86,12.165,0.81753,0.80755,19.995,0
13.932,12.246,0.93586,0.8007,20.169,0
14.023,12.326,1.0511,0.80344,20.339,0
14.119,12.406,1.223,0.80821,20.514,0
14.237,12.487,1.3881,0.82295,20.692,0
14.369,12.569,1.497,0.84392,20.872,0
14.525,12.654,1.5214,0.87394,21.047,0
14.672,12.741,1.5356,0.8985,21.232,0
14.834,12.831,1.6188,0.92838,21.419,0.0048589
14.989,12.924,1.6792,0.95351,21.621,0.20626
15.163,13.019,1.6235,0.98632,21.828,0
15.317,13.118,1.6375,1.0082,22.049,0
15.475,13.219,1.7262,1.0306,22.28,0.29914
15.648,13.322,1.7201,1.0581,22.499,0.24213
15.822,13.427,1.6294,1.085,22.744,0
15.983,13.536,1.7167,1.1048,22.989,0.17933
16.159,13.646,1.7157,1.1297,23.236,0.15127
16.321,13.759,1.629,1.1466,23.483,0
16.48,13.874,1.5864,1.1619,23.741,0
16.644,13.99,1.5689,1.1787,24.011,0
16.81,14.108,1.3997,1.1949,24.276,0
16.947,14.228,1.2014,1.1977,24.557,0
17.076,14.347,0.99411,1.1968,24.83,0
17.173,14.467,0.6584,1.1819,25.095,0
17.235,14.585,-0.092885,1.1523,25.361,0
17.223,14.701,-1.031,1.0928,25.629,1.8056
17.11,14.81,-2.0085,0.99284,25.871,15.507
16.901,14.909,-3.0213,0.85637,26.085,48.967
16.596,14.995,-3.9202,0.68572,26.259,118.59
16.195,15.063,-4.4344,0.4832,26.391,201.13
15.746,15.112,-4.6172,0.26997,26.474,244.19
15.28,15.139,-4.761,0.060013,26.516,284.72
14.811,15.145,-4.7554,-0.043608,26.505,265.36
14.33,15.14,-4.7384,-0.10632,26.445,244.05
13.849,15.13,-4.5896,-0.16911,26.333,204.11
13.397,15.113,-4.44,-0.22855,26.177,176.65
12.96,15.09,-4.1323,-0.28679,25.977,139.69
12.549,15.061,-3.8,-0.34261,25.745,111.9
12.161,15.027,-3.4444,-0.39664,25.48,90.147
11.82,14.987,-3.2082,-0.44597,25.172,79.126
11.499,14.943,-2.9593,-0.49382,24.847,69.268
11.199,14.893,-2.6505,-0.54027,24.498,58.659
10.938,14.839,-2.4898,-0.58321,24.116,54.248
10.693,14.781,-2.3975,-0.62531,23.721,52.198
10.446,14.718,-2.2336,-0.66972,23.309,48.168
10.228,14.651,-2.1404,-0.71181,22.872,46.166
10.015,14.58,-2.1114,-0.7548,22.429,45.886
9.8069,14.505,-1.8072,-0.79961,21.963,38.753
9.6219,14.425,-1.3461,-0.84283,21.482,29.56
9.4892,14.341,-0.85244,-0.87861,20.995,21.651
9.4045,14.253,-0.36815,-0.90679,20.506,15.542
9.3673,14.162,0.042275,-0.92684,20.017,11.412
9.3754,14.069,0.14598,-0.93757,19.539,10.142
9.3821,13.976,0.10851,-0.94786,19.074,9.932
9.4008,13.881,0.3138,-0.95489,18.62,8.1305
9.4409,13.785,0.68775,-0.95568,18.185,5.8717
9.5031,13.69,0.99197,-0.95034,17.761,4.5193
9.5963,13.595,1.3783,-0.9354,17.36,3.5652
9.739,13.501,1.8364,-0.90636,16.977,3.3304
9.9225,13.41,2.0448,-0.86526,16.605,3.4608
10.131,13.324,2.0668,-0.81361,16.269,3.4292
10.341,13.243,2.0828,-0.75701,15.972,3.4206
10.559,13.167,2.0359,-0.69632,15.691,3.2817
10.756,13.097,2.1968,-0.63871,15.434,3.7489
10.973,13.033,2.4298,-0.57306,15.208,4.6349
11.226,12.976,2.557,-0.49447,15.021,5.2783
11.483,12.927,2.7317,-0.41318,14.863,6.2488
11.76,12.885,3.0272,-0.32572,14.736,8.0295
12.07,12.853,2.9763,-0.2283,14.643,8.0079
12.375,12.83,2.821,-0.13342,14.577,7.3623
12.661,12.817,2.8068,-0.045727,14.551,7.5044
12.933,12.812,2.8329,0.039844,14.558,7.8461
13.212,12.816,2.6902,0.13068,14.582,7.1161
13.475,12.829,2.62,0.21343,14.628,6.8111
13.733,12.85,2.5898,0.29212,14.708,6.7385
13.997,12.88,2.378,0.37062,14.812,5.5669
14.225,12.917,2.0996,0.43487,14.929,4.044
14.428,12.96,2.0432,0.48925,15.063,3.7711
14.64,13.009,2.097,0.54451,15.208,4.1085
14.842,13.064,2.0754,0.5957,15.376,4.0206
15.053,13.123,2.226,0.64872,15.569,4.9413
15.272,13.188,2.4559,0.70279,15.775,6.4383
15.51,13.258,2.4983,0.76165,15.989,6.7903
15.768,13.334,2.4137,0.8262,16.228,6.3051
16.015,13.417,2.367,0.88547,16.485,6.0559
16.245,13.506,2.0138,0.93627,16.745,3.8548
16.448,13.599,1.4944,0.97674,17.026,0.95997
16.595,13.697,0.98155,0.99694,17.317,0
16.688,13.797,0.52627,0.99748,17.615,0
16.743,13.896,0.084811,0.98481,17.906,0
16.761,13.995,-0.048571,0.95898,18.187,0
16.764,14.091,-0.048462,0.92852,18.464,0
16.755,14.184,-0.012211,0.89433,18.72,0
16.762,14.273,-0.014119,0.86715,18.977,0
16.753,14.36,-0.025069,0.83451,19.218,0
16.746,14.443,-0.09629,0.80418,19.461,0
16.739,14.524,-0.087983,0.7747,19.692,0
16.732,14.601,-0.003235,0.74589,19.912,0
16.724,14.676,0.48131,0.71723,20.114,0
16.764,14.747,0.86379,0.70678,20.319,0
16.858,14.818,1.2623,0.71581,20.522,0
16.982,14.89,1.6424,0.73451,20.719,1.5273
17.143,14.963,1.9046,0.76599,20.934,2.8774
17.333,15.04,1.865,0.80643,21.16,2.668
17.51,15.12,1.8162,0.84124,21.397,2.4075
17.688,15.204,1.7825,0.87493,21.641,2.2292
17.858,15.292,1.7227,0.90463,21.891,1.913
18.027,15.382,1.6831,0.93257,22.142,1.7074
18.189,15.476,1.6385,0.95713,22.402,1.4758
18.347,15.571,1.7195,0.97989,22.679,1.902
18.522,15.669,1.7985,1.0072,22.952,2.3419
18.711,15.77,1.8298,1.0385,23.236,2.5295
18.895,15.874,1.9065,1.0674,23.539,2.9834
19.084,15.981,1.9254,1.0966,23.84,3.1132
19.28,16.09,1.8657,1.1275,24.159,2.7747
19.457,16.203,1.7434,1.1506,24.486,2.0762
19.628,16.318,1.576,1.1704,24.816,1.1583
19.785,16.435,1.4026,1.1845,25.146,0.26403
19.92,16.554,1.1706,1.1899,25.474,0
20.042,16.673,0.96211,1.1908,25.813,0
20.144,16.792,0.80076,1.1845,26.153,0
20.224,16.91,0.71247,1.1703,26.493,0
20.297,17.027,0.72187,1.1546,26.827,0
20.379,17.143,0.72906,1.1416,27.146,0
20.442,17.257,0.75919,1.1231,27.467,0
20.527,17.369,0.74874,1.1127,27.781,0
20.606,17.48,0.68097,1.1003,28.091,0
20.672,17.59,0.49693,1.0846,28.411,0
20.72,17.699,0.38784,1.0624,28.713,0
20.763,17.805,0.28536,1.039,29.006,0
20.797,17.909,0.19297,1.0139,29.305,0
20.82,18.01,0.17848,0.98528,29.58,0
20.845,18.109,0.17188,0.95905,29.864,0
20.87,18.205,0.010779,0.93317,30.131,0
20.866,18.298,-0.09975,0.89818,30.392,0
20.852,18.388,-0.14532,0.86143,30.649,0
20.832,18.474,-0.28646,0.82347,30.888,0
20.81,18.556,-0.34098,0.7864,31.112,0
20.78,18.635,-0.28849,0.74781,31.323,0
20.749,18.71,-0.34625,0.7099,31.523,0
20.712,18.781,-0.41951,0.67225,31.727,0
20.672,18.848,-0.48283,0.6345,31.92,0
20.626,18.912,-0.67933,0.59588,32.09,0
20.558,18.971,-0.98133,0.55123,32.258,1.8
20.454,19.026,-1.3578,0.49537,32.4,5.5702
20.317,19.076,-1.8957,0.43054,32.534,13.847
20.128,19.119,-2.3965,0.34954,32.638,26.079
19.893,19.154,-2.8301,0.25608,32.733,41.819
19.616,19.179,-3.1241,0.15101,32.793,56.47
19.301,19.194,-3.2948,0.036664,32.817,67.074
18.969,19.198,-3.1337,-0.027203,32.814,59.462
18.65,19.195,-2.8646,-0.06485,32.779,48.781
18.362,19.189,-2.5659,-0.098731,32.71,39.405
18.106,19.179,-2.1829,-0.12871,32.608,29.735
17.882,19.166,-1.7531,-0.15479,32.488,21.41
17.699,19.151,-1.4616,-0.176,32.351,17.186
17.552,19.133,-1.2109,-0.19302,32.207,14.134
17.424,19.114,-0.97351,-0.20766,32.051,11.647
17.325,19.093,-0.89062,-0.21886,31.887,11.034
17.241,19.071,-0.84811,-0.22831,31.712,10.816
17.164,19.048,-0.89286,-0.23712,31.528,11.515
17.082,19.025,-0.94694,-0.24661,31.328,12.354
