0,0,0.91919,0,35.5,0
0.08305,0,0.90302,7.8,35.505,56.758
0.17749,0.78,0.9062,7.8,35.488,61.196
0.27366,1.56,0.90208,7.8,35.388,65.792
0.37135,2.34,0.89955,7.8,35.232,70.393
0.4697,3.12,0.89909,7.8,35.006,74.99
0.55969,3.9,0.89911,7.8,34.716,79.67
0.64813,4.68,0.89855,7.8,34.338,84.404
0.74053,5.46,0.93478,7.8,33.899,88.428
0.82515,6.24,1.0054,6.7,33.383,78.779
0.9335,6.91,1.0795,6.7,32.81,81.199
1.0479,7.58,1.1471,6.7,32.187,83.702
1.1648,8.25,1.2194,6.7,31.503,86.1
1.2838,8.92,1.2719,-0.44102,30.759,17.406
1.4165,8.8759,1.3713,-0.44668,29.994,15.86
1.5543,8.8312,1.5729,-0.4515,29.259,13.721
1.7171,8.7861,1.9029,-0.45445,28.54,11.076
1.9052,8.7406,2.3199,-0.45507,27.847,8.5771
2.1289,8.6951,2.755,-0.45271,27.17,6.7205
2.4027,8.6499,3.0954,-0.44529,26.537,5.6637
2.7173,8.6053,3.3022,-0.43369,25.926,5.1304
3.0519,8.562,3.3596,-0.41882,25.353,4.8258
3.3806,8.5201,3.3324,-0.4025,24.818,4.5874
3.7199,8.4798,3.2749,-0.38338,24.324,4.3723
4.0536,8.4415,3.2289,-0.3629,23.866,4.2217
4.3822,8.4052,3.2305,-0.34082,23.454,4.2106
4.7085,8.3711,3.2376,-0.31748,23.069,4.2982
5.0269,8.3394,3.1957,-0.2932,22.723,4.3384
5.3395,8.31,3.1459,-0.26788,22.415,4.4002
5.6558,8.2833,3.1034,-0.24109,22.134,4.5317
5.9632,8.2592,3.0168,-0.21383,21.894,4.5445
6.266,8.2378,2.9263,-0.18613,21.679,4.5589
6.5546,8.2192,2.8786,-0.15901,21.491,4.7455
6.8467,8.2033,2.8275,-0.13079,21.344,4.9582
7.1314,8.1902,2.7554,-0.10283,21.227,5.0994
7.4058,8.1799,2.6938,-0.075562,21.145,5.297
7.6793,8.1723,2.6608,-0.048327,21.079,5.6657
7.9445,8.1675,2.6664,-0.021893,21.05,6.2716
8.2053,8.1653,2.681,0.038831,21.038,6.6708
8.471,8.1692,2.7283,0.29296,21.065,5.5787
8.7352,8.1985,2.7677,0.51873,21.104,4.6562
9.0032,8.2504,2.802,0.72211,21.175,3.8728
9.2749,8.3226,2.7672,0.90334,21.257,2.9234
9.5507,8.4129,2.7094,1.0644,21.357,2.0332
9.8233,8.5194,2.6314,1.201,21.486,1.2285
10.094,8.6394,2.5656,1.316,21.623,0.60904
10.349,8.771,2.4686,1.4001,21.765,0.032016
10.594,8.9111,2.3868,1.4639,21.927,0
10.842,9.0574,2.3375,1.5215,22.105,0
11.07,9.2096,2.2793,1.5546,22.287,0
11.289,9.3651,2.2299,1.5757,22.485,0
11.514,9.5226,2.2451,1.5983,22.683,0
11.734,9.6824,2.2553,1.6145,22.892,0
11.959,9.8439,2.1133,1.6329,23.109,0
12.18,10.007,1.7591,1.6457,23.324,0
12.36,10.172,1.3326,1.6267,23.55,0
12.491,10.334,0.86803,1.5741,23.769,0
12.574,10.492,0.45502,1.4935,23.979,0
12.628,10.641,0.20522,1.4018,24.176,0
12.657,10.781,0.14477,1.3045,24.374,0
12.672,10.912,0.12585,1.2077,24.556,0
12.685,11.033,0.11353,1.1195,24.722,0
12.705,11.145,0.1149,1.0458,24.878,0
12.726,11.249,0.064371,0.97955,25.03,0
12.737,11.347,0.088567,0.91301,25.166,0
12.753,11.438,0.15798,0.85628,25.295,0
12.777,11.524,0.21185,0.80902,25.415,0
12.8,11.605,0.23784,0.76609,25.542,0
12.828,11.682,0.19376,0.72969,25.66,0
12.854,11.754,0.041879,0.69526,25.768,0
12.857,11.824,-0.16256,0.64947,25.873,0
12.841,11.889,-0.3905,0.59472,25.965,0.82861
12.8,11.948,-0.689,0.52912,26.058,2.5991
12.722,12.001,-0.98243,0.44628,26.145,4.9325
12.626,12.046,-1.1955,0.35722,26.208,7.0454
12.499,12.082,-1.3577,0.25658,26.25,8.9124
12.36,12.107,-1.5193,0.15455,26.276,11.03
12.216,12.123,-1.5979,0.057221,26.283,12.137
12.047,12.129,-1.5925,-0.0084967,26.276,12.443
11.893,12.128,-1.6208,-0.024536,26.269,13.667
11.732,12.125,-1.6219,-0.041142,26.229,14.505
11.576,12.121,-1.5984,-0.057147,26.186,14.918
11.407,12.115,-1.6269,-0.074643,26.115,16.242
11.235,12.108,-1.5815,-0.092259,26.042,16.351
11.083,12.099,-1.4653,-0.10794,25.956,15.247
10.938,12.088,-1.4656,-0.12281,25.854,15.927
10.793,12.076,-1.4292,-0.13779,25.74,16.031
10.644,12.062,-1.3482,-0.1534,25.613,15.486
10.514,12.046,-1.3336,-0.16732,25.458,15.83
10.381,12.03,-1.4384,-0.18156,25.297,18.003
10.246,12.012,-1.4673,-0.19636,25.127,19.059
10.095,11.992,-1.4946,-0.21322,24.94,20.177
9.9403,11.971,-1.6782,-0.23065,24.747,24.179
9.7789,11.948,-2.0173,-0.24918,24.546,32.227
9.5685,11.923,-2.1915,-0.27416,24.313,37.696
9.3568,11.895,-2.1625,-0.29968,24.077,37.982
9.1346,11.865,-1.99,-0.32735,23.815,34.706
8.9378,11.833,-1.5287,-0.3526,23.543,25.798
8.7804,11.797,-0.77839,-0.3738,23.256,15.074
8.699,11.76,-0.060193,-0.38609,22.958,8.3929
8.6917,11.721,0.44102,-0.38908,22.66,5.277
8.7452,11.682,0.75889,-0.38434,22.355,3.7756
8.8292,11.644,0.95296,-0.37495,22.067,2.9837
8.9295,11.606,1.0676,-0.36306,21.782,2.51
9.0426,11.57,1.1526,-0.34827,21.53,2.1589
9.1643,11.535,1.2207,-0.33164,21.293,1.8851
9.2868,11.502,1.2979,-0.31461,21.058,1.6702
9.4123,11.471,1.4019,-0.2963,20.849,1.5288
9.5486,11.441,1.505,-0.27597,20.651,1.4732
9.6946,11.413,1.5703,-0.25367,20.469,1.4573
9.8457,11.388,1.6602,-0.23003,20.31,1.5415
10.007,11.365,1.7436,-0.20455,20.163,1.6921
10.185,11.345,1.7581,-0.17602,20.047,1.7432
10.358,11.327,1.7115,-0.1481,19.94,1.6585
10.52,11.312,1.6818,-0.12174,19.854,1.6207
10.69,11.3,1.6654,-0.094177,19.784,1.6313
10.866,11.291,1.6454,-0.065868,19.723,1.6453
11.033,11.284,1.5892,-0.039084,19.684,1.547
11.189,11.28,1.3987,-0.014202,19.67,1.0237
11.324,11.279,1.1388,0.024221,19.673,0.29955
11.442,11.281,0.85647,0.085847,19.691,0
11.523,11.29,0.57731,0.12452,19.705,0
11.583,11.302,0.35277,0.14959,19.731,0
11.61,11.317,0.25572,0.15588,19.768,0
11.645,11.333,0.22002,0.16607,19.797,0
11.662,11.349,0.23931,0.16604,19.837,0
11.689,11.366,0.23391,0.17133,19.867,0
11.711,11.383,0.18497,0.17371,19.895,0
11.723,11.4,0.11107,0.171,19.923,0
11.744,11.418,0.0091747,0.1727,19.96,0
11.746,11.435,-0.14241,0.16413,19.985,0.06892
11.734,11.451,-0.30173,0.14918,20.013,0.62689
11.706,11.466,-0.43823,0.12613,20.034,1.2381
11.664,11.479,-0.52921,0.09764,20.051,1.7298
11.614,11.489,-0.60881,0.06606,20.061,2.214
11.559,11.495,-0.66385,0.033688,20.061,2.5898
11.488,11.499,-0.66726,-0.0016325,20.065,2.6936
11.419,11.498,-0.64638,-0.012151,20.056,2.7634
11.363,11.497,-0.58797,-0.020666,20.036,2.5726
11.303,11.495,-0.47854,-0.029651,20.013,2.1307
11.261,11.492,-0.36807,-0.035793,19.99,1.6953
11.233,11.489,-0.24392,-0.039618,19.966,1.2327
11.21,11.485,-0.10834,-0.042597,19.936,0.80109
11.193,11.48,-0.0054873,-0.044609,19.917,0.53154
11.19,11.476,0.055026,-0.044518,19.879,0.38053
11.205,11.471,0.09247,-0.041544,19.851,0.26406
11.211,11.467,0.071974,-0.040075,19.816,0.28994
11.212,11.463,0.010059,-0.039411,19.792,0.42473
11.205,11.459,-0.072431,-0.039947,19.768,0.65125
11.196,11.455,-0.20151,-0.04081,19.739,1.0805
11.184,11.451,-0.34057,-0.042069,19.722,1.6562
11.152,11.447,-0.4599,-0.046482,19.7,2.3008
11.105,11.442,-0.5337,-0.053223,19.674,2.8202
11.043,11.437,-0.60368,-0.062398,19.645,3.4069
10.972,11.431,-0.6242,-0.072712,19.61,3.7279
10.915,11.424,-0.62576,-0.080963,19.554,3.8856
10.86,11.415,-0.60967,-0.088805,19.493,3.916
10.793,11.407,-0.60807,-0.098701,19.428,4.0791
10.739,11.397,-0.6174,-0.10634,19.355,4.2719
10.677,11.386,-0.6048,-0.11505,19.288,4.3348
10.619,11.375,-0.59176,-0.12325,19.221,4.3838
10.556,11.362,-0.54135,-0.1324,19.136,4.1928
10.501,11.349,-0.5212,-0.14011,19.045,4.1771
10.445,11.335,-0.48403,-0.14795,18.959,4.055
10.393,11.32,-0.45609,-0.15508,18.869,3.9798
10.357,11.305,-0.38645,-0.15965,18.773,3.6152
10.312,11.289,-0.34789,-0.16572,18.68,3.4703
10.276,11.272,-0.29076,-0.17008,18.587,3.2056
10.239,11.255,-0.22487,-0.17473,18.488,2.9164
10.207,11.238,-0.17354,-0.17863,18.377,2.7007
10.187,11.22,-0.17043,-0.1805,18.265,2.6849
10.167,11.202,-0.17724,-0.18213,18.169,2.7157
10.158,11.184,-0.17673,-0.18178,18.072,2.6856
10.144,11.165,-0.18419,-0.18242,17.97,2.7042
10.133,11.147,-0.17594,-0.18257,17.872,2.6449
10.119,11.129,-0.17289,-0.18293,17.777,2.6131
10.101,11.111,-0.16072,-0.18461,17.666,2.5532
10.084,11.092,-0.16481,-0.18566,17.564,2.5604
10.065,11.074,-0.15635,-0.18729,17.463,2.5189
10.041,11.055,-0.16871,-0.18969,17.357,2.5779
10.029,11.036,-0.16815,-0.19004,17.253,2.5545
10.02,11.017,-0.17681,-0.18948,17.158,2.5639
10.002,10.998,-0.18324,-0.19074,17.057,2.5836
9.9771,10.979,-0.19899,-0.19332,16.961,2.663
9.9601,10.959,-0.1857,-0.19448,16.856,2.5898
9.9397,10.94,-0.19742,-0.19613,16.76,2.639
9.9143,10.92,-0.20874,-0.19871,16.667,2.6984
9.8969,10.901,-0.20267,-0.19963,16.575,2.6583
9.8848,10.881,-0.18226,-0.19972,16.473,2.5407
9.8676,10.861,-0.20778,-0.20086,16.369,2.6431
9.8534,10.841,-0.23398,-0.20106,16.279,2.7456
9.8348,10.82,-0.30662,-0.20228,16.185,3.0949
9.8086,10.8,-0.38981,-0.20536,16.077,3.5511
9.7715,10.78,-0.5026,-0.21059,15.973,4.2652
9.7299,10.759,-0.57715,-0.21675,15.87,4.807
9.6692,10.737,-0.64698,-0.22714,15.757,5.4049
9.5971,10.714,-0.66107,-0.24,15.642,5.6364
9.5234,10.69,-0.67713,-0.25284,15.538,5.8876
9.4586,10.665,-0.67767,-0.26409,15.418,5.9869
9.397,10.638,-0.69899,-0.27437,15.305,6.239
9.336,10.611,-0.7018,-0.28496,15.176,6.3364
9.2734,10.583,-0.6851,-0.29615,15.038,6.2749
9.2086,10.553,-0.6825,-0.30746,14.911,6.3304
9.132,10.522,-0.68243,-0.32176,14.775,6.4324
9.0562,10.49,-0.69442,-0.33605,14.634,6.6227
8.9876,10.456,-0.66846,-0.34851,14.495,6.4814
8.9133,10.422,-0.68755,-0.3627,14.347,6.711
8.8469,10.385,-0.67115,-0.37531,14.189,6.6236
8.7864,10.348,-0.68217,-0.38632,14.036,6.7376
8.7094,10.309,-0.65492,-0.40115,13.888,6.5848
8.6361,10.269,-0.66257,-0.41591,13.722,6.6897
8.5641,10.227,-0.67389,-0.42999,13.563,6.8172
8.4967,10.184,-0.67575,-0.44341,13.394,6.8468
8.4351,10.14,-0.68899,-0.45539,13.223,6.9473
8.3751,10.095,-0.68992,-0.4665,13.06,6.941
8.3017,10.048,-0.69658,-0.48148,12.893,7.0095
8.2378,9.9997,-0.67489,-0.494,12.723,6.8161
8.1789,9.9503,-0.67296,-0.50564,12.545,6.7621
8.1176,9.8998,-0.65862,-0.51739,12.376,6.6151
8.0564,9.848,-0.65551,-0.53033,12.189,6.5442
8.0009,9.795,-0.6568,-0.54166,12.002,6.4887
7.9332,9.7408,-0.66519,-0.55661,11.816,6.5114
7.8676,9.6852,-0.68144,-0.57015,11.64,6.5894
7.7899,9.6282,-0.68057,-0.5878,11.461,6.5524
7.7137,9.5694,-0.66402,-0.60467,11.286,6.3867
7.6511,9.5089,-0.52013,-0.61764,11.103,5.2935
7.6085,9.4472,-0.3182,-0.62451,10.913,3.9999
7.5694,9.3847,-0.11901,-0.63,10.725,2.9892
7.5495,9.3217,0.075308,-0.62754,10.548,2.218
7.553,9.259,0.26576,-0.61591,10.379,1.6502
7.5788,9.1974,0.3372,-0.59496,10.222,1.4061
7.6082,9.1379,0.35053,-0.57212,10.072,1.2687
7.6374,9.0807,0.35936,-0.5491,9.9275,1.1461
7.6797,9.0257,0.38053,-0.52159,9.7787,1.0028
7.7215,8.9736,0.38753,-0.49226,9.6569,0.88539
7.7639,8.9244,0.42328,-0.46367,9.5285,0.75268
7.7991,8.878,0.47593,-5.2,9.4153,157.79
7.8506,8.358,0.5642,-0.19515,9.3411,0.041596
7.9101,8.3385,0.65828,-0.16598,9.285,0
7.9827,8.3219,0.75352,-0.13204,9.2471,0
8.0534,8.3087,0.84481,-0.099851,9.2108,0.016638
8.1333,8.2987,0.9576,-0.06489,9.1857,0.11173
8.2273,8.2922,1.0544,-0.025449,9.1834,0.21528
8.3258,8.2897,1.149,0.016377,9.1908,0.3437
8.4356,8.2913,1.251,0.06534,9.1944,0.50428
8.5694,8.2978,1.351,0.12304,9.2146,0.67467
8.7038,8.3101,1.4232,0.1785,9.25,0.79055
8.8463,8.328,1.4664,0.23507,9.2884,0.82286
8.9941,8.3515,1.4993,0.2919,9.3534,0.82497
9.1392,8.3807,1.4926,0.34492,9.4272,0.69993
9.2845,8.4152,1.4712,0.39575,9.5122,0.52927
9.4392,8.4547,1.446,0.44821,9.5967,0.34406
9.5773,8.4996,1.4288,0.49123,9.705,0.20317
9.7285,8.5487,1.4034,0.53803,9.8159,0.029175
9.8619,8.6025,1.3934,0.57508,9.9467,0
10.003,8.66,1.3949,0.61358,10.077,0
10.136,8.7214,1.3854,0.6466,10.217,0
10.272,8.786,1.373,0.67977,10.369,0
10.408,8.854,1.3678,0.7113,10.527,0
10.547,8.9251,1.3507,0.74243,10.685,0
10.68,8.9994,1.3248,0.76959,10.86,0
10.822,9.0763,1.327,0.79872,11.022,0
10.952,9.1562,1.3561,0.82049,11.19,0
11.097,9.2382,1.3636,0.84843,11.368,0
11.229,9.3231,1.3512,0.86957,11.557,0
11.361,9.41,1.3285,0.88958,11.754,0
11.498,9.499,1.3033,0.9114,11.96,0
11.632,9.5901,1.2693,0.92965,12.158,0
11.75,9.6831,1.2486,0.94043,12.37,0
11.884,9.7772,1.2417,0.95785,12.585,0
12.01,9.8729,1.2451,0.9706,12.806,0
12.125,9.97,1.2319,0.97732,13.019,0
12.244,10.068,1.2196,0.98481,13.228,0
12.372,10.166,1.2216,0.99666,13.449,0
12.488,10.266,1.2384,1.0024,13.671,0
12.61,10.366,1.2378,1.0104,13.898,0
12.733,10.467,1.2142,1.0182,14.121,0
12.845,10.569,1.2304,1.0209,14.347,0
12.971,10.671,1.2536,1.0301,14.581,0
13.103,10.774,1.2666,1.041,14.818,0
13.238,10.878,1.2739,1.0534,15.06,0
13.371,10.984,1.2622,1.0631,15.296,0
13.503,11.09,1.1974,1.0726,15.545,0
13.619,11.197,1.1855,1.0743,15.789,0
13.728,11.305,1.2398,1.0722,16.026,0
13.849,11.412,1.2325,1.076,16.273,0
13.967,11.519,1.1784,1.0778,16.515,0
14.089,11.627,1.0898,1.0817,16.765,0
14.201,11.735,1.0102,1.0805,17.009,0
14.297,11.843,0.96785,1.0726,17.259,0
14.39,11.951,1.0048,1.0637,17.504,0
14.494,12.057,1.0887,1.0599,17.746,0
14.601,12.163,1.1594,1.0579,17.988,0
14.708,12.269,1.145,1.0559,18.232,0
14.831,12.374,1.0582,1.0608,18.477,0
14.934,12.48,1.0006,1.057,18.732,0
15.038,12.586,0.99147,1.0537,18.98,0
15.144,12.691,1.0205,1.0512,19.218,0
15.236,12.797,1.0641,1.0432,19.467,0
15.351,12.901,1.0823,1.045,19.704,0
15.456,13.005,1.065,1.0428,19.956,0
15.563,13.11,1.0461,1.0412,20.195,0
15.665,13.214,1.0415,1.0374,20.433,0
15.77,13.318,1.0428,1.0353,20.68,0
15.866,13.421,1.0459,1.0293,20.918,0
15.973,13.524,1.0411,1.0282,21.153,0
16.075,13.627,1.0417,1.025,21.389,0
16.179,13.729,1.0419,1.0231,21.63,0
16.284,13.832,1.0461,1.0212,21.867,0
16.385,13.934,1.0462,1.0188,22.118,0
16.497,14.036,1.0618,1.0203,22.363,0
16.593,14.138,0.94591,1.0157,22.612,0
16.687,14.239,0.79517,1.0096,22.847,0
16.767,14.34,0.57641,0.99891,23.096,0
16.821,14.44,-0.063131,0.97794,23.343,0
16.814,14.538,-1.1032,0.9322,23.567,2.379
16.694,14.631,-2.265,0.84324,23.794,21.184
16.472,14.715,-3.5582,0.71633,23.992,82.989
16.122,14.787,-4.854,0.54318,24.156,341.25
15.641,14.841,-5.7192,0.32455,24.26,2267.1
15.064,14.874,-6.15,0.077239,24.32,0
14.44,14.882,-6.3769,-0.065283,24.314,0
13.808,14.875,-6.37,-0.15867,24.234,6438.7
13.175,14.859,-6.2633,-0.25232,24.104,1498.8
12.558,14.834,-5.9266,-0.34502,23.91,654.57
11.957,14.799,-5.5135,-0.4374,23.657,386.54
11.402,14.756,-5.0084,-0.52536,23.356,250.67
10.899,14.703,-4.5125,-0.60941,22.988,178.67
10.439,14.642,-3.9749,-0.68955,22.598,129.87
10.043,14.573,-3.5479,-0.76352,22.162,102.86
9.6882,14.497,-3.0939,-0.8342,21.703,80.937
9.3809,14.414,-2.5126,-0.90069,21.217,59.429
9.1283,14.323,-1.8736,-0.96161,20.703,41.858
8.931,14.227,-1.2418,-1.015,20.182,29.01
8.8054,14.126,-0.6635,-1.0564,19.661,20.134
8.7399,14.02,-0.19864,-1.088,19.13,14.544
8.7158,13.911,0.09571,-1.1115,18.605,11.483
8.7215,13.8,0.26575,-1.129,18.083,9.7015
8.751,13.687,0.362,-1.1382,17.591,8.529
8.7856,13.573,0.38069,-1.1468,17.096,7.8562
8.8184,13.459,0.36281,-1.1533,16.625,7.4133
8.852,13.343,0.34113,-1.1584,16.165,7.0007
8.8919,13.228,0.31403,-1.1607,15.714,6.613
8.9286,13.112,0.29355,-1.1605,15.29,6.2213
8.9573,12.996,0.29224,-1.1614,14.873,5.7742
8.9904,12.879,0.27536,-1.1575,14.481,5.4129
9.0085,12.764,0.26876,-1.1558,14.106,5.0563
9.0453,12.648,0.28406,-1.1483,13.729,4.602
9.0723,12.533,0.30075,-1.1405,13.374,4.1982
9.0945,12.419,0.29974,-1.132,13.034,3.8861
9.1269,12.306,0.30315,-1.1173,12.709,3.5697
9.1666,12.194,0.28431,-1.0985,12.392,3.3206
9.2007,12.084,0.25093,-1.0775,12.101,3.1341
9.2274,11.977,0.23077,-1.0574,11.821,2.9356
9.2594,11.871,0.21658,-1.0341,11.547,2.7268
9.2769,11.767,0.20534,-1.0139,11.29,2.5436
9.2914,11.666,0.19328,-0.9929,11.046,2.3775
9.3054,11.567,0.20739,-0.97102,10.809,2.1732
9.3205,11.47,0.2243,-5.2,10.595,293.89
9.3415,10.95,0.22791,-5.2,10.415,508.51
9.3617,10.43,0.23839,-0.44588,10.274,0.81511
9.3767,10.385,0.2657,-5.2,10.166,747.8
9.3951,9.8651,0.27187,-0.19029,10.092,0.12195
9.4254,9.8461,0.2548,-0.17099,10.057,0.084447
9.4433,9.829,0.26637,-0.15749,10.017,0.033135
9.4717,9.8132,0.299,-0.14027,9.9711,0
9.5096,9.7992,0.33814,-0.11932,9.9418,0
9.5387,9.7873,0.39305,-0.10272,9.9174,0
9.5877,9.777,0.47158,-0.07835,9.9007,0
9.6263,9.7692,0.5465,-5.2,9.8748,688.37
9.6783,9.2492,0.60912,0.17275,9.8909,0
9.731,9.2664,0.65858,0.1872,9.9366,0
9.7888,9.2851,0.68924,0.2033,9.995,0
9.865,9.3055,0.67852,0.22594,10.039,0
9.9308,9.3281,0.65222,0.24375,10.102,0
10,9.3524,0.60457,0.26239,10.171,0
10.054,9.3787,0.53639,0.27359,10.229,0
10.109,9.406,0.49084,0.28529,10.299,0
10.152,9.4346,0.4797,0.29125,10.37,0
10.193,9.4637,0.47668,0.29629,10.441,0
10.231,9.4933,0.44015,0.29984,10.506,0
10.266,9.5233,0.41343,0.30231,10.579,0
10.313,9.5535,0.39245,0.3095,10.656,0
10.356,9.5845,0.38116,0.31514,10.742,0
10.395,9.616,0.36154,0.31833,10.817,0
10.43,9.6478,0.37739,0.31982,10.901,0
10.469,9.6798,0.38832,0.32311,10.98,0
10.517,9.7121,0.37337,0.33005,11.063,0
10.55,9.7451,0.34397,0.33026,11.154,0
10.582,9.7782,0.332,0.33032,11.229,0
10.616,9.8112,0.3488,0.33095,11.317,0
10.657,9.8443,0.36295,0.3344,11.402,0
10.684,9.8777,0.38677,0.33216,11.478,0
10.732,9.9109,0.38742,0.33847,11.564,0
10.767,9.9448,0.36893,0.33939,11.655,0
10.804,9.9787,0.35145,0.3405,11.731,0
10.83,10.013,0.34919,0.33748,11.808,0
10.863,10.047,0.33319,0.33753,11.898,0
10.898,10.08,0.32775,0.3382,11.977,0
10.924,10.114,0.33921,0.33468,12.05,0
10.954,10.148,0.3306,0.33341,12.126,0
10.986,10.181,0.321,0.33295,12.213,0
11.012,10.214,0.32708,0.33041,12.299,0
11.044,10.247,0.32994,0.33002,12.379,0
11.068,10.28,0.32091,0.32645,12.458,0
11.101,10.313,0.31798,0.32687,12.543,0
11.129,10.346,0.32236,0.32482,12.623,0
11.169,10.378,0.30646,0.32787,12.697,0
11.193,10.411,0.29957,0.3244,12.768,0
11.223,10.443,0.30707,0.3234,12.852,0
11.249,10.476,0.32593,0.32065,12.924,0
11.281,10.508,0.30493,0.3209,13.003,0
11.312,10.54,0.3143,0.32031,13.076,0
11.346,10.572,0.32938,0.32122,13.158,0
11.385,10.604,0.33207,0.32425,13.233,0
11.42,10.636,0.29333,0.32529,13.311,0
11.453,10.669,0.28364,0.32535,13.387,0
11.488,10.701,0.27327,0.32666,13.474,0
11.515,10.734,0.2699,0.3246,13.557,0
11.539,10.767,0.26737,0.32096,13.64,0
11.563,10.799,0.29967,0.31745,13.707,0
11.591,10.83,0.32347,0.31599,13.783,0
11.627,10.862,0.32433,0.31772,13.854,0
11.651,10.894,0.32366,0.31468,13.932,0
11.675,10.925,0.33984,0.3115,14.01,0
11.719,10.956,0.33069,0.31658,14.076,0
11.742,10.988,0.33091,0.31312,14.153,0
11.769,11.019,0.28578,0.31133,14.227,0
11.806,11.05,0.019389,0.3138,14.306,0
11.808,11.082,-0.40004,0.30164,14.384,0.31523
11.766,11.112,-0.82602,0.27141,14.455,2.7566
11.683,11.139,-1.2922,0.22602,14.52,7.1601
11.563,11.162,-1.6999,0.16666,14.565,12.978
11.388,11.178,-1.9052,0.086831,14.603,16.979
11.192,11.187,-1.9814,0.0021644,14.614,18.891
10.998,11.187,-2.0068,-0.04763,14.611,20.18
10.807,11.183,-1.9867,-0.094761,14.583,20.491
10.602,11.173,-1.9223,-0.14488,14.543,19.926
10.41,11.159,-1.8146,-0.19092,14.479,18.493
10.228,11.14,-1.6202,-0.23414,14.401,15.669
10.07,11.116,-1.3747,-0.27084,14.31,12.444
9.9392,11.089,-1.0944,-0.30048,14.207,9.3186
9.8329,11.059,-0.81136,-0.32383,14.09,6.7523
9.7428,11.027,-0.56789,-0.34333,13.958,4.9915
9.6775,10.992,-0.42115,-0.35581,13.829,4.1022
9.6333,10.957,-0.26569,-0.36238,13.702,3.2565
9.6023,10.92,-0.35893,-0.36583,13.562,3.7077
