19.167,19.167,0.69818,0,35.5,0
19.228,19.167,0.62258,0.022731,35.501,0
19.286,19.169,0.75538,0.043608,35.515,0
19.353,19.173,0.75272,0.066922,35.531,0
19.422,19.18,0.71855,0.089919,35.545,0
19.489,19.189,0.72046,0.11169,35.57,0
19.558,19.2,0.73026,0.13303,35.598,0
19.641,19.213,0.70869,0.15881,35.628,0
19.704,19.229,0.68674,0.17642,35.681,0
19.765,19.247,0.70876,0.19242,35.733,0
19.83,19.266,0.65676,0.20929,35.793,0
19.897,19.287,0.5549,0.2265,35.849,0
19.955,19.31,0.49945,0.23936,35.909,0
20.003,19.334,0.5271,0.24812,35.969,0
20.053,19.359,0.54285,0.25722,36.042,0
20.109,19.384,0.53099,0.26837,36.107,0
20.159,19.411,0.52478,0.27676,36.179,0
20.203,19.439,0.5354,0.28276,36.252,0
20.261,19.467,0.5477,0.29354,36.324,0
20.318,19.496,0.5584,0.30336,36.395,0
20.372,19.527,0.57123,0.31202,36.479,0
20.423,19.558,0.59218,0.31908,36.556,0
20.473,19.59,0.57033,0.32574,36.644,0
20.53,19.622,0.51405,0.33448,36.734,0
20.585,19.656,0.47445,0.34201,36.817,0
20.624,19.69,0.48408,0.34347,36.902,0
20.666,19.724,0.51841,0.34606,37.002,0
20.711,19.759,0.50122,0.34982,37.091,0
20.757,19.794,0.47055,0.35376,37.188,0
20.804,19.829,0.47574,0.35782,37.287,0
20.858,19.865,0.43871,0.36397,37.376,0
20.895,19.902,0.37403,0.3639,37.473,0
20.936,19.938,0.38122,0.36549,37.57,0
20.984,19.975,0.3329,0.36939,37.669,0
21.01,20.011,0.21709,0.36491,37.763,0
21.026,20.048,0.15704,0.35719,37.862,0
21.036,20.084,0.080365,0.3475,37.966,0
21.045,20.118,-0.062738,0.3381,38.058,0
21.042,20.152,-0.15375,0.32417,38.139,0
21.016,20.185,-0.19141,0.30289,38.219,0
20.996,20.215,-0.23523,0.28439,38.307,0
20.975,20.243,-0.2698,0.26612,38.39,0
20.949,20.27,-0.21016,0.24682,38.46,0
20.931,20.295,-0.071073,0.23108,38.522,0
20.921,20.318,-0.0031048,0.2192,38.587,0
20.915,20.34,-0.17748,0.20884,38.64,0
20.898,20.361,-0.40767,0.19483,38.691,0.4834
20.862,20.38,-0.54487,0.17474,38.737,1.1836
20.803,20.398,-0.62919,0.14688,38.785,1.7524
20.734,20.412,-0.66793,0.11669,38.822,2.1148
20.676,20.424,-0.55976,0.091231,38.842,1.6317
20.613,20.433,-0.43817,0.065109,38.871,1.1605
20.568,20.44,-0.49413,0.04665,38.879,1.5011
20.512,20.444,-0.65951,0.024504,38.884,2.4994
20.453,20.447,-0.70592,0.0022415,38.88,2.8939
20.39,20.447,-0.57727,-0.0054494,38.873,2.3134
20.323,20.446,-0.47385,-0.011886,38.872,1.9615
20.271,20.445,-0.31976,-0.016698,38.865,1.3866
20.249,20.443,-0.17666,-0.018709,38.839,0.89336
20.223,20.442,-0.10079,-0.02102,38.811,0.70194
20.204,20.439,-0.041734,-0.022738,38.787,0.56784
20.201,20.437,0.10219,-0.022761,38.763,0.22101
20.216,20.435,0.20291,-0.021123,38.731,0.010259
20.246,20.433,0.28198,-0.018034,38.716,0
20.269,20.431,0.2857,-0.015668,38.698,0
20.29,20.429,0.18543,-0.013533,38.679,0
20.311,20.428,0.10808,-0.011307,38.661,0
20.316,20.427,0.090665,-0.010796,38.654,0.020575
20.324,20.426,0.11289,-0.0098735,38.633,0
20.325,20.425,0.16672,-0.0096493,38.633,0
20.347,20.424,0.19685,-0.0074621,38.628,0
20.36,20.423,0.2001,-0.0061377,38.613,0
20.386,20.423,0.19116,-0.0035947,38.617,0
20.414,20.422,0.20244,-0.00076256,38.621,0
20.437,20.422,0.20343,0.0054271,38.623,0
20.464,20.423,0.29095,0.015051,38.62,0
20.503,20.424,0.39715,0.028248,38.63,0
20.543,20.427,0.45381,0.041851,38.633,0
20.589,20.431,0.49464,0.056944,38.64,0
20.636,20.437,0.50431,0.071654,38.661,0
20.682,20.444,0.45232,0.085742,38.691,0
20.719,20.453,0.40363,0.09585,38.711,0
20.752,20.462,0.39619,0.1044,38.737,0
20.791,20.473,0.38249,0.11453,38.769,0
20.823,20.484,0.37959,0.12202,38.798,0
20.857,20.496,0.38988,0.12972,38.827,0
20.888,20.509,0.38112,0.13615,38.872,0
20.926,20.523,0.38807,0.14502,38.905,0
20.966,20.537,0.36674,0.15409,38.951,0
21.001,20.553,0.36259,0.1613,38.987,0
21.04,20.569,0.4224,0.16927,39.029,0
21.08,20.586,0.41252,0.17745,39.071,0
21.116,20.604,0.25524,0.18393,39.114,0
21.132,20.622,0.051141,0.1833,39.171,0
21.131,20.64,-0.065556,0.17609,39.219,0
21.118,20.658,-0.1968,0.16496,39.265,0
21.105,20.674,-0.27542,0.15444,39.311,0.14985
21.086,20.69,-0.23693,0.14217,39.354,0.075395
21.053,20.704,-0.13783,0.12505,39.396,0
21.042,20.717,-0.099136,0.11677,39.425,0
21.037,20.728,-0.092458,0.1107,39.453,0
21.02,20.739,-0.077476,0.10062,39.479,0
21.008,20.749,-0.051755,0.092562,39.514,0
20.995,20.759,-0.027154,0.08462,39.53,0
20.983,20.767,-0.04554,0.07743,39.552,0
20.983,20.775,-0.03029,0.074659,39.565,0
20.986,20.782,-0.026923,0.072911,39.594,0
20.974,20.79,-0.05815,0.066171,39.623,0
20.973,20.796,-0.090128,0.063382,39.634,0
20.973,20.803,-0.064376,0.061047,39.649,0
20.962,20.809,-0.021419,0.055012,39.669,0
20.955,20.814,-0.042242,0.050317,39.681,0
20.959,20.819,-0.055122,0.05003,39.698,0
20.949,20.824,-0.072961,0.044728,39.721,0
20.936,20.829,-0.085982,0.038273,39.726,0.055016
20.922,20.833,-0.17675,0.031865,39.737,0.32663
20.904,20.836,-0.20091,0.024592,39.75,0.42906
20.89,20.838,-0.1984,0.018391,39.762,0.44594
20.864,20.84,-0.19509,0.0084084,39.768,0.47542
20.848,20.841,-0.2271,0.0025137,39.777,0.60196
20.822,20.841,-0.23008,-0.0017824,39.77,0.66579
20.809,20.841,-0.30726,-0.0030473,39.759,0.97611
20.776,20.841,-0.39823,-0.0061559,39.761,1.4389
20.733,20.84,-0.45278,-0.01009,39.747,1.8089
20.681,20.839,-0.48407,-0.014912,39.735,2.1137
20.636,20.838,-0.57132,-0.019051,39.72,2.7285
20.581,20.836,-0.54441,-0.024116,39.694,2.7383
20.522,20.833,-0.43664,-0.029566,39.673,2.32
20.476,20.83,-0.38623,-0.033595,39.642,2.1858
20.446,20.827,-0.35633,-0.036211,39.611,2.1162
20.408,20.823,-0.22827,-0.039495,39.571,1.6336
20.394,20.819,-0.17782,-0.040551,39.536,1.458
20.374,20.815,-0.23126,-0.042134,39.494,1.7145
20.361,20.811,-0.1987,-0.043078,39.453,1.6038
20.339,20.807,-0.2171,-0.044826,39.408,1.7244
20.322,20.802,-0.18661,-0.046092,39.365,1.631
20.295,20.798,-0.17339,-0.048274,39.323,1.6337
20.271,20.793,-0.11385,-0.050205,39.266,1.4513
20.268,20.788,-0.20188,-0.050117,39.211,1.7932
20.252,20.783,-0.2307,-0.051288,39.161,1.9456
20.233,20.778,-0.28809,-0.052711,39.116,2.2444
20.21,20.772,-0.26534,-0.054571,39.071,2.188
20.19,20.767,-0.24367,-0.056074,39.005,2.1265
20.16,20.761,-0.17481,-0.058577,38.94,1.89
20.137,20.755,-0.071244,-0.060382,38.877,1.5264
20.136,20.749,0.0011669,-0.060084,38.819,1.2653
20.139,20.743,-0.011458,-0.059304,38.756,1.2849
20.146,20.737,-0.051874,-0.058196,38.69,1.3923
20.131,20.732,-0.023755,-0.059183,38.633,1.3158
20.138,20.726,0.02354,-0.058099,38.565,1.1341
20.146,20.72,0.00044226,-0.056819,38.502,1.1743
20.139,20.714,0.023958,-0.05718,38.438,1.1052
20.148,20.709,0.028654,-0.055749,38.382,1.0563
20.145,20.703,0.028335,-0.055611,38.323,1.0511
20.149,20.697,0.024171,-0.054817,38.266,1.0434
20.158,20.692,-0.014278,-0.053508,38.204,1.1305
20.148,20.687,-0.031389,-0.054117,38.148,1.1967
20.138,20.681,0.021203,-0.054683,38.093,1.0404
20.145,20.676,0.070094,-0.053454,38.048,0.87105
20.156,20.67,0.064443,-0.051928,38,0.85286
20.169,20.665,0.097435,-0.050243,37.946,0.72878
20.175,20.66,0.13541,-0.049152,37.905,0.61276
20.195,20.655,0.12843,-0.046738,37.85,0.58104
20.208,20.651,0.13969,-0.045014,37.811,0.52143
20.217,20.646,0.10347,-0.043696,37.771,0.57932
20.228,20.642,0.10132,-0.042159,37.735,0.55387
20.231,20.637,0.089224,-0.041571,37.695,0.57035
20.241,20.633,0.11223,-0.040135,37.659,0.48774
20.261,20.629,0.091593,-0.037714,37.617,0.48889
20.264,20.625,0.12036,-0.037035,37.588,0.41025
20.276,20.622,0.14739,-0.03551,37.558,0.32503
20.296,20.618,0.14763,-0.033162,37.524,0.28256
20.306,20.615,0.09146,-0.03177,37.49,0.37541
20.308,20.612,0.041453,-0.031331,37.456,0.48391
20.311,20.609,0.00049966,-0.030723,37.426,0.57648
20.305,20.606,0.040427,-0.031052,37.393,0.47947
20.314,20.602,0.12184,-0.029833,37.357,0.27248
20.327,20.599,0.21717,-0.02827,37.327,0.073572
20.356,20.597,0.20122,-0.024924,37.299,0.045728
20.368,20.594,0.15406,-0.023539,37.266,0.10222
20.389,20.592,0.079126,-0.021088,37.244,0.20526
20.393,20.59,0.056991,-0.020472,37.222,0.24141
20.396,20.588,-0.05356,-0.02,37.196,0.50461
20.388,20.586,-0.076638,-0.0206,37.185,0.58136
20.378,20.584,-0.056671,-0.02147,37.162,0.54193
20.369,20.581,-0.079082,-0.022208,37.134,0.62022
20.358,20.579,-0.16816,-0.023071,37.111,0.91992
20.347,20.577,-0.16565,-0.024052,37.083,0.93234
20.339,20.574,-0.069301,-0.0247,37.065,0.64107
20.326,20.572,-0.066553,-0.025762,37.044,0.65421
20.319,20.569,-0.10363,-0.02625,37.028,0.77582
20.315,20.567,-0.12487,-0.026402,37.001,0.84583
20.303,20.564,-0.13415,-0.027476,36.981,0.89875
20.295,20.561,-0.16855,-0.028051,36.951,1.0276
20.272,20.559,-0.13054,-0.030172,36.925,0.94354
20.258,20.556,-0.13552,-0.031361,36.899,0.98528
20.236,20.552,-0.16862,-0.033379,36.868,1.1444
20.216,20.549,-0.16327,-0.03522,36.832,1.1652
20.2,20.546,-0.17379,-0.036577,36.806,1.2332
20.18,20.542,-0.24922,-0.038296,36.777,1.5672
20.155,20.538,-0.22059,-0.040601,36.737,1.5038
20.128,20.534,-0.15816,-0.043108,36.701,1.3192
20.115,20.53,-0.18381,-0.0441,36.651,1.4367
20.093,20.525,-0.19399,-0.046091,36.602,1.5203
20.065,20.521,-0.17158,-0.0487,36.561,1.4909
20.043,20.516,-0.21019,-0.050622,36.512,1.6877
20.032,20.511,-0.26471,-0.051352,36.473,1.9368
20.01,20.506,-0.26193,-0.053177,36.422,1.9664
19.982,20.5,-0.23459,-0.055717,36.376,1.9053
19.956,20.495,-0.20111,-0.058097,36.331,1.8167
19.937,20.489,-0.081662,-0.05965,36.28,1.3863
19.925,20.483,-0.040166,-0.060431,36.218,1.256
19.912,20.477,-0.098568,-0.061242,36.168,1.4754
19.903,20.471,-0.22181,-0.061738,36.103,1.977
19.877,20.465,-0.20901,-0.064083,36.036,1.9726
19.859,20.458,-0.23962,-0.06555,35.969,2.1382
19.842,20.452,-0.2493,-0.066803,35.902,2.2078
19.815,20.445,-0.16116,-0.069255,35.847,1.8775
19.794,20.438,-0.014434,-0.071011,35.776,1.3615
19.797,20.431,-0.0063952,-0.070075,35.704,1.3107
19.794,20.424,-0.054615,-0.069806,35.633,1.4653
19.782,20.417,-0.013768,-0.070542,35.576,1.336
19.788,20.41,0.043411,-0.069302,35.519,1.1258
19.783,20.403,0.083993,-0.069243,35.458,1.0024
19.8,20.396,0.12109,-0.066704,35.387,0.85172
19.808,20.389,0.18157,-0.065256,35.335,0.67697
19.827,20.383,0.19919,-0.062559,35.272,0.59041
19.85,20.377,0.20359,-0.05936,35.221,0.52723
19.879,20.371,0.2004,-0.055516,35.175,0.47073
19.894,20.365,0.24283,-0.053284,35.134,0.35384
19.916,20.36,0.31783,-0.05031,35.082,0.18954
19.945,20.355,0.35327,-0.046518,35.045,0.092212
19.977,20.35,0.36454,-0.042397,35.009,0.026399
20.006,20.346,0.30615,-0.038685,34.966,0.046734
20.036,20.342,0.27554,-0.034904,34.927,0.036086
20.073,20.339,0.25857,-0.030372,34.892,0
20.091,20.336,0.29548,-0.027933,34.864,0
20.122,20.333,0.33302,-0.024156,34.844,0
20.146,20.33,0.40034,-0.021105,34.823,0
20.179,20.328,0.38994,-0.017114,34.804,0
20.214,20.326,0.34854,-0.012881,34.798,0
20.252,20.325,0.33775,-0.0083973,34.793,0
20.288,20.324,0.34328,-0.0041586,34.782,0
20.316,20.324,0.35232,-0.00086533,34.774,0
20.354,20.324,0.37135,0.010064,34.771,0
20.394,20.325,0.34811,0.022727,34.779,0
20.43,20.327,0.27914,0.034036,34.793,0
20.459,20.331,0.20745,0.042672,34.814,0
20.49,20.335,0.15158,0.051268,34.825,0
20.495,20.34,0.09707,0.051292,34.835,0
20.514,20.345,0.090347,0.055938,34.857,0
20.532,20.351,0.082039,0.059979,34.867,0
20.534,20.357,0.069199,0.058603,34.88,0
20.543,20.363,0.028279,0.05963,34.89,0
20.554,20.368,-0.0079469,0.061486,34.917,0
20.552,20.375,-0.030925,0.058664,34.942,0
20.552,20.38,-0.044539,0.05676,34.969,0
20.556,20.386,-0.027949,0.056334,34.993,0
20.555,20.392,-0.035705,0.053937,35.016,0
20.545,20.397,-0.054289,0.04907,35.04,0
20.544,20.402,-0.063778,0.047145,35.047,0
20.532,20.407,-0.10014,0.041524,35.061,0.057249
20.522,20.411,-0.17104,0.036872,35.081,0.27002
20.505,20.415,-0.19964,0.030042,35.092,0.38649
20.486,20.418,-0.23768,0.022794,35.101,0.54151
20.46,20.42,-0.31395,0.013387,35.1,0.85665
20.423,20.421,-0.37724,0.00069205,35.112,1.1715
20.377,20.421,-0.40962,-0.0050474,35.11,1.4302
20.342,20.421,-0.38429,-0.0089298,35.107,1.4072
20.295,20.42,-0.332,-0.014162,35.101,1.3015
20.259,20.419,-0.27886,-0.0181,35.092,1.1729
20.241,20.417,-0.19806,-0.02004,35.068,0.914
20.215,20.415,-0.22115,-0.022784,35.048,1.0523
20.19,20.412,-0.36672,-0.025371,35.023,1.7064
20.161,20.41,-0.39513,-0.028458,34.992,1.9109
20.112,20.407,-0.47458,-0.03375,34.961,2.4437
20.067,20.404,-0.53757,-0.038476,34.935,2.9196
20.023,20.4,-0.52387,-0.043217,34.901,2.9633
19.979,20.396,-0.45454,-0.047733,34.865,2.6856
19.925,20.391,-0.45922,-0.053521,34.82,2.8569
19.876,20.385,-0.38896,-0.058593,34.779,2.6016
19.831,20.38,-0.31837,-0.063254,34.728,2.3542
19.791,20.373,-0.26797,-0.067385,34.671,2.2068
19.76,20.366,-0.21137,-0.070344,34.613,2.015
19.732,20.359,-0.16795,-0.072982,34.542,1.8828
19.714,20.352,-0.24279,-0.074342,34.488,2.2354
19.683,20.345,-0.26121,-0.077314,34.417,2.383
19.649,20.337,-0.19166,-0.080599,34.356,2.1347
19.636,20.329,-0.10959,-0.081426,34.284,1.805
19.631,20.321,-0.10535,-0.081367,34.208,1.7808
19.619,20.313,0.018627,-0.082008,34.149,1.3454
19.612,20.304,0.068844,-0.082133,34.081,1.1857
19.615,20.296,0.099164,-0.080959,34.019,1.0725
19.634,20.288,0.15274,-0.077972,33.951,0.87454
19.651,20.28,0.26785,-0.075194,33.884,0.57177
19.683,20.273,0.41325,-0.070696,33.827,0.27958
19.727,20.266,0.42537,-0.064659,33.766,0.19084
19.767,20.259,0.31874,-0.059317,33.715,0.25944
19.808,20.253,-0.016212,-0.053735,33.658,0.91268
19.81,20.248,-0.66887,-0.053008,33.615,4.0712
19.738,20.243,-1.4737,-0.061177,33.569,12.728
19.583,20.237,-2.2622,-0.079384,33.502,29.281
19.365,20.229,-3.0323,-0.10529,33.423,58.077
19.066,20.218,-3.6563,-0.1411,33.324,96.722
18.7,20.204,-3.9362,-0.18511,33.2,120.65
18.309,20.185,-4.0978,-0.23261,33.04,136.2
17.906,20.162,-4.1813,-0.28214,32.842,144.5
17.491,20.134,-4.2169,-0.33407,32.603,148.03
17.072,20.101,-4.2059,-0.3875,32.328,147.16
16.659,20.062,-4.2373,-0.44156,32.013,150.44
16.242,20.018,-4.2232,-0.49769,31.661,149.64
15.828,19.968,-4.1463,-0.55566,31.264,143.82
15.404,19.912,-4.0237,-0.6173,30.833,135.29
15.005,19.851,-3.8973,-0.67832,30.36,127.48
14.623,19.783,-3.8082,-0.73999,29.854,122.81
14.24,19.709,-3.7594,-0.80489,29.314,120.95
13.868,19.628,-3.7163,-0.87133,28.758,119.47
13.504,19.541,-3.7515,-0.94053,28.164,122.56
13.137,19.447,-3.8101,-1.0147,27.543,127.02
12.754,19.346,-3.8308,-1.0965,26.889,129.16
12.379,19.236,-3.8546,-1.1818,26.22,131.37
12.004,19.118,-3.8934,-1.2743,25.513,134.39
11.609,18.99,-3.7247,-1.3769,24.784,124.79
11.234,18.853,-3.3695,-1.4825,24.042,106.27
10.899,18.704,-2.9669,-1.5882,23.279,88.301
10.61,18.546,-2.5045,-1.6926,22.499,70.866
10.367,18.376,-2.0876,-1.7946,21.706,57.438
10.158,18.197,-1.8726,-1.896,20.908,50.695
9.9686,18.007,-1.6393,-1.9987,20.111,43.901
9.8015,17.807,-1.2673,-2.1036,19.307,34.924
9.674,17.597,-0.92601,-2.2045,18.504,27.628
9.5829,17.377,-0.54808,-2.2971,17.722,20.951
9.5297,17.147,-0.15632,-2.3803,16.957,15.403
9.5185,16.909,0.051185,-2.449,16.215,12.35
9.5163,16.664,0.14506,-2.516,15.484,10.457
9.5239,16.412,0.2784,-2.5776,14.773,8.6486
9.5471,16.155,0.47397,-2.6267,14.094,7.0614
9.601,15.892,0.69361,-2.6522,13.456,6.0267
9.6788,15.627,0.91876,-2.6614,12.837,5.6343
9.7635,15.361,1.0609,-4.4,12.264,22.795
9.8783,14.921,1.1474,-4.4,11.74,29.426
9.9879,14.481,1.186,-4.4,11.258,37.184
10.107,14.041,1.2431,-4.4,10.842,47.383
10.224,13.601,1.2761,-4.4,10.468,59.816
10.345,13.161,1.314,-4.4,10.161,75.707
10.468,12.721,1.3276,-4.4,9.9174,95.679
10.591,12.281,1.3262,-4.4,9.718,121.55
10.721,11.841,1.2972,-5.2,9.5677,372.18
10.847,11.321,1.1079,-5.2,9.4851,679.72
10.949,10.801,0.60828,-5.2,9.4637,0
11.018,10.281,-1.0803,-5.2,9.5139,0
10.911,9.7606,-3.1434,-5.2,9.6076,0
10.596,9.2406,-5.1663,0.53935,9.7427,563.53
10.086,9.2945,-6.9535,0.31488,9.8541,21.307
9.395,9.326,-8.3371,0.027406,9.8986,23.421
8.5536,9.3287,-8.5854,-0.30656,9.87,24.056
7.6993,9.2981,-8.5022,-0.64174,9.7606,24.132
6.8539,9.2339,-8.4132,-8.7091,9.5713,4.2572
6.0162,8.363,-8.3586,-0.90323,9.3412,23.454
5.1888,8.2727,-8.3204,-8.8447,9.0689,5.2202
4.352,7.3882,-8.2169,-1.1376,8.7546,22.952
3.5377,7.2744,-7.8227,-8.6528,8.4112,5.9162
2.7585,6.4092,-7.172,-8,8.0477,5.744
2.0493,5.6092,-6.1299,-8.8,7.6826,1.6872
1.444,4.7292,-4.4395,-8.8,7.3391,0
1.0032,3.8492,-2.5992,-0.75854,7.0231,10.638
0.75241,3.7733,-0.9495,-8.8,6.7339,0
0.65766,2.8933,0.34779,-0.50126,6.4698,2.9232
0.68283,2.8432,1.1667,-8.8,6.2427,0
0.80663,1.9632,1.2683,-0.18899,6.0801,0.86568
0.93263,1.9443,1.3447,-8.8,5.9708,0
1.0723,1.0643,1.5831,0.076027,5.9244,1.3138
1.2361,1.0719,2.0959,1.5333,5.9314,0
1.4481,1.2252,2.7814,1.6709,5.955,0
1.7292,1.3923,3.4108,2.0511,5.9925,0
2.0678,1.5974,3.868,2.2921,6.0387,0
2.4556,1.8266,4.0498,2.4671,6.0862,0
2.8661,2.0733,4.009,2.5453,6.1644,0
3.2708,2.3279,3.8342,2.5229,6.241,0
3.6546,2.5801,3.7174,2.4528,6.3338,0
4.0336,2.8254,3.5489,2.406,6.4421,0
4.3942,3.066,3.4024,2.3472,6.5664,0
4.7298,3.3007,3.2812,2.2727,6.6987,0
5.063,3.528,3.1896,2.2287,6.852,0
5.3841,3.7509,3.0424,2.1855,7.0132,0
5.6883,3.9694,2.9899,2.1355,7.1752,0
5.9905,4.183,2.976,2.1022,7.3508,0
6.2922,4.3932,2.9995,2.0802,7.5347,0
6.5943,4.6012,3.0012,2.0687,7.7349,0
6.903,4.8081,3.0357,2.0685,7.9418,0
7.2046,5.0149,2.9886,2.0648,8.162,0
7.4963,5.2214,2.9531,2.0558,8.393,0
7.7901,5.427,2.8017,2.0528,8.6319,0
8.0609,5.6323,2.6722,2.0301,8.8635,0
8.3283,5.8353,2.5825,2.0117,9.1044,0
8.5916,6.0365,2.5433,1.9962,9.3559,0
8.8394,6.2361,2.4828,1.9747,9.6205,0
9.0964,6.4336,2.4607,1.9633,9.8796,0
9.3324,6.6299,2.433,1.9407,10.148,0
9.5801,6.824,2.3836,1.9318,10.424,0
9.8258,7.0171,2.3695,1.9237,10.704,0
10.056,7.2095,2.3428,1.9085,10.993,0
10.285,7.4004,2.3388,1.8927,11.271,0
10.516,7.5896,2.3141,1.8843,11.568,0
10.743,7.7781,2.2438,1.8748,11.871,0
10.959,7.9655,2.195,1.86,12.169,0
11.181,8.1515,2.1863,1.8522,12.479,0
11.393,8.3367,2.1081,1.8382,12.781,0
11.597,8.5206,2.0283,1.8237,13.098,0
11.807,8.7029,1.9835,1.8122,13.397,0
11.998,8.8842,1.8955,1.7928,13.712,0
12.188,9.0634,1.7692,1.7748,14.019,0
12.358,9.2409,1.6917,1.7473,14.327,0
12.532,9.4156,1.6844,1.7258,14.638,0
12.709,9.5882,1.728,1.7086,14.952,0
12.879,9.7591,1.7632,1.6901,15.269,0
13.063,9.9281,1.7296,1.6807,15.586,0
13.23,10.096,1.7424,1.6618,15.891,0
13.405,10.262,1.755,1.6505,16.208,0
13.59,10.427,1.722,1.646,16.532,0
13.767,10.592,1.6293,1.6377,16.856,0
13.92,10.756,1.6388,1.6184,17.182,0
14.08,10.918,1.6797,1.6038,17.502,0
14.251,11.078,1.6901,1.5958,17.82,0
14.428,11.238,1.6392,1.591,18.134,0
14.595,11.397,1.633,1.5823,18.447,0
14.767,11.555,1.6279,1.5762,18.764,0
14.926,11.713,1.5539,1.5652,19.086,0
15.073,11.869,1.5507,1.5493,19.406,0
15.23,12.024,1.6137,1.5392,19.728,0
15.382,12.178,1.6362,1.5275,20.043,0
15.549,12.331,1.6301,1.5241,20.364,0
15.706,12.483,1.6461,1.5163,20.689,0
15.878,12.635,1.5548,1.5169,21.021,0
16.041,12.786,1.5037,1.5132,21.355,0
16.198,12.938,1.4811,1.5063,21.679,0
16.338,13.088,1.425,1.4933,22.014,0
16.477,13.238,1.3537,1.4797,22.344,0
16.608,13.386,1.2987,1.4633,22.666,0
16.733,13.532,1.1748,1.4461,22.994,0
16.847,13.677,1.047,1.424,23.305,0
16.949,13.819,0.95907,1.3981,23.613,0
17.052,13.959,0.91178,1.3745,23.927,0
17.136,14.096,0.91479,1.3444,24.237,0
17.226,14.231,0.93617,1.3177,24.531,0
17.321,14.362,1.0035,1.2952,24.819,0
17.429,14.492,1.0383,1.2802,25.122,0
17.535,14.62,1.0291,1.2652,25.417,0
17.638,14.746,0.95873,1.2501,25.713,0
17.734,14.871,0.91243,1.232,25.993,0
17.825,14.995,0.90374,1.2132,26.286,0
17.916,15.116,0.93053,1.1956,26.567,0
18.006,15.236,0.92206,1.1787,26.851,0
18.095,15.353,0.94974,1.1618,27.118,0
18.184,15.47,0.98244,1.1457,27.384,0
18.272,15.584,0.96841,1.1308,27.664,0
18.37,15.697,0.92144,1.121,27.942,0
18.46,15.809,0.92098,1.1077,28.213,0
18.557,15.92,0.96393,1.0981,28.469,0
18.659,16.03,0.98993,1.0909,28.723,0
18.767,16.139,0.96231,1.0869,28.981,0
18.86,16.248,0.93572,1.0766,29.237,0
18.952,16.355,0.91217,1.0668,29.493,0
19.045,16.462,0.86497,1.058,29.753,0
19.137,16.568,0.81955,1.0495,30.019,0
19.223,16.673,0.81945,1.0386,30.279,0
19.299,16.777,0.85408,1.0243,30.536,0
19.377,16.879,0.90013,1.0119,30.796,0
19.466,16.98,0.90231,1.0045,31.054,0
19.559,17.081,0.88897,0.99871,31.31,0
19.648,17.181,0.87428,0.99191,31.564,0
19.73,17.28,0.851,0.98235,31.808,0
19.823,17.378,0.81915,0.97751,32.052,0
19.905,17.476,0.82248,0.96854,32.289,0
19.986,17.573,0.8242,0.95956,32.526,0
20.073,17.669,0.82068,0.95344,32.766,0
20.149,17.764,0.85707,0.94337,33.005,0
20.236,17.858,0.87315,0.93842,33.245,0
20.317,17.952,0.91996,0.93097,33.476,0
20.407,18.045,0.87874,0.92728,33.714,0
