15,15,-0.40127,0,35.5,1.2775
14.963,15,-0.36853,-0.0029353,35.5,1.2367
14.92,15,-0.38111,-0.0063342,35.497,1.4061
14.886,14.999,-0.3933,-0.0090574,35.481,1.5545
14.842,14.998,-0.39023,-0.01247,35.475,1.6599
14.808,14.997,-0.38196,-0.015138,35.465,1.7155
14.778,14.995,-0.3636,-0.017413,35.437,1.7102
14.744,14.994,-0.35301,-0.019986,35.416,1.7511
14.71,14.992,-0.33429,-0.022636,35.385,1.7572
14.674,14.989,-0.3247,-0.025344,35.35,1.8063
14.645,14.987,-0.32479,-0.027573,35.308,1.8824
14.611,14.984,-0.30102,-0.030121,35.265,1.8604
14.579,14.981,-0.29574,-0.032537,35.229,1.918
14.552,14.978,-0.26115,-0.034482,35.197,1.8284
14.518,14.974,-0.243,-0.037011,35.149,1.8317
14.5,14.971,-0.22725,-0.038273,35.098,1.8029
14.473,14.967,-0.21852,-0.040202,35.05,1.8266
14.443,14.963,-0.1831,-0.042435,34.999,1.7478
14.425,14.959,-0.15012,-0.043626,34.943,1.649
14.409,14.954,-0.087982,-0.044746,34.881,1.4431
14.396,14.95,0.017965,-0.045519,34.824,1.1042
14.407,14.945,0.10947,-0.044306,34.772,0.80747
14.419,14.941,0.19785,-0.043049,34.72,0.56333
14.438,14.936,0.27492,-0.041248,34.673,0.37037
14.469,14.932,0.35127,-0.038406,34.62,0.19245
14.512,14.929,0.38923,-0.034563,34.584,0.074522
14.552,14.925,0.42395,-0.031023,34.542,0
14.588,14.922,0.43119,-0.027858,34.498,0
14.623,14.919,0.44405,-0.024686,34.47,0
14.659,14.917,0.44913,-0.021491,34.437,0
14.706,14.915,0.4567,-0.01744,34.42,0
14.758,14.913,0.44704,-0.012989,34.402,0
14.795,14.912,0.45165,-0.0097906,34.387,0
14.832,14.911,0.44823,-0.006536,34.372,0
14.868,14.91,0.44299,-0.0035228,34.365,0
14.919,14.91,0.43353,0.0053786,34.37,0
14.958,14.91,0.46036,0.02625,34.369,0
14.994,14.913,0.48955,0.044621,34.377,0
15.053,14.917,0.49774,0.074369,34.379,0
15.1,14.925,0.4875,0.096327,34.391,0
15.143,14.934,0.45575,0.11426,34.41,0
15.183,14.946,0.40262,0.13026,34.423,0
15.229,14.959,0.39399,0.1482,34.448,0
15.263,14.973,0.40799,0.1585,34.486,0
15.31,14.989,0.43714,0.17561,34.526,0
15.362,15.007,0.47103,0.19374,34.557,0
15.412,15.026,0.50716,0.2105,34.596,0
15.461,15.047,0.48521,0.22567,34.639,0
15.515,15.07,0.49791,0.2425,34.691,0
15.561,15.094,0.49294,0.25382,34.741,0
15.609,15.12,0.49112,0.26591,34.797,0
15.665,15.146,0.4584,0.28108,34.852,0
15.712,15.174,0.43573,0.29102,34.895,0
15.765,15.203,0.37207,0.30336,34.956,0
15.81,15.234,0.34847,0.31069,35.011,0
15.842,15.265,0.3338,0.31016,35.062,0
15.872,15.296,0.31718,0.30928,35.119,0
15.908,15.327,0.35193,0.31136,35.167,0
15.946,15.358,0.36175,0.31428,35.221,0
15.978,15.389,0.30257,0.31418,35.286,0
16,15.421,0.30775,0.30825,35.337,0
16.022,15.451,0.3571,0.3032,35.401,0
16.052,15.482,0.32587,0.30261,35.45,0
16.082,15.512,0.30236,0.30151,35.511,0
16.112,15.542,0.30253,0.30125,35.563,0
16.146,15.572,0.23083,0.30283,35.617,0
16.172,15.603,0.13415,0.29971,35.665,0
16.178,15.633,0.065441,0.28639,35.712,0
16.19,15.661,-0.0030128,0.27749,35.758,0
16.185,15.689,-0.066075,0.25954,35.808,0
16.171,15.715,-0.13676,0.23836,35.861,0
16.152,15.739,-0.18504,0.21555,35.914,0.097996
16.14,15.76,-0.23132,0.19816,35.952,0.27875
16.113,15.78,-0.2532,0.17306,35.983,0.39714
16.087,15.797,-0.23917,0.15072,36.02,0.38684
16.064,15.813,-0.1695,0.13079,36.048,0.19654
16.041,15.826,-0.10772,0.11208,36.078,0.053004
16.024,15.837,-0.042157,0.097042,36.094,0
16.02,15.847,0.011362,0.090216,36.117,0
16.016,15.856,0.02569,0.082961,36.143,0
16.011,15.864,0.056901,0.076307,36.155,0
16.007,15.871,0.082539,0.070369,36.162,0
16.007,15.878,0.13771,0.066476,36.175,0
16.017,15.885,0.19937,0.067971,36.181,0
16.042,15.892,0.23165,0.077675,36.188,0
16.067,15.9,0.18346,0.086708,36.199,0
16.082,15.908,0.16364,0.089848,36.213,0
16.105,15.917,0.1081,0.096637,36.234,0
16.122,15.927,0.034645,0.10076,36.253,0
16.117,15.937,-0.020894,0.092693,36.278,0
16.124,15.946,-0.067588,0.091585,36.292,0
16.112,15.956,-0.1428,0.08076,36.306,0.20413
16.108,15.964,-0.17686,0.074174,36.328,0.31694
16.094,15.971,-0.22756,0.063159,36.346,0.49879
16.079,15.977,-0.23516,0.052301,36.361,0.54393
16.063,15.983,-0.2159,0.041379,36.375,0.49988
16.044,15.987,-0.21526,0.029518,36.376,0.51939
16.027,15.99,-0.21858,0.019407,36.386,0.54866
16.009,15.992,-0.24782,0.0090936,36.382,0.66545
15.976,15.993,-0.28708,-0.0013246,36.392,0.86107
15.946,15.992,-0.31053,-0.0038274,36.39,1.0268
15.912,15.992,-0.29435,-0.0066061,36.39,1.0503
15.885,15.991,-0.34981,-0.0087289,36.371,1.3428
15.856,15.99,-0.3745,-0.011058,36.36,1.5272
15.818,15.989,-0.27133,-0.014144,36.352,1.1945
15.793,15.988,-0.25096,-0.016033,36.336,1.1735
15.764,15.986,-0.25444,-0.018346,36.307,1.2581
15.748,15.985,-0.20945,-0.019534,36.277,1.122
15.735,15.983,-0.1777,-0.02043,36.259,1.0332
15.712,15.981,-0.28738,-0.022243,36.231,1.5136
15.678,15.978,-0.34034,-0.024923,36.193,1.8341
15.645,15.976,-0.26319,-0.027471,36.153,1.5771
15.622,15.973,-0.099427,-0.029214,36.114,1.0129
15.619,15.97,0.019518,-0.0292,36.076,0.65296
15.612,15.967,0.075356,-0.029597,36.042,0.51834
15.62,15.964,0.15169,-0.028767,36.002,0.32726
15.633,15.961,0.065709,-0.027495,35.968,0.48901
15.647,15.959,0.0009464,-0.026082,35.937,0.61997
15.644,15.956,0.086744,-0.026207,35.899,0.40701
15.648,15.953,0.22358,-0.025642,35.859,0.12587
15.676,15.951,0.33931,-0.023139,35.83,0
15.708,15.949,0.4642,-0.020217,35.8,0
15.75,15.946,0.46859,-0.016574,35.784,0
15.791,15.945,0.4023,-0.012977,35.769,0
15.832,15.944,0.36268,-0.0093705,35.75,0
15.868,15.943,0.33351,-0.0062763,35.747,0
15.909,15.942,0.35777,-0.002814,35.736,0
15.938,15.942,0.37472,-0.0002879,35.731,0
15.971,15.942,0.39652,0.014728,35.725,0
16.02,15.943,0.40671,0.039063,35.731,0
16.054,15.947,0.39738,0.054291,35.732,0
16.1,15.952,0.37355,0.075239,35.746,0
16.137,15.96,0.39005,0.090165,35.767,0
16.181,15.969,0.3907,0.10759,35.781,0
16.222,15.98,0.37702,0.12283,35.811,0
16.257,15.992,0.37569,0.13418,35.827,0
16.292,16.005,0.38104,0.14546,35.862,0
16.321,16.02,0.34788,0.1523,35.882,0
16.347,16.035,0.31441,0.1577,35.904,0
16.386,16.051,0.29144,0.16951,35.927,0
16.409,16.068,0.28306,0.17231,35.962,0
16.438,16.085,0.26,0.17803,35.992,0
16.461,16.103,0.24695,0.18039,36.028,0
16.479,16.121,0.26087,0.18005,36.057,0
16.514,16.139,0.26198,0.18875,36.093,0
16.537,16.158,0.20892,0.19021,36.137,0
16.552,16.177,0.16632,0.18836,36.174,0
16.575,16.196,0.17054,0.19002,36.21,0
16.598,16.215,0.15874,0.19169,36.253,0
16.622,16.234,0.12379,0.19398,36.294,0
16.629,16.253,0.082915,0.18754,36.323,0
16.63,16.272,0.063909,0.17848,36.351,0
16.629,16.29,-0.0020386,0.16885,36.387,0
16.622,16.307,-0.067443,0.15695,36.41,0
16.621,16.323,-0.11246,0.14856,36.442,0
16.601,16.337,-0.086363,0.13084,36.46,0
16.589,16.35,-0.10778,0.11849,36.479,0.017334
16.575,16.362,-0.13027,0.10555,36.501,0.10445
16.568,16.373,-0.14873,0.097025,36.522,0.17375
16.55,16.383,-0.1344,0.083103,36.536,0.1608
16.53,16.391,-0.17015,0.068836,36.554,0.29334
16.511,16.398,-0.1831,0.056138,36.561,0.35818
16.488,16.403,-0.1901,0.041683,36.567,0.40897
16.473,16.408,-0.19947,0.032428,36.57,0.45703
16.449,16.411,-0.2173,0.018875,36.585,0.54172
16.434,16.413,-0.2222,0.010351,36.579,0.575
16.41,16.414,-0.23482,-0.00030627,36.576,0.64651
16.388,16.414,-0.24475,-0.0021205,36.568,0.73188
16.366,16.413,-0.22693,-0.003998,36.562,0.72403
16.337,16.413,-0.20233,-0.0063669,36.551,0.70775
16.322,16.412,-0.20096,-0.0075626,36.547,0.73663
16.302,16.412,-0.21323,-0.0092221,36.53,0.82521
16.287,16.411,-0.19953,-0.01038,36.518,0.81085
16.271,16.41,-0.18016,-0.011699,36.51,0.78247
16.255,16.409,-0.17246,-0.012894,36.497,0.78999
16.234,16.407,-0.13499,-0.014579,36.471,0.71443
16.225,16.406,-0.10038,-0.015263,36.46,0.62615
16.213,16.404,-0.074914,-0.016082,36.451,0.57275
16.203,16.403,-0.073171,-0.01683,36.431,0.58666
16.201,16.401,-0.071479,-0.016871,36.411,0.58249
16.201,16.399,-0.028832,-0.016771,36.381,0.46165
16.19,16.398,-0.00581,-0.01753,36.369,0.42023
16.191,16.396,-0.055114,-0.017344,36.35,0.547
16.18,16.394,-0.10785,-0.018159,36.331,0.72315
16.179,16.392,-0.1323,-0.018123,36.304,0.79884
16.161,16.391,-0.16611,-0.019431,36.287,0.94737
16.141,16.389,-0.1871,-0.021062,36.262,1.0669
16.119,16.386,-0.13767,-0.022708,36.232,0.94067
16.105,16.384,-0.073803,-0.023785,36.199,0.7643
16.095,16.382,-0.078574,-0.02442,36.176,0.79503
16.087,16.379,-0.13803,-0.024932,36.152,1.0013
16.075,16.377,-0.17131,-0.025803,36.114,1.1416
16.065,16.374,-0.21006,-0.026412,36.088,1.3031
16.048,16.372,-0.25807,-0.02767,36.065,1.5322
16.029,16.369,-0.23904,-0.029167,36.022,1.498
16.013,16.366,-0.1982,-0.030311,35.996,1.3691
15.997,16.363,-0.17394,-0.031466,35.963,1.3091
15.984,16.36,-0.15163,-0.032307,35.936,1.2496
15.972,16.357,-0.14226,-0.03313,35.888,1.2369
15.954,16.353,-0.16908,-0.034444,35.859,1.3728
15.931,16.35,-0.18914,-0.036209,35.823,1.5006
15.903,16.346,-0.21697,-0.03836,35.789,1.6762
15.89,16.342,-0.17953,-0.039163,35.747,1.5463
15.882,16.338,-0.11022,-0.039623,35.696,1.2956
15.867,16.334,-0.12334,-0.040708,35.656,1.3718
15.853,16.33,-0.14789,-0.041597,35.607,1.4867
15.84,16.326,-0.12321,-0.042482,35.56,1.4163
15.825,16.322,-0.14416,-0.043472,35.507,1.5207
15.801,16.318,-0.19224,-0.045326,35.453,1.7642
15.782,16.313,-0.19184,-0.046724,35.398,1.8009
15.769,16.308,-0.22064,-0.047568,35.337,1.9452
15.739,16.304,-0.20621,-0.049898,35.274,1.9491
15.715,16.299,-0.24829,-0.051676,35.226,2.1883
15.698,16.294,-0.24484,-0.05283,35.176,2.2049
15.673,16.288,-0.23261,-0.054775,35.108,2.204
15.642,16.283,-0.19666,-0.057178,35.041,2.1109
15.631,16.277,-0.23726,-0.057754,34.982,2.3078
15.608,16.271,-0.24686,-0.059473,34.919,2.4012
15.588,16.265,-0.30519,-0.060891,34.86,2.7289
15.557,16.259,-0.31231,-0.063295,34.8,2.8387
15.532,16.253,-0.34754,-0.065125,34.73,3.0802
15.505,16.246,-0.30648,-0.06715,34.662,2.9208
15.483,16.24,-0.272,-0.068776,34.591,2.7886
15.464,16.233,-0.28563,-0.070046,34.523,2.892
15.428,16.226,-0.27871,-0.072962,34.436,2.9406
15.397,16.218,-0.20089,-0.075422,34.359,2.6224
15.368,16.211,-0.28587,-0.077664,34.275,3.1113
15.341,16.203,-0.36319,-0.079704,34.188,3.5974
15.309,16.195,-0.41477,-0.082214,34.091,3.9795
15.258,16.187,-0.4805,-0.086557,34.001,4.5435
15.219,16.178,-0.54274,-0.089736,33.903,5.0755
15.162,16.169,-0.5505,-0.094694,33.796,5.2997
15.108,16.16,-0.56167,-0.099331,33.688,5.5381
15.052,16.15,-0.52293,-0.10422,33.575,5.4152
14.994,16.14,-0.51112,-0.10918,33.464,5.4919
14.944,16.129,-0.53049,-0.11361,33.337,5.773
14.883,16.117,-0.58377,-0.11897,33.214,6.3585
14.819,16.105,-0.67652,-0.12465,33.095,7.3214
14.742,16.093,-0.81152,-0.1317,32.955,8.8195
14.66,16.08,-0.94909,-0.13928,32.817,10.539
14.573,16.066,-1.0282,-0.14732,32.68,11.762
14.473,16.051,-1.0612,-0.15668,32.529,12.539
14.377,16.035,-1.0855,-0.16597,32.36,13.206
14.271,16.019,-1.1163,-0.1762,32.189,14.008
14.161,16.001,-1.138,-0.18705,32.012,14.725
14.044,15.982,-1.2044,-0.19875,31.82,16.099
13.932,15.963,-1.2525,-0.21008,31.616,17.228
13.8,15.942,-1.292,-0.2237,31.413,18.363
13.672,15.919,-1.2847,-0.2371,31.193,18.765
13.546,15.896,-1.2922,-0.25052,30.96,19.373
13.423,15.87,-1.2951,-0.26404,30.714,19.891
13.299,15.844,-1.3389,-0.27769,30.469,21.057
13.167,15.816,-1.3894,-0.29254,30.216,22.4
13.025,15.787,-1.3354,-0.30883,29.947,22.044
12.894,15.756,-1.29,-0.32429,29.668,21.773
12.756,15.724,-1.3767,-0.34122,29.369,23.709
12.611,15.69,-1.4153,-0.35897,29.076,24.903
12.479,15.654,-1.2725,-0.3761,28.755,22.916
12.351,15.616,-1.1581,-0.39314,28.432,21.494
12.24,15.577,-1.0219,-0.40826,28.109,19.757
12.133,15.536,-0.83778,-0.42326,27.782,17.503
12.054,15.494,-0.6699,-0.43524,27.446,15.545
11.983,15.45,-0.60103,-0.44654,27.101,14.805
11.932,15.405,-0.66475,-0.45579,26.746,15.481
11.873,15.36,-0.76026,-0.46604,26.4,16.601
11.805,15.313,-0.81126,-0.47783,26.05,17.247
11.732,15.265,-0.80783,-0.49054,25.696,17.223
11.649,15.216,-0.88359,-0.50471,25.348,18.256
11.571,15.166,-0.94414,-0.51914,24.983,19.091
11.482,15.114,-0.96482,-0.53553,24.614,19.429
11.379,15.06,-0.99749,-0.55431,24.247,19.991
11.278,15.005,-1.0604,-0.57341,23.872,20.973
11.165,14.948,-1.1174,-0.59482,23.5,21.94
11.053,14.888,-1.1449,-0.61736,23.11,22.451
10.948,14.827,-1.1963,-0.63862,22.733,23.297
10.831,14.763,-1.1922,-0.66274,22.348,23.304
10.711,14.696,-1.21,-0.68847,21.955,23.651
10.587,14.628,-1.0951,-0.7163,21.547,21.917
10.47,14.556,-0.89583,-0.74349,21.141,19.091
10.376,14.482,-0.64403,-0.76714,20.734,15.867
10.32,14.405,-0.40311,-0.78459,20.32,13.073
10.289,14.326,-0.15867,-0.7969,19.915,10.588
10.263,14.247,-0.050324,-0.80878,19.505,9.4418
10.26,14.166,-0.057851,-0.81578,19.103,9.1296
10.252,14.084,-0.10748,-0.8232,18.709,9.1361
10.245,14.002,-0.14796,-0.82915,18.334,9.0803
10.227,13.919,-0.17145,-0.838,17.957,8.927
10.216,13.835,-0.19233,-0.84372,17.597,8.7371
10.199,13.751,-0.18618,-0.85028,17.248,8.3733
10.19,13.666,-0.1977,-0.85512,16.897,8.1155
10.162,13.58,-0.21601,-0.86458,16.548,7.9519
10.149,13.494,-0.19699,-0.86845,16.219,7.5039
10.134,13.407,-0.15238,-0.87288,15.889,6.9084
10.122,13.32,-0.15202,-0.87675,15.559,6.6024
10.115,13.232,-0.14301,-0.87743,15.248,6.2474
10.101,13.144,-0.13793,-0.87879,14.947,5.9416
10.081,13.056,-0.17415,-0.88117,14.655,5.8911
10.06,12.968,-0.19415,-0.88483,14.353,5.7446
10.043,12.88,-0.26972,-0.8864,14.061,5.9166
10.016,12.791,-0.45542,-0.89064,13.774,6.8541
9.9758,12.702,-0.72632,-0.89676,13.507,8.7177
9.9045,12.612,-1.1218,-0.91347,13.24,12.534
9.7831,12.521,-1.6312,-0.94801,12.971,19.704
9.626,12.426,-2.0869,-0.99718,12.689,28.8
9.4181,12.327,-2.4529,-1.0659,12.404,38.6
9.1653,12.22,-2.783,-1.1559,12.097,49.916
8.8912,12.104,-2.9576,-1.255,11.793,57.034
8.6028,11.979,-2.9045,-1.3665,11.463,54.454
8.3214,11.842,-2.7855,-1.4792,11.123,49.154
8.0463,11.694,-2.7628,-5.2,10.765,0
7.7708,11.174,-2.8058,-5.2,10.42,0
7.491,10.654,-2.7839,-5.2,10.082,0
7.2065,10.134,-2.596,-5.2,9.7691,0
6.9399,9.6143,-2.5917,-5.2,9.4892,0
6.689,9.0943,-2.941,-5.2,9.2408,0
6.3866,8.5743,-3.3256,-5.2,9.008,0.54621
6.0578,8.0543,-3.7479,-5.2,8.807,1.0416
5.6872,7.5343,-4.1933,-5.2,8.6172,1.6714
5.2683,7.0143,-4.3028,-5.2,8.446,1.694
4.8328,6.4943,-3.8773,-0.59504,8.2692,13.83
4.4384,6.4348,-3.1985,-5.2,8.0816,0
4.1175,5.9148,-2.3243,-8.8,7.901,0
3.8934,5.0348,-1.5553,-0.34475,7.7613,14.885
3.7349,5.0003,-0.95394,-0.38878,7.6472,7.7383
3.6448,4.9614,-0.38656,-0.41247,7.5189,3.6164
3.6117,4.9202,0.08524,-8.8,7.3824,0
3.6271,4.0402,0.47911,-0.10898,7.2946,0
3.6758,4.0293,0.78411,-0.093905,7.2509,0
3.7552,4.0199,1.1216,-0.070613,7.2218,0.41127
3.8689,4.0128,1.4957,-0.038533,7.1971,1.3706
4.0169,4.009,1.8647,0.0096828,7.181,2.7214
4.1973,4.01,1.9791,0.22943,7.1969,2.2235
4.3933,4.0329,1.9279,0.43891,7.2279,1.2038
4.5807,4.0768,1.8005,0.6062,7.2755,0.2542
4.7559,4.1374,1.5769,0.73117,7.335,0
4.9119,4.2105,1.2914,0.81235,7.4069,0
5.0504,4.2918,1.0627,0.85868,7.4821,0
5.1512,4.3776,0.89986,0.85532,7.5639,0
5.2481,4.4632,0.77612,0.84893,7.6512,0
5.3296,4.5481,0.68288,0.82676,7.7319,0
5.4017,4.6307,0.50752,0.79911,7.8167,0
5.4497,4.7106,0.24416,0.75104,7.8936,0
5.4754,4.7858,-0.099981,0.68868,7.9738,0.73029
5.4609,4.8546,-0.53617,0.59516,8.0341,2.9389
5.4036,4.9141,-1.0109,0.47357,8.0865,6.5477
5.3037,4.9615,-1.2945,0.327,8.1209,9.2128
5.1693,4.9942,-1.4609,0.16591,8.1422,10.786
5.0219,5.0108,-1.6244,0.010519,8.1557,12.557
4.8657,5.0118,-1.6855,-0.040599,8.1412,13.965
4.6895,5.0078,-1.7059,-0.088621,8.1254,14.879
4.514,4.9989,-1.8328,-0.13603,8.0787,17.691
4.3339,4.9853,-1.9132,-0.18452,8.017,19.815
4.1453,4.9669,-1.8419,-0.23537,7.943,18.979
3.9671,4.9433,-1.8042,-0.28389,7.8472,18.745
3.7873,4.9149,-1.8533,-0.33353,7.7376,9.1322
3.6067,4.8816,-1.8682,-0.38434,7.6147,9.1289
3.4217,4.8431,-1.853,-0.43854,7.4701,9.0698
3.23,4.7993,-1.9391,-8.8,7.3218,0
3.038,3.9193,-1.9181,-0.23018,7.1942,7.7837
2.852,3.8963,-1.7748,-0.27683,7.1025,7.6595
2.6657,3.8686,-1.6707,-0.32459,6.9939,7.5701
2.5007,3.8361,-1.6975,-8.8,6.8692,0
2.336,2.9561,-1.6431,-0.13188,6.7754,6.0929
2.1684,2.9429,-1.6495,-0.16664,6.7081,6.25
1.9954,2.9263,-1.7486,-0.20326,6.6236,6.5562
1.811,2.906,-1.7167,-0.24316,6.5261,6.6478
1.6401,2.8816,-1.5849,-8.8,6.4138,0
1.4771,2.0016,-1.5416,-0.081953,6.3274,4.9631
1.3172,1.9934,-1.5496,-0.1068,6.2697,5.1865
1.169,1.9828,-1.3856,-0.13046,6.1908,5.0673
1.0391,1.9697,-1.1715,-0.15153,6.1067,4.8244
0.92511,1.9546,-1.086,-0.17091,6.0046,4.7829
0.81003,1.9375,-1.0036,-8.8,5.906,0
0.71561,1.0575,-0.88551,-0.030641,5.836,2.8211
0.62637,1.0544,-0.8671,-0.038703,5.794,2.9325
0.53066,1.0505,-0.92498,-0.047449,5.7474,3.2028
0.43874,1.0458,-0.78635,-0.055957,5.6961,3.0775
0.35738,1.0402,-0.60154,-0.063608,5.64,2.8425
0.29252,1.0338,-0.38774,-0.069903,5.5761,2.5245
0.25377,1.0268,-0.14136,-8.8,5.4993,0
0.24462,0.14684,0.063318,0.063318,5.4727,0
0.2414,0.15318,0.11074,0.11074,5.4808,0
0.24476,0.16425,0.12458,0.12458,5.4887,0
0.26715,0.17671,0.11934,0.11934,5.5067,0
0.27187,0.18864,0.078784,0.078784,5.5153,0
0.28091,0.19652,0.07265,0.07265,5.5205,0
0.27854,0.20378,-0.0084077,-0.0084077,5.5234,0
0.27773,0.20294,-0.18719,-0.18719,5.5328,0
0.25534,0.18422,-0.43379,-0.43379,5.5379,0
0.20894,0.14085,-0.71403,-0.71403,5.5354,0
0.12889,0.069443,-1.0391,-1.0391,5.5388,0
0.027258,0,-1.2809,-1.2809,5.5526,0
-0.10957,0,-1.4306,-1.4306,5.5505,0.22463
-0.25908,0,-1.4626,-1.4626,5.5466,0.53111
-0.4152,0,-1.4455,-1.4455,5.5208,0.85116
-0.56699,0,-1.3964,-1.3964,5.4729,1.1623
-0.71471,0,-1.2398,-1.2398,5.4223,1.4652
-0.83989,0,-0.99242,-0.99242,5.3408,1.7218
-0.93834,0,-0.75458,-0.75458,5.2613,1.9236
-1.0118,0,-0.45117,-0.45117,5.1769,2.0741
-1.0582,0,-0.17595,-0.17595,5.0686,2.1692
-1.0667,0,0.056062,-8.8,4.9551,0
-1.0537,0,0.26742,-8.8,4.8995,0
-1.0308,0,0.40862,-8.8,4.8342,0
-0.99666,0,0.51822,-8.8,4.7743,0
-0.94978,0,0.68529,-8.8,4.7131,0
-0.88359,0,0.82028,-8.8,4.6577,0
-0.80377,0,0.92099,-8.8,4.6086,0
-0.72067,0,0.97352,-8.8,4.5747,0
-0.62477,0,0.97599,-8.8,4.5513,0
-0.5204,0,0.89879,-8.8,4.5282,0
-0.43367,0,0.85857,-8.8,4.5196,0
-0.34273,0,0.84254,-8.8,4.5324,0
-0.25768,0,0.89007,-8.8,4.5474,0
-0.17467,0,0.86647,-8.8,4.5733,0
-0.091288,0,0.83655,-8.8,4.605,0
-0.006666,0,0.81869,-8.8,4.6386,0
0.084081,0,0.86548,-8.8,4.6898,0
0.17173,0,0.90327,-8.8,4.7432,0
0.26951,0,1.0328,-8.8,4.8168,0
0.36819,0,1.1278,-8.8,4.8967,0
0.48099,0,1.1024,-8.8,4.9906,0
0.5899,0,1.0479,1.0479,5.095,0
0.68893,0.10479,0.995,0.995,5.1607,0
0.78094,0.20429,0.88398,0.88398,5.2145,0
0.86706,0.29269,0.83214,0.83214,5.279,0
0.94311,0.3759,0.88474,0.88474,5.3313,0
1.0344,0.46438,0.85195,0.85195,5.3871,0
1.1175,0.54957,0.81303,0.81303,5.4362,0
1.1946,0.63088,0.81304,0.81304,5.4947,0
1.2825,0.71218,0.80157,0.80157,5.5429,0
1.3567,0.79234,0.76003,0.76003,5.6006,0
1.426,0.86834,0.76884,0.76884,5.6559,0
1.5048,0.94522,0.76754,4.9,5.7184,25.353
1.5765,1.4352,0.73436,0.78958,5.7623,0
1.6509,1.5142,0.70482,0.70067,5.7813,0
1.7272,1.5842,0.61551,0.68095,5.794,0
1.7891,1.6523,0.58775,-8.8,5.8015,0
