15.691,15.691,0.13188,0,35.5,0
15.712,15.691,0.1101,0.011024,35.495,0
15.715,15.692,0.1331,0.011905,35.496,0
15.726,15.693,0.14289,0.016755,35.507,0
15.732,15.695,0.13928,0.018981,35.501,0
15.743,15.697,0.13586,0.023989,35.5,0
15.75,15.699,0.12233,0.026044,35.498,0
15.77,15.702,0.11483,0.035402,35.495,0
15.787,15.706,0.1001,0.04249,35.509,0
15.795,15.71,0.10561,0.044282,35.515,0
15.802,15.714,0.10157,0.045257,35.522,0
15.815,15.719,0.096684,0.049712,35.531,0
15.815,15.724,0.088032,0.04745,35.54,0
15.822,15.728,0.057879,0.048659,35.557,0
15.831,15.733,0.0040577,0.050563,35.557,0
15.826,15.738,-0.069623,0.0455,35.573,0.074993
15.816,15.743,-0.14451,0.037974,35.578,0.28848
15.81,15.747,-0.22536,0.032901,35.582,0.54731
15.79,15.75,-0.308,0.020456,35.595,0.86267
15.756,15.752,-0.40186,0.0019962,35.603,1.2766
15.709,15.752,-0.48813,-0.0036396,35.605,1.8049
15.655,15.752,-0.57368,-0.0081133,35.606,2.4224
15.597,15.751,-0.6446,-0.01291,35.6,3.0312
15.525,15.75,-0.69979,-0.018895,35.585,3.636
15.462,15.748,-0.72435,-0.024024,35.55,4.0218
15.398,15.745,-0.71863,-0.029269,35.522,4.2032
15.331,15.743,-0.70923,-0.034657,35.489,4.3639
15.251,15.739,-0.70813,-0.04121,35.441,4.6346
15.173,15.735,-0.71224,-0.0475,35.39,4.9348
15.109,15.73,-0.70255,-0.052697,35.326,5.0817
15.042,15.725,-0.69853,-0.058045,35.264,5.2785
14.969,15.719,-0.69352,-0.063981,35.191,5.4914
14.893,15.713,-0.69039,-0.070092,35.118,5.7266
14.834,15.706,-0.68301,-0.074818,35.036,5.8645
14.762,15.698,-0.68466,-0.080659,34.943,6.1216
14.698,15.69,-0.68337,-0.085817,34.84,6.3222
14.637,15.682,-0.68413,-0.090844,34.728,6.5311
14.567,15.673,-0.6785,-0.096504,34.627,6.7161
14.497,15.663,-0.66493,-0.10228,34.505,6.8321
14.439,15.653,-0.65802,-0.10699,34.392,6.9573
14.378,15.642,-0.6644,-0.11202,34.263,7.2038
14.314,15.631,-0.6611,-0.1174,34.137,7.3822
14.25,15.619,-0.65981,-0.12272,34.001,7.5704
14.191,15.607,-0.65348,-0.1276,33.87,7.6947
14.123,15.594,-0.64418,-0.13343,33.722,7.8262
14.069,15.581,-0.63609,-0.13802,33.577,7.9121
13.997,15.567,-0.63446,-0.14426,33.424,8.1211
13.931,15.552,-0.62472,-0.15003,33.263,8.2316
13.873,15.537,-0.62782,-0.15505,33.1,8.4209
13.813,15.522,-0.63013,-0.16041,32.925,8.6106
13.749,15.506,-0.62682,-0.16619,32.754,8.7654
13.678,15.489,-0.63416,-0.17263,32.582,9.043
13.614,15.472,-0.65572,-0.17848,32.407,9.4263
13.543,15.454,-0.66741,-0.18503,32.224,9.7433
13.477,15.436,-0.67591,-0.19138,32.027,10.012
13.4,15.416,-0.67694,-0.19875,31.831,10.248
13.324,15.397,-0.66344,-0.20607,31.632,10.332
13.253,15.376,-0.64884,-0.21317,31.415,10.379
13.193,15.355,-0.64212,-0.21916,31.203,10.456
13.122,15.333,-0.64065,-0.22634,30.995,10.63
13.064,15.31,-0.64161,-0.23227,30.775,10.765
13.008,15.287,-0.66187,-0.23814,30.547,11.084
12.946,15.263,-0.68206,-0.24481,30.314,11.429
12.882,15.239,-0.69492,-0.25163,30.089,11.708
12.821,15.213,-0.7067,-0.25826,29.857,11.96
12.751,15.188,-0.72194,-0.26624,29.61,12.287
12.675,15.161,-0.71026,-0.27496,29.359,12.343
12.603,15.133,-0.65601,-0.28335,29.104,11.925
12.539,15.105,-0.58223,-0.29092,28.849,11.29
12.486,15.076,-0.48502,-0.29749,28.59,10.423
12.442,15.046,-0.35888,-0.30305,28.324,9.3226
12.405,15.016,-0.20306,-0.30806,28.056,8.0717
12.377,14.985,-0.037156,-0.31174,27.797,6.8639
12.368,14.954,0.1243,-0.31312,27.541,5.7822
12.379,14.923,0.25631,-0.31208,27.286,4.9396
12.405,14.892,0.33295,-0.30914,27.032,4.4075
12.442,14.861,0.37969,-0.30446,26.789,4.0157
12.477,14.83,0.40417,-0.30011,26.546,3.7426
12.519,14.8,0.42266,-0.29435,26.32,3.4865
12.561,14.771,0.44149,-0.28868,26.091,3.2412
12.606,14.742,0.48905,-0.28237,25.873,2.9069
12.659,14.714,0.58226,-0.27452,25.669,2.4532
12.723,14.686,0.69091,-0.26504,25.477,2.0149
12.801,14.66,0.80916,-0.25371,25.283,1.6256
12.884,14.634,0.96569,-0.24128,25.104,1.2957
12.989,14.61,1.1081,-0.22556,24.934,1.0901
13.108,14.588,1.2214,-0.20768,24.778,0.99085
13.221,14.567,1.3014,-0.19045,24.634,0.96061
13.348,14.548,1.3483,-0.17085,24.517,0.94165
13.491,14.531,1.3661,-0.149,24.399,0.91131
13.638,14.516,1.4073,-0.1265,24.311,0.9484
13.77,14.503,1.4226,-0.10612,24.231,0.96838
13.92,14.493,1.4265,-0.083123,24.169,0.98263
14.056,14.484,1.4522,-0.062311,24.118,1.0691
14.198,14.478,1.4804,-0.040872,24.077,1.1899
14.352,14.474,1.5032,-0.017861,24.052,1.327
14.5,14.472,1.4977,0.011511,24.052,1.3559
14.655,14.473,1.472,0.076199,24.06,1.1611
14.798,14.481,1.4323,0.13331,24.077,0.93385
14.932,14.494,1.364,0.18412,24.12,0.62943
15.07,14.513,1.3154,0.2344,24.171,0.39273
15.211,14.536,1.2972,0.28336,24.225,0.25216
15.348,14.564,1.267,0.32886,24.29,0.082638
15.465,14.597,1.1997,0.36378,24.365,0
15.585,14.634,1.1685,0.39864,24.462,0
15.699,14.674,1.1151,0.42916,24.561,0
15.816,14.716,1.0327,0.45949,24.663,0
15.924,14.762,0.94321,0.48464,24.768,0
16.022,14.811,0.89771,0.50482,24.886,0
16.109,14.861,0.83387,0.5196,25.011,0
16.202,14.913,0.71841,0.53588,25.132,0
16.269,14.967,0.61548,0.54025,25.258,0
16.338,15.021,0.49716,0.54588,25.39,0
16.397,15.076,0.31715,0.54683,25.513,0
16.428,15.13,0.11412,0.53622,25.649,0
16.444,15.184,-0.028829,0.5198,25.771,0
16.45,15.236,-0.1726,0.49992,25.891,0
16.439,15.286,-0.21873,0.47411,26.005,0
16.42,15.333,-0.20952,0.44648,26.119,0
16.407,15.378,-0.16164,0.42191,26.215,0
16.392,15.42,-0.12441,0.39782,26.31,0
16.372,15.46,-0.076067,0.373,26.404,0
16.373,15.497,-0.050692,0.3577,26.486,0
16.363,15.533,-0.029759,0.33886,26.574,0
16.356,15.567,-0.01911,0.32159,26.646,0
16.356,15.599,-0.039065,0.30818,26.718,0
16.36,15.63,-0.067462,0.29716,26.79,0
16.353,15.659,-0.087876,0.28181,26.867,0
16.346,15.688,-0.09803,0.2675,26.935,0
16.327,15.714,-0.12745,0.24863,27.004,0
16.319,15.739,-0.13851,0.23515,27.072,0
16.302,15.763,-0.12558,0.2185,27.123,0
16.297,15.785,-0.10171,0.20756,27.167,0
16.284,15.805,-0.062272,0.19391,27.216,0
16.282,15.825,0.0072997,0.18502,27.268,0
16.29,15.843,0.078045,0.1808,27.315,0
16.308,15.861,0.11339,0.18058,27.368,0
16.322,15.879,0.11017,0.1791,27.408,0
16.324,15.897,0.099764,0.1723,27.457,0
16.324,15.915,0.092011,0.16565,27.508,0
16.34,15.931,0.095038,0.16508,27.551,0
16.354,15.948,0.11732,0.1641,27.583,0
16.369,15.964,0.13563,0.16364,27.629,0
16.381,15.98,0.13077,0.16159,27.665,0
16.386,15.997,0.090554,0.15718,27.707,0
16.403,16.012,0.039643,0.15764,27.751,0
16.403,16.028,-0.0091216,0.15119,27.8,0
16.394,16.043,-0.051354,0.14119,27.83,0
16.38,16.057,-0.082945,0.13012,27.857,0
16.377,16.07,-0.07898,0.12353,27.89,0
16.366,16.083,-0.057861,0.114,27.928,0
16.366,16.094,-0.031869,0.10945,27.956,0
16.355,16.105,-0.064962,0.10053,27.977,0
16.35,16.115,-0.094234,0.094555,27.998,0
16.34,16.124,-0.095444,0.086429,28.017,0
16.336,16.133,-0.068966,0.081647,28.031,0
16.336,16.141,-0.045355,0.078386,28.047,0
16.328,16.149,0.016868,0.071871,28.064,0
16.328,16.156,0.050787,0.068754,28.075,0
16.342,16.163,0.029438,0.071574,28.098,0
16.346,16.17,-0.024217,0.070303,28.12,0
16.349,16.177,-0.085875,0.068898,28.145,0
16.334,16.184,-0.11139,0.059901,28.169,0.078924
16.327,16.19,-0.085041,0.054972,28.187,0.027142
16.312,16.196,-0.035578,0.046607,28.203,0
16.307,16.2,0.0093297,0.042744,28.22,0
16.314,16.205,0.052944,0.04389,28.221,0
16.321,16.209,0.099086,0.045093,28.237,0
16.327,16.214,0.11981,0.045452,28.252,0
16.34,16.218,0.12501,0.048792,28.265,0
16.359,16.223,0.13594,0.054695,28.286,0
16.366,16.228,0.16732,0.055027,28.297,0
16.374,16.234,0.17353,0.055984,28.32,0
16.385,16.24,0.17461,0.058166,28.328,0
16.398,16.245,0.18227,0.061339,28.34,0
16.411,16.252,0.1786,0.064131,28.361,0
16.435,16.258,0.1484,0.070881,28.373,0
16.452,16.265,0.11129,0.074855,28.393,0
16.461,16.273,0.089372,0.075648,28.419,0
16.468,16.28,0.075105,0.075377,28.436,0
16.484,16.288,0.061499,0.078499,28.456,0
16.489,16.295,0.053333,0.077355,28.471,0
16.49,16.303,0.078761,0.074931,28.483,0
16.49,16.311,0.090219,0.071885,28.5,0
16.492,16.318,0.084038,0.069643,28.511,0
16.51,16.325,0.072599,0.074081,28.523,0
16.525,16.332,0.068454,0.077145,28.543,0
16.537,16.34,0.041706,0.078781,28.563,0
16.544,16.348,0.060233,0.078356,28.576,0
16.544,16.356,0.057439,0.075155,28.595,0
16.555,16.363,0.050285,0.076787,28.605,0
16.558,16.371,0.047193,0.074809,28.62,0
16.556,16.378,0.045447,0.07102,28.63,0
16.57,16.385,-0.009268,0.07371,28.654,0
16.568,16.393,-0.03655,0.069981,28.674,0
16.571,16.4,-0.023526,0.068119,28.687,0
16.565,16.407,-0.020433,0.062978,28.702,0
16.563,16.413,-0.0038694,0.059672,28.714,0
16.564,16.419,0.0084748,0.057957,28.738,0
16.574,16.425,0.024065,0.059426,28.754,0
16.568,16.431,0.014241,0.05464,28.759,0
16.574,16.436,-0.048713,0.054881,28.766,0
16.568,16.442,-0.078048,0.050559,28.788,0.021581
16.564,16.447,-0.046285,0.046632,28.8,0
16.554,16.451,-0.042853,0.040791,28.804,0
16.54,16.455,-0.051258,0.033713,28.822,0.009944
16.543,16.459,-0.031255,0.033621,28.823,0
16.539,16.462,-0.067361,0.030549,28.827,0.057803
16.538,16.465,-0.17594,0.028972,28.826,0.35592
16.525,16.468,-0.2869,0.022835,28.824,0.74332
16.492,16.47,-0.39286,0.0085534,28.836,1.2113
16.454,16.471,-0.46835,-0.0021581,28.84,1.6293
16.411,16.471,-0.52977,-0.0075097,28.845,2.0571
16.356,16.47,-0.56903,-0.014231,28.845,2.4267
16.298,16.469,-0.57617,-0.021281,28.832,2.634
16.231,16.467,-0.56758,-0.029404,28.806,2.7766
16.174,16.464,-0.5595,-0.036183,28.784,2.8904
16.116,16.46,-0.55903,-0.043061,28.762,3.052
16.062,16.456,-0.55696,-0.049339,28.718,3.1884
16.009,16.451,-0.55487,-0.055544,28.669,3.3226
15.954,16.445,-0.55598,-0.061862,28.623,3.4798
15.908,16.439,-0.55959,-0.067054,28.578,3.6258
15.852,16.432,-0.55401,-0.073438,28.521,3.7413
15.79,16.425,-0.54008,-0.080636,28.457,3.8216
15.741,16.417,-0.53577,-0.086123,28.388,3.9199
15.679,16.408,-0.53956,-0.093285,28.322,4.1118
15.632,16.399,-0.5447,-0.098435,28.249,4.2626
15.584,16.389,-0.53938,-0.1036,28.18,4.3442
15.54,16.379,-0.54364,-0.10845,28.092,4.4784
15.49,16.368,-0.54536,-0.11401,28.014,4.6146
15.444,16.357,-0.55906,-0.11901,27.933,4.8193
15.391,16.345,-0.57267,-0.12486,27.846,5.0458
15.338,16.332,-0.60016,-0.13075,27.753,5.3766
15.283,16.319,-0.61916,-0.13695,27.649,5.6551
15.217,16.306,-0.63981,-0.14471,27.534,5.9878
15.154,16.291,-0.63499,-0.15215,27.416,6.1121
15.088,16.276,-0.6285,-0.16007,27.291,6.2307
15.033,16.26,-0.6109,-0.16636,27.167,6.2176
14.97,16.243,-0.60218,-0.17363,27.049,6.2989
14.902,16.226,-0.56245,-0.18181,26.923,6.1563
14.841,16.208,-0.55779,-0.18892,26.793,6.2549
14.794,16.189,-0.54414,-0.19433,26.647,6.2354
14.74,16.169,-0.53442,-0.20065,26.508,6.2675
14.681,16.149,-0.52756,-0.20763,26.366,6.334
14.631,16.128,-0.54959,-0.21328,26.224,6.5903
14.583,16.107,-0.54449,-0.219,26.065,6.6281
14.524,16.085,-0.54732,-0.22617,25.911,6.7621
14.46,16.063,-0.56306,-0.23433,25.747,7.0153
14.406,16.039,-0.58234,-0.24088,25.586,7.2619
14.35,16.015,-0.60933,-0.2479,25.417,7.5814
14.292,15.99,-0.6371,-0.25505,25.253,7.917
14.224,15.965,-0.70352,-0.26414,25.072,8.6448
14.15,15.938,-0.85437,-0.27404,24.899,10.285
14.056,15.911,-1.0681,-0.28725,24.709,12.951
13.942,15.882,-1.3379,-0.30393,24.51,16.963
13.814,15.852,-1.6632,-0.32292,24.31,22.85
13.651,15.82,-1.9583,-0.34774,24.102,29.572
13.457,15.785,-2.1656,-0.37804,23.885,35.418
13.24,15.747,-2.2853,-0.41315,23.634,39.556
13.014,15.706,-2.3156,-0.45074,23.367,41.331
12.785,15.661,-2.2914,-0.4896,23.087,41.517
12.553,15.612,-2.2673,-0.5303,22.791,41.691
12.334,15.559,-2.2572,-0.56953,22.485,42.145
12.099,15.502,-2.2932,-0.61326,22.157,43.94
11.878,15.44,-2.3843,-0.65636,21.805,47.272
11.643,15.375,-2.5036,-0.70349,21.446,51.687
11.4,15.304,-2.6178,-0.75434,21.066,56.169
11.132,15.229,-2.7161,-0.81229,20.672,60.378
10.853,15.148,-2.8023,-0.87641,20.243,64.272
10.574,15.06,-2.8641,-0.94251,19.813,67.262
10.287,14.966,-2.879,-1.0145,19.359,68.362
10,14.864,-2.8947,-1.0906,18.885,69.382
9.7141,14.755,-2.9155,-1.1723,18.383,70.476
9.4181,14.638,-2.9289,-1.2601,17.878,71.199
9.1287,14.512,-2.9371,-1.3531,17.347,71.521
8.8294,14.377,-2.8907,-1.4555,16.798,69.484
8.5317,14.231,-2.7618,-1.5658,16.228,64.112
8.2483,14.075,-2.5576,-1.6799,15.646,56.25
7.9988,13.907,-2.3142,-1.7901,15.063,47.737
7.7725,13.728,-2.0467,-1.9031,14.462,39.36
7.5709,13.537,-1.8272,-2.0119,13.871,32.954
7.3927,13.336,-1.619,-2.1216,13.27,27.284
7.2251,13.124,-1.4471,-2.2302,12.682,22.771
7.0778,12.901,-1.2897,-2.3362,12.098,18.823
6.945,12.667,-1.1369,-2.4414,11.516,15.28
6.8308,12.423,-0.98371,-4.4,10.948,6.7541
6.7325,11.983,-0.91142,-5.2,10.406,27.557
6.6443,11.463,-0.89045,-5.2,9.9033,39.455
6.5644,10.943,-0.89369,-5.2,9.4399,58.012
6.4687,10.423,-0.89713,-5.2,9.0187,68.74
6.3834,9.9032,-0.93663,-5.2,8.6392,62.247
6.2963,9.3832,-0.94584,-5.2,8.308,56.033
6.211,8.8632,-0.93327,-5.2,8.0197,50.494
6.1203,8.3432,-0.91086,-5.2,7.7854,45.274
6.0285,7.8232,-0.90601,-5.2,7.5939,40.34
5.9453,7.3032,-0.89081,-5.2,7.4273,36.215
5.8655,6.7832,-0.87246,-5.2,7.306,32.533
5.7766,6.2632,-0.82525,-5.2,7.2459,29.169
5.6967,5.7432,-0.78169,-8.8,7.2229,18.73
5.6159,4.8632,-0.73533,-8.8,7.2665,15.326
5.5488,3.9832,-0.69546,1.983,7.3809,10.503
5.4779,4.1815,-0.65524,1.5404,7.5254,7.6384
5.4126,4.3356,-0.6636,1.2214,7.6424,6.2426
5.3371,4.4577,-0.72259,0.96333,7.7442,5.7468
5.2678,4.554,-0.81123,0.76206,7.8311,5.8096
5.1849,4.6302,-0.90683,0.57959,7.8858,6.056
5.1001,4.6882,-1.0605,0.42424,7.9416,7.0398
4.9878,4.7306,-1.2641,0.26176,7.972,8.7108
4.8574,4.7568,-1.4456,0.10165,7.9912,10.377
4.7124,4.767,-1.6457,-0.014788,7.9972,13.029
4.5497,4.7655,-1.9266,-0.058755,7.9738,18.582
4.3578,4.7596,-2.162,-0.10977,7.9506,8.9361
4.1379,4.7486,-2.3265,-0.1683,7.8972,9.2413
3.8971,4.7318,-2.4737,-0.23279,7.8216,9.5463
3.6402,4.7085,-2.6078,-0.30219,7.7296,9.8472
3.3814,4.6783,-2.7047,-0.37312,7.6187,10.09
3.106,4.641,-2.8265,-0.45208,7.4718,10.368
2.8248,4.5958,-2.9312,-0.53579,7.3043,10.61
2.5222,4.5422,-2.9891,-8.8,7.1161,0
2.2284,3.6622,-2.9694,-0.36863,6.9479,9.7586
1.9346,3.6253,-2.8266,-8.8,6.7945,0
1.6567,2.7453,-2.6437,-0.21981,6.6614,8.2512
1.3885,2.7234,-2.4523,-0.2753,6.5416,8.1741
1.1427,2.6958,-2.148,-0.32826,6.4025,7.8327
0.93635,2.663,-1.7895,-8.8,6.2321,0
0.74936,1.783,-1.6504,-0.15189,6.0884,5.7855
0.59271,1.7678,-2.1135,-0.17649,5.9747,6.8903
0.38486,1.7502,-3.0042,-8.8,5.8549,0
0.07738,0.87017,-4.1925,-4.1925,5.7527,1.6252
-0.34158,0.45092,-5.4673,-5.4673,5.6814,1.6246
-0.88368,0,-6.2274,-6.2274,5.6097,1.8115
-1.5111,0,-5.679,-5.679,5.5207,3.0978
-2.0802,0,-4.5213,-4.5213,5.3754,4.2644
-2.5267,0,-3.1266,-3.1266,5.1628,5.1797
-2.8447,0,-1.727,-8.8,4.9141,0
-3.0158,0,-0.71678,-8.8,4.6603,0
-3.09,0,-0.46663,-8.8,4.4016,0
-3.1289,0,-0.37179,-8.8,4.1319,0
-3.1577,0,-0.30846,-8.8,3.8611,0
-3.1924,0,-0.1445,-8.8,3.5923,0
-3.2058,0,0.13685,-8.8,3.3085,0
-3.1906,0,0.47621,-8.8,3.0325,0
-3.1402,0,0.74427,-8.8,2.7657,0
-3.069,0,0.94922,-8.8,2.496,0
-2.9645,0,1.0615,-8.8,2.2433,0
-2.8632,0,1.1192,-8.8,1.987,0
-2.7459,0,1.1705,-8.8,1.7477,0
-2.6192,0,1.2398,-8.8,1.5262,0
-2.4969,0,1.3313,-8.8,1.3208,0
-2.3547,0,1.4208,-8.8,1.1176,0
-2.2162,0,1.4367,-8.8,0.92995,0
-2.0688,0,1.4403,-8.8,0.75683,0
-1.915,0,1.4572,-8.8,0.59489,0
-1.7682,0,1.4686,-8.8,0.4503,0
-1.626,0,1.4567,-8.8,0.3163,0
-1.4784,0,1.5107,-8.8,0.20011,0
-1.3209,0,1.5882,-8.8,0.11204,0
-1.1552,0,1.6549,-25.555,0.024523,0
-0.99581,0,1.731,-9.0046,0.046184,0
-0.82845,0,1.8162,9.8,1,18.474
-0.64081,0.98,1.8866,-8.8,0.87868,0
-0.45538,0.1,1.9329,-8.8,0.76401,0
-0.26491,0,1.9536,-8.8,0.76154,0
-0.060495,0,1.9472,-8.8,0.77984,0
0.13893,0,1.9271,-8.8,0.81909,0
0.33854,0,1.8766,-8.8,0.88688,0
0.52285,0,1.8065,-8.8,0.9818,0
0.69468,0,1.6863,-8.8,1.0918,0
0.8614,0,1.529,-8.8,1.2187,0
1.0197,0,1.3314,-8.8,1.3627,0
1.1467,0,1.0536,-8.8,1.5121,0
1.2474,0,0.71244,-8.8,1.6803,0
1.3149,0,0.3973,-8.8,1.8461,0
1.3594,0,0.12623,-8.8,2.0207,0
1.3819,0,-0.10948,-8.8,2.1963,0
1.3659,0,-0.29356,-8.8,2.3761,0
1.3278,0,-0.42871,-8.8,2.5651,0
1.2831,0,-0.50859,-8.8,2.7401,0
1.2417,0,-0.58741,-8.8,2.9031,0
1.1907,0,-0.65907,-8.8,3.0709,0
1.1165,0,-0.67599,-8.8,3.2317,0
1.046,0,-0.64011,-8.8,3.3915,0
0.97978,0,-0.63149,-8.8,3.5368,0
0.92339,0,-0.62116,-8.8,3.6843,0
0.85569,0,-0.6023,-8.8,3.8245,0
0.80268,0,-0.60111,-8.8,3.9477,0
0.74418,0,-0.64565,-8.8,4.0721,0
0.67729,0,-0.74455,-8.8,4.1915,0
0.60263,0,-0.88745,-8.8,4.2902,0
0.50853,0,-1.0749,-8.8,4.3857,0
0.40278,0,-1.3274,-8.8,4.4778,0
0.26539,0,-1.6007,-8.8,4.5616,0
0.10654,0,-1.834,-8.8,4.6182,0
-0.077829,0,-2.0312,-8.8,4.665,0
-0.27257,0,-2.1853,-8.8,4.6981,0
-0.48505,0,-2.2553,-8.8,4.7091,0
-0.71388,0,-2.2757,-8.8,4.6852,0
-0.94405,0,-2.2683,-8.8,4.6485,0
-1.1646,0,-2.2619,-8.8,4.5957,0
-1.3911,0,-2.2668,-8.8,4.5075,0
-1.6225,0,-2.2872,-8.8,4.4021,0
-1.8596,0,-2.326,-8.8,4.2704,0
-2.0966,0,-2.3586,-8.8,4.119,0
-2.3364,0,-2.3861,-8.8,3.9337,0
-2.5759,0,-2.3517,-8.8,3.7396,0
-2.8155,0,-2.3112,-8.8,3.5085,0
-3.0437,0,-2.2914,-8.8,3.2614,0
-3.2759,0,-2.4543,-8.8,2.981,0
-3.5114,0,-2.6673,-8.8,2.6919,0
-3.7704,0,-2.9284,-8.8,2.3778,0
-4.061,0,-3.1341,-8.8,2.022,0
-4.3686,0,-3.2142,-9.0431,1.6371,0
-4.6804,0,-3.0743,-12.022,1.2241,0
-4.9838,0,-2.8724,-18.508,0.7943,0
-5.2611,0,-2.7015,-39.244,0.37872,0
-5.5351,0,-2.5841,-441.42,0.034908,0
-5.7894,0,-2.5524,-12.6,1.6678,0
-6.0494,0,-2.6495,-18.693,1.1405,0
-6.3224,0,-2.8061,-35.258,0.61588,0
-6.611,0,-2.7309,-160.81,0.13824,0
-6.8813,0,-2.4003,-91.134,0.26682,0
-7.1261,0,-2.0034,-802.29,0.031727,0
-7.3311,0,-1.4851,-9.576,3.3213,0
-7.4834,0,-0.91855,-11.557,2.632,0
-7.5807,0,-0.56963,-15.339,1.9455,0
-7.6446,0,-0.49717,-23.546,1.2678,0
-7.6946,0,-0.47888,-48.822,0.61236,0
-7.7458,0,-0.48434,-339.16,0.088578,0
-7.7941,0,-0.46933,-30.789,1.0018,0
-7.8325,0,-0.35551,-83.644,0.36828,0
-7.859,0,-0.13751,-1.1252e+05,0.00027446,0
-7.8646,0,0.1344,7.8,561.81,32.23
-7.8435,0.78,0.43823,7.8,560.99,33.147
-7.8046,1.56,0.72715,7.8,560.09,34.059
-7.7394,2.34,0.91609,7.8,559.13,35.128
-7.6552,3.12,1.0058,7.8,558.09,36.365
-7.5503,3.9,1.0114,7.8,556.99,37.738
-7.4486,4.68,0.96844,7.8,555.82,39.219
-7.3516,5.46,0.91105,7.8,554.58,40.739
-7.2553,6.24,0.86192,6.7,553.26,39.933
-7.1723,6.91,0.8133,6.7,551.88,41.238
-7.0952,7.58,0.75797,6.7,550.44,42.57
-7.0258,8.25,0.70854,6.7,548.94,43.905
-6.9557,8.92,0.63355,6.7,547.39,45.292
-6.9017,9.59,0.62675,6.7,545.78,46.569
