7.7778,7.7778,0.54897,0,35.5,0
7.8418,7.7778,0.59836,6.7,35.51,49.681
7.903,8.4478,0.40831,6.7,35.492,56.972
7.9372,9.1178,0.32776,6.7,35.399,62.714
7.963,9.7878,0.2401,6.7,35.256,68.773
7.9849,10.458,0.16375,6.7,35.042,74.759
8.0097,11.128,0.1688,-0.18686,34.762,8.255
8.0362,11.109,0.19388,-0.18648,34.461,7.9061
8.0651,11.09,0.19762,-0.18588,34.165,7.6975
8.0894,11.072,0.18523,-0.18555,33.87,7.613
8.1129,11.053,0.15939,-0.1852,33.582,7.6212
8.1334,11.035,0.10293,-0.18514,33.281,7.848
8.137,11.016,0.056536,-0.18604,32.994,8.0763
8.1388,10.998,0.0087552,-0.18707,32.705,8.3284
8.1478,10.979,-0.0073281,-0.18769,32.413,8.327
8.152,10.96,-0.018196,-0.18858,32.125,8.305
8.1432,10.941,-0.023042,-0.19034,31.838,8.2869
8.1456,10.922,-0.016741,-0.19121,31.567,8.1464
8.1386,10.903,-0.0049163,-0.19277,31.292,8.0009
8.1419,10.884,-0.012459,-0.19367,31.014,7.9564
8.1365,10.865,0.0013436,-0.19517,30.738,7.7917
8.1411,10.845,-0.0048031,-0.19596,30.462,7.7315
8.1404,10.825,-0.020164,-0.19716,30.185,7.7554
8.1369,10.806,-0.031325,-0.19838,29.927,7.7608
8.1391,10.786,-0.042076,-0.19917,29.669,7.7416
8.1337,10.766,-0.074274,-0.20073,29.396,7.9038
8.1354,10.746,-0.16085,-0.20167,29.13,8.4544
8.1271,10.726,-0.32487,-0.20324,28.877,9.7331
8.0966,10.705,-0.47364,-0.20677,28.609,11.113
8.0508,10.685,-0.64772,-0.2116,28.341,12.979
7.9847,10.664,-0.78112,-0.21812,28.075,14.676
7.9102,10.642,-0.80884,-0.2254,27.811,15.232
7.8336,10.619,-0.76447,-0.23303,27.543,14.926
7.7526,10.596,-0.74804,-0.24135,27.261,14.971
7.6775,10.572,-0.72702,-0.24954,26.965,14.928
7.5958,10.547,-0.71291,-0.25845,26.668,14.99
7.5148,10.521,-0.73694,-0.26754,26.368,15.493
7.4431,10.494,-0.77171,-0.2761,26.06,16.083
7.3755,10.467,-0.76501,-0.28449,25.75,16.146
7.3016,10.438,-0.75729,-0.29352,25.446,16.22
7.2193,10.409,-0.74913,-0.30376,25.13,16.319
7.1402,10.378,-0.74828,-0.31418,24.801,16.483
7.0641,10.347,-0.67884,-0.32464,24.468,15.798
6.9999,10.315,-0.54124,-0.33392,24.145,14.325
6.947,10.281,-0.36819,-0.34235,23.817,12.57
6.9121,10.247,-0.20971,-0.34942,23.475,11.051
6.8826,10.212,-0.055549,-0.35564,23.151,9.7013
6.8792,10.176,0.035643,-0.35943,22.815,8.8481
6.8801,10.14,0.037353,-0.36236,22.496,8.6641
6.8743,10.104,0.049566,-0.36643,22.166,8.4262
6.8828,10.068,0.06026,-0.36847,21.852,8.1554
6.8794,10.031,0.063733,-0.3718,21.543,7.9765
6.884,9.9936,0.082834,-0.3742,21.235,7.6676
6.9012,9.9561,0.078294,-0.37537,20.917,7.4761
6.905,9.9186,0.040772,-0.3778,20.613,7.5477
6.9152,9.8808,0.036255,-0.37959,20.304,7.3783
6.9271,9.8429,0.046371,-0.38057,20.015,7.1122
6.9285,9.8048,0.026959,-0.38268,19.734,7.0726
6.9279,9.7665,0.013412,-0.38553,19.439,6.9976
6.9196,9.728,0.025467,-0.38929,19.15,6.7822
6.9208,9.6891,0.011831,-0.39138,18.872,6.7027
6.9151,9.6499,0.010899,-0.39439,18.598,6.564
6.914,9.6105,0.019482,-0.39692,18.319,6.3522
6.9093,9.5708,0.05336,-0.39946,18.056,6.006
6.9142,9.5308,0.080958,-0.40065,17.79,5.6794
6.9134,9.4908,0.16502,-0.40244,17.531,5.0828
6.9229,9.4505,0.26481,-0.40267,17.271,4.4394
6.9521,9.4103,0.4015,-0.39894,17.031,3.6813
6.9909,9.3704,0.53703,-0.39379,16.783,3.0284
7.0443,9.331,0.66628,-0.38588,16.54,2.4848
7.1139,9.2924,0.74546,-0.37412,16.322,2.1199
7.1814,9.255,0.77829,-0.36258,16.102,1.8868
7.2687,9.2187,0.78416,-0.34651,15.904,1.6861
7.3407,9.1841,0.77821,-0.33275,15.715,1.5349
7.4095,9.1508,0.74317,-0.31901,15.537,1.43
7.4851,9.1189,0.65804,-0.30392,15.359,1.3844
7.5498,9.0885,0.57905,-0.29004,15.204,1.3579
7.6066,9.0595,0.46203,-0.27733,15.057,1.4269
7.6478,9.0318,0.35009,-0.26725,14.921,1.5472
7.6743,9.005,0.26636,-0.26,14.787,1.6557
7.7072,8.979,0.22514,-0.25118,14.663,1.6534
7.7322,8.9539,0.18681,-0.24405,14.535,1.6612
7.7566,8.9295,0.17491,-0.23673,14.419,1.5984
7.7785,8.9059,0.17917,-0.22975,14.309,1.4974
7.7952,8.8829,0.15988,-0.22367,14.208,1.4738
7.8185,8.8605,0.12292,-0.21614,14.111,1.4904
7.8297,8.8389,0.10668,-0.21108,14.017,1.4723
7.8378,8.8178,0.089643,-0.2067,13.924,1.4637
7.8563,8.7971,0.046379,-0.20022,13.828,1.5174
7.8542,8.7771,0.028272,-0.19803,13.738,1.5356
7.8569,8.7573,0.027508,-0.19504,13.639,1.49
7.8622,8.7378,0.02924,-0.19125,13.551,1.4335
7.8636,8.7187,0.012111,-0.18815,13.471,1.4448
7.8608,8.6998,0.029643,-0.18626,13.38,1.3558
7.8577,8.6812,0.016718,-0.18448,13.288,1.362
7.852,8.6628,0.022317,-0.18303,13.208,1.3175
7.857,8.6445,0.010714,-0.17936,13.119,1.3058
7.8676,8.6265,0.013206,-0.17411,13.044,1.2429
7.8617,8.6091,0.0059899,-0.17266,12.972,1.2404
7.8529,8.5919,0.00756,-0.17174,12.908,1.2174
7.8528,8.5747,0.006564,-0.16898,12.834,1.1865
7.8602,8.5578,0.013781,-0.16465,12.754,1.1186
7.8667,8.5413,0.013362,-0.16023,12.69,1.0769
7.8611,8.5253,0.00097585,-0.15879,12.624,1.0914
7.8544,8.5094,0.0062087,-0.15754,12.562,1.0577
7.8585,8.4937,0.018478,-0.15395,12.489,0.98567
7.8606,8.4783,0.081578,-0.15062,12.429,0.78985
7.8667,8.4632,0.21373,-0.14627,12.372,0.47771
7.8848,8.4486,0.36656,-0.13904,12.314,0.21615
7.917,8.4347,0.55932,-0.12851,12.252,0.042196
7.9654,8.4218,0.72757,-0.11377,12.211,0.010338
8.0332,8.4104,0.8477,-0.094513,12.163,0.041506
8.1147,8.401,0.91231,-0.072007,12.125,0.059343
8.1969,8.3938,0.94477,-0.049673,12.095,0.055724
8.2957,8.3888,0.94428,-0.023526,12.081,0.0014965
8.3978,8.3865,0.91046,0.006408,12.077,0
8.4971,8.3871,0.83941,0.062305,12.083,0
8.5809,8.3933,0.71546,0.10618,12.094,0
8.6532,8.404,0.56934,0.14101,12.113,0
8.7021,8.4181,0.41626,0.16054,12.136,0
8.7481,8.4341,0.315,0.17715,12.156,0
8.7872,8.4518,0.21724,0.18897,12.186,0
8.8137,8.4707,0.14822,0.19304,12.223,0
8.8201,8.49,0.1234,0.18556,12.26,0
8.827,8.5086,0.10167,0.17871,12.286,0
8.8457,8.5265,0.055745,0.17901,12.322,0
8.844,8.5444,0.026709,0.16768,12.344,0
8.8426,8.5611,0.031168,0.15724,12.365,0
8.8444,8.5769,0.036589,0.14925,12.388,0
8.8475,8.5918,0.012112,0.14259,12.419,0
8.8451,8.606,0.010125,0.13305,12.436,0
8.8501,8.6193,0.0084713,0.12842,12.466,0
8.8544,8.6322,0.00991,0.12349,12.485,0
8.8513,8.6445,-0.010151,0.11485,12.512,0
8.8511,8.656,-0.0058064,0.10834,12.541,0
8.8535,8.6669,-0.018526,0.10356,12.552,0
8.8489,8.6772,-0.0070731,0.095167,12.57,0
8.8485,8.6867,-0.0033901,0.089585,12.585,0
8.855,8.6957,0.011119,0.088259,12.61,0
8.8488,8.7045,0.027414,0.079898,12.627,0
8.8519,8.7125,0.031822,0.077159,12.647,0
8.8589,8.7202,0.030153,0.07675,12.662,0
8.8679,8.7279,0.0082065,0.077494,12.686,0
8.8693,8.7356,-0.0051181,0.073927,12.703,0
8.8741,8.743,-0.024628,0.072512,12.722,0
8.8704,8.7503,-0.010149,0.06643,12.732,0
8.8709,8.7569,0.0023257,0.06292,12.734,0
8.8685,8.7632,-0.011178,0.058087,12.737,0
8.86,8.769,-0.067154,0.050152,12.738,0.073459
8.8614,8.774,-0.1334,0.048123,12.742,0.25192
8.8534,8.7789,-0.227,0.041011,12.741,0.55062
8.8302,8.783,-0.34618,0.025984,12.754,1.0106
8.8027,8.7856,-0.40756,0.0094451,12.765,1.2919
8.757,8.7865,-0.43293,-0.0071504,12.771,1.4799
8.7118,8.7858,-0.44586,-0.017917,12.773,1.634
8.6753,8.784,-0.47202,-0.026339,12.77,1.8348
8.6279,8.7814,-0.50125,-0.037225,12.759,2.0805
8.5699,8.7776,-0.61172,-0.050523,12.733,2.8207
8.5071,8.7726,-0.78166,-0.064818,12.701,4.0914
8.423,8.7661,-0.9877,-0.084053,12.668,5.9865
8.3159,8.7577,-1.2172,-0.10854,12.637,8.6171
8.186,8.7468,-1.4143,-0.13839,12.594,11.449
8.0436,8.733,-1.552,-0.17121,12.531,13.87
7.8959,8.7159,-1.6645,-0.20541,12.451,16.13
7.7378,8.6953,-1.726,-0.24183,12.37,17.684
7.5621,8.6712,-1.7831,-0.28309,12.268,19.261
7.3824,8.6429,-1.8612,-0.3256,12.154,21.298
7.1993,8.6103,-1.913,-0.36984,12.017,22.867
6.9997,8.5733,-1.9469,-0.41887,11.872,24.127
6.7996,8.5314,-1.9733,-0.4693,11.706,25.197
6.5968,8.4845,-1.805,-0.52168,11.526,22.162
6.4124,8.4323,-1.4786,-0.56958,11.34,16.781
6.2642,8.3754,-1.1141,-0.6094,11.131,11.95
6.1431,8.3144,-0.7227,-0.6429,10.909,7.9938
6.0779,8.2501,-0.3389,-0.6599,10.686,5.1146
6.0436,8.1841,-0.13188,-0.66594,10.478,3.8852
6.0284,8.1176,-0.06463,-0.66631,10.266,3.4309
6.0269,8.0509,-0.031947,-0.6624,10.052,3.126
6.0282,7.9847,-0.034185,-0.65592,9.8531,2.9679
6.031,7.9191,-0.056514,-0.64871,9.6553,2.8859
6.0161,7.8542,-0.055946,-0.64623,9.4706,2.7541
6.0022,7.7896,-0.056117,-0.64293,9.2898,2.6279
6.0029,7.7253,-0.062851,-0.63288,9.1213,2.511
6.0021,7.662,-0.049048,-0.62384,8.949,2.3298
5.989,7.5996,-0.041348,-5.2,8.7807,48.014
5.9836,7.0796,-0.039924,-0.40058,8.6428,1.5637
5.9724,7.0396,-0.044451,-0.3962,8.529,1.5189
5.975,7,-0.0599,-5.2,8.4159,46.119
5.9748,6.48,-0.053472,-0.17792,8.3411,0.81128
5.9662,6.4622,-0.054926,-0.17605,8.2868,0.79874
5.9637,6.4446,-0.052772,-0.17206,8.2324,0.76846
5.954,6.4273,-0.032188,-5.2,8.188,44.617
5.952,5.9073,-0.034097,0.032016,8.1619,0.052389
5.9525,5.9106,-0.047976,0.030049,8.1601,0.086373
5.9498,5.9136,-0.024164,0.025902,8.1546,0.033637
5.9414,5.9161,-0.012647,0.018067,8.1581,0.013607
5.9399,5.918,-0.02738,0.015676,8.1585,0.048167
5.9339,5.9195,-0.022057,0.010296,8.1524,0.040043
5.9416,5.9206,-0.031775,0.015038,8.1565,0.058578
5.9302,5.9221,-0.044858,0.0058411,8.1493,0.095278
5.9269,5.9226,-0.062829,0.0030498,8.1516,0.14002
5.9306,5.9229,-0.1506,0.0054587,8.1492,0.37214
5.9083,5.9235,-0.25423,-0.0050296,8.1513,0.72766
5.8886,5.923,-0.36232,-0.011435,8.1393,1.1694
5.8457,5.9218,-0.47845,-0.02537,8.1305,1.7636
5.8012,5.9193,-0.54118,-0.039437,8.1198,2.1584
5.7421,5.9154,-0.46945,-0.057889,8.112,1.8878
5.6881,5.9096,-0.36078,-0.0743,8.0879,1.4697
5.6606,5.9021,-0.23501,-0.0814,8.0591,1.0094
5.6366,5.894,-0.10972,-0.087084,8.0332,0.63113
5.6291,5.8853,-0.012412,-0.087096,8.002,0.37463
5.63,5.8766,0.015377,-0.084227,7.9701,0.29717
5.6391,5.8682,0.01259,-0.078572,7.9426,0.279
5.6356,5.8603,0.021179,-8.8,7.9116,27.631
5.6446,4.9803,0.016523,0.61746,7.9272,0.082178
5.6425,5.0421,0.0048997,0.55029,7.9847,0.067127
5.6364,5.0971,0.015556,0.48875,8.0465,0
5.6424,5.146,0.024598,0.44506,8.0936,0
5.6432,5.1905,0.022708,0.40236,8.146,0
5.6526,5.2307,0.02843,0.37204,8.1917,0
5.6574,5.2679,-0.0097521,0.34071,8.2267,0.00081269
5.6531,5.302,-0.022391,0.30511,8.266,0.028378
5.6543,5.3325,0.029067,0.27812,8.3052,0
5.6596,5.3603,0.088612,0.25744,8.3402,0
5.6676,5.386,0.21606,0.24115,8.3757,0
5.6849,5.4102,0.35202,0.23412,8.3985,0
5.7129,5.4336,0.43222,0.23724,8.4335,0
5.7632,5.4573,0.51337,0.25875,8.4641,0
5.8093,5.4832,0.6153,0.27452,8.4951,0
5.8743,5.5106,0.64897,0.30472,8.5304,0
5.9348,5.5411,0.70005,0.32809,8.5673,0
6.0022,5.5739,0.74962,0.35471,8.6021,0
6.0713,5.6094,0.76503,0.38004,8.6391,0
6.1395,5.6474,0.79051,0.40248,8.6915,0
6.2194,5.6876,0.82119,0.43214,8.7452,0
6.3018,5.7308,0.84133,0.46111,8.8094,0
6.3814,5.7769,0.8428,0.48439,8.8646,0
6.4644,5.8254,0.80819,0.50778,8.9197,0
6.5399,5.8762,0.82663,0.52346,8.9903,0
6.6282,5.9285,0.84904,0.5474,9.0587,0
6.7205,5.9832,0.83697,0.57245,9.1383,0
6.8103,6.0405,0.79865,0.59283,9.2167,0
6.8822,6.0998,0.79208,0.59692,9.2902,0
6.9541,6.1595,0.75597,0.60098,9.3682,0
7.0215,6.2196,0.75354,0.60129,9.4487,0
7.0905,6.2797,0.77847,0.60286,9.5304,0
7.1778,6.34,0.84287,0.61829,9.6219,0
7.2525,6.4018,0.85642,0.6229,9.7122,0
7.3286,6.4641,0.80587,0.62814,9.8051,0
7.4117,6.5269,0.70021,0.63728,9.887,0
7.4744,6.5906,0.59092,0.63161,9.9814,0
7.5237,6.6538,0.48172,0.61677,10.071,0
7.5767,6.7155,0.39204,0.60562,10.153,0
7.6063,6.776,0.28836,0.5798,10.245,0
7.6415,6.834,0.18929,0.55942,10.317,0
7.6656,6.89,0.11298,0.53383,10.399,0
7.6674,6.9433,0.078614,0.49492,10.47,0
7.6682,6.9928,0.058365,0.45885,10.539,0
7.6736,7.0387,0.025308,0.42922,10.61,0
7.6857,7.0816,-0.09664,0.40663,10.679,0
7.6776,7.1223,-0.2424,0.37201,10.736,0.45553
7.6586,7.1595,-0.43228,0.33304,10.794,1.309
7.6099,7.1928,-0.60987,0.2773,10.843,2.2965
7.5468,7.2205,-0.75402,0.21605,10.875,3.237
7.476,7.2421,-0.80124,0.15446,10.903,3.5661
7.4002,7.2576,-0.82556,0.093974,10.916,3.7355
7.3218,7.267,-0.80577,0.036075,10.921,3.5836
7.2451,7.2706,-0.80617,-0.0065021,10.927,3.6471
7.1571,7.2699,-0.78791,-0.028841,10.926,3.7346
7.0841,7.2671,-0.77493,-0.046866,10.904,3.8156
7.0051,7.2624,-0.73204,-0.066026,10.887,3.6973
6.9265,7.2558,-0.62648,-0.084884,10.852,3.1746
6.8653,7.2473,-0.49267,-0.098818,10.82,2.5154
6.8065,7.2374,-0.36796,-0.11193,10.785,1.9918
6.7669,7.2262,-0.2294,-0.12007,10.731,1.4556
6.7344,7.2142,-0.11046,-0.12602,10.689,1.0705
6.7295,7.2016,-0.080158,-0.12456,10.648,0.96062
6.723,7.1891,-0.042732,-0.12359,10.605,0.83892
6.7117,7.1768,-0.012919,-0.12407,10.554,0.75301
6.7059,7.1644,0.0016749,-0.12278,10.517,0.70268
6.6962,7.1521,-0.01154,-0.12275,10.47,0.73137
6.6974,7.1398,0.023987,-0.11965,10.431,0.61794
6.6982,7.1279,0.0097066,-0.11681,10.387,0.632
6.6908,7.1162,-0.012257,-0.11619,10.346,0.68021
6.6842,7.1046,-0.044726,-0.1153,10.308,0.75843
6.6852,7.093,-0.031696,-0.11261,10.257,0.70073
6.6729,7.0818,-0.053132,-0.11351,10.212,0.75955
6.6744,7.0704,-0.12848,-0.11055,10.167,0.96213
6.6521,7.0594,-0.26891,-0.11421,10.129,1.483
6.6155,7.0479,-0.40862,-0.12201,10.081,2.1443
6.5749,7.0357,-0.51695,-0.13062,10.042,2.7635
6.526,7.0227,-0.56922,-0.14175,9.9881,3.1354
6.4638,7.0085,-0.59195,-0.1567,9.9265,3.3692
6.3954,6.9928,-0.6181,-0.17338,9.8598,3.639
6.3308,6.9755,-0.62354,-0.18864,9.7948,3.7676
6.2702,6.9566,-0.62653,-0.20246,9.7302,3.8681
6.2033,6.9364,-0.67234,-0.21836,9.6532,4.2638
6.1383,6.9146,-0.71555,-0.23352,9.5759,4.6498
6.0742,6.8912,-0.73891,-0.24862,9.4885,4.8937
5.9918,6.8663,-0.80286,-0.26944,9.3955,5.4927
5.9083,6.8394,-0.93326,-0.29015,9.3068,6.707
5.8203,6.8104,-1.1205,-0.31291,9.202,8.6618
5.7023,6.7791,-1.294,-0.34458,9.1056,10.855
5.5645,6.7446,-1.4278,-0.38307,8.9968,12.843
5.4184,6.7063,-1.5444,-0.42532,8.8705,14.77
5.2558,6.6638,-1.6254,-0.47399,8.7312,16.286
5.092,6.6164,-1.657,-0.52389,8.5825,17.008
4.932,6.564,-1.6383,-0.57247,8.4325,16.849
4.7732,6.5068,-1.6213,-0.62312,8.2613,16.659
4.6146,6.4444,-1.5875,-5.2,8.0764,0.414
4.4513,5.9244,-1.571,-8.8,7.9213,0
4.2865,5.0444,-1.5364,-0.22732,7.8046,13.464
4.1393,5.0217,-1.4838,-0.26855,7.7127,13.02
3.9868,4.9949,-1.3173,-0.31136,7.6172,11.075
3.8599,4.9637,-1.0949,-0.34587,7.5203,8.6971
3.7577,4.9291,-0.86669,-8.8,7.4035,0
3.6693,4.0491,-0.65726,-0.099722,7.3263,3.4787
3.5982,4.0392,-0.50206,-0.11665,7.2812,2.6824
3.5417,4.0275,-0.43788,-0.12949,7.2338,2.4321
3.4978,4.0145,-0.44673,-0.13873,7.1878,2.5383
3.4609,4.0007,-0.45216,-0.14631,7.1294,2.608
3.4131,3.986,-0.49043,-0.15651,7.0794,2.8793
3.3567,3.9704,-0.50547,-0.16893,7.0287,3.0444
3.3131,3.9535,-0.59979,-8.8,6.9635,0
3.2444,3.0735,-0.70887,0.31579,6.9347,4.1981
3.1832,3.1051,-0.87992,0.14235,6.9563,4.7724
3.0926,3.1193,-1.0609,-0.0057655,6.9543,5.7527
2.9779,3.1187,-1.2776,-0.030492,6.9397,8.3872
2.8486,3.1157,-1.4629,-0.058082,6.9178,5.6432
2.7046,3.1099,-1.6116,-0.088876,6.8749,5.9872
2.5497,3.101,-1.7347,-0.12202,6.823,6.3105
2.3853,3.0888,-1.8122,-0.15747,6.7594,6.5724
2.2032,3.073,-1.9365,-0.19714,6.6865,6.9279
2.0056,3.0533,-2.0528,-0.24133,6.5935,7.2844
1.7923,3.0292,-2.201,-8.8,6.4881,0
1.5789,2.1492,-2.358,-0.09472,6.3879,6.6548
1.3422,2.1397,-2.4992,-0.13436,6.3145,7.246
1.1,2.1263,-2.6013,-0.17576,6.2267,7.7639
0.84179,2.1087,-2.6883,-0.22181,6.1106,8.2653
0.58081,2.0865,-2.8593,-8.8,5.9742,0
0.30247,1.2065,-3.1497,-0.092754,5.8618,8.4445
-0.014774,1.1973,-3.625,-0.12724,5.7516,10.002
-0.36892,1.1845,-4.4005,-0.16739,5.6221,12.247
-0.81455,1.1678,-5.4738,-8.8,5.4422,0
-1.3565,0.28779,-6.1267,-6.1267,5.2594,3.5385
-1.9684,0,-6.2763,-6.2763,5.1015,4.203
-2.5907,0,-6.0459,-8.8,4.9084,0
-3.1861,0,-5.4065,-8.8,4.6619,0
-3.7274,0,-4.4971,-8.8,4.3508,0
-4.1865,0,-3.9182,-8.8,4.0092,0
-4.5688,0,-3.6105,-8.8,3.6162,0
-4.9215,0,-3.2363,-8.8,3.1882,0
-5.2378,0,-2.7005,-8.8,2.7285,0
-5.5178,0,-2.0136,-8.8156,2.2381,0
-5.7209,0,-1.2787,-10.815,1.7161,0
-5.8427,0,-0.61271,-15.01,1.1856,0
-5.9041,0,-0.24386,-25.753,0.68326,0
-5.9218,0,-0.11478,-82.649,0.21244,0
-5.9414,0,-0.072323,-417.72,0.042261,0
-5.9429,0,-0.027546,-11.513,1.5375,0
-5.9393,0,0.011106,-17.553,1.0042,0
-5.938,0,0.049882,-35.248,0.49947,0
-5.9414,0,0.085534,-203.99,0.08649,0
-5.9329,0,0.095518,-34.325,0.51131,0
-5.9297,0,0.091684,-207.51,0.084686,0
-5.9273,0,0.09038,-33.669,0.52033,0
-5.9143,0,0.09066,-176.37,0.099112,0
-5.9111,0,0.10327,-44.804,0.38904,0
-5.909,0,0.11724,-741.82,0.023531,0
-5.8915,0,0.11307,-8.8,3.1383,0
-5.8711,0,0.09657,-8.8,2.6018,0
-5.8534,0,0.089058,-8.8,2.0533,0
-5.839,0,0.08203,-11.167,1.5153,0
-5.8378,0,0.078625,-17.237,0.9841,0
-5.838,0,0.079082,-35.122,0.48411,0
-5.8378,0,0.087335,-227.04,0.075025,0
-5.8202,0,0.098997,-26.798,0.62969,0
-5.8083,0,0.097843,-88.009,0.19145,0
-5.7971,0,0.083788,-349.25,0.0481,0
-5.7818,0,0.081415,-13.621,1.2199,0
-5.7798,0,0.076394,-23.28,0.71512,0
-5.7719,0,0.044193,-65.697,0.25338,0
-5.7732,0,-0.022036,-4740.3,0.0035157,0
-5.7735,0,-0.16224,7.8,23.132,28.734
-5.7877,0.78,-0.39666,7.8,22.509,30.855
-5.8214,1.56,-0.68656,-0.11426,21.821,16.502
-5.8825,1.5486,-0.99125,-0.12075,21.087,17.231
-5.972,1.5365,-1.2755,-0.12836,20.344,17.971
-6.0909,1.5237,-1.4922,-0.13741,19.58,18.624
-6.2407,1.5099,-1.6338,-0.14805,18.804,19.178
-6.4056,1.4951,-1.741,-0.16026,18.016,19.686
-6.5853,1.4791,-1.8244,-0.17416,17.222,20.167
-6.7695,1.4617,-1.8898,-0.19009,16.409,20.613
-6.9572,1.4427,-1.9347,-0.20831,15.581,21.015
-7.1555,1.4218,-1.9428,-0.2297,14.731,21.351
-7.3426,1.3989,-1.9006,-0.25425,13.864,21.547
-7.5261,1.3734,-1.8443,-0.28302,12.977,21.693
-7.7072,1.3451,-1.786,-0.31643,12.088,21.813
-7.8907,1.3135,-1.7232,-0.3571,11.172,21.907
-8.0534,1.2778,-1.6805,-0.40538,10.245,21.976
-8.2195,1.2372,-1.6513,-0.46482,9.3084,22.047
-8.3775,1.1908,-1.6151,-0.53905,8.3576,22.044
-8.5351,1.1369,-1.5798,-0.63479,7.3912,21.981
-8.6918,1.0734,-1.5506,-0.75886,6.4256,21.85
-8.8448,0.99749,-1.521,-10.42,5.4425,1.6446
-8.9884,0,-1.4973,-10.466,4.504,0
-9.137,0,-1.4776,-12.918,3.6487,0
-9.2766,0,-1.4394,-16.888,2.7852,0
-9.4273,0,-1.3961,-24.416,1.9304,0
-9.5705,0,-1.347,-42.67,1.1083,0
-9.6965,0,-1.2944,-130.88,0.36277,0
-9.8304,0,-1.2373,-1041.5,0.046447,0
-9.9539,0,-1.1877,-12.804,4.2646,0
-10.067,0,-1.1274,-16.327,3.3341,0
-10.173,0,-1.0496,-22.64,2.3967,0
-10.278,0,-0.87438,-36.331,1.4896,0
-10.358,0,-0.70795,-85.028,0.63623,0
-10.423,0,-0.60244,-2397.1,0.022668,0
-10.486,0,-0.48639,-0.48639,10.954,21.664
-10.538,0,-0.3926,-0.3926,9.9007,21.772
-10.578,0,-0.4295,-0.4295,8.8383,21.852
-10.622,0,-0.45937,-0.45937,7.7826,21.943
-10.675,0,-0.43641,-0.43641,6.7135,22.051
-10.709,0,-0.44566,-0.44566,5.6548,22.121
-10.758,0,-0.45932,-13.092,4.5807,0
-10.813,0,-0.45865,-16.838,3.5693,0
-10.852,0,-0.45751,-23.344,2.5727,0
-10.895,0,-0.45289,-37.468,1.6035,0
-10.944,0,-0.45451,-86.927,0.69249,0
-10.981,0,-0.46095,-1983.3,0.030405,0
-11.026,0,-0.4604,-0.4604,8.856,22.771
-11.071,0,-0.46035,-0.46035,7.7548,22.863
-11.115,0,-0.46585,-0.46585,6.6438,22.954
-11.169,0,-0.45782,-0.45782,5.5281,23.065
-11.209,0,-0.45374,-14.719,4.4037,0
-11.247,0,-0.44509,-19.286,3.3569,0
-11.301,0,-0.44389,-27.855,2.3295,0
-11.34,0,-0.44337,-48.714,1.3319,0
-11.39,0,-0.44322,-145.14,0.4483,0
-11.436,0,-0.43739,-2342.2,0.027924,0
-11.484,0,-0.44155,-0.44155,10.591,23.711
-11.537,0,-0.44694,-0.44694,9.4448,23.819
-11.576,0,-0.45361,-0.45361,8.2998,23.899
-11.622,0,-0.4568,-0.4568,7.1377,23.992
-11.668,0,-0.45871,-0.45871,5.9666,24.087
-11.713,0,-0.45856,-14.733,4.8059,0
-11.758,0,-0.4547,-19.129,3.7014,0
-11.795,0,-0.44196,-26.964,2.6228,0
-11.846,0,-0.32575,-44.906,1.5738,0
-11.882,0,-0.16822,-116.32,0.60776,0
-11.896,0,0.00073554,-1.6331e+05,0.0004333,0
-11.906,0,0.16839,7.8,815.33,40.611
-11.891,0.78,0.33091,7.8,814.1,41.837
-11.857,1.56,0.37963,7.8,812.8,43.264
-11.825,2.34,0.38519,7.8,811.43,44.786
-11.796,3.12,0.37383,7.8,809.97,46.35
-11.752,3.9,0.35648,7.8,808.45,47.895
-11.726,4.68,0.34423,7.8,806.85,49.466
-11.688,5.46,0.328,7.8,805.17,51.022
-11.661,6.24,0.30497,6.7,803.42,50.303
-11.624,6.91,0.28845,6.7,801.6,51.634
-11.597,7.58,0.26329,6.7,799.71,53.005
-11.561,8.25,0.24109,6.7,797.75,54.352
-11.54,8.92,0.23817,6.7,795.73,55.688
-11.521,9.59,0.27742,6.7,793.65,56.941
-11.488,10.26,0.39936,6.7,791.51,57.99
-11.442,10.93,0.62908,6.7,789.31,58.787
-11.383,11.6,0.90566,6.7,787.04,59.458
-11.291,12.27,1.1785,4.8,784.72,56.076
-11.183,12.75,1.3945,4.8,782.34,56.385
-11.037,13.23,1.6471,4.8,779.93,56.539
-10.882,13.71,1.5405,4.8,777.49,57.429
