23.889,23.889,0.71147,0,35.5,0
23.964,23.889,0.79974,0.019421,35.495,0
24.051,23.891,0.77301,0.041271,35.505,0
24.132,23.895,0.77018,0.06111,35.52,0
24.219,23.901,0.77074,0.081787,35.552,0
24.304,23.909,0.76375,0.10179,35.589,0
24.389,23.919,0.74564,0.12088,35.634,0
24.462,23.932,0.78529,0.13683,35.676,0
24.55,23.945,0.82534,0.15597,35.737,0
24.627,23.961,0.82125,0.17189,35.794,0
24.715,23.978,0.86397,0.19013,35.862,0
24.8,23.997,0.88949,0.20731,35.934,0
24.883,24.018,0.88628,0.22348,36.011,0
24.966,24.04,0.90348,0.23949,36.107,0
25.048,24.064,0.95174,0.25472,36.207,0
25.148,24.089,0.97678,0.27414,36.316,0
25.241,24.117,0.91274,0.2913,36.427,0
25.341,24.146,0.80425,0.31005,36.541,0
25.425,24.177,0.6193,0.32411,36.669,0
25.484,24.209,0.40392,0.33121,36.795,0
25.521,24.243,0.12839,0.33236,36.919,0
25.529,24.276,-0.020669,0.32612,37.036,0
25.528,24.308,-0.11406,0.31765,37.161,0
25.524,24.34,-0.20489,0.30846,37.289,0
25.511,24.371,-0.25531,0.29738,37.412,0
25.477,24.401,-0.233,0.28091,37.529,0
25.459,24.429,-0.23605,0.26915,37.643,0
25.444,24.456,-0.26424,0.25829,37.75,0
25.425,24.482,-0.20179,0.24681,37.851,0
25.404,24.506,-0.1173,0.23498,37.945,0
25.396,24.53,0.021381,0.22688,38.035,0
25.392,24.552,0.18874,0.21992,38.12,0
25.416,24.574,0.4238,0.22052,38.201,0
25.449,24.597,0.64916,0.22364,38.292,0
25.518,24.619,0.87397,0.23577,38.384,0
25.615,24.642,0.9217,0.25526,38.474,0
25.706,24.668,0.91462,0.27268,38.576,0
25.789,24.695,0.88785,0.28746,38.682,0
25.868,24.724,1.0069,0.30098,38.8,0
25.962,24.754,0.90174,0.31777,38.91,0
26.051,24.786,0.87341,0.33308,39.036,0
26.135,24.819,0.81487,0.34668,39.17,0
26.208,24.854,0.81381,0.3572,39.3,0
26.293,24.89,0.73863,0.37041,39.443,0
26.366,24.927,0.84145,0.38022,39.586,0
26.444,24.965,0.9529,0.39115,39.738,0
26.54,25.004,1.0746,0.40647,39.899,0.020192
26.647,25.044,1.0549,0.42451,40.064,0
26.761,25.087,0.9697,0.44392,40.238,0
26.868,25.131,0.87723,0.46077,40.402,0
26.958,25.177,0.88907,0.4729,40.571,0
27.04,25.225,0.8679,0.4825,40.757,0
27.13,25.273,0.91532,0.49407,40.947,0
27.226,25.322,0.91671,0.50682,41.133,0
27.327,25.373,0.98991,0.52053,41.317,0
27.428,25.425,0.97514,0.53399,41.512,0
27.526,25.478,0.96782,0.54627,41.722,0
27.631,25.533,0.93003,0.56049,41.938,0
27.725,25.589,0.90873,0.57111,42.151,0
27.818,25.646,0.88331,0.58112,42.376,0
27.902,25.704,0.85364,0.5886,42.59,0
27.991,25.763,0.86197,0.59714,42.818,0
28.068,25.823,0.8157,0.60212,43.036,0
28.141,25.883,0.74378,0.60623,43.266,0
28.206,25.944,0.6584,0.60771,43.487,0
28.276,26.004,0.62185,0.61037,43.704,0
28.336,26.066,0.52328,0.61082,43.939,0
28.395,26.127,0.55012,0.61073,44.166,0
28.459,26.188,0.52782,0.61176,44.388,0
28.511,26.249,0.40139,0.60961,44.608,0
28.552,26.31,0.24113,0.60452,44.839,0
28.573,26.37,0.28223,0.59437,45.061,0
28.611,26.43,0.23427,0.58881,45.284,0
28.625,26.489,0.25724,0.577,45.503,0
28.641,26.546,0.33755,0.56605,45.706,0
28.678,26.603,0.42058,0.56086,45.909,0
28.722,26.659,0.35266,0.55784,46.113,0
28.758,26.715,0.33668,0.55302,46.327,0
28.8,26.77,0.36843,0.54973,46.538,0
28.837,26.825,0.4279,0.5451,46.739,0
28.871,26.88,0.51543,0.53977,46.938,0
28.925,26.934,0.57021,0.53972,47.128,0
28.982,26.987,0.56507,0.54071,47.317,0
29.029,27.042,0.52879,0.53908,47.519,0
29.081,27.095,0.51492,0.53891,47.725,0
29.141,27.149,0.49812,0.54067,47.922,0
29.197,27.203,0.54168,0.54126,48.119,0
29.259,27.258,0.6419,0.54382,48.323,0
29.317,27.312,0.7119,0.54514,48.533,0
29.394,27.366,0.75762,0.5513,48.733,0
29.462,27.422,0.7526,0.55482,48.928,0
29.532,27.477,0.74965,0.559,49.131,0
29.598,27.533,0.72877,0.56182,49.329,0
29.666,27.589,0.74742,0.56516,49.534,0
29.74,27.646,0.69449,0.57021,49.749,0
29.808,27.703,0.65225,0.57355,49.956,0
29.871,27.76,0.60215,0.5752,50.17,0
29.927,27.818,0.59632,0.57492,50.381,0
29.979,27.875,0.57963,0.57365,50.596,0
30.032,27.932,0.60344,0.57261,50.816,0
30.084,27.99,0.6448,0.57127,51.026,0
30.148,28.047,0.62776,0.57329,51.234,0
30.201,28.104,0.54521,0.57241,51.448,0
30.264,28.161,0.46582,0.57395,51.654,0
30.315,28.219,0.41387,0.57247,51.865,0
30.347,28.276,0.39995,0.56574,52.072,0
30.383,28.333,0.40285,0.56021,52.275,0
30.428,28.389,0.41083,0.55737,52.488,0
30.463,28.444,0.41357,0.55156,52.692,0
30.51,28.499,0.39859,0.54942,52.89,0
30.548,28.554,0.32624,0.54482,53.088,0
30.578,28.609,0.3011,0.53815,53.277,0
30.609,28.663,0.30702,0.53197,53.467,0
30.646,28.716,0.2949,0.52753,53.656,0
30.684,28.769,0.28227,0.52355,53.848,0
30.719,28.821,0.21664,0.519,54.045,0
30.733,28.873,0.13833,0.50864,54.239,0
30.747,28.924,0.056378,0.49877,54.419,0
30.748,28.974,0.0012879,0.48519,54.591,0
30.757,29.022,-0.049353,0.47441,54.757,0
30.745,29.07,-0.05733,0.4583,54.936,0
30.749,29.115,-0.0061561,0.44672,55.097,0
30.745,29.16,-0.070779,0.43356,55.267,0
30.746,29.204,-0.098278,0.42182,55.421,0
30.728,29.246,-0.11035,0.40538,55.564,0
30.724,29.286,-0.10626,0.39319,55.707,0
30.718,29.326,-0.20113,0.38082,55.849,0
30.707,29.364,-0.15542,0.36732,55.986,0
30.686,29.4,-0.13087,0.35159,56.126,0
30.664,29.436,-0.12638,0.33594,56.242,0
30.653,29.469,-0.11225,0.32379,56.354,0
30.648,29.501,-0.057152,0.31356,56.469,0
30.646,29.533,-0.028143,0.3044,56.583,0
30.637,29.563,-0.05603,0.29348,56.687,0
30.626,29.593,-0.098141,0.28268,56.792,0
30.616,29.621,-0.11737,0.2722,56.889,0
30.6,29.648,-0.12931,0.26028,56.98,0
30.592,29.674,-0.11638,0.2509,57.078,0
30.588,29.699,-0.087007,0.24287,57.165,0
30.571,29.724,-0.04446,0.23183,57.254,0
30.563,29.747,-0.036131,0.22307,57.33,0
30.556,29.769,-0.065457,0.21508,57.42,0
30.552,29.791,-0.13773,0.20816,57.488,0
30.531,29.811,-0.22493,0.19684,57.558,0
30.508,29.831,-0.30811,0.18513,57.619,0
30.484,29.85,-0.36397,0.17347,57.691,0
30.44,29.867,-0.34515,0.15665,57.749,0.015001
30.404,29.883,-0.39831,0.14259,57.813,0.29408
30.374,29.897,-0.46193,0.13048,57.858,0.62704
30.332,29.91,-0.46388,0.1153,57.901,0.74048
30.28,29.921,-0.42532,0.098014,57.948,0.69923
30.234,29.931,-0.54362,0.08281,57.98,1.3389
30.185,29.939,-0.59688,0.067208,58.005,1.7291
30.127,29.946,-0.54237,0.049501,58.021,1.5802
30.078,29.951,-0.57751,0.03458,58.031,1.8756
30.011,29.955,-0.65159,0.015406,58.038,2.444
29.947,29.956,-0.59377,-0.00064752,58.039,2.2599
29.896,29.956,-0.52252,-0.0044689,58.045,2.0316
29.839,29.956,-0.53026,-0.008736,58.035,2.2482
29.789,29.955,-0.46281,-0.012464,58.012,2.0453
29.743,29.954,-0.50652,-0.015787,58.002,2.4115
29.683,29.952,-0.52017,-0.020184,57.973,2.672
29.626,29.95,-0.53264,-0.024313,57.95,2.9207
29.581,29.947,-0.54145,-0.027595,57.906,3.1148
29.528,29.945,-0.57629,-0.031358,57.87,3.4972
29.47,29.942,-0.58528,-0.035575,57.816,3.7449
29.408,29.938,-0.55942,-0.039995,57.759,3.7755
29.353,29.934,-0.50246,-0.043956,57.702,3.5887
29.31,29.93,-0.51666,-0.046912,57.647,3.8069
29.255,29.925,-0.50287,-0.050846,57.579,3.8912
29.195,29.92,-0.44422,-0.055063,57.509,3.7066
29.159,29.914,-0.45315,-0.057505,57.427,3.863
29.116,29.909,-0.50511,-0.06047,57.344,4.3242
29.071,29.903,-0.48555,-0.063607,57.255,4.3297
29.023,29.896,-0.478,-0.06692,57.179,4.4234
28.98,29.889,-0.46069,-0.069871,57.086,4.4338
28.941,29.883,-0.49904,-0.072479,56.998,4.8026
28.884,29.875,-0.47042,-0.07651,56.903,4.7818
28.839,29.868,-0.4318,-0.079635,56.798,4.6528
28.8,29.86,-0.43358,-0.082291,56.697,4.7729
28.759,29.851,-0.47222,-0.08507,56.584,5.1507
28.703,29.843,-0.47405,-0.089056,56.469,5.3334
28.664,29.834,-0.48778,-0.091656,56.357,5.5383
28.607,29.825,-0.47952,-0.095722,56.24,5.652
28.56,29.815,-0.47927,-0.098929,56.117,5.7825
28.508,29.805,-0.45073,-0.10266,55.988,5.7284
28.455,29.795,-0.40889,-0.10642,55.855,5.5816
28.406,29.784,-0.39013,-0.10976,55.729,5.5816
28.375,29.773,-0.39332,-0.11183,55.594,5.6762
28.333,29.762,-0.43457,-0.11468,55.457,6.0808
28.286,29.751,-0.42529,-0.11799,55.316,6.1407
28.25,29.739,-0.39161,-0.12037,55.168,5.9779
28.202,29.727,-0.34716,-0.12379,55.019,5.7892
28.16,29.715,-0.24107,-0.1267,54.873,5.1808
28.136,29.702,-0.041591,-0.12822,54.714,4.0537
28.141,29.689,0.13353,-0.12734,54.549,3.1596
28.161,29.676,0.3048,-0.12516,54.387,2.407
28.199,29.664,0.54938,-0.12155,54.232,1.5982
28.256,29.652,0.69567,-0.11626,54.091,1.1911
28.323,29.64,0.72588,-0.11011,53.953,1.0203
28.4,29.629,0.79852,-0.1031,53.829,0.81101
28.48,29.619,0.8351,-0.095795,53.72,0.66554
28.555,29.609,0.76735,-0.088949,53.615,0.60402
28.629,29.6,0.72593,-0.082146,53.516,0.52667
28.711,29.592,0.76483,-0.074777,53.418,0.39433
28.789,29.585,0.77326,-0.067609,53.333,0.29514
28.875,29.578,0.80775,-0.059851,53.257,0.19809
28.957,29.572,0.83204,-0.052487,53.182,0.1245
29.042,29.567,0.82855,-0.044896,53.13,0.052593
29.118,29.562,0.84797,-0.038041,53.085,0.0059732
29.199,29.558,0.86689,-0.03081,53.043,0
29.293,29.555,0.87818,-0.022492,53.007,0
29.388,29.553,0.90945,-0.014145,52.989,0
29.479,29.552,0.94888,-0.0062685,52.968,0
29.57,29.551,0.93378,0.0048791,52.976,0
29.673,29.551,0.91397,0.031258,52.978,0
29.769,29.555,0.86948,0.055135,52.995,0
29.85,29.56,0.81969,0.074821,53.021,0
29.933,29.568,0.80655,0.094164,53.059,0
30.021,29.577,0.82991,0.11439,53.096,0
30.113,29.588,0.8468,0.13534,53.139,0
30.197,29.602,0.85353,0.15333,53.2,0
30.28,29.617,0.88243,0.17097,53.273,0
30.36,29.634,0.89658,0.18712,53.351,0
30.442,29.653,0.87547,0.2035,53.42,0
30.523,29.673,0.80748,0.21924,53.505,0
30.611,29.695,0.80616,0.23644,53.594,0
30.699,29.719,0.7883,0.25301,53.692,0
30.775,29.744,0.73826,0.26614,53.783,0
30.849,29.771,0.70802,0.27866,53.889,0
30.929,29.799,0.75742,0.29206,53.996,0
30.995,29.828,0.72977,0.30174,54.118,0
31.074,29.858,0.69603,0.31451,54.236,0
31.138,29.89,0.67609,0.32289,54.354,0
31.206,29.922,0.58682,0.33222,54.48,0
31.269,29.955,0.42675,0.33988,54.612,0
31.311,29.989,0.24067,0.34222,54.746,0
31.333,30.023,0.041985,0.33903,54.869,0
31.338,30.057,-0.17556,0.33154,54.999,0
31.321,30.09,-0.26021,0.31872,55.118,0
31.305,30.122,-0.34848,0.30636,55.245,0
31.266,30.153,-0.366,0.2885,55.365,0
31.225,30.182,-0.33917,0.27022,55.472,0
31.199,30.209,-0.26442,0.25678,55.583,0
31.183,30.234,-0.29644,0.24577,55.676,0
31.154,30.259,-0.31989,0.23202,55.765,0
31.117,30.282,-0.36152,0.21646,55.849,0
31.081,30.304,-0.43643,0.20157,55.921,0
31.032,30.324,-0.4909,0.18366,56.001,0.27349
30.985,30.342,-0.53553,0.1666,56.07,0.59048
30.941,30.359,-0.59823,0.15097,56.13,1.0052
30.883,30.374,-0.66701,0.13208,56.192,1.5181
30.81,30.387,-0.72376,0.10965,56.246,2.0372
30.73,30.398,-0.84181,0.085921,56.283,3.0211
30.651,30.407,-0.96182,0.063404,56.315,4.148
30.554,30.413,-1.059,0.036567,56.343,5.2611
30.453,30.417,-1.1991,0.0093314,56.357,6.9346
30.331,30.418,-1.3645,-0.0069603,56.363,9.3524
30.197,30.417,-1.4559,-0.017606,56.349,11.215
30.055,30.415,-1.5099,-0.028872,56.321,12.712
29.91,30.413,-1.589,-0.040286,56.276,14.683
29.756,30.408,-1.683,-0.05238,56.211,17.078
29.592,30.403,-1.8327,-0.065254,56.148,20.773
29.408,30.397,-2.0352,-0.079766,56.058,26.175
29.2,30.389,-2.2934,-0.096153,55.942,33.984
28.968,30.379,-2.5566,-0.11457,55.814,43.462
28.72,30.368,-2.8047,-0.13432,55.661,53.995
28.443,30.354,-3.0701,-0.15649,55.487,67.016
28.139,30.339,-3.3958,-0.18109,55.29,85.439
27.794,30.32,-3.616,-0.20928,55.057,100.42
27.428,30.3,-3.8318,-0.23963,54.79,116.6
27.051,30.276,-4.0294,-0.27133,54.49,132.73
26.646,30.248,-4.0076,-0.30603,54.144,132.3
26.249,30.218,-3.9335,-0.34066,53.77,128.33
25.853,30.184,-3.7927,-0.37595,53.362,120.57
25.468,30.146,-3.585,-0.41137,52.905,110.01
25.104,30.105,-3.3827,-0.44575,52.422,101.15
24.758,30.06,-3.3772,-0.47971,51.906,102.64
24.424,30.013,-3.4514,-0.51368,51.353,108
24.072,29.961,-3.634,-0.55052,50.772,119.3
23.711,29.906,-3.8142,-0.58954,50.168,131.13
23.329,29.847,-3.9604,-0.63203,49.534,141.54
22.941,29.784,-4.0937,-0.67701,48.869,151.49
22.535,29.716,-4.1346,-0.72599,48.161,155.61
22.121,29.644,-4.0986,-0.77799,47.426,154.73
21.703,29.566,-4.0765,-0.83305,46.655,154.81
21.29,29.483,-3.9811,-0.89021,45.86,150.45
20.9,29.394,-3.7586,-0.94808,45.029,139.23
20.525,29.299,-3.4134,-1.0074,44.173,123.17
20.182,29.198,-3.1336,-1.0662,43.293,111.79
19.868,29.091,-2.8672,-1.1257,42.373,101.9
19.58,28.979,-2.7027,-1.1848,41.445,96.349
19.304,28.86,-2.6833,-1.2464,40.488,96.026
19.037,28.736,-2.7725,-1.3105,39.516,99.485
18.763,28.605,-2.7913,-1.3785,38.549,100.35
18.494,28.467,-2.8209,-1.4508,37.556,101.48
18.221,28.322,-2.8146,-1.5288,36.542,101.15
17.948,28.169,-2.7444,-1.6108,35.532,98.347
17.681,28.008,-2.6905,-1.697,34.513,96.022
17.404,27.838,-2.696,-1.7919,33.47,95.735
17.135,27.659,-2.7025,-1.8912,32.424,95.282
16.866,27.47,-2.6919,-1.9978,31.367,94.033
16.595,27.27,-2.7698,-2.1134,30.295,95.816
16.312,27.059,-2.9226,-2.239,29.222,100.43
16.023,26.835,-3.2223,-2.3757,28.141,111.54
15.704,26.597,-3.597,-2.5296,27.056,128.09
15.351,26.344,-3.9814,-2.7052,25.96,148.57
14.956,26.074,-4.394,-2.9064,24.857,175.97
14.526,25.783,-4.826,-3.1356,23.745,213.32
14.053,25.469,-4.8373,-3.4032,22.607,215.35
13.578,25.129,-4.8667,-3.7003,21.452,220.29
13.096,24.759,-4.9943,-4.0328,20.283,240.15
12.587,24.356,-3.7716,-4.4071,19.119,122.99
12.201,23.915,-1.937,-4.7744,17.947,41.823
11.998,23.438,-1.1937,-5.0908,16.793,23.145
11.884,22.929,-0.98372,-4.8759,15.671,20.425
11.783,22.441,-0.19978,-4.0916,14.593,17.253
11.764,22.032,-0.082871,-3.9737,13.547,15.483
11.76,21.634,-0.55049,-4.4372,12.544,14.279
11.715,21.191,-0.58447,-4.4617,11.58,12.771
11.652,20.745,-0.2585,-4.14,10.65,11.242
11.626,20.331,-0.29478,-4.1785,9.7549,10.026
11.595,19.913,-0.77811,-4.6668,8.8957,8.9769
11.521,19.446,-1.2391,-5.1241,8.0828,8.0844
11.402,18.934,-1.405,-5.2875,7.3058,7.5392
11.254,18.405,-1.3856,-5.2806,6.5647,7.54
11.119,17.877,-1.6726,-5.5618,5.8703,9.3174
10.945,17.321,-2.1851,-6.0813,5.2163,175.29
10.718,16.713,-2.634,-6.5357,4.6055,0
10.448,16.059,-2.9279,-6.8465,4.0174,0
10.146,15.374,-2.9515,-6.8836,3.4761,0
9.8557,14.686,-2.7401,-6.66,2.9761,0
9.5889,14.02,-2.4531,-6.3696,2.5066,0
9.3502,13.383,-2.2934,-6.19,2.0869,0
9.1122,12.764,-2.2558,-6.1669,1.7049,0
8.8826,12.147,-2.3258,-6.2318,1.3644,0
8.6493,11.524,-2.2989,-6.1748,1.0661,0
8.4119,10.907,-2.347,-6.2736,0.79248,0
8.1808,10.279,-2.0387,-5.9817,0.55841,0
7.9682,9.6811,-1.759,-5.6846,0.37369,0
7.8017,9.1126,-1.4954,-5.4119,0.21942,0
7.6512,8.5715,-1.4137,-5.2,0.11432,0
7.5116,8.0515,-1.3109,-5.2,0.039244,1725.1
7.3726,7.5315,-1.4758,-5.2,0.0035705,0
7.2281,7.0115,-1.3626,-5.2,0.0028766,402.33
7.0929,6.4915,-1.2278,-5.2,0.042635,183.41
6.9779,5.9715,-0.99079,-8.8,0.12719,107.64
6.8768,5.0915,-0.54904,-8.8,0.27174,78.041
6.8293,4.2115,-0.001906,-8.8,0.49471,70.464
6.8287,3.3315,0.33775,-8.8,0.80361,69.79
6.8559,2.4515,0.45537,-8.8,1.203,69.993
6.8973,1.5715,0.42532,-8.8,1.6846,70.176
6.9357,0.69146,0.32778,-8.8,2.2686,70.083
6.9604,0,0.26052,-8.8,2.9482,69.911
6.9943,0,0.19568,-8.8,3.6868,71.867
7.0118,0,0.23405,-8.8,4.4309,72.94
7.0417,0,0.134,0.134,5.1718,76.994
7.0513,0.0134,-0.080443,-0.080443,5.8721,94.853
7.0365,0.0053553,-0.40536,-0.40536,6.5692,96.764
6.9895,0,-0.80774,-0.80774,7.2705,102.83
6.9031,0,-1.0315,-1.0315,7.979,103.07
6.79,0,-0.85774,-0.85774,8.6725,82.245
6.7117,0,-0.65206,-0.65206,9.3604,72.79
6.646,0,-0.45207,-0.45207,10.024,68.031
6.606,0,-0.17494,-0.17494,10.694,67.041
6.5936,0,-0.027992,-0.027992,11.349,67.518
6.5985,0,0.0097062,0.0097062,12.015,67.063
6.6062,0.00097062,0.11759,0.11759,12.675,58.328
6.6223,0.01273,0.30939,0.30939,13.334,46.53
6.6573,0.043669,0.51086,0.51086,13.997,37.698
6.7109,0.094755,0.72482,0.72482,14.664,30.754
6.7774,0.16724,0.86376,0.86376,15.332,27.046
6.8726,0.25361,0.95222,0.95222,15.997,25.184
6.9581,0.34883,1.0008,1.0008,16.652,24.019
7.0502,0.44891,1.0607,1.0607,17.305,22.724
7.1646,0.55498,1.1066,1.1066,17.966,21.985
7.2791,0.66564,1.0486,1.0486,18.632,23.129
7.3838,0.7705,1.0173,1.0173,19.294,23.744
7.4783,0.87224,0.9602,0.9602,19.959,24.813
7.5696,0.96826,0.88625,4.9,20.629,0
7.661,1.4583,0.83885,4.9,21.278,0
7.7523,1.9483,0.95691,4.9,21.885,0
7.8401,2.4383,1.0776,4.9,22.455,0
7.9448,2.9283,1.1692,4.9,22.972,0
8.0547,3.4183,1.1948,4.9,23.447,1.2685
8.165,3.9083,1.1824,4.9,23.884,2.8676
8.2759,4.3983,1.1605,4.9,24.293,4.6113
8.3836,4.8883,1.1625,4.9,24.655,6.2557
8.4935,5.3783,1.1648,4.9,24.977,7.9413
8.6116,5.8683,1.1584,4.9,25.279,9.716
8.726,6.3583,1.1318,4.1466,25.544,6.2659
8.8296,6.7729,1.0956,3.2655,25.759,2.4078
8.9401,7.0995,1.0012,2.7192,25.95,0.92856
9.0458,7.3714,0.86161,2.3372,26.126,0.41409
9.1309,7.6051,0.81773,2.0327,26.288,0
9.2145,7.8084,0.87053,1.8019,26.441,0
9.3021,7.9886,0.94207,1.6279,26.58,0
9.3886,8.1514,0.96025,1.4886,26.702,0
9.4788,8.3002,1.0469,1.3817,26.832,0
9.5828,8.4384,1.066,1.3102,26.947,0
9.6869,8.5694,1.0287,1.2516,27.063,0
9.7899,8.6946,0.93754,1.2022,27.183,0
9.8908,8.8148,0.92398,1.1579,27.283,0
9.9883,8.9306,0.86062,1.118,27.399,0
10.075,9.0424,0.74535,1.0725,27.498,0
10.156,9.1496,0.64183,1.0284,27.603,0
10.222,9.2525,0.53031,0.97472,27.695,0
10.278,9.3499,0.40555,0.92027,27.781,0
10.325,9.442,0.34328,0.86368,27.864,0
10.366,9.5283,0.35369,0.80832,27.948,0
10.392,9.6092,0.31297,0.74672,28.026,0
10.428,9.6838,0.2772,0.7029,28.094,0
10.447,9.7541,0.23282,0.64784,28.164,0
10.474,9.8189,0.16626,0.60674,28.231,0
10.496,9.8796,0.10656,0.56646,28.294,0
10.512,9.9362,0.063528,0.52537,28.36,0
10.512,9.9888,0.036067,0.47374,28.424,0
10.51,10.036,0.071452,0.42663,28.475,0
10.514,10.079,0.057317,0.38971,28.515,0
10.518,10.118,0.075668,0.35599,28.556,0
10.529,10.153,0.11781,0.33292,28.597,0
10.541,10.187,0.15225,0.31298,28.631,0
10.564,10.218,0.15466,0.30399,28.669,0
10.586,10.248,0.2016,0.2953,28.708,0
10.61,10.278,0.19009,0.29016,28.751,0
10.634,10.307,0.17798,0.28396,28.79,0
10.661,10.335,0.15101,0.28236,28.828,0
10.675,10.364,0.088741,0.26921,28.852,0
10.675,10.39,0.024717,0.24442,28.873,0
10.671,10.415,-0.033161,0.21966,28.909,0.046732
10.665,10.437,-0.090147,0.19545,28.935,0.20776
10.665,10.456,-0.11837,0.17788,28.958,0.29075
10.65,10.474,-0.16164,0.14934,28.977,0.42347
10.642,10.489,-0.14634,0.12966,29,0.37079
10.632,10.502,-0.14659,0.10999,29.013,0.36888
10.621,10.513,-0.21233,0.091382,29.024,0.58024
10.604,10.522,-0.36783,0.069516,29.031,1.171
10.56,10.529,-0.46013,0.026106,29.043,1.5621
10.517,10.532,-0.86694,-0.0010896,29.05,4.0867
