0,0,0.169,0,35.5,0
0.019605,0,0.1984,7.8,35.504,70.11
0.047233,0.78,0.19432,7.8,35.473,75.424
0.067317,1.56,0.19723,7.8,35.365,80.689
0.086963,2.34,0.1933,7.8,35.179,86.132
0.10665,3.12,0.19354,7.8,34.909,91.522
0.11991,3.9,0.19671,7.8,34.561,96.924
0.1345,4.68,0.19303,7.8,34.136,102.49
0.15179,5.46,0.1857,7.8,33.642,108.15
0.16287,6.24,0.18281,6.7,33.082,99.836
0.17261,6.91,0.19382,6.7,32.444,104.33
0.1994,7.58,0.19525,6.7,31.734,108.93
0.21323,8.25,0.19711,-0.42212,30.957,30.661
0.24118,8.2078,0.20798,-0.43463,30.151,30
0.2531,8.1643,0.20958,-0.4483,29.364,29.535
0.27718,8.1195,0.19735,-0.46211,28.573,29.168
0.30012,8.0733,0.19924,-0.4766,27.789,28.617
0.32547,8.0256,0.20368,-0.49133,27.02,28.014
0.34755,7.9765,0.20543,-0.50711,26.253,27.448
0.37229,7.9258,0.20442,-0.52353,25.49,26.889
0.3871,7.8734,0.20205,-0.54161,24.728,26.38
0.41333,7.8193,0.20718,-0.55961,23.977,25.713
0.43938,7.7633,0.21366,-0.57829,23.236,25.021
0.45222,7.7055,0.19703,-0.59879,22.507,24.647
0.47411,7.6456,0.1799,-0.61985,21.778,24.215
0.4995,7.5836,0.1658,-0.64072,21.075,23.72
0.51918,7.5195,0.15466,-0.6634,20.374,23.197
0.54372,7.4532,0.15435,-0.68736,19.669,22.506
0.55109,7.3845,0.18229,-0.7134,18.986,21.573
0.5789,7.3131,0.21045,-0.73919,18.301,20.541
0.59393,7.2392,0.22339,-0.76682,17.637,19.723
0.61416,7.1625,0.20912,-0.79528,16.98,19.147
0.62931,7.083,0.19009,-0.82547,16.336,18.618
0.65673,7.0005,0.1819,-0.85608,15.693,17.908
0.66733,6.9148,0.17712,-0.88928,15.072,17.22
0.69127,6.8259,0.18484,-0.92291,14.452,16.341
0.7072,6.7336,0.21312,-0.95891,13.845,15.303
0.73265,6.6377,0.20908,-0.99407,13.255,14.52
0.74689,6.5383,0.1629,-1.0345,12.661,14.103
0.75833,6.4349,0.16134,-1.0772,12.079,13.295
0.77403,6.3272,0.16792,-1.12,11.513,12.406
0.79273,6.2152,0.18168,-1.1628,10.964,11.461
0.80596,6.0989,0.22542,-1.2089,10.424,10.335
0.83125,5.978,0.29098,-1.2527,9.8985,9.0984
0.86334,5.8527,0.2972,-1.2947,9.3905,8.2665
0.89637,5.7232,0.2706,-1.3374,8.8939,7.6304
0.91529,5.5895,0.23549,-1.381,8.4229,7.0877
0.94133,5.4514,0.21255,-1.4244,7.958,6.4719
0.95753,5.309,0.20087,-8.8,7.5215,0
0.98503,4.429,0.19394,-8.8,7.1321,0
0.99689,3.549,0.2048,-0.65203,6.8326,3.7584
1.014,3.4838,0.21852,-8.8,6.5812,0
1.0393,2.6038,0.2143,-0.32115,6.37,2.1976
1.0666,2.5716,0.19169,-8.8,6.2262,0
1.0793,1.6916,0.19498,-0.084476,6.1119,0.66903
1.1025,1.6832,0.19514,-0.080944,6.0536,0.61043
1.1126,1.6751,0.19608,-0.079111,6.0021,0.57492
1.1237,1.6672,0.20525,-0.077023,5.9559,0.52176
1.1528,1.6595,0.22082,-0.072562,5.9004,0.42731
1.1661,1.6522,0.21667,-0.070313,5.848,0.39939
1.1829,1.6452,0.23311,-8.8,5.7999,0
1.2151,0.76521,0.23075,0.23075,5.7919,0
1.2422,0.78828,0.22042,0.22042,5.8354,0
1.2732,0.81032,0.21027,0.21027,5.8754,0
1.2947,0.83135,0.21272,0.21272,5.93,0
1.3094,0.85262,0.195,0.195,5.9855,0
1.331,0.87212,0.19414,0.19414,6.0214,0
1.3523,0.89153,0.19719,4.9,6.0599,33.927
1.363,1.3815,0.20574,-0.002076,6.0823,0
1.3895,1.3813,0.20699,0.051111,6.08,0
1.4037,1.3864,0.21764,0.10742,6.0879,0
1.4231,1.3972,0.21272,0.15958,6.0976,0
1.4367,1.4131,0.20161,0.1426,6.108,0
1.4549,1.4274,0.1944,0.16347,6.1202,0
1.4824,1.4437,0.2002,0.22557,6.1139,0
1.5105,1.4663,0.20038,0.25127,6.1223,0.018429
1.5361,1.4914,0.20961,0.24682,6.1212,0
1.5509,1.5161,0.21688,0.1874,6.1275,0
1.5711,1.5348,0.18708,0.1913,6.1278,0
1.599,1.554,0.17362,0.23299,6.1362,0.035736
1.6188,1.5773,0.17383,0.20961,6.138,0
1.6459,1.5982,0.16856,0.23561,6.1386,0.047606
1.6563,1.6218,0.16878,0.16663,6.1476,0
1.6807,1.6385,0.20108,0.20033,6.1506,0
1.706,1.6585,0.20814,0.22143,6.1602,0
1.7189,1.6806,0.20835,0.17453,6.166,0
1.7346,1.6981,0.21089,0.16375,6.1704,0
1.7579,1.7145,0.21172,0.19209,6.1841,0
1.775,1.7337,0.21913,0.17963,6.1955,0
1.7933,1.7516,0.20829,0.17793,6.1933,0
1.8191,1.7694,0.21379,0.20921,6.207,0
1.8457,1.7904,0.20976,0.22835,6.2067,0
1.8748,1.8132,0.21307,0.24906,6.2092,0
1.8965,1.8381,0.20455,0.23103,6.217,0
1.9139,1.8612,0.19716,0.20432,6.219,0
1.9406,1.8816,0.14288,0.22481,6.2313,0.057926
1.9586,1.9041,0.088643,0.2039,6.2448,0.14938
1.9727,1.9245,-0.0063846,0.1773,6.2469,0.34982
1.974,1.9422,-0.15075,0.11523,6.2458,0.65227
1.9669,1.9538,-0.2246,0.047219,6.2546,0.72682
1.9363,1.9585,-0.24099,-0.003455,6.2539,0.70618
1.9126,1.9581,-0.25312,-0.0070834,6.2571,0.79896
1.8851,1.9574,-0.22627,-0.01128,6.2418,0.76301
1.8644,1.9563,-0.14161,-0.014344,6.2349,0.53156
1.8487,1.9549,-0.1145,-0.016657,6.2151,0.4803
1.8279,1.9532,-0.12185,-0.019673,6.2082,0.53947
1.8084,1.9512,-0.12507,-0.02247,6.1969,0.58394
1.7875,1.949,-0.13617,-0.025511,6.1768,0.655
1.7682,1.9464,-0.13378,-0.028165,6.1693,0.68148
1.7468,1.9436,-0.14519,-0.031286,6.1426,0.75498
1.7395,1.9405,-0.18114,-0.032088,6.1195,0.88145
1.7167,1.9373,-0.28567,-0.035316,6.1023,1.3115
1.6868,1.9337,-0.43256,-0.039623,6.0876,2.0341
1.648,1.9298,-0.61043,-0.045416,6.0625,3.1183
1.5879,1.9252,-0.76231,-0.054714,6.0301,4.3146
1.5033,1.9198,-0.86463,-0.068017,5.9939,3.5308
1.4094,1.913,-0.86587,-8.8,5.9541,0
1.325,1.033,-0.79098,2.9043,5.9414,19.51
1.2472,1.3234,-0.66027,-0.0084455,5.9445,2.1355
1.1874,1.3226,-0.53893,-0.014988,5.9379,2.329
1.1392,1.3211,-0.3782,-0.020275,5.9149,1.6528
1.1032,1.319,-0.30611,-0.024128,5.8988,1.4257
1.07,1.3166,-0.2303,-0.027742,5.8703,1.1988
1.0495,1.3138,-0.13714,-0.029818,5.8514,0.90811
1.0335,1.3109,0.02702,-0.03138,5.8324,0.46032
1.0373,1.3077,0.11202,-0.030782,5.8027,0.25467
1.0507,1.3046,0.2517,-0.029056,5.7753,0
1.0756,1.3017,0.45167,-0.025932,5.7595,0
1.1213,1.2991,0.61565,-0.020515,5.7312,0
1.1922,1.2971,0.73963,-0.012121,5.7179,0
1.2628,1.2959,0.9419,-0.0038175,5.7165,0
1.3593,1.2955,1.1047,0.42007,5.7206,0
1.465,1.3375,1.1613,0.79788,5.7301,0
1.5827,1.4173,1.1644,0.94268,5.7529,0
1.6919,1.5116,1.1004,0.92513,5.7688,0
1.8036,1.6041,1.0691,-8.8,5.7781,0
1.9029,0.72407,1.0196,1.0196,5.8405,0
2.008,0.82603,0.8734,0.8734,5.9611,0
2.1048,0.91337,0.75452,4.9,6.0861,21.965
2.1707,1.4034,0.57657,4.7352,6.1751,25.041
2.2303,1.8769,0.32679,1.3515,6.2238,2.8317
2.2558,2.012,0.15345,0.83268,6.2477,1.5996
2.2742,2.0953,0.014699,0.57345,6.2749,1.3137
2.2759,2.1527,0.0052703,0.3782,6.287,0.76166
2.2747,2.1905,0.11562,0.25167,6.306,0.13461
2.2856,2.2156,0.2123,0.2056,6.3184,0
2.3133,2.2362,0.3233,0.22327,6.324,0
2.3374,2.2585,0.4791,0.22488,6.3289,0
2.383,2.281,0.4971,0.28658,6.3456,0
2.4291,2.3097,0.42867,0.32919,6.3612,0
2.4739,2.3426,0.48311,0.35419,6.3733,0
2.5281,2.378,0.40269,0.39553,6.3876,0
2.5674,2.4176,0.40509,0.38455,6.3956,0
2.6124,2.456,0.49518,0.39234,6.4202,0
2.6558,2.4953,0.66887,0.39371,6.4456,0
2.7166,2.5346,0.68155,0.43592,6.4676,0
2.7845,2.5782,0.77228,0.48195,6.4911,0
2.864,2.6264,0.87449,0.54002,6.5164,0
2.9436,2.6804,0.89389,0.57978,6.5374,0
3.025,2.7384,0.78229,0.61166,6.5651,0
3.1072,2.7996,0.61163,0.63573,6.6016,0
3.1605,2.8631,0.46419,0.59509,6.6401,0
3.2063,2.9226,0.30736,0.55113,6.6778,0
3.2272,2.9778,0.23082,0.47155,6.7051,0.026553
3.2555,3.0249,0.32436,0.42569,6.7251,0
3.2843,3.0675,0.58984,0.39185,6.7397,0
3.3478,3.1067,0.77331,0.42763,6.7572,0
3.4279,3.1494,0.87056,0.48503,6.793,0
3.5237,3.1979,0.87161,0.55502,6.8198,0
3.6061,3.2534,0.77484,0.58592,6.848,0
3.6901,3.312,0.58466,0.61205,6.8767,0
3.7551,3.3732,0.52825,0.60175,6.9062,0
3.8104,3.4334,0.60507,0.58034,6.9536,0
3.8675,3.4914,0.82384,0.56556,6.9905,0
3.9576,3.548,1.1211,0.6025,7.0259,0
4.0775,3.6082,1.4225,0.67527,7.0766,0
4.2152,3.6758,1.6194,0.75719,7.1249,0
4.3732,3.7515,1.607,0.84973,7.1841,0
4.5429,3.8365,1.3846,0.93848,7.257,0
4.6868,3.9303,1.0161,0.9747,7.3374,0
4.7936,4.0278,0.60754,0.95621,7.4163,0
4.8541,4.1234,0.20322,0.88613,7.4998,0.17127
4.8819,4.212,-0.10673,0.79028,7.5664,1.2694
4.8645,4.291,-0.30108,0.66132,7.6385,1.9854
4.8394,4.3572,-0.35534,0.54521,7.6872,2.0111
4.7997,4.4117,-0.35892,0.43151,7.7238,1.7831
4.7612,4.4548,-0.39525,0.33644,7.7575,1.7861
4.7217,4.4885,-0.39201,0.2535,7.7779,1.6167
4.6897,4.5138,-0.35729,0.1898,7.7977,1.3458
4.6636,4.5328,-0.40075,0.14052,7.8153,1.4736
4.6239,4.5469,-0.46254,0.082354,7.8215,1.682
4.5868,4.5551,-0.39952,0.033759,7.8242,1.3144
4.5476,4.5585,-0.43735,-0.0029038,7.8223,1.4598
4.512,4.5582,-0.51811,-0.012364,7.8252,1.9245
4.4529,4.557,-0.51855,-0.02787,7.8214,2.0479
4.4072,4.5542,-0.46422,-0.039493,7.8005,1.861
4.3614,4.5502,-0.48596,-0.050876,7.7833,2.0552
4.3181,4.5451,-0.52215,-0.061481,7.7551,2.3235
4.272,4.539,-0.63151,-0.072729,7.7207,3.0391
4.2177,4.5317,-0.85371,-0.085771,7.6995,4.7061
4.127,4.5231,-1.1436,-0.10858,7.6742,7.5754
4.0178,4.5123,-1.3872,-0.13629,7.6367,10.724
3.8815,4.4986,-1.5231,-0.17151,7.5829,12.987
3.7193,4.4815,-1.5566,-0.21456,7.5055,13.932
3.5661,4.46,-1.5107,-0.25493,7.4232,13.627
3.4094,4.4345,-1.4059,-0.29625,7.3366,12.495
3.2713,4.4049,-1.0639,-0.33323,7.2291,8.6299
3.1596,4.3716,-0.64351,-8.8,7.103,0
3.1048,3.4916,-0.28799,-0.092895,7.0178,1.5841
3.0802,3.4823,-0.014068,-0.097176,6.9797,0.68128
3.0771,3.4726,0.19801,-0.096326,6.9342,0.21689
3.1044,3.463,0.17976,-0.08768,6.9042,0.19356
3.1298,3.4542,0.11232,-0.079899,6.8629,0.26387
3.1388,3.4462,0.046794,-0.076164,6.8279,0.37354
3.137,3.4386,0.030293,-0.075201,6.7921,0.40086
3.1357,3.4311,0.073471,-0.074121,6.7556,0.29531
3.1419,3.4236,0.091404,-0.071159,6.7208,0.23759
3.1468,3.4165,0.057243,-8.8,6.6977,0
3.1491,2.5365,0.049202,1.5145,6.7091,4.5315
3.1581,2.688,0.068113,1.0624,6.762,2.3662
3.1629,2.7942,0.054324,0.78523,6.8037,1.4525
3.1709,2.8727,0.054544,0.60954,6.8441,0.93635
3.1771,2.9337,0.057017,0.48222,6.8722,0.61213
3.1851,2.9819,0.056743,0.39243,6.8875,0.4204
3.1884,3.0212,0.060075,0.317,6.9124,0.27016
3.1907,3.0529,0.063179,0.25761,6.9376,0.16479
3.1894,3.0786,0.057468,0.20454,6.9512,0.10286
3.1863,3.0991,0.059174,0.15955,6.9655,0.040264
3.1837,3.115,0.059509,0.1247,6.9761,0
3.1857,3.1275,0.055485,0.10515,6.985,0
3.1854,3.138,0.061695,0.084997,6.9826,0
3.1912,3.1465,0.062012,0.080026,6.9965,0
3.1888,3.1545,0.05901,0.061131,7.0091,0
3.1906,3.1606,0.060659,0.053324,7.0089,0
3.2024,3.166,0.063359,0.064735,7.0112,0
3.2104,3.1724,0.057294,0.067099,7.0078,0
3.2191,3.1792,0.058443,0.070353,7.0103,0
3.2263,3.1862,0.060418,0.070535,7.0134,0
3.2385,3.1932,0.057975,0.079335,7.0213,0
3.2347,3.2012,0.054093,0.058551,7.0278,0
3.2337,3.207,0.053626,0.046497,7.034,0
3.2486,3.2117,0.055795,0.064224,7.0413,0
3.2641,3.2181,0.05409,0.079752,7.0431,0
3.2641,3.2261,0.053879,0.065721,7.0377,0
3.267,3.2326,0.059243,0.059168,7.0372,0
3.2692,3.2386,0.063081,0.052644,7.0502,0
3.2842,3.2438,0.060689,0.069062,7.0437,0
3.2984,3.2507,0.05486,0.08128,7.0423,0
3.3123,3.2589,0.05436,0.090749,7.0465,0
3.3104,3.2679,0.05142,0.071838,7.0471,0
3.3102,3.2751,0.048045,0.059184,7.0442,0
3.3093,3.281,0.052167,0.047521,7.0496,0
3.3168,3.2858,0.058235,0.051895,7.0453,0
3.3277,3.291,0.055588,0.061305,7.0448,0
3.3241,3.2971,0.056586,0.045021,7.057,0
3.3253,3.3016,0.054885,0.039379,7.0591,0
3.3378,3.3056,0.052464,0.053603,7.064,0
3.3343,3.3109,0.052413,0.038842,7.0683,0
3.3471,3.3148,0.051918,0.053445,7.0702,0
3.3465,3.3201,0.049708,0.043675,7.0788,0
3.3535,3.3245,0.053086,0.047939,7.0827,0
3.3635,3.3293,0.052382,0.056265,7.0767,0
3.3643,3.3349,0.051717,0.048369,7.0894,0
3.3704,3.3398,0.052898,0.050254,7.101,0
3.3682,3.3448,0.053416,0.038254,7.0959,0
3.3696,3.3486,0.050773,0.034307,7.0902,0
3.3749,3.352,0.053567,0.037332,7.1013,0
3.3898,3.3558,0.055027,0.055446,7.1045,0
3.3951,3.3613,0.057189,0.05483,7.1032,0
3.3909,3.3668,0.058386,0.039051,7.1085,0
3.4004,3.3707,0.063996,0.048135,7.1187,0
3.3994,3.3755,0.065752,0.03854,7.1162,0
3.4023,3.3794,0.072016,0.037036,7.126,0
3.4133,3.3831,0.070349,0.0487,7.1198,0
3.4264,3.388,0.067259,0.061844,7.1202,0
3.4365,3.3941,0.065042,0.067862,7.1244,0
3.4375,3.4009,0.071385,0.058425,7.13,0
3.4517,3.4068,0.073125,0.071741,7.1437,0
3.4587,3.4139,0.090355,0.071344,7.1529,0
3.4665,3.4211,0.11319,0.072183,7.1663,0
3.4687,3.4283,0.12995,0.064013,7.1696,0
3.4742,3.4347,0.1309,0.062389,7.1698,0
3.4788,3.4409,0.13293,0.059745,7.1788,0
3.5009,3.4469,0.12309,0.085,7.1839,0
3.5143,3.4554,0.11021,0.092367,7.1883,0
3.5287,3.4646,0.098825,0.10014,7.1986,0
3.5291,3.4747,0.088123,0.084789,7.2112,0
3.5391,3.4831,0.073083,0.086847,7.2134,0
3.5431,3.4918,0.067827,0.079318,7.2169,0
3.5578,3.4998,0.066158,0.089414,7.2179,0
3.5581,3.5087,0.066038,0.075855,7.2233,0
3.5565,3.5163,0.073797,0.061617,7.2263,0
3.5567,3.5224,0.090392,0.05239,7.2392,0
3.5622,3.5277,0.10718,0.052605,7.2393,0
3.5641,3.5329,0.14735,0.047468,7.2459,0
3.571,3.5377,0.241,0.050531,7.2428,0
3.6041,3.5427,0.44252,0.093031,7.2553,0
3.6563,3.552,0.70095,0.15772,7.2698,0
3.7194,3.5678,0.97092,0.22812,7.2833,0
3.8172,3.5906,1.1868,0.33815,7.3057,0
3.9284,3.6244,1.3379,0.44779,7.3258,0
4.0562,3.6692,1.3659,0.56149,7.3695,0
4.1843,3.7254,1.2798,0.6531,7.4206,0
4.3082,3.7907,1.1682,0.72009,7.4744,0
4.4264,3.8627,1.1054,0.76434,7.5217,0
4.5321,3.9391,1.0913,0.78349,7.5798,0
4.6388,4.0175,1.1461,0.80035,7.6438,0
4.7545,4.0975,1.281,0.82508,7.7088,0
4.8808,4.18,1.485,0.8581,7.7787,0
5.0248,4.2658,1.698,0.9053,7.8463,0
5.2027,4.3564,1.9057,0.98348,7.9253,0
5.3841,4.4547,2.0297,1.0503,8.0086,0
5.5778,4.5597,2.1036,1.1178,8.1004,0
5.7872,4.6715,2.063,1.1908,8.2116,0
5.9879,4.7906,2.0516,1.2396,8.319,0
6.1976,4.9145,1.9298,1.2894,8.4409,0
6.3961,5.0435,1.72,1.3189,8.5657,0
6.5756,5.1754,1.4819,1.3264,8.7032,0
6.7254,5.308,1.2952,1.3054,8.8424,0
6.8456,5.4385,0.7017,1.2632,8.993,0
6.9155,5.5649,0.043818,1.1823,9.1264,0.14169
6.9277,5.6831,-0.58536,1.0657,9.2608,3.6629
6.863,5.7897,-1.4238,0.90047,9.3722,12.368
6.721,5.8797,-2.2635,0.69453,9.4751,28.389
6.4927,5.9492,-3.0351,0.44289,9.5433,54.944
6.1858,5.9935,-3.8244,0.15522,9.5746,12.951
5.7938,6.009,-4.7512,-0.055627,9.577,14.088
5.3111,6.0034,-4.8918,-0.18009,9.5339,14.719
4.8185,5.9854,-4.3875,-0.30741,9.443,14.3
4.372,5.9547,-3.3394,-0.42476,9.3057,13
4.0462,5.9122,-2.071,-0.51326,9.1252,11.52
3.847,5.8609,-0.5698,-0.56862,8.9304,6.5845
3.7992,5.804,0.38805,-0.58103,8.7342,2.0736
3.835,5.7459,0.65206,-0.56834,8.542,1.5295
3.8933,5.6891,0.66255,-0.54864,8.3496,1.3763
3.9579,5.6342,0.64069,-0.52415,8.181,1.2485
4.0307,5.5818,0.64518,-0.49552,8.026,1.1024
4.0904,5.5322,0.63208,-0.47107,7.8716,0.98654
4.1587,5.4851,0.69455,-8.8,7.7279,9.9528
4.22,4.6051,0.81363,-0.10836,7.6421,0.030065
4.2935,4.5943,0.87208,-0.085097,7.6058,0.033552
4.3877,4.5858,0.8041,-0.056316,7.5728,0
4.4665,4.5801,0.67507,-0.032452,7.5494,0
4.5426,4.5769,0.55293,-0.0098222,7.5323,0
4.6018,4.5759,0.42669,0.026513,7.5296,0
4.6397,4.5786,0.29544,0.062464,7.5368,0
4.6617,4.5848,0.25156,0.078559,7.554,0
4.6894,4.5927,0.40573,0.098586,7.5537,0
4.728,4.6025,0.61536,0.12775,7.573,0
4.7981,4.6153,0.73488,0.18581,7.5972,0
4.864,4.6339,0.9384,0.23287,7.6179,0
4.9514,4.6572,1.1817,0.29612,7.6447,0
5.0662,4.6868,1.3694,0.37943,7.6802,0
5.2126,4.7247,1.4863,0.48417,7.7292,0
5.3702,4.7731,1.5838,0.58598,7.7809,0
5.5275,4.8317,1.6382,0.67447,7.8521,0
5.7012,4.8992,1.7548,0.76582,7.9234,0
5.8741,4.9758,1.8432,0.84442,8.0148,0
6.0497,5.0602,2.0181,0.91399,8.111,0.095562
6.2439,5.1516,2.2689,0.99104,8.2202,0.67661
6.4635,5.2507,2.4736,1.0785,8.3299,1.1465
6.7101,5.3586,2.5803,1.1768,8.4512,1.2452
6.9652,5.4763,2.645,1.2678,8.5848,1.2229
7.2346,5.603,2.5648,1.3586,8.739,0.65247
7.4823,5.7389,2.4647,1.4175,8.8992,0.15406
7.7258,5.8806,2.2674,1.4674,9.0877,0
7.9484,6.0274,2.0069,1.4937,9.2802,0
8.154,6.1768,1.954,1.5029,9.4718,0
8.34,6.3271,1.8649,1.4964,9.6636,0
8.5339,6.4767,1.6879,1.4976,9.8625,0
8.7045,6.6265,1.7617,1.4828,10.065,0
8.8723,6.7747,1.9096,1.4689,10.273,0
9.0697,6.9216,1.84,1.4788,10.492,0
9.2628,7.0695,1.7537,1.4834,10.701,0
9.4386,7.2178,1.7732,1.4783,10.93,0
9.6072,7.3657,1.5951,1.4695,11.16,0
9.7716,7.5126,1.3881,1.4587,11.386,0
9.9159,7.6585,1.2063,1.4357,11.605,0
10.045,7.8021,1.1411,1.4061,11.826,0
10.161,7.9427,1.0159,1.3729,12.054,0
10.263,8.0799,0.87727,1.3355,12.281,0
10.357,8.2135,0.57252,1.2949,12.492,0
10.407,8.343,0.27058,1.2323,12.697,0
10.424,8.4662,0.014116,1.1568,12.896,0
10.417,8.5819,-0.2128,1.0738,13.086,0
10.399,8.6893,-0.48802,0.99201,13.263,0.70711
10.36,8.7885,-0.65324,0.90434,13.427,1.7624
10.3,8.8789,-0.75553,0.81222,13.579,2.52
10.215,8.9601,-0.89239,0.71208,13.708,3.6403
10.12,9.0314,-1.0287,0.61433,13.824,4.8979
10.025,9.0928,-1.0886,0.5233,13.927,5.5226
9.9129,9.1451,-0.92094,0.42921,14.005,4.0548
9.8188,9.188,-0.74587,0.3513,14.07,2.7853
9.7475,9.2232,-0.67245,0.29127,14.13,2.3591
9.6873,9.2523,-0.70817,0.24126,14.187,2.6436
9.6114,9.2764,-0.60356,0.18543,14.224,2.0606
9.5609,9.295,-0.60298,0.14686,14.244,2.1023
9.4985,9.3096,-0.73763,0.1042,14.272,2.9901
9.4217,9.3201,-0.8225,0.056083,14.297,3.6388
9.3339,9.3257,-0.83473,0.0045294,14.3,3.7859
9.2512,9.3261,-0.94629,-0.016074,14.294,4.8863
9.1553,9.3245,-1.0734,-0.036409,14.272,6.3219
9.0517,9.3209,-0.95532,-0.058034,14.247,5.5465
8.9466,9.3151,-0.87966,-0.079628,14.221,5.1988
8.8638,9.3071,-0.84769,-0.096239,14.174,5.1534
8.7777,9.2975,-0.75929,-0.11342,14.122,4.6775
8.6919,9.2862,-0.68234,-0.13022,14.074,4.3178
8.6173,9.2731,-0.83952,-0.14445,14.017,5.6949
8.5291,9.2587,-0.81888,-0.16166,13.952,5.7324
8.4432,9.2425,-0.6271,-0.1782,13.885,4.4655
8.383,9.2247,-0.42868,-0.18919,13.799,3.3196
8.3459,9.2058,-0.31043,-0.1949,13.711,2.7291
8.3109,9.1863,-0.11878,-0.20016,13.619,1.9162
8.3024,9.1663,0.10577,-0.19935,13.524,1.1618
8.3224,9.1463,0.25544,-0.19156,13.444,0.75453
8.3449,9.1272,0.26189,-0.18348,13.354,0.67729
8.3618,9.1088,0.13107,-0.17649,13.277,0.89272
8.368,9.0912,-0.16858,-0.17197,13.209,1.7797
8.3536,9.074,-0.59702,-0.17243,13.141,3.9845
8.2988,9.0567,-1.0386,-0.18285,13.062,7.7134
8.1998,9.0385,-1.4056,-0.20374,12.989,12.313
8.0543,9.0181,-1.6748,-0.23626,12.9,16.896
7.8802,8.9945,-1.8358,-0.27605,12.795,20.386
7.6869,8.9669,-2.0698,-0.32097,12.676,25.992
7.4815,8.9348,-2.2313,-0.37005,12.529,30.626
7.2628,8.8978,-2.269,-0.42325,12.371,32.292
7.0388,8.8554,-2.0926,-0.47921,12.193,28.425
6.8262,8.8075,-1.8982,-0.53382,11.995,24.559
6.6426,8.7541,-1.7586,-0.5816,11.788,22.086
6.4681,8.696,-1.763,-0.62908,11.561,22.398
6.2835,8.6331,-1.8943,-0.68039,11.332,25.265
6.1029,8.565,-2.194,-0.73266,11.089,32.423
5.8845,8.4917,-2.4615,-0.79823,10.839,40.232
5.6465,8.4119,-2.5938,-0.87484,10.56,44.701
5.3951,8.3244,-2.5562,-0.95729,10.284,43.572
5.1487,8.2287,-2.5951,-1.0446,9.979,15.481
4.8961,8.1243,-2.547,-1.1395,9.6589,15.019
4.6355,8.0103,-2.3932,-1.2437,9.3234,14.399
4.3989,7.8859,-1.9526,-1.3467,8.9702,26.281
4.209,7.7513,-1.5881,-5.2,8.6249,1.4736
4.0547,7.2313,-1.0764,-5.2,8.2868,2.9211
3.947,6.7113,-0.46462,-5.2,7.9863,6.1274
3.9074,6.1913,-0.10325,-5.2,7.725,8.0772
3.8927,5.6713,-0.16844,-8.8,7.5244,0
3.87,4.7913,-0.14193,-8.8,7.3946,0
3.8637,3.9113,-0.15145,-0.011953,7.3558,0.45885
3.8537,3.9101,-0.26597,-0.01421,7.3424,0.8495
3.8188,3.9086,-0.19988,-0.022695,7.3308,0.68323
3.8055,3.9064,-0.1017,-0.025568,7.3127,0.40692
3.8023,3.9038,-0.15188,-0.025802,7.2963,0.55231
3.7881,3.9012,-0.18165,-0.028855,7.2758,0.66459
3.762,3.8984,-0.22618,-0.034834,7.2651,0.85427
3.7441,3.8949,-0.21135,-0.038528,7.2604,0.82939
3.7167,3.891,-0.099299,-0.044726,7.2383,0.52151
3.7084,3.8865,0.040891,-0.045747,7.2291,0.18316
3.7174,3.882,0.070403,-0.042323,7.2171,0.10312
3.7311,3.8777,0.10717,-0.037854,7.194,0.0090622
3.7382,3.874,0.17966,-0.035142,7.1769,0
3.7486,3.8704,0.069417,-0.031625,7.1634,0.041782
3.7499,3.8673,0.59187,-0.030544,7.1491,0
3.8014,3.8642,-0.24996,-0.016397,7.1325,0.80243
