3.8889,3.8889,2.2719,0,35.5,4.6598
4.1126,3.8889,2.223,7.8,35.514,36.402
4.3378,4.6689,2.0688,7.8,35.518,41.617
4.5509,5.4489,2.0061,7.8,35.45,45.828
4.7535,6.2289,1.9307,6.7,35.336,39.311
4.9418,6.8989,1.8906,6.7,35.159,42.656
5.1293,7.5689,1.8324,6.7,34.946,46.324
5.3051,8.2389,1.7229,6.7,34.678,50.891
5.4839,8.9089,1.629,6.7,34.368,55.332
5.6369,9.5789,1.5746,6.7,34.001,59.418
5.7923,10.249,1.4815,-0.25876,33.577,5.7663
5.9342,10.223,1.385,-0.25387,33.132,5.6681
6.0819,10.198,1.3657,-0.24817,32.71,5.2906
6.2227,10.173,1.3432,-0.24249,32.305,4.9514
6.3593,10.149,1.3194,-0.23671,31.915,4.6364
6.49,10.125,1.3514,-0.23091,31.543,4.1856
6.6304,10.102,1.3873,-0.22404,31.196,3.7415
6.7737,10.079,1.354,-0.21681,30.848,3.479
6.901,10.058,1.2968,-0.21016,30.526,3.3064
7.029,10.037,1.2323,-0.20326,30.209,3.1509
7.1457,10.016,1.1219,-0.19666,29.921,3.1259
7.2635,9.9967,1.0425,-0.18984,29.634,3.0318
7.3705,9.9777,0.97353,-0.18345,29.367,2.9377
7.4632,9.9594,0.89553,-0.17778,29.116,2.9002
7.5434,9.9416,0.86256,-0.17288,28.87,2.7743
7.6385,9.9243,0.82268,-0.16668,28.637,2.6367
7.7177,9.9076,0.81461,-0.16141,28.421,2.4547
7.8019,9.8915,0.79327,-0.15571,28.202,2.2991
7.8852,9.8759,0.78043,-0.14983,28.003,2.1295
7.9561,9.8609,0.72221,-0.14474,27.814,2.0909
8.0226,9.8465,0.74167,-0.13986,27.634,1.8868
8.1035,9.8325,0.66183,-0.13379,27.457,1.8773
8.1646,9.8191,0.64718,-0.12915,27.288,1.7624
8.2246,9.8062,0.63703,-0.12453,27.122,1.6423
8.2955,9.7937,0.63284,-0.11888,26.972,1.4926
8.3647,9.7819,0.62797,-0.11328,26.831,1.3528
8.4304,9.7705,0.67377,-0.10792,26.691,1.1384
8.494,9.7597,0.68447,-0.10259,26.567,1.0002
8.5696,9.7495,0.71715,-0.096227,26.449,0.8263
8.6472,9.7399,0.73669,-0.089636,26.338,0.68173
8.7239,9.7309,0.74926,-0.083085,26.23,0.55731
8.8041,9.7226,0.748,-0.076168,26.136,0.44725
8.8877,9.715,0.73319,-0.068936,26.045,0.34579
8.9647,9.7081,0.72169,-0.062192,25.971,0.25432
9.0389,9.7019,0.67706,-0.055656,25.905,0.18024
9.1016,9.6963,0.5764,-0.050077,25.85,0.15129
9.1556,9.6913,0.56239,-0.045227,25.799,0.086485
9.2168,9.6868,0.56416,-0.039793,25.747,0.0061982
9.2819,9.6828,0.54959,-0.034035,25.697,0
9.3348,9.6794,0.55028,-0.029303,25.663,0
9.3966,9.6764,0.60158,-0.023843,25.628,0
9.4565,9.6741,0.58824,-0.018576,25.597,0
9.5214,9.6722,0.58344,-0.012875,25.588,0
9.5808,9.6709,0.63696,-0.0076996,25.581,0
9.6423,9.6701,0.72304,-0.0023837,25.567,0
9.7047,9.6699,0.80773,0.030295,25.572,0
9.7865,9.6729,0.86875,0.098867,25.586,0
9.8686,9.6828,0.90172,0.16153,25.6,0
9.9653,9.699,0.86339,0.23099,25.619,0
10.054,9.7221,0.82513,0.28699,25.652,0
10.137,9.7508,0.75796,0.33301,25.679,0
10.223,9.7841,0.71837,0.37658,25.721,0
10.297,9.8217,0.67571,0.40593,25.761,0
10.356,9.8623,0.67467,0.41951,25.815,0
10.417,9.9043,0.69861,0.43304,25.868,0
10.496,9.9476,0.77268,0.46085,25.93,0
10.572,9.9937,0.82637,0.48328,25.978,0
10.653,10.042,0.92993,0.50713,26.031,0
10.752,10.093,0.98884,0.54405,26.099,0
10.855,10.147,1.0029,0.57982,26.159,0
10.952,10.205,0.99183,0.60815,26.235,0
11.046,10.266,0.98623,0.63024,26.304,0
11.135,10.329,0.96105,0.64634,26.385,0
11.233,10.394,0.95241,0.66781,26.461,0
11.331,10.46,0.94673,0.68712,26.543,0
11.416,10.529,0.93023,0.69429,26.629,0
11.513,10.598,0.92707,0.70999,26.724,0
11.6,10.669,0.91316,0.71702,26.82,0
11.689,10.741,0.90892,0.7244,26.921,0
11.785,10.814,0.89829,0.73685,27.013,0
11.868,10.887,0.89302,0.7379,27.117,0
11.967,10.961,0.88736,0.7506,27.219,0
12.056,11.036,0.87846,0.75542,27.326,0
12.151,11.112,0.86091,0.76358,27.424,0
12.231,11.188,0.83574,0.7603,27.539,0
12.306,11.264,0.84791,0.75319,27.642,0
12.39,11.339,0.86756,0.75346,27.742,0
12.467,11.415,0.88244,0.74875,27.84,0
12.556,11.49,0.89054,0.75294,27.946,0
12.655,11.565,0.91151,0.76374,28.048,0
12.752,11.641,0.8999,0.77278,28.167,0
12.84,11.719,0.88229,0.77447,28.288,0
12.935,11.796,0.86366,0.78101,28.399,0
13.013,11.874,0.85778,0.77495,28.514,0
13.091,11.952,0.85483,0.76979,28.63,0
13.167,12.029,0.85155,0.76376,28.746,0
13.243,12.105,0.84534,0.75844,28.864,0
13.326,12.181,0.84983,0.75753,28.985,0
13.403,12.257,0.84964,0.75388,29.104,0
13.494,12.332,0.84792,0.75862,29.216,0
13.571,12.408,0.84629,0.75457,29.334,0
13.65,12.483,0.84657,0.75176,29.457,0
13.737,12.558,0.82305,0.75454,29.581,0
13.818,12.634,0.8514,0.75343,29.705,0
13.907,12.709,0.83864,0.75739,29.834,0
13.991,12.785,0.8508,0.75783,29.951,0
14.081,12.861,0.83351,0.76205,30.064,0
14.169,12.937,0.84523,0.76479,30.191,0
14.257,13.013,0.78268,0.76686,30.308,0
14.344,13.09,0.77444,0.76834,30.424,0
14.429,13.167,0.76344,0.76826,30.555,0
14.499,13.244,0.75432,0.75944,30.674,0
14.58,13.32,0.71356,0.75862,30.809,0
14.658,13.396,0.70396,0.75541,30.932,0
14.725,13.471,0.66939,0.74615,31.066,0
14.795,13.546,0.61389,0.73893,31.193,0
14.863,13.62,0.58348,0.73174,31.318,0
14.92,13.693,0.57512,0.71818,31.452,0
14.973,13.765,0.53571,0.70377,31.572,0
15.018,13.835,0.50808,0.68494,31.685,0
15.061,13.904,0.46749,0.66704,31.798,0
15.117,13.97,0.4664,0.65746,31.916,0
15.17,14.036,0.41986,0.64726,32.039,0
15.219,14.101,0.41055,0.63586,32.154,0
15.27,14.164,0.40426,0.62574,32.256,0
15.313,14.227,0.39929,0.61181,32.368,0
15.362,14.288,0.36523,0.60231,32.478,0
15.39,14.348,0.35176,0.5819,32.584,0
15.435,14.406,0.34671,0.57232,32.687,0
15.466,14.464,0.33593,0.55573,32.779,0
15.495,14.519,0.32072,0.53836,32.872,0
15.526,14.573,0.31367,0.52409,32.96,0
15.557,14.626,0.33586,0.51056,33.055,0
15.594,14.677,0.32519,0.50091,33.145,0
15.622,14.727,0.32371,0.48722,33.236,0
15.649,14.775,0.33721,0.47402,33.321,0
15.682,14.823,0.33761,0.46493,33.407,0
15.708,14.869,0.3257,0.45255,33.491,0
15.749,14.915,0.33042,0.44886,33.581,0
15.779,14.959,0.33927,0.43951,33.67,0
15.807,15.003,0.33564,0.42997,33.742,0
15.842,15.046,0.3342,0.42455,33.818,0
15.883,15.089,0.34295,0.42264,33.895,0
15.925,15.131,0.34086,0.42147,33.977,0
15.967,15.173,0.33237,0.42003,34.051,0
15.991,15.215,0.34054,0.40963,34.133,0
16.022,15.256,0.35297,0.4036,34.218,0
16.067,15.297,0.36481,0.40476,34.288,0
16.112,15.337,0.38624,0.40598,34.37,0
16.156,15.378,0.40746,0.40678,34.439,0
16.187,15.418,0.40626,0.40065,34.508,0
16.23,15.458,0.4062,0.40121,34.582,0
16.27,15.498,0.40276,0.40037,34.664,0
16.3,15.539,0.40403,0.39435,34.737,0
16.331,15.578,0.3922,0.3889,34.808,0
16.374,15.617,0.38346,0.39017,34.887,0
16.419,15.656,0.34438,0.39252,34.968,0
16.445,15.695,0.33125,0.38478,35.05,0
16.471,15.734,0.30342,0.37766,35.12,0
16.495,15.771,0.27757,0.36939,35.184,0
16.513,15.808,0.25506,0.35929,35.26,0
16.547,15.844,0.26184,0.35777,35.335,0
16.583,15.88,0.24953,0.35674,35.396,0
16.6,15.916,0.20568,0.34658,35.456,0
16.614,15.95,0.12826,0.33533,35.514,0
16.618,15.984,0.048311,0.31997,35.574,0
16.614,16.016,-0.049268,0.30135,35.641,0
16.605,16.046,-0.1531,0.28093,35.691,0
16.583,16.074,-0.21871,0.25556,35.738,0.085476
16.563,16.1,-0.2474,0.23197,35.783,0.22657
16.538,16.123,-0.25594,0.2077,35.823,0.30224
16.507,16.144,-0.26114,0.18141,35.865,0.37107
16.485,16.162,-0.2625,0.16136,35.899,0.41441
16.46,16.178,-0.2591,0.14075,35.921,0.44226
16.433,16.192,-0.2589,0.12009,35.95,0.48204
16.412,16.204,-0.26235,0.10352,35.981,0.52675
16.387,16.214,-0.26146,0.086094,36.004,0.55801
16.353,16.223,-0.25581,0.064684,36.015,0.58064
16.334,16.229,-0.25891,0.052021,36.029,0.61661
16.307,16.235,-0.25803,0.035963,36.038,0.64552
16.29,16.238,-0.25687,0.025512,36.044,0.6623
16.256,16.241,-0.26513,0.0075846,36.058,0.72711
16.231,16.242,-0.27002,-0.00090106,36.059,0.78539
16.203,16.241,-0.27744,-0.0032778,36.047,0.88102
16.173,16.241,-0.28452,-0.0057719,36.036,0.98054
16.143,16.241,-0.2832,-0.0083089,36.03,1.0506
16.109,16.24,-0.27917,-0.011144,36.022,1.1196
16.09,16.239,-0.28982,-0.012661,35.998,1.2067
16.067,16.237,-0.28781,-0.014535,35.981,1.2553
16.043,16.236,-0.285,-0.016429,35.966,1.3013
16.024,16.234,-0.31028,-0.017913,35.949,1.4513
16.001,16.232,-0.31506,-0.019778,35.93,1.5297
15.966,16.23,-0.28796,-0.02256,35.914,1.5011
15.93,16.228,-0.26717,-0.025501,35.885,1.5043
15.912,16.226,-0.23922,-0.026866,35.864,1.431
15.897,16.223,-0.1958,-0.027962,35.827,1.2924
15.876,16.22,-0.11318,-0.02951,35.796,1.0387
15.874,16.217,-0.039099,-0.029475,35.763,0.80088
15.869,16.214,0.032552,-0.02968,35.735,0.60427
15.871,16.211,0.11037,-0.029331,35.7,0.40645
15.884,16.208,0.18231,-0.027963,35.667,0.22946
15.906,16.206,0.20922,-0.025838,35.626,0.13822
15.92,16.203,0.22332,-0.02446,35.592,0.087736
15.944,16.201,0.24461,-0.022179,35.572,0.01235
15.965,16.198,0.22588,-0.020229,35.542,0.0030197
15.986,16.196,0.20518,-0.018234,35.521,0
16.001,16.194,0.17904,-0.01684,35.495,0.010667
16.015,16.193,0.14044,-0.015475,35.478,0.049031
16.038,16.191,0.093656,-0.013285,35.459,0.091069
16.044,16.19,0.077599,-0.012681,35.447,0.11002
16.044,16.189,0.074786,-0.012596,35.436,0.11376
16.044,16.187,0.061798,-0.012522,35.425,0.1387
16.052,16.186,0.045784,-0.011688,35.41,0.1544
16.058,16.185,0.039168,-0.011048,35.405,0.15474
16.072,16.184,0.036981,-0.009768,35.402,0.13171
16.07,16.183,0.027844,-0.0098003,35.389,0.15205
16.063,16.182,0.031413,-0.010351,35.368,0.15603
16.062,16.181,0.05207,-0.010409,35.357,0.11317
16.072,16.18,0.069494,-0.0094338,35.346,0.057248
16.079,16.179,0.068834,-0.00874,35.342,0.044131
16.079,16.178,0.070065,-0.0086175,35.328,0.039073
16.092,16.177,0.064533,-0.007454,35.321,0.025793
16.089,16.176,0.039363,-0.0076809,35.303,0.081139
16.102,16.176,0.0079541,-0.0064174,35.292,0.12122
16.099,16.175,-6.0743e-05,-0.006621,35.288,0.14353
16.093,16.174,-0.0097562,-0.0070935,35.28,0.17607
16.099,16.174,-0.026241,-0.0065362,35.28,0.20231
16.097,16.173,-0.029214,-0.0066233,35.279,0.21139
16.096,16.172,-0.028696,-0.0067015,35.28,0.21193
16.084,16.172,-0.028265,-0.0076905,35.269,0.23326
16.086,16.171,-0.032932,-0.0074745,35.26,0.23961
16.081,16.17,-0.02192,-0.0077988,35.247,0.22027
16.069,16.169,-0.017654,-0.0087677,35.231,0.23179
16.067,16.168,0.00045345,-0.0089307,35.229,0.19294
16.061,16.168,0.017448,-0.0093339,35.213,0.16317
16.064,16.167,0.02133,-0.0090138,35.203,0.14752
16.074,16.166,0.029571,-0.0080264,35.194,0.10833
16.069,16.165,0.038226,-0.008433,35.178,0.098519
16.066,16.164,0.040461,-0.0085997,35.168,0.097275
16.066,16.163,0.02754,-0.0085368,35.164,0.12338
16.071,16.162,0.052416,-0.0080886,35.153,0.061816
16.084,16.162,0.12389,-0.0068745,35.139,0
16.097,16.161,0.22409,-0.0055998,35.123,0
16.12,16.16,0.32211,-0.0035724,35.121,0
16.155,16.16,0.42896,-0.00043549,35.109,0
16.207,16.16,0.49579,0.023046,35.121,0
16.252,16.162,0.49243,0.044017,35.12,0
16.302,16.167,0.47326,0.066087,35.125,0
16.353,16.173,0.44683,0.087737,35.145,0
16.395,16.182,0.40614,0.10401,35.163,0
16.433,16.192,0.38343,0.11753,35.176,0
16.467,16.204,0.38128,0.12815,35.192,0
16.502,16.217,0.35782,0.13923,35.218,0
16.543,16.231,0.33048,0.15207,35.244,0
16.57,16.246,0.33122,0.15765,35.266,0
16.611,16.262,0.32533,0.17003,35.306,0
16.652,16.279,0.30378,0.18156,35.342,0
16.691,16.297,0.31261,0.19139,35.383,0
16.716,16.316,0.32761,0.19407,35.429,0
16.755,16.336,0.31101,0.20373,35.472,0
16.794,16.356,0.30979,0.21207,35.508,0
16.822,16.377,0.31066,0.21515,35.547,0
16.845,16.399,0.29492,0.21557,35.589,0
16.87,16.42,0.28404,0.21712,35.633,0
16.891,16.442,0.28185,0.21643,35.671,0
16.916,16.464,0.2854,0.21808,35.724,0
16.951,16.485,0.27995,0.22433,35.765,0
16.989,16.508,0.24723,0.23127,35.809,0
17.011,16.531,0.21465,0.23074,35.866,0
17.041,16.554,0.18834,0.23379,35.921,0
17.053,16.577,0.11017,0.22797,35.972,0
17.069,16.6,0.01729,0.22448,36.027,0
17.076,16.623,-0.044157,0.21691,36.07,0
17.07,16.644,-0.13243,0.20327,36.122,0
17.052,16.665,-0.21468,0.18477,36.158,0.1618
17.022,16.683,-0.24767,0.16163,36.194,0.32168
17.006,16.699,-0.25033,0.14594,36.228,0.36504
16.977,16.714,-0.26589,0.12543,36.26,0.46441
16.954,16.726,-0.26179,0.10827,36.281,0.48793
16.932,16.737,-0.30183,0.092683,36.301,0.66729
16.896,16.747,-0.41682,0.070973,36.314,1.1849
16.863,16.754,-0.5582,0.051952,36.32,1.9186
16.799,16.759,-0.71373,0.018965,36.319,2.911
16.737,16.761,-0.87495,-0.0020302,36.329,4.181
16.651,16.761,-0.99824,-0.0095386,36.327,5.5465
16.55,16.76,-1.0668,-0.018223,36.316,6.6027
16.439,16.758,-1.121,-0.027677,36.291,7.6208
16.331,16.755,-1.1209,-0.036845,36.262,8.0834
16.216,16.751,-1.0115,-0.046638,36.212,7.4382
16.118,16.747,-0.85756,-0.054884,36.157,6.377
16.025,16.741,-0.687,-0.062704,36.089,5.3016
15.963,16.735,-0.50444,-0.067783,36.016,4.196
15.903,16.728,-0.34887,-0.072649,35.941,3.4169
15.861,16.721,-0.29542,-0.075943,35.863,3.2265
15.828,16.713,-0.28601,-0.078515,35.778,3.2535
15.799,16.705,-0.28421,-0.080637,35.691,3.3055
15.762,16.697,-0.27901,-0.083539,35.598,3.364
15.728,16.689,-0.27221,-0.086163,35.511,3.4046
15.693,16.68,-0.27407,-0.088877,35.414,3.4936
15.668,16.671,-0.2707,-0.090645,35.313,3.5204
15.637,16.662,-0.26861,-0.09299,35.216,3.5742
15.617,16.653,-0.27009,-0.094368,35.117,3.6142
15.584,16.644,-0.29121,-0.096923,35.02,3.8056
15.546,16.634,-0.46672,-0.099946,34.906,5.0014
15.501,16.624,-0.74347,-0.10367,34.797,7.3078
15.424,16.614,-1.0911,-0.11037,34.676,11.184
15.32,16.603,-1.5369,-0.11962,34.546,17.948
15.17,16.591,-2.1054,-0.13324,34.411,30.332
14.957,16.577,-2.6371,-0.15295,34.26,47.311
14.697,16.562,-3.1109,-0.1774,34.087,68.31
14.395,16.544,-3.5182,-0.20626,33.879,92.068
14.051,16.524,-3.8313,-0.23969,33.647,114.76
13.665,16.5,-4.0346,-0.27808,33.372,131.86
13.268,16.472,-4.1111,-0.31848,33.064,139.13
12.849,16.44,-4.1716,-0.36224,32.735,145.09
12.428,16.404,-4.168,-0.40782,32.354,145.71
12.019,16.363,-4.0865,-0.45406,31.935,140.38
11.613,16.318,-4.0223,-0.502,31.483,136.92
11.206,16.267,-3.9144,-0.55256,30.986,130.93
10.818,16.212,-3.8154,-0.60364,30.456,126.04
10.441,16.152,-3.8049,-0.65623,29.9,126.79
10.057,16.086,-3.856,-0.71268,29.313,131.28
9.6643,16.015,-3.8882,-0.77406,28.69,134.59
9.2675,15.937,-3.9585,-0.84004,28.038,140.22
8.8638,15.853,-4.0362,-0.91118,27.363,146.35
8.4616,15.762,-4.1067,-0.98802,26.649,152
8.0521,15.664,-4.1986,-1.0728,25.894,40.79
7.6318,15.556,-4.3064,-1.1657,25.118,40.474
7.1995,15.44,-4.4499,-1.2685,24.315,40.105
6.7616,15.313,-4.5557,-1.3826,23.476,39.681
6.3058,15.175,-4.6117,-1.5112,22.606,39.187
5.8506,15.023,-4.6291,-1.6529,21.711,38.579
5.3947,14.858,-4.6333,-1.8118,20.777,37.831
4.9374,14.677,-4.645,-1.9911,19.807,36.934
4.477,14.478,-4.5401,-2.1914,18.822,35.817
4.0159,14.259,-4.3861,-2.4165,17.82,34.468
3.5845,14.017,-4.2218,-2.6663,16.787,32.85
3.1537,13.75,-3.9358,-2.9515,15.735,30.862
2.767,13.455,-3.3259,-3.2642,14.671,28.232
2.4267,13.129,-2.7358,-3.603,13.609,25.267
2.163,12.769,-2.2037,-3.9616,12.548,21.984
1.9523,12.372,-1.7049,-4.3461,11.497,18.419
1.7738,11.938,-1.2807,-6.2197,10.458,10.458
1.6461,11.316,-1.128,-6.0627,9.4743,9.4541
1.541,10.71,-1.0775,-5.9983,8.5417,8.4558
1.4253,10.11,-1.0276,-5.9574,7.6495,7.4445
1.3145,9.5141,-0.97317,-5.909,6.8108,6.4378
1.2127,8.9232,-0.93123,-5.8764,6.011,5.4154
1.1198,8.3355,-0.8937,-5.8425,5.2604,4.3934
1.031,7.7513,-0.82403,-5.7732,4.5625,3.377
0.95241,7.1739,-0.51898,-5.4583,3.9183,2.3754
0.91003,6.6281,-0.20172,-5.2,3.3265,1.3887
0.88709,6.1081,0.04841,-5.2,2.7736,0.31076
0.89444,5.5881,0.3271,-8.8,2.276,0
0.91794,4.7081,0.52567,-8.8,1.8601,0
0.97329,3.8281,0.45265,-8.8,1.5369,0
1.0174,2.9481,0.41429,-8.8,1.3019,0
1.061,2.0681,0.42561,-8.8,1.1469,0
1.1077,1.1881,0.39547,-8.8,1.0857,0
1.1392,0.30812,0.40876,-8.8,1.117,0
1.1847,0,0.44343,-8.8,1.2431,0
1.2248,0,0.43066,-8.8,1.4051,0
1.2751,0,0.42271,-8.8,1.5719,0
1.319,0,0.41823,-8.8,1.7415,0
1.3661,0,0.41992,-8.8,1.9162,0
1.4006,0,0.41653,-8.8,2.0898,0
1.4413,0,0.41319,-8.8,2.2667,0
1.4902,0,0.4193,-8.8,2.466,0
1.5371,0,0.41458,-8.8,2.6639,0
1.5691,0,0.41313,-8.8,2.8593,0
1.6191,0,0.42376,-8.8,3.0631,0
1.652,0,0.41811,-8.8,3.2756,0
1.685,0,0.42178,-8.8,3.4896,0
1.73,0,0.43902,-8.8,3.6954,0
1.7644,0,0.44532,-8.8,3.9184,0
1.8036,0,0.43621,-8.8,4.1493,0
1.8486,0,0.4905,-8.8,4.3835,0
1.8885,0,0.59399,-8.8,4.6051,0
1.9504,0,0.88243,-8.8,4.8328,0
2.031,0,1.3361,1.3361,5.067,0
2.1677,0.13361,1.8243,1.8243,5.268,0
2.3521,0.31604,2.2323,2.2323,5.4654,0
2.5844,0.53927,2.5525,2.5525,5.6691,0
2.8451,0.79452,2.6755,2.6755,5.8835,0
3.1178,1.0621,2.6375,4.9,6.0788,2.3065
3.3836,1.5521,2.5862,4.9,6.2819,3.3388
3.6343,2.0421,2.5766,4.9,6.4601,4.2375
3.9003,2.5321,2.6072,3.3442,6.6018,0
4.1686,2.8665,2.6572,2.6361,6.7426,0
4.4389,3.1301,2.7085,2.3282,6.877,0
4.7174,3.3629,2.7382,2.1745,7.0116,0
4.9966,3.5804,2.7137,2.0835,7.1489,0
5.2693,3.7887,2.6421,2.0196,7.3024,0
5.537,3.9907,2.5372,1.9691,7.4514,0
5.7986,4.1876,2.4918,1.9299,7.6148,0
6.0544,4.3806,2.4673,1.8972,7.7875,0
6.3034,4.5703,2.4836,1.8675,7.9663,0
6.5545,4.7571,2.5402,1.8461,8.1371,0
6.8107,4.9417,2.6253,1.8387,8.3267,0
7.0675,5.1255,2.6994,1.8322,8.5082,0
7.3437,5.3088,2.7602,1.8484,8.7082,0
7.6129,5.4936,2.7771,1.8566,8.9159,0
7.8862,5.6792,2.7551,1.8687,9.1338,0
8.1573,5.8661,2.7257,1.8778,9.3564,0
8.4223,6.0539,2.6461,1.8829,9.5928,0
8.6906,6.2422,2.5476,1.892,9.8411,0
8.9381,6.4314,2.4744,1.8835,10.085,0
9.1853,6.6197,2.417,1.8787,10.343,0
9.4196,6.8076,2.3491,1.8661,10.603,0
9.664,6.9942,2.2667,1.8634,10.866,0
9.8875,7.1806,2.1818,1.8494,11.145,0
10.115,7.3655,2.0959,1.8385,11.408,0
10.333,7.5493,2.0141,1.8236,11.678,0
10.544,7.7317,1.942,1.8083,11.96,0
10.737,7.9125,1.8775,1.783,12.234,0
10.923,8.0908,1.8313,1.7569,12.509,0
11.114,8.2665,1.7661,1.738,12.788,0
11.29,8.4403,1.6612,1.7136,13.078,0
11.456,8.6117,1.5723,1.6862,13.363,0
11.608,8.7803,1.5026,1.6538,13.65,0
11.766,8.9457,1.4296,1.6291,13.939,0
11.916,9.1086,1.3944,1.6009,14.215,0
12.065,9.2687,1.3924,1.5752,14.486,0
12.203,9.4262,1.3762,1.5467,14.763,0
12.346,9.5809,1.3521,1.5236,15.034,0
12.481,9.7332,1.282,1.498,15.303,0
12.616,9.883,1.1503,1.475,15.575,0
12.732,10.031,1.017,1.4452,15.854,0
12.843,10.175,0.88904,1.4143,16.119,0
12.935,10.316,0.78076,1.3768,16.388,0
13.017,10.454,0.73462,1.3359,16.641,0
13.084,10.588,0.77085,1.2914,16.894,0
13.165,10.717,0.90115,1.2572,17.14,0
13.256,10.843,1.0586,1.2306,17.38,0
13.365,10.966,1.1932,1.215,17.619,0
13.491,11.087,1.3172,1.2098,17.867,0
13.613,11.208,1.407,1.2032,18.109,0
13.746,11.328,1.4257,1.2022,18.352,0
13.887,11.449,1.4029,1.2055,18.594,0
14.027,11.569,1.3845,1.2081,18.841,0
14.171,11.69,1.3866,1.2129,19.094,0
14.313,11.811,1.4282,1.2166,19.351,0
14.446,11.933,1.4815,1.2156,19.607,0
14.602,12.055,1.5433,1.2247,19.854,0
14.766,12.177,1.613,1.2385,20.119,0
14.921,12.301,1.6659,1.2466,20.375,0
15.094,12.426,1.685,1.2622,20.633,0
15.256,12.552,1.6814,1.2728,20.907,0
15.423,12.679,1.6853,1.2844,21.173,0
15.582,12.807,1.6918,1.2916,21.448,0
15.752,12.937,1.7149,1.3037,21.728,0
15.926,13.067,1.7485,1.3173,22.013,0
16.096,13.199,1.7895,1.3275,22.294,0.01143
16.283,13.331,1.8095,1.3459,22.594,0.096584
16.467,13.466,1.8273,1.3616,22.896,0.18153
16.654,13.602,1.8256,1.3774,23.19,0.18318
16.828,13.74,1.8142,1.3867,23.499,0.15029
17.009,13.879,1.7989,1.3981,23.8,0.09942
17.191,14.018,1.7947,1.4096,24.115,0.097468
17.368,14.159,1.7853,1.4181,24.426,0.079061
17.542,14.301,1.7957,1.425,24.742,0.15567
17.719,14.444,1.8185,1.4327,25.063,0.29088
17.896,14.587,1.849,1.4407,25.396,0.46417
18.08,14.731,1.8673,1.4508,25.72,0.58226
18.271,14.876,1.9318,1.464,26.066,0.9274
18.455,15.023,1.8534,1.4733,26.409,0.56337
