0,0,1.6383,0,35.5,0
0.16395,0,1.3362,7.8,35.501,49.213
0.29121,0.78,1.0705,7.8,35.479,57.648
0.39504,1.56,0.90536,7.8,35.403,64.928
0.49083,2.34,0.8052,7.8,35.253,71.317
0.56978,3.12,0.70351,7.8,35.024,77.993
0.64675,3.9,0.59094,7.8,34.742,85.04
0.71169,4.68,0.49247,7.8,34.375,92.031
0.7668,5.46,0.39232,7.8,33.936,99.252
0.80753,6.24,0.17443,6.7,33.435,95.409
0.82823,6.91,0.021127,6.7,32.859,103.42
0.8333,7.58,-0.14559,6.7,32.213,112.04
0.82066,8.25,-0.28604,6.7,31.511,120.37
0.78895,8.92,-0.5068,-0.47039,30.727,33.706
0.74561,8.873,-0.62682,-0.48844,29.922,32.914
0.68767,8.8241,-0.68667,-0.50842,29.118,32.392
0.61251,8.7733,-0.67798,-0.53119,28.299,32.103
0.53511,8.7202,-0.72451,-0.55526,27.489,31.63
0.46864,8.6646,-0.68933,-0.58027,26.675,31.361
0.40191,8.6066,-0.49503,-0.60699,25.86,31.584
0.34714,8.5459,-0.28136,-0.63509,25.033,31.963
0.32725,8.4824,-0.075656,-0.66174,24.22,32.649
0.3154,8.4162,0.17268,-0.68923,23.414,28.787
0.33582,8.3473,0.36364,-0.71623,22.599,25.764
0.37591,8.2757,0.33695,-0.74251,21.801,25.236
0.40721,8.2014,0.27819,-0.77057,21.018,25.091
0.43238,8.1244,0.24567,-0.80088,20.244,24.644
0.44747,8.0443,0.24005,-0.8335,19.484,23.912
0.46468,7.9609,0.31564,-0.86804,18.73,22.261
0.49232,7.8741,0.52358,-0.90245,17.994,19.323
0.55396,7.7839,0.61552,-0.93555,17.255,17.52
0.62126,7.6903,0.78628,-0.96869,16.534,15.168
0.6976,7.5935,0.94581,-1.0004,15.841,13.102
0.79907,7.4934,1.0876,-1.0283,15.169,11.29
0.91664,7.3906,1.2186,-1.0544,14.508,9.6926
1.0321,7.2851,1.4386,-1.08,13.87,7.9562
1.1715,7.1771,1.5869,-1.0989,13.263,6.7586
1.3217,7.0672,1.6993,-1.1153,12.668,5.8642
1.4943,6.9557,1.7524,-1.1215,12.117,5.2257
1.6698,6.8436,1.6804,-1.1234,11.589,4.8401
1.8459,6.7312,1.4921,-1.1212,11.086,4.6118
1.9871,6.6191,1.2462,-1.1215,10.615,4.541
2.1127,6.507,0.97923,-1.1235,10.156,4.5929
2.2031,6.3946,0.69897,-1.1284,9.7318,4.8436
2.2787,6.2818,0.44816,-1.1367,9.3132,5.1494
2.3311,6.1681,0.25723,-1.1455,8.9271,5.3811
2.3661,6.0535,0.16107,-1.1603,8.5419,5.2769
2.3772,5.9375,0.068744,-1.1802,8.1723,5.2051
2.3801,5.8195,-0.051531,-8.8,7.8276,0
2.3784,4.9395,-0.19865,-0.79874,7.5176,4.9884
2.3662,4.8596,-0.29689,-8.8,7.2666,0
2.3314,3.9796,-0.51679,-0.45066,7.0679,5.4459
2.287,3.9346,-0.72417,-8.8,6.8931,0
2.2108,3.0546,-0.86058,-0.18627,6.7672,6.429
2.124,3.0359,-0.91624,-0.20391,6.6879,7.1182
2.0411,3.0155,-0.92771,-0.22143,6.5939,7.3902
1.9429,2.9934,-0.85007,-8.8,6.4872,0
1.8549,2.1134,-0.83881,-0.0419,6.4129,4.6467
1.7809,2.1092,-0.86698,-0.053509,6.382,5.0992
1.6883,2.1039,-0.91119,-0.068352,6.3371,3.8076
1.596,2.097,-0.9578,-0.083228,6.2852,3.985
1.504,2.0887,-1.0227,-0.09833,6.2228,4.1901
1.4069,2.0789,-0.99435,-0.11406,6.1687,4.2438
1.3161,2.0675,-0.98318,-0.12936,6.0936,4.3109
1.2179,2.0545,-0.92566,-8.8,6.0066,0
1.1273,1.1745,-0.89512,-0.0045832,5.9538,2.4065
1.0448,1.1741,-0.89351,-0.012585,5.9447,2.5427
0.95385,1.1728,-0.93584,-0.021366,5.9317,2.7757
0.86166,1.1707,-0.94067,-0.030297,5.9075,2.9367
0.77247,1.1676,-0.96873,-0.039071,5.8677,3.1351
0.67227,1.1637,-0.99699,-0.049131,5.8158,3.3504
0.58003,1.1588,-0.96698,-0.058458,5.7636,3.4358
0.49217,1.153,-0.96615,-0.067586,5.701,3.5677
0.39522,1.1462,-0.99808,-0.077762,5.6369,3.7771
0.30059,1.1384,-1.1043,-8.8,5.5563,0
0.19456,0.25844,-1.2617,-1.2617,5.5144,0.13096
0.062503,0.13228,-1.4696,-1.4696,5.4996,0.14304
-0.083475,0,-1.5725,-1.5725,5.4924,0.17112
-0.23532,0,-1.6478,-1.6478,5.4855,0.48241
-0.407,0,-1.68,-1.68,5.4615,0.83435
-0.58307,0,-1.5718,-1.5718,5.4276,1.1953
-0.74139,0,-1.3098,-1.3098,5.366,1.5198
-0.86831,0,-0.94363,-0.94363,5.2938,1.78
-0.95872,0,-0.49639,-0.49639,5.2135,1.9654
-1.0047,0,-0.045656,-0.045656,5.1086,2.0597
-1.0106,0,0.29912,0.29912,5.0078,2.0717
-0.99,0.029912,0.47524,-8.8,4.903,0
-0.94292,0,0.50383,-8.8,4.8504,0
-0.89135,0,0.4748,-8.8,4.8007,0
-0.85322,0,0.47304,-8.8,4.749,0
-0.81468,0,0.48242,-8.8,4.7101,0
-0.75964,0,0.50046,-8.8,4.6651,0
-0.70258,0,0.51428,-8.8,4.6405,0
-0.64619,0,0.52557,-8.8,4.6155,0
-0.5915,0,0.55616,-8.8,4.5896,0
-0.52807,0,0.63739,-8.8,4.5862,0
-0.46215,0,0.73484,-8.8,4.5887,0
-0.39165,0,0.87057,-8.8,4.5854,0
-0.29981,0,0.97716,-8.8,4.6019,0
-0.19922,0,1.0234,-8.8,4.6179,0
-0.090275,0,1.0056,-8.8,4.6435,0
0.0082352,0,1.0017,-8.8,4.6813,0
0.10397,0,1.0055,-8.8,4.736,0
0.19738,0,1.0407,-8.8,4.7879,0
0.29277,0,1.1095,-8.8,4.8663,0
0.41231,0,1.1871,-8.8,4.9492,0
0.53113,0,1.168,1.168,5.0379,0
0.65409,0.1168,1.0365,1.0365,5.0903,0
0.75462,0.22045,0.84853,0.84853,5.1431,0
0.84014,0.3053,0.51617,0.51617,5.1888,0
0.89244,0.35692,0.14381,0.14381,5.2481,0
0.90804,0.3713,-0.21484,-0.21484,5.3048,0
0.87736,0.34981,-0.52281,-0.52281,5.3577,0
0.83043,0.29753,-0.78935,-0.78935,5.4026,0
0.74336,0.2186,-0.92554,-0.92554,5.4518,0
0.65609,0.12604,-1.0225,-1.0225,5.5128,0
0.55294,0.023794,-1.0853,-1.0853,5.5705,0
0.44428,0,-1.1424,-1.1424,5.6198,0
0.33358,0,-1.1938,-1.1938,5.6714,0
0.21193,0,-1.2467,-1.2467,5.7138,0
0.087493,0,-1.2807,-1.2807,5.7258,0
-0.031728,0,-1.2874,-1.2874,5.7407,0.065042
-0.15213,0,-1.2878,-1.2878,5.7435,0.31186
-0.28621,0,-1.2722,-1.2722,5.7371,0.58673
-0.41434,0,-1.2462,-1.2462,5.7154,0.84939
-0.53207,0,-1.2615,-1.2615,5.6764,1.0907
-0.66666,0,-1.2538,-1.2538,5.6235,1.3666
-0.7876,0,-1.2361,-1.2361,5.5553,1.6146
-0.91132,0,-1.2323,-1.2323,5.4849,1.8682
-1.0276,0,-1.2189,-1.2189,5.3929,2.1065
-1.151,0,-1.0734,-1.0734,5.2821,2.3595
-1.2514,0,-0.86165,-0.86165,5.1754,2.5653
-1.3361,0,-0.58776,-0.58776,5.0518,2.739
-1.4017,0,-0.28571,-8.8,4.9166,0
-1.422,0,0.018627,-8.8,4.8168,0
-1.4116,0,0.22417,-8.8,4.7188,0
-1.3908,0,0.34855,-8.8,4.6288,0
-1.3601,0,0.39459,-8.8,4.5347,0
-1.3207,0,0.41925,-8.8,4.4517,0
-1.2709,0,0.43191,-8.8,4.3628,0
-1.2244,0,0.43254,-8.8,4.2871,0
-1.1891,0,0.42687,-8.8,4.2069,0
-1.1552,0,0.44159,-8.8,4.1322,0
-1.111,0,0.54455,-8.8,4.0531,0
-1.0522,0,0.71425,-8.8,3.9969,0
-0.9828,0,0.94749,-8.8,3.9326,0
-0.88759,0,1.1989,-8.8,3.8862,0
-0.76804,0,1.4332,-8.8,3.8452,0
-0.62454,0,1.5946,-8.8,3.8157,0
-0.45707,0,1.7081,-8.8,3.8128,0
-0.28108,0,1.7862,-8.8,3.8213,0
-0.11031,0,1.8489,-8.8,3.8396,0
0.080895,0,1.9221,-8.8,3.8839,0
0.27331,0,1.97,-8.8,3.9445,0
0.46364,0,1.995,-8.8,4.0292,0
0.66591,0,1.9762,-8.8,4.1339,0
0.86072,0,1.9617,-8.8,4.2491,0
1.0523,0,1.9691,-8.8,4.382,0
1.2489,0,1.9894,-8.8,4.5411,0
1.446,0,1.9855,-8.8,4.7293,0
1.6352,0,1.9632,-8.8,4.9374,0
1.8335,0,1.9235,1.9235,5.1603,0
2.0345,0.19235,1.8118,1.8118,5.3468,0
2.2084,0.37353,1.6642,1.6642,5.5211,0
2.3652,0.53995,1.5042,1.5042,5.7073,0
2.5094,0.69037,1.3391,1.3391,5.8955,0
2.648,0.82428,1.1608,1.1608,6.0678,0
2.7632,0.94036,1.0252,4.9,6.2586,15.529
2.873,1.4304,0.94587,4.9,6.4256,18.368
2.9656,1.9204,0.95273,4.0304,6.5582,13.052
3.0632,2.3234,1.0404,2.101,6.6497,1.5122
3.1714,2.5335,1.1811,1.5836,6.7254,0
3.2879,2.6919,1.3461,1.3465,6.7786,0
3.4132,2.8265,1.4957,1.2308,6.835,0
3.5539,2.9496,1.6026,1.1903,6.8979,0
3.7213,3.0686,1.6552,1.2115,6.9506,0
3.892,3.1898,1.6744,1.2325,7.0182,0
4.0506,3.313,1.6693,1.2275,7.0992,0
4.2096,3.4358,1.6613,1.2225,7.1684,0
4.3737,3.558,1.649,1.2261,7.2382,0
4.533,3.6806,1.6458,1.2218,7.313,0
4.7015,3.8028,1.6438,1.2331,7.4024,0
4.863,3.9261,1.6688,1.2338,7.5039,0
5.0369,4.0495,1.6739,1.2487,7.5994,0
5.2023,4.1744,1.6663,1.2508,7.704,0
5.3608,4.2994,1.6549,1.2447,7.8119,0
5.5324,4.4239,1.6378,1.2559,7.9287,0
5.6976,4.5495,1.5923,1.2584,8.0509,0
5.8617,4.6753,1.5452,1.2572,8.1581,0
6.0176,4.8011,1.5102,1.2499,8.2816,0
6.174,4.926,1.4677,1.2444,8.4047,0
6.324,5.0505,1.4039,1.234,8.5272,0
6.4641,5.1739,1.2669,1.2173,8.6596,0
6.5836,5.2956,1.0877,1.1846,8.7903,0
6.6845,5.4141,0.85954,1.141,8.9216,0
6.7615,5.5282,0.6672,1.0828,9.0443,0
6.8227,5.6365,0.48531,1.0204,9.1655,0
6.8771,5.7385,0.37586,0.96158,9.2865,0
6.9215,5.8347,0.32423,0.90172,9.3913,0
6.9589,5.9248,0.38097,0.84392,9.4881,0
7.0044,6.0092,0.3943,0.80026,9.5825,0
7.0537,6.0892,0.34333,0.76504,9.6738,0
7.0913,6.1658,0.30237,0.72538,9.7702,0
7.1212,6.2383,0.31052,0.68433,9.8636,0
7.1559,6.3067,0.29674,0.65129,9.9489,0
7.1922,6.3719,0.32034,0.62346,10.039,0
7.2175,6.4342,0.38625,0.59003,10.122,0
7.2495,6.4932,0.39374,0.56484,10.198,0
7.2886,6.5497,0.17408,0.54719,10.267,0
7.3015,6.6044,-0.10069,0.51193,10.332,0.041737
7.2996,6.6556,-0.42524,0.46963,10.401,1.4428
7.2517,6.7026,-0.68211,0.39779,10.46,2.9598
7.1776,6.7423,-0.81843,0.31375,10.518,3.8929
7.1032,6.7737,-0.75903,0.23635,10.551,3.3872
7.0236,6.7974,-0.54275,0.16158,10.57,1.9812
6.9773,6.8135,-0.25578,0.11667,10.583,0.67005
6.9444,6.8252,-2.2796e-05,0.084731,10.589,0
6.9449,6.8337,0.19176,0.079028,10.606,0
6.9649,6.8416,0.34616,0.087528,10.616,0
6.997,6.8503,0.35424,0.10397,10.63,0
7.0417,6.8607,0.342,0.12816,10.653,0
7.0813,6.8735,0.34218,0.14705,10.681,0
7.1135,6.8882,0.34211,0.15923,10.709,0
7.1536,6.9041,0.33025,0.17609,10.74,0
7.1847,6.9218,0.28988,0.18534,10.775,0
7.2189,6.9403,0.21686,0.19595,10.801,0
7.2385,6.9599,0.11394,0.19557,10.835,0
7.258,6.9794,0.0013217,0.19505,10.863,0
7.2599,6.9989,-0.083709,0.18246,10.9,0.072893
7.2544,7.0172,-0.099653,0.16544,10.926,0.12735
7.2361,7.0337,-0.065198,0.14092,10.954,0.047396
7.2257,7.0478,-0.027343,0.12372,10.979,0
7.2134,7.0602,0.039739,0.10633,10.992,0
7.2089,7.0708,0.11108,0.095677,11,0
7.2244,7.0804,0.12294,0.099642,11.014,0
7.2291,7.0904,0.059473,0.095904,11.028,0
7.2277,7.1,-0.028414,0.088207,11.041,0
7.2288,7.1088,-0.16759,0.082728,11.047,0.37471
7.2209,7.1171,-0.37729,0.071556,11.064,1.1541
7.1758,7.1242,-0.74501,0.035504,11.069,3.1697
7.0957,7.1278,-1.1609,-0.0078539,11.061,6.7404
6.9848,7.127,-1.6185,-0.034859,11.055,12.937
6.8207,7.1235,-2.1475,-0.074559,11.025,23.83
6.6077,7.116,-2.5686,-0.12597,10.975,36.611
6.353,7.1034,-2.7218,-0.18737,10.912,43.049
6.0747,7.0847,-2.7374,-0.255,10.82,44.726
5.8008,7.0592,-2.5416,-0.32247,10.698,38.859
5.5411,7.0269,-2.2029,-0.38743,10.554,29.904
5.3294,6.9882,-1.9419,-0.44107,10.392,24.349
5.1383,6.9441,-1.7968,-0.49091,10.211,21.808
4.9653,6.895,-1.6566,-0.53643,10.027,19.517
4.8086,6.8414,-1.6694,-0.57954,9.8242,19.932
4.636,6.7834,-1.7347,-0.62786,9.6214,21.328
4.4587,6.7206,-1.7235,-0.68061,9.3979,21.275
4.2917,6.6526,-1.6895,-0.73144,9.1718,20.723
4.1279,6.5794,-1.7174,-0.78566,8.921,21.209
3.9571,6.5009,-1.6799,-0.84285,8.6739,20.479
3.7908,6.4166,-1.6256,-0.90101,8.4199,19.407
3.632,6.3265,-1.6547,-5.2,8.1494,0
3.4725,5.8065,-1.6471,-8.8,7.9004,0
3.3071,4.9265,-1.5971,-0.48298,7.7104,17.08
3.1384,4.8782,-1.6042,-0.53235,7.5431,8.9928
2.9778,4.8249,-1.5914,-8.8,7.3704,0
2.817,3.9449,-1.528,-0.29485,7.2213,7.4763
2.6589,3.9154,-1.4886,-0.33491,7.102,7.4452
2.5061,3.882,-1.4762,-0.37474,6.9702,7.4287
2.3501,3.8445,-1.4322,-8.8,6.8247,0
2.2146,2.9645,-1.332,-0.16244,6.7123,5.7495
2.0744,2.9482,-1.1018,-0.19182,6.6345,5.5078
1.9702,2.9291,-0.75121,-0.21375,6.545,5.8341
1.8959,2.9077,-0.37038,-8.8,6.4463,0
1.8518,2.0277,0.0034827,-0.027378,6.3953,0.30318
1.8462,2.0249,0.30778,-0.027968,6.3694,0
1.8757,2.0221,0.45919,-0.022969,6.3557,0
1.9285,2.0199,0.46529,-0.014378,6.338,0
1.9659,2.0184,0.43294,-0.0082908,6.3256,0
2.0066,2.0176,0.39483,-0.0017238,6.327,0
2.037,2.0174,0.36296,0.067346,6.3208,0
2.0816,2.0241,0.36196,0.19632,6.3258,0
2.1259,2.0438,0.38389,0.27679,6.341,0
2.1628,2.0715,0.41565,0.30145,6.3454,0
2.2017,2.1016,0.53918,0.32239,6.348,0
2.2551,2.1338,0.73391,0.3816,6.3644,0
2.3284,2.172,0.9157,0.47911,6.3799,0
2.4291,2.2199,1.0505,0.61909,6.3952,0
2.5277,2.2818,1.1664,0.69639,6.4091,0
2.6514,2.3515,1.1916,0.81061,6.4318,0
2.7632,2.4325,1.1163,0.84707,6.454,0
2.8765,2.5172,1.0427,0.87197,6.479,0
2.9738,2.6044,1.0082,0.85021,6.5072,0
3.0831,2.6894,1.0118,0.86286,6.5402,0
3.1798,2.7757,1.0024,0.84409,6.5745,0
3.2887,2.8601,1.0042,0.85642,6.6182,0
3.3958,2.9458,0.9969,0.86105,6.6601,0
3.4906,3.0319,0.97143,0.8409,6.7012,0
3.5957,3.116,0.93045,0.84562,6.7491,0
3.6826,3.2005,0.9094,0.81819,6.8015,0
3.7707,3.2824,0.97658,0.79963,6.8498,0
3.859,3.3623,1.0492,0.78637,6.9001,0
3.9738,3.441,1.1422,0.81667,6.9487,0
4.0871,3.5226,1.231,0.83795,7.0049,0
4.2182,3.6064,1.2587,0.8801,7.0674,0
4.3424,3.6944,1.2256,0.90358,7.14,0
4.4586,3.7848,1.2493,0.91099,7.2155,0
4.5767,3.8759,1.277,0.9177,7.2791,0
4.7101,3.9677,1.3303,0.9421,7.3415,0
4.8377,4.0619,1.3842,0.95632,7.4265,0
4.9682,4.1575,1.1574,0.97065,7.508,0
5.0875,4.2546,-0.089302,0.96835,7.5848,1.4824
5.0688,4.3514,-1.6821,0.81025,7.6598,17.899
4.895,4.4324,-3.7148,0.51055,7.7262,11.829
4.5261,4.4835,-5.8188,0.046271,7.7476,14.247
3.9372,4.4881,-6.9848,-0.14798,7.729,16.96
3.2469,4.4733,-6.6926,-0.33451,7.6414,17.123
2.5761,4.4399,-5.895,-0.52172,7.4853,16.212
1.9865,4.3877,-4.6647,-0.69556,7.2751,14.286
1.5161,4.3181,-3.3164,-8.8,7.0206,0
1.1852,3.4381,-2.6463,-0.56641,6.7579,9.9008
0.91396,3.3815,-2.4418,-8.8,6.517,0
0.66817,2.5015,-2.3427,-0.36597,6.3112,8.504
0.43982,2.4649,-2.1863,-8.8,6.1226,0
0.22589,1.5849,-1.9535,-0.18246,5.9537,6.8294
0.029206,1.5666,-1.6979,-0.21253,5.805,6.5783
-0.14236,1.5454,-1.4374,-8.8,5.6392,0
-0.29017,0.6654,-1.2283,-1.2283,5.5081,2.2642
-0.4053,0.54257,-1.107,-1.107,5.4037,2.2484
-0.51556,0.43187,-1.0397,-1.0397,5.3102,2.2475
-0.62327,0.3279,-0.98423,-0.98423,5.2147,2.2552
-0.72522,0.22948,-0.93226,-0.93226,5.1161,2.2624
-0.82012,0.13625,-0.87757,-8.8,5.0275,0
-0.91714,0,-0.78651,-8.8,4.9722,0
-1.0008,0,-0.67041,-8.8,4.9193,0
-1.0613,0,-0.54731,-8.8,4.8641,0
-1.1235,0,-0.43748,-8.8,4.805,0
-1.1726,0,-0.26984,-8.8,4.7254,0
-1.2084,0,-0.074222,-8.8,4.6573,0
-1.218,0,0.058943,-8.8,4.5837,0
-1.209,0,0.17486,-8.8,4.5045,0
-1.1835,0,0.25992,-8.8,4.43,0
-1.1658,0,0.27194,-8.8,4.3477,0
-1.1414,0,0.24786,-8.8,4.2746,0
-1.1241,0,0.24449,-8.8,4.2015,0
-1.0982,0,0.24584,-8.8,4.1266,0
-1.0824,0,0.27199,-8.8,4.0604,0
-1.0468,0,0.30923,-8.8,4.0015,0
-1.0236,0,0.34507,-8.8,3.942,0
-0.98824,0,0.3761,-8.8,3.8949,0
-0.95384,0,0.41029,-8.8,3.8404,0
-0.91756,0,0.43228,-8.8,3.7958,0
-0.87624,0,0.43296,-8.8,3.7501,0
-0.82399,0,0.41801,-8.8,3.7063,0
-0.78581,0,0.39635,-8.8,3.6678,0
-0.75405,0,0.34648,-8.8,3.6262,0
-0.72023,0,0.27674,-8.8,3.5968,0
-0.68609,0,0.20209,-8.8,3.5696,0
-0.67289,0,0.11486,-8.8,3.5436,0
-0.66201,0,0.039487,-8.8,3.5285,0
-0.66568,0,-0.011853,-8.8,3.5071,0
-0.67579,0,-0.034648,-8.8,3.4908,0
-0.67412,0,-0.016368,-8.8,3.4598,0
-0.67809,0,0.017273,-8.8,3.4322,0
-0.66761,0,0.03155,-8.8,3.4073,0
-0.66489,0,0.027775,-8.8,3.3826,0
-0.66119,0,0.03705,-8.8,3.3611,0
-0.66652,0,0.10721,-8.8,3.3317,0
-0.6507,0,0.24488,-8.8,3.3168,0
-0.6245,0,0.42178,-8.8,3.2986,0
-0.58298,0,0.61063,-8.8,3.2793,0
-0.53114,0,0.78426,-8.8,3.2768,0
-0.44343,0,0.86843,-8.8,3.2804,0
-0.35306,0,0.88235,-8.8,3.2808,0
-0.27258,0,0.87665,-8.8,3.2986,0
-0.18422,0,0.87239,-8.8,3.321,0
-0.099383,0,0.85082,-8.8,3.3515,0
-0.01463,0,0.83745,-8.8,3.3926,0
0.074613,0,0.84609,-8.8,3.4357,0
0.15984,0,0.82065,-8.8,3.4886,0
0.24519,0,0.75435,-8.8,3.5621,0
0.31815,0,0.65917,-8.8,3.6276,0
0.38616,0,0.56344,-8.8,3.7059,0
0.43462,0,0.45408,-8.8,3.7815,0
0.47706,0,0.35709,-8.8,3.8755,0
0.51763,0,0.28371,-8.8,3.9732,0
0.55489,0,0.22841,-8.8,4.0783,0
0.58127,0,0.15494,-8.8,4.1848,0
0.58826,0,0.077081,-8.8,4.2912,0
0.58793,0,0.015078,-8.8,4.3935,0
0.58554,0,-0.020368,-8.8,4.5062,0
0.58494,0,-0.035364,-8.8,4.6077,0
0.58888,0,0.027954,-8.8,4.7046,0
0.59814,0,0.15222,-8.8,4.8166,0
0.60513,0,0.30781,-8.8,4.9119,0
0.64402,0,0.46035,0.46035,5.0156,0
0.68458,0.046035,0.61019,0.61019,5.0793,0
0.73945,0.10705,0.71333,0.71333,5.1354,0
0.81148,0.17839,0.73654,0.73654,5.1955,0
0.87631,0.25204,0.73371,0.73371,5.2534,0
0.95837,0.32541,0.72285,0.72285,5.3107,0
1.0278,0.3977,0.71124,0.71124,5.3741,0
1.1026,0.46882,0.7108,0.7108,5.4322,0
1.1749,0.5399,0.67718,0.67718,5.4956,0
