23.611,23.611,-0.4476,0,35.5,1.4855
23.559,23.611,-0.68451,-0.0068654,35.489,2.9308
23.485,23.61,-0.70168,-0.016324,35.477,3.2673
23.425,23.609,-0.81699,-0.02406,35.458,4.2779
23.35,23.606,-0.86489,-0.033572,35.426,4.9034
23.261,23.603,-0.87993,-0.044754,35.396,5.3282
23.172,23.599,-0.88796,-0.055981,35.361,5.702
23.08,23.593,-0.84731,-0.067402,35.313,5.6649
22.988,23.586,-0.78919,-0.078766,35.259,5.4847
22.914,23.578,-0.7121,-0.087825,35.191,5.1057
22.84,23.57,-0.64504,-0.096666,35.12,4.82
22.775,23.56,-0.61145,-0.1044,35.037,4.7584
22.719,23.549,-0.58114,-0.11083,34.946,4.6881
22.655,23.538,-0.50793,-0.11841,34.852,4.3565
22.606,23.527,-0.44812,-0.12374,34.766,4.0817
22.566,23.514,-0.42924,-0.12797,34.671,4.045
22.53,23.501,-0.41218,-0.13169,34.579,4.009
22.498,23.488,-0.41334,-0.13466,34.486,4.0673
22.461,23.475,-0.42663,-0.13863,34.376,4.22
22.424,23.461,-0.45454,-0.14236,34.276,4.4648
22.379,23.447,-0.4532,-0.14713,34.177,4.5462
22.331,23.432,-0.4259,-0.15249,34.071,4.4699
22.284,23.417,-0.39546,-0.15757,33.963,4.3685
22.25,23.401,-0.39051,-0.16084,33.847,4.3869
22.219,23.385,-0.39632,-0.1637,33.733,4.4633
22.174,23.368,-0.40287,-0.16859,33.612,4.5866
22.128,23.352,-0.43175,-0.17361,33.487,4.8582
22.084,23.334,-0.44194,-0.17831,33.365,5.0028
22.033,23.316,-0.42878,-0.18409,33.242,5.0135
21.988,23.298,-0.43964,-0.18881,33.119,5.1614
21.935,23.279,-0.45847,-0.19482,32.992,5.3924
21.881,23.26,-0.42689,-0.20103,32.854,5.2752
21.833,23.24,-0.41633,-0.20635,32.713,5.2821
21.798,23.219,-0.43267,-0.20982,32.573,5.4323
21.748,23.198,-0.42852,-0.21533,32.435,5.4847
21.698,23.176,-0.39274,-0.22105,32.288,5.3214
21.664,23.154,-0.37523,-0.22434,32.132,5.2302
21.63,23.132,-0.347,-0.22757,31.989,5.0732
21.598,23.109,-0.32527,-0.23062,31.829,4.9516
21.575,23.086,-0.28317,-0.23215,31.684,4.6824
21.556,23.063,-0.25002,-0.23291,31.54,4.4626
21.538,23.04,-0.2324,-0.23359,31.397,4.3376
21.522,23.016,-0.23471,-0.2339,31.255,4.322
21.497,22.993,-0.22853,-0.23565,31.116,4.2837
21.473,22.969,-0.22925,-0.2374,30.962,4.2801
21.453,22.945,-0.22343,-0.23843,30.82,4.2303
21.435,22.922,-0.22978,-0.23914,30.669,4.2412
21.413,22.898,-0.21333,-0.24046,30.513,4.1322
21.398,22.874,-0.18464,-0.24072,30.368,3.9446
21.385,22.85,-0.18732,-0.24066,30.212,3.9207
21.365,22.826,-0.19598,-0.24148,30.073,3.9475
21.346,22.801,-0.16696,-0.24246,29.922,3.7725
21.323,22.777,-0.19082,-0.24381,29.785,3.8877
21.294,22.753,-0.22796,-0.24614,29.647,4.0944
21.265,22.728,-0.24096,-0.24866,29.498,4.1699
21.234,22.703,-0.23408,-0.25147,29.346,4.1371
21.203,22.678,-0.25444,-0.2542,29.209,4.2605
21.179,22.653,-0.23991,-0.25572,29.06,4.1634
21.155,22.627,-0.2287,-0.25748,28.904,4.0873
21.125,22.601,-0.24438,-0.26024,28.75,4.177
21.104,22.575,-0.29185,-0.26106,28.604,4.4256
21.071,22.549,-0.32586,-0.26435,28.453,4.6395
21.046,22.523,-0.36633,-0.26582,28.313,4.8762
21.018,22.496,-0.41471,-0.26798,28.173,5.1853
20.981,22.469,-0.43186,-0.27183,28.021,5.3161
20.934,22.442,-0.44556,-0.27747,27.878,5.4552
20.887,22.414,-0.47345,-0.28309,27.728,5.6919
20.831,22.386,-0.49311,-0.29068,27.573,5.9021
20.79,22.357,-0.50479,-0.29515,27.414,6.0049
20.736,22.328,-0.53531,-0.30204,27.264,6.2893
20.68,22.297,-0.56513,-0.30966,27.101,6.5799
20.629,22.266,-0.60216,-0.3161,26.935,6.9134
20.565,22.235,-0.61521,-0.32524,26.767,7.0997
20.494,22.202,-0.64917,-0.33573,26.594,7.4789
20.427,22.169,-0.71513,-0.34557,26.423,8.1384
20.349,22.134,-0.87119,-0.35764,26.238,9.746
20.261,22.098,-1.0782,-0.37138,26.066,12.195
20.149,22.061,-1.3551,-0.39071,25.872,16.138
20.02,22.022,-1.6342,-0.41352,25.669,21.014
19.862,21.981,-1.8697,-0.4428,25.458,26.066
19.677,21.937,-1.9962,-0.47787,25.241,29.432
19.47,21.889,-2.0831,-0.51819,25.013,32.155
19.258,21.837,-2.1505,-0.56014,24.767,34.489
19.05,21.781,-2.1693,-0.60171,24.507,35.563
18.829,21.721,-2.2124,-0.64738,24.228,37.309
18.61,21.656,-2.2641,-0.6941,23.924,39.269
18.385,21.587,-2.2989,-0.74241,23.62,40.78
18.158,21.512,-2.3149,-0.7935,23.286,41.719
17.921,21.433,-2.3159,-0.84822,22.939,42.216
17.684,21.348,-2.2949,-0.90423,22.584,42.021
17.453,21.258,-2.2691,-0.96001,22.221,41.61
17.232,21.162,-2.2051,-1.0161,21.827,40.036
17.018,21.06,-2.1475,-1.0721,21.426,38.607
16.813,20.953,-2.1083,-1.1274,21.015,37.593
16.609,20.84,-2.0428,-1.1845,20.593,35.883
16.41,20.722,-1.9384,-1.2427,20.159,33.249
16.221,20.598,-1.782,-1.2997,19.719,29.58
16.049,20.468,-1.6154,-1.3533,19.274,25.943
15.888,20.332,-1.4549,-1.404,18.832,22.695
15.743,20.192,-1.3151,-1.4503,18.395,20.008
15.603,20.047,-1.2127,-1.4977,17.941,18.004
15.488,19.897,-1.1564,-1.5376,17.488,16.65
15.379,19.743,-1.0781,-1.5751,17.042,15.052
15.276,19.586,-0.93533,-1.6097,16.603,12.828
15.186,19.425,-0.78237,-1.6379,16.178,10.744
15.113,19.261,-0.64291,-1.6584,15.759,9.0054
15.052,19.095,-0.5169,-1.6742,15.341,7.5687
14.991,18.928,-0.3839,-1.6851,14.949,6.3154
14.956,18.759,-0.31624,-1.6845,14.558,5.5293
14.925,18.591,-0.26523,-2.9,14.181,4.481
14.907,18.301,-0.22153,-2.9,13.829,5.0911
14.89,18.011,-0.20008,-4.4,13.499,47.883
14.878,17.571,-0.19559,-4.4,13.198,63.367
14.851,17.131,-0.18492,-4.4,12.96,84.047
14.826,16.691,-0.16773,-4.4,12.753,113.34
14.818,16.251,-0.15804,-4.4,12.591,158.7
14.808,15.811,-0.15625,-4.4,12.479,233.1
14.785,15.371,-0.15603,-4.4,12.394,368.16
14.772,14.931,-0.17241,-4.4,12.364,736.24
14.758,14.491,-0.17759,0.062002,12.376,0
14.748,14.497,-0.15501,0.058313,12.393,0
14.73,14.503,-0.13649,0.05282,12.419,0
14.714,14.508,-0.1162,0.047837,12.44,0
14.707,14.513,-0.0080946,0.045121,12.454,0
14.71,14.517,0.12329,0.044954,12.478,0
14.727,14.522,0.23716,0.047842,12.488,0
14.741,14.527,0.38798,0.04997,12.501,0
14.777,14.532,0.52889,0.057342,12.529,0
14.83,14.537,0.59101,0.068459,12.563,0
14.887,14.544,0.62751,0.080265,12.598,0
14.94,14.552,0.65672,0.091113,12.628,0
15.012,14.561,0.67879,0.106,12.679,0
15.074,14.572,0.71722,0.11836,12.735,0
15.149,14.584,0.73245,0.1336,12.783,0
15.23,14.597,0.72751,0.15015,12.85,0
15.312,14.612,0.72861,0.1664,12.913,0
15.381,14.629,0.73268,0.17938,12.989,0
15.451,14.647,0.73516,0.19266,13.072,0
15.529,14.666,0.77471,0.20732,13.145,0
15.612,14.687,0.81644,0.22284,13.226,0
15.695,14.709,0.84843,0.23834,13.325,0
15.775,14.733,0.85989,0.25308,13.431,0
15.862,14.758,0.87862,0.26928,13.546,0
15.953,14.785,0.87592,0.28622,13.655,0
16.031,14.814,0.85647,0.29993,13.784,0
16.112,14.844,0.8234,0.3136,13.899,0
16.199,14.875,0.78419,0.3288,14.024,0
16.269,14.908,0.70644,0.33981,14.169,0
16.336,14.942,0.61777,0.34974,14.297,0
16.403,14.977,0.57663,0.35963,14.445,0
16.468,15.013,0.5492,0.3685,14.585,0
16.525,15.05,0.50949,0.37577,14.74,0
16.572,15.087,0.4804,0.38007,14.898,0
16.621,15.125,0.48098,0.38492,15.053,0
16.674,15.164,0.46275,0.3901,15.195,0
16.721,15.203,0.42522,0.39404,15.346,0
16.763,15.242,0.42305,0.39641,15.493,0
16.808,15.282,0.40901,0.39956,15.654,0
16.856,15.322,0.34661,0.40347,15.805,0
16.897,15.362,0.27284,0.40553,15.965,0
16.923,15.403,0.2403,0.40322,16.111,0
16.947,15.443,0.18487,0.40021,16.257,0
16.959,15.483,0.16705,0.39436,16.413,0
16.985,15.522,0.17592,0.39225,16.558,0
16.995,15.562,0.18659,0.38551,16.696,0
17.007,15.6,0.21052,0.37962,16.835,0
17.018,15.638,0.24747,0.3738,16.978,0
17.044,15.676,0.2753,0.37189,17.118,0
17.069,15.713,0.3062,0.36972,17.258,0
17.108,15.75,0.35161,0.37132,17.393,0
17.134,15.787,0.37284,0.36932,17.523,0
17.171,15.824,0.36341,0.37036,17.657,0
17.206,15.861,0.37714,0.37104,17.789,0
17.244,15.898,0.41034,0.37202,17.918,0
17.279,15.935,0.4222,0.37244,18.043,0
17.322,15.972,0.44029,0.37512,18.181,0
17.371,16.01,0.46659,0.37907,18.309,0
17.411,16.048,0.43537,0.38077,18.446,0
17.458,16.086,0.41505,0.38427,18.582,0
17.491,16.124,0.42797,0.38357,18.719,0
17.535,16.163,0.41162,0.38627,18.862,0
17.576,16.201,0.42901,0.38778,18.993,0
17.629,16.24,0.46828,0.39249,19.121,0
17.684,16.279,0.47867,0.39828,19.267,0
17.739,16.319,0.50705,0.40329,19.402,0
17.798,16.36,0.56305,0.40951,19.54,0
17.859,16.4,0.51717,0.4163,19.687,0
17.912,16.442,0.4242,0.42062,19.837,0
17.947,16.484,0.30985,0.41942,19.975,0
17.968,16.526,0.15718,0.41442,20.122,0
17.989,16.568,0.021799,0.40928,20.263,0
18.001,16.608,-0.036674,0.40184,20.412,0
17.993,16.649,-0.061284,0.38846,20.54,0
17.985,16.688,-0.029649,0.37572,20.68,0
17.989,16.725,-0.03796,0.36687,20.816,0
17.976,16.762,-0.060219,0.35294,20.942,0
17.976,16.797,-0.085334,0.34339,21.068,0
17.977,16.831,-0.083359,0.3342,21.181,0
17.969,16.865,-0.12705,0.32249,21.294,0
17.959,16.897,-0.14183,0.3106,21.412,0
17.947,16.928,-0.1335,0.29852,21.522,0
17.936,16.958,-0.14834,0.28682,21.62,0
17.92,16.987,-0.16741,0.27423,21.722,0
17.895,17.014,-0.17133,0.25914,21.808,0
17.884,17.04,-0.19492,0.24843,21.891,0
17.86,17.065,-0.21366,0.23405,21.972,0
17.838,17.088,-0.20997,0.22106,22.042,0
17.816,17.11,-0.16272,0.20818,22.11,0
17.791,17.131,-0.10452,0.19477,22.173,0
17.788,17.151,-0.023129,0.18817,22.241,0
17.781,17.169,0.0064227,0.18079,22.307,0
17.782,17.188,0.070966,0.17568,22.377,0
17.787,17.205,0.083569,0.17216,22.438,0
17.798,17.222,0.11701,0.17044,22.5,0
17.816,17.239,0.14414,0.17098,22.557,0
17.826,17.256,0.18905,0.1689,22.618,0
17.842,17.273,0.22024,0.16877,22.666,0
17.862,17.29,0.25534,0.16982,22.717,0
17.894,17.307,0.25547,0.17419,22.772,0
17.923,17.325,0.27018,0.17763,22.823,0
17.95,17.342,0.28025,0.18064,22.878,0
17.988,17.36,0.2663,0.18658,22.949,0
18.021,17.379,0.25309,0.19091,23.01,0
18.053,17.398,0.26627,0.19507,23.078,0
18.083,17.418,0.2553,0.19834,23.151,0
18.1,17.438,0.23393,0.19763,23.227,0
18.129,17.457,0.23184,0.20048,23.286,0
18.156,17.477,0.23774,0.20274,23.346,0
18.186,17.498,0.18132,0.20575,23.41,0
18.204,17.518,0.14317,0.20498,23.483,0
18.225,17.539,0.14143,0.20541,23.555,0
18.231,17.559,0.1034,0.20103,23.617,0
18.235,17.579,0.043679,0.19632,23.681,0
18.234,17.599,0.028521,0.19031,23.749,0
18.244,17.618,0.022876,0.18794,23.819,0
18.245,17.637,0.0062827,0.1826,23.883,0
18.241,17.655,-0.007817,0.17593,23.941,0
18.247,17.673,-0.017796,0.1726,24.002,0
18.252,17.69,-0.038769,0.16909,24.065,0
18.254,17.707,-0.062997,0.16464,24.13,0
18.241,17.723,-0.11096,0.15585,24.189,0
18.222,17.739,-0.14597,0.14566,24.247,0
18.214,17.753,-0.15972,0.13897,24.304,0
18.192,17.767,-0.24528,0.12809,24.345,0
18.162,17.78,-0.3612,0.11528,24.38,0.44679
18.125,17.792,-0.45019,0.10054,24.408,0.88981
18.079,17.802,-0.52303,0.083598,24.437,1.3269
18.034,17.81,-0.62294,0.067432,24.452,1.9508
17.974,17.817,-0.64527,0.047401,24.475,2.2111
17.912,17.822,-0.63156,0.027339,24.478,2.2658
17.859,17.824,-0.61204,0.0104,24.491,2.2669
17.796,17.825,-0.59463,-0.0052977,24.5,2.3162
17.744,17.825,-0.60404,-0.014381,24.504,2.5066
17.676,17.823,-0.62068,-0.026122,24.499,2.7841
17.622,17.821,-0.66645,-0.035278,24.481,3.2122
17.55,17.817,-0.70543,-0.047665,24.451,3.6691
17.474,17.812,-0.76121,-0.060417,24.423,4.2756
17.401,17.806,-0.80179,-0.072435,24.385,4.786
17.321,17.799,-0.84726,-0.085819,24.332,5.3804
17.24,17.791,-0.86779,-0.098948,24.284,5.7825
17.152,17.781,-0.93416,-0.11332,24.235,6.6276
17.056,17.769,-0.96012,-0.12901,24.171,7.1546
16.97,17.756,-0.96665,-0.14304,24.093,7.4676
16.881,17.742,-0.94144,-0.15739,24.004,7.4745
16.791,17.726,-0.89804,-0.1718,23.915,7.3089
16.694,17.709,-0.79534,-0.18754,23.818,6.6429
16.617,17.691,-0.68458,-0.19933,23.721,5.9032
16.554,17.671,-0.56918,-0.20867,23.615,5.159
16.499,17.65,-0.48125,-0.21652,23.504,4.6467
16.451,17.628,-0.39929,-0.22312,23.379,4.1905
16.401,17.606,-0.37217,-0.22982,23.265,4.0918
16.373,17.583,-0.4282,-0.23243,23.148,4.44
16.338,17.56,-0.48827,-0.23629,23.029,4.8518
16.296,17.536,-0.53907,-0.24151,22.911,5.2423
16.235,17.512,-0.61274,-0.25071,22.783,5.8779
16.166,17.487,-0.67366,-0.26156,22.643,6.4728
16.091,17.461,-0.68212,-0.27327,22.518,6.6761
16.023,17.433,-0.69599,-0.28384,22.376,6.8977
15.956,17.405,-0.69702,-0.29454,22.223,7.0071
15.878,17.375,-0.71639,-0.30722,22.074,7.3004
15.815,17.345,-0.73168,-0.31681,21.922,7.5104
15.742,17.313,-0.72416,-0.32861,21.761,7.5467
15.671,17.28,-0.72434,-0.33996,21.604,7.641
15.593,17.246,-0.69927,-0.3531,21.437,7.532
15.52,17.211,-0.6237,-0.36471,21.277,6.9854
15.464,17.174,-0.54159,-0.37305,21.104,6.3721
15.42,17.137,-0.47874,-0.37868,20.938,5.9066
15.363,17.099,-0.40426,-0.38724,20.766,5.4205
15.325,17.06,-0.35356,-0.39157,20.591,5.0659
15.286,17.021,-0.31474,-0.39636,20.408,4.7998
15.264,16.982,-0.30624,-0.39663,20.241,4.6815
15.226,16.942,-0.30209,-0.40079,20.069,4.6272
15.193,16.902,-0.28274,-0.40355,19.903,4.4737
15.175,16.862,-0.27986,-0.40302,19.736,4.3825
15.145,16.821,-0.28003,-0.40514,19.567,4.3345
15.112,16.781,-0.28089,-0.40783,19.404,4.2977
15.082,16.74,-0.28135,-0.41019,19.231,4.2505
15.047,16.699,-0.2867,-0.4135,19.064,4.2413
15.024,16.658,-0.29455,-0.41333,18.907,4.22
14.987,16.616,-0.31198,-0.41705,18.749,4.2857
14.948,16.575,-0.3521,-0.42114,18.584,4.4831
14.907,16.532,-0.45178,-0.42559,18.43,5.0724
14.858,16.49,-0.54892,-0.43209,18.273,5.7186
14.796,16.447,-0.64918,-0.44258,18.108,6.4807
14.723,16.402,-0.77511,-0.45547,17.946,7.5574
14.654,16.357,-0.85225,-0.46756,17.78,8.2748
14.562,16.31,-0.89617,-0.48606,17.613,8.7694
14.479,16.261,-0.97274,-0.50241,17.437,9.5793
14.38,16.211,-1.0485,-0.52316,17.259,10.464
14.267,16.159,-1.1339,-0.54776,17.083,11.547
14.149,16.104,-1.2377,-0.57437,16.896,12.932
14.016,16.047,-1.3428,-0.6055,16.703,14.47
13.886,15.986,-1.5292,-0.63699,16.491,17.353
13.728,15.922,-1.7481,-0.67749,16.274,21.315
13.551,15.855,-1.9305,-0.72473,16.043,25.152
13.356,15.782,-2.0905,-0.77773,15.813,28.982
13.143,15.704,-2.1723,-0.83765,15.573,31.214
12.927,15.621,-2.1519,-0.90057,15.315,30.864
12.704,15.531,-2.1173,-0.96747,15.04,30.115
12.499,15.434,-2.1175,-1.0303,14.749,30.096
12.287,15.331,-2.1585,-1.0965,14.457,31.048
12.066,15.221,-2.3367,-1.1701,14.139,35.648
11.826,15.104,-2.5509,-1.2508,13.827,42.03
11.565,14.979,-2.7503,-1.3447,13.491,48.842
11.28,14.845,-2.9382,-1.4514,13.143,56.199
10.981,14.7,-3.1205,-1.5676,12.787,64.394
10.66,14.543,-3.2034,-1.6987,12.414,68.272
10.332,14.373,-3.2732,-4.4,12.018,0
10.002,13.933,-3.3366,-4.4,11.622,0
9.6588,13.493,-3.3999,-4.4,11.231,0
9.3194,13.053,-3.4307,-4.4,10.855,0
8.9703,12.613,-3.4906,-4.4,10.486,0
8.617,12.173,-3.5109,-5.2,10.134,3.7239
8.269,11.653,-3.5307,-5.2,9.7816,3.4267
7.9103,11.133,-3.5597,-5.2,9.4448,3.1269
7.5614,10.613,-3.6082,-5.2,9.1341,2.868
7.1975,10.093,-3.6736,-5.2,8.8335,2.7281
6.8358,9.5729,-3.7749,-5.2,8.5536,2.6167
6.461,9.0529,-3.8657,-5.2,8.2903,2.5098
6.0696,8.5329,-3.9333,-5.2,8.0283,2.388
5.6737,8.0129,-4.0247,-5.2,7.7943,2.3256
5.2785,7.4929,-4.0324,-5.2,7.568,2.0862
4.8786,6.9729,-4.1107,-5.2,7.3521,2.0043
4.4606,6.4529,-4.2773,-5.2,7.154,2.1452
4.0416,5.9329,-4.4628,-8.8,6.9557,0
3.5907,5.0529,-4.5601,-8.8,6.7939,0
3.1324,4.1729,-4.498,-8.8,6.663,0
2.688,3.2929,-4.1475,-8.8,6.5713,0
2.2725,2.4129,-3.6305,-0.025447,6.5331,8.6533
1.9102,2.4103,-2.9454,-0.091547,6.492,7.8335
1.6142,2.4012,-2.1819,-0.14603,6.4227,6.7713
1.3882,2.3866,-1.5681,-0.18791,6.342,5.9093
1.2375,2.3678,-1.1343,-0.21735,6.2278,5.2836
1.1189,2.346,-0.81371,-8.8,6.1033,0
1.0295,1.466,-0.73989,-0.053003,6.0132,2.9701
0.96392,1.4607,-0.92798,-0.060923,5.9628,3.4033
0.88011,1.4546,-1.2136,-0.071247,5.9062,4.0597
0.75894,1.4475,-1.5307,-0.086218,5.853,4.852
0.60091,1.4389,-1.7972,-0.10648,5.7784,5.6136
0.417,1.4283,-1.8313,-8.8,5.6778,0
0.23794,0.54825,-1.5942,-1.5942,5.6193,0.63614
0.086124,0.38883,-1.2098,-1.2098,5.5924,0.62055
-0.029751,0.26785,-0.75675,-0.75675,5.554,0.61008
-0.10981,0.19217,-0.28203,-0.28203,5.5271,0.61907
-0.14192,0.16397,0.067394,0.067394,5.5026,0.62707
-0.13771,0.17071,0.27314,0.27314,5.464,0.63226
-0.10338,0.19803,0.36524,0.36524,5.4352,0.61788
-0.060681,0.23455,0.40558,0.40558,5.3974,0.60522
-0.024637,0.27511,0.39722,0.39722,5.368,0.61448
0.0092153,0.31483,0.38042,0.38042,5.3353,0.67413
0.047449,0.35287,0.36284,0.36284,5.2998,0.67395
0.079763,0.38915,0.34554,0.34554,5.2622,0.6836
0.11848,0.42371,0.30777,0.30777,5.2356,0.67437
0.15265,0.45448,0.22022,-8.8,5.2097,0
0.16738,0,0.080768,0.080768,5.2251,0
0.17747,0.0080768,-0.063376,-0.063376,5.2329,0
0.16366,0.0017392,-0.22678,-0.22678,5.2442,0
0.14722,0,-0.38325,-0.38325,5.2527,0
0.099766,0,-0.48286,-0.48286,5.2667,0
0.049349,0,-0.50798,-0.50798,5.281,0
-0.0027768,0,-0.49757,-0.49757,5.2851,0.0056924
-0.043359,0,-0.43702,-0.43702,5.2793,0.088887
-0.079181,0,-0.29565,-0.29565,5.2806,0.16232
-0.11645,0,-0.10588,-0.10588,5.2676,0.23873
-0.12757,0,0.086932,0.086932,5.2659,0.26151
-0.12549,0.0086932,0.26887,0.26887,5.2474,0.27507
-0.099599,0.03558,0.41262,0.41262,5.2285,0.27712
-0.057701,0.076842,0.49044,0.49044,5.2174,0.27581
-0.01081,0.12589,0.51745,0.51745,5.2025,0.28023
0.036955,0.17763,0.52002,0.52002,5.1987,0.29818
0.085578,0.22963,0.49811,0.49811,5.1896,0.30565
0.12752,0.27944,0.42416,0.42416,5.1678,0.32321
0.16464,0.32186,0.29804,-8.8,5.1464,0
0.18729,0,0.13564,0.13564,5.1768,0
0.19437,0.013564,-0.035198,-0.035198,5.2003,0
0.18563,0.010045,-0.19613,-0.19613,5.2137,0
0.16687,0,-0.29216,-0.29216,5.2274,0
0.13663,0,-0.34347,-0.34347,5.2399,0
0.10078,0,-0.36432,-0.36432,5.2501,0
0.058381,0,-0.3746,-0.3746,5.265,0
0.027288,0,-0.39045,-0.39045,5.264,0
-0.0071087,0,-0.41724,-0.41724,5.2685,0.014573
-0.045078,0,-0.4365,-0.4365,5.2708,0.09241
-0.086175,0,-0.45128,-0.45128,5.2739,0.17666
-0.12907,0,-0.46481,-0.46481,5.2621,0.2646
-0.17076,0,-0.47258,-0.47258,5.2582,0.35005
-0.22333,0,-0.47289,-0.47289,5.2379,0.45783
-0.2709,0,-0.47491,-0.47491,5.2065,0.55534
-0.31388,0,-0.47051,-0.47051,5.1867,0.64346
-0.3536,0,-0.46332,-0.46332,5.1496,0.72488
-0.39617,0,-0.45337,-0.45337,5.111,0.81215
-0.43877,0,-0.4433,-0.4433,5.0667,0.89947
-0.48496,0,-0.42526,-0.42526,5.0261,0.99417
-0.53216,0,-0.40966,-8.8,4.9743,0
-0.58114,0,-0.39467,-8.8,4.9555,0
-0.62119,0,-0.348,-8.8,4.9427,0
-0.65957,0,-0.25925,-8.8,4.915,0
-0.68929,0,-0.14276,-8.8,4.8995,0
-0.70262,0,-0.069993,-8.8,4.8712,0
-0.7157,0,-0.0099282,-8.8,4.8533,0
-0.71462,0,0.032479,-8.8,4.8166,0
-0.70577,0,0.050555,-8.8,4.7834,0
-0.7057,0,0.0057054,-8.8,4.7661,0
-0.70317,0,-0.0028583,-8.8,4.7326,0
-0.70406,0,0.02388,-8.8,4.7124,0
-0.70949,0,0.029911,-8.8,4.6765,0
-0.71454,0,-0.0015436,-8.8,4.6451,0
-0.71514,0,0.0052867,-8.8,4.6236,0
-0.72331,0,0.031071,-8.8,4.5985,0
-0.72907,0,0.020534,-8.8,4.5651,0
-0.72697,0,0.011337,-8.8,4.5443,0
-0.73219,0,0.02813,-8.8,4.5166,0
-0.73758,0,0.034543,-8.8,4.4799,0
-0.73476,0,0.017797,-8.8,4.4476,0
-0.73744,0,0.013114,-8.8,4.4261,0
-0.72645,0,0.022231,-8.8,4.3954,0
-0.72972,0,0.021454,-8.8,4.3742,0
-0.73232,0,0.013827,-8.8,4.336,0
-0.73735,0,0.017049,-8.8,4.3165,0
-0.72732,0,0.025605,-8.8,4.2939,0
-0.72422,0,0.015098,-8.8,4.2737,0
-0.72653,0,0.0055353,-8.8,4.253,0
-0.73588,0,0.012151,-8.8,4.2301,0
-0.73787,0,0.018787,-8.8,4.1944,0
-0.73249,0,0.012922,-8.8,4.1612,0
-0.73506,0,0.016264,-8.8,4.133,0
-0.73879,0,0.022202,-8.8,4.1103,0
-0.74066,0,0.022419,-8.8,4.0764,0
-0.73297,0,0.016249,-8.8,4.0502,0
-0.74102,0,0.018289,-8.8,4.0141,0
-0.73992,0,0.019281,-8.8,3.9854,0
-0.73423,0,0.017075,-8.8,3.9562,0
-0.73134,0,0.011704,-8.8,3.9338,0
-0.73064,0,0.014185,-8.8,3.8996,0
-0.71951,0,0.014073,-8.8,3.8608,0
-0.72427,0,0.010198,-8.8,3.8346,0
-0.72957,0,0.010588,-8.8,3.8091,0
-0.72449,0,0.016248,-8.8,3.7823,0
-0.7201,0,0.013807,-8.8,3.753,0
-0.72668,0,0.011182,-8.8,3.7158,0
-0.7286,0,0.017025,-8.8,3.6892,0
-0.72576,0,0.015129,-8.8,3.6681,0
-0.71476,0,0.01291,-8.8,3.648,0
-0.71821,0,0.0029007,-8.8,3.6149,0
-0.71672,0,0.019929,-8.8,3.5831,0
