0,0,-0.04378,0,35.5,0.091993
0.0011564,0,-0.13012,7.8,35.499,72.272
-0.015556,0.78,-0.06977,7.8,35.45,73.779
-0.013069,1.56,-0.080589,7.8,35.321,75.395
-0.029984,2.34,-0.067457,7.8,35.124,77.001
-0.045034,3.12,-0.078727,7.8,34.844,78.655
-0.054607,3.9,-0.087939,7.8,34.494,80.293
-0.061142,4.68,-0.10383,7.8,34.067,81.939
-0.079659,5.46,-0.10221,7.8,33.561,83.572
-0.085566,6.24,-0.10129,6.7,32.972,82.87
-0.10435,6.91,-0.10015,6.7,32.309,84.28
-0.11369,7.58,-0.10291,6.7,31.565,85.678
-0.12681,8.25,-0.084038,-0.44458,30.762,72.026
-0.13093,8.2055,-0.065399,-0.46021,29.931,71.871
-0.13222,8.1595,-0.062635,-0.47676,29.094,71.739
-0.14226,8.1118,-0.075983,-0.4946,28.266,71.653
-0.14306,8.0624,-0.075062,-0.5126,27.451,71.513
-0.15598,8.0111,-0.0663,-0.53284,26.627,71.374
-0.16427,7.9578,-0.085881,-0.55376,25.813,71.279
-0.17271,7.9025,-0.099934,-0.57617,24.997,71.165
-0.1885,7.8448,-0.092564,-0.60051,24.185,71.012
-0.19568,7.7848,-0.077825,-0.62519,23.39,70.821
-0.19859,7.7223,-0.08935,-0.65109,22.598,70.669
-0.20596,7.6572,-0.099699,-0.67967,21.799,70.512
-0.21158,7.5892,-0.090252,-0.70897,21.023,70.303
-0.21209,7.5183,-0.077355,-0.73963,20.254,70.067
-0.21618,7.4443,-0.090016,-0.77256,19.491,69.881
-0.23009,7.3671,-0.098523,-0.80931,18.726,69.692
-0.23741,7.2862,-0.07712,-0.8477,17.97,69.415
-0.23853,7.2014,-0.071357,-0.88748,17.227,69.148
-0.24958,7.1126,-0.080804,-0.93247,16.478,68.914
-0.25222,7.0194,-0.078276,-0.97951,15.738,68.624
-0.25588,6.9214,-0.072749,-1.0281,15.023,68.317
-0.268,6.8186,-0.082176,-1.0812,14.319,68.04
-0.27032,6.7105,-0.10336,-1.1385,13.609,67.747
-0.28693,6.5967,-0.098052,-1.2025,12.908,67.402
-0.29789,6.4764,-0.092525,-1.2689,12.226,67.027
-0.31183,6.3495,-0.087468,-1.3402,11.557,66.635
-0.32529,6.2155,-0.093231,-1.418,10.892,66.236
-0.33313,6.0737,-0.079648,-1.4987,10.246,65.764
-0.35101,5.9238,-0.074826,-1.5872,9.6129,65.297
-0.35791,5.7651,-0.085881,-1.6767,9.0002,64.821
-0.36458,5.5974,-0.083588,-1.7719,8.4007,64.286
-0.3768,5.4203,-0.08888,-1.8772,7.809,63.738
-0.3908,5.2325,-0.083823,-8.8,7.2371,48.824
-0.4018,4.3525,-0.090036,-8.8,6.7175,47.056
-0.40306,3.4725,-0.099699,-8.8,6.2862,45.275
-0.40739,2.5925,-0.1006,-8.8,5.9341,43.482
-0.4095,1.7125,-0.084489,-8.8,5.6697,41.648
-0.41486,0.83254,-0.095308,-0.095308,5.4947,58.168
-0.42941,0.823,-0.068839,-8.8,5.3792,39.832
-0.4462,0,0.0089637,0.0089637,5.2981,56.526
-0.44425,0.00089637,0.10127,0.10127,5.2505,56.524
-0.42695,0.011024,0.20902,0.20902,5.2114,56.509
-0.40586,0.031926,0.33335,0.33335,5.1688,56.509
-0.37326,0.065261,0.39873,0.39873,5.1164,56.51
-0.33993,0.10513,0.43742,0.43742,5.075,56.524
-0.29024,0.14888,0.42429,-8.8,5.0245,37.129
-0.25337,0,0.41462,0.41462,5.0262,56.131
-0.20984,0.041462,0.39734,-8.8,4.9919,36.801
-0.17028,0,0.40195,0.40195,5.0162,55.96
-0.1331,0.040195,0.38767,-8.8,4.9973,36.661
-0.086728,0,0.34047,0.34047,5.0211,55.789
-0.043126,0.034047,0.29006,-8.8,5.0061,36.669
-0.018765,0,0.21915,0.21915,5.0447,55.65
0.0084103,0.021915,0.15146,0.15146,5.0447,0.027787
0.013622,0.037061,0.11347,0.11347,5.0344,0.048363
0.019012,0.048408,0.13257,0.13257,5.0298,0.060752
0.023414,0.061665,0.13856,-8.8,5.0183,0
0.028358,0,0.15168,0.15168,5.0602,0
0.03994,0.015168,0.1579,0.1579,5.0553,0
0.051036,0.030959,0.13787,0.13787,5.063,0
0.073461,0.044746,0.12499,0.12499,5.0727,0
0.083552,0.057245,0.10242,0.10242,5.0713,0
0.0972,0.067487,0.098504,0.098504,5.0753,0
0.099773,0.077337,0.1061,0.1061,5.0875,0
0.10681,0.087948,0.11577,0.11577,5.0903,0
0.1202,0.099525,0.11186,0.11186,5.0943,0
0.13749,0.11071,0.11369,0.11369,5.0952,0
0.14309,0.12208,0.1137,0.1137,5.1059,0
0.15764,0.13345,0.086086,0.086086,5.1095,0
0.17431,0.14206,0.048805,0.048805,5.1184,0
0.18102,0.14694,0.019575,0.019575,5.1239,0
0.1913,0.1489,-0.026454,-0.026454,5.1342,0
0.17938,0.14625,-0.072024,-0.072024,5.1357,0
0.16944,0.13905,-0.086528,-0.086528,5.1424,0
0.16941,0.1304,-0.076179,-0.076179,5.1478,0
0.15327,0.12278,-0.10197,-0.10197,5.1546,0
0.14911,0.11258,-0.10544,-0.10544,5.1638,0
0.13685,0.10204,-0.10154,-0.10154,5.1689,0
0.11758,0.091882,-0.099483,-0.099483,5.1627,0
0.10693,0.081934,-0.11791,-0.11791,5.1691,0
0.092487,0.070143,-0.10662,-0.10662,5.1812,0
0.081703,0.059481,-0.10315,-0.10315,5.1819,0
0.077184,0.049167,-0.11258,-0.11258,5.1885,0
0.071823,0.037909,-0.11742,-0.11742,5.1953,0
0.055562,0.026167,-0.10681,-0.10681,5.1995,0
0.042055,0.015486,-0.1006,-0.1006,5.2099,0
0.028799,0.005426,-0.099679,-0.099679,5.2106,0
0.026613,0,-0.090016,-0.090016,5.2182,0
0.013442,0,-0.095759,-0.095759,5.2261,0
-0.0012912,0,-0.10752,-0.10752,5.2212,0.0026469
-0.01678,0,-0.10499,-0.10499,5.2278,0.034398
-0.026372,0,-0.095779,-0.095779,5.2235,0.054062
-0.038807,0,-0.095779,-0.095779,5.2129,0.079555
-0.043175,0,-0.097856,-0.097856,5.2143,0.088509
-0.047539,0,-0.08541,-0.08541,5.2043,0.097455
-0.059737,0,-0.087939,-0.087939,5.1923,0.12246
-0.068565,0,-0.09623,-0.09623,5.1889,0.14056
-0.083007,0,-0.09623,-0.09623,5.1858,0.17016
-0.093725,0,-0.10726,-0.10726,5.184,0.19214
-0.10548,0,-0.12453,-0.12453,5.1729,0.21623
-0.11007,0,-0.11026,-0.11026,5.167,0.22565
-0.12369,0,-0.10866,-0.10866,5.1572,0.25357
-0.14277,0,-0.11579,-0.11579,5.1387,0.29268
-0.14548,0,-0.089095,-0.089095,5.1176,0.29822
-0.15915,0,-0.069299,-0.069299,5.1091,0.32626
-0.16241,0,-0.10842,-0.10842,5.1018,0.33293
-0.18036,0,-0.12637,-0.12637,5.0916,0.36973
-0.19556,0,-0.12385,-0.12385,5.0638,0.40089
-0.20151,0,-0.14111,-0.14111,5.0469,0.41309
-0.22269,0,-0.14409,-0.14409,5.0222,0.4565
-0.24661,0,-0.098052,-0.098052,5.0033,0.50555
-0.2512,0,-0.069966,-8.8,4.9838,0
-0.26705,0,-0.073866,-8.8,4.9961,0
-0.27062,0,-0.077786,-0.077786,5.0073,0.55477
-0.27442,0,-0.078942,-8.8,4.9847,0
-0.28583,0,-0.11026,-8.8,4.9955,0
-0.29633,0,-0.1151,-0.1151,5.0129,0.60748
-0.30249,0,-0.10752,-8.8,4.9924,0
-0.31981,0,-0.083333,-0.083333,5.0151,0.65561
-0.33276,0,-0.088174,-8.8,4.9771,0
-0.34044,0,-0.084038,-8.8,4.9803,0
-0.34498,0,-0.090487,-8.8,4.9917,0
-0.35221,0,-0.091408,-0.091408,5.0102,0.72204
-0.36685,0,-0.098778,-8.8,4.9816,0
-0.36987,0,-0.11213,-8.8,4.994,0
-0.38174,0,-0.11902,-0.11902,5.0035,0.78256
-0.40084,0,-0.11213,-8.8,4.9726,0
-0.42071,0,-0.10844,-8.8,4.9725,0
-0.43331,0,-0.1142,-8.8,4.9805,0
-0.44667,0,-0.10454,-8.8,4.9785,0
-0.46508,0,-0.082196,-8.8,4.9772,0
-0.46361,0,-0.075277,-8.8,4.9673,0
-0.47869,0,-0.078276,-8.8,4.9713,0
-0.47871,0,-0.075042,-8.8,4.9701,0
-0.48701,0,-0.06975,-8.8,4.9708,0
-0.48954,0,-0.078511,-8.8,4.9692,0
-0.49705,0,-0.090016,-8.8,4.9707,0
-0.50098,0,-0.083333,-8.8,4.9668,0
-0.50588,0,-0.079668,-8.8,4.9628,0
-0.51308,0,-0.081745,-8.8,4.9634,0
-0.52519,0,-0.092094,-8.8,4.95,0
-0.53689,0,-0.088644,-8.8,4.9471,0
-0.54946,0,-0.08888,-8.8,4.936,0
-0.56511,0,-0.090487,-8.8,4.9201,0
-0.56889,0,-0.09623,-8.8,4.9013,0
-0.58778,0,-0.088174,-8.8,4.8925,0
-0.59183,0,-0.086567,-8.8,4.8701,0
-0.60612,0,-0.093701,-8.8,4.8505,0
-0.61278,0,-0.10911,-8.8,4.8301,0
-0.63176,0,-0.10334,-8.8,4.8066,0
-0.63444,0,-0.094132,-8.8,4.7911,0
-0.64191,0,-0.1015,-8.8,4.7727,0
-0.65644,0,-0.10448,-8.8,4.761,0
-0.65856,0,-0.079628,-8.8,4.7433,0
-0.66472,0,0.010151,-8.8,4.7303,0
-0.66264,0,0.15635,-8.8,4.709,0
-0.64667,0,0.36837,-8.8,4.6876,0
-0.61402,0,0.62229,-8.8,4.6617,0
-0.54421,0,0.86569,-8.8,4.6406,0
-0.45551,0,1.0273,-8.8,4.6245,0
-0.35862,0,1.107,-8.8,4.6291,0
-0.25205,0,1.1174,-8.8,4.6338,0
-0.13988,0,1.0559,-8.8,4.6567,0
-0.039816,0,0.9573,-8.8,4.6987,0
0.061211,0,0.82487,-8.8,4.747,0
0.15302,0,0.67132,-8.8,4.8096,0
0.21017,0,0.50972,-8.8,4.8719,0
0.26268,0,0.37156,-8.8,4.9354,0
0.3066,0,0.26266,0.26266,5.0043,0
0.32492,0.026266,0.189,0.189,5.037,0
0.33415,0.045166,0.15837,0.15837,5.0601,0
0.34087,0.061003,0.15836,0.15836,5.0967,0
0.34976,0.076839,0.16758,0.16758,5.1251,0
0.36722,0.093597,0.17748,0.17748,5.1461,0
0.37997,0.11135,0.18485,0.18485,5.1835,0
0.39694,0.12983,0.18186,0.18186,5.2058,0
0.41573,0.14802,0.18232,0.18232,5.2397,0
0.43996,0.16625,0.19382,0.19382,5.26,0
0.45215,0.18563,0.22537,0.22537,5.2791,0
0.47822,0.20817,0.27073,0.27073,5.2999,0
0.498,0.23524,0.32782,0.32782,5.3306,0
0.53713,0.26802,0.39158,0.39158,5.3559,0
0.57666,0.30718,0.44732,0.44732,5.3872,0
0.62103,0.35191,0.48392,0.48392,5.4114,0
0.6687,0.4003,0.53798,0.53798,5.4308,0
0.72743,0.4541,0.58338,0.58338,5.4636,0
0.7939,0.51244,0.61011,0.61011,5.5009,0
0.84975,0.57345,0.64853,0.64853,5.5209,0
0.90756,0.6383,0.69346,0.69346,5.5435,0
0.9733,0.70765,0.70684,0.70684,5.5678,0
1.0481,0.77833,0.74708,0.74708,5.5909,0
1.1171,0.85304,0.7752,0.7752,5.6119,0
1.1909,0.93056,0.76692,2.9428,5.6401,10.176
1.2627,1.2248,0.77102,0.27183,5.6645,0
1.3354,1.252,0.79315,0.5772,5.6697,0
1.4107,1.3097,0.7759,0.64826,5.6741,0
1.4809,1.3746,0.74593,-8.8,5.6818,0
1.5483,0.49457,0.69136,0.69136,5.7403,0
1.614,0.56371,0.68402,0.68402,5.8504,0
1.6783,0.63211,0.68101,0.68101,5.9601,0
1.7437,0.70021,0.66765,0.66765,6.0668,0
1.8139,0.76698,0.68331,0.68331,6.1651,0
1.8736,0.83531,0.70128,0.70128,6.2742,0
1.939,0.90544,0.64209,4.9,6.3836,24.259
2.0053,1.3954,0.55046,3.9538,6.458,18.931
2.0666,1.7908,0.44847,1.1853,6.4994,1.6875
2.1023,1.9093,0.31243,0.74824,6.5279,0.76712
2.1411,1.9842,0.19569,0.57119,6.5365,0.66525
2.1705,2.0413,0.080813,0.44998,6.5568,0.72619
2.1762,2.0863,-0.0076081,0.302,6.5587,0.63499
2.1755,2.1165,-0.047896,0.19379,6.568,0.49794
2.1786,2.1359,0.0124,0.13808,6.566,0.20345
2.187,2.1497,0.045776,0.1193,6.5671,0.085496
2.1919,2.1616,0.065572,0.095962,6.5702,0.0023897
2.1977,2.1712,0.074098,0.0834,6.5693,0
2.2147,2.1795,0.069728,0.10999,6.5746,0.013816
2.2264,2.1905,0.0039049,0.11132,6.5826,0.17218
2.2245,2.2017,-0.020044,0.070359,6.5773,0.15875
2.2258,2.2087,-0.017496,0.052358,6.5802,0.12119
2.2151,2.2139,-0.00023463,0.0035033,6.5819,0.0055253
2.2133,2.2143,0.015877,-0.00015783,6.5756,0
2.2212,2.2143,0.047174,0.020961,6.5806,0
2.2246,2.2164,0.087013,0.025047,6.5889,0
2.2396,2.2189,0.14386,0.063099,6.5867,0
2.2631,2.2252,0.1807,0.11468,6.5809,0
2.2851,2.2367,0.21454,0.14532,6.5789,0
2.3054,2.2512,0.23043,0.16087,6.5882,0
2.3228,2.2673,0.24286,0.16327,6.599,0
2.3534,2.2836,0.22698,0.20268,6.5956,0
2.3857,2.3039,0.22376,0.23386,6.5946,0
2.4082,2.3273,0.2187,0.22765,6.5968,0
2.4369,2.35,0.2203,0.24082,6.6131,0
2.4622,2.3741,0.20902,0.24026,6.618,0
2.4776,2.3981,0.20855,0.21327,6.6245,0
2.5009,2.4195,0.2005,0.21567,6.6319,0
2.5139,2.441,0.20418,0.19037,6.6461,0
2.5381,2.4601,0.20809,0.20133,6.6487,0
2.5573,2.4802,0.21155,0.19663,6.658,0
2.5686,2.4999,0.21524,0.17315,6.6626,0
2.5961,2.5172,0.19866,0.19663,6.6708,0
2.6131,2.5368,0.19451,0.18805,6.6871,0
2.637,2.5556,0.17725,0.19819,6.6895,0
2.6585,2.5755,0.17586,0.19995,6.7044,0
2.6806,2.5955,0.1876,0.20249,6.7034,0
2.7076,2.6157,0.20809,0.21572,6.7087,0
2.7233,2.6373,0.2005,0.19938,6.7099,0
2.7445,2.6572,0.21086,0.19983,6.7109,0
2.7588,2.6772,0.22121,0.18452,6.7118,0
2.7732,2.6956,0.21753,0.1736,6.7243,0
2.7972,2.713,0.22029,0.18668,6.731,0
2.8111,2.7317,0.23249,0.17434,6.7407,0
2.8307,2.7491,0.21499,0.1773,6.7458,0
2.8545,2.7668,0.20417,0.1887,6.7564,0
2.8818,2.7857,0.1899,0.20459,6.7607,0
2.904,2.8062,0.17516,0.20589,6.7663,0
2.9134,2.8268,0.15837,0.18031,6.7757,0
2.9255,2.8448,0.15468,0.16656,6.7897,0
2.9318,2.8614,0.148,0.14378,6.792,0
2.9545,2.8758,0.12705,0.15956,6.7982,0
2.972,2.8918,0.12843,0.16146,6.8094,0
2.987,2.9079,0.12889,0.15786,6.817,0
3.0063,2.9237,0.10472,0.16351,6.8229,0
3.007,2.9401,0.050849,0.13141,6.8352,0.037756
3.0206,2.9532,0.025753,0.13159,6.8492,0.097362
3.0251,2.9664,-0.01752,0.11403,6.8544,0.18218
3.0332,2.9778,-0.063792,0.10701,6.8636,0.29694
3.0274,2.9885,-0.12294,0.074686,6.8599,0.41647
3.0109,2.9959,-0.14518,0.028523,6.8688,0.40553
3.0037,2.9988,-0.15507,0.0093105,6.8706,0.40315
2.9913,2.9997,-0.16405,-0.0017811,6.8777,0.42992
2.9745,2.9995,-0.16521,-0.0052837,6.8765,0.46403
2.9595,2.999,-0.13759,-0.0083055,6.8826,0.40928
2.9371,2.9982,-0.11789,-0.012857,6.8807,0.39243
2.9197,2.9969,-0.12089,-0.016266,6.8724,0.42977
2.9002,2.9953,-0.11836,-0.020091,6.8579,0.4547
2.8924,2.9933,-0.11812,-0.021363,6.8481,0.4645
2.8774,2.9911,-0.13792,-0.02412,6.839,0.54562
2.8648,2.9887,-0.18649,-0.026322,6.8289,0.71612
2.846,2.9861,-0.25393,-0.029879,6.8065,0.98069
2.8154,2.9831,-0.34327,-0.03588,6.7899,1.3899
2.7719,2.9795,-0.41397,-0.044479,6.7785,1.7934
2.739,2.9751,-0.44827,-0.050843,6.7511,2.0234
2.6859,2.97,-0.47128,-0.06135,6.7334,2.2514
2.6445,2.9638,-0.48488,-0.069412,6.6969,2.4037
2.5928,2.9569,-0.47541,-0.07972,6.6572,2.4565
2.5472,2.9489,-0.47955,-0.088605,6.6169,2.5649
2.4944,2.9401,-0.52445,-0.099086,6.5711,2.9164
2.448,2.9302,-0.55946,-0.10831,6.5166,3.2067
2.3996,2.9193,-0.59999,-8.8,6.4591,0
2.345,2.0393,-0.66126,1.0492,6.4415,8.6499
2.269,2.1442,-0.73376,0.39563,6.4726,5.1472
2.1962,2.1838,-0.78923,0.038184,6.4879,3.6531
2.1077,2.1876,-0.85804,-0.013222,6.4774,4.2183
2.0198,2.1863,-0.9209,-0.027683,6.457,5.004
1.9317,2.1835,-0.954,-0.042089,6.4304,3.7506
1.8394,2.1793,-0.97476,-0.057025,6.4072,3.8914
1.7489,2.1736,-0.96259,-0.071811,6.3666,3.9733
1.6616,2.1664,-0.94485,-0.086195,6.3147,4.0367
1.5678,2.1578,-0.9405,-0.10201,6.2509,4.1248
1.4802,2.1476,-0.96698,-0.11679,6.1861,4.2507
1.3802,2.1359,-0.99577,-0.13381,6.1206,4.394
1.2836,2.1226,-1.0275,-8.8,6.0352,0
1.1856,1.2426,-1.0582,-0.0058207,5.9933,2.7829
1.0725,1.242,-1.0862,-0.017354,5.9816,3.0259
0.96742,1.2402,-1.1182,-0.028015,5.9654,3.2611
0.85391,1.2374,-1.1884,-0.039566,5.9399,3.5826
0.73434,1.2335,-1.2688,-0.051916,5.8982,3.9329
0.60603,1.2283,-1.3512,-0.065538,5.8374,4.2998
0.46632,1.2217,-1.4311,-0.0806,5.7715,4.6793
0.32194,1.2137,-1.4926,-0.096512,5.6971,5.0269
0.17178,1.204,-1.5219,-8.8,5.5941,0
0.013318,0.32403,-1.5363,-1.5363,5.5271,0.63696
-0.13799,0.1704,-1.5639,-1.5639,5.5041,0.6322
-0.29122,0.014005,-1.581,-1.581,5.467,0.62571
-0.44885,0,-1.5881,-1.5881,5.4389,0.92014
-0.6155,0,-1.5842,-1.5842,5.3861,1.2618
-0.76499,0,-1.6143,-1.6143,5.3325,1.5682
-0.93476,0,-1.6325,-1.6325,5.2642,1.9163
-1.1042,0,-1.6565,-1.6565,5.1609,2.2636
-1.2652,0,-1.6574,-1.6574,5.055,2.5937
-1.4383,0,-1.6599,-8.8,4.9264,0
-1.597,0,-1.6707,-8.8,4.8145,0
-1.7664,0,-1.6634,-8.8,4.6852,0
-1.9268,0,-1.6287,-8.8,4.5524,0
-2.0872,0,-1.5936,-8.8,4.3875,0
-2.2414,0,-1.5669,-8.8,4.2233,0
-2.4025,0,-1.6648,-8.8,4.0411,0
-2.5741,0,-2.1544,-8.8,3.8427,0
-2.7798,0,-2.8343,-8.8,3.6172,0
-3.0717,0,-3.5559,-8.8,3.3634,0
-3.4222,0,-4.0655,-8.8,3.0857,0
-3.8303,0,-4.1707,-8.8,2.7633,0
-4.2504,0,-3.7028,-8.8,2.4013,0
-4.6288,0,-2.9934,-8.8,2.0096,0
-4.9201,0,-2.2655,-9.9727,1.5704,0
-5.1369,0,-1.7748,-13.559,1.1196,0
-5.3084,0,-1.5416,-22.715,0.66544,0
-5.466,0,-1.474,-64.063,0.23868,0
-5.615,0,-1.4625,-1221.3,0.012924,0
-5.7684,0,-1.4491,-1.4491,5.5511,11.825
-5.9099,0,-1.2909,-8.8,4.9739,0
-6.038,0,-0.92391,-8.8,4.4156,0
-6.1297,0,-0.56174,-8.8,3.8591,0
-6.1958,0,-0.27719,-8.8,3.2799,0
-6.2228,0,0.034989,-8.8,2.704,0
-6.2268,0,0.20441,-8.8801,2.134,0
-6.2154,0,0.10866,-12.293,1.5575,0
-6.2034,0,0.031766,-19.245,0.99816,0
-6.195,0,0.022795,-41.249,0.46495,0
-6.1883,0,-0.01979,-316.42,0.060516,0
-6.1868,0,-0.032912,-18.891,1.0149,0
-6.1921,0,-0.00023855,-38.734,0.49493,0
-6.1854,0,-0.00047375,-310.21,0.061666,0
-6.1946,0,-0.0025513,-19.36,0.99118,0
-6.1957,0,-0.00094415,-41.816,0.45901,0
-6.1913,0,-0.014282,-372.43,0.051463,0
-6.183,0,-0.013812,-14.755,1.2967,0
-6.1843,0,-0.015184,-25.221,0.75867,0
-6.1772,0,-0.013557,-72.351,0.26375,0
-6.1713,0,-0.01585,-1126.4,0.016905,0
-6.1631,0,-0.017242,-0.017242,5.0361,12.634
-6.1554,0,-0.014948,-8.8,4.424,0
-6.1609,0,-0.014027,-8.8,3.8467,0
-6.1599,0,-0.01587,-8.8,3.2667,0
-6.1605,0,-0.016575,-8.8,2.6915,0
-6.1562,0,-0.011734,-8.9334,2.124,0
-6.1552,0,-0.0048151,-12.238,1.5485,0
-6.1477,0,-0.0048151,-19.181,0.98547,0
-6.1387,0,-0.0062067,-41.028,0.45932,0
-6.1301,0,-0.0094211,-358.13,0.052465,0
-6.1232,0,-0.0082647,-15.25,1.2299,0
-6.119,0,-0.010578,-26.71,0.70119,0
-6.1229,0,-0.0078139,-87.954,0.21314,0
-6.1277,0,-0.0071279,-401.1,0.046807,0
-6.1196,0,-0.0078139,-13.063,1.4343,0
-6.1119,0,-0.010362,-20.827,0.89726,0
-6.1045,0,-0.011048,-48.799,0.3819,0
-6.1122,0,-0.0062067,-735.7,0.025391,0
-6.1044,0,-0.0052855,-8.8,3.0998,0
-6.1089,0,-0.0039135,-8.8,2.5384,0
-6.1189,0,-0.0045995,-9.502,1.9711,0
-6.1163,0,-0.0034431,-13.244,1.4127,0
-6.1163,0,-0.0064419,-21.733,0.86091,0
-6.1227,0,-0.0068927,-52.051,0.36014,0
-6.1249,0,-0.0080491,9.8,1,33.165
-6.13,0.98,-0.0087351,-72.836,0.34707,0
-6.1226,0,-0.015184,-2847.3,0.0065828,0
-6.1336,0,-0.01634,-0.01634,13.623,12.574
-6.131,0,-0.010362,-0.010362,13.017,12.569
-6.1339,0,-0.0052855,-0.0052855,12.413,12.574
-6.1332,0,-0.0057559,-0.0057559,11.792,12.573
-6.13,0,-0.0013851,-0.0013851,11.182,12.567
-6.1253,0,-0.0016203,-0.0016203,10.571,12.557
-6.1287,0,-0.010127,-0.010127,9.965,12.564
-6.1252,0,-0.013126,-0.013126,9.3549,12.557
-6.1219,0,-0.0062067,-0.0062067,8.7477,12.55
-6.1164,0,-0.0071279,-0.0071279,8.1297,12.539
-6.1218,0,-0.011028,-0.011028,7.5132,12.55
-6.1149,0,-0.010107,-0.010107,6.894,12.536
-6.1132,0,-0.0124,-0.0124,6.2789,12.532
-6.1202,0,-0.01632,-0.01632,5.6593,12.546
-6.1306,0,-0.012636,-0.012636,5.0533,12.568
-6.1298,0,-0.012636,-8.8,4.447,0
-6.1216,0,-0.0089507,-8.8,3.8715,0
-6.128,0,-0.0018163,-8.8,3.3044,0
-6.1309,0,-0.0094211,-8.8,2.7301,0
-6.1342,0,-0.01242,-8.8,2.1669,0
-6.1373,0,-0.0018359,-11.8,1.5962,0
-6.1411,0,0.00069245,-18.002,1.0474,0
-6.1395,0,-0.014047,-35.878,0.5255,0
-6.145,0,-0.015889,-217.38,0.086862,0
-6.1437,0,-0.0098915,-33.896,0.55694,0
-6.1461,0,0.015426,-179.31,0.10533,0
-6.1433,0,0.083101,-49.149,0.38328,0
-6.1337,0,0.17748,-805.4,0.023351,0
-6.1105,0,0.26911,-8.8,3.4452,0
-6.0743,0,0.35981,-8.8,2.8728,0
-6.0342,0,0.42911,-8.8,2.3053,0
-5.9843,0,0.43717,-9.84,1.7423,0
-5.9391,0,0.42429,-14.218,1.2045,0
-5.9052,0,0.43166,-25.412,0.67465,0
-5.8702,0,0.4335,-84.061,0.20391,0
-5.8175,0,0.43626,-424.33,0.039837,0
-5.7797,0,0.42474,-10.104,1.5864,0
-5.7359,0,0.45238,-15.148,1.0545,0
-5.6947,0,0.46781,-28.554,0.5587,0
-5.6456,0,0.43902,-120.89,0.13134,0
-5.6109,0,0.40149,-86.118,0.18194,0
-5.5725,0,0.42199,-333.58,0.046486,0
-5.531,0,0.42637,-12.82,1.1547,0
-5.4832,0,0.40127,-21.898,0.67413,0
-5.4456,0,0.40035,-60.094,0.2451,0
-5.407,0,0.4243,-1999.1,0.0073106,0
-5.356,0,0.41669,0.41669,9.4695,10.98
-5.3116,0.041669,0.40885,0.40885,8.9257,10.974
-5.2614,0.082554,0.42198,0.42198,8.383,10.955
-5.219,0.12475,0.45053,0.45053,7.8421,10.955
-5.1682,0.16981,0.56173,0.56173,7.3083,10.943
-5.1084,0.22598,0.84146,0.84146,6.775,10.935
-5.0173,0.31013,1.1963,1.1963,6.2323,10.921
-4.9067,0.42975,1.6042,1.6042,5.708,10.94
-4.7369,0.59018,2.0318,-8.8,5.1674,0
-4.5282,0,2.3529,-8.8,4.6983,0
-4.3026,0,2.4582,-8.8,4.2953,0
-4.0618,0,2.4072,-8.8,3.9218,0
-3.8297,0,2.2898,-8.8,3.5756,0
-3.6024,0,2.1203,-8.8,3.2402,0
-3.3993,0,1.9377,-8.8,2.9417,0
-3.2121,0,1.8035,-8.8,2.6624,0
-3.0247,0,1.6943,-8.8,2.3847,0
-2.8517,0,1.6487,-8.8,2.1388,0
