23.611,23.611,-0.24643,0,35.5,0.67724
23.585,23.611,-0.3294,-0.0033726,35.491,1.0429
23.549,23.611,-0.25614,-0.008027,35.484,0.84982
23.527,23.61,-0.25946,-0.010866,35.471,0.91151
23.493,23.609,-0.23311,-0.015074,35.465,0.89003
23.47,23.607,-0.24288,-0.017984,35.46,0.9761
23.443,23.606,-0.31659,-0.021238,35.445,1.3218
23.404,23.603,-0.35593,-0.026084,35.427,1.5822
23.361,23.601,-0.36521,-0.031457,35.396,1.7281
23.327,23.598,-0.3643,-0.035575,35.363,1.804
23.295,23.594,-0.3852,-0.039344,35.332,1.9764
23.262,23.59,-0.33887,-0.043214,35.31,1.8356
23.228,23.586,-0.33911,-0.047189,35.271,1.913
23.185,23.581,-0.37893,-0.052329,35.228,2.2038
23.14,23.576,-0.42316,-0.057574,35.192,2.536
23.103,23.57,-0.40222,-0.061885,35.145,2.5136
23.065,23.564,-0.38627,-0.066186,35.09,2.5164
23.021,23.557,-0.33939,-0.071323,35.042,2.3813
22.984,23.55,-0.30589,-0.07539,34.991,2.296
22.956,23.543,-0.32709,-0.078394,34.936,2.4548
22.925,23.535,-0.35068,-0.08165,34.88,2.6349
22.883,23.527,-0.36057,-0.086391,34.818,2.7779
22.855,23.518,-0.40552,-0.089136,34.757,3.0725
22.816,23.509,-0.44454,-0.093499,34.691,3.382
22.775,23.5,-0.41135,-0.097968,34.624,3.2792
22.743,23.49,-0.34664,-0.10125,34.56,2.9842
22.714,23.48,-0.3258,-0.10423,34.477,2.9255
22.675,23.469,-0.32271,-0.10849,34.389,2.9854
22.642,23.459,-0.26338,-0.11184,34.312,2.74
22.619,23.447,-0.28797,-0.1139,34.229,2.8944
22.595,23.436,-0.37843,-0.11609,34.14,3.4156
22.553,23.424,-0.42127,-0.1207,34.059,3.7519
22.516,23.412,-0.3843,-0.1246,33.967,3.6034
22.469,23.4,-0.3701,-0.12995,33.878,3.6192
22.44,23.387,-0.36154,-0.13269,33.774,3.6112
22.408,23.374,-0.33403,-0.13591,33.687,3.5078
22.38,23.36,-0.32955,-0.13843,33.584,3.518
22.34,23.346,-0.36098,-0.14278,33.492,3.7711
22.301,23.332,-0.39033,-0.14699,33.381,4.0135
22.259,23.317,-0.38125,-0.15142,33.281,4.033
22.229,23.302,-0.36096,-0.15428,33.18,3.9526
22.2,23.287,-0.29429,-0.15696,33.08,3.6068
22.167,23.271,-0.30918,-0.16002,32.98,3.7327
22.139,23.255,-0.33654,-0.16249,32.875,3.9202
22.112,23.239,-0.32323,-0.16494,32.768,3.8717
22.07,23.222,-0.30658,-0.16939,32.656,3.8422
22.035,23.205,-0.38193,-0.17303,32.537,4.339
22.006,23.188,-0.39485,-0.17568,32.414,4.4482
21.961,23.17,-0.37321,-0.18081,32.289,4.3895
21.928,23.152,-0.34011,-0.18388,32.171,4.2232
21.891,23.134,-0.34028,-0.18776,32.045,4.2728
21.851,23.115,-0.31333,-0.19204,31.916,4.1663
21.819,23.096,-0.2953,-0.19515,31.782,4.0907
21.788,23.076,-0.29538,-0.19824,31.644,4.1188
21.763,23.057,-0.32543,-0.20006,31.518,4.3028
21.722,23.037,-0.35651,-0.20474,31.38,4.5484
21.689,23.016,-0.35528,-0.20795,31.24,4.5683
21.65,22.995,-0.30925,-0.21202,31.111,4.333
21.612,22.974,-0.31411,-0.21601,30.971,4.4013
21.585,22.953,-0.31113,-0.2182,30.843,4.3929
21.555,22.931,-0.28334,-0.22095,30.701,4.2436
21.533,22.909,-0.24257,-0.22229,30.568,4.0035
21.509,22.886,-0.20123,-0.22418,30.422,3.7761
21.492,22.864,-0.13435,-0.22465,30.283,3.4095
21.486,22.841,-0.12524,-0.22331,30.154,3.3175
21.475,22.819,-0.10943,-0.22273,30.025,3.2063
21.473,22.797,-0.089344,-0.22078,29.892,3.057
21.47,22.775,-0.082033,-0.21908,29.758,2.9726
21.466,22.753,-0.063589,-0.21727,29.636,2.8412
21.454,22.731,-0.0203,-0.21686,29.515,2.6284
21.457,22.709,-0.019169,-0.21411,29.379,2.5621
21.447,22.688,-0.054461,-0.21322,29.262,2.6769
21.447,22.667,-0.084881,-0.21089,29.136,2.7542
21.444,22.646,-0.096419,-0.2091,29.009,2.7578
21.437,22.625,-0.10623,-0.20788,28.887,2.7627
21.417,22.604,-0.10723,-0.20894,28.775,2.7616
21.409,22.583,-0.11007,-0.20768,28.664,2.7376
21.397,22.562,-0.13283,-0.20731,28.553,2.8153
21.374,22.542,-0.20398,-0.20904,28.428,3.1532
21.358,22.521,-0.28304,-0.20931,28.313,3.5437
21.338,22.5,-0.34597,-0.21045,28.195,3.8877
21.312,22.479,-0.37085,-0.21255,28.081,4.04
21.28,22.457,-0.39527,-0.21564,27.962,4.2066
21.239,22.436,-0.457,-0.22044,27.852,4.643
21.189,22.414,-0.47978,-0.22687,27.736,4.864
21.141,22.391,-0.51219,-0.23313,27.61,5.1496
21.098,22.368,-0.54181,-0.23837,27.487,5.4076
21.048,22.344,-0.55843,-0.24464,27.364,5.5922
21.002,22.32,-0.51858,-0.25052,27.233,5.3606
20.959,22.294,-0.4611,-0.25557,27.103,5.0055
20.908,22.269,-0.4653,-0.26222,26.972,5.0947
20.871,22.243,-0.49737,-0.26626,26.826,5.3315
20.824,22.216,-0.49513,-0.27224,26.69,5.3633
20.781,22.189,-0.49353,-0.27745,26.548,5.3852
20.722,22.161,-0.55922,-0.28572,26.405,5.9337
20.673,22.133,-0.57718,-0.29188,26.269,6.1153
20.623,22.103,-0.57212,-0.29806,26.131,6.1215
20.567,22.074,-0.59032,-0.30591,25.976,6.3207
20.5,22.043,-0.62108,-0.31601,25.823,6.6537
20.428,22.011,-0.58508,-0.32681,25.673,6.4709
20.371,21.979,-0.47428,-0.33454,25.519,5.7031
20.315,21.945,-0.39498,-0.34229,25.359,5.2101
20.272,21.911,-0.31331,-0.3473,25.191,4.7015
20.239,21.876,-0.20176,-0.35007,25.03,4.0483
20.219,21.841,-0.13068,-0.35003,24.864,3.6325
20.203,21.806,-0.10749,-0.34924,24.695,3.4624
20.191,21.771,-0.11246,-0.34741,24.531,3.4199
20.184,21.737,-0.097384,-0.34453,24.374,3.2765
20.175,21.702,-0.079738,-0.34164,24.226,3.1283
20.174,21.668,-0.038093,-0.33715,24.07,2.865
20.167,21.634,-0.018459,-0.33387,23.926,2.7187
20.159,21.601,0.027292,-0.33113,23.775,2.4801
20.162,21.568,0.0028901,-0.32561,23.625,2.4902
20.172,21.535,-0.040951,-0.31838,23.484,2.5665
20.176,21.503,-0.098215,-0.31263,23.343,2.7189
20.157,21.472,-0.16801,-0.31204,23.219,2.9929
20.137,21.441,-0.24413,-0.31186,23.081,3.3218
20.112,21.41,-0.2078,-0.31268,22.955,3.1196
20.093,21.378,-0.22178,-0.31201,22.831,3.1498
20.073,21.347,-0.33622,-0.31152,22.706,3.704
20.04,21.316,-0.34677,-0.31448,22.584,3.7569
20.01,21.285,-0.31253,-0.3166,22.446,3.552
19.983,21.253,-0.38595,-0.31793,22.326,3.9383
19.944,21.221,-0.40953,-0.32208,22.198,4.0774
19.905,21.189,-0.34328,-0.32631,22.074,3.7028
19.862,21.156,-0.38389,-0.33169,21.943,3.9403
19.83,21.123,-0.45837,-0.33402,21.811,4.3661
19.784,21.09,-0.5184,-0.34009,21.685,4.7661
19.74,21.056,-0.56963,-0.34561,21.547,5.1173
19.689,21.021,-0.588,-0.35291,21.416,5.2682
19.632,20.986,-0.59126,-0.36168,21.283,5.3247
19.579,20.95,-0.59069,-0.36943,21.143,5.3399
19.521,20.913,-0.57429,-0.37867,21.002,5.2543
19.464,20.875,-0.57808,-0.38712,20.872,5.3065
19.407,20.836,-0.6499,-0.3955,20.734,5.8488
19.349,20.797,-0.72129,-0.40475,20.584,6.4246
19.286,20.756,-0.80229,-0.41505,20.432,7.1265
19.196,20.715,-0.86593,-0.4328,20.291,7.7894
19.117,20.671,-0.91584,-0.44761,20.135,8.3158
19.031,20.627,-0.98338,-0.46464,19.974,9.0541
18.941,20.58,-1.0278,-0.48255,19.81,9.5862
18.829,20.532,-1.0137,-0.50711,19.647,9.5604
18.736,20.481,-1.0006,-0.52575,19.477,9.4827
18.635,20.429,-1.0044,-0.54657,19.309,9.595
18.529,20.374,-1.0227,-0.56914,19.131,9.8602
18.429,20.317,-1.0248,-0.59068,18.936,9.9239
18.324,20.258,-1.0471,-0.6127,18.753,10.21
18.225,20.197,-1.0931,-0.63364,18.559,10.739
18.113,20.133,-1.1932,-0.65876,18.355,11.944
17.988,20.067,-1.2395,-0.68866,18.145,12.569
17.855,19.999,-1.2754,-0.72136,17.931,13.083
17.721,19.926,-1.3043,-0.7538,17.72,13.501
17.581,19.851,-1.358,-0.7889,17.498,14.256
17.446,19.772,-1.3441,-0.82333,17.262,14.056
17.307,19.69,-1.2905,-0.85915,17.022,13.32
17.173,19.604,-1.2993,-0.89364,16.776,13.379
17.035,19.515,-1.3374,-0.92996,16.523,13.807
16.908,19.422,-1.4097,-0.96141,16.277,14.689
16.76,19.325,-1.4929,-1.0012,16.025,15.796
16.605,19.225,-1.5912,-1.0455,15.759,17.19
16.438,19.121,-1.637,-1.0936,15.499,17.807
16.266,19.011,-1.6667,-1.1454,15.229,18.135
16.094,18.897,-1.625,-1.1985,14.944,17.227
15.923,18.777,-1.4947,-1.2496,14.669,15.001
15.777,18.652,-1.2583,-1.2909,14.383,11.625
15.644,18.523,-1.0375,-2.9,14.103,3.0212
15.544,18.233,-0.84488,-4.4,13.828,59.228
15.452,17.793,-0.66213,-4.4,13.567,81.047
15.379,17.353,-0.53928,-4.4,13.351,110.68
15.327,16.913,-0.51566,-4.4,13.18,159.51
15.268,16.473,-0.51532,-4.4,13.035,245.27
15.208,16.033,-0.52576,-4.4,12.929,439.39
15.154,15.593,-0.5327,-0.19503,12.868,2.4456
15.096,15.573,-0.532,-0.21286,12.83,2.4858
15.052,15.552,-0.51497,-0.22402,12.789,2.4209
15.004,15.53,-0.50652,-4.4,12.731,814.82
14.956,15.09,-0.47603,-0.058583,12.69,1.7863
14.917,15.084,-0.4227,-0.073668,12.67,1.578
14.874,15.077,-0.36455,-0.089153,12.661,1.3681
14.832,15.068,-0.35156,-0.10384,12.648,1.3542
14.79,15.057,-0.33974,-0.11797,12.631,1.3437
14.749,15.045,-0.33366,-0.13098,12.612,1.3534
14.716,15.032,-0.33965,-0.14002,12.588,1.4001
14.673,15.018,-0.36796,-0.15357,12.547,1.5491
14.645,15.003,-0.3914,-0.15986,12.51,1.6626
14.614,14.987,-0.39026,-4.4,12.466,829.25
14.583,14.547,-0.37797,0.0083494,12.453,1.104
14.546,14.548,-0.3714,-0.00099518,12.447,1.1534
14.501,14.548,-0.34723,-0.02022,12.451,1.1088
14.475,14.546,-0.2583,-0.030672,12.445,0.80295
14.445,14.543,-0.13469,-0.042743,12.429,0.44406
14.437,14.538,-0.023035,-0.044133,12.426,0.16485
14.441,14.534,0.020686,-0.040517,12.416,0.062031
14.447,14.53,0.01959,-0.036155,12.412,0.052959
14.458,14.526,-0.021513,-0.029867,12.402,0.1239
14.46,14.523,-0.074529,-0.027619,12.397,0.24323
14.444,14.521,-0.10043,-0.033754,12.392,0.32585
14.43,14.517,-0.058112,-0.038153,12.378,0.23004
14.43,14.513,0.00022857,-0.036687,12.377,0.093885
14.425,14.51,0.049392,-0.037049,12.364,0
14.432,14.506,0.064287,-0.032763,12.357,0
14.441,14.503,0.014394,-0.027232,12.35,0.039742
14.439,14.5,0.0030709,-0.026788,12.342,0.061955
14.448,14.497,0.057286,-0.021782,12.342,0
14.455,14.495,0.11351,-0.017904,12.34,0
14.463,14.493,0.16201,-0.013215,12.345,0
14.474,14.492,0.22866,-0.0080126,12.341,0
14.501,14.491,0.24556,0.0023332,12.336,0
14.518,14.491,0.20202,0.0061783,12.328,0
14.53,14.492,0.17929,0.0087667,12.339,0
14.543,14.493,0.18775,0.011587,12.348,0
14.562,14.494,0.18217,0.015842,12.356,0
14.576,14.496,0.14692,0.018665,12.374,0
14.586,14.498,0.085559,0.02055,12.383,0
14.591,14.5,-0.015361,0.021094,12.386,0
14.581,14.502,-0.12643,0.018435,12.404,0.17086
14.561,14.504,-0.19545,0.013387,12.418,0.40611
14.539,14.505,-0.22025,0.0079376,12.423,0.52669
14.521,14.506,-0.22744,0.0036612,12.417,0.58404
14.505,14.506,-0.22601,-0.00042003,12.425,0.60968
14.478,14.506,-0.26218,-0.012053,12.422,0.76515
14.457,14.505,-0.29179,-0.02084,12.425,0.89643
14.418,14.503,-0.31344,-0.036982,12.423,1.023
14.38,14.499,-0.34207,-0.05185,12.415,1.1768
14.345,14.494,-0.36554,-0.065007,12.403,1.3093
14.301,14.487,-0.3563,-0.081595,12.392,1.3173
14.267,14.479,-0.35621,-0.092948,12.364,1.3468
14.23,14.47,-0.36365,-0.10547,12.333,1.4101
14.196,14.459,-0.36006,-0.11624,12.317,1.4239
14.159,14.448,-0.35854,-0.12749,12.293,1.4465
14.12,14.435,-0.36906,-0.13939,12.262,1.5203
14.082,14.421,-0.38094,-0.15065,12.239,1.5995
14.036,14.406,-0.40084,-0.16475,12.21,1.7214
13.994,14.39,-0.43288,-4.4,12.172,905.41
13.948,13.95,-0.45277,-0.00084503,12.161,1.512
13.898,13.949,-0.45395,-0.02225,12.156,1.5802
13.85,13.947,-0.44829,-0.041981,12.154,1.6116
13.798,13.943,-0.44759,-0.062903,12.143,1.6689
13.753,13.937,-0.47012,-0.079966,12.118,1.8243
13.71,13.929,-0.48141,-0.095333,12.095,1.9222
13.659,13.919,-0.50227,-0.11374,12.081,2.0788
13.603,13.908,-0.52284,-0.13339,12.058,2.2392
13.553,13.894,-0.52264,-0.14984,12.03,2.2827
13.491,13.88,-0.50764,-0.17101,11.995,2.2614
13.435,13.862,-0.53324,-0.18895,11.95,2.4388
13.38,13.844,-0.54567,-4.4,11.909,1193.2
13.321,13.404,-0.55401,-0.035539,11.874,2.1231
13.259,13.4,-0.57963,-0.060833,11.859,2.3388
13.211,13.394,-0.57819,-0.079251,11.851,2.3863
13.149,13.386,-0.55624,-0.10258,11.834,2.3352
13.098,13.376,-0.54919,-0.12044,11.803,2.3474
13.045,13.364,-0.55786,-0.13885,11.782,2.4469
12.987,13.35,-0.57377,-0.15838,11.754,2.589
12.93,13.334,-0.56069,-0.17701,11.718,2.5663
12.869,13.316,-0.55336,-0.19696,11.68,2.5783
12.821,13.297,-0.55619,-4.4,11.634,1205.2
12.761,12.857,-0.54971,-0.040714,11.609,2.1183
12.708,12.852,-0.55152,-0.061945,11.599,2.1932
12.652,12.846,-0.59361,-0.083335,11.589,2.4908
12.588,12.838,-0.57944,-0.10727,11.572,2.484
12.537,12.827,-0.54261,-0.12503,11.539,2.3337
12.491,12.815,-0.56289,-0.13972,11.513,2.4852
12.437,12.801,-0.60759,-0.15752,11.487,2.7882
12.369,12.785,-0.59594,-0.18116,11.451,2.7869
12.318,12.767,-0.60586,-0.19618,11.404,2.8808
12.265,12.747,-0.59576,-4.4,11.347,1504.7
12.199,12.307,-0.58011,-0.046176,11.312,2.3022
12.141,12.303,-0.54115,-0.068894,11.293,2.1611
12.095,12.296,-0.56052,-0.086118,11.266,2.3163
12.037,12.287,-0.59621,-0.10754,11.239,2.5787
11.974,12.276,-0.64718,-0.13025,11.22,2.9469
11.9,12.263,-0.64296,-0.15691,11.196,3.0014
11.835,12.248,-0.60234,-0.17869,11.156,2.8214
11.776,12.23,-0.53496,-4.4,11.107,1171.1
11.718,11.79,-0.52269,-0.030318,11.09,1.9491
11.661,11.787,-0.53363,-0.052979,11.07,2.0778
11.605,11.781,-0.5437,-0.074627,11.047,2.1988
11.544,11.774,-0.54682,-0.097284,11.032,2.2865
11.486,11.764,-0.57791,-0.11836,11.004,2.5208
11.419,11.752,-0.57998,-0.14229,10.972,2.6043
11.355,11.738,-0.58238,-0.16384,10.944,2.6819
11.302,11.722,-0.57396,-0.18041,10.898,2.6784
11.243,11.704,-0.59161,-0.19884,10.853,2.8267
11.179,11.684,-0.57573,-5.2,10.811,0
11.124,11.164,-0.5284,-0.016633,10.789,1.9364
11.08,11.162,-0.44543,-0.034199,10.793,1.5869
11.033,11.159,-0.37712,-0.05215,10.778,1.3404
10.999,11.154,-0.31308,-0.064172,10.761,1.1178
10.962,11.147,-0.24124,-0.077211,10.743,0.89371
10.94,11.139,-0.16943,-0.08322,10.728,0.67676
10.931,11.131,-0.12994,-0.083939,10.698,0.56028
10.909,11.123,-0.10472,-0.089659,10.673,0.50522
10.892,11.114,-0.081461,-0.093507,10.642,0.45247
10.887,11.104,-0.071631,-0.092157,10.616,0.42182
10.874,11.095,-0.054159,-0.094015,10.585,0.38153
10.861,11.086,-0.049359,-0.095884,10.566,0.37399
10.852,11.076,-0.020499,-0.095687,10.549,0.30483
10.842,11.067,0.018424,-5.2,10.521,0
10.847,10.547,0.028782,0.10271,10.534,0
10.853,10.557,0.018674,0.10138,10.572,0
10.862,10.567,0.012961,0.10119,10.593,0
10.868,10.577,-0.06529,0.099724,10.614,0
10.859,10.587,-0.15764,0.09332,10.641,0.005713
10.85,10.596,-0.31039,0.086889,10.676,0.5167
10.812,10.605,-0.65478,0.071124,10.698,2.212
10.751,10.612,-1.2884,0.047682,10.721,7.7062
10.615,10.617,-2.0027,-0.00067923,10.738,19.348
10.415,10.617,-2.7749,-0.080024,10.732,42.278
10.147,10.609,-3.6909,-0.18379,10.702,97.041
9.7858,10.591,-4.7879,-0.32267,10.636,20.954
9.3078,10.558,-5.7355,-0.50737,10.539,21.664
8.727,10.508,-6.6338,-0.73589,10.389,22.624
8.0549,10.434,-7.4659,-7.7438,10.182,4.2931
7.3072,9.6596,-7.9572,-0.95396,9.9454,23.809
6.5196,9.5642,-8.1968,-8.6757,9.6777,5.2351
5.695,8.6967,-8.31,-1.1963,9.3829,23.861
4.8553,8.577,-8.3709,-9.1363,9.0478,6.0211
4.0176,7.6634,-8.3936,-9.1594,8.678,5.8647
3.1756,6.7474,-8.5486,-9.3156,8.3161,5.7105
2.3214,5.8159,-8.5065,-1.184,7.9561,23.376
1.4713,5.6975,-8.2813,-9.4607,7.5721,6.1856
0.63853,4.7514,-7.722,-8.9053,7.1481,5.9451
-0.13609,3.8609,-6.8581,-8.8,6.7511,4.1134
-0.81302,2.9809,-5.8367,-8.8,6.3661,1.5508
-1.3899,2.1009,-4.9074,-8.8,5.9993,0
-1.8817,1.2209,-4.1345,-0.34134,5.6626,14.331
-2.287,1.1868,-3.4999,-8.8,5.3343,0
-2.6447,0.30675,-3.162,-8.8,5.0057,0
-2.9565,0,-3.029,-8.8,4.7289,0
-3.2609,0,-2.923,-8.8,4.465,0
-3.5485,0,-2.8537,-8.8,4.1659,0
-3.8287,0,-3.1773,-8.8,3.8445,0
-4.1396,0,-3.6647,-8.8,3.4811,0
-4.5148,0,-4.1386,-8.8,3.0898,0
-4.9197,0,-4.5902,-9.1367,2.6617,0.532
-5.3872,0,-4.8548,-11.496,2.1851,0
-5.8815,0,-4.5969,-14.905,1.6779,0
-6.3374,0,-4.0254,-21.471,1.151,0
-6.7354,0,-3.3302,-40.746,0.60624,0
-7.0603,0,-2.5811,-224.64,0.11224,0
-7.3141,0,-1.6428,-52.638,0.52452,0
-7.4781,0,-0.89856,-664.91,0.042109,0
-7.5658,0,-0.39304,-11.344,2.6135,0
-7.599,0,-0.085085,-15.191,1.9113,0
-7.6045,0,0.15771,-23.564,1.2189,0
-7.5978,0,0.13749,-49.233,0.58462,0
-7.5858,0,0.01982,-462.16,0.062253,0
-7.5795,0,-0.081173,-17.813,1.62,0
-7.5785,0,-0.044973,-30.125,0.95468,0
-7.5739,0,0.013205,-82.66,0.34693,0
-7.5658,0,-0.0071284,-3828.1,0.0074764,0
-7.568,0,-0.016336,-0.016336,18.393,15.514
-7.5608,0,0.0019246,0.0019246,17.629,15.5
-7.5563,0.00019246,-0.011735,-0.011735,16.865,15.491
-7.5626,0,-0.015121,-0.015121,16.114,15.503
-7.5674,0,-0.0043033,-0.0043033,15.348,15.513
-7.5748,0,-0.0088359,-0.0088359,14.593,15.528
-7.5759,0,-0.016054,-0.016054,13.84,15.531
-7.5823,0,-0.004855,-0.004855,13.084,15.544
-7.5747,0,0.0030682,0.0030682,12.321,15.528
-7.5672,0.00030682,-0.0056524,-0.0056524,11.559,15.513
-7.5606,0,-0.0061461,-0.0061461,10.812,15.499
-7.5698,0,-0.0033805,-0.0033805,10.056,15.518
-7.5747,0,-0.0063127,-0.0063127,9.2997,15.528
-7.5738,0,-0.010966,-0.010966,8.5468,15.526
-7.582,0,-0.010392,-0.010392,7.7946,15.543
-7.5853,0,-0.011115,-0.011115,7.0318,15.55
-7.5887,0,-0.009938,-0.009938,6.2653,15.557
-7.5893,0,-0.0091843,-0.0091843,5.5049,15.558
-7.5812,0,-0.0049352,-8.8,4.7456,0
-7.577,0,-0.0034043,-8.8,4.0338,0
-7.5858,0,0.0020171,-8.8,3.3148,0
-7.5794,0,0.0015692,-11.051,2.5988,0
-7.581,0,0.007975,-15.199,1.8896,0
-7.5753,0,0.0045488,-23.806,1.205,0
-7.5685,0,0.0010305,-50.246,0.57001,0
-7.5654,0,-0.00066647,-387.99,0.07376,0
-7.5745,0,0.0018818,-22.934,1.2507,0
-7.5815,0,-0.0058338,-46.564,0.61729,0
-7.5866,0,-0.0076925,-284.98,0.10098,0
-7.5827,0,-0.0010808,-37.65,0.7636,0
-7.5869,0,-0.0074963,-156.09,0.1844,0
-7.5859,0,-0.012447,-144.21,0.19954,0
-7.5853,0,-0.010185,-167.7,0.17156,0
-7.5927,0,-0.01219,-113.66,0.25363,0
-7.589,0,-0.018111,-478.42,0.060193,0
-7.5986,0,-0.01212,-17.13,1.6864,0
-7.5952,0,-0.010204,-28.446,1.0144,0
-7.6057,0,-0.0085152,-71.905,0.40229,0
-7.5991,0,-0.0073708,9.8,1,36.186
-7.5947,0.98,-0.0062352,-184.17,0.19962,0
-7.5926,0,-0.010081,-111.46,0.25863,0
-7.5963,0,-0.013375,-555.84,0.051909,0
-7.5953,0,-0.016786,-13.977,2.0662,0
-7.5955,0,-0.014537,-21.036,1.3722,0
-7.602,0,-0.012947,-39.942,0.72366,0
-7.5955,0,-0.0065443,-177.88,0.16217,0
-7.5973,0,0.00068869,-100.33,0.28765,0
-7.5897,0,-0.0016197,-1200.9,0.023983,0
-7.5945,0,-0.0013847,-0.0013847,5.2661,15.569
-7.5924,0,0.011972,-8.8,4.5003,0
-7.5847,0,-0.012071,-8.8,3.795,0
-7.5832,0,-0.0094528,-9.3496,3.0783,0
-7.5791,0,-0.0061853,-12.192,2.357,0
-7.5758,0,0.010011,-17.254,1.6622,0
-7.5689,0,-0.028383,-28.977,0.98947,0
-7.5649,0,-0.030491,-77.322,0.37021,0
-7.5713,0,0.0073931,-5346.7,0.0053607,0
-7.5789,0,-0.0055962,7.8,25.978,31.938
-7.5792,0.78,-0.03914,7.8,25.172,33.608
-7.5782,1.56,0.0046857,7.8,24.304,35.113
-7.5732,2.34,0.025753,7.8,23.352,36.658
-7.576,3.12,-0.032482,-0.33724,22.319,21.287
-7.5779,3.0863,-0.018554,-0.36031,21.251,21.143
-7.5742,3.0502,0.0086084,-0.38575,20.188,20.951
-7.5683,3.0117,-0.015126,-0.41429,19.124,20.85
-7.5759,2.9702,-0.020791,-0.44674,18.07,20.725
-7.5691,2.9256,0.00041536,-0.48297,17.015,20.498
-7.578,2.8773,-0.0042175,-0.52441,15.975,20.34
-7.5811,2.8248,-0.021675,-0.5722,14.929,20.175
-7.5791,2.7676,-0.0096102,-0.62602,13.901,19.916
-7.5791,2.705,-0.00071089,-0.6886,12.878,19.637
-7.5704,2.6361,-0.016232,-0.76165,11.858,19.357
-7.5759,2.56,-0.012239,-0.85036,10.835,19.017
-7.5768,2.4749,0.0013604,-0.95605,9.8221,18.594
-7.5761,2.3793,-0.0082321,-1.0823,8.8273,18.152
-7.5738,2.2711,-0.0060721,-1.2397,7.8328,17.59
-7.5748,2.1471,0.0066265,-1.4352,6.8567,16.9
-7.5717,2.0036,0.0057164,-8.8,5.8846,1.1264
-7.5698,1.1236,-0.0021231,-8.8,4.9743,0
-7.5628,0.24362,0.0023144,-8.8,4.149,0
-7.5702,0,-0.0024239,-8.8,3.4094,0
-7.5795,0,-0.0084167,-10.641,2.7016,0
-7.5889,0,-0.0071607,-14.409,1.9994,0
-7.5904,0,-0.0080302,-22.084,1.3049,0
-7.6004,0,-0.0075295,-44.505,0.64909,0
-7.604,0,-0.0086995,-246.33,0.11737,0
-7.6018,0,-0.0014641,-48.435,0.59657,0
-7.5979,0,-0.0048706,-338.99,0.085149,0
-7.5991,0,-0.0033035,-28.424,1.0159,0
-7.5916,0,-0.0043026,-73.042,0.39454,0
-7.5979,0,-0.0087707,-2784.7,0.010365,0
-7.5889,0,-0.012294,-0.012294,13.175,15.557
-7.5806,0,-0.010666,-0.010666,12.42,15.54
-7.5826,0,-0.0081768,-0.0081768,11.656,15.544
-7.5864,0,-0.0055323,-0.0055323,10.894,15.552
-7.5836,0,0.0019973,0.0019973,10.134,15.546
-7.5805,0.00019973,-0.00038249,-0.00038249,9.3686,15.54
-7.5863,0.00016149,0.0010554,0.0010554,8.6105,15.552
-7.5868,0.00026702,-0.00072921,-0.00072921,7.8497,15.554
-7.5859,0.0001941,0.00011777,0.00011777,7.0987,15.552
-7.5814,0.00020588,-0.001055,-0.001055,6.3401,15.542
-7.5826,0.00010038,0.0015744,0.0015744,5.5896,15.544
-7.5771,0.00025782,-0.0010263,-8.8,4.8235,0
-7.5801,0,-0.00063307,-8.8,4.1195,0
-7.5785,0,0.00070807,-8.8,3.4143,0
-7.5719,0,-0.0060989,-10.628,2.6989,0
-7.573,0,0.023026,-14.342,1.9962,0
