14.167,14.167,1.9932,0,35.5,3.3257
14.376,14.167,1.8971,0.1287,35.511,2.5233
14.567,14.18,1.7641,0.23875,35.544,1.6773
14.74,14.203,1.6427,0.33007,35.596,0.98989
14.904,14.236,1.5463,0.40919,35.649,0.46853
15.058,14.277,1.5068,0.47711,35.717,0.17776
15.205,14.325,1.4922,0.53579,35.802,0
15.347,14.379,1.5535,0.58742,35.889,0.047102
15.496,14.437,1.6434,0.63974,35.995,0.19913
15.666,14.501,1.6148,0.70042,36.103,0
15.821,14.571,1.5223,0.74754,36.224,0
15.979,14.646,1.3957,0.79299,36.361,0
16.109,14.725,1.2843,0.81885,36.492,0
16.232,14.807,1.197,0.83801,36.633,0
16.356,14.891,1.1677,0.85667,36.774,0
16.467,14.977,1.1557,0.86635,36.921,0
16.59,15.063,1.1589,0.8819,37.063,0
16.7,15.152,1.0839,0.88937,37.225,0
16.815,15.241,1.0081,0.89881,37.373,0
16.909,15.33,0.93183,0.89558,37.527,0
17.011,15.42,0.8477,0.89731,37.688,0
17.094,15.51,0.7769,0.88836,37.856,0
17.174,15.599,0.67941,0.87788,38.008,0
17.233,15.686,0.56425,0.85693,38.161,0
17.284,15.772,0.46234,0.83287,38.311,0
17.339,15.855,0.31346,0.8131,38.453,0
17.376,15.937,0.13218,0.78506,38.608,0
17.392,16.015,-0.022244,0.74705,38.743,0
17.399,16.09,-0.16946,0.70712,38.881,0
17.377,16.161,-0.31317,0.65397,39.005,0
17.341,16.226,-0.38517,0.5971,39.117,0.28758
17.294,16.286,-0.44202,0.5376,39.216,0.63154
17.254,16.339,-0.55227,0.48604,39.32,1.2708
17.198,16.388,-0.64875,0.42921,39.412,1.9106
17.142,16.431,-0.69768,0.37609,39.495,2.2919
17.077,16.469,-0.75458,0.32083,39.56,2.7483
16.993,16.501,-0.79699,0.25932,39.614,3.1332
16.911,16.527,-0.80594,0.20196,39.651,3.2798
16.829,16.547,-0.85076,0.14828,39.678,3.6891
16.735,16.562,-0.96303,0.090645,39.696,4.6715
16.636,16.571,-1.0213,0.03408,39.717,5.2603
16.53,16.574,-1.1126,-0.0032832,39.723,6.3544
16.419,16.574,-1.1973,-0.011462,39.711,7.7276
16.309,16.573,-1.2518,-0.019543,39.699,8.8536
16.192,16.571,-1.2906,-0.028079,39.658,9.8717
16.057,16.568,-1.385,-0.037935,39.607,11.755
15.928,16.564,-1.4907,-0.047363,39.553,13.925
15.773,16.559,-1.6131,-0.0587,39.474,16.691
15.607,16.553,-1.7224,-0.070817,39.397,19.529
15.441,16.546,-1.7776,-0.083014,39.3,21.51
15.271,16.538,-1.7991,-0.095628,39.175,22.9
15.086,16.528,-1.7837,-0.10946,39.033,23.647
14.899,16.518,-1.7528,-0.12358,38.871,24.083
14.716,16.505,-1.7431,-0.13746,38.707,24.909
14.537,16.491,-1.7759,-0.15122,38.525,26.564
14.356,16.476,-1.809,-0.16536,38.317,28.254
14.177,16.46,-1.8686,-0.17944,38.101,30.529
13.993,16.442,-1.9078,-0.19431,37.866,32.435
13.805,16.422,-1.9591,-0.2097,37.609,34.664
13.614,16.401,-2.0019,-0.22572,37.339,36.752
13.422,16.379,-2.0244,-0.24221,37.045,38.354
13.22,16.355,-2.0119,-0.25989,36.742,39.14
13.012,16.329,-2.0386,-0.27844,36.426,40.93
12.8,16.301,-2.0748,-0.29795,36.084,42.991
12.595,16.271,-2.0494,-0.31736,35.728,43.394
12.396,16.239,-2.0735,-0.33687,35.356,45.025
12.195,16.206,-2.0851,-0.35729,34.965,46.331
11.977,16.17,-2.0489,-0.37978,34.563,46.452
11.78,16.132,-1.9881,-0.40119,34.143,45.79
11.575,16.092,-2.0069,-0.42427,33.703,47.21
11.382,16.049,-1.9583,-0.44722,33.242,46.791
11.179,16.005,-1.8038,-0.47205,32.769,43.852
10.996,15.957,-1.3433,-0.4958,32.284,34.673
10.856,15.908,-0.78598,-0.51613,31.79,25.62
10.775,15.856,-0.22288,-0.53143,31.274,18.395
10.755,15.803,0.26436,-0.54039,30.769,13.429
10.791,15.749,0.5381,-0.54334,30.269,10.923
10.852,15.695,0.4029,-0.54316,29.778,11.42
10.89,15.64,0.20452,-0.54506,29.302,12.556
10.919,15.586,0.18698,-0.5482,28.823,12.307
10.942,15.531,0.1802,-0.55178,28.354,11.993
10.963,15.476,0.16616,-0.55505,27.902,11.747
10.985,15.42,0.12974,-0.55806,27.455,11.677
10.991,15.365,0.014806,-0.5631,27.01,12.318
10.987,15.308,-0.23845,-0.56926,26.574,14.349
10.958,15.251,-0.48131,-0.57852,26.15,16.696
10.91,15.193,-0.71255,-0.5905,25.726,19.316
10.834,15.134,-0.90925,-0.60715,25.293,21.912
10.745,15.074,-1.0775,-0.62595,24.862,24.398
10.632,15.011,-1.3103,-0.64871,24.434,28.341
10.496,14.946,-1.5402,-0.67577,24.001,32.824
10.346,14.879,-1.6464,-0.70684,23.547,35.201
10.176,14.808,-1.6718,-0.74215,23.094,36.01
9.9988,14.734,-1.698,-0.78085,22.618,36.825
9.8317,14.656,-1.6924,-0.81947,22.138,36.855
9.6558,14.574,-1.752,-0.86113,21.656,38.317
9.4811,14.488,-1.9181,-0.90467,21.165,42.279
9.2979,14.397,-1.9999,-0.95278,20.655,44.369
9.101,14.302,-2.0525,-1.006,20.138,45.777
8.9005,14.201,-2.1358,-1.0631,19.611,47.981
8.6902,14.095,-2.1658,-1.1246,19.084,48.762
8.4707,13.983,-2.164,-1.1921,18.544,48.615
8.2577,13.863,-2.2598,-1.2629,17.99,51.066
8.0257,13.737,-2.3679,-1.3439,17.417,53.976
7.7903,13.603,-2.3235,-1.4311,16.837,52.218
7.5601,13.46,-2.1983,-1.5234,16.245,48.025
7.336,13.307,-2.0191,-1.6183,15.658,42.559
7.1294,13.145,-1.7586,-1.7173,15.053,35.529
6.9623,12.974,-1.4425,-1.8109,14.444,28.148
6.8151,12.793,-1.1714,-1.9041,13.836,22.49
6.7027,12.602,-1.0314,-1.9897,13.235,19.209
6.6064,12.403,-0.99333,-2.073,12.641,17.351
6.5054,12.196,-0.976,-2.1561,12.072,15.804
6.4136,11.98,-0.9787,-2.2409,11.502,14.431
6.3063,11.756,-0.94556,-2.3278,10.96,12.761
6.2147,11.523,-0.67391,-5.2,10.424,29.428
6.1568,11.003,-0.17312,-5.2,9.9074,47.342
6.1428,10.483,0.395,-5.2,9.457,64.083
6.1745,9.9634,1.021,-5.2,9.0542,71.471
6.2788,9.4434,1.6319,-5.2,8.7127,81.039
6.4422,8.9234,2.0969,-5.2,8.4398,90.713
6.6504,8.4034,2.4341,-5.2,8.2219,100.43
6.9027,7.8834,2.6502,-5.2,8.0767,110.55
7.158,7.3634,2.8027,-5.2,8.0099,120.6
7.4302,6.8434,2.8837,-5.2,8.0346,131.26
7.7162,6.3234,2.8927,-5.2,8.1289,142.87
8.0021,5.8034,2.8978,1.6508,8.3093,1.3194
8.2976,5.9684,2.8724,1.7079,8.5292,1.1175
8.5785,6.1392,2.8209,1.7483,8.7653,0.86808
8.8534,6.3141,2.7816,1.78,9.012,0.70451
9.1274,6.4921,2.7924,1.81,9.2791,0.7566
9.4025,6.6731,2.7742,1.8369,9.5499,0.70087
9.6801,6.8568,2.7704,1.8631,9.8295,0.71265
9.9615,7.0431,2.7636,1.8908,10.126,0.70539
10.24,7.2321,2.7336,1.9136,10.427,0.61598
10.511,7.4235,2.7065,1.9284,10.726,0.57106
10.784,7.6163,2.6955,1.9436,11.03,0.59875
11.045,7.8107,2.6853,1.9528,11.358,0.63937
11.32,8.006,2.6714,1.9682,11.681,0.65222
11.596,8.2028,2.6639,1.9842,12.012,0.69308
11.862,8.4012,2.6658,1.995,12.362,0.78852
12.132,8.6007,2.6565,2.0071,12.715,0.83111
12.401,8.8014,2.6106,2.0167,13.066,0.70979
12.653,9.0031,2.5705,2.0183,13.436,0.6287
12.909,9.2049,2.5559,2.0225,13.807,0.66442
13.163,9.4072,2.5411,2.0244,14.173,0.71066
13.42,9.6096,2.5405,2.0286,14.548,0.81754
13.677,9.8125,2.5312,2.0326,14.927,0.88331
13.937,10.016,2.5003,2.04,15.323,0.82352
14.186,10.22,2.4799,2.0409,15.719,0.83523
14.433,10.424,2.4557,2.0421,16.124,0.82189
14.685,10.628,2.4082,2.0439,16.519,0.69566
14.935,10.832,2.4079,2.0452,16.919,0.80984
15.168,11.037,2.4422,2.0393,17.329,1.1195
15.421,11.241,2.4307,2.0433,17.74,1.1684
15.664,11.445,2.396,2.0427,18.152,1.1045
15.911,11.649,2.3635,2.0451,18.58,1.036
16.146,11.854,2.3478,2.0414,19.004,1.0742
16.374,12.058,2.2806,2.035,19.431,0.8383
16.6,12.262,2.2193,2.0279,19.856,0.63658
16.818,12.464,2.2073,2.0179,20.283,0.69804
17.046,12.666,2.225,2.0133,20.712,0.90829
17.276,12.868,2.2163,2.0109,21.147,0.96967
17.496,13.069,2.2297,2.0049,21.596,1.1531
17.721,13.269,2.2398,2.0011,22.039,1.3197
17.943,13.469,2.2173,1.9961,22.48,1.3063
18.166,13.669,2.1821,1.9929,22.931,1.2125
18.381,13.868,2.1337,1.9858,23.38,1.0515
18.598,14.067,2.0881,1.9815,23.84,0.89532
18.797,14.265,2.1005,1.9685,24.287,1.0805
19.014,14.462,2.1195,1.9648,24.747,1.285
19.233,14.658,2.1204,1.9626,25.208,1.3857
19.455,14.854,2.1387,1.961,25.663,1.5923
19.674,15.051,2.1763,1.9592,26.124,1.9141
19.89,15.246,2.1411,1.9565,26.595,1.8009
20.111,15.442,2.0842,1.955,27.05,1.5668
20.322,15.638,2.0566,1.9505,27.523,1.4994
20.53,15.833,2.0441,1.9447,27.992,1.5236
20.733,16.027,2.0047,1.9371,28.455,1.3926
20.926,16.221,1.9631,1.9258,28.917,1.25
21.128,16.413,1.9411,1.9195,29.39,1.2122
21.314,16.605,1.9323,1.9066,29.857,1.2566
21.51,16.796,1.8848,1.8989,30.323,1.0691
21.699,16.986,1.8296,1.8893,30.801,0.83379
21.884,17.175,1.7865,1.8786,31.275,0.67036
22.066,17.363,1.7421,1.8669,31.739,0.50328
22.239,17.549,1.6687,1.8521,32.201,0.17728
22.4,17.735,1.6063,1.8334,32.659,0
22.562,17.918,1.5689,1.8166,33.121,0
22.711,18.1,1.5466,1.7954,33.581,0
22.875,18.279,1.4958,1.7817,34.044,0
23.027,18.457,1.4034,1.764,34.502,0
23.166,18.634,1.2892,1.7418,34.948,0
23.292,18.808,1.1742,1.7163,35.399,0
23.41,18.98,1.0915,1.6888,35.841,0
23.518,19.148,1.0991,1.659,36.287,0
23.636,19.314,1.1196,1.6349,36.726,0
23.744,19.478,1.1015,1.6078,37.155,0
23.863,19.639,1.1416,1.5865,37.583,0
23.97,19.797,1.151,1.5612,37.994,0
24.081,19.953,1.0732,1.5387,38.401,0
24.19,20.107,1.0019,1.5173,38.821,0
24.287,20.259,1.0028,1.4921,39.229,0
24.382,20.408,0.96921,1.4673,39.627,0
24.487,20.555,0.95998,1.4474,40.029,0
24.58,20.7,1.0186,1.4244,40.429,0
24.683,20.842,1.1388,1.4054,40.806,0
24.791,20.983,1.2721,1.3896,41.192,0
24.918,21.122,1.37,1.3813,41.581,0
25.056,21.26,1.4477,1.3777,41.968,0.2243
25.208,21.398,1.4777,1.379,42.344,0.41269
25.364,21.535,1.5125,1.3815,42.719,0.63133
25.518,21.674,1.5682,1.3835,43.103,0.96787
25.676,21.812,1.6425,1.3871,43.494,1.4199
25.833,21.951,1.7065,1.39,43.89,1.8256
26.012,22.09,1.7462,1.4005,44.281,2.1033
26.193,22.23,1.8129,1.4115,44.682,2.553
26.382,22.371,1.8089,1.4251,45.089,2.5762
26.563,22.513,1.7143,1.4347,45.484,2.0474
26.732,22.657,1.6508,1.4403,45.9,1.7072
26.903,22.801,1.6639,1.4455,46.301,1.83
27.062,22.945,1.6303,1.4467,46.712,1.6696
27.218,23.09,1.6423,1.4468,47.128,1.7799
27.386,23.235,1.7356,1.451,47.533,2.3982
27.556,23.38,1.7536,1.456,47.952,2.5572
27.732,23.525,1.7347,1.4627,48.368,2.4893
27.895,23.672,1.6722,1.465,48.798,2.1426
28.059,23.818,1.6075,1.4669,49.214,1.7904
28.229,23.965,1.5659,1.4715,49.648,1.5808
28.377,24.112,1.5784,1.4677,50.067,1.6956
28.537,24.259,1.5466,1.4684,50.496,1.5437
28.683,24.406,1.519,1.4644,50.926,1.4127
28.833,24.552,1.4827,1.462,51.354,1.2325
28.984,24.698,1.4504,1.46,51.778,1.0783
29.13,24.844,1.4409,1.4562,52.213,1.0548
29.268,24.99,1.4467,1.4501,52.643,1.1196
29.413,25.135,1.4531,1.4469,53.08,1.1885
29.557,25.28,1.436,1.4428,53.506,1.1202
29.693,25.424,1.3847,1.4365,53.928,0.85004
29.832,25.568,1.2628,1.4313,54.348,0.18801
29.955,25.711,1.1729,1.4212,54.766,0
30.067,25.853,1.1571,4.8,55.182,2.5941
30.175,26.333,1.1994,1.2525,55.589,0.052783
30.289,26.458,1.2204,1.247,55.98,0.17775
30.411,26.583,1.258,4.8,56.365,3.4555
30.531,27.063,1.3238,1.1,56.738,0.85703
30.659,27.173,1.3362,4.8,57.086,4.3003
30.786,27.653,1.2981,0.96889,57.415,0.80162
30.923,27.75,1.31,0.98041,57.73,0.88814
31.056,27.848,1.3728,4.8,58.04,5.1906
31.193,28.328,1.3847,0.86342,58.346,1.3308
31.341,28.414,1.3832,0.88111,58.632,1.3581
31.472,28.502,1.3796,4.8,58.931,6.1505
31.612,28.982,1.3575,0.77273,59.202,1.2373
31.758,29.059,1.3152,0.79239,59.471,1.0556
31.89,29.139,1.2827,-2,59.736,93.665
32.023,28.939,1.2622,4.8,60.021,6.5713
32.147,29.419,1.2396,-2,60.307,92.317
32.281,29.219,1.2317,-2,60.604,107.43
32.412,29.019,1.2159,4.8,60.928,5.5929
32.542,29.499,1.1818,-2,61.252,106.2
32.659,29.299,1.1709,-2,61.57,123.26
32.774,29.099,1.1636,-2,61.917,143.52
32.897,28.899,1.1354,4.8,62.305,3.6339
33.005,29.379,1.051,-2,62.69,140.72
33.102,29.179,1.0227,-2,63.06,164.45
33.21,28.979,0.99734,4.8,63.47,3.6789
33.31,29.459,0.9905,-2,63.879,158.73
33.401,29.259,0.97182,-2,64.285,186.36
33.492,29.059,0.98166,-2,64.719,219.49
33.597,28.859,0.97748,4.8,65.186,1.7236
33.689,29.339,0.95048,-2,65.631,210.44
33.778,29.139,0.91723,-2,66.09,252.58
33.867,28.939,0.90936,4.8,66.569,1.4298
33.952,29.419,0.92902,-2,67.036,235.86
34.044,29.219,0.91046,-2,67.501,285.31
34.135,29.019,0.90759,4.8,67.993,0.69145
34.229,29.499,0.88144,-2,68.49,270.88
34.316,29.299,0.84694,-2,68.983,334.46
34.396,29.099,0.85087,-2,69.502,413.05
34.484,28.899,0.8734,4.8,70.05,0
34.562,29.379,0.86623,-2,70.595,374.5
34.646,29.179,0.8729,-2,71.122,468.21
34.73,28.979,0.87648,4.8,71.693,0
34.818,29.459,0.83318,-2,72.243,439.62
34.904,29.259,0.78551,-2,72.791,594.04
34.979,29.059,0.76903,-2,73.365,828.54
35.047,28.859,0.77897,4.8,73.976,0
35.117,29.339,0.80034,-2,74.574,673.17
35.191,29.139,0.83277,-2,75.159,896.07
35.274,28.939,0.85541,4.8,75.779,0
35.362,29.419,0.86355,-2,76.385,752.13
35.449,29.219,0.847,-2,76.99,1126.5
35.543,29.019,0.84364,4.8,77.624,0
35.626,29.499,0.8369,-2,78.251,984.46
35.706,29.299,0.84029,-2,78.885,1555.2
35.786,29.099,0.83239,-2,79.534,3489.2
35.869,28.899,0.84159,4.8,80.209,0
35.958,29.379,0.82793,-2,80.884,2454.6
36.041,29.179,0.83147,-2,81.56,11255
36.12,28.979,0.84017,4.8,82.263,0
36.198,29.459,0.8397,-2,82.95,4165.4
36.275,29.259,0.78957,-2,83.641,0
36.348,29.059,0.6958,-2,84.355,0
36.422,28.859,0.47794,4.8,85.101,0
36.465,29.339,0.21194,-2,85.84,0
36.487,29.139,-0.054518,-2,86.572,0
36.487,28.939,-0.28492,4.8,87.313,0
36.456,29.419,-0.47909,-2,88.047,0
36.417,29.219,-0.56451,-2,88.748,0
36.355,29.019,-0.63065,4.8,89.483,3.8614
36.291,29.499,-0.76504,-2,90.186,0
36.215,29.299,-0.98863,-2,90.879,0
36.12,29.099,-1.3234,-2,91.568,0
35.988,28.899,-1.7296,4.8,92.278,23.038
35.813,29.379,-2.168,-2,92.963,0
35.595,29.179,-2.5232,-2,93.599,0
35.343,28.979,-2.7715,4.8,94.237,58.84
35.064,29.459,-2.8648,-2,94.845,0
34.783,29.259,-3.0803,-2,95.398,0
34.478,29.059,-3.3477,-2,95.945,0
34.142,28.859,-3.6637,4.8,96.472,108.32
33.766,29.339,-3.9762,-2,96.95,0
33.364,29.139,-4.2678,-2,97.392,0
32.936,28.939,-4.3578,4.8,97.796,160.07
32.503,29.419,-4.3779,-2,98.141,0
32.056,29.219,-4.3618,-2,98.429,0
31.624,29.019,-4.2616,4.8,98.691,161.03
31.194,29.499,-4.0599,-2,98.901,0
30.787,29.299,-3.7265,-2,99.053,0
30.414,29.099,-3.0951,-2,99.185,0
30.114,28.899,-2.41,4.8,99.302,86.737
29.874,29.379,-1.8225,-2,99.392,0.59088
29.683,29.179,-1.3984,-2,99.443,3.8714
29.541,28.979,-1.0608,4.8,99.493,55.31
29.431,29.459,-0.87019,-2,99.522,4.8828
29.339,29.259,-0.58121,-2,99.534,8.1791
29.284,29.059,-0.30891,-2,99.557,12.221
29.253,28.859,-0.021806,4.8,99.586,36.721
29.249,29.339,0.15266,-2,99.607,13.954
29.272,29.139,0.1966,-2,99.617,16.701
29.29,28.939,0.1894,4.8,99.65,33.662
29.302,29.419,0.25663,-2,99.662,14.765
29.331,29.219,0.49197,-2,99.67,19.747
29.375,29.019,0.87207,4.8,99.685,24.245
29.471,29.499,1.3678,-2,99.705,28.059
29.602,29.299,1.8048,-2,99.72,37.876
29.776,29.099,2.1915,-2,99.763,48.846
29.99,28.899,2.3862,4.8,99.85,6.7142
30.227,29.379,2.4918,-2,99.941,55.828
30.484,29.179,2.4959,-2,100.04,65.199
30.728,28.979,2.4459,4.8,100.2,3.8907
30.966,29.459,2.357,-2,100.37,67.981
31.204,29.259,2.2654,-2,100.54,77.91
31.427,29.059,2.1666,-2,100.75,89.231
31.637,28.859,2.0488,4.8,101.01,2.4587
31.848,29.339,1.9405,-2,101.27,91.285
32.039,29.139,1.8604,-2,101.54,105.16
32.226,28.939,1.7897,4.8,101.86,2.111
32.412,29.419,1.7545,-2,102.17,108.1
32.578,29.219,1.741,-2,102.49,125.21
32.744,29.019,1.7416,4.8,102.84,0.81146
32.914,29.499,1.7437,-2,103.19,128.11
33.086,29.299,1.769,-2,103.55,149.36
33.271,29.099,1.7494,-2,103.95,175.8
33.455,28.899,1.6736,4.8,104.39,0
33.618,29.379,1.5642,-2,104.82,183.23
33.776,29.179,1.4538,-2,105.25,219.87
33.921,28.979,1.3325,4.8,105.74,0
34.059,29.459,1.2258,-2,106.21,229.1
34.179,29.259,1.1486,-2,106.68,279.92
34.286,29.059,1.1022,-2,107.18,345.03
34.395,28.859,1.0794,4.8,107.72,0
34.494,29.339,1.0541,-2,108.24,335.66
34.593,29.139,1.0325,-2,108.77,418.69
34.692,28.939,1.0259,4.8,109.33,0
34.789,29.419,0.99848,-2,109.89,400.93
34.887,29.219,0.95722,-2,110.44,523.16
34.977,29.019,0.91689,4.8,111.02,0
35.075,29.499,0.88099,-2,111.6,511.49
35.162,29.299,0.82959,-2,112.18,715.5
35.246,29.099,0.76449,-2,112.78,1159.3
35.324,28.899,0.65986,4.8,113.41,0
35.393,29.379,0.50906,-2,114.03,1744.3
35.451,29.179,0.30801,-2,114.64,0
35.475,28.979,0.13341,4.8,115.28,0.62073
35.487,29.459,-0.017016,-2,115.9,0
35.491,29.259,-0.13061,-2,116.52,0
35.472,29.059,-0.16353,-2,117.16,0
35.457,28.859,-0.15885,4.8,117.8,2.7248
35.435,29.339,-0.17699,-2,118.44,0
35.414,29.139,-0.1613,-2,119.06,0
35.39,28.939,-0.13043,4.8,119.71,3.1676
35.367,29.419,-0.12912,-2,120.33,0
35.355,29.219,-0.13959,-2,120.93,0
35.338,29.019,-0.12387,4.8,121.56,3.7536
35.322,29.499,-0.1186,-2,122.16,0
35.301,29.299,-0.11776,-2,122.75,0
35.295,29.099,-0.10785,-2,123.37,0
35.286,28.899,-0.053542,4.8,124,2.7519
35.271,29.379,0.0036293,-2,124.63,0
35.269,29.179,0.0059596,-2,125.22,0
35.26,28.979,-0.067254,4.8,125.85,3.391
35.254,29.459,-0.21818,-2,126.45,0
35.238,29.259,-0.39491,-2,127.04,0
35.201,29.059,-0.55948,-2,127.65,0
35.151,28.859,-0.6521,4.8,128.27,9.9273
35.087,29.339,-0.71425,-2,128.87,0
35.017,29.139,-0.73896,-2,129.45,0
34.943,28.939,-0.73038,4.8,130.03,12.686
34.863,29.419,-0.6841,-2,130.6,0
34.788,29.219,-0.61794,-2,131.15,0
34.729,29.019,-0.46548,4.8,131.71,10.843
34.685,29.499,-0.23746,-2,132.25,12781
34.653,29.299,-0.01231,-2,132.77,2231.1
34.642,29.099,0.14101,-2,133.31,1974.8
34.662,28.899,0.24175,4.8,133.88,3.0241
34.687,29.379,0.30322,-2,134.44,729.94
34.717,29.179,0.33091,-2,134.98,1015.4
34.755,28.979,0.32897,4.8,135.54,2.2242
34.782,29.459,0.34052,-2,136.1,701.94
34.814,29.259,0.35648,-2,136.65,989.2
34.855,29.059,0.37018,-2,137.22,1616
34.892,28.859,0.36361,4.8,137.82,0.81895
34.923,29.339,0.37381,-2,138.41,1003.8
34.953,29.139,0.38735,-2,138.97,1591.5
34.99,28.939,0.41828,4.8,139.57,0.32714
35.035,29.419,0.44068,-2,140.16,921.52
35.088,29.219,0.48349,-2,140.73,1339.7
35.127,29.019,0.53463,4.8,141.32,0
35.189,29.499,0.6607,-2,141.92,720.25
35.257,29.299,0.89212,-2,142.49,739
35.338,29.099,1.0892,-2,143.11,800.6
35.444,28.899,1.2391,4.8,143.75,0
35.569,29.379,1.4001,-2,144.38,582.45
35.709,29.179,1.4571,-2,145.02,736.8
35.864,28.979,1.3858,4.8,145.69,0
35.997,29.459,1.3725,-2,146.35,802.24
36.142,29.259,1.3887,-2,147.03,1136.2
36.288,29.059,1.3714,-2,147.74,1959.4
36.426,28.859,1.3787,4.8,148.49,0
36.572,29.339,1.3923,-2,149.24,1877.7
36.706,29.139,1.3863,-2,149.97,4473.6
36.855,28.939,1.3803,4.8,150.74,0
37.002,29.419,1.3829,-2,151.51,4868.6
37.131,29.219,1.387,-2,152.29,0
37.26,29.019,1.3844,4.8,153.1,0
37.405,29.499,1.3788,-2,153.92,0
37.546,29.299,1.3864,-2,154.72,0
37.679,29.099,1.3853,-2,155.56,0
37.825,28.899,1.3797,4.8,156.44,0
37.958,29.379,1.3806,-2,157.31,0
38.09,29.179,1.3756,-2,158.18,0
38.222,28.979,1.3736,4.8,159.08,0
