21.667,21.667,0.30691,0,35.5,0
21.696,21.667,0.32298,0.0089578,35.505,0
21.731,21.668,0.3664,0.019338,35.512,0
21.767,21.669,0.40357,0.029402,35.517,0
21.798,21.672,0.44368,0.037949,35.529,0
21.85,21.676,0.46284,0.052574,35.538,0
21.896,21.681,0.44916,0.065104,35.554,0
21.936,21.688,0.44574,0.075223,35.58,0
21.983,21.696,0.42366,0.087173,35.611,0
22.016,21.704,0.41151,0.094638,35.651,0
22.062,21.714,0.4121,0.10575,35.686,0
22.098,21.724,0.43474,0.11328,35.716,0
22.147,21.736,0.43749,0.12472,35.762,0
22.197,21.748,0.43896,0.13607,35.804,0
22.241,21.762,0.43774,0.14544,35.85,0
22.288,21.776,0.45657,0.15542,35.897,0
22.326,21.792,0.47999,0.16218,35.956,0
22.383,21.808,0.50467,0.17451,36.009,0
22.441,21.825,0.51905,0.18685,36.062,0
22.491,21.844,0.49579,0.19627,36.134,0
22.538,21.864,0.50921,0.20478,36.198,0
22.593,21.884,0.53378,0.21516,36.269,0
22.639,21.906,0.52015,0.22263,36.336,0
22.7,21.928,0.51982,0.23434,36.409,0
22.759,21.951,0.53596,0.24522,36.48,0
22.817,21.976,0.47449,0.25547,36.563,0
22.86,22.002,0.43346,0.26085,36.643,0
22.894,22.028,0.43173,0.26322,36.727,0
22.933,22.054,0.4395,0.26713,36.818,0
22.986,22.081,0.46148,0.27516,36.907,0
23.022,22.108,0.43781,0.27779,36.993,0
23.074,22.136,0.34539,0.28502,37.075,0
23.104,22.164,0.18155,0.28542,37.175,0
23.126,22.193,-0.13613,0.28351,37.277,0
23.119,22.221,-0.44488,0.27293,37.359,0
23.071,22.249,-0.56916,0.24991,37.444,0.5389
23.005,22.274,-0.63121,0.22221,37.516,1.0108
22.944,22.296,-0.53469,0.19712,37.59,0.69836
22.888,22.316,-0.30268,0.17386,37.643,0
22.854,22.333,-0.14252,0.15825,37.707,0
22.831,22.349,-0.10524,0.14662,37.757,0
22.83,22.363,-0.035926,0.14184,37.81,0
22.83,22.378,-0.013947,0.13755,37.853,0
22.831,22.391,0.023571,0.13362,37.907,0
22.83,22.405,0.13723,0.12934,37.958,0
22.843,22.418,0.26249,0.12916,37.991,0
22.863,22.431,0.30675,0.13132,38.027,0
22.889,22.444,0.34164,0.13545,38.072,0
22.92,22.457,0.34571,0.14071,38.107,0
22.962,22.471,0.31462,0.14899,38.15,0
22.987,22.486,0.30198,0.15213,38.205,0
23.018,22.501,0.32532,0.15686,38.251,0
23.052,22.517,0.31472,0.16262,38.306,0
23.09,22.533,0.33787,0.16926,38.355,0
23.134,22.55,0.3628,0.17732,38.409,0
23.163,22.568,0.39525,0.1809,38.478,0
23.212,22.586,0.43753,0.19044,38.543,0
23.26,22.605,0.46624,0.19918,38.599,0
23.31,22.625,0.44643,0.20822,38.668,0
23.355,22.646,0.42119,0.21558,38.729,0
23.392,22.667,0.21572,0.22033,38.803,0
23.415,22.689,0.1708,0.22053,38.874,0
23.441,22.712,0.27337,0.22188,38.942,0
23.477,22.734,0.33657,0.22603,39.012,0
23.502,22.756,0.35673,0.22668,39.096,0
23.546,22.779,0.54282,0.23336,39.17,0
23.605,22.802,0.53922,0.24412,39.243,0
23.667,22.827,0.41437,0.25564,39.329,0
23.7,22.852,0.37588,0.2578,39.408,0
23.735,22.878,0.39304,0.26046,39.483,0
23.772,22.904,0.37712,0.26395,39.57,0
23.807,22.931,0.31307,0.26659,39.663,0
23.829,22.957,0.2399,0.26513,39.75,0
23.847,22.984,0.13168,0.2627,39.837,0
23.866,23.01,0.0019134,0.26038,39.924,0
23.861,23.036,-0.12207,0.25091,40.011,0
23.857,23.061,-0.16901,0.24217,40.101,0
23.849,23.085,-0.23443,0.23218,40.169,0
23.827,23.109,-0.22979,0.21844,40.25,0
23.8,23.13,-0.17199,0.2038,40.31,0
23.792,23.151,-0.084999,0.19496,40.374,0
23.792,23.17,-0.027793,0.18899,40.433,0
23.782,23.189,0.07095,0.18037,40.488,0
23.792,23.207,0.12932,0.17789,40.556,0
23.812,23.225,0.16158,0.17842,40.605,0
23.836,23.243,0.17762,0.18028,40.658,0
23.858,23.261,0.18443,0.18152,40.718,0
23.875,23.279,0.18183,0.18117,40.771,0
23.902,23.297,0.19193,0.18399,40.833,0
23.928,23.316,0.22003,0.18612,40.903,0
23.956,23.334,0.25114,0.18896,40.957,0
23.972,23.353,0.30687,0.18816,41.023,0
24.009,23.372,0.33334,0.19373,41.094,0
24.039,23.391,0.34666,0.19687,41.156,0
24.072,23.411,0.38208,0.20102,41.212,0
24.103,23.431,0.35761,0.20432,41.283,0
24.141,23.451,0.19575,0.20972,41.343,0
24.162,23.472,-0.058317,0.20948,41.404,0
24.164,23.493,-0.23943,0.2038,41.462,0
24.144,23.514,-0.39216,0.1914,41.533,0.14616
24.105,23.533,-0.43472,0.17384,41.601,0.40808
24.054,23.55,-0.33467,0.15302,41.659,0.15212
24.017,23.566,-0.10005,0.13718,41.713,0
24.012,23.579,0.078581,0.13148,41.755,0
24.027,23.592,0.19551,0.1321,41.797,0
24.042,23.606,0.24212,0.13265,41.835,0
24.057,23.619,0.25458,0.13308,41.87,0
24.075,23.632,0.26925,0.13461,41.918,0
24.095,23.646,0.30038,0.13666,41.964,0
24.118,23.659,0.36067,0.13931,42.009,0
24.164,23.673,0.41683,0.14908,42.065,0
24.203,23.688,0.46469,0.15638,42.111,0
24.251,23.704,0.51655,0.16616,42.156,0
24.306,23.72,0.54355,0.17796,42.219,0
24.361,23.738,0.51815,0.18919,42.285,0
24.406,23.757,0.51305,0.19709,42.357,0
24.464,23.777,0.54475,0.20898,42.415,0
24.515,23.798,0.53648,0.21785,42.476,0
24.57,23.82,0.49116,0.22792,42.552,0
24.627,23.842,0.46138,0.23857,42.632,0
24.678,23.866,0.45563,0.24659,42.714,0
24.731,23.891,0.44901,0.25542,42.793,0
24.777,23.916,0.46133,0.2615,42.869,0
24.817,23.943,0.49819,0.26565,42.957,0
24.863,23.969,0.51647,0.27147,43.047,0
24.906,23.996,0.49546,0.2763,43.134,0
24.965,24.024,0.47663,0.28576,43.225,0
25.018,24.052,0.46921,0.29331,43.311,0
25.058,24.082,0.49027,0.29662,43.407,0
25.113,24.111,0.50686,0.30429,43.512,0
25.164,24.142,0.54116,0.31038,43.619,0
25.21,24.173,0.51643,0.31491,43.73,0
25.255,24.204,0.48713,0.31905,43.827,0
25.295,24.236,0.41288,0.32146,43.934,0
25.341,24.268,0.38017,0.32591,44.047,0
25.389,24.301,0.33397,0.3304,44.15,0
25.413,24.334,0.33105,0.32756,44.265,0
25.45,24.367,0.35655,0.32891,44.37,0
25.488,24.4,0.40898,0.33039,44.481,0
25.521,24.433,0.40304,0.33049,44.586,0
25.557,24.466,0.40213,0.33134,44.692,0
25.59,24.499,0.39358,0.33125,44.8,0
25.621,24.532,0.35431,0.33056,44.902,0
25.655,24.565,0.2891,0.33072,45.016,0
25.674,24.598,0.25888,0.32653,45.118,0
25.692,24.631,0.25165,0.32193,45.221,0
25.716,24.663,0.26934,0.31937,45.327,0
25.737,24.695,0.29986,0.31609,45.432,0
25.772,24.727,0.30162,0.317,45.546,0
25.799,24.758,0.30098,0.31557,45.644,0
25.828,24.79,0.25254,0.31469,45.74,0
25.845,24.821,0.19227,0.31032,45.843,0
25.873,24.852,0.13844,0.30927,45.935,0
25.884,24.883,0.17066,0.30311,46.028,0
25.91,24.914,0.25159,0.30181,46.12,0
25.927,24.944,0.30993,0.29787,46.215,0
25.949,24.974,0.35619,0.29549,46.322,0
25.976,25.003,0.36779,0.29452,46.419,0
26.004,25.033,0.33884,0.29406,46.524,0
26.04,25.062,0.2356,0.29619,46.625,0
26.071,25.092,0.18961,0.29644,46.722,0
26.083,25.121,0.15548,0.2911,46.826,0
26.091,25.15,0.10314,0.28494,46.928,0
26.101,25.179,0.053541,0.27931,47.025,0
26.111,25.207,0.05248,0.27364,47.114,0
26.112,25.234,0.033621,0.26575,47.193,0
26.116,25.261,-0.0062675,0.25894,47.284,0
26.121,25.287,-0.019687,0.25256,47.373,0
26.128,25.312,-0.05432,0.24707,47.46,0
26.13,25.337,-0.069917,0.23997,47.55,0
26.131,25.361,-0.10987,0.23298,47.633,0
26.128,25.384,-0.17539,0.22516,47.703,0
26.101,25.406,-0.23095,0.21015,47.772,0
26.088,25.427,-0.22819,0.19966,47.836,0
26.07,25.447,-0.27096,0.18828,47.902,0
26.045,25.466,-0.3271,0.17509,47.963,0
26.021,25.484,-0.27222,0.16255,48.019,0
25.998,25.5,-0.18657,0.1507,48.075,0
25.988,25.515,-0.10576,0.14299,48.132,0
25.967,25.529,-0.031177,0.13243,48.174,0
25.957,25.543,0.077015,0.12517,48.212,0
25.958,25.555,0.084057,0.12167,48.249,0
25.96,25.567,0.073131,0.11851,48.283,0
25.974,25.579,0.03678,0.1193,48.328,0
25.983,25.591,0.0046826,0.11843,48.375,0
25.981,25.603,0.020327,0.11424,48.423,0
25.984,25.614,0.10264,0.11172,48.452,0
25.988,25.625,0.15966,0.10957,48.488,0
26.007,25.636,0.18891,0.11182,48.528,0
26.017,25.648,0.20831,0.11151,48.566,0
26.029,25.659,0.19808,0.11188,48.599,0
26.051,25.67,0.13687,0.11502,48.643,0
26.058,25.681,0.091632,0.11374,48.687,0
26.07,25.693,0.065684,0.11397,48.729,0
26.073,25.704,0.078077,0.11141,48.771,0
26.077,25.715,0.086454,0.1094,48.808,0
26.085,25.726,0.08431,0.10834,48.839,0
26.097,25.737,0.042142,0.10878,48.868,0
26.105,25.748,0.024305,0.10778,48.896,0
26.101,25.759,0.024511,0.1034,48.94,0
26.105,25.769,0.032356,0.10149,48.981,0
26.117,25.779,0.045493,0.102,49.023,0
26.119,25.789,0.081605,0.099642,49.06,0
26.135,25.799,0.13126,0.10121,49.093,0
26.148,25.81,0.15278,0.10221,49.124,0
26.156,25.82,0.13412,0.10144,49.161,0
26.171,25.83,0.134,0.10311,49.2,0
26.185,25.84,0.14168,0.10408,49.225,0
26.205,25.851,0.16003,0.107,49.258,0
26.222,25.861,0.17644,0.10883,49.294,0
26.249,25.872,0.18107,0.11372,49.327,0
26.275,25.884,0.18336,0.11825,49.365,0
26.292,25.895,0.18098,0.1196,49.414,0
26.302,25.907,0.13901,0.11927,49.454,0
26.317,25.919,0.13289,0.12012,49.489,0
26.325,25.931,0.184,0.11873,49.525,0
26.338,25.943,0.21555,0.11904,49.564,0
26.353,25.955,0.21956,0.12014,49.607,0
26.369,25.967,0.19484,0.12139,49.642,0
26.388,25.979,0.16321,0.12339,49.674,0
26.398,25.992,0.11513,0.12256,49.72,0
26.413,26.004,0.11002,0.12349,49.76,0
26.428,26.016,0.10787,0.12434,49.796,0
26.446,26.029,0.1248,0.12585,49.842,0
26.458,26.041,0.10764,0.12566,49.876,0
26.471,26.054,0.07467,0.12591,49.91,0
26.489,26.066,0.020157,0.12734,49.951,0
26.484,26.079,-0.015458,0.12194,49.997,0
26.474,26.091,-0.074271,0.11537,50.04,0
26.464,26.103,-0.13994,0.10885,50.086,0
26.456,26.114,-0.17807,0.10315,50.126,0
26.444,26.124,-0.20958,0.096479,50.158,0.046564
26.428,26.134,-0.23793,0.088795,50.182,0.17154
26.402,26.143,-0.21864,0.078244,50.205,0.16818
26.376,26.15,-0.18113,0.067899,50.22,0.11204
26.35,26.157,-0.19874,0.058114,50.245,0.21387
26.331,26.163,-0.24094,0.050561,50.265,0.3846
26.315,26.168,-0.2432,0.044288,50.274,0.42563
26.298,26.172,-0.24491,0.037681,50.285,0.46689
26.278,26.176,-0.2702,0.030645,50.297,0.59068
26.254,26.179,-0.25763,0.022601,50.312,0.59168
26.233,26.182,-0.22041,0.015511,50.317,0.50655
26.206,26.183,-0.23725,0.0068151,50.315,0.60891
26.18,26.184,-0.2725,-0.00035014,50.323,0.77888
26.16,26.184,-0.31465,-0.0019239,50.322,0.9838
26.136,26.184,-0.34195,-0.0038627,50.319,1.1535
26.096,26.183,-0.37576,-0.0071795,50.32,1.4046
26.066,26.182,-0.36638,-0.009583,50.314,1.4434
26.025,26.182,-0.34061,-0.012816,50.298,1.4383
25.992,26.18,-0.30499,-0.015474,50.287,1.3742
25.958,26.179,-0.26353,-0.01813,50.264,1.2899
25.937,26.177,-0.21488,-0.019747,50.243,1.1518
25.91,26.175,-0.21039,-0.021796,50.215,1.1969
25.885,26.173,-0.23551,-0.023678,50.196,1.3516
25.856,26.17,-0.25141,-0.025936,50.172,1.4864
25.839,26.168,-0.29096,-0.027098,50.142,1.6906
25.815,26.165,-0.31864,-0.028915,50.114,1.874
25.786,26.162,-0.32046,-0.031114,50.073,1.9556
25.752,26.159,-0.32932,-0.033674,50.032,2.0832
25.721,26.156,-0.33351,-0.035965,49.991,2.1809
25.696,26.152,-0.32409,-0.037811,49.94,2.1973
25.671,26.148,-0.30608,-0.039642,49.897,2.1724
25.64,26.144,-0.3029,-0.041909,49.851,2.2329
25.604,26.14,-0.29843,-0.044672,49.794,2.3037
25.574,26.136,-0.23678,-0.046903,49.743,2.0891
25.552,26.131,-0.21073,-0.048377,49.681,2.0184
25.533,26.126,-0.15651,-0.049624,49.632,1.8254
25.519,26.121,-0.10243,-0.050461,49.578,1.6337
25.502,26.116,-0.10264,-0.051556,49.511,1.6641
25.493,26.111,-0.25501,-0.052027,49.442,2.3276
25.474,26.106,-0.42655,-0.053289,49.383,3.2693
25.437,26.1,-0.62636,-0.056037,49.327,4.6708
25.367,26.095,-0.77603,-0.061577,49.261,6.0785
25.289,26.089,-0.85885,-0.067876,49.178,7.098
25.198,26.082,-0.79114,-0.075249,49.087,6.8288
25.11,26.074,-0.63235,-0.082277,48.998,5.8169
25.055,26.066,-0.53467,-0.086518,48.893,5.2511
25.002,26.058,-0.46224,-0.090623,48.796,4.8991
24.964,26.048,-0.35143,-0.093413,48.689,4.2749
24.929,26.039,-0.24913,-0.09594,48.585,3.7533
24.908,26.03,-0.20013,-0.097278,48.463,3.5179
24.895,26.02,-0.11642,-0.097853,48.357,3.0979
24.884,26.01,-0.039297,-0.098289,48.254,2.7412
24.886,26,0.02754,-0.097567,48.146,2.4228
24.881,25.99,0.011505,-0.097513,48.026,2.475
24.885,25.981,-0.047078,-0.096642,47.912,2.6884
24.883,25.971,-0.065763,-0.096284,47.804,2.7497
24.873,25.961,-0.035807,-0.096667,47.686,2.616
24.866,25.952,-0.014037,-0.09673,47.577,2.5132
24.858,25.942,0.059613,-0.096959,47.469,2.2113
24.867,25.932,0.18521,-0.095585,47.354,1.7219
24.876,25.923,0.17327,-0.094231,47.247,1.7168
24.885,25.913,0.02263,-0.092829,47.146,2.2085
24.898,25.904,-0.16826,-0.091206,47.035,2.9937
24.879,25.895,-0.31017,-0.092376,46.942,3.7814
24.845,25.886,-0.40057,-0.09491,46.836,4.4075
24.801,25.876,-0.41556,-0.098398,46.724,4.6173
24.756,25.866,-0.38763,-0.10203,46.609,4.5531
24.711,25.856,-0.34597,-0.10555,46.502,4.4013
24.672,25.846,-0.3414,-0.10853,46.392,4.4632
24.637,25.835,-0.40068,-0.11118,46.283,4.925
24.588,25.824,-0.41792,-0.11513,46.167,5.1684
24.538,25.812,-0.41727,-0.11918,46.033,5.2916
24.492,25.8,-0.41308,-0.12294,45.899,5.3784
24.458,25.788,-0.43463,-0.12549,45.774,5.6025
24.415,25.775,-0.43292,-0.1288,45.649,5.6913
24.373,25.762,-0.43234,-0.13221,45.501,5.7863
24.34,25.749,-0.41782,-0.13471,45.367,5.7495
24.302,25.736,-0.38489,-0.13763,45.228,5.5974
24.269,25.722,-0.35852,-0.14008,45.09,5.4771
24.238,25.708,-0.34772,-0.14236,44.953,5.4582
24.209,25.694,-0.34019,-0.14449,44.801,5.4523
24.166,25.679,-0.32159,-0.14797,44.659,5.4202
24.128,25.665,-0.32034,-0.15106,44.505,5.4871
24.09,25.649,-0.35354,-0.1541,44.352,5.7879
24.046,25.634,-0.38782,-0.15771,44.198,6.1246
24,25.618,-0.36399,-0.16159,44.03,6.0524
23.973,25.602,-0.33185,-0.16352,43.869,5.8576
23.946,25.586,-0.31244,-0.16547,43.712,5.7559
23.909,25.569,-0.25049,-0.16851,43.548,5.4077
23.89,25.552,-0.18078,-0.16963,43.381,4.9698
23.868,25.535,-0.20761,-0.17116,43.215,5.1478
23.854,25.518,-0.27794,-0.17178,43.05,5.5846
23.826,25.501,-0.31855,-0.17381,42.888,5.8888
23.8,25.484,-0.31979,-0.17565,42.725,5.9197
23.776,25.466,-0.31447,-0.17737,42.555,5.8991
23.745,25.448,-0.26202,-0.17989,42.382,5.5847
23.718,25.43,-0.17107,-0.18194,42.205,5.0307
23.697,25.412,-0.08334,-0.18339,42.028,4.5229
23.697,25.394,-0.051609,-0.18241,41.863,4.2879
23.696,25.376,-0.018996,-0.18155,41.702,4.0606
23.69,25.357,0.032974,-0.18127,41.537,3.7607
23.685,25.339,0.12395,-0.18091,41.38,3.3027
23.706,25.321,0.23245,-0.17762,41.219,2.758
23.738,25.304,0.39429,-0.17314,41.053,2.0984
23.786,25.286,0.5587,-0.16688,40.891,1.5509
23.849,25.27,0.6915,-0.15885,40.742,1.1759
23.915,25.254,0.77278,-0.15034,40.612,0.95265
23.989,25.239,0.78297,-0.1411,40.479,0.82307
24.067,25.224,0.77629,-0.13125,40.364,0.70903
24.149,25.211,0.77736,-0.12081,40.262,0.5897
24.23,25.199,0.77657,-0.11071,40.151,0.48138
24.308,25.188,0.80734,-0.10078,40.067,0.37522
24.393,25.178,0.86558,-0.090247,39.973,0.28631
24.483,25.169,0.87154,-0.079063,39.899,0.20567
24.573,25.161,0.85363,-0.067978,39.834,0.12305
24.665,25.154,0.82427,-0.056662,39.77,0.035558
24.744,25.149,0.76566,-0.046987,39.716,0
24.812,25.144,0.71519,-0.038576,39.686,0
24.889,25.14,0.70009,-0.029161,39.666,0
24.968,25.137,0.70311,-0.019715,39.649,0
25.047,25.135,0.7107,-0.010302,39.637,0
25.117,25.134,0.70619,-0.0020556,39.623,0
25.191,25.134,0.70254,0.014831,39.618,0
25.262,25.136,0.68653,0.033091,39.623,0
25.324,25.139,0.6599,0.048345,39.63,0
25.385,25.144,0.64367,0.06292,39.66,0
25.449,25.15,0.60414,0.077894,39.688,0
25.501,25.158,0.57853,0.08962,39.729,0
25.565,25.167,0.5861,0.10394,39.767,0
25.627,25.177,0.59389,0.11736,39.818,0
25.685,25.189,0.59585,0.12945,39.86,0
25.735,25.202,0.63168,0.13917,39.905,0
25.788,25.216,0.65352,0.1496,39.953,0
25.851,25.231,0.65804,0.1621,40.012,0
25.911,25.247,0.66066,0.17352,40.075,0
25.972,25.264,0.64493,0.18509,40.145,0
26.034,25.283,0.60839,0.19656,40.212,0
26.095,25.302,0.58217,0.20724,40.281,0
26.15,25.323,0.54485,0.21639,40.37,0
26.197,25.345,0.50841,0.22329,40.457,0
26.24,25.367,0.48577,0.22879,40.538,0
26.28,25.39,0.50516,0.23323,40.626,0
26.326,25.413,0.51385,0.23928,40.712,0
26.372,25.437,0.51257,0.24518,40.802,0
26.431,25.462,0.5134,0.25431,40.897,0
26.476,25.487,0.5113,0.25959,40.991,0
26.518,25.513,0.46708,0.26389,41.098,0
26.559,25.54,0.45178,0.26793,41.206,0
26.597,25.566,0.42512,0.27103,41.303,0
26.635,25.593,0.36203,0.27398,41.404,0
26.675,25.621,0.32705,0.2775,41.518,0
26.702,25.649,0.33361,0.27727,41.616,0
26.737,25.676,0.30658,0.27934,41.717,0
26.768,25.704,0.29597,0.28015,41.817,0
26.79,25.732,0.32425,0.27893,41.923,0
26.826,25.76,0.30944,0.28103,42.03,0
26.857,25.788,0.26599,0.28187,42.14,0
26.885,25.816,0.28551,0.28209,42.246,0
26.917,25.845,0.27934,0.28304,42.349,0
26.951,25.873,0.24905,0.28482,42.45,0
26.985,25.901,0.26581,0.28629,42.562,0
27.004,25.93,0.30112,0.28391,42.675,0
27.037,25.958,0.26506,0.28517,42.78,0
27.054,25.987,0.2617,0.28239,42.894,0
27.077,26.015,0.31163,0.28099,43.003,0
27.115,26.043,0.3409,0.28387,43.105,0
27.149,26.072,0.35978,0.28531,43.208,0
27.175,26.1,0.38201,0.28492,43.324,0
27.212,26.129,0.38076,0.28727,43.433,0
27.242,26.157,0.34876,0.28755,43.532,0
27.276,26.186,0.31168,0.28928,43.644,0
27.307,26.215,0.28254,0.28977,43.745,0
27.336,26.244,0.27658,0.28995,43.854,0
27.365,26.273,0.2882,0.29013,43.969,0
27.386,26.302,0.29687,0.28788,44.079,0
27.407,26.331,0.28559,0.28598,44.18,0
27.435,26.359,0.25802,0.28588,44.282,0
27.461,26.388,0.26006,0.28525,44.391,0
27.491,26.417,0.27408,0.2858,44.497,0
27.518,26.445,0.28872,0.28551,44.601,0
27.538,26.474,0.31501,0.28337,44.708,0
27.579,26.502,0.34087,0.28672,44.823,0
27.607,26.531,0.32153,0.28681,44.935,0
27.631,26.559,0.29541,0.28554,45.049,0
27.661,26.588,0.26294,0.28617,45.157,0
27.696,26.617,0.25342,0.28789,45.257,0
27.716,26.645,0.26392,0.28564,45.356,0
27.743,26.674,0.31992,0.28522,45.469,0
27.784,26.702,0.35524,0.28859,45.566,0
27.823,26.731,0.43962,0.29138,45.68,0
27.869,26.76,0.2798,0.29618,45.791,0
27.894,26.79,0.18865,0.29488,45.903,0
27.904,26.82,0.029167,0.28974,46.011,0
27.902,26.849,-0.31647,0.28162,46.109,0
27.87,26.877,-0.61314,0.26538,46.208,0.26995
27.807,26.903,-0.54974,0.24161,46.293,0.16654
27.744,26.927,-0.77045,0.21831,46.373,1.4555
27.667,26.949,-1.2419,0.19199,46.454,5.4302
27.545,26.968,-1.3422,0.15406,46.516,6.9198
27.409,26.984,-1.5743,0.11363,46.561,10.356
27.244,26.995,-2.0356,0.066368,46.591,19.104
27.03,27.002,-2.3179,0.0076124,46.602,26.762
26.807,27.003,-2.3376,-0.018792,46.6,28.651
26.571,27.001,-2.4515,-0.041408,46.56,33.457
26.335,26.997,-2.6453,-0.063892,46.501,41.309
26.074,26.99,-2.8832,-0.088694,46.413,52.099
25.794,26.981,-3.1804,-0.11533,46.313,67.598
25.482,26.97,-3.2298,-0.14523,46.172,71.929
25.151,26.955,-3.0609,-0.17703,46.001,65.51
24.847,26.938,-2.7941,-0.20647,45.808,56.04
24.563,26.917,-2.0598,-0.2341,45.588,34.834
24.362,26.894,-1.1136,-0.25376,45.352,17.807
24.249,26.868,-0.56208,-0.26477,45.092,11.57
24.186,26.842,-0.41413,-0.27065,44.834,10.286
24.137,26.815,-0.19353,-0.27537,44.558,8.4983
24.119,26.787,-0.1456,-0.27696,44.287,8.0871
24.112,26.759,-0.15776,-0.27727,44.016,8.0875
24.103,26.732,-0.026811,-0.27757,43.762,7.078
24.092,26.704,0.20026,-0.27837,43.493,5.6301
24.112,26.676,0.39401,-0.27564,43.231,4.5167
24.158,26.648,0.44534,-0.27007,42.981,4.0963
24.197,26.621,0.44368,-0.26515,42.734,3.9278
24.238,26.595,0.47629,-0.25977,42.5,3.6247
24.288,26.569,0.52967,-0.25346,42.264,3.2456
24.333,26.544,0.56376,-0.24752,42.042,2.9682
24.391,26.519,0.59742,-0.24008,41.826,2.6825
24.443,26.495,0.61801,-0.23311,41.624,2.4625
24.496,26.472,0.62334,-0.226,41.425,2.2912
24.566,26.449,0.61679,-0.21686,41.24,2.1237
24.629,26.427,0.61232,-0.20834,41.062,1.968
24.689,26.406,0.55282,-0.20026,40.877,1.952
24.74,26.386,0.52794,-0.19317,40.717,1.8747
24.8,26.367,0.51277,-0.18489,40.553,1.7558
24.855,26.349,0.4827,-0.17708,40.41,1.6846
24.9,26.331,0.48018,-0.17049,40.271,1.57
24.955,26.314,0.49122,-0.16272,40.134,1.4113
25,26.298,0.45913,-0.1561,40.007,1.3677
25.052,26.282,0.40384,-0.14874,39.873,1.3658
25.099,26.267,0.38614,-0.14182,39.748,1.2882
25.13,26.253,0.37626,-0.13695,39.637,1.2264
25.173,26.239,0.42102,-0.13049,39.536,1.0289
25.225,26.226,0.47251,-0.12311,39.422,0.82669
25.278,26.214,0.507,-0.11548,39.316,0.6705
25.325,26.202,0.48671,-0.10864,39.22,0.6089
25.38,26.191,0.44906,-0.10077,39.135,0.56023
25.432,26.181,0.38998,-0.093357,39.051,0.55136
25.472,26.172,0.32916,-0.08745,38.988,0.57275
25.509,26.163,0.30439,-0.081899,38.916,0.53926
25.533,26.155,0.3468,-0.078128,38.859,0.41682
25.566,26.147,0.40373,-0.073143,38.801,0.27474
25.603,26.14,0.46021,-0.067665,38.746,0.15089
25.642,26.133,0.51338,-0.062,38.696,0.050586
25.683,26.127,0.55193,-0.056094,38.65,0
25.742,26.121,0.55085,-0.048094,38.604,0
25.792,26.117,0.50688,-0.041199,38.562,0
25.837,26.112,0.45014,-0.034998,38.536,0
25.882,26.109,0.39721,-0.028834,38.518,0
25.915,26.106,0.35596,-0.024249,38.499,0
25.941,26.104,0.32856,-0.020634,38.489,0
25.973,26.102,0.29217,-0.016361,38.47,0
26.006,26.1,0.25853,-0.011988,38.45,0
26.033,26.099,0.22149,-0.0083458,38.436,0
26.054,26.098,0.16311,-0.0055785,38.425,0
26.067,26.097,0.12653,-0.0038265,38.421,0
26.084,26.097,0.11224,-0.0016921,38.411,0
26.09,26.097,0.10709,-0.00087571,38.409,0
26.106,26.097,0.12097,0.0021605,38.401,0
26.125,26.097,0.1334,0.0067788,38.396,0
26.133,26.098,0.093757,0.0084641,38.405,0
26.143,26.098,0.078587,0.010517,38.414,0
26.155,26.1,0.055558,0.013196,38.413,0
26.164,26.101,0.023276,0.015141,38.427,0
26.165,26.102,0.011569,0.014947,38.434,0
26.158,26.104,0.029663,0.012835,38.437,0
26.166,26.105,0.026646,0.014515,38.437,0
26.175,26.107,0.045111,0.016411,38.452,0
26.173,26.108,0.019645,0.015423,38.451,0
26.179,26.11,0.0063291,0.016438,38.455,0
26.185,26.111,0.028205,0.017638,38.461,0
26.185,26.113,0.034846,0.017231,38.472,0
26.198,26.115,0.037938,0.019889,38.473,0
26.192,26.117,0.064035,0.017988,38.49,0
26.199,26.119,0.1117,0.019218,38.489,0
26.219,26.121,0.14094,0.023456,38.502,0
26.242,26.123,0.17808,0.028271,38.513,0
26.252,26.126,0.16877,0.030146,38.518,0
26.268,26.129,0.19255,0.03308,38.525,0
26.292,26.132,0.18883,0.038177,38.531,0
26.318,26.136,0.18121,0.043395,38.541,0
26.345,26.14,0.19319,0.048904,38.555,0
26.359,26.145,0.23318,0.050909,38.579,0
26.376,26.15,0.25319,0.053885,38.608,0
26.408,26.156,0.24099,0.060126,38.623,0
26.43,26.162,0.24123,0.064032,38.65,0
26.458,26.168,0.22116,0.069114,38.674,0
26.474,26.175,0.21431,0.071381,38.694,0
26.498,26.182,0.18502,0.075387,38.716,0
26.507,26.19,0.18917,0.075795,38.752,0
26.522,26.197,0.17766,0.07745,38.789,0
26.539,26.205,0.17252,0.079667,38.822,0
26.559,26.213,0.15901,0.082648,38.861,0
26.58,26.221,0.17764,0.085686,38.898,0
26.591,26.23,0.16894,0.086446,38.943,0
26.614,26.238,0.13029,0.089927,38.984,0
26.635,26.247,0.11148,0.092727,39.025,0
26.639,26.257,0.10831,0.091486,39.063,0
26.649,26.266,0.10071,0.091623,39.092,0
26.658,26.275,0.10834,0.091796,39.131,0
26.673,26.284,0.13685,0.093208,39.176,0
26.685,26.293,0.14059,0.093758,39.223,0
26.701,26.303,0.15755,0.09547,39.267,0
26.714,26.312,0.2151,0.096328,39.298,0
26.733,26.322,0.28111,0.098623,39.344,0
26.756,26.332,0.33922,0.10186,39.387,0
26.797,26.342,0.43487,0.10906,39.425,0
26.841,26.353,0.51059,0.11722,39.465,0
26.891,26.365,0.51389,0.12647,39.507,0
26.945,26.377,0.4968,0.13642,39.559,0
26.994,26.391,0.51976,0.14495,39.621,0
27.038,26.405,0.51527,0.15212,39.678,0
27.098,26.421,0.48119,0.1628,39.743,0
27.139,26.437,0.56823,0.16878,39.803,0
27.199,26.454,0.45996,0.17925,39.873,0
