0,0,1.0829,0,35.5,0
0,0,0,7.8,35.5,59.103
0,0.78,0,7.8,35.461,63.94
0,1.56,0,7.8,35.344,68.834
0,2.34,0,7.8,35.149,73.779
0,3.12,0,7.8,34.876,78.774
0.56524,3.9,0.77717,7.8,34.704,81.957
0.56524,4.68,0,7.8,34.332,103.66
0.72811,5.46,0.74993,7.8,33.901,92.154
0.72811,6.24,0,6.7,33.389,99.771
0.72811,6.91,0,6.7,32.804,104.61
0.72811,7.58,0,6.7,32.152,109.47
0.72811,8.25,0,6.7,31.434,114.35
1.099,8.92,0.66128,-0.45224,30.736,23.789
1.1562,8.8748,0.64047,-0.46307,29.957,23.392
1.2279,8.8285,0.62787,-0.47324,29.191,22.836
1.2961,8.7811,0.67487,-0.4839,28.433,21.691
1.2961,8.7328,0,-0.49461,27.687,29.078
1.2961,8.6833,0,-0.50532,26.946,28.69
1.2961,8.6328,0,-0.5156,26.209,28.301
1.6034,8.5812,1.0514,-0.5256,25.53,15.704
1.6034,8.5286,0,-0.53361,24.834,25.801
1.6034,8.4753,0,-0.54151,24.145,25.429
1.6034,8.4211,0,-0.54918,23.46,25.057
1.6034,8.3662,0,-0.55568,22.781,24.692
1.6034,8.3106,0,-0.56118,22.108,24.334
1.6034,8.2545,0,-0.56542,21.44,23.987
1.6034,8.198,0,-0.56964,20.777,23.638
1.6034,8.141,0,-0.57298,20.121,23.296
1.6034,8.0837,0,-0.57527,19.47,22.964
1.6034,8.0262,0,-0.57652,18.825,22.641
2.9474,7.9685,1.5864,-0.57402,18.888,5.8804
2.9474,7.9111,0,-0.56848,18.388,15.193
2.9474,7.8543,0,-0.55876,17.895,14.994
2.9474,7.7984,0,-0.54602,17.407,14.823
2.9474,7.7438,0,-0.52896,16.925,14.692
3.9208,7.6909,2.3008,-0.50875,16.69,3.2507
3.9208,7.64,0,-0.4834,16.315,10.09
3.9208,7.5917,0,-0.45478,15.946,10.074
3.9208,7.5462,0,-0.42086,15.581,10.107
3.9208,7.5041,0,-0.38178,15.221,10.191
5.2534,7.466,3.0149,-0.33863,15.166,5.3457
5.5605,7.4321,3.131,-0.29168,14.956,6.2469
5.5605,7.4029,0,-0.24143,14.77,4.225
6.1943,7.3788,3.1151,-0.18962,14.645,7.1878
6.1943,7.3598,0,-0.13735,14.528,2.5298
6.1943,7.3461,0,-0.084863,14.412,2.7032
7.1369,7.3376,2.9855,-0.032737,14.426,8.2902
7.1369,7.3343,0,0.082693,14.406,0.65614
7.1369,7.3426,0,0.3162,14.386,1.4875
7.1369,7.3742,0,0.51586,14.363,2.4566
8.2755,7.4258,2.7685,0.69638,14.564,4.1485
8.2755,7.4954,0,0.85023,14.645,0.69292
8.2755,7.5805,0,0.98459,14.719,1.5675
8.2755,7.6789,0,1.1082,14.783,2.5396
8.2755,7.7897,0,1.2084,14.837,3.515
8.2755,7.9106,0,1.2879,14.88,4.471
8.2755,8.0394,0,1.3623,14.91,5.4781
10.103,8.1756,2.713,1.4298,15.594,1.3605
10.103,8.3186,0,1.5047,15.78,0.39632
10.103,8.4691,0,1.5605,15.951,1.1926
10.103,8.6251,0,1.602,16.106,1.9835
11.129,8.7853,2.1101,1.6179,16.464,0
11.338,8.9471,1.9392,1.6215,16.698,0
11.338,9.1093,0,1.6206,16.929,0
11.725,9.2713,1.7201,1.6077,17.176,0
11.725,9.4321,0,1.596,17.413,0
11.725,9.5917,0,1.5686,17.634,0
12.219,9.7485,1.5291,1.5461,17.92,0
12.368,9.9032,1.509,1.5201,18.161,0
12.526,10.055,1.485,1.5038,18.41,0
12.683,10.206,1.4896,1.4884,18.653,0
12.823,10.354,1.4766,1.4644,18.895,0
12.961,10.501,1.3228,1.4424,19.147,0
12.961,10.645,0,1.4159,19.386,0
12.961,10.787,0,1.3955,19.61,0
12.961,10.926,0,1.3677,19.821,0
13.443,11.063,0.94639,1.337,20.127,0
13.443,11.197,0,1.3054,20.359,0
13.632,11.327,0.71271,1.2703,20.591,0
13.698,11.454,0.60714,1.2259,20.828,0
13.757,11.577,0.54095,1.1812,21.047,0
13.757,11.695,0,1.1408,21.259,0
13.876,11.809,0.45492,1.1028,21.466,0
13.876,11.919,0,1.0593,21.667,0
13.876,12.025,0,1.0246,21.858,0
13.876,12.128,0,0.98429,22.038,0
13.876,12.226,0,0.9469,22.208,0
14.078,12.321,0.34956,0.90803,22.432,0
14.078,12.412,0,0.87804,22.603,0
14.151,12.499,0.39108,0.84505,22.785,0
14.184,12.584,0.42814,0.81423,22.94,0
14.184,12.665,0,0.78646,23.096,0
14.184,12.744,0,0.75958,23.244,0
14.184,12.82,0,0.72807,23.384,0
14.279,12.893,-0.044536,0.69369,23.546,0
14.279,12.962,0,0.65664,23.682,0
14.268,13.028,-0.24861,0.61606,23.823,0
14.238,13.089,-0.29168,0.56861,23.943,0
14.207,13.146,-0.19283,0.52359,24.058,0
14.207,13.199,0,0.48458,24.161,0
14.169,13.247,-0.25354,0.45273,24.262,0
14.136,13.292,-0.36838,0.41314,24.353,0.28037
14.136,13.334,0,0.37064,24.435,0
14.136,13.371,0,0.33586,24.513,0
14.006,13.404,-0.59579,0.29262,24.556,1.6238
13.942,13.434,-0.50959,0.24718,24.619,1.2593
13.942,13.458,0,0.21069,24.669,0
13.942,13.479,0,0.17937,24.716,0
13.942,13.497,0,0.15126,24.762,0
13.942,13.512,0,0.11499,24.806,0
13.689,13.524,-0.61353,0.07984,24.79,2.1716
13.628,13.532,-0.48561,0.046409,24.806,1.5658
13.57,13.537,-0.50115,0.016076,24.816,1.708
13.528,13.538,-0.6368,-0.0012731,24.807,2.5092
13.528,13.538,0,-0.010475,24.806,0
13.37,13.537,-0.89637,-0.02166,24.786,4.8475
13.37,13.535,0,-0.0335,24.769,0.27384
13.37,13.531,0,-0.050036,24.753,0.22879
12.996,13.526,-1.6247,-0.068993,24.7,15.122
12.996,13.52,0,-0.090016,24.648,0.95099
12.659,13.511,-1.9548,-0.1116,24.565,22.993
12.456,13.499,-2.0954,-0.13747,24.475,27.237
12.253,13.486,-2.2143,-0.1634,24.368,31.283
12.253,13.469,0,-0.19222,24.246,2.4636
12.253,13.45,0,-0.22273,24.125,2.2918
12.253,13.428,0,-0.25206,24.006,2.1223
11.386,13.403,-1.9602,-0.27793,23.703,29.406
11.386,13.375,0,-0.30587,23.503,4.4096
11.386,13.344,0,-0.33422,23.306,4.1714
11.386,13.311,0,-0.36271,23.111,3.9298
11.386,13.275,0,-0.392,22.921,3.6829
11.386,13.235,0,-0.42606,22.734,3.4151
11.386,13.193,0,-0.46215,22.551,3.1399
9.9033,13.147,-2.2466,-0.50007,21.865,42.939
9.9033,13.097,0,-0.53892,21.543,7.5638
9.9033,13.043,0,-0.5769,21.227,7.1322
9.2543,12.985,-1.7165,-0.61559,20.815,32.125
9.2543,12.923,0,-0.65117,20.445,8.7847
9.2543,12.858,0,-0.68508,20.082,8.3116
9.2543,12.79,0,-0.72399,19.725,7.8075
8.5723,12.717,-1.9053,-0.76286,19.219,37.455
8.3856,12.641,-2.1271,-0.80655,18.805,43.254
8.3856,12.56,0,-0.85774,18.384,9.5568
7.9692,12.475,-1.9749,-0.90965,17.942,39.877
7.9692,12.384,0,-0.96396,17.496,9.871
7.9692,12.287,0,-1.0187,17.06,9.1336
7.9692,12.185,0,-1.0649,16.633,8.4534
7.9692,12.079,0,-1.106,16.217,7.8102
7.9692,11.968,0,-1.1461,15.811,7.1833
7.1845,11.854,-0.44111,-1.1823,15.128,13.147
7.1488,11.735,-0.041672,-1.2096,14.663,9.3285
7.1532,11.615,0.46515,-1.2266,14.201,6.0536
7.207,11.492,0.98286,-1.2264,13.763,4.1682
7.207,11.369,0,-1.2095,13.34,7.4367
7.207,11.248,0,-1.1741,12.93,7.1873
7.207,11.131,0,-1.1296,12.532,6.9995
7.207,11.018,0,-1.0763,12.145,6.8744
7.207,10.91,0,-1.0134,11.769,6.8188
8.1154,10.809,1.7928,-0.9497,11.652,3.4965
8.1154,10.714,0,-0.8782,11.387,3.8346
8.4716,10.626,1.805,-0.79948,11.171,3.4347
8.4716,10.546,0,-0.71729,10.96,2.9517
8.8286,10.474,1.83,-0.63677,10.79,3.3958
8.8286,10.411,0,-0.5481,10.629,2.2122
9.2073,10.356,1.8872,-0.45857,10.508,3.4373
9.3866,10.31,1.865,-0.37327,10.4,3.2577
9.5639,10.273,1.8345,-0.28885,10.325,3.0324
9.7413,10.244,1.7844,-0.20589,10.272,2.7247
9.7413,10.223,0,-0.12194,10.223,0.76342
9.7413,10.211,0,-0.04956,10.175,0.93728
9.7413,10.206,0,0.018219,10.128,1.135
10.433,10.208,1.6025,0.079045,10.201,1.6687
10.433,10.216,0,0.13127,10.223,0
10.433,10.229,0,0.18372,10.244,0
10.433,10.247,0,0.23546,10.264,0.165
10.433,10.271,0,0.28429,10.281,0.36619
11.234,10.299,1.5676,0.33171,10.507,1.3256
11.393,10.333,1.593,0.37786,10.616,1.3905
11.393,10.37,0,0.4197,10.72,0
11.707,10.412,1.7369,0.46454,10.859,1.9532
11.707,10.459,0,0.51528,10.986,0
12.067,10.51,1.8235,0.5632,11.148,2.302
12.067,10.567,0,0.60988,11.301,0
12.067,10.628,0,0.65462,11.448,0
12.067,10.693,0,0.70177,11.589,0
12.067,10.763,0,0.74366,11.723,0
12.977,10.838,1.8264,0.79021,12.092,2.1489
12.977,10.917,0,0.83053,12.302,0
12.977,11,0,0.87053,12.504,0
13.522,11.087,1.785,0.91078,12.793,1.8192
13.707,11.178,1.7693,0.94876,13.034,1.7039
13.893,11.273,1.7657,0.98559,13.285,1.6503
14.063,11.371,1.775,1.0153,13.548,1.6647
14.063,11.473,0,1.0462,13.812,0
14.063,11.577,0,1.0728,14.066,0
14.063,11.685,0,1.1045,14.309,0
14.063,11.795,0,1.1319,14.541,0
14.063,11.908,0,1.1553,14.762,0
15.116,12.024,1.7307,1.18,15.243,1.2648
15.116,12.142,0,1.2067,15.546,0
15.116,12.263,0,1.2261,15.837,0
15.64,12.385,1.7083,1.2478,16.195,1.0742
15.81,12.51,1.6795,1.2669,16.529,0.90134
15.981,12.637,1.6809,1.2857,16.869,0.88627
15.981,12.765,0,1.2986,17.197,0
15.981,12.895,0,1.3167,17.512,0
15.981,13.027,0,1.3327,17.814,0
15.981,13.16,0,1.3473,18.103,0
16.826,13.295,1.6008,1.3595,18.585,0.41855
16.826,13.431,0,1.3651,18.931,0
16.826,13.567,0,1.371,19.264,0
16.826,13.704,0,1.3753,19.583,0
16.826,13.842,0,1.3777,19.888,0
16.826,13.98,0,1.3854,20.18,0
17.744,14.118,1.507,1.3907,20.712,0
17.889,14.257,1.4346,1.3919,21.083,0
18.035,14.396,1.3773,1.3932,21.446,0
18.176,14.536,1.4268,1.3917,21.804,0
18.176,14.675,0,1.388,22.161,0
18.176,14.814,0,1.3851,22.504,0
18.176,14.952,0,1.3822,22.833,0
18.176,15.09,0,1.3806,23.149,0
18.176,15.228,0,1.3821,23.45,0
18.176,15.367,0,1.3823,23.738,0
18.176,15.505,0,1.3788,24.012,0
18.176,15.643,0,1.3782,24.272,0
18.176,15.781,0,1.3769,24.519,0
19.575,15.918,1.3951,1.3784,25.446,0
19.709,16.056,1.3837,1.3746,25.81,0
19.85,16.194,1.3756,1.3738,26.183,0
19.85,16.331,0,1.369,26.542,0
20.123,16.468,1.3865,1.3688,26.917,0
20.123,16.605,0,1.367,27.276,0
20.407,16.741,1.3883,1.367,27.642,0
20.407,16.878,0,1.3673,28.001,0
20.693,17.015,1.3474,1.3664,28.364,0
20.693,17.151,0,1.3636,28.725,0
20.96,17.288,1.3773,1.3586,29.091,0
21.106,17.424,1.3618,1.3598,29.457,0
21.235,17.56,1.364,1.3546,29.825,0
21.372,17.695,1.3563,1.3523,30.192,0
21.372,17.83,0,1.3528,30.553,0
21.372,17.966,0,1.3515,30.901,0
21.372,18.101,0,1.346,31.234,0
21.372,18.235,0,1.341,31.555,0
22.036,18.369,1.3226,1.336,32.049,0
22.036,18.503,0,1.3329,32.409,0
22.289,18.636,1.2557,1.3257,32.781,0
22.408,18.769,1.2216,1.3177,33.136,0
22.538,18.901,1.1708,1.3144,33.492,0
22.538,19.032,0,1.3082,33.849,0
22.538,19.163,0,1.2967,34.193,0
22.876,19.293,1.0784,1.2871,34.576,0
22.98,19.421,1.0597,1.2756,34.929,0
22.98,19.549,0,1.2628,35.278,0
22.98,19.675,0,1.2557,35.615,0
23.287,19.801,1.0439,1.2433,36.005,0
23.287,19.925,0,1.2364,36.348,0
23.287,20.049,0,1.2256,36.678,0
23.609,20.171,1.053,1.2187,37.043,0
23.609,20.293,0,1.2104,37.38,0
23.609,20.414,0,1.1995,37.706,0
23.609,20.534,0,1.1918,38.019,0
24.017,20.653,1.0553,1.1843,38.421,0
24.128,20.772,1.0266,1.1794,38.751,0
24.224,20.89,1.0304,1.17,39.095,0
24.224,21.007,0,1.1634,39.423,0
24.224,21.123,0,1.1588,39.739,0
24.545,21.239,1.0416,1.1534,40.073,0
24.657,21.354,1.0649,1.1504,40.407,0
24.657,21.469,0,1.1445,40.732,0
24.866,21.584,1.0498,1.1392,41.07,0
24.866,21.698,0,1.1342,41.393,0
24.866,21.811,0,1.1278,41.704,0
24.866,21.924,0,1.1225,42.004,0
24.866,22.036,0,1.119,42.292,0
24.866,22.148,0,1.1154,42.57,0
24.866,22.26,0,1.1104,42.836,0
24.866,22.371,0,1.1031,43.091,0
24.866,22.481,0,1.0976,43.335,0
24.866,22.591,0,1.093,43.568,0
24.866,22.7,0,1.0892,43.79,0
24.866,22.809,0,1.0879,44.001,0
26.095,22.918,1.0154,1.0807,44.918,0
26.205,23.026,1.0065,1.0795,45.236,0
26.205,23.134,0,1.0785,45.548,0
26.409,23.242,1.0364,1.0718,45.858,0
26.409,23.349,0,1.0708,46.169,0
26.409,23.456,0,1.0663,46.47,0
26.409,23.562,0,1.0646,46.76,0
26.409,23.669,0,1.0582,47.039,0
26.929,23.775,1.0257,1.0591,47.437,0
27.022,23.881,1.0254,1.0533,47.756,0
27.117,23.986,1.0166,1.0484,48.079,0
27.117,24.091,0,1.0491,48.387,0
27.117,24.196,0,1.0465,48.684,0
27.117,24.3,0,1.0413,48.971,0
27.117,24.405,0,1.0372,49.247,0
27.621,24.508,0.91503,1.0346,49.654,0
27.621,24.612,0,1.0264,49.96,0
27.742,24.714,-0.19769,1.0037,50.285,0
27.742,24.815,0,0.96274,50.583,0
27.742,24.911,0,0.89131,50.871,0
27.742,25,0,0.79023,51.15,0
27.087,25.079,-3.9845,0.66162,51.338,130.72
27.087,25.145,0,0.50651,51.535,0
26.248,25.196,-4.5897,0.34602,51.658,252.17
25.799,25.231,-4.7022,0.18673,51.747,277.67
25.323,25.249,-4.589,0.024226,51.781,234.19
24.859,25.252,-4.3539,-0.029566,51.771,175.2
24.859,25.249,0,-0.061881,51.732,0.70963
24.859,25.242,0,-0.094091,51.694,0.6103
24.859,25.233,0,-0.12431,51.656,0.51456
24.859,25.221,0,-0.15209,51.619,0.42375
22.893,25.205,-2.8414,-0.17763,51.077,60.03
22.893,25.188,0,-0.19909,50.847,6.0724
22.364,25.168,-2.1902,-0.21871,50.552,41.842
22.364,25.146,0,-0.23623,50.273,7.765
22.364,25.122,0,-0.2535,49.996,7.5626
21.718,25.097,-2.296,-0.27089,49.627,48.542
21.495,25.07,-2.3985,-0.28949,49.287,52.894
21.495,25.041,0,-0.31002,48.931,10.52
21.495,25.01,0,-0.33222,48.578,10.23
21.495,24.977,0,-0.35376,48.228,9.9378
20.513,24.941,-2.4322,-0.37656,47.692,59.412
20.513,24.904,0,-0.40007,47.251,13.745
20.024,24.864,-2.3002,-0.42356,46.769,57.889
20.024,24.821,0,-0.44655,46.288,15.345
20.024,24.777,0,-0.46963,45.81,14.945
19.362,24.73,-2.0151,-0.4933,45.244,52.943
19.362,24.68,0,-0.51612,44.709,17.374
18.985,24.629,-1.339,-0.53758,44.153,38.792
18.843,24.575,-0.79915,-0.5566,43.58,29.606
18.756,24.519,-0.24347,-0.57063,43.005,21.971
18.735,24.462,0.29099,-0.57815,42.44,16.066
18.77,24.404,0.69246,-0.58008,41.871,12.363
18.834,24.346,0.74516,-0.57885,41.31,11.509
18.834,24.289,0,-0.57523,40.761,17.577
18.985,24.231,0.78573,-0.57252,40.228,10.241
18.985,24.174,0,-0.56753,39.706,16.304
18.985,24.117,0,-0.56102,39.19,16.076
18.985,24.061,0,-0.54938,38.68,15.892
19.458,24.006,1.8596,-0.53345,38.276,4.3415
19.458,23.953,0,-0.51473,37.824,13.367
19.458,23.901,0,-0.49246,37.377,13.293
19.458,23.852,0,-0.47176,36.935,13.217
19.458,23.805,0,-0.45163,36.498,13.147
20.367,23.76,1.7987,-0.42976,36.285,2.8041
20.367,23.717,0,-0.4081,35.948,9.0152
20.367,23.676,0,-0.3805,35.615,9.0234
20.367,23.638,0,-0.34961,35.286,9.065
20.367,23.603,0,-0.31437,34.961,9.1487
20.367,23.571,0,-0.27631,34.639,9.267
20.367,23.544,0,-0.23671,34.32,9.4133
22.053,23.52,2.6919,-0.19915,34.568,4.5877
22.053,23.5,0,-0.16189,34.422,3.2955
22.053,23.484,0,-0.1223,34.278,3.4212
22.053,23.472,0,-0.082502,34.136,3.5645
22.053,23.463,0,-0.041521,33.994,3.7309
22.053,23.459,0,-1.7556e-05,33.853,3.9185
22.053,23.459,0,0.076446,33.713,4.305
22.053,23.467,0,0.15146,33.572,4.7304
22.053,23.482,0,0.2205,33.429,5.1697
22.053,23.504,0,0.28565,33.285,5.6301
24.897,23.533,2.7203,0.35137,34.536,8.9567
24.897,23.568,0,0.41296,34.671,0
25.439,23.609,2.6103,0.47274,34.87,8.9446
25.701,23.656,2.5722,0.52885,35.057,9.0361
25.701,23.709,0,0.58429,35.259,0
25.701,23.768,0,0.63776,35.455,0
26.504,23.831,2.8447,0.69519,35.771,12.338
26.504,23.901,0,0.75196,36.035,0
26.504,23.976,0,0.81095,36.291,0
27.382,24.057,2.9057,0.87057,36.671,14.337
27.68,24.144,2.7991,0.92808,37.021,13.924
27.68,24.237,0,0.97859,37.37,0
27.68,24.335,0,1.0241,37.71,0
27.68,24.437,0,1.0701,38.039,0
28.753,24.544,2.4632,1.1143,38.558,12.598
29.001,24.656,2.4012,1.1532,38.994,12.365
29.001,24.771,0,1.189,39.423,0
29.001,24.89,0,1.2248,39.84,0
29.726,25.013,2.334,1.259,40.347,12.618
29.962,25.138,2.3414,1.2909,40.818,12.943
29.962,25.268,0,1.3232,41.294,0
30.438,25.4,2.1318,1.3535,41.799,11.552
30.652,25.535,2.0508,1.377,42.3,10.999
30.652,25.673,0,1.3948,42.805,0
30.652,25.812,0,1.4123,43.296,0
30.652,25.954,0,1.43,43.773,0
31.432,26.097,1.9665,1.4455,44.394,10.664
31.432,26.241,0,1.4612,44.921,0
31.432,26.387,0,1.4782,45.432,0
31.432,26.535,0,1.4943,45.929,0
31.432,26.685,0,1.5111,46.412,0
31.432,26.836,0,1.526,46.879,0
31.432,26.988,0,1.5383,47.331,0
31.432,27.142,0,1.5549,47.767,0
31.432,27.298,0,1.5674,48.189,0
33.237,27.454,1.9726,1.582,49.362,11.681
33.237,27.613,0,1.5913,49.933,0
33.237,27.772,0,1.603,50.487,0
33.808,27.932,1.9117,1.6109,51.108,11.316
34.004,28.093,1.8952,1.6217,51.704,11.24
34.004,28.255,0,1.6291,52.287,0
34.004,28.418,0,1.6382,52.854,0
34.574,28.582,1.9053,1.6463,53.486,11.525
34.574,28.747,0,1.6562,54.077,0
34.574,28.912,0,1.664,54.651,0
35.153,29.079,1.8416,1.6702,55.297,11.136
35.347,29.246,1.7737,1.6777,55.901,10.577
35.347,29.413,0,1.6827,56.503,0
35.347,29.582,0,1.6811,57.087,0
35.861,29.75,1.6949,1.6805,57.723,9.8771
36.034,29.918,1.6623,1.6821,58.343,9.5901
36.196,30.086,1.6338,1.6802,58.956,9.3146
36.196,30.254,0,1.6814,59.559,0
36.196,30.422,0,1.6782,60.145,0
36.196,30.59,0,1.6747,60.714,0
36.836,30.757,1.4833,1.67,61.379,7.911
36.836,30.924,0,1.6658,61.978,0
37.133,31.091,1.4943,-2,62.587,494.49
37.279,30.891,1.5072,-2,63.215,630.32
37.279,30.691,0,-2,63.864,0
37.279,30.491,0,-2,64.533,0
37.279,30.291,0,-2,65.221,0
37.279,30.091,0,-2,65.93,0
37.279,29.891,0,-2,66.659,0
37.279,29.691,0,-2,67.408,0
37.279,29.491,0,-2,68.177,0
37.279,29.291,0,-2,68.965,0
38.611,29.091,1.4562,-2,70.401,0
38.611,28.891,0,4.8,71.363,0
38.611,29.371,0,-2,72.311,0
39.054,29.171,1.4362,-2,73.314,0
39.191,28.971,1.4344,4.8,74.322,0
39.191,29.451,0,-2,75.32,0
39.191,29.251,0,-2,76.304,0
39.191,29.051,0,4.8,77.308,0
39.191,29.531,0,-2,78.298,0
39.895,29.331,1.3973,-2,79.465,0
40.041,29.131,1.4108,-2,80.529,0
40.041,28.931,0,4.8,81.63,0
40.337,29.411,1.4128,-2,82.741,0
40.486,29.211,1.4182,-2,83.859,0
40.486,29.011,0,4.8,84.997,0
40.486,29.491,0,-2,86.12,0
40.486,29.291,0,-2,87.23,0
40.486,29.091,0,-2,88.359,0
40.486,28.891,0,4.8,89.509,0
41.307,29.371,1.368,-2,90.912,0
41.307,29.171,0,-2,92.116,0
41.589,28.971,1.3828,4.8,93.374,1.3196
41.726,29.451,1.3819,-2,94.614,0
41.726,29.251,0,-2,95.851,0
41.988,29.051,1.4034,4.8,97.137,4.0093
42.122,29.531,1.39,-2,98.412,0
42.122,29.331,0,-2,99.681,0
42.397,29.131,1.377,-2,100.99,0
42.397,28.931,0,4.8,102.33,0
42.397,29.411,0,-2,103.65,0
42.801,29.211,1.3138,-2,105.04,0
42.939,29.011,1.2718,4.8,106.41,12.855
42.939,29.491,0,-2,107.78,0
42.939,29.291,0,-2,109.13,0
42.939,29.091,0,-2,110.51,0
43.43,28.891,1.1893,4.8,112.02,20.555
43.43,29.371,0,-2,113.45,0
43.43,29.171,0,-2,114.87,0
43.43,28.971,0,4.8,116.3,4.8351
43.43,29.451,0,-2,117.73,0
43.972,29.251,1.0735,-2,119.28,0
43.972,29.051,0,4.8,120.76,11.973
