4.7222,4.7222,0.63358,0,35.5,0
4.7222,4.7222,0,7.8,35.5,74.244
4.7222,5.5022,0,7.8,35.461,79.75
4.7222,6.2822,0,6.7,35.344,71.683
4.7222,6.9522,0,6.7,35.154,76.38
4.7222,7.6222,0,6.7,34.898,81.106
5.052,8.2922,0.52229,6.7,34.691,73.06
5.1122,8.9622,0.51584,6.7,34.334,77.363
5.1122,9.6322,0,6.7,33.915,92.642
5.1122,10.302,0,-0.29811,33.43,18.548
5.2739,10.272,0.55217,-0.30029,32.94,12.558
5.2739,10.242,0,-0.30212,32.442,17.376
5.3904,10.212,0.57089,-0.30271,31.949,11.651
5.4498,10.182,0.45445,-0.30346,31.479,12.146
5.5002,10.152,0.38317,-0.30486,31.005,12.346
5.5002,10.121,0,-0.30646,30.542,15.596
5.5002,10.09,0,-0.30927,30.081,15.422
5.5002,10.059,0,-0.31153,29.624,15.251
5.6473,10.028,0.64299,-0.31304,29.19,9.3261
5.6473,9.997,0,-0.31312,28.754,14.219
5.6473,9.9657,0,-0.31193,28.32,14.077
5.6473,9.9345,0,-0.31138,27.89,13.932
5.8781,9.9034,0.27813,-0.31269,27.522,10.412
5.9007,9.8721,0.21655,-0.31499,27.121,10.634
5.9007,9.8406,0,-0.31765,26.725,12.249
5.9007,9.8089,0,-0.319,26.333,12.093
5.9007,9.777,0,-0.32051,25.944,11.935
6.0256,9.7449,0.4348,-0.32055,25.571,8.0718
6.0688,9.7129,0.35467,-0.32057,25.201,8.2901
6.0688,9.6808,0,-0.32087,24.838,10.739
6.0688,9.6487,0,-0.32098,24.478,10.596
6.1732,9.6166,0.23668,-0.32169,24.141,8.273
6.2024,9.5844,0.23546,-0.32248,23.791,8.0354
6.2024,9.5522,0,-0.32344,23.455,9.5744
6.2412,9.5199,0.23194,-0.32511,23.131,7.6423
6.2412,9.4873,0,-0.32689,22.805,9.1093
6.2842,9.4547,0.19798,-0.32717,22.477,7.4315
6.3075,9.4219,0.18941,-0.32794,22.154,7.2671
6.3265,9.3891,0.22056,-0.32905,21.835,6.874
6.3265,9.3562,0,-0.32838,21.53,8.198
6.3265,9.3234,0,-0.32881,21.229,8.061
6.3989,9.2905,0.32906,-0.32905,20.943,5.6561
6.3989,9.2576,0,-0.32846,20.655,7.5058
6.47,9.2248,0.31495,-0.32553,20.374,5.2839
6.47,9.1922,0,-0.32362,20.1,6.9954
6.47,9.1599,0,-0.3228,19.829,6.8741
6.47,9.1276,0,-0.32146,19.562,6.7568
6.47,9.0954,0,-0.32305,19.298,6.6237
6.47,9.0631,0,-0.32358,19.037,6.4969
6.5562,9.0308,0.035956,-0.3257,18.822,5.8227
6.5685,8.9982,0.026583,-0.32574,18.569,5.7132
6.5685,8.9656,0,-0.32807,18.327,5.7377
6.573,8.9328,0.03376,-0.32786,18.085,5.4082
6.5695,8.9,0.026869,-0.32942,17.854,5.3344
6.5695,8.8671,0,-0.33069,17.623,5.362
6.5601,8.834,-0.0059387,-0.33273,17.399,5.3001
6.5601,8.8007,0,-0.33485,17.173,5.1371
6.5574,8.7673,0.0069294,-0.33496,16.947,4.9899
6.5574,8.7338,0,-0.33724,16.728,4.8989
6.5527,8.7,0.0166,-0.337,16.51,4.7105
6.5643,8.6663,0.0096289,-0.33546,16.302,4.5997
6.5583,8.6328,0.0036445,-0.33696,16.088,4.5297
6.5583,8.5991,0,-0.33812,15.882,4.4286
6.5583,8.5653,0,-0.33978,15.679,4.3068
6.5583,8.5313,0,-0.33991,15.48,4.1928
6.5583,8.4973,0,-0.34016,15.285,4.0792
6.5583,8.4633,0,-0.34262,15.093,3.9563
6.5064,8.429,-0.18414,-0.34482,14.915,4.9932
6.5064,8.3946,0,-0.34782,14.724,3.8779
6.5064,8.3598,0,-0.35179,14.537,3.748
6.4252,8.3246,-0.36365,-0.35824,14.349,5.9689
6.4252,8.2888,0,-0.36606,14.161,3.7171
6.4252,8.2522,0,-0.3751,13.976,3.5618
6.2765,8.2147,-0.61541,-0.38504,13.784,7.8831
6.2091,8.1761,-0.75299,-0.39845,13.58,9.1539
6.2091,8.1363,0,-0.41564,13.386,3.7007
6.2091,8.0947,0,-0.43613,13.195,3.4835
5.9116,8.0511,-1.555,-0.45997,12.968,20.004
5.9116,8.0051,0,-0.49173,12.757,3.8935
5.9116,7.956,0,-0.53373,12.55,3.5622
5.9116,7.9026,0,-0.58409,12.348,3.2031
5.9116,7.8442,0,-0.63831,12.152,2.8399
5.9116,7.7803,0,-0.69973,11.962,2.4689
5.9116,7.7104,0,-0.7698,11.778,2.0985
5.9116,7.6334,0,-0.84235,11.602,1.7598
4.1638,7.5492,-2.3733,-0.91852,10.797,15.443
3.9304,7.4573,-2.1557,-0.99732,10.446,14.94
3.9304,7.3576,0,-1.0787,10.098,5.5461
3.9304,7.2497,0,-1.1505,9.7611,4.89
3.4019,7.1346,-0.87828,-1.2106,9.3391,12.629
3.3188,7.0136,-0.50815,-1.2564,8.9738,8.7159
3.3188,6.8879,0,-1.2889,8.6106,5.0784
3.2579,6.7591,-0.051899,-5.2,8.2605,5.4358
3.2509,6.2391,0.0098667,-5.2,7.9283,4.7953
3.2509,5.7191,0,-8.8,7.6555,0
3.2661,4.8391,0.046937,-0.48582,7.461,2.2348
3.2661,4.7905,0,-8.8,7.3061,0
3.2661,3.9105,0,-0.1659,7.1977,1.0261
3.2871,3.8939,0.05419,-0.16,7.1225,0.81005
3.2871,3.8779,0,-0.15755,7.0626,0.92185
3.2984,3.8621,0.059071,-0.15092,7.02,0.72476
3.2945,3.847,0.076795,-0.1492,6.9651,0.66234
3.3114,3.8321,0.068322,-8.8,6.9105,0
3.3161,2.9521,0.093087,0.71674,6.9077,1.008
3.3161,3.0238,0,0.57239,6.9405,1.03
3.3459,3.081,0.26371,0.4891,6.9618,0
3.3661,3.1299,0.39332,0.4265,6.9934,0
3.3661,3.1726,0,0.43021,7.0149,0.77235
3.4779,3.2156,0.68837,0.45562,7.0441,0
3.4779,3.2612,0,0.4891,7.068,0.92586
3.4779,3.3101,0,0.543,7.0872,1.2849
3.4779,3.3644,0,0.59243,7.1013,1.6644
3.8122,3.4236,0.91069,0.61777,7.1722,0
3.8122,3.4854,0,0.65112,7.208,1.2498
3.8122,3.5505,0,0.6773,7.2374,1.5683
3.8122,3.6182,0,0.69437,7.2602,1.8653
4.1736,3.6877,0.71199,0.69737,7.3493,0
4.1736,3.7574,0,0.68579,7.3944,1.1204
4.1736,3.826,0,0.6734,7.4326,1.2801
4.1736,3.8933,0,0.65592,7.464,1.4154
4.1736,3.9589,0,0.63071,7.4887,1.5122
4.1736,4.022,0,0.59169,7.507,1.541
4.1736,4.0812,0,0.57843,7.5192,1.6697
4.5995,4.139,0.55734,0.56739,7.6897,0
4.6541,4.1958,0.59429,0.55526,7.7388,0
4.7187,4.2513,0.60394,0.55702,7.7877,0
4.7187,4.307,0,0.55223,7.8316,0.60574
4.7187,4.3622,0,0.54881,7.87,0.75027
4.8894,4.4171,0.49578,0.53595,7.9187,0
4.8894,4.4707,0,0.52313,7.9633,0.48063
4.8894,4.523,0,0.50541,8.0025,0.56213
5.0115,4.5735,0.29974,0.47607,8.0557,0
5.0504,4.6211,0.22502,0.46112,8.1054,0
5.0714,4.6673,0.17045,0.42899,8.1476,0
5.0714,4.7102,0,0.40713,8.1859,0.24296
5.0714,4.7509,0,0.36339,8.22,0.20989
5.0714,4.7872,0,0.34011,8.2502,0.23012
5.0714,4.8212,0,0.29951,8.2769,0.19294
5.0714,4.8512,0,0.26155,8.3005,0.15604
5.0714,4.8773,0,0.23196,8.3212,0.13569
5.1137,4.9005,-0.02465,0.21432,8.3995,0.11013
5.1086,4.922,-0.032003,0.18661,8.4184,0.11722
5.1153,4.9406,-0.026414,0.17379,8.4306,0.095464
5.1153,4.958,0,0.15849,8.4472,0.027169
5.114,4.9738,-0.011539,0.13829,8.4588,0.044067
5.114,4.9877,0,0.13061,8.4721,0.027356
5.121,5.0007,0.0023573,0.11804,8.494,0.0046601
5.128,5.0125,0.0042952,0.11317,8.5126,0
5.1215,5.0239,-0.003913,0.09552,8.5333,0.015433
5.1215,5.0334,0,0.094321,8.5426,0.024146
5.1322,5.0428,-0.02986,0.086957,8.5401,0.07563
5.1322,5.0515,0,0.079035,8.5486,0.004559
5.1322,5.0594,0,0.077229,8.5562,0.017382
5.1322,5.0672,0,0.070998,8.5631,0.019625
5.1322,5.0743,0,0.077468,8.5693,0.049954
5.1322,5.082,0,0.098609,8.5747,0.11784
5.2385,5.0919,0.62292,0.1415,8.6221,0
5.2385,5.106,0,0.18684,8.6361,0.15778
5.3621,5.1247,0.69829,0.22734,8.6497,0
5.3621,5.1474,0,0.26752,8.6723,0.18661
5.49,5.1742,0.3913,0.29938,8.7068,0
5.5225,5.2041,0.2251,0.30015,8.7471,0
5.5225,5.2341,0,0.29864,8.7774,0.097185
5.5225,5.264,0,0.278,8.8048,0.11052
5.5225,5.2918,0,0.24551,8.8292,0.086267
5.5225,5.3164,0,0.21512,8.8511,0.061697
5.5225,5.3379,0,0.19274,8.8706,0.052473
5.5225,5.3571,0,0.18224,8.8881,0.069388
5.5225,5.3754,0,0.16065,8.9037,0.055466
5.5405,5.3914,-0.029843,0.13528,8.9586,0.062806
5.546,5.405,-0.012025,0.12763,8.9712,0.016903
5.5469,5.4177,-0.004187,0.11677,8.9937,0
5.5469,5.4294,0,0.10392,9.0061,0
5.5351,5.4398,-0.013148,0.085833,9.025,0.019421
5.5335,5.4484,-0.036496,0.076568,9.0416,0.075913
5.5335,5.456,0,0.065564,9.0498,0
5.5335,5.4626,0,0.044944,9.0572,0
5.4963,5.4671,-0.31177,0.026215,9.065,0.92778
5.4574,5.4697,-0.3961,-0.0031415,9.06,1.2796
5.4138,5.4694,-0.46893,-0.014209,9.0651,1.7015
5.4138,5.468,0,-0.027035,9.0596,0.054218
5.4138,5.4653,0,-0.037637,9.0543,0.026795
5.4138,5.4615,0,-0.046838,9.0494,0.00075336
5.4138,5.4568,0,-0.056137,9.0448,0
5.4138,5.4512,0,-0.068295,9.0408,0
5.4138,5.4444,0,-0.079932,9.0374,0
5.4138,5.4364,0,-0.089617,9.0347,0
5.0388,5.4274,-0.60795,-0.10161,8.897,3.1895
5.0388,5.4173,0,-0.11802,8.8587,0.53878
4.9041,5.4055,-0.67993,-0.13264,8.8102,3.9113
4.8453,5.3922,-0.77485,-0.14561,8.7626,4.6973
4.8453,5.3776,0,-0.16408,8.7086,0.76902
4.6781,5.3612,-1.049,-0.18498,8.6406,7.4268
4.6781,5.3427,0,-0.20831,8.5732,0.95774
4.456,5.3219,-1.3851,-0.24029,8.4725,11.832
4.456,5.2979,0,-0.27768,8.3871,1.1857
4.456,5.2701,0,-0.31438,8.3043,1.0252
4.456,5.2387,0,-0.35224,8.2244,0.86649
4.456,5.2034,0,-0.39668,8.1479,0.70133
4.456,5.1638,0,-0.43811,8.0752,0.55248
3.548,5.12,-1.5153,-0.48666,7.7305,15.438
3.548,5.0713,0,-0.53516,7.5757,2.1024
3.2496,5.0178,-1.0217,-8.8,7.3778,0
3.2496,4.1378,0,-0.27387,7.245,1.3072
3.2496,4.1104,0,-0.28792,7.1575,1.2023
3.2496,4.0816,0,-0.29428,7.0729,1.1179
3.0399,4.0522,0.050965,-8.8,6.9305,0
3.0421,3.1722,0.064016,-0.029112,6.8787,0.073128
3.0544,3.1693,0.067915,-0.02581,6.8596,0.042115
3.0539,3.1667,0.050774,-0.025444,6.8394,0.07224
3.0539,3.1641,0,-0.022416,6.8283,0.18143
3.0668,3.1619,0.040557,-0.021501,6.8224,0.065168
3.0688,3.1597,0.067946,-0.020618,6.806,0.0050942
3.0756,3.1577,0.1043,-0.018673,6.7885,0
3.0756,3.1558,0,-0.016081,6.7803,0.13188
3.1078,3.1542,0.32315,-0.010609,6.7665,0
3.1498,3.1531,0.44642,-0.00075318,6.7656,0
3.1498,3.1531,0,0.056909,6.7653,0.13469
3.2421,3.1588,0.65582,0.14382,6.7626,0
3.2421,3.1731,0,0.24152,6.7702,0.47041
3.2421,3.1973,0,0.30238,6.7759,0.73062
3.4427,3.2275,0.70892,0.3602,6.8038,0
3.5068,3.2635,0.68397,0.40096,6.8267,0
3.5068,3.3036,0,0.43428,6.8491,0.7602
3.6453,3.3471,0.60606,0.4737,6.8658,0
3.6453,3.3944,0,0.49401,6.8932,0.84614
3.7688,3.4438,0.45063,0.49548,6.919,0
3.7688,3.4934,0,0.49345,6.9491,0.7741
3.8635,3.5427,0.2369,0.47086,6.9921,0
3.8635,3.5898,0,0.41529,7.0218,0.50037
3.8635,3.6314,0,0.35098,7.0471,0.39716
3.8635,3.6664,0,0.26774,7.0686,0.23025
3.8635,3.6932,0,0.15807,7.0869,0
3.7277,3.709,-1.0649,0.025766,7.107,5.8169
3.7277,3.7116,0,-0.02156,7.1087,0
3.7277,3.7095,0,-0.054515,7.1105,0
3.7277,3.704,0,-0.091652,7.1126,0
3.1759,3.6948,-1.8675,-0.13266,7.0129,7.1418
2.9886,3.6816,-2.0019,-0.17868,6.9601,7.4578
2.9886,3.6637,0,-0.23157,6.8917,0.92103
2.9886,3.6405,0,-8.8,6.8253,0
2.9886,2.7605,0,-0.084885,6.8041,0
2.1154,2.7521,-2.2927,-0.12959,6.6392,7.0306
2.1154,2.7391,0,-0.17412,6.5762,0.95419
1.6694,2.7217,-2.3221,-0.22074,6.4719,7.5553
1.6694,2.6996,0,-0.2699,6.3678,1.6747
1.6694,2.6726,0,-8.8,6.2661,0
0.95969,1.7926,-2.4653,-0.12259,6.104,7.0774
0.71767,1.7804,-2.4381,-0.15931,6.0092,7.3687
0.71767,1.7644,0,-0.19777,5.9037,1.9614
0.26928,1.7447,-1.561,-8.8,5.7559,0
0.26928,0.86465,0,-0.97328,5.6524,0
0.26928,0.76732,0,-0.38061,5.5977,0.26592
0.26928,0.72926,0,0.14174,5.5498,1.5541
-0.014827,0.74344,0.40458,0.40458,5.424,1.8677
0.018657,0.7839,0.54429,-8.8,5.3526,0
0.018657,0,0,0.78995,5.3201,2.9395
0.15305,0.078995,1.0929,1.0929,5.3261,0
0.15305,0.18828,0,1.4273,5.3281,7.0968
0.39043,0.33101,1.7095,1.7095,5.3267,0
0.56692,0.50196,1.8803,1.8803,5.3387,0
0.56692,0.68999,0,-8.8,5.3358,0
0.56692,0,0,1.7842,5.3675,6.9272
0.56692,0.17842,0,1.6413,5.4153,6.7135
1.3142,0.34254,1.4875,1.4875,5.5887,0
1.4706,0.49129,1.3596,1.3596,5.6906,0
1.4706,0.62726,0,1.2632,5.7818,2.474
1.4706,0.75358,0,1.1585,5.8598,2.3712
1.4706,0.86943,0,1.0325,5.9257,2.1274
1.9548,0.97269,0.90174,4.9,6.0823,21.352
2.0402,1.4627,0.76455,3.3228,6.1695,11.566
2.0402,1.795,0,1.3086,6.2106,5.0921
2.0402,1.9258,0,0.94904,6.2286,3.4498
2.2449,2.0207,0.4938,0.76205,6.2631,0.1562
2.2847,2.0969,0.50419,0.60118,6.2761,0
2.2847,2.1571,0,0.56076,6.2919,1.4826
2.2847,2.2131,0,0.53717,6.3018,1.5562
2.2847,2.2669,0,0.52518,6.3063,1.6724
2.5102,2.3194,0.49946,0.52096,6.3389,0
2.5582,2.3715,0.32572,0.49315,6.3668,0
2.5582,2.4208,0,0.43233,6.3831,0.93851
2.6044,2.464,-0.14616,0.34881,6.3893,1.1947
2.6044,2.4989,0,0.24281,6.4016,0.38249
2.6044,2.5232,0,0.076445,6.4109,0
2.6044,2.5308,0,-0.0056518,6.4186,0
2.6044,2.5303,0,-0.017477,6.426,0
2.3759,2.5285,-0.5266,-0.030264,6.3809,2.2456
2.3759,2.5255,0,-0.041279,6.3658,0.2224
2.3759,2.5214,0,-0.049702,6.351,0.19486
2.3759,2.5164,0,-0.060305,6.3367,0.16143
2.1553,2.5104,-0.65526,-0.071787,6.2775,3.5339
2.1553,2.5032,0,-8.8,6.2424,0
2.1553,1.6232,0,1.9567,6.2516,8.3588
1.9968,1.8188,-0.16392,0.72031,6.254,2.94
1.9968,1.8909,0,0.36406,6.2682,0.77828
1.9968,1.9273,0,0.22883,6.277,0.43014
1.9968,1.9502,0,0.26328,6.2828,0.59618
1.9968,1.9765,0,0.33405,6.2861,0.90784
2.1795,2.0099,1.3516,0.58453,6.2955,0
2.3241,2.0683,1.5406,0.84283,6.318,0
2.3241,2.1526,0,1.0251,6.3393,3.6638
2.3241,2.2551,0,1.0948,6.3514,4.4753
2.3241,2.3646,0,1.0621,6.3528,4.7137
2.3241,2.4708,0,0.92721,6.3434,4.3231
2.8915,2.5636,0.30251,0.7759,6.5141,0.53195
2.8915,2.6411,0,0.61327,6.543,1.3257
2.8915,2.7025,0,0.49792,6.565,1.0405
2.9443,2.7523,-0.0067053,0.40769,6.588,0.72008
2.9443,2.793,0,0.32173,6.6052,0.51289
2.9443,2.8252,0,0.22583,6.6187,0.2987
2.9443,2.8478,0,0.093751,6.6295,0.0044821
2.9443,2.8572,0,-0.010509,6.6387,0
2.9443,2.8561,0,-0.036624,6.6474,0
2.9443,2.8525,0,-0.070076,6.6565,0
2.9443,2.8454,0,-0.1151,6.666,0
2.0399,2.8339,-3.368,-0.17383,6.4758,9.2545
2.0399,2.8166,0,-8.8,6.3973,0
2.0399,1.9366,0,-0.097021,6.3636,0
0.85847,1.9269,-4.5989,-0.16489,6.2177,11.813
0.40537,1.9104,-4.518,-0.23796,6.093,12.328
-0.046516,1.8866,-4.0669,-8.8,5.9119,0
-0.046516,1.0066,0,-0.12798,5.7626,2.1396
-0.046516,0.99377,0,-0.1617,5.6579,2.0425
-1.0664,0.9776,-1.9935,-8.8,5.3868,0
-1.0664,0.097599,0,-1.1905,5.2264,0.1343
-1.3751,0,-0.53501,-0.53501,5.0823,3.0686
-1.4302,0,0.014463,-8.8,4.944,0
-1.4375,0,0.50846,-8.8,4.8362,0
-1.3893,0,0.80336,-8.8,4.7365,0
-1.3082,0,0.83668,-8.8,4.6512,0
-1.3082,0,0,-8.8,4.5644,0
-1.1342,0,0.80193,-8.8,4.5017,0
-1.0494,0,0.75194,-8.8,4.4303,0
-0.97738,0,0.70733,-8.8,4.3632,0
-0.97738,0,0,-8.8,4.3094,0
-0.97738,0,0,-8.8,4.2557,0
-0.79646,0,0.56192,-8.8,4.2177,0
-0.79646,0,0,-8.8,4.182,0
-0.79646,0,0,-8.8,4.1464,0
-0.63009,0,0.41263,-8.8,4.1223,0
-0.58044,0,0.42773,-8.8,4.1021,0
-0.58044,0,0,-8.8,4.088,0
-0.48417,0,0.86421,-8.8,4.0826,0
-0.39032,0,1.198,-8.8,4.0767,0
-0.39032,0,0,-8.8,4.0817,0
-0.12049,0,1.8594,-8.8,4.1137,0
0.058294,0,2.081,-8.8,4.1495,0
0.058294,0,0,-8.8,4.1993,0
0.48517,0,2.1435,-8.8,4.2933,0
0.48517,0,0,-8.8,4.3858,0
0.91599,0,1.8815,-8.8,4.5136,0
1.0961,0,1.6747,-8.8,4.6535,0
1.2596,0,1.5046,-8.8,4.8112,0
1.2596,0,0,-8.8,4.9812,0
1.5539,0,1.3676,1.3676,5.1877,0
1.5539,0.13676,0,1.1576,5.3363,0.025527
1.8026,0.25251,0.83531,0.83531,5.4884,0
1.8026,0.33604,0,0.398,5.6393,0
1.9365,0.37584,-0.09508,-0.09508,5.8102,0
1.9327,0.36633,-0.43072,-0.43072,5.958,0
1.8797,0.32326,-0.62127,-0.62127,6.107,0
1.8215,0.26113,-0.74502,-0.74502,6.2669,0
1.8215,0.18663,0,-0.82782,6.4266,0
1.8215,0.10385,0,-0.87379,6.5942,0
1.8215,0.016472,0,-1.0182,6.7704,0
1.4591,0,-1.2193,-1.2193,6.8809,0
1.4591,0,0,-1.3884,7.0329,0
1.214,0,-1.5852,-1.5852,7.1615,0
1.214,0,0,-1.7527,7.2908,0
1.214,0,0,-1.761,7.421,0
1.214,0,0,-1.7887,7.5512,0
0.52747,0,-1.6852,-1.6852,7.5657,0
0.52747,0,0,-1.3237,7.6268,0
0.52747,0,0,-0.90724,7.6862,0
0.1348,0,-0.42878,-0.42878,7.6846,0
0.099637,0,0.094937,0.094937,7.6956,0
0.10058,0.0094937,0.52297,0.52297,7.6985,0
0.15214,0.061791,0.83281,0.83281,7.7125,0
0.15214,0.14507,0,1.1128,7.7174,4.8338
0.15214,0.25635,0,1.2503,7.7125,6.1843
0.47625,0.38138,1.4307,1.4307,7.7569,0
0.47625,0.52444,0,1.6376,7.7592,8.6826
0.78914,0.6882,1.7787,1.7787,7.7779,0
0.97297,0.86607,1.8473,1.8473,7.7904,0
0.97297,1.0508,0,1.4376,7.7919,7.3599
1.3621,1.1946,1.8429,1.6655,7.7987,0
1.3621,1.3611,0,1.5399,7.8071,7.7363
1.7294,1.5151,1.7906,1.4391,7.8393,0
1.7294,1.659,0,1.4888,7.8536,7.0581
1.7294,1.8079,0,1.3941,7.8532,7.0562
1.7294,1.9473,0,1.3642,7.8384,7.4675
2.4319,2.0837,1.6956,1.3919,7.9608,0
2.6099,2.2229,1.6995,1.394,7.9938,0
2.7709,2.3623,1.763,1.3353,8.0323,0
2.7709,2.4958,0,1.3424,8.0665,5.1847
3.1069,2.6301,1.709,1.3165,8.1299,0
3.1069,2.7617,0,1.3196,8.171,4.7491
3.1069,2.8937,0,1.3296,8.1989,5.3607
3.1069,3.0266,0,1.3192,8.2136,5.8551
3.1069,3.1586,0,1.2925,8.215,6.242
3.1069,3.2878,0,1.2263,8.2034,6.3532
3.1069,3.4105,0,1.1938,8.1792,6.6629
3.1069,3.5298,0,1.1499,8.1428,6.8827
3.1069,3.6448,0,1.0704,8.0948,6.8418
3.1069,3.7519,0,0.98304,8.0356,6.7154
3.1069,3.8502,0,0.89678,7.9662,6.5621
3.1069,3.9398,0,0.81446,7.8874,6.4019
3.1069,4.0213,0,0.74987,7.8001,6.3249
4.5871,4.0963,0.38455,0.70002,8.8883,0
4.5871,4.1663,0,0.63712,8.9338,0.90641
4.6622,4.23,0.34626,0.58938,8.9767,0
4.7008,4.2889,0.38143,0.55076,9.0107,0
4.7008,4.344,0,0.51434,9.0492,0.6212
4.7008,4.3954,0,0.49792,9.0823,0.70569
4.7008,4.4452,0,0.46603,9.1103,0.72886
4.7008,4.4918,0,0.44589,9.1336,0.78612
4.7008,4.5364,0,0.41884,9.1522,0.81248
4.9086,4.5783,0.18328,0.40505,9.2409,0
4.9086,4.6188,0,0.36343,9.2719,0.28809
4.9305,4.6551,0.068788,0.32979,9.2872,0.022425
4.9305,4.6881,0,0.2848,9.3131,0.16914
4.9305,4.7166,0,0.24636,9.3359,0.12857
4.9127,4.7412,-0.0927,0.20047,9.3516,0.37395
4.9127,4.7613,0,0.15422,9.3677,0.029558
4.9127,4.7767,0,0.12973,9.3821,0.0037094
4.9127,4.7897,0,0.098028,9.395,0
4.8355,4.7995,-0.37531,0.041539,9.4217,1.2279
4.8034,4.8036,-0.43141,-4.3055e-05,9.4275,1.4118
4.751,4.8036,-0.50392,-0.010991,9.418,1.8804
4.751,4.8025,0,-0.022774,9.4128,0.057905
4.751,4.8003,0,-0.035519,9.4077,0.026773
4.5637,4.7967,-0.69553,-0.048828,9.3849,3.4575
4.5637,4.7918,0,-0.064544,9.3618,0.33754
4.5637,4.7854,0,-0.081037,9.3393,0.28605
4.5637,4.7773,0,-0.095539,9.3176,0.23731
4.2495,4.7677,-0.87357,-0.1111,9.2183,5.5977
4.2495,4.7566,0,-0.12864,9.167,0.80379
4.0647,4.7437,-1.2718,-0.14797,9.0977,10.196
4.0647,4.7289,0,-0.17281,9.0305,1.0543
4.0647,4.7117,0,-0.20361,8.965,0.92919
3.631,4.6913,-1.6055,-0.23953,8.8369,16.321
3.631,4.6673,0,-0.27607,8.7321,1.6708
3.631,4.6397,0,-0.31012,8.6298,1.4965
3.631,4.6087,0,-0.3407,8.5305,1.3338
3.631,4.5747,0,-0.36475,8.4344,1.1906
3.631,4.5382,0,-0.38509,8.3419,1.0587
2.9107,4.4997,-0.43684,-0.40163,8.0333,4.9745
2.8765,4.4595,-0.37943,-0.40881,7.8829,4.5541
2.8335,4.4186,-0.46793,-0.41851,7.7311,5.0621
2.7772,4.3768,-0.46522,-0.43244,7.5738,5.0191
2.7772,4.3335,0,-0.44465,7.416,2.4898
2.7772,4.2891,0,-0.45817,7.2626,2.3222
2.7772,4.2433,0,-8.8,7.1137,0
2.5465,3.3633,-0.64074,-0.19057,6.9693,4.5544
2.4851,3.3442,-0.64565,-0.20277,6.8954,4.6853
2.4851,3.3239,0,-0.21447,6.8105,1.3607
2.3671,3.3025,-0.62857,-0.22696,6.7251,4.7244
2.3671,3.2798,0,-8.8,6.6327,0
2.2296,2.3998,-0.66524,-0.03045,6.5637,3.1234
2.1618,2.3967,-0.63765,-0.042102,6.5522,3.1296
2.1618,2.3925,0,-0.054169,6.5289,0.36773
2.0182,2.3871,-0.60783,-0.066601,6.5048,3.3123
2.0182,2.3804,0,-0.077415,6.4682,0.60418
2.0182,2.3727,0,-0.086131,6.4324,0.56431
1.8337,2.3641,-0.69838,-0.097573,6.391,4.3763
1.7539,2.3543,-0.71812,-0.1115,6.3368,4.7223
1.7539,2.3432,0,-0.12497,6.2774,1.0096
1.7539,2.3307,0,-0.13667,6.2191,0.94628
1.5384,2.317,-0.68436,-8.8,6.1279,0
1.5384,1.437,0,0.23314,6.094,0.36369
1.5384,1.4603,0,-0.0062377,6.103,0
1.5384,1.4597,0,-0.012449,6.1109,0
1.289,1.4585,-0.6374,-0.020122,6.0747,2.3654
1.289,1.4564,0,-0.026536,6.0578,0.29514
1.289,1.4538,0,-0.033802,6.0412,0.27227
1.1034,1.4504,-0.78239,-0.041876,5.9933,2.8932
1.1034,1.4462,0,-0.051124,5.9588,0.62854
0.9395,1.4411,-1.1239,-0.061706,5.8989,3.7634
0.9395,1.4349,0,-0.075192,5.849,0.92509
0.9395,1.4274,0,-0.092937,5.7999,0.85638
0.9395,1.4181,0,-8.8,5.7515,0
0.36786,0.53813,-1.3814,-1.3814,5.6525,0.34905
0.23296,0.39999,-0.91175,-0.91175,5.6319,0.34242
0.13583,0.30882,-0.44478,-0.44478,5.621,0.35463
0.092278,0.26434,-0.24589,-0.24589,5.5988,0.35273
0.092278,0.23975,0,0.63301,5.5828,2.7215
0.1305,0.30305,-0.66292,-0.66292,5.5723,0.35373
