16.667,16.667,0.3915,0,35.5,0
16.667,16.667,0,0.016333,35.5,0.034989
16.667,16.668,0,0.027794,35.5,0.063797
16.784,16.671,0.57228,0.05322,35.522,0
16.784,16.676,0,0.080407,35.533,0
16.912,16.684,0.57943,0.10679,35.547,0
16.912,16.695,0,0.12632,35.569,0
16.912,16.708,0,0.14058,35.59,0
17.053,16.722,0.49755,0.15535,35.624,0
17.108,16.737,0.53509,0.17361,35.653,0
17.153,16.755,0.52975,0.18645,35.69,0
17.153,16.773,0,0.20268,35.729,0
17.264,16.794,0.52722,0.21945,35.77,0
17.315,16.816,0.49045,0.23302,35.809,0
17.36,16.839,0.44902,0.24282,35.858,0
17.399,16.863,0.50092,0.24927,35.919,0
17.399,16.888,0,0.26513,35.971,0
17.399,16.915,0,0.2815,36.021,0
17.399,16.943,0,0.2941,36.068,0
17.626,16.972,0.38547,0.3024,36.141,0
17.626,17.002,0,0.30445,36.204,0
17.626,17.033,0,0.30681,36.265,0
17.626,17.064,0,0.30438,36.323,0
17.626,17.094,0,0.29796,36.378,0
17.626,17.124,0,0.28378,36.429,0
17.749,17.152,-0.036705,0.27397,36.541,0
17.749,17.18,0,0.26344,36.6,0
17.739,17.206,-0.069593,0.24427,36.659,0
17.723,17.23,-0.055064,0.22563,36.71,0
17.723,17.253,0,0.21553,36.758,0
17.723,17.274,0,0.1995,36.804,0
17.723,17.294,0,0.1875,36.848,0
17.704,17.313,0.092312,0.17806,36.903,0
17.704,17.331,0,0.17104,36.941,0
17.726,17.348,0.20425,0.17191,36.975,0
17.726,17.365,0,0.16945,37.012,0
17.726,17.382,0,0.16999,37.047,0
17.726,17.399,0,0.17077,37.081,0
17.726,17.416,0,0.17617,37.113,0
17.726,17.434,0,0.17718,37.143,0
17.726,17.452,0,0.18171,37.171,0
17.726,17.47,0,0.18884,37.197,0
17.726,17.489,0,0.19504,37.222,0
17.945,17.508,0.41707,0.19739,37.334,0
17.945,17.528,0,0.20884,37.376,0
18.052,17.549,0.58465,0.22746,37.437,0
18.052,17.571,0,0.2432,37.486,0
18.052,17.596,0,0.25899,37.533,0
18.052,17.622,0,0.27798,37.577,0
18.293,17.65,0.55997,0.28959,37.66,0
18.293,17.678,0,0.30398,37.723,0
18.404,17.709,0.61132,0.31172,37.802,0
18.404,17.74,0,0.323,37.87,0
18.404,17.772,0,0.33225,37.935,0
18.566,17.806,0.50295,0.34003,38.02,0
18.566,17.84,0,0.34673,38.094,0
18.668,17.874,0.43587,0.35388,38.176,0
18.668,17.91,0,0.36037,38.254,0
18.766,17.946,0.46179,0.36467,38.338,0
18.766,17.982,0,0.36551,38.419,0
18.766,18.019,0,0.36802,38.495,0
18.9,18.055,0.52498,0.37352,38.59,0
18.9,18.093,0,0.38196,38.672,0
18.9,18.131,0,0.39034,38.751,0
18.9,18.17,0,0.38776,38.826,0
18.9,18.209,0,0.39013,38.897,0
18.9,18.248,0,0.38556,38.964,0
18.9,18.286,0,0.38296,39.027,0
19.196,18.325,0.54211,0.38158,39.201,0
19.196,18.363,0,0.39034,39.286,0
19.196,18.402,0,0.40096,39.368,0
19.196,18.442,0,0.40572,39.445,0
19.196,18.483,0,0.40751,39.518,0
19.196,18.523,0,0.40387,39.588,0
19.196,18.564,0,0.4,39.653,0
19.196,18.604,0,0.39844,39.714,0
19.556,18.644,0.36189,0.39466,39.936,0
19.556,18.683,0,0.39654,40.026,0
19.556,18.723,0,0.39003,40.111,0
19.556,18.762,0,0.38704,40.193,0
19.703,18.8,0.36187,0.3881,40.291,0
19.703,18.839,0,0.38904,40.379,0
19.789,18.878,0.39756,0.39047,40.474,0
19.839,18.917,0.40493,0.39448,40.564,0
19.839,18.957,0,0.39681,40.654,0
19.839,18.996,0,0.39634,40.741,0
19.972,19.036,0.47331,0.39884,40.843,0
19.972,19.076,0,0.39883,40.934,0
19.972,19.116,0,0.40219,41.022,0
20.12,19.156,0.40613,0.40919,41.134,0
20.156,19.197,0.39717,0.40611,41.221,0
20.187,19.237,0.4231,0.40166,41.31,0
20.22,19.278,0.41656,0.39812,41.408,0
20.22,19.317,0,0.39543,41.5,0
20.297,19.357,0.49218,0.39579,41.588,0
20.297,19.397,0,0.39646,41.68,0
20.297,19.436,0,0.39906,41.769,0
20.297,19.476,0,0.40252,41.853,0
20.297,19.516,0,0.40201,41.933,0
20.297,19.557,0,0.39763,42.009,0
20.297,19.596,0,0.39684,42.081,0
20.297,19.636,0,0.39391,42.149,0
20.618,19.675,0.26287,0.39272,42.363,0
20.645,19.715,0.24718,0.38683,42.45,0
20.669,19.753,0.25812,0.38007,42.532,0
20.698,19.791,0.25418,0.37584,42.614,0
20.698,19.829,0,0.37389,42.703,0
20.75,19.866,0.1812,0.36555,42.798,0
20.772,19.903,0.17084,0.35879,42.88,0
20.772,19.939,0,0.35051,42.965,0
20.772,19.974,0,0.34591,43.046,0
20.772,20.008,0,0.33998,43.124,0
20.772,20.042,0,0.33607,43.199,0
20.772,20.076,0,0.33738,43.27,0
20.772,20.11,0,0.33804,43.338,0
20.962,20.144,0.21339,0.33521,43.453,0
20.977,20.177,0.25017,0.32738,43.529,0
21,20.21,0.24449,0.32287,43.609,0
21.026,20.242,0.27515,0.31997,43.693,0
21.026,20.274,0,0.32081,43.77,0
21.026,20.306,0,0.32348,43.844,0
21.026,20.338,0,0.32066,43.914,0
21.161,20.371,0.32589,0.3213,44.024,0
21.2,20.403,0.36852,0.32382,44.097,0
21.228,20.435,0.36766,0.32188,44.178,0
21.228,20.467,0,0.32474,44.256,0
21.228,20.5,0,0.32732,44.331,0
21.228,20.532,0,0.33259,44.402,0
21.228,20.566,0,0.3323,44.47,0
21.228,20.599,0,0.33645,44.534,0
21.478,20.633,0.33919,0.34099,44.664,0
21.52,20.667,0.23737,0.34351,44.744,0
21.52,20.701,0,0.34022,44.827,0
21.52,20.735,0,0.32925,44.907,0
21.52,20.768,0,0.31971,44.984,0
21.577,20.8,-0.016025,0.31179,45.064,0
21.577,20.831,0,0.29567,45.141,0
21.578,20.861,-0.019696,0.2872,45.198,0
21.578,20.889,0,0.27552,45.268,0
21.577,20.917,-0.067509,0.26354,45.329,0
21.577,20.943,0,0.25386,45.394,0
21.577,20.969,0,0.24327,45.456,0
21.571,20.993,-0.12073,0.2302,45.506,0
21.571,21.016,0,0.21485,45.563,0
21.571,21.038,0,0.19876,45.617,0
21.571,21.057,0,0.18268,45.669,0
21.493,21.076,-0.16418,0.16594,45.696,0
21.493,21.092,0,0.15533,45.737,0
21.493,21.108,0,0.14622,45.777,0
21.469,21.122,-0.14972,0.13743,45.811,0
21.469,21.136,0,0.12378,45.845,0
21.424,21.149,-0.17076,0.10903,45.872,0.07909
21.411,21.159,-0.17493,0.09961,45.89,0.12143
21.411,21.169,0,0.085754,45.915,0
21.411,21.178,0,0.077197,45.939,0
21.411,21.186,0,0.067891,45.962,0
21.34,21.193,-0.16692,0.058382,45.978,0.23202
21.327,21.198,-0.20616,0.051057,45.993,0.37458
21.303,21.203,-0.21636,0.039243,45.996,0.44603
21.281,21.207,-0.23299,0.029048,46,0.53422
21.256,21.21,-0.26444,0.018144,46.005,0.67816
21.22,21.212,-0.25783,0.0030447,46.01,0.70633
21.22,21.212,0,-0.0015792,46.011,0
21.22,21.212,0,-0.0034842,46.011,0
21.22,21.212,0,-0.0050396,46.012,0
21.128,21.211,-0.22631,-0.0063557,45.998,0.81085
21.128,21.211,0,-0.0080506,45.99,0.15638
21.128,21.21,0,-0.0094677,45.981,0.15147
21.128,21.209,0,-0.01098,45.973,0.14606
21.128,21.208,0,-0.013197,45.965,0.13877
21.015,21.207,-0.16674,-0.014558,45.907,0.86606
21.015,21.205,0,-0.016121,45.888,0.37038
21.015,21.204,0,-0.017815,45.869,0.36259
20.95,21.202,-0.17025,-0.019194,45.845,1.0244
20.936,21.2,-0.17134,-0.020081,45.827,1.0564
20.936,21.198,0,-0.021502,45.801,0.51869
20.936,21.196,0,-0.023085,45.774,0.50962
20.936,21.193,0,-0.024795,45.749,0.49988
20.936,21.191,0,-0.025876,45.723,0.49141
20.824,21.188,-0.24335,-0.027904,45.654,1.5917
20.824,21.186,0,-0.029647,45.618,0.73101
20.824,21.183,0,-0.032024,45.582,0.71727
20.732,21.179,-0.23453,-0.034361,45.544,1.7769
20.732,21.176,0,-0.035562,45.5,0.91348
20.691,21.172,-0.19812,-0.037126,45.45,1.716
20.691,21.169,0,-0.038803,45.402,0.9888
20.646,21.165,-0.17371,-0.0402,45.337,1.7157
20.646,21.161,0,-0.040798,45.285,1.0773
20.646,21.157,0,-0.042063,45.234,1.0631
20.646,21.152,0,-0.043585,45.183,1.0478
20.646,21.148,0,-0.044726,45.132,1.0334
20.558,21.144,-0.22156,-0.045745,45.058,2.0985
20.558,21.139,0,-0.046705,45,1.2271
20.527,21.134,-0.18747,-0.047631,44.945,2.008
20.527,21.13,0,-0.049124,44.885,1.2758
20.527,21.125,0,-0.050885,44.825,1.2573
20.468,21.12,-0.15868,-0.051418,44.765,2.0039
20.468,21.114,0,-0.052774,44.7,1.3796
20.435,21.109,-0.15845,-0.053444,44.623,2.0627
20.426,21.104,-0.1269,-0.053834,44.547,1.9379
20.415,21.098,-0.088719,-0.054417,44.481,1.7991
20.415,21.093,0,-0.05469,44.413,1.4562
20.415,21.088,0,-0.055249,44.345,1.4397
20.415,21.082,0,-0.054479,44.278,1.4276
20.405,21.077,0.03071,-0.053947,44.206,1.3382
20.412,21.071,0.022449,-0.053059,44.14,1.3357
20.418,21.066,0.015523,-0.052302,44.084,1.3333
20.418,21.061,0,-0.051272,44.019,1.3749
20.418,21.056,0,-0.050903,43.955,1.3625
20.414,21.05,-0.13968,-0.051701,43.897,1.8785
20.414,21.045,0,-0.052415,43.834,1.3411
20.414,21.04,0,-0.053223,43.771,1.3247
20.414,21.035,0,-0.053859,43.709,1.3087
20.414,21.029,0,-0.054172,43.647,1.2936
20.346,21.024,-0.22742,-0.05559,43.575,2.3725
20.327,21.018,-0.3157,-0.056846,43.511,2.8496
20.327,21.013,0,-0.059161,43.442,1.4614
20.258,21.007,-0.48279,-0.061882,43.376,4.0025
20.258,21.001,0,-0.065179,43.301,1.5953
20.258,20.994,0,-0.068672,43.228,1.5656
20.119,20.987,-0.59848,-0.072319,43.137,5.2159
20.069,20.98,-0.66624,-0.076108,43.051,5.895
19.994,20.972,-0.76075,-0.081944,42.963,6.947
19.918,20.964,-0.90901,-0.087947,42.86,8.6271
19.918,20.955,0,-0.095852,42.756,2.315
19.918,20.946,0,-0.10416,42.653,2.2545
19.918,20.935,0,-0.11421,42.551,2.1856
19.918,20.924,0,-0.12328,42.45,2.1185
19.918,20.912,0,-0.13294,42.35,2.0475
19.918,20.898,0,-0.14334,42.251,1.9721
19.918,20.884,0,-0.15413,42.154,1.8936
19.918,20.869,0,-0.16516,42.058,1.8126
19.918,20.852,0,-0.1765,41.964,1.7291
19.918,20.834,0,-0.18827,41.871,1.6428
18.583,20.816,-1.3238,-0.19997,41.048,19.675
18.583,20.796,0,-0.21149,40.826,5.692
18.583,20.774,0,-0.22255,40.606,5.5533
18.583,20.752,0,-0.23479,40.388,5.4056
18.583,20.729,0,-0.24729,40.172,5.2538
18.583,20.704,0,-0.26063,39.959,5.0949
18.583,20.678,0,-0.27315,39.748,4.9376
17.665,20.651,-1.2846,-0.28578,39.229,22.901
17.665,20.622,0,-0.29947,38.932,8.0822
17.665,20.592,0,-0.31259,38.638,7.8782
17.665,20.561,0,-0.32769,38.347,7.6588
17.124,20.528,-1.2929,-0.34173,37.962,25.119
17.124,20.494,0,-0.35566,37.623,9.4431
17.124,20.458,0,-0.37079,37.288,9.1919
17.124,20.421,0,-0.38478,36.956,8.9442
16.622,20.383,-1.3201,-0.39913,36.534,27.28
16.622,20.343,0,-0.41496,36.16,10.563
16.622,20.301,0,-0.43071,35.79,10.273
16.622,20.258,0,-0.448,35.424,9.9685
16.622,20.213,0,-0.4658,35.063,9.657
16.622,20.167,0,-0.48331,34.706,9.3437
16.622,20.119,0,-0.50086,34.354,9.027
15.703,20.068,-1.3174,-0.52066,33.696,29.857
15.703,20.016,0,-0.54113,33.262,12.329
15.438,19.962,-1.3337,-0.56083,32.806,30.755
15.309,19.906,-1.3572,-0.58148,32.345,31.435
15.309,19.848,0,-0.60406,31.888,12.905
15.036,19.788,-1.3256,-0.627,31.403,31.36
14.901,19.725,-1.3529,-0.65067,30.924,32.076
14.774,19.66,-1.3194,-0.6741,30.439,31.601
14.774,19.592,0,-0.70027,29.953,13.492
14.774,19.522,0,-0.72651,29.475,12.973
14.367,19.45,-1.3116,-0.75351,28.936,31.853
14.367,19.374,0,-0.78275,28.432,13.758
14.098,19.296,-1.2858,-0.81118,27.903,31.48
13.977,19.215,-1.2547,-0.83988,27.374,30.858
13.977,19.131,0,-0.86969,26.855,13.792
13.741,19.044,-1.1484,-0.89854,26.321,28.778
13.741,18.954,0,-0.92796,25.795,13.636
13.518,18.861,-0.94584,-0.9583,25.269,25.154
13.42,18.766,-0.84947,-0.9874,24.738,23.453
13.42,18.667,0,-1.0152,24.208,13.149
13.252,18.565,-0.69795,-1.0424,23.685,20.668
13.252,18.461,0,-1.0682,23.159,12.6
13.115,18.354,-0.59745,-1.0937,22.64,18.528
13.115,18.245,0,-1.1183,22.122,11.899
12.998,18.133,-0.5762,-1.1432,21.601,17.268
12.933,18.019,-0.59459,-1.1706,21.083,16.973
12.933,17.902,0,-1.1991,20.58,10.668
12.933,17.782,0,-1.2235,20.089,10.015
12.754,17.659,-0.64804,-1.2482,19.578,15.929
12.754,17.535,0,-1.2763,19.094,9.4123
12.616,17.407,-0.62282,-1.3035,18.624,14.587
12.56,17.277,-0.61413,-1.3295,18.14,13.903
12.56,17.144,0,-1.3562,17.675,8.1899
12.429,17.008,-0.60179,-1.3838,17.211,12.656
12.373,16.87,-0.60271,-1.4069,16.765,12.089
12.373,16.729,0,-1.4303,16.322,6.9843
12.373,16.586,0,-1.456,15.894,6.38
12.179,16.44,-0.62728,-1.4828,15.456,10.627
12.179,16.292,0,-1.5062,15.037,5.8377
12.179,16.141,0,-1.5289,14.634,5.29
12.179,15.989,0,-1.5474,14.245,4.7873
12.179,15.834,0,-1.5704,13.872,4.3021
11.869,15.677,-0.62139,-1.5911,13.41,7.8522
11.814,15.518,-0.63131,-1.6048,13.029,7.4097
11.814,15.357,0,-4.4,12.667,39.28
11.687,14.917,-0.61042,-4.4,12.314,39.543
11.687,14.477,0,-4.4,12.013,61.433
11.687,14.037,0,-4.4,11.756,80.829
11.687,13.597,0,-4.4,11.543,107.98
11.687,13.157,0,-4.4,11.374,147.64
11.687,12.717,0,-4.4,11.249,209.43
11.687,12.277,0,-4.4,11.169,316.3
11.052,11.837,-2.6541,-0.33753,10.963,38.75
11.052,11.803,0,-5.2,10.886,0
10.416,11.283,-4.3479,-0.36452,10.774,178.87
9.9832,11.247,-4.6386,-0.53767,10.672,239.24
9.9832,11.193,0,-5.2,10.548,2035.7
9.9832,10.673,0,-0.66929,10.453,0.30795
8.7002,10.606,-3.0313,-5.2,10.189,0
8.7002,10.086,0,-5.2,10.025,430.33
8.7002,9.5663,0,-0.56122,9.9123,0.64618
8.0516,9.5102,-0.95714,-5.2,9.7057,1976.9
7.9622,8.9902,-0.61768,-0.40995,9.5853,3.9253
7.908,8.9492,-0.32141,-0.42061,9.4823,2.3618
7.908,8.9071,0,-5.2,9.3803,193.56
7.908,8.3871,0,-0.2107,9.3064,0.54083
7.8294,8.3661,-0.076189,-0.21049,9.2367,0.85889
7.8285,8.345,-0.087703,-0.20426,9.1759,0.8603
7.8158,8.3246,-0.093047,-5.2,9.1253,184.79
7.8095,7.8046,-0.064281,0.0024428,9.0936,0.14064
7.8116,7.8048,-0.071898,0.0033699,9.0932,0.15742
7.8116,7.8052,0,-0.0028131,9.0939,0
7.8116,7.8049,0,-0.0056106,9.0946,0
7.7846,7.8043,-0.073813,-0.0073614,9.0892,0.19476
7.7846,7.8036,0,-0.0082134,9.0873,0.021621
7.7752,7.8028,-0.064104,-0.010268,9.097,0.18105
7.7715,7.8017,-0.047986,-0.011277,9.0914,0.14576
7.7715,7.8006,0,-0.01089,9.0885,0.03675
7.7715,7.7995,0,-0.0098334,9.0856,0.036747
7.7601,7.7985,-0.17121,-0.014354,9.0846,0.48818
7.7601,7.7971,0,-0.017677,9.0808,0.038657
7.7601,7.7953,0,-0.028255,9.0772,0.013117
7.6944,7.7925,-0.30458,-0.036672,9.0775,1.0278
7.657,7.7888,-0.28002,-0.049355,9.0691,0.98408
7.657,7.7839,0,-0.059039,9.0561,0.13621
7.657,7.778,0,-0.063864,9.0437,0.114
7.6103,7.7716,-0.082284,-0.060867,9.0121,0.40126
7.6103,7.7655,0,-0.058455,8.9963,0.19621
7.6103,7.7597,0,-0.063603,8.9811,0.17287
7.6103,7.7533,0,-0.070351,8.9664,0.14544
7.6103,7.7463,0,-0.080386,8.9525,0.11043
7.6103,7.7382,0,-0.097665,8.9393,0.060294
7.6103,7.7285,0,-0.1147,8.927,0.0096103
7.6103,7.717,0,-0.14163,8.9157,0
7.2502,7.7029,-1.2116,-5.2,8.8462,256.88
7.1269,7.1829,-1.4283,-0.020114,8.8156,9.8638
7.1269,7.1808,0,-0.073288,8.8101,0
7.1269,7.1735,0,-0.13108,8.805,0
7.1269,7.1604,0,-0.1911,8.801,0
6.4612,7.1413,-1.8473,-0.25011,8.6594,17.942
6.4612,7.1163,0,-0.31148,8.5927,0.68862
6.4612,7.0851,0,-5.2,8.5287,65.2
6.4612,6.5651,0,-0.23721,8.4923,0
5.6829,6.5414,-2.0553,-0.30659,8.323,22.775
5.6829,6.5108,0,-5.2,8.2386,37.464
5.6829,5.9908,0,-0.24331,8.1819,0.14219
5.0514,5.9664,-2.1696,-0.31301,8.0433,25.779
5.0514,5.9351,0,-8.8,7.9534,15.207
5.0514,5.0551,0,-0.13004,7.909,0
5.0514,5.0421,0,-0.19361,7.9093,0
5.0514,5.0228,0,-0.25601,7.9112,0
5.0514,4.9972,0,-0.31904,7.9153,0
3.7387,4.9653,-2.2288,-0.38406,7.5251,9.5987
3.7387,4.9268,0,-8.8,7.4043,0
3.2854,4.0468,-2.2758,-0.20226,7.2722,8.3559
3.2854,4.0266,0,-0.26338,7.1971,0.98985
3.2854,4.0003,0,-0.32503,7.1243,0.78395
2.6056,3.9678,-2.0345,-8.8,6.958,0
2.6056,3.0878,0,-0.15108,6.8658,0.68843
2.2123,3.0727,-1.7944,-0.19035,6.7846,6.7024
2.2123,3.0536,0,-0.22818,6.6995,1.3259
1.8675,3.0308,-1.6168,-0.26665,6.581,6.6532
1.8675,3.0042,0,-8.8,6.466,0
1.8675,2.1242,0,-0.096035,6.3964,0.32654
1.8675,2.1145,0,-0.12004,6.3712,0.25429
1.25,2.1025,-1.2875,-0.14527,6.2,5.0179
1.1214,2.088,-0.99859,-0.16757,6.1075,4.6396
1.0164,2.0713,-0.67713,-8.8,6.0019,0
0.95645,1.1913,-0.45749,-0.023262,5.9379,2.1977
0.95645,1.1889,0,-0.028634,5.9145,0.43421
0.95645,1.1861,0,-0.031354,5.8914,0.42096
0.86777,1.1829,-0.054598,-0.031749,5.8512,0.77134
0.86777,1.1798,0,-0.033025,5.8198,0.60507
0.86777,1.1765,0,-0.033528,5.7888,0.59603
0.83371,1.1731,-0.10531,-0.034958,5.7414,0.98232
0.83224,1.1696,-0.11186,-0.034932,5.712,0.99882
0.81876,1.1661,-0.081689,-0.036146,5.6836,0.92248
0.81876,1.1625,0,-0.03671,5.649,0.66957
0.80567,1.1588,-0.099479,-0.03719,5.6197,0.99176
0.80567,1.1551,0,-0.038854,5.5845,0.67715
0.80567,1.1512,0,-8.8,5.5498,0
0.80567,0.27123,0,-0.099555,5.5592,0
0.74812,0.26127,-0.088463,-0.088463,5.6042,0
0.74812,0.25242,0,-0.093015,5.6533,0
0.74812,0.24312,0,-0.1037,5.7033,0
0.74812,0.23275,0,-0.099841,5.7544,0
0.74812,0.22277,0,-0.095972,5.8064,0
0.73519,0.21317,-0.10197,-0.10197,5.8677,0
0.73519,0.20297,0,-0.096721,5.9204,0
0.71543,0.1933,-0.097964,-0.097964,5.9756,0
0.71543,0.18351,0,-0.10033,6.0283,0
0.71543,0.17347,0,-0.097706,6.082,0
0.71543,0.1637,0,-0.096171,6.1367,0
0.67726,0.15409,-0.097243,-0.097243,6.1829,0
0.67219,0.14436,-0.092416,-0.092416,6.2393,0
0.67219,0.13512,0,-0.091295,6.2926,0
0.67219,0.12599,0,-0.094259,6.3468,0
0.67219,0.11656,0,-0.092926,6.4018,0
0.67219,0.10727,0,-0.093887,6.4579,0
0.62821,0.097883,-0.093321,-0.093321,6.4933,0
0.61589,0.088551,-0.093074,-0.093074,6.5366,0
0.61589,0.079243,0,-0.096029,6.5898,0
0.61589,0.06964,0,-0.097218,6.6439,0
0.58654,0.059919,-0.098086,-0.098086,6.7061,0
0.58672,0.05011,-0.096283,-0.096283,6.7535,0
0.58672,0.040482,0,-0.099156,6.8077,0
0.58672,0.030566,0,-0.097195,6.8628,0
0.54654,0.020847,-0.093949,-0.093949,6.9052,0
0.52967,0.011452,-0.092032,-0.092032,6.9494,0
0.53012,0.0022486,-0.093691,-0.093691,6.9981,0
0.53012,0,0,-0.091286,7.0513,0
0.53012,0,0,-0.088908,7.1048,0
0.53012,0,0,-0.092485,7.1583,0
0.51012,0,-0.094623,-0.094623,7.2168,0
0.51012,0,0,-0.094377,7.2683,0
0.51012,0,0,-0.096063,7.3198,0
0.51012,0,0,-0.098441,7.3713,0
0.47962,0,-0.098412,-0.098412,7.4396,0
0.47962,0,0,-0.10039,7.488,0
0.47577,0,-0.097062,-0.097062,7.5476,0
