27.222,27.222,0.084635,0,35.5,0
27.222,27.222,0,-0.00023303,35.5,0
27.222,27.222,0,0.0030272,35.5,0.0063361
27.222,27.223,0,0.0063352,35.5,0.01399
27.27,27.223,0.16851,0.0097283,35.501,0
27.27,27.224,0,0.01195,35.505,0
27.27,27.225,0,0.012941,35.51,0
27.27,27.227,0,0.014712,35.514,0
27.27,27.228,0,0.018369,35.519,0
27.27,27.23,0,0.01971,35.523,0
27.337,27.232,0.1307,0.021747,35.534,0
27.344,27.234,0.12951,0.022805,35.547,0
27.344,27.236,0,0.02621,35.558,0
27.344,27.239,0,0.027406,35.569,0
27.344,27.242,0,0.028872,35.579,0
27.344,27.245,0,0.03032,35.589,0
27.383,27.248,-0.002948,0.028113,35.595,0
27.376,27.25,0.0046697,0.025975,35.606,0
27.376,27.253,0,0.025865,35.618,0
27.383,27.256,0.080298,0.026411,35.626,0
27.383,27.258,0,0.026285,35.639,0
27.407,27.261,0.16776,0.030252,35.646,0
27.407,27.264,0,0.033397,35.66,0
27.439,27.267,0.23888,0.035578,35.683,0
27.439,27.271,0,0.041777,35.7,0
27.439,27.275,0,0.045014,35.716,0
27.439,27.279,0,0.04884,35.732,0
27.548,27.284,0.41855,0.054657,35.768,0
27.548,27.29,0,0.063934,35.795,0
27.548,27.296,0,0.070962,35.82,0
27.548,27.303,0,0.08193,35.845,0
27.548,27.312,0,0.089621,35.869,0
27.794,27.32,0.44878,0.098553,35.974,0
27.794,27.33,0,0.10608,36.021,0
27.876,27.341,0.45567,0.11155,36.078,0
27.876,27.352,0,0.11731,36.131,0
27.966,27.364,0.44094,0.12557,36.182,0
27.966,27.376,0,0.13152,36.242,0
27.966,27.39,0,0.13914,36.3,0
27.966,27.403,0,0.14493,36.357,0
28.131,27.418,0.35595,0.1492,36.444,0
28.131,27.433,0,0.15342,36.515,0
28.131,27.448,0,0.15839,36.584,0
28.131,27.464,0,0.16015,36.651,0
28.253,27.48,0.26686,0.16227,36.746,0
28.253,27.496,0,0.16493,36.822,0
28.253,27.513,0,0.16614,36.897,0
28.253,27.529,0,0.1666,36.97,0
28.253,27.546,0,0.16552,37.042,0
28.347,27.563,0.00091971,0.16552,37.131,0
28.347,27.579,0,0.16268,37.208,0
28.343,27.595,-0.12035,0.158,37.299,0
28.328,27.611,-0.14689,0.15161,37.373,0
28.328,27.626,0,0.14623,37.444,0
28.288,27.641,-0.23969,0.13711,37.519,0
28.261,27.655,-0.25078,0.12859,37.588,0
28.238,27.668,-0.27454,0.12104,37.652,0
28.238,27.68,0,0.11325,37.708,0
28.238,27.691,0,0.10592,37.764,0
28.238,27.702,0,0.098799,37.818,0
28.238,27.711,0,0.090071,37.871,0
28.099,27.72,-0.27302,0.080594,37.92,0.044027
28.075,27.729,-0.25866,0.073804,37.954,0.059875
28.075,27.736,0,0.068601,37.988,0
28.075,27.743,0,0.062537,38.022,0
28.075,27.749,0,0.053532,38.054,0
27.98,27.754,-0.25013,0.048113,38.071,0.25839
27.963,27.759,-0.23885,0.043449,38.085,0.26423
27.931,27.764,-0.22236,0.035774,38.105,0.28063
27.931,27.767,0,0.031862,38.122,0
27.931,27.77,0,0.026393,38.138,0
27.931,27.773,0,0.022248,38.154,0
27.931,27.775,0,0.019151,38.17,0
27.855,27.777,-0.088841,0.016606,38.157,0.073693
27.839,27.779,-0.019342,0.01288,38.173,0
27.839,27.78,0,0.012187,38.179,0
27.843,27.781,0.089702,0.013234,38.185,0
27.861,27.783,0.15714,0.016678,38.187,0
27.861,27.784,0,0.017647,38.195,0
27.891,27.786,0.22522,0.022397,38.192,0
27.912,27.788,0.25182,0.026514,38.197,0
27.912,27.791,0,0.03196,38.209,0
27.912,27.794,0,0.03649,38.221,0
27.988,27.798,0.24196,0.040545,38.253,0
28.015,27.802,0.22142,0.045611,38.273,0
28.031,27.806,0.21308,0.047956,38.29,0
28.043,27.811,0.18421,0.049505,38.315,0
28.043,27.816,0,0.053126,38.338,0
28.043,27.821,0,0.056731,38.36,0
28.102,27.827,0.090581,0.05869,38.391,0
28.102,27.833,0,0.060271,38.419,0
28.119,27.839,0.056485,0.060026,38.465,0
28.133,27.845,0.053155,0.06172,38.488,0
28.133,27.851,0,0.063141,38.517,0
28.156,27.857,0.097292,0.064031,38.55,0
28.175,27.864,0.12373,0.066685,38.58,0
28.175,27.871,0,0.065919,38.611,0
28.175,27.877,0,0.068665,38.641,0
28.175,27.884,0,0.071536,38.67,0
28.175,27.891,0,0.07608,38.699,0
28.282,27.899,0.29423,0.082382,38.754,0
28.282,27.907,0,0.089069,38.792,0
28.282,27.916,0,0.096029,38.829,0
28.282,27.926,0,0.103,38.865,0
28.282,27.936,0,0.10952,38.9,0
28.282,27.947,0,0.11443,38.934,0
28.282,27.958,0,0.11917,38.967,0
28.282,27.97,0,0.1255,38.999,0
28.282,27.983,0,0.13259,39.03,0
28.282,27.996,0,0.13667,39.059,0
28.282,28.01,0,0.14143,39.087,0
28.282,28.024,0,0.14617,39.114,0
28.282,28.038,0,0.15049,39.139,0
28.777,28.053,0.35894,0.15648,39.461,0
28.81,28.069,0.34078,0.16041,39.535,0
28.843,28.085,0.31739,0.16402,39.614,0
28.843,28.102,0,0.16917,39.689,0
28.843,28.118,0,0.17386,39.762,0
28.843,28.136,0,0.17356,39.834,0
28.843,28.153,0,0.17215,39.903,0
28.946,28.17,-0.015072,0.16872,40.018,0
28.95,28.187,-0.11893,0.16586,40.098,0
28.933,28.204,-0.16479,0.15879,40.171,0
28.933,28.22,0,0.15029,40.243,0
28.891,28.235,-0.17942,0.14313,40.304,0
28.891,28.249,0,0.13749,40.368,0
28.891,28.263,0,0.12866,40.432,0
28.891,28.276,0,0.12024,40.494,0
28.801,28.288,-0.19279,0.11211,40.531,0
28.801,28.299,0,0.10464,40.582,0
28.766,28.309,-0.25882,0.099736,40.628,0
28.766,28.319,0,0.091383,40.673,0
28.706,28.328,-0.47011,0.082526,40.707,0.76748
28.659,28.337,-0.61466,0.070545,40.739,1.5764
28.592,28.344,-0.7668,0.054384,40.765,2.6528
28.525,28.349,-0.91063,0.038522,40.783,3.8708
28.441,28.353,-1.065,0.019325,40.787,5.4342
28.441,28.355,0,-0.0031279,40.796,0
28.441,28.355,0,-0.019007,40.804,0
28.085,28.353,-1.3125,-0.033923,40.77,9.4706
28.085,28.349,0,-0.05052,40.743,0.45196
28.085,28.344,0,-0.06627,40.717,0.40227
28.085,28.338,0,-0.082451,40.691,0.34981
28.085,28.329,0,-0.097295,40.667,0.29875
27.44,28.32,-1.3141,-0.11237,40.496,12.221
27.302,28.309,-1.2495,-0.12902,40.395,11.942
27.302,28.296,0,-0.14312,40.295,2.0094
27.302,28.281,0,-0.15803,40.196,1.9158
27.302,28.265,0,-0.17161,40.099,1.8247
26.84,28.248,-1.03,-0.1837,39.922,10.995
26.84,28.23,0,-0.19635,39.783,2.967
26.631,28.21,-1.0273,-0.20812,39.636,11.667
26.538,28.19,-0.9661,-0.21895,39.474,11.256
26.538,28.168,0,-0.23133,39.31,3.5687
26.538,28.144,0,-0.24269,39.148,3.444
26.538,28.12,0,-0.25329,38.989,3.3208
26.538,28.095,0,-0.26487,38.832,3.1921
26.063,28.068,-0.8879,-0.27543,38.536,11.765
25.973,28.041,-0.87327,-0.28604,38.341,11.838
25.973,28.012,0,-0.29548,38.135,4.6324
25.816,27.983,-0.83131,-0.30454,37.925,11.738
25.727,27.952,-0.79436,-0.31539,37.698,11.545
25.727,27.921,0,-0.32599,37.477,5.0155
25.727,27.888,0,-0.3362,37.259,4.8496
25.727,27.855,0,-0.34504,37.045,4.6891
25.727,27.82,0,-0.35276,36.834,4.5332
25.727,27.785,0,-0.35862,36.626,4.3857
25.318,27.749,-0.48258,-0.3642,36.282,9.1496
25.318,27.712,0,-0.36919,36.04,5.5082
25.318,27.676,0,-0.37353,35.803,5.3528
25.207,27.638,-0.30671,-0.37535,35.534,7.6459
25.17,27.601,-0.30943,-0.37881,35.296,7.639
25.17,27.563,0,-0.38097,35.055,5.4378
25.17,27.525,0,-0.38475,34.817,5.2821
25.17,27.486,0,-0.38892,34.584,5.1246
25.17,27.447,0,-0.3933,34.354,4.9663
25.17,27.408,0,-0.39492,34.128,4.8221
25.17,27.368,0,-0.3961,33.907,4.6809
24.969,27.329,0.10616,-0.39458,33.604,4.6887
24.969,27.289,0,-0.3893,33.37,5.1375
25.013,27.25,0.33375,-0.3814,33.156,3.38
25.013,27.212,0,-0.37391,32.934,4.7949
25.085,27.175,0.46821,-0.36294,32.721,2.6106
25.085,27.139,0,-0.35307,32.514,4.3989
25.085,27.103,0,-0.33865,32.31,4.3493
25.085,27.069,0,-0.32286,32.11,4.311
25.085,27.037,0,-0.30783,31.913,4.2745
25.085,27.006,0,-0.29247,31.72,4.2446
25.085,26.977,0,-0.27658,31.529,4.2224
25.085,26.949,0,-0.26134,31.341,4.2024
25.603,26.923,0.71935,-0.24387,31.332,0.89564
25.603,26.899,0,-0.22665,31.201,2.5617
25.603,26.876,0,-0.20928,31.073,2.5632
25.603,26.855,0,-0.19246,30.947,2.5678
25.603,26.836,0,-0.17526,30.822,2.5791
25.603,26.819,0,-0.16046,30.7,2.5862
25.603,26.803,0,-0.14637,30.579,2.5949
25.603,26.788,0,-0.13355,30.46,2.6029
25.603,26.775,0,-0.12161,30.342,2.6113
25.603,26.762,0,-0.10822,30.226,2.6294
26.247,26.752,0.58479,-0.096948,30.467,0.025223
26.313,26.742,0.5849,-0.082574,30.414,0
26.313,26.734,0,-0.07066,30.372,0.75783
26.426,26.727,0.59735,-0.058116,30.333,0
26.426,26.721,0,-0.047183,30.304,0.52828
26.426,26.716,0,-0.035038,30.274,0.549
26.426,26.713,0,-0.023986,30.246,0.57009
26.426,26.71,0,-0.0117,30.217,0.59753
26.426,26.709,0,-0.0030671,30.189,0.61838
26.737,26.709,0.51455,0.0052519,30.265,0
26.737,26.709,0,0.014391,30.268,0
26.737,26.711,0,0.024552,30.271,0
26.884,26.713,0.45833,0.03168,30.287,0
26.884,26.716,0,0.038848,30.304,0
26.884,26.72,0,0.044976,30.32,0
26.884,26.725,0,0.052689,30.336,0
27.041,26.73,0.28347,0.057789,30.382,0
27.041,26.736,0,0.06087,30.413,0
27.094,26.742,0.25767,0.065517,30.462,0
27.094,26.748,0,0.06937,30.497,0
27.094,26.755,0,0.073767,30.531,0
27.182,26.763,0.25735,0.078129,30.559,0
27.212,26.77,0.25234,0.082385,30.592,0
27.212,26.779,0,0.086393,30.636,0
27.212,26.787,0,0.088465,30.679,0
27.28,26.796,0.25988,0.09038,30.729,0
27.28,26.805,0,0.094638,30.777,0
27.28,26.815,0,0.09781,30.824,0
27.355,26.824,0.2623,0.099428,30.896,0
27.355,26.834,0,0.10258,30.948,0
27.355,26.845,0,0.10525,31,0
27.427,26.855,0.16512,0.10753,31.054,0
27.427,26.866,0,0.10719,31.11,0
27.452,26.877,-0.04591,0.10825,31.17,0
27.445,26.887,-0.19607,0.10507,31.233,0
27.445,26.898,0,0.10113,31.289,0
27.41,26.908,-0.40086,0.094801,31.34,0.18787
27.372,26.918,-0.41606,0.085885,31.394,0.34244
27.323,26.926,-0.40243,0.075054,31.445,0.41354
27.323,26.934,0,0.066844,31.484,0
27.248,26.94,-0.3146,0.05829,31.517,0.28718
27.248,26.946,0,0.05208,31.547,0
27.248,26.951,0,0.046103,31.577,0
27.248,26.956,0,0.038197,31.607,0
27.12,26.96,-0.55236,0.030416,31.603,1.6094
27.068,26.963,-0.63355,0.019965,31.614,2.1854
27.068,26.965,0,0.007695,31.625,0
27.068,26.966,0,-0.0049906,31.635,0
27.068,26.965,0,-0.018248,31.645,0
26.782,26.963,-0.76639,-0.032948,31.622,3.834
26.782,26.96,0,-0.048008,31.604,0.26676
26.782,26.955,0,-0.061573,31.586,0.22599
26.782,26.949,0,-0.076592,31.569,0.18057
26.436,26.941,-0.93691,-0.092662,31.491,6.2273
26.436,26.932,0,-0.10847,31.441,0.83309
26.242,26.921,-1.0432,-0.12526,31.37,7.8387
26.242,26.909,0,-0.14359,31.303,1.1458
26.242,26.894,0,-0.16244,31.237,1.0559
26.242,26.878,0,-0.17926,31.173,0.97017
26.242,26.86,0,-0.19877,31.11,0.87635
26.242,26.84,0,-0.21663,31.049,0.78606
26.242,26.819,0,-0.23302,30.99,0.69898
26.242,26.795,0,-0.24765,30.934,0.61587
25.413,26.771,-0.82941,-0.26024,30.521,8.0103
25.413,26.745,0,-0.27284,30.386,2.4873
25.413,26.717,0,-0.2827,30.255,2.3725
25.413,26.689,0,-0.29552,30.126,2.2465
25.413,26.659,0,-0.3081,29.999,2.1208
25.012,26.629,-0.84072,-0.32063,29.795,8.9034
25.012,26.597,0,-0.33173,29.635,3
24.844,26.563,-0.92346,-0.34641,29.462,10.045
24.844,26.529,0,-0.36128,29.291,3.1804
24.654,26.493,-0.98265,-0.37724,29.09,11.045
24.654,26.455,0,-0.39319,28.908,3.4034
24.654,26.416,0,-0.40936,28.73,3.2164
24.654,26.375,0,-0.4264,28.556,3.0261
24.654,26.332,0,-0.4452,28.386,2.8296
24.654,26.288,0,-0.46333,28.22,2.6365
24.654,26.241,0,-0.48408,28.059,2.4361
24.654,26.193,0,-0.50328,27.903,2.2431
24.654,26.142,0,-0.52372,27.751,2.0495
23.668,26.09,-1.2506,-0.54728,27.163,16.1
23.668,26.035,0,-0.5688,26.923,4.4264
23.668,25.978,0,-0.59205,26.69,4.1391
23.668,25.919,0,-0.6121,26.461,3.8676
23.668,25.858,0,-0.62671,26.239,3.6211
23.151,25.795,-0.6904,-0.63954,25.876,9.9544
23.151,25.731,0,-0.65133,25.614,4.7449
23.014,25.666,-0.57027,-0.66018,25.347,8.7625
23.014,25.6,0,-0.66915,25.085,4.6829
22.9,25.533,-0.58628,-0.67452,24.822,8.7056
22.846,25.466,-0.59384,-0.6814,24.552,8.6597
22.779,25.398,-0.62533,-0.69104,24.297,8.8565
22.779,25.329,0,-0.69831,24.038,4.4321
22.779,25.259,0,-0.707,23.787,4.1741
22.779,25.188,0,-0.71906,23.542,3.9065
22.779,25.116,0,-0.72981,23.305,3.6488
22.779,25.043,0,-0.74253,23.075,3.3888
22.779,24.969,0,-0.75661,22.852,3.13
22.779,24.893,0,-0.77024,22.637,2.8794
22.194,24.816,-0.84876,-0.78349,22.194,10.235
22.194,24.738,0,-0.79705,21.936,3.9938
22.194,24.658,0,-0.81219,21.685,3.6986
22.194,24.577,0,-0.84061,21.443,3.363
22.194,24.493,0,-0.87684,21.209,3.0136
22.194,24.405,0,-0.91683,20.983,2.6703
22.194,24.314,0,-0.96463,20.767,2.3301
22.194,24.217,0,-1.0297,20.56,1.9885
20.91,24.114,-2.901,-1.1063,19.952,56.543
20.91,24.004,0,-1.1972,19.638,4.0548
20.91,23.884,0,-1.3046,19.334,3.4061
20.91,23.753,0,-1.4332,19.043,2.8221
19.461,23.61,-4.723,-1.5861,18.501,233.16
18.985,23.451,-4.9062,-1.7636,18.063,277.58
18.985,23.275,0,-1.9542,17.625,4.7357
18.985,23.08,0,-2.1512,17.206,3.9356
18.985,22.865,0,-2.3555,16.807,3.6021
18.985,22.629,0,-5.0477,16.431,83.943
16.664,22.124,-3.7343,-4.6963,15.494,0
16.664,21.655,0,-4.4065,14.972,17.759
15.951,21.214,-3.189,-4.1498,14.417,56.666
15.951,20.799,0,-3.9401,13.911,11.02
15.951,20.405,0,-3.7625,13.446,10.804
15.951,20.029,0,-3.5461,13.019,10.001
14.795,19.674,-2.3413,-3.3032,12.374,20.156
14.566,19.344,-2.0793,-3.0387,11.898,17.158
14.349,19.04,-1.8208,-2.9,11.416,13.828
14.349,18.75,0,-2.9,10.962,4.6269
14.349,18.46,0,-2.9,10.536,4.8185
13.854,18.17,-1.2265,-4.4,10.06,11.407
13.854,17.73,0,-4.4,9.6503,32.445
13.617,17.29,-1.0843,-4.4,9.265,22.322
13.617,16.85,0,-4.4,8.9197,47.094
13.617,16.41,0,-4.4,8.6184,61.322
13.299,15.97,-0.91205,-4.4,8.3193,60.072
13.2,15.53,-0.80429,-4.4,8.064,83.262
13.2,15.09,0,-4.4,7.853,109.44
13.037,14.65,-0.54545,-4.4,7.6713,157.51
12.981,14.21,-0.41388,-4.4,7.526,219.25
12.981,13.77,0,-4.4,7.4251,259.89
12.981,13.33,0,-4.4,7.3683,414.87
12.905,12.89,-0.18183,-4.4,7.3395,1153.9
12.905,12.45,0,-4.4,7.3631,2274.6
12.905,12.01,0,-5.2,7.4306,0
12.905,11.49,0,-5.2,7.5462,0
12.905,10.97,0,-5.2,7.7137,0
12.905,10.45,0,-5.2,7.9333,0
12.905,9.9299,0,-5.2,8.2048,0
12.905,9.4099,0,-5.2,8.5284,0
12.783,8.8899,-0.099212,-5.2,8.8434,0
12.783,8.3699,0,1.9781,9.2588,0
12.763,8.5677,-0.10454,1.883,9.684,0
12.76,8.756,-0.091244,1.7985,10.095,0
12.76,8.9359,-0.082916,1.7179,10.488,0
12.76,9.1077,0,1.6347,10.862,0
12.76,9.2711,0,1.5544,11.219,0
12.76,9.4266,0,1.4754,11.56,0
12.698,9.5741,-0.14501,1.3982,11.888,0
12.691,9.7139,-0.18254,1.3293,12.185,0
12.691,9.8469,0,1.2623,12.476,0
12.691,9.9731,0,1.1936,12.754,0
12.633,10.092,-0.29903,1.1276,13.004,0
12.601,10.205,-0.37099,1.0622,13.259,0
12.561,10.311,-0.46047,0.99559,13.49,0
12.506,10.411,-0.50389,0.92584,13.712,0
12.506,10.504,0,0.85624,13.917,0
12.397,10.589,-0.49101,0.79566,14.099,0
12.397,10.669,0,0.73701,14.275,0
12.311,10.742,-0.2787,0.68815,14.432,0
12.311,10.811,0,0.64271,14.586,0
12.311,10.876,0,0.60463,14.732,0
12.311,10.936,0,0.57339,14.873,0
12.311,10.993,0,0.53806,15.008,0
12.311,11.047,0,0.51137,15.137,0
12.202,11.098,-0.11059,0.4808,15.222,0
12.202,11.146,0,0.45833,15.33,0
12.202,11.192,0,0.42887,15.433,0
12.202,11.235,0,0.40462,15.532,0
12.145,11.276,-0.13583,0.37768,15.624,0
12.131,11.313,-0.13393,0.35482,15.705,0
12.114,11.349,-0.12897,0.33168,15.778,0
12.104,11.382,-0.12306,0.31251,15.851,0
12.093,11.413,-0.12487,0.29395,15.916,0
12.093,11.443,0,0.2741,15.982,0
12.093,11.47,0,0.25912,16.046,0
12.055,11.496,-0.15494,0.24175,16.115,0
12.055,11.52,0,0.22778,16.169,0
12.055,11.543,0,0.21311,16.222,0
12.032,11.564,-0.020181,0.20168,16.255,0
12.032,11.584,0,0.18848,16.301,0
12.034,11.603,0.18068,0.18582,16.342,0
12.034,11.622,0,0.18835,16.384,0
12.091,11.641,0.35883,0.19379,16.421,0
12.125,11.66,0.4506,0.20017,16.462,0
12.125,11.68,0,0.20957,16.508,0
12.125,11.701,0,0.22183,16.551,0
12.281,11.723,0.613,0.23982,16.608,0
12.281,11.747,0,0.25204,16.662,0
12.402,11.772,0.63876,0.27075,16.736,0
12.402,11.799,0,0.28658,16.798,0
12.533,11.828,0.64453,0.30306,16.886,0
12.533,11.858,0,0.32014,16.955,0
12.533,11.89,0,0.33482,17.021,0
12.533,11.924,0,0.35023,17.083,0
12.533,11.959,0,0.35973,17.143,0
12.533,11.995,0,0.37148,17.198,0
12.924,12.032,0.68642,0.38173,17.365,0
12.924,12.07,0,0.39428,17.452,0
12.924,12.11,0,0.40597,17.536,0
13.145,12.15,0.83109,0.42566,17.672,0
13.23,12.193,0.90318,0.44309,17.766,0
13.23,12.237,0,0.4644,17.868,0
13.23,12.284,0,0.48997,17.965,0
13.23,12.333,0,0.51652,18.057,0
13.23,12.384,0,0.54786,18.144,0
13.23,12.439,0,0.57331,18.226,0
13.23,12.496,0,0.60433,18.302,0
13.23,12.557,0,0.63554,18.372,0.17932
13.23,12.62,0,0.66395,18.436,0.46026
13.23,12.687,0,0.69758,18.494,0.7848
13.23,12.756,0,0.73011,18.545,1.132
14.617,12.829,1.3766,0.75449,19.277,0
14.747,12.905,1.3657,0.77669,19.465,0
14.747,12.983,0,0.80368,19.645,0
15.029,13.063,1.3706,0.82689,19.857,0
15.168,13.146,1.3499,0.84911,20.061,0
15.168,13.231,0,0.86639,20.259,0
15.168,13.317,0,0.88638,20.448,0
15.57,13.406,1.3478,0.9033,20.672,0
15.706,13.496,1.3475,0.92096,20.899,0
15.706,13.588,0,0.94077,21.116,0
15.977,13.682,1.3794,0.95287,21.353,0
15.977,13.778,0,0.96659,21.578,0
16.256,13.874,1.3724,0.98487,21.82,0
16.256,13.973,0,1.0012,22.054,0
16.256,14.073,0,1.0131,22.277,0
16.256,14.174,0,1.0281,22.49,0
16.256,14.277,0,1.0392,22.693,0
16.256,14.381,0,1.047,22.886,0
16.256,14.486,0,1.0564,23.068,0
17.191,14.591,1.2521,1.0592,23.587,0
17.312,14.697,1.2175,1.0628,23.842,0
17.312,14.803,0,1.0673,24.098,0
17.312,14.91,0,1.0719,24.344,0
17.312,15.017,0,1.0742,24.579,0
17.312,15.125,0,1.0717,24.803,0
17.896,15.232,1.1011,1.0698,25.158,0
17.896,15.339,0,1.0656,25.419,0
18.109,15.446,1.0373,1.0649,25.695,0
18.109,15.552,0,1.0644,25.956,0
18.109,15.658,0,1.0566,26.206,0
18.414,15.764,0.9059,1.0527,26.503,0
18.414,15.869,0,1.0461,26.763,0
18.585,15.974,0.77097,1.0325,27.036,0
18.585,16.077,0,1.0228,27.292,0
18.748,16.18,0.61624,1.0114,27.549,0
18.817,16.281,0.51852,0.99614,27.8,0
18.817,16.38,0,0.97834,28.049,0
18.909,16.478,0.27527,0.95073,28.294,0
18.909,16.573,0,0.92049,28.533,0
18.909,16.665,0,0.88555,28.762,0
18.909,16.754,0,0.84967,28.982,0
18.909,16.839,0,0.81153,29.193,0
18.909,16.92,0,0.78069,29.396,0
18.909,16.998,0,0.7518,29.591,0
18.909,17.073,0,0.72119,29.779,0
18.909,17.145,0,0.68835,29.959,0
18.92,17.214,-0.083453,0.65644,30.159,0
18.912,17.28,-0.10219,0.62702,30.318,0
18.898,17.342,-0.11689,0.59666,30.482,0
18.898,17.402,0,0.57198,30.634,0
18.879,17.459,-0.15092,0.54319,30.768,0
18.879,17.514,0,0.51284,30.907,0
18.841,17.565,-0.19937,0.4869,31.034,0
18.83,17.614,-0.22263,0.4638,31.155,0
18.83,17.66,0,0.44083,31.274,0
18.796,17.704,-0.25218,0.41538,31.396,0
18.796,17.746,0,0.38697,31.504,0
18.727,17.784,-0.33612,0.3581,31.589,0
18.688,17.82,-0.42849,0.32924,31.685,0.12345
