15,15,0.34824,0,35.5,0
15.041,15,0.40341,0.023116,35.494,0
15.041,15.002,0,0.047483,35.498,0.021885
15.126,15.007,0.38932,0.06656,35.516,0
15.17,15.014,0.36297,0.087268,35.539,0
15.198,15.022,0.33752,0.097924,35.547,0
15.238,15.032,0.36223,0.11511,35.568,0
15.238,15.044,0,0.12587,35.588,0
15.238,15.056,0,0.13805,35.607,0
15.238,15.07,0,0.14867,35.625,0
15.384,15.085,0.36941,0.16639,35.675,0
15.384,15.102,0,0.18286,35.704,0
15.384,15.12,0,0.18764,35.732,0
15.493,15.139,0.27001,0.19656,35.76,0
15.493,15.158,0,0.20297,35.794,0
15.543,15.179,0.22771,0.20162,35.823,0
15.543,15.199,0,0.2007,35.859,0
15.543,15.219,0,0.1957,35.892,0
15.543,15.238,0,0.1912,35.923,0
15.543,15.258,0,0.18451,35.953,0
15.579,15.276,-0.070541,0.1668,36.02,0
15.58,15.293,-0.066774,0.15775,36.043,0
15.58,15.308,0,0.14961,36.071,0
15.58,15.323,0,0.13971,36.097,0
15.58,15.337,0,0.12945,36.122,0
15.58,15.35,0,0.12105,36.145,0
15.58,15.362,0,0.12099,36.168,0
15.58,15.375,0,0.1128,36.189,0
15.58,15.386,0,0.11218,36.209,0
15.58,15.397,0,0.11804,36.228,0
15.634,15.409,0.28679,0.12282,36.273,0
15.634,15.421,0,0.12708,36.295,0
15.634,15.434,0,0.13306,36.315,0
15.71,15.447,0.32562,0.1431,36.366,0
15.71,15.461,0,0.15197,36.391,0
15.71,15.477,0,0.16639,36.415,0
15.71,15.493,0,0.1732,36.438,0
15.853,15.511,0.37012,0.1857,36.484,0
15.853,15.529,0,0.19863,36.517,0
15.928,15.549,0.37668,0.20492,36.554,0
15.928,15.57,0,0.21521,36.591,0
16.002,15.591,0.36942,0.22158,36.628,0
16.002,15.613,0,0.23037,36.668,0
16.002,15.636,0,0.23647,36.706,0
16.002,15.66,0,0.23864,36.741,0
16.002,15.684,0,0.23937,36.774,0
16.002,15.708,0,0.23966,36.805,0
16.002,15.732,0,0.23955,36.833,0
16.212,15.756,0.28049,0.24397,36.917,0
16.236,15.78,0.28271,0.24314,36.959,0
16.236,15.804,0,0.24331,37.003,0
16.296,15.829,0.24698,0.24846,37.061,0
16.296,15.854,0,0.24366,37.107,0
16.296,15.878,0,0.23891,37.15,0
16.337,15.902,0.1487,0.23054,37.206,0
16.346,15.925,0.095027,0.22251,37.254,0
16.364,15.947,0.056999,0.2204,37.304,0
16.362,15.969,0.0050332,0.20704,37.34,0
16.362,15.99,0,0.19671,37.378,0
16.362,16.009,0,0.1859,37.414,0
16.362,16.028,0,0.17383,37.448,0
16.351,16.045,-0.1869,0.16063,37.486,0.20509
16.351,16.062,0,0.14699,37.516,0
16.306,16.076,-0.312,0.12048,37.554,0.70971
16.306,16.088,0,0.097608,37.576,0
16.306,16.098,0,0.076112,37.598,0
16.193,16.106,-0.44414,0.045644,37.602,1.3937
16.193,16.11,0,0.020114,37.611,0
16.193,16.112,0,-0.00011178,37.619,0
16.193,16.112,0,-0.0029897,37.627,0
16.022,16.112,-0.44223,-0.0070634,37.597,1.7172
16.022,16.111,0,-0.010254,37.588,0.16416
16.022,16.11,0,-0.014385,37.58,0.15266
15.881,16.109,-0.43065,-0.017948,37.559,2.0642
15.881,16.107,0,-0.020922,37.537,0.44
15.881,16.105,0,-0.024776,37.514,0.42553
15.881,16.102,0,-0.028835,37.492,0.4098
15.881,16.099,0,-0.033889,37.47,0.39085
15.6,16.096,-0.88441,-0.039243,37.389,6.1128
15.6,16.092,0,-0.045383,37.339,1.0042
15.6,16.088,0,-0.052385,37.29,0.97188
15.6,16.082,0,-0.060138,37.242,0.93601
15.6,16.076,0,-0.066835,37.194,0.90178
15.155,16.07,-0.69417,-0.073366,37.057,6.1554
15.155,16.062,0,-0.079235,36.966,2.0026
15.027,16.054,-0.56251,-0.083072,36.858,5.5486
15.027,16.046,0,-0.087004,36.756,2.2969
14.918,16.037,-0.53713,-0.091285,36.643,5.6935
14.864,16.028,-0.49062,-0.095353,36.522,5.51
14.864,16.019,0,-0.098573,36.406,2.6543
14.864,16.009,0,-0.10069,36.291,2.6156
14.764,15.999,-0.1121,-0.10264,36.159,3.4184
14.764,15.989,0,-0.10289,36.036,2.8516
14.764,15.978,0,-0.10197,35.914,2.8236
14.781,15.968,0.23405,-0.10022,35.775,1.8638
14.781,15.958,0,-0.098369,35.657,2.7246
14.781,15.948,0,-0.094846,35.539,2.7092
14.862,15.939,0.32223,-0.092165,35.432,1.3635
14.862,15.93,0,-0.08889,35.325,2.4318
14.935,15.921,0.26594,-0.085049,35.224,1.3196
14.964,15.912,0.16987,-0.082145,35.133,1.5144
14.964,15.904,0,-0.080597,35.038,2.0901
14.964,15.896,0,-0.078834,34.945,2.0736
14.964,15.888,0,-0.07957,34.852,2.0482
14.964,15.88,0,-0.080903,34.76,2.0204
14.949,15.872,-0.1307,-0.081438,34.692,2.5904
14.939,15.864,-0.075999,-0.081898,34.593,2.3505
14.939,15.856,0,-0.081422,34.501,2.0192
14.939,15.847,0,-0.081674,34.41,1.9951
14.939,15.839,0,-0.081683,34.319,1.9718
14.939,15.831,0,-0.080285,34.23,1.9539
14.939,15.823,0,-0.079645,34.141,1.9335
14.939,15.815,0,-0.079544,34.053,1.9114
14.939,15.807,0,-0.078419,33.966,1.8931
14.946,15.799,-0.053968,-0.077888,33.879,2.0631
14.939,15.792,-0.11359,-0.078158,33.787,2.3099
14.939,15.784,0,-0.0783,33.702,1.8296
14.939,15.776,0,-0.080196,33.618,1.8009
14.939,15.768,0,-0.08324,33.535,1.7678
14.83,15.76,-0.60356,-0.08649,33.439,5.4192
14.83,15.751,0,-0.091457,33.347,1.9955
14.694,15.742,-0.88638,-0.098368,33.241,8.3273
14.603,15.732,-0.90743,-0.10651,33.125,8.8764
14.603,15.721,0,-0.11422,33.013,2.4826
14.425,15.71,-0.6858,-0.12243,32.89,7.4108
14.425,15.698,0,-0.12864,32.762,2.891
14.31,15.685,-0.45461,-0.13263,32.615,5.886
14.273,15.671,-0.46528,-0.13579,32.469,6.0429
14.273,15.658,0,-0.13903,32.33,3.1989
14.184,15.644,-0.58879,-0.14356,32.183,7.2284
14.134,15.63,-0.64743,-0.14805,32.036,7.8626
14.134,15.615,0,-0.15378,31.887,3.4403
13.992,15.599,-0.75555,-0.16141,31.721,9.3004
13.924,15.583,-0.80427,-0.16778,31.559,9.9925
13.851,15.567,-0.80654,-0.17487,31.384,10.243
13.764,15.549,-0.765,-0.18341,31.214,10.099
13.764,15.531,0,-0.19127,31.036,4.2124
13.623,15.512,-0.60893,-0.19738,30.838,8.9875
13.623,15.492,0,-0.20352,30.65,4.5005
13.518,15.472,-0.45392,-0.20792,30.455,7.8685
13.518,15.451,0,-0.21232,30.261,4.6813
13.518,15.429,0,-0.21536,30.068,4.5918
13.518,15.408,0,-0.21891,29.878,4.4993
13.518,15.386,0,-0.22037,29.69,4.4166
13.382,15.364,-0.037078,-0.22106,29.468,5.0178
13.38,15.342,0.00059452,-0.22076,29.277,4.7349
13.387,15.32,0.009,-0.21959,29.082,4.5945
13.387,15.298,0,-0.21941,28.89,4.5676
13.387,15.276,0,-0.2185,28.7,4.4961
13.393,15.254,-0.0094534,-0.21755,28.508,4.4571
13.393,15.232,0,-0.21616,28.323,4.3391
13.407,15.211,-0.043115,-0.21473,28.142,4.4528
13.409,15.189,-0.06099,-0.21388,27.957,4.4711
13.397,15.168,-0.088947,-0.21482,27.772,4.5891
13.397,15.146,0,-0.21449,27.596,4.0425
13.38,15.125,-0.12623,-0.21539,27.422,4.7016
13.38,15.103,0,-0.2173,27.249,3.9396
13.336,15.082,-0.22663,-0.21969,27.058,5.2878
13.336,15.06,0,-0.221,26.885,3.9256
13.291,15.038,-0.47482,-0.22375,26.714,7.0152
13.291,15.015,0,-0.22968,26.54,3.8855
13.168,14.992,-0.76183,-0.2383,26.345,9.8133
13.168,14.968,0,-0.2471,26.164,4.0556
13.168,14.944,0,-0.25939,25.985,3.9159
13.168,14.918,0,-0.2736,25.809,3.7656
13.168,14.89,0,-0.28741,25.635,3.615
12.666,14.862,-1.1382,-0.30275,25.354,15.661
12.666,14.831,0,-0.31828,25.136,4.9571
12.441,14.8,-1.152,-0.33376,24.891,16.503
12.441,14.766,0,-0.35001,24.657,5.3606
12.208,14.731,-1.1794,-0.36668,24.419,17.541
12.208,14.695,0,-0.38404,24.169,5.764
11.976,14.656,-1.28,-0.40118,23.905,19.638
11.845,14.616,-1.327,-0.42156,23.629,20.73
11.71,14.574,-1.4341,-0.44284,23.35,22.862
11.71,14.53,0,-0.46744,23.066,6.539
11.71,14.483,0,-0.49384,22.786,6.2178
11.236,14.433,-1.7324,-0.52238,22.443,29.84
11.066,14.381,-1.7874,-0.55248,22.123,31.468
11.066,14.326,0,-0.58386,21.794,7.5602
10.721,14.268,-1.7941,-0.6171,21.437,32.451
10.721,14.206,0,-0.65277,21.086,8.0315
10.721,14.141,0,-0.69007,20.741,7.5546
10.181,14.072,-1.7943,-0.72791,20.333,33.532
10.009,13.999,-1.8538,-0.76602,19.947,35.087
10.009,13.922,0,-0.80852,19.552,8.7955
10.009,13.841,0,-0.85692,19.164,8.181
9.4198,13.756,-2.1306,-0.90919,18.694,42.575
9.4198,13.665,0,-0.9644,18.265,9.1734
9.4198,13.568,0,-1.0239,17.845,8.4303
8.762,13.466,-2.2923,-1.0905,17.348,47.412
8.762,13.357,0,-1.1607,16.883,9.3745
8.762,13.241,0,-1.2367,16.429,8.4686
8.0484,13.117,-2.4525,-1.3178,15.908,51.948
8.0484,12.985,0,-1.4066,15.407,9.25
7.5365,12.845,-2.7221,-1.5064,14.879,60.39
7.5365,12.694,0,-1.6153,14.356,8.8944
6.9804,12.532,-3.049,-1.7409,13.783,72.352
6.6852,12.358,-3.237,-1.8781,13.215,80.453
6.3676,12.171,-3.3603,-2.0321,12.645,23.064
6.3676,11.967,0,-2.2087,12.075,7.4584
5.6908,11.747,-3.3812,-2.4026,11.455,20.695
5.3541,11.506,-3.315,-2.6117,10.847,19.297
5.0159,11.245,-3.2481,-5.2,10.237,8.7235
4.6907,10.725,-3.1698,-5.2,9.6319,8.1052
4.6907,10.205,0,-5.2,9.0545,25.895
4.6907,9.6851,0,-5.2,8.529,24.829
4.6907,9.1651,0,-5.2,8.0556,23.763
3.4728,8.6451,-2.8353,-5.2,7.3802,5.6344
3.4728,8.1251,0,-5.2,6.8889,9.8633
3.4728,7.6051,0,-5.2,6.4497,8.7973
2.677,7.0851,-2.4491,-5.2,5.9528,3.2564
2.4347,6.5651,-2.4023,-5.2,5.5278,2.5885
2.1991,6.0451,-2.3475,-8.8,5.1205,0
2.1991,5.1651,0,-8.8,4.7799,0
1.7328,4.2851,-2.3705,-8.8,4.4842,0
1.4978,3.4051,-2.4132,-8.8,4.2636,0
1.4978,2.5251,0,-8.8,4.1169,0
1.4978,1.6451,0,-8.8,4.0582,0
1.4978,0.76507,0,-8.8,4.0874,0
0.49738,0,-2.2957,-8.8,4.0179,0
0.49738,0,0,-8.8,4.1116,0
0.067298,0,-1.3921,-8.8,4.164,0
0.067298,0,0,-8.8,4.2147,0
-0.1623,0,-0.41716,-8.8,4.2361,0
-0.1623,0,0,-8.8,4.2639,0
-0.1623,0,0,-8.8,4.2917,0
-0.20031,0,0.52756,-8.8,4.3191,0
-0.20031,0,0,-8.8,4.3431,0
-0.057728,0,1.0852,-8.8,4.3776,0
0.043357,0,1.2681,-8.8,4.4262,0
0.043357,0,0,-8.8,4.4746,0
0.043357,0,0,-8.8,4.5229,0
0.44985,0,1.4335,-8.8,4.6136,0
0.44985,0,0,-8.8,4.7025,0
0.44985,0,0,-8.8,4.7915,0
0.44985,0,0,-8.8,4.8805,0
1.034,0,1.3907,1.3907,5.0782,0
1.1783,0.13907,1.3634,1.3634,5.1791,0
1.1783,0.2754,0,1.3205,5.2762,2.5681
1.1783,0.40745,0,1.2457,5.3599,2.646
1.5567,0.53202,1.2771,1.2771,5.4903,0
1.6901,0.65973,1.2589,1.2589,5.5926,0
1.8219,0.78562,1.2256,1.2256,5.6886,0
1.9443,0.90818,1.2838,4.9,5.7858,16.851
1.9443,1.3982,0,4.0476,5.8649,27.398
2.2208,1.8029,1.4047,1.6355,5.9242,0
2.3647,1.9665,1.387,-8.8,5.9652,0
2.3647,1.0865,0,4.9,6.049,31.867
2.3647,1.5765,0,4.9,6.1523,34.955
2.3647,2.0665,0,2.2426,6.2067,11.775
2.3647,2.2907,0,1.5851,6.2253,7.7312
2.3647,2.4493,0,1.3376,6.2247,6.6913
2.3647,2.583,0,1.198,6.2096,6.3237
2.3647,2.7028,0,1.1943,6.1818,6.8165
2.3647,2.8223,0,1.2135,6.142,7.4743
2.3647,2.9436,0,1.2006,6.0902,7.9258
3.7176,3.0637,1.5173,1.1779,6.6992,0
3.8736,3.1814,1.5438,1.1823,6.7749,0
3.8736,3.2997,0,1.1781,6.8382,3.0064
3.8736,3.4175,0,1.1991,6.8897,3.5753
4.3811,3.5374,1.8936,1.2456,7.0167,0
4.3811,3.662,0,1.2939,7.0948,3.1119
4.7754,3.7914,1.8682,1.3241,7.2005,0
4.7754,3.9238,0,1.3448,7.2922,2.8979
4.7754,4.0583,0,1.3476,7.3707,3.4319
4.7754,4.193,0,1.3399,7.4357,3.9162
5.5093,4.327,2.0723,1.347,7.6537,0
5.5093,4.4617,0,1.3758,7.7652,2.3356
5.5093,4.5993,0,1.4032,7.8631,3.0095
5.5093,4.7396,0,1.4295,7.9471,3.7136
5.5093,4.8826,0,1.4639,8.0169,4.5044
5.5093,5.0289,0,1.4865,8.0723,5.2609
5.5093,5.1776,0,1.5033,8.1129,6.0096
7.0227,5.3279,2.3374,1.5205,8.6466,0
7.2637,5.48,2.3631,1.5543,8.8215,0
7.4995,5.6354,2.2934,1.5792,9.0073,0
7.7244,5.7933,2.2391,1.5903,9.1899,0
7.9534,5.9524,2.195,1.6056,9.3903,0
7.9534,6.1129,0,1.6122,9.5823,0.73125
8.3839,6.2742,2.052,1.6124,9.8137,0
8.3839,6.4354,0,1.6081,10.017,0.34073
8.3839,6.5962,0,1.6071,10.203,0.88985
8.3839,6.7569,0,1.6034,10.374,1.4435
8.3839,6.9173,0,1.591,10.529,1.9652
9.3768,7.0764,1.7774,1.5822,10.925,0
9.3768,7.2346,0,1.5701,11.147,0
9.7398,7.3916,1.6312,1.558,11.386,0
9.9036,7.5474,1.5875,1.5385,11.63,0
9.9036,7.7012,0,1.5191,11.858,0
9.9036,7.8531,0,1.5034,12.071,0
9.9036,8.0035,0,1.4834,12.268,0
10.539,8.1518,1.4701,1.4695,12.581,0
10.539,8.2988,0,1.4502,12.812,0
10.539,8.4438,0,1.4257,13.029,0
10.956,8.5864,1.3357,1.406,13.304,0
11.095,8.727,1.2864,1.3888,13.539,0
11.225,8.8659,1.2038,1.369,13.778,0
11.346,9.0028,1.1091,1.3448,14.007,0
11.458,9.1372,0.96368,1.3192,14.246,0
11.458,9.2692,0,1.2893,14.472,0
11.458,9.3981,0,1.2438,14.684,0
11.694,9.5225,0.46836,1.2003,14.921,0
11.733,9.6425,0.4575,1.1458,15.126,0
11.733,9.7571,0,1.1005,15.33,0
11.828,9.8671,0.63969,1.0589,15.532,0
11.828,9.973,0,1.0247,15.723,0
11.828,10.075,0,1.0073,15.903,0
11.828,10.176,0,0.98981,16.073,0
12.138,10.275,1.0332,0.98097,16.296,0
12.24,10.373,1.1354,0.97783,16.487,0
12.364,10.471,1.2368,0.9861,16.681,0
12.364,10.57,0,0.99163,16.865,0
12.622,10.669,1.3972,1.0063,17.063,0
12.622,10.769,0,1.0258,17.253,0
12.622,10.872,0,1.0422,17.433,0
12.622,10.976,0,1.0609,17.603,0
12.622,11.082,0,1.0701,17.762,0
12.622,11.189,0,1.0791,17.911,0
12.622,11.297,0,1.0869,18.049,0.016275
13.625,11.406,1.4238,1.1008,18.538,0
13.771,11.516,1.4855,1.1132,18.767,0
13.771,11.627,0,1.1298,18.987,0
13.771,11.74,0,1.1488,19.196,0
14.254,11.855,1.3719,1.1651,19.464,0
14.392,11.972,1.3073,1.169,19.7,0
14.514,12.089,1.1025,1.1647,19.932,0
14.627,12.205,0.78699,1.1567,20.172,0
14.71,12.321,0.60137,1.1361,20.422,0
14.777,12.434,0.49855,1.1077,20.655,0
14.777,12.545,0,1.0729,20.884,0
14.777,12.652,0,1.0275,21.102,0
14.852,12.755,-0.10895,0.97768,21.328,0
14.831,12.853,-0.25276,0.91841,21.531,0
14.815,12.945,-0.45953,0.86478,21.72,0
14.778,13.031,-0.64024,0.80507,21.91,0.45843
14.778,13.112,0,0.7373,22.08,0
14.778,13.186,0,0.66411,22.243,0
14.546,13.252,-1.1101,0.59082,22.383,4.4939
14.435,13.311,-1.1972,0.51209,22.511,5.5661
14.435,13.362,0,0.43627,22.621,0
14.435,13.406,0,0.35775,22.726,0
14.075,13.442,-1.3075,0.28695,22.781,7.3992
13.951,13.47,-1.2995,0.21717,22.828,7.509
13.825,13.492,-1.297,0.15024,22.874,7.6773
13.704,13.507,-1.295,0.089017,22.909,7.836
13.704,13.516,0,0.025396,22.929,0
13.447,13.519,-1.2953,-0.010571,22.914,8.3988
13.447,13.517,0,-0.028526,22.906,0.085307
13.197,13.515,-1.2997,-0.046822,22.863,9.4664
13.064,13.51,-1.2902,-0.065954,22.821,9.8875
13.064,13.503,0,-0.083638,22.776,0.7662
12.831,13.495,-1.0159,-0.09882,22.716,7.6985
12.726,13.485,-0.94559,-0.11361,22.644,7.3633
12.726,13.474,0,-0.12729,22.568,1.4016
12.726,13.461,0,-0.13901,22.494,1.3317
12.726,13.447,0,-0.15083,22.421,1.2598
12.726,13.432,0,-0.16161,22.35,1.1897
12.284,13.416,-1.0107,-0.17449,22.165,9.4025
12.284,13.398,0,-0.1891,22.053,2.1829
12.084,13.379,-1.062,-0.20263,21.924,10.585
11.976,13.359,-1.0562,-0.21838,21.78,10.851
11.874,13.337,-1.0387,-0.2333,21.63,10.948
11.874,13.314,0,-0.2483,21.485,2.9042
11.874,13.289,0,-0.26288,21.342,2.7707
11.874,13.263,0,-0.27888,21.202,2.6303
11.874,13.235,0,-0.29222,21.065,2.4986
11.874,13.206,0,-0.30558,20.93,2.366
11.874,13.175,0,-0.31989,20.798,2.2294
11.874,13.143,0,-0.33605,20.67,2.0862
11.106,13.11,-0.77409,-0.35069,20.212,9.9203
11.106,13.075,0,-0.3635,20.014,4.0688
11.106,13.038,0,-0.37383,19.819,3.9033
11.106,13.001,0,-0.3853,19.627,3.7322
11.106,12.962,0,-0.39475,19.44,3.5696
11.106,12.923,0,-0.40439,19.256,3.4061
11.106,12.882,0,-0.41672,19.076,3.2319
10.625,12.841,-0.65097,-0.42985,18.732,9.1521
10.625,12.798,0,-0.44068,18.513,4.381
10.625,12.754,0,-0.45063,18.298,4.1899
10.433,12.709,-0.66189,-0.46413,18.051,9.2768
10.433,12.662,0,-0.4765,17.826,4.4014
10.295,12.615,-0.61962,-0.48976,17.59,8.907
10.295,12.566,0,-0.50001,17.36,4.4274
10.295,12.516,0,-0.50947,17.136,4.2205
10.117,12.465,-0.64717,-0.52351,16.884,9.0314
10.048,12.412,-0.68398,-0.53741,16.642,9.3382
10.048,12.359,0,-0.54933,16.409,4.3299
9.9107,12.304,-0.78072,-0.56528,16.167,10.184
9.9107,12.247,0,-0.58342,15.93,4.2609
9.749,12.189,-0.78735,-0.59942,15.69,10.207
9.749,12.129,0,-0.61683,15.449,4.2511
9.749,12.067,0,-0.63437,15.214,3.9809
9.4993,12.004,-1.0407,-0.65533,14.952,12.812
9.4003,11.938,-1.1553,-0.67868,14.703,14.196
9.4003,11.87,0,-0.70898,14.453,4.1342
9.4003,11.799,0,-0.74088,14.209,3.7871
9.4003,11.725,0,-0.77201,13.973,3.4508
9.4003,11.648,0,-0.80573,13.744,3.1155
9.4003,11.568,0,-0.83836,13.524,2.7965
9.4003,11.484,0,-0.87244,13.311,2.4883
8.5625,11.396,-1.2678,-0.90538,12.805,15.183
8.4278,11.306,-1.2765,-0.94661,12.517,15.152
8.3054,11.211,-1.2715,-0.98491,12.223,14.867
8.3054,11.113,0,-1.0283,11.937,3.8676
8.3054,11.01,0,-1.0727,11.662,3.4357
8.3054,10.903,0,-1.1135,11.397,3.0421
8.3054,10.791,0,-1.1579,11.142,2.6706
8.3054,10.676,0,-1.2058,10.9,2.3314
8.3054,10.555,0,-1.2514,10.669,2.0438
7.3849,10.43,-1.1937,-5.2,10.128,357.69
7.3849,9.9098,0,-5.2,9.8496,130.98
7.1572,9.3898,-1.1454,-5.2,9.6026,188.28
7.1572,8.8698,0,-5.2,9.4054,109.53
6.9218,8.3498,-1.1823,-0.55933,9.2327,9.5027
6.9218,8.2939,0,-5.2,9.0927,92.01
6.6921,7.7739,-1.1969,-0.41263,8.9536,9.1167
6.6921,7.7326,0,-5.2,8.8475,77.654
6.4657,7.2126,-1.0822,-0.2734,8.741,7.3597
6.4657,7.1853,0,-0.3097,8.6677,0.82872
6.2422,7.1543,-0.93184,-5.2,8.5754,48.597
6.2422,6.6343,0,-0.16824,8.5102,0.45161
6.2422,6.6175,0,-0.19661,8.4718,0.35665
5.9712,6.5978,-0.83135,-0.22215,8.407,4.9609
5.9712,6.5756,0,-0.24956,8.3454,0.71977
5.9712,6.5506,0,-5.2,8.2862,45.795
5.9712,6.0306,0,-0.11194,8.2543,0
5.9712,6.0195,0,-0.14006,8.2489,0
5.9712,6.0054,0,-0.16752,8.2448,0
5.9712,5.9887,0,-0.19279,8.2422,0
5.3255,5.9694,-0.93025,-0.22151,8.0187,5.8548
5.2273,5.9473,-0.93977,-8.8,7.95,6.3519
5.2273,5.0673,0,0.057991,7.922,0
5.2273,5.0731,0,-0.011617,7.9378,0
5.2273,5.0719,0,-0.038413,7.9532,0
4.8439,5.0681,-0.86781,-0.066507,7.8802,4.5577
4.7624,5.0614,-0.79465,-0.088968,7.8592,4.1705
4.7624,5.0525,0,-0.11033,7.8297,0.36529
4.7624,5.0415,0,-0.12772,7.8013,0.30388
4.7624,5.0287,0,-0.14148,7.774,0.24894
4.5098,5.0146,-0.50449,-0.15426,7.6864,2.7282
4.5098,4.9991,0,-0.16507,7.6367,0.66978
4.4164,4.9826,-0.51485,-0.17572,7.5835,2.8924
4.3585,4.9651,-0.53655,-0.18987,7.5259,3.0858
