6.9444,6.9444,-0.88867,0,35.5,4.2003
6.8518,6.9444,-0.87983,6.7,35.487,80.359
6.7546,7.6144,-1.0036,6.7,35.447,89.033
6.7546,8.2844,0,6.7,35.328,71.472
6.5334,8.9544,-1.2707,6.7,35.112,107.66
6.5334,9.6244,0,6.7,34.836,82.459
6.5334,10.294,0,6.7,34.494,87.219
6.5334,10.964,0,-0.29594,34.084,14.747
6.5334,10.935,0,-0.30977,33.643,14.495
5.8342,10.904,-1.355,-0.32358,33.017,37.722
5.695,10.872,-1.2554,-0.33784,32.511,36.348
5.695,10.838,0,-0.35155,31.995,17.852
5.695,10.803,0,-0.36498,31.482,17.56
5.695,10.766,0,-0.37926,30.974,17.256
5.245,10.728,-1.0976,-0.39436,30.387,34.83
5.245,10.689,0,-0.40973,29.841,18.911
5.245,10.648,0,-0.42664,29.299,18.555
4.9258,10.605,-1.0585,-0.44318,28.704,34.872
4.8143,10.561,-1.0601,-0.46128,28.139,35.139
4.8143,10.515,0,-0.47992,27.567,19.646
4.5966,10.467,-1.1082,-0.49996,26.988,36.387
4.5966,10.417,0,-0.52037,26.403,19.924
4.5966,10.365,0,-0.54272,25.824,19.459
4.5966,10.31,0,-0.56661,25.25,18.973
4.5966,10.254,0,-0.59237,24.681,18.464
4.0167,10.194,-1.2423,-0.62082,23.996,39.582
4.0167,10.132,0,-0.64972,23.381,20.355
4.0167,10.067,0,-0.68245,22.773,19.733
3.6295,9.9991,-1.3653,-0.71781,22.105,42.196
3.6295,9.9274,0,-0.75622,21.471,20.39
3.3397,9.8517,-1.6957,-0.79687,20.825,27.732
3.1656,9.7721,-1.8988,-0.84539,20.16,27.188
3.1656,9.6875,0,-0.90088,19.504,20.314
2.7549,9.5974,-2.0929,-0.96188,18.821,26.347
2.5463,9.5012,-1.9881,-1.0292,18.124,25.918
2.3404,9.3983,-1.7906,-1.1012,17.428,25.448
2.1595,9.2882,-1.58,-1.177,16.711,24.884
2.0109,9.1705,-1.3962,-1.2526,16,24.22
2.0109,9.0452,0,-1.3347,15.291,19.287
2.0109,8.9118,0,-1.4203,14.594,17.919
2.0109,8.7697,0,-1.5141,13.911,16.488
2.0109,8.6183,0,-1.6134,13.242,15.024
1.3597,8.457,-1.3236,-1.7287,12.416,19.276
1.2363,8.2841,-1.215,-1.8489,11.711,18.034
1.1093,8.0992,-0.93454,-1.9789,11.018,16.619
1.1093,7.9014,0,-2.1081,10.329,12.408
1.1093,7.6905,0,-2.2421,9.6607,10.74
1.1093,7.4663,0,-2.3724,9.0138,9.2052
0.91907,7.2291,-0.072381,-5.2,8.3477,2.5595
0.91646,6.7091,-0.2812,-5.2,7.7405,1.6199
0.88537,6.1891,-0.52819,-5.2,7.1905,1.056
0.88537,5.6691,0,-8.8,6.6861,0
0.88537,4.7891,0,-8.8,6.2517,0
0.88537,3.9091,0,-8.8,5.9053,0
0.88537,3.0291,0,-8.8,5.647,0
0.88537,2.1491,0,-8.8,5.4766,0
0.88537,1.2691,0,-8.8,5.3942,0
0.88537,0.38909,0,-0.71561,5.3999,0
0.24609,0.31753,-0.48394,-0.48394,5.1828,0.14645
0.24609,0.26914,0,-0.32375,5.1781,0
0.24609,0.23676,0,-0.16686,5.1774,0
0.24609,0.22008,0,-0.0078588,5.1792,0
0.24609,0.21929,0,0.027308,5.1818,0.0029466
0.24609,0.22202,0,-0.015504,5.1844,0
0.24609,0.22047,0,-0.0078782,5.1869,0
0.24609,0.21968,0,-8.8,5.1895,0
0.15435,0,-0.032653,-0.032653,5.146,0
0.15435,0,0,-0.0069461,5.1616,0
0.15435,0,0,-0.01113,5.177,0
0.15435,0,0,-0.018671,5.1925,0
0.14821,0,-0.012841,-0.012841,5.2112,0
0.15131,0,-0.0078664,-0.0078664,5.2178,0
0.14273,0,-0.019898,-0.019898,5.2326,0
0.14273,0,0,-0.019745,5.247,0
0.14273,0,0,-0.016435,5.2614,0
0.12317,0,-0.019472,-0.019472,5.2991,0
0.12317,0,0,-0.020931,5.3115,0
0.12317,0,0,-0.012882,5.3239,0
0.11649,0,-0.014938,-0.014938,5.3238,0
0.1132,0,-0.017676,-0.017676,5.334,0
0.1132,0,0,-0.017435,5.3454,0
0.10708,0,-0.020336,-0.020336,5.3562,0
0.10708,0,0,-0.024261,5.367,0
0.10708,0,0,-0.015762,5.3778,0
0.10708,0,0,-0.015558,5.3886,0
0.093018,0,-0.018174,-0.018174,5.3863,0
0.084093,0,-0.011582,-0.011582,5.4,0
0.076857,0,-0.011568,-0.011568,5.4092,0
0.076857,0,0,-0.025773,5.4169,0
0.07757,0,-0.025837,-0.025837,5.4245,0
0.07757,0,0,-0.022332,5.4324,0
0.071784,0,-0.028593,-0.028593,5.4385,0
0.071784,0,0,-0.027614,5.4458,0
0.071784,0,0,-0.019969,5.4531,0
0.067741,0,-0.019231,-0.019231,5.4696,0
0.067741,0,0,-0.019418,5.4765,0
0.067741,0,0,-0.01779,5.4834,0
0.054029,0,-0.019778,-0.019778,5.4981,0
0.053189,0,-0.020737,-0.020737,5.4997,0
0.053189,0,0,-0.017251,5.5051,0
0.053189,0,0,-0.016954,5.5105,0
0.053189,0,0,-0.0146,5.5159,0
0.03238,0,-0.011236,-0.011236,5.5315,0
0.040187,0,-0.010076,-0.010076,5.5327,0
0.040187,0,0,-0.011695,5.5368,0
0.040187,0,0,-0.012065,5.5409,0
0.028497,0,-0.011408,-0.011408,5.5307,0
0.028497,0,0,-0.014432,5.5336,0
0.030964,0,-0.011311,-0.011311,5.5352,0
0.030964,0,0,-0.011305,5.5383,0
0.030964,0,0,-0.0099053,5.5415,0
0.017604,0,-0.0091122,-0.0091122,5.5595,0
0.017927,0,-0.0078371,-0.0078371,5.5705,0
0.026454,0,-0.010739,-0.010739,5.5815,0
0.026454,0,0,-0.010394,5.5842,0
0.026454,0,0,-0.011431,5.5869,0
0.026454,0,0,-0.014115,5.5896,0
0.014843,0,-0.013218,-0.013218,5.5988,0
0.014843,0,0,-0.014806,5.6003,0
0.014843,0,0,-0.016463,5.6019,0
0.014843,0,0,-0.01465,5.6035,0
0.014843,0,0,-0.014887,5.605,0
0.014843,0,0,-0.016531,5.6066,0
0.014843,0,0,-0.015142,5.6082,0
0.014843,0,0,-0.013857,5.6097,0
0.014843,0,0,-0.015953,5.6113,0
0.0055053,0,-0.014101,-0.014101,5.6009,0
0.0055053,0,0,-0.011952,5.6015,0
0.0055053,0,0,-0.012158,5.6021,0
0.0055053,0,0,-0.012966,5.6027,0
0.0064471,0,-0.012558,-0.012558,5.6,0
0.0010685,0,-0.013613,-0.013613,5.5986,0
0.0010685,0,0,-0.013838,5.5988,0
0.0010685,0,0,-0.012492,5.599,0
0.0010685,0,0,-0.012157,5.5991,0
0.021167,0,-0.014197,-0.014197,5.5968,0
0.021167,0,0,-0.011638,5.599,0
0.021167,0,0,-0.013539,5.6011,0
0.021167,0,0,-0.014944,5.6033,0
0.021167,0,0,-0.016201,5.6055,0
0.021167,0,0,-0.015715,5.6077,0
0.020243,0,-0.018383,-0.018383,5.6011,0
0.020243,0,0,-0.01865,5.6033,0
0.020243,0,0,-0.018457,5.6054,0
0.020243,0,0,-0.017431,5.6075,0
0.021146,0,-0.01465,-0.01465,5.5954,0
0.021146,0,0,-0.01412,5.5976,0
0.021146,0,0,-0.013844,5.5998,0
0.021146,0,0,-0.013505,5.602,0
0.034557,0,-0.01232,-0.01232,5.6084,0
0.038254,0,-0.0144,-0.0144,5.6054,0
0.038254,0,0,-0.01601,5.6093,0
0.044958,0,-0.013673,-0.013673,5.5951,0
0.044958,0,0,-0.015252,5.5996,0
0.044958,0,0,-0.016417,5.6042,0
0.039581,0,-0.013846,-0.013846,5.6092,0
0.039581,0,0,-0.013945,5.6132,0
0.039581,0,0,-0.016631,5.6173,0
0.039581,0,0,-0.01728,5.6213,0
0.039581,0,0,-0.016241,5.6254,0
0.051875,0,-0.018928,-0.018928,5.6437,0
0.04582,0,-0.017973,-0.017973,5.6538,0
0.045275,0,-0.017852,-0.017852,5.6595,0
0.045275,0,0,-0.013966,5.6642,0
0.02465,0,-0.014355,-0.014355,5.666,0
0.022765,0,-0.014512,-0.014512,5.6717,0
0.022765,0,0,-0.016766,5.674,0
0.010129,0,-0.016298,-0.016298,5.6851,0
0.010813,0,-0.018443,-0.018443,5.6772,0
0.0081711,0,-0.021143,-0.021143,5.6695,0
0.0074681,0,-0.020387,-0.020387,5.6791,0
0.0074681,0,0,-0.018716,5.6799,0
-0.0020814,0,-0.020245,-0.020245,5.6854,0.0043004
-0.013123,0,-0.019967,-0.019967,5.6861,0.026936
-0.021387,0,-0.018428,-0.018428,5.6765,0.043876
-0.02088,0,-0.016332,-0.016332,5.6835,0.042837
-0.024072,0,-0.016115,-0.016115,5.6755,0.04938
-0.016007,0,-0.016247,-0.016247,5.6802,0.032848
-0.026091,0,-0.015676,-0.015676,5.681,0.053521
-0.030867,0,-0.015403,-0.015403,5.68,0.063311
-0.030867,0,0,-0.019849,5.6769,0.021603
-0.030867,0,0,-0.020565,5.674,0.020099
-0.030867,0,0,-0.019834,5.671,0.021634
-0.030867,0,0,-0.02146,5.668,0.018218
-0.044023,0,-0.020455,-0.020455,5.6656,0.09028
-0.044023,0,0,-0.018583,5.6613,0.051232
-0.044023,0,0,-0.017959,5.657,0.052545
-0.040946,0,-0.017148,-0.017148,5.6448,0.083973
-0.04998,0,-0.016109,-0.016109,5.6422,0.10249
-0.045143,0,-0.016653,-0.016653,5.6335,0.092577
-0.045143,0,0,-0.019253,5.629,0.052122
-0.040367,0,-0.020809,-0.020809,5.6302,0.082785
-0.033149,0,-0.020614,-0.020614,5.6211,0.067989
-0.033149,0,0,-0.018858,5.6179,0.028365
-0.033149,0,0,-0.019558,5.6146,0.026894
-0.033149,0,0,-0.018219,5.6114,0.029706
-0.06592,0,-0.015066,-0.015066,5.6157,0.13517
-0.06592,0,0,-0.0132,5.6092,0.10743
-0.06592,0,0,-0.017664,5.6026,0.098052
-0.06592,0,0,-0.018848,5.5961,0.095565
-0.077132,0,-0.016951,-0.016951,5.579,0.15815
-0.077132,0,0,-0.020117,5.5713,0.11588
-0.090506,0,-0.022601,-0.022601,5.5661,0.18557
-0.08651,0,-0.019718,-0.019718,5.5616,0.17738
-0.08651,0,0,-0.019765,5.5531,0.13585
-0.08651,0,0,-0.020747,5.5445,0.13378
-0.08651,0,0,-0.020267,5.536,0.13479
-0.08651,0,0,-0.020292,5.5274,0.13474
-0.11115,0,-0.022445,-0.022445,5.5085,0.2279
-0.1185,0,-0.021096,-0.021096,5.4987,0.24296
-0.1234,0,-0.022225,-0.022225,5.4931,0.25301
-0.1234,0,0,-0.021218,5.4809,0.20842
-0.1234,0,0,-0.020658,5.4687,0.2096
-0.12606,0,-0.0205,-0.0205,5.4557,0.25846
-0.12606,0,0,-0.023694,5.4432,0.20867
-0.12501,0,-0.023242,-0.023242,5.4345,0.2563
-0.12501,0,0,-0.022514,5.4221,0.20899
-0.12501,0,0,-0.02377,5.4098,0.20635
-0.12501,0,0,-0.022499,5.3974,0.20902
-0.13488,0,-0.02083,-0.02083,5.3948,0.27655
-0.13488,0,0,-0.020983,5.3814,0.23246
-0.13488,0,0,-0.020593,5.3681,0.23328
-0.13488,0,0,-0.02146,5.3547,0.23145
-0.13488,0,0,-0.022163,5.3413,0.22998
-0.13488,0,0,0.016179,5.3279,0.31054
-0.15634,0.0016179,0.097549,0.097549,5.2817,0.32386
-0.15571,0.011373,0.16983,0.16983,5.2588,0.34256
-0.14097,0.028356,0.23891,0.23891,5.2377,0.34715
-0.14097,0.052247,0,0.31341,5.2196,1.0547
-0.14097,0.083588,0,0.36186,5.1987,1.2207
-0.14097,0.11977,0,0.35622,5.1744,1.2831
-0.14097,0.1554,0,0.36028,5.1466,1.3646
-0.14097,0.19142,0,0.36596,5.1151,1.4504
0.069077,0.22802,0.37055,0.37055,5.1513,0.33892
0.10637,0.26507,0.38895,0.38895,5.1383,0.33832
0.14993,0.30397,0.47404,-8.8,5.1297,0
0.14993,0,0,0.64459,5.1583,1.7807
0.14993,0.064459,0,0.89954,5.17,3.2836
0.35879,0.15441,1.1717,1.1717,5.2058,0
0.47082,0.27159,1.418,1.418,5.223,0
0.61957,0.41338,1.5524,1.5524,5.2382,0
0.77688,0.56862,1.5473,-8.8,5.2656,0
0.93665,0,1.4251,1.4251,5.3403,0
0.93665,0.14251,0,1.2461,5.4268,2.5618
0.93665,0.26712,0,1.0744,5.5,2.1009
1.3049,0.37456,0.9973,0.9973,5.6341,0
1.3049,0.47429,0,1.0149,5.7222,1.2593
1.5067,0.57578,1.1126,1.1126,5.83,0
1.5067,0.68704,0,1.283,5.9175,2.6703
1.5067,0.81534,0,1.491,5.993,4.4103
1.8851,0.96444,1.6709,4.9,6.1131,13.671
1.8851,1.4544,0,3.5164,6.1807,22.711
1.8851,1.8061,0,1.7455,6.2062,8.8973
1.8851,1.9806,0,1.5354,6.2054,8.1451
2.6168,2.1342,1.928,1.5146,6.3439,0
2.6168,2.2856,0,1.4763,6.3846,5.8297
3.0044,2.4333,1.8606,1.4631,6.4582,0
3.1867,2.5796,1.8583,1.422,6.5162,0
3.1867,2.7218,0,1.4243,6.5698,4.9211
3.1867,2.8642,0,1.4255,6.6092,5.5281
3.762,3.0068,1.9914,1.4079,6.7226,0
3.9598,3.1475,2.0247,1.4158,6.7917,0
4.1722,3.2891,2.0235,1.4451,6.8717,0
4.1722,3.4336,0,1.4437,6.9528,3.9245
4.5673,3.578,1.9128,1.439,7.0498,0
4.7531,3.7219,1.8304,1.4233,7.157,0
4.7531,3.8642,0,1.3967,7.253,3.0533
4.7531,4.0039,0,1.3883,7.3349,3.5477
5.2837,4.1427,1.6539,1.3727,7.4985,0
5.4571,4.28,1.5878,1.3583,7.6064,0
5.4571,4.4158,0,1.3325,7.7173,2.1232
5.7682,4.5491,1.4595,1.3074,7.8544,0
5.7682,4.6798,0,1.2758,7.9697,1.6569
6.053,4.8074,1.3603,1.2526,8.1052,0
6.1859,4.9327,1.3246,1.2237,8.2283,0
6.1859,5.055,0,1.2006,8.3475,1.1367
6.1859,5.1751,0,1.1695,8.4546,1.3932
6.1859,5.292,0,1.1512,8.5498,1.705
6.6651,5.4071,0.85431,1.1124,8.7463,0
6.6651,5.5184,0,1.0743,8.8665,0.50857
6.6651,5.6258,0,1.0294,8.9758,0.65124
6.6651,5.7288,0,0.98199,9.0746,0.76913
6.6651,5.827,0,0.94194,9.1633,0.90418
6.6651,5.9211,0,0.91986,9.2424,1.1066
7.1522,6.0131,0.70731,0.90257,9.4362,0
7.2182,6.1034,0.49944,0.87146,9.5572,0
7.2182,6.1905,0,0.82976,9.6644,0
7.2957,6.2735,-0.0018079,0.77777,9.7625,0
7.3051,6.3513,-0.15712,0.71721,9.8592,0.29205
7.3051,6.423,0,0.64584,9.951,0
7.2754,6.4876,-0.28549,0.58025,10.024,0.79114
7.2754,6.5456,0,0.51132,10.1,0
7.2754,6.5967,0,0.44451,10.17,0
7.1715,6.6412,-0.22929,0.38262,10.234,0.51654
7.1715,6.6795,0,0.33704,10.285,0
7.1311,6.7132,-0.20014,0.29862,10.328,0.41299
7.1311,6.743,0,0.26442,10.369,0
7.1311,6.7695,0,0.2267,10.406,0
7.1311,6.7921,0,0.18906,10.441,0
7.1311,6.811,0,0.15548,10.474,0
7.1311,6.8266,0,0.12117,10.505,0
6.9803,6.8387,-0.2435,0.099422,10.486,0.62573
6.9539,6.8487,-0.18639,0.073842,10.506,0.44386
6.9396,6.856,-0.071304,0.058604,10.521,0.12179
6.9396,6.8619,0,0.043926,10.529,0
6.9396,6.8663,0,0.043694,10.536,0
6.9612,6.8707,0.66768,0.063459,10.552,0
6.9612,6.877,0,0.11128,10.561,0.073353
7.1412,6.8881,1.2727,0.17686,10.573,0.23965
7.1412,6.9058,0,0.25356,10.597,0.097272
7.4251,6.9312,1.67,0.34329,10.633,0.96252
7.4251,6.9655,0,0.43167,10.681,0.068776
7.4251,7.0087,0,0.52342,10.725,0.48814
7.9423,7.061,1.8355,0.60394,10.836,0.78542
7.9423,7.1214,0,0.6778,10.921,0
8.2964,7.1892,1.7103,0.74885,11.044,0
8.4711,7.2641,1.6306,0.80941,11.153,0
8.6254,7.345,1.503,0.85167,11.284,0
8.6254,7.4302,0,0.88075,11.408,0
8.897,7.5183,0.39853,0.90031,11.547,0
8.897,7.6083,0,0.86441,11.68,0
8.897,7.6947,0,0.76598,11.804,0
8.897,7.7713,0,0.60133,11.921,0
8.897,7.8315,0,0.38417,12.03,0
8.897,7.8699,0,0.11265,12.135,0
8.897,7.8811,0,-0.066409,12.237,0
7.1414,7.8745,-4.9061,-0.17612,11.949,17.272
6.6451,7.8569,-5.0701,-0.29429,11.853,17.854
6.6451,7.8275,0,-0.41706,11.734,1.6095
5.6428,7.7857,-4.9195,-0.54097,11.51,18.258
5.6428,7.7317,0,-0.66751,11.298,3.1691
5.6428,7.6649,0,-0.7976,11.093,2.5557
4.2813,7.5851,-3.0747,-0.91865,10.671,16.041
4.2813,7.4933,0,-1.0176,10.346,5.1267
3.7633,7.3915,-1.056,-1.0937,9.9908,15.168
3.6497,7.2821,-0.28414,-1.1456,9.6268,7.56
3.6497,7.1676,0,-1.1715,9.2693,5.4194
3.6127,7.0504,-0.10592,-1.1891,8.9122,5.5893
3.6127,6.9315,0,-1.2029,8.5743,4.6767
3.5926,6.8112,-0.010102,-5.2,8.2528,7.8631
3.5926,6.2912,0,-5.2,7.957,6.8846
3.6236,5.7712,0.68135,-8.8,7.7163,4.8907
3.6236,4.8912,0,-0.37133,7.5455,1.9645
3.6236,4.8541,0,-8.8,7.4206,0
3.9202,3.9741,1.5619,-0.01375,7.3628,1.5881
3.9202,3.9727,0,0.13151,7.3575,0.44413
3.9202,3.9859,0,0.32321,7.3516,1.1093
4.3975,4.0182,1.4831,0.47543,7.4146,0
4.3975,4.0657,0,0.60445,7.4501,1.041
4.3975,4.1262,0,0.65397,7.4803,1.435
4.735,4.1916,0.053349,0.6458,7.5609,0.37871
4.735,4.2562,0,0.55586,7.612,0.43134
4.6747,4.3117,-1.3409,0.41643,7.6634,10.545
4.6747,4.3534,0,0.21023,7.6976,0
4.6747,4.3744,0,-0.0067441,7.7287,0
4.1388,4.3737,-2.063,-0.062075,7.6759,8.1368
4.1388,4.3675,0,-0.11753,7.6528,0.222
4.1388,4.3558,0,-0.1708,7.6305,0.096669
4.1388,4.3387,0,-0.22472,7.6096,0
4.1388,4.3162,0,-0.27147,7.5908,0
4.1388,4.2891,0,-0.3147,7.5744,0
4.1388,4.2576,0,-0.35209,7.5609,0
4.1388,4.2224,0,-8.8,7.5508,0
2.7961,3.3424,-1.0073,-0.12629,6.9801,6.8159
2.7961,3.3298,0,-0.14954,6.9261,0.80999
2.6082,3.3148,-0.75142,-0.1664,6.8648,5.0619
2.5265,3.2982,-0.52314,-0.18435,6.7832,3.6445
2.4831,3.2797,-0.26591,-0.19262,6.709,2.3257
2.4491,3.2605,-0.0988,-8.8,6.6241,0
2.4379,2.3805,-0.069822,0.1551,6.5828,0.45115
2.4379,2.396,0,0.088043,6.5878,0.1105
2.4305,2.4048,-0.10681,0.068202,6.5846,0.38202
2.4305,2.4116,0,0.047299,6.5869,0.064392
2.4305,2.4163,0,0.0062714,6.5885,0
2.4058,2.417,-0.1019,-0.0019911,6.5982,0.26118
2.4058,2.4168,0,-0.0039797,6.5971,0.014071
2.3923,2.4164,0.12569,-0.0043085,6.5852,0
2.3923,2.4159,0,-0.0027621,6.5828,0.042774
2.3923,2.4157,0,0.048017,6.5805,0.15749
2.3923,2.4205,0,0.13837,6.5779,0.40484
2.3923,2.4343,0,0.19239,6.5744,0.59946
2.5396,2.4535,0.21603,0.22221,6.6196,0
2.5396,2.4758,0,0.20591,6.6271,0.37599
2.5396,2.4964,0,0.18099,6.6325,0.35395
2.5396,2.5145,0,0.19449,6.6359,0.43765
2.6186,2.5339,0.32148,0.20816,6.6564,0
2.6186,2.5547,0,0.24974,6.6638,0.50891
2.6928,2.5797,0.18297,0.27091,6.6815,0
2.7137,2.6068,-0.0040376,0.25201,6.6948,0.41938
2.7173,2.632,-0.11381,0.19804,6.7011,0.66175
2.7173,2.6518,0,0.1196,6.7086,0.13605
2.7173,2.6638,0,0.066924,6.7146,0.035043
2.6847,2.6704,-0.08666,0.032207,6.7033,0.25248
2.6847,2.6737,0,-0.00014145,6.7046,0
2.6847,2.6737,0,-0.00065382,6.7057,0
2.6847,2.6736,0,-0.00074304,6.7068,0
2.6585,2.6735,-0.10536,-0.0029166,6.713,0.27699
2.6478,2.6732,-0.26521,-0.0049192,6.7189,0.7946
2.6478,2.6727,0,-0.0096655,6.7163,0.030836
2.6478,2.6718,0,-0.020106,6.7139,0.0070792
2.6478,2.6697,0,-0.03381,6.7116,0
2.6478,2.6664,0,-0.053032,6.7096,0
2.6478,2.6611,0,-0.077592,6.708,0
2.6478,2.6533,0,-0.10001,6.707,0
2.6478,2.6433,0,-0.12097,6.707,0
1.9416,2.6312,-0.63657,-0.13944,6.4728,4.3275
1.9416,2.6173,0,-0.15248,6.4045,1.1408
1.8214,2.602,-0.32085,-0.16199,6.3256,2.6726
1.8214,2.5858,0,-8.8,6.2484,0
1.8214,1.7058,0,0.27958,6.2159,0.47037
1.8214,1.7338,0,0.037179,6.2261,0
1.8214,1.7375,0,-0.00036556,6.2347,0
1.7169,1.7375,-0.11487,-0.0028295,6.2248,0.31572
1.7108,1.7372,-0.10741,-0.003639,6.2189,0.30694
1.7006,1.7368,-0.095523,-0.0049965,6.2147,0.29426
1.6968,1.7363,-0.093248,-0.0054773,6.2025,0.29474
1.6968,1.7358,0,-0.0080121,6.1985,0.063429
1.6692,1.735,-0.11032,-0.0091027,6.1983,0.39272
1.6566,1.7341,-0.13489,-0.010742,6.1914,0.48679
1.6566,1.733,0,-0.011297,6.1837,0.13453
1.6267,1.7318,-0.16055,-0.014616,6.1769,0.62194
1.6267,1.7304,0,-0.015775,6.1664,0.18237
1.6267,1.7288,0,-0.017913,6.1561,0.17416
1.6267,1.727,0,-0.016336,6.146,0.17392
1.6328,1.7254,0.59829,-0.012999,6.1247,0
1.6894,1.7241,0.89113,-0.0048747,6.1161,0
1.7869,1.7236,1.129,0.27433,6.1086,0
1.7869,1.751,0,0.64306,6.1135,2.1481
1.7869,1.8153,0,0.82071,6.1139,3.2738
1.7869,1.8974,0,0.89889,6.1069,4.0182
1.7869,1.9873,0,0.84146,6.0914,4.0324
1.7869,2.0714,0,0.75775,6.0671,3.8772
2.3776,2.1472,0.55241,0.70364,6.2233,0
2.4309,2.2176,0.47807,0.61915,6.2444,0
2.4309,2.2795,0,0.5423,6.2626,1.3319
2.5217,2.3337,0.33004,0.50439,6.2914,0
2.5217,2.3842,0,0.44312,6.3077,0.97898
2.5217,2.4285,0,0.37564,6.3192,0.85481
2.5217,2.466,0,0.35025,6.3266,0.86792
2.6435,2.5011,0.26093,0.34355,6.3571,0
2.6435,2.5354,0,0.3348,6.3697,0.67109
2.7032,2.5689,0.12333,0.31141,6.3933,0.15516
2.7032,2.6,0,0.25992,6.4051,0.4406
2.7032,2.626,0,0.19291,6.4142,0.30594
2.7032,2.6453,0,0.15989,6.4209,0.25978
2.7032,2.6613,0,0.11904,6.4259,0.18824
2.7032,2.6732,0,0.10197,6.4295,0.17165
2.7372,2.6834,0.13108,0.11689,6.452,0
2.7372,2.6951,0,0.1128,6.4568,0.17176
2.7372,2.7064,0,0.095025,6.4604,0.15236
2.7372,2.7159,0,0.065403,6.463,0.10128
2.7372,2.7224,0,0.031911,6.4648,0.038311
2.7271,2.7256,-0.10436,0.0030858,6.4685,0.25196
2.7204,2.7259,-0.11982,-0.0011633,6.4616,0.29848
2.7204,2.7258,0,-0.0038357,6.461,0.0030243
2.7204,2.7254,0,-0.0077407,6.4605,0
2.6824,2.7246,-0.13354,-0.0089483,6.4415,0.40262
2.6824,2.7238,0,-0.011184,6.4374,0.061538
2.6824,2.7226,0,-0.014024,6.4333,0.053152
2.6824,2.7212,0,-0.014539,6.4293,0.049166
2.6824,2.7198,0,-0.016007,6.4255,0.043063
2.626,2.7182,-0.1368,-0.019777,6.3806,0.50219
2.626,2.7162,0,-0.023543,6.3715,0.13658
2.626,2.7138,0,-8.8,6.3626,0
2.626,1.8338,0,2.9902,6.3978,15.672
2.626,2.1329,0,1.3495,6.4621,4.3338
2.626,2.2678,0,0.74946,6.5046,1.5823
2.626,2.3428,0,0.39817,6.5367,0.4175
2.626,2.3826,0,0.1977,6.563,0
2.626,2.4024,0,0.040612,6.5864,0
2.3546,2.4064,-0.38098,-0.0093839,6.5301,1.309
