29.722,29.722,0.39252,0,35.5,0
29.769,29.722,0.39314,0.0084436,35.507,0
29.814,29.723,0.4264,0.016314,35.506,0
29.814,29.725,0,0.023665,35.516,0
29.814,29.727,0,0.029728,35.524,0
29.814,29.73,0,0.037738,35.533,0
29.995,29.734,0.46235,0.046797,35.569,0
30.035,29.738,0.45269,0.053139,35.6,0
30.086,29.744,0.44654,0.061235,35.629,0
30.086,29.75,0,0.067675,35.662,0
30.086,29.757,0,0.074555,35.696,0
30.21,29.764,0.46503,0.079945,35.754,0
30.249,29.772,0.48037,0.085691,35.797,0
30.296,29.781,0.46948,0.092633,35.843,0
30.351,29.79,0.46193,0.10092,35.892,0
30.351,29.8,0,0.10596,35.947,0
30.351,29.811,0,0.11203,36.002,0
30.48,29.822,0.44117,0.11866,36.073,0
30.48,29.834,0,0.12288,36.139,0
30.48,29.846,0,0.12983,36.203,0
30.48,29.859,0,0.13638,36.265,0
30.48,29.873,0,0.14131,36.327,0
30.704,29.887,0.42866,0.14815,36.448,0
30.754,29.902,0.42351,0.15459,36.527,0
30.754,29.917,0,0.16086,36.611,0
30.843,29.933,0.43218,0.16541,36.69,0
30.881,29.95,0.43994,0.16959,36.777,0
30.924,29.967,0.42306,0.17463,36.872,0
30.966,29.984,0.41898,0.17917,36.96,0
31.006,30.002,0.36775,0.18343,37.058,0
31.006,30.02,0,0.18753,37.158,0
31.006,30.039,0,0.19044,37.255,0
31.006,30.058,0,0.19337,37.351,0
31.006,30.077,0,0.19528,37.445,0
31.18,30.097,0.3483,0.19938,37.595,0
31.207,30.117,0.33062,0.20114,37.713,0
31.207,30.137,0,0.20443,37.821,0
31.282,30.158,0.32534,0.20803,37.928,0
31.323,30.178,0.3217,0.21204,38.036,0
31.323,30.2,0,0.21375,38.15,0
31.323,30.221,0,0.21729,38.261,0
31.323,30.243,0,0.21962,38.37,0
31.442,30.265,0.24488,0.21935,38.502,0
31.472,30.287,0.23736,0.22134,38.628,0
31.487,30.309,0.24993,0.22029,38.753,0
31.487,30.331,0,0.22282,38.87,0
31.55,30.353,0.24022,0.22448,38.99,0
31.55,30.375,0,0.22669,39.109,0
31.61,30.398,0.23486,0.22801,39.238,0
31.634,30.421,0.21884,0.22859,39.369,0
31.663,30.444,0.20499,0.23016,39.493,0
31.663,30.467,0,0.23126,39.614,0
31.663,30.49,0,0.23094,39.732,0
31.722,30.513,0.18579,0.22927,39.856,0
31.75,30.536,0.19108,0.23058,39.978,0
31.75,30.559,0,0.23149,40.099,0
31.804,30.582,0.1803,0.23268,40.22,0
31.804,30.605,0,0.23075,40.341,0
31.841,30.628,0.16525,0.23153,40.459,0
31.841,30.652,0,0.23189,40.579,0
31.841,30.675,0,0.2319,40.697,0
31.841,30.698,0,0.23054,40.812,0
31.923,30.721,0.14734,0.23077,40.953,0
31.923,30.744,0,0.23034,41.072,0
31.923,30.767,0,0.22934,41.189,0
31.923,30.79,0,0.22846,41.303,0
31.979,30.813,0.1077,0.22513,41.424,0
31.979,30.835,0,0.2213,41.54,0
31.984,30.858,0.057802,0.21799,41.651,0
31.987,30.879,0.028005,0.21446,41.755,0
31.986,30.901,0.016158,0.21045,41.859,0
31.997,30.922,0.013354,0.20872,41.96,0
31.997,30.943,0,0.20532,42.066,0
31.997,30.963,0,0.20221,42.171,0
31.997,30.983,0,0.19994,42.273,0
31.997,31.003,0,0.19642,42.373,0
31.997,31.023,0,0.19417,42.472,0
31.997,31.043,0,0.18887,42.568,0
31.997,31.061,0,0.18613,42.663,0
32.012,31.08,-0.016247,0.18247,42.763,0
32.006,31.098,-0.041106,0.17775,42.86,0
32.001,31.116,-0.026475,0.17361,42.955,0
32.001,31.133,0,0.16887,43.043,0
32,31.15,-0.024535,0.16686,43.131,0
32.006,31.167,-0.020366,0.16491,43.21,0
32.003,31.183,-0.021514,0.16118,43.294,0
32.003,31.2,0,0.15643,43.375,0
32.003,31.215,0,0.15108,43.455,0
32.003,31.23,0,0.14901,43.533,0
32.003,31.245,0,0.14603,43.609,0
31.977,31.26,-0.036667,0.14169,43.655,0
31.968,31.274,-0.027977,0.1371,43.725,0
31.968,31.288,0,0.13575,43.794,0
31.968,31.301,0,0.13346,43.861,0
31.968,31.315,0,0.1298,43.927,0
31.965,31.328,-0.045965,0.12628,43.991,0
31.955,31.34,-0.051986,0.12178,44.056,0
31.955,31.352,0,0.11777,44.117,0
31.955,31.364,0,0.1126,44.176,0
31.955,31.375,0,0.11101,44.235,0
31.955,31.387,0,0.10651,44.292,0
31.955,31.397,0,0.10393,44.348,0
31.955,31.408,0,0.098964,44.404,0
31.905,31.418,-0.026896,0.097081,44.448,0
31.905,31.427,0,0.094722,44.496,0
31.905,31.437,0,0.092261,44.543,0
31.905,31.446,0,0.089537,44.59,0
31.905,31.455,0,0.087691,44.635,0
31.891,31.464,-0.067888,0.085259,44.659,0
31.88,31.472,-0.067093,0.081384,44.705,0
31.88,31.48,0,0.076753,44.746,0
31.851,31.488,-0.064836,0.072474,44.787,0
31.837,31.495,-0.078153,0.068259,44.824,0
31.837,31.502,0,0.065764,44.858,0
31.831,31.509,-0.080464,0.064296,44.886,0
31.817,31.515,-0.075468,0.060307,44.912,0
31.817,31.521,0,0.055886,44.941,0
31.817,31.527,0,0.052241,44.971,0
31.773,31.532,-0.18184,0.048166,44.988,0.022667
31.753,31.537,-0.2063,0.043326,45.02,0.13512
31.742,31.541,-0.25891,0.040279,45.048,0.32351
31.742,31.545,0,0.035131,45.068,0
31.742,31.549,0,0.029174,45.088,0
31.742,31.552,0,0.022307,45.107,0
31.636,31.554,-0.2941,0.016465,45.098,0.67852
31.616,31.555,-0.29633,0.012149,45.102,0.73045
31.592,31.557,-0.28173,0.0071399,45.115,0.72895
31.569,31.557,-0.28521,0.002257,45.114,0.79121
31.569,31.558,0,-0.0026826,45.115,0
31.569,31.557,0,-0.0070722,45.116,0
31.569,31.557,0,-0.011218,45.118,0
31.569,31.555,0,-0.014245,45.119,0
31.412,31.554,-0.29005,-0.017066,45.091,1.1708
31.412,31.552,0,-0.019687,45.077,0.25201
31.363,31.55,-0.29781,-0.022586,45.063,1.314
31.328,31.548,-0.31489,-0.026552,45.046,1.4669
31.328,31.545,0,-0.030041,45.024,0.39785
31.261,31.542,-0.31438,-0.033888,45.005,1.6184
31.236,31.539,-0.29042,-0.036633,44.966,1.5721
31.236,31.535,0,-0.040032,44.936,0.55815
31.236,31.531,0,-0.041997,44.906,0.54383
31.236,31.527,0,-0.046197,44.877,0.52337
31.236,31.523,0,-0.048523,44.848,0.50691
31.236,31.518,0,-0.05101,44.819,0.48962
31.236,31.513,0,-0.055008,44.791,0.46811
31.027,31.507,-0.27283,-0.05846,44.697,1.945
31.027,31.501,0,-0.060748,44.65,0.91497
31.027,31.495,0,-0.062455,44.603,0.89517
31.027,31.489,0,-0.064807,44.556,0.87321
31.027,31.482,0,-0.068371,44.51,0.84737
31.027,31.476,0,-0.071912,44.465,0.82095
31.027,31.468,0,-0.075047,44.421,0.79502
31.027,31.461,0,-0.077046,44.377,0.77169
30.832,31.453,-0.11649,-0.076871,44.242,1.6456
30.813,31.446,-0.09076,-0.078447,44.174,1.5747
30.794,31.438,-0.086697,-0.079941,44.109,1.584
30.794,31.43,0,-0.080444,44.045,1.2607
30.794,31.422,0,-0.081015,43.982,1.2382
30.771,31.414,-0.092231,-0.080367,43.907,1.6004
30.771,31.406,0,-0.081395,43.843,1.2552
30.771,31.397,0,-0.082228,43.78,1.2317
30.741,31.389,-0.10186,-0.081584,43.703,1.647
30.733,31.381,-0.091869,-0.081717,43.645,1.6084
30.733,31.373,0,-0.083244,43.581,1.2621
30.733,31.365,0,-0.083586,43.517,1.2397
30.707,31.356,-0.096881,-0.082439,43.463,1.6296
30.697,31.348,-0.1147,-0.082758,43.404,1.6998
30.697,31.34,0,-0.083699,43.34,1.2682
30.697,31.331,0,-0.083664,43.276,1.2468
30.675,31.323,-0.14204,-0.08298,43.191,1.7977
30.675,31.315,0,-0.084014,43.127,1.2595
30.675,31.306,0,-0.085673,43.063,1.2327
30.627,31.298,-0.1031,-0.086468,42.991,1.6974
30.627,31.289,0,-0.087682,42.924,1.3054
30.591,31.28,-0.084158,-0.089249,42.847,1.6667
30.591,31.271,0,-0.088977,42.778,1.3476
30.591,31.262,0,-0.088127,42.711,1.3272
30.591,31.254,0,-0.088456,42.644,1.3033
30.591,31.245,0,-0.087333,42.578,1.2841
30.591,31.236,0,-0.087146,42.513,1.2622
30.591,31.227,0,-0.086832,42.449,1.2408
30.55,31.219,-0.085809,-0.088087,42.372,1.6213
30.55,31.21,0,-0.087962,42.305,1.2995
30.537,31.201,-0.065241,-0.087817,42.243,1.5333
30.537,31.192,0,-0.086756,42.177,1.2906
30.533,31.184,-0.058772,-0.086414,42.107,1.4778
30.533,31.175,-0.06486,-0.085524,42.04,1.4802
30.533,31.166,0,-0.085888,41.976,1.2376
30.533,31.158,0,-0.084834,41.913,1.219
30.533,31.149,0,-0.084199,41.851,1.1993
30.533,31.141,0,-0.085309,41.79,1.1745
30.533,31.132,0,-0.085559,41.73,1.1521
30.493,31.124,-0.05162,-0.085161,41.656,1.4047
30.483,31.115,-0.061938,-0.0855,41.599,1.4429
30.474,31.107,-0.078856,-0.085801,41.532,1.5041
30.474,31.098,0,-0.084964,41.469,1.2169
30.47,31.09,-0.054811,-0.084341,41.404,1.3876
30.466,31.081,-0.04814,-0.084035,41.335,1.3557
30.466,31.073,0,-0.084994,41.274,1.1732
30.448,31.064,0.0023232,-0.084455,41.218,1.1903
30.448,31.056,0,-0.084104,41.157,1.1772
30.448,31.047,0,-0.083208,41.096,1.1587
30.456,31.039,0.14927,-0.080502,41.045,0.72064
30.456,31.031,0,-0.078064,40.987,1.115
30.479,31.023,0.22065,-0.075292,40.95,0.49559
30.508,31.016,0.23095,-0.0704,40.888,0.41403
30.535,31.009,0.22357,-0.065755,40.844,0.37039
30.565,31.002,0.17673,-0.060862,40.789,0.39848
30.565,30.996,0,-0.057577,40.745,0.81975
30.602,30.99,-0.0088559,-0.054251,40.692,0.75162
30.602,30.985,0,-0.053753,40.653,0.71542
30.585,30.979,-0.15735,-0.055292,40.623,1.2419
30.561,30.974,-0.19466,-0.05793,40.591,1.4232
30.561,30.968,0,-0.060034,40.55,0.75619
30.561,30.962,0,-0.060836,40.509,0.73973
30.561,30.956,0,-0.063229,40.469,0.7188
30.498,30.95,-0.11635,-0.063802,40.412,1.2227
30.479,30.943,-0.04966,-0.06562,40.366,1.0272
30.481,30.937,0.017946,-0.064523,40.31,0.80822
30.481,30.93,0,-0.06429,40.265,0.84416
30.492,30.924,0.13809,-0.061371,40.218,0.46662
30.492,30.918,0,-0.058169,40.175,0.8052
30.539,30.912,0.21881,-0.053164,40.139,0.21256
30.539,30.907,0,-0.049903,40.102,0.69023
30.539,30.902,0,-0.044328,40.066,0.69371
30.539,30.897,0,-0.039299,40.03,0.69704
30.654,30.893,0.26536,-0.034308,40.001,0
30.654,30.89,0,-0.029669,39.977,0.43982
30.71,30.887,0.2422,-0.025413,39.975,0
30.744,30.884,0.23511,-0.020176,39.949,0
30.744,30.882,0,-0.016633,39.935,0.25568
30.789,30.881,0.24904,-0.013139,39.939,0
30.789,30.879,0,-0.0087527,39.929,0.1697
30.789,30.878,0,-0.0056621,39.921,0.17489
30.789,30.878,0,-0.00264,39.912,0.18061
30.881,30.878,0.26634,0.00062157,39.922,0
30.881,30.878,0,0.0042061,39.922,0.0021367
30.922,30.878,0.24873,0.0081563,39.928,0
30.922,30.879,0,0.013663,39.932,0
30.922,30.88,0,0.018776,39.937,0
30.922,30.882,0,0.022109,39.941,0
30.922,30.884,0,0.025179,39.945,0
31.037,30.887,0.21808,0.02789,39.98,0
31.037,30.89,0,0.032121,39.995,0
31.037,30.893,0,0.037162,40.01,0
31.112,30.897,0.22903,0.040249,40.05,0
31.131,30.901,0.25917,0.042869,40.066,0
31.131,30.905,0,0.04549,40.088,0
31.184,30.909,0.26074,0.051291,40.105,0
31.184,30.915,0,0.055096,40.132,0
31.184,30.92,0,0.059381,40.159,0
31.184,30.926,0,0.064407,40.185,0
31.184,30.933,0,0.06835,40.211,0
31.332,30.939,0.34722,0.07342,40.249,0
31.359,30.947,0.33277,0.077146,40.296,0
31.388,30.954,0.31991,0.081186,40.331,0
31.41,30.963,0.2977,0.083813,40.368,0
31.437,30.971,0.27063,0.087331,40.411,0
31.437,30.98,0,0.091748,40.457,0
31.437,30.989,0,0.095053,40.502,0
31.437,30.998,0,0.097421,40.547,0
31.437,31.008,0,0.10169,40.59,0
31.437,31.018,0,0.10594,40.632,0
31.437,31.029,0,0.11009,40.674,0
31.635,31.04,0.18026,0.11183,40.762,0
31.635,31.051,0,0.11374,40.821,0
31.635,31.062,0,0.11654,40.879,0
31.635,31.074,0,0.11799,40.935,0
31.635,31.086,0,0.11991,40.991,0
31.747,31.098,0.20945,0.12258,41.086,0
31.747,31.11,0,0.1257,41.15,0
31.747,31.123,0,0.12955,41.213,0
31.834,31.136,0.22158,0.13217,41.292,0
31.834,31.149,0,0.13365,41.361,0
31.834,31.162,0,0.13425,41.429,0
31.891,31.176,0.23285,0.13571,41.505,0
31.891,31.189,0,0.13816,41.576,0
31.938,31.203,0.24166,0.13969,41.658,0
31.938,31.217,0,0.14263,41.731,0
31.938,31.231,0,0.14517,41.802,0
32.01,31.246,0.19487,0.14558,41.89,0
32.01,31.26,0,0.14715,41.965,0
32.051,31.275,0.13587,0.14802,42.049,0
32.062,31.29,0.1372,0.14747,42.121,0
32.062,31.305,0,0.14715,42.198,0
32.062,31.319,0,0.14588,42.273,0
32.087,31.334,0.13096,0.14416,42.369,0
32.108,31.348,0.12626,0.14568,42.443,0
32.108,31.363,0,0.14367,42.518,0
32.108,31.377,0,0.14572,42.592,0
32.108,31.392,0,0.14784,42.664,0
32.108,31.407,0,0.14841,42.735,0
32.108,31.421,0,0.15097,42.805,0
32.108,31.437,0,0.15231,42.873,0
32.258,31.452,0.21652,0.15532,42.962,0
32.258,31.467,0,0.15633,43.041,0
32.258,31.483,0,0.15881,43.12,0
32.258,31.499,0,0.16203,43.196,0
32.258,31.515,0,0.16199,43.271,0
32.374,31.531,0.23653,0.16299,43.364,0
32.395,31.547,0.22205,0.16401,43.444,0
32.395,31.564,0,0.16537,43.528,0
32.395,31.58,0,0.1658,43.61,0
32.395,31.597,0,0.16938,43.691,0
32.506,31.614,0.29138,0.17328,43.797,0
32.506,31.631,0,0.17486,43.885,0
32.506,31.649,0,0.17981,43.972,0
32.506,31.667,0,0.1818,44.056,0
32.506,31.685,0,0.18534,44.139,0
32.678,31.703,0.37912,0.19012,44.246,0
32.678,31.722,0,0.194,44.342,0
32.75,31.742,0.38097,0.19719,44.442,0
32.75,31.762,0,0.20123,44.542,0
32.75,31.782,0,0.20707,44.64,0
32.75,31.802,0,0.21238,44.735,0
32.75,31.824,0,0.21685,44.829,0
32.75,31.845,0,0.21892,44.921,0
32.995,31.867,0.38958,0.22185,45.076,0
32.995,31.889,0,0.22366,45.187,0
33.063,31.912,0.34564,0.22707,45.308,0
33.093,31.934,0.33758,0.2286,45.424,0
33.093,31.957,0,0.22957,45.538,0
33.093,31.98,0,0.2324,45.651,0
33.18,32.004,0.35523,0.23316,45.797,0
33.208,32.027,0.35895,0.23422,45.91,0
33.208,32.05,0,0.23789,46.027,0
33.208,32.074,0,0.24278,46.141,0
33.208,32.098,0,0.2443,46.253,0
33.208,32.123,0,0.24738,46.363,0
33.208,32.148,0,0.2519,46.47,0
33.208,32.173,0,0.25223,46.575,0
33.208,32.198,0,0.23418,46.677,0
33.164,32.221,-3.3135,0.18865,46.895,64.875
33.164,32.24,0,0.11795,46.988,0
33.164,32.252,0,0.03332,47.08,0
32.015,32.255,-3.3958,-0.027606,46.996,74.86
31.677,32.253,-2.6047,-0.066314,46.957,39.191
31.677,32.246,0,-0.095983,46.9,1.0453
31.207,32.236,-2.0159,-0.11922,46.781,25.522
31.015,32.224,-2.2369,-0.14056,46.676,32.012
31.015,32.21,0,-0.16585,46.556,2.5058
31.015,32.194,0,-0.19417,46.437,2.3474
30.293,32.174,-1.9558,-0.22176,46.218,29.038
30.293,32.152,0,-0.24389,46.031,4.2686
29.947,32.128,-1.2541,-0.2606,45.793,17.642
29.813,32.102,-0.9444,-0.27546,45.573,13.959
29.813,32.074,0,-0.2848,45.345,5.4732
29.813,32.046,0,-0.29264,45.121,5.3283
29.611,32.016,-0.39408,-0.29624,44.868,8.7706
29.567,31.987,-0.39667,-0.3004,44.623,8.827
29.567,31.957,0,-0.3043,44.383,5.8403
29.567,31.926,0,-0.30793,44.145,5.7082
29.567,31.896,0,-0.30973,43.911,5.5857
29.567,31.865,0,-0.31158,43.68,5.4632
29.419,31.833,-0.0063111,-0.31255,43.373,5.9259
29.426,31.802,0.10041,-0.3102,43.125,5.1892
29.426,31.771,0,-0.30656,42.888,5.6652
29.463,31.741,0.25295,-0.30207,42.656,4.1449
29.463,31.71,0,-0.29645,42.43,5.3626
29.516,31.681,0.31189,-0.29139,42.216,3.5941
29.539,31.652,0.32471,-0.2864,42.011,3.4116
29.58,31.623,0.31951,-0.27902,41.799,3.2612
29.58,31.595,0,-0.27164,41.596,4.6672
29.58,31.568,0,-0.26608,41.396,4.6009
29.58,31.541,0,-0.25984,41.199,4.5401
29.709,31.515,0.41307,-0.2536,41.021,2.3993
29.752,31.49,0.43589,-0.24533,40.853,2.1884
29.752,31.465,0,-0.2361,40.681,3.8185
29.752,31.442,0,-0.22705,40.51,3.7828
29.889,31.419,0.40348,-0.21995,40.351,1.8586
29.889,31.397,0,-0.21338,40.199,3.2613
29.889,31.376,0,-0.20643,40.049,3.2244
29.889,31.355,0,-0.20053,39.902,3.1851
30.026,31.335,0.42493,-0.19206,39.781,1.3876
30.026,31.316,0,-0.18386,39.652,2.7135
30.115,31.297,0.4661,-0.17503,39.537,1.0853
30.115,31.28,0,-0.1665,39.42,2.4122
30.217,31.263,0.40736,-0.15626,39.307,0.96732
30.256,31.248,0.31937,-0.1485,39.211,1.0492
30.295,31.233,0.2216,-0.14108,39.111,1.1816
30.295,31.219,0,-0.13675,39.018,1.8396
30.295,31.205,0,-0.13466,38.926,1.8094
30.295,31.192,0,-0.13205,38.836,1.7817
30.295,31.178,0,-0.13139,38.747,1.748
30.295,31.165,0,-0.13008,38.659,1.7168
30.311,31.152,-0.060931,-0.12887,38.621,1.8642
30.311,31.139,0,-0.12678,38.537,1.6157
30.316,31.127,-0.015494,-0.12492,38.455,1.6276
30.323,31.114,-0.0059211,-0.12232,38.369,1.5512
30.323,31.102,0,-0.12179,38.291,1.5005
30.323,31.09,0,-0.12069,38.214,1.4721
30.323,31.078,0,-0.11702,38.138,1.4524
30.338,31.066,0.11786,-0.11371,38.071,1.0404
30.34,31.055,0.089625,-0.11189,38.006,1.0914
30.34,31.043,0,-0.10749,37.935,1.3479
30.34,31.033,0,-0.1054,37.866,1.3268
30.367,31.022,0.096044,-0.10351,37.799,0.95838
30.367,31.012,0,-0.10083,37.734,1.2205
30.367,31.002,0,-0.097576,37.67,1.205
30.4,30.992,0.090126,-0.094083,37.614,0.85149
30.4,30.982,0,-0.090716,37.556,1.093
30.415,30.973,0.084259,-0.089213,37.487,0.80301
30.423,30.964,0.11224,-0.086706,37.427,0.70145
30.423,30.956,0,-0.084082,37.373,0.98986
30.423,30.947,0,-0.080155,37.32,0.98073
30.423,30.939,0,-0.075247,37.268,0.97545
30.493,30.932,0.1783,-0.070901,37.23,0.37963
30.493,30.925,0,-0.06855,37.187,0.79123
30.493,30.918,0,-0.064055,37.144,0.78741
30.493,30.912,0,-0.06018,37.101,0.78294
30.571,30.905,0.25387,-0.054261,37.096,0.087824
30.571,30.9,0,-0.050747,37.063,0.59748
30.608,30.895,0.25897,-0.046718,37.017,0.011124
30.608,30.89,0,-0.041154,36.989,0.51539
30.608,30.886,0,-0.035624,36.961,0.52027
30.608,30.883,0,-0.030864,36.933,0.52446
30.608,30.88,0,-0.025462,36.906,0.53148
30.608,30.877,0,-0.019961,36.879,0.54009
30.608,30.875,0,-0.015249,36.852,0.54795
30.608,30.873,0,-0.01025,36.825,0.55775
30.837,30.872,0.27949,-0.005745,36.874,0
30.837,30.872,0,0.00024015,36.871,0.072016
30.903,30.872,0.33999,0.0054446,36.887,0
30.903,30.872,0,0.011473,36.89,0
30.967,30.874,0.37925,0.016244,36.91,0
30.967,30.875,0,0.022516,36.919,0
30.967,30.877,0,0.027742,36.928,0
30.967,30.88,0,0.032767,36.937,0
30.967,30.884,0,0.039691,36.946,0
31.151,30.888,0.39814,0.04575,37.003,0
31.181,30.892,0.41713,0.050286,37.041,0
31.216,30.897,0.41949,0.05558,37.065,0
31.251,30.903,0.41466,0.060661,37.098,0
31.251,30.909,0,0.066451,37.133,0
31.321,30.915,0.38981,0.070649,37.172,0
31.321,30.922,0,0.076592,37.212,0
31.321,30.93,0,0.082262,37.252,0
31.321,30.938,0,0.084947,37.29,0
31.321,30.947,0,0.089138,37.328,0
31.491,30.956,0.28684,0.093619,37.407,0
31.518,30.965,0.28039,0.096735,37.467,0
31.518,30.975,0,0.10048,37.522,0
31.518,30.985,0,0.10522,37.575,0
31.518,30.995,0,0.10939,37.628,0
31.645,31.006,0.23758,0.1122,37.69,0
31.668,31.017,0.22068,0.11443,37.762,0
31.685,31.029,0.21054,0.11545,37.827,0
31.685,31.04,0,0.11646,37.892,0
31.685,31.052,0,0.11931,37.956,0
31.685,31.064,0,0.11943,38.019,0
31.77,31.076,0.22108,0.1226,38.097,0
31.77,31.088,0,0.12396,38.166,0
31.817,31.101,0.1962,0.12682,38.25,0
31.844,31.113,0.19743,0.1295,38.322,0
31.844,31.126,0,0.12941,38.394,0
31.844,31.139,0,0.1312,38.466,0
31.892,31.152,0.20974,0.13146,38.548,0
31.892,31.166,0,0.13201,38.622,0
31.892,31.179,0,0.13371,38.694,0
31.892,31.192,0,0.13675,38.764,0
