9.7222,9.7222,-0.99884,0,35.5,5.1109
9.6173,9.7222,-1.003,6.7,35.489,83.404
9.5094,10.392,-1.0609,6.7,35.447,90.627
9.5094,11.062,0,6.7,35.325,71.632
9.5094,11.732,0,-0.15134,35.136,6.0695
9.1928,11.717,-1.2276,-0.15917,34.865,20.444
9.0678,11.701,-1.3183,-0.16791,34.599,22.498
9.0678,11.684,0,-0.17758,34.337,7.458
9.0678,11.667,0,-0.18764,34.076,7.3249
8.6418,11.648,-1.6016,-0.19874,33.747,29.804
8.6418,11.628,0,-0.21075,33.447,8.7728
8.6418,11.607,0,-0.22344,33.15,8.6014
8.6418,11.585,0,-0.23725,32.854,8.4188
7.9626,11.561,-1.8318,-0.25196,32.432,38.337
7.7812,11.536,-1.8574,-0.26728,32.063,39.888
7.7812,11.509,0,-0.28314,31.689,11.528
7.4067,11.481,-1.9998,-0.30055,31.28,45.339
7.4067,11.451,0,-0.31964,30.874,12.717
7.4067,11.419,0,-0.34012,30.471,12.416
6.7743,11.385,-2.0936,-0.36132,29.989,51.069
6.568,11.348,-2.1541,-0.38303,29.529,53.747
6.568,11.31,0,-0.40719,29.053,15.387
6.568,11.269,0,-0.43262,28.58,14.987
6.568,11.226,0,-0.46036,28.112,14.56
6.568,11.18,0,-0.48913,27.649,14.116
6.568,11.131,0,-0.52189,27.19,13.634
6.568,11.079,0,-0.5579,26.736,13.119
6.568,11.023,0,-0.5962,26.288,12.578
6.568,10.964,0,-0.63873,25.846,11.999
4.3572,10.9,-2.7417,-0.68507,24.453,30.507
4.3572,10.831,0,-0.73424,23.802,21.512
4.3572,10.758,0,-0.78788,23.159,20.655
3.524,10.679,-2.7598,-0.84558,22.422,30.141
3.2513,10.594,-2.8564,-0.90882,21.69,29.908
2.9574,10.504,-2.7772,-0.98038,20.943,29.649
2.6709,10.406,-2.4818,-1.0568,20.189,29.316
2.4235,10.3,-2.1321,-1.1364,19.403,28.896
2.2028,10.186,-1.7607,-1.2183,18.619,28.446
2.0307,10.064,-1.3421,-1.3016,17.815,27.999
1.8991,9.9342,-1.1486,-1.3846,17.016,27.258
1.8991,9.7958,0,-1.4695,16.22,22.608
1.8991,9.6488,0,-1.5654,15.437,21.013
1.5611,9.4923,-1.0864,-1.6694,14.63,23.804
1.4584,9.3254,-1.0281,-1.7819,13.833,22.482
1.4584,9.1472,0,-1.9016,13.055,17.957
1.2735,8.957,-0.89015,-2.0294,12.274,19.553
1.2735,8.7541,0,-2.1702,11.516,14.971
1.2735,8.5371,0,-2.3193,10.779,13.013
0.98325,8.3051,-1.2215,-2.4873,10.03,14.99
0.98325,8.0564,0,-2.6767,9.3098,10.171
0.74518,7.7887,-1.1554,-5.2,8.5823,5.9406
0.74518,7.2687,0,-5.2,7.904,2.8071
0.74518,6.7487,0,-5.2,7.2776,1.7411
0.74518,6.2287,0,-5.2,6.7033,0.67511
0.74518,5.7087,0,-8.8,6.1809,0
0.74518,4.8287,0,-8.8,5.7286,0
0.33771,3.9487,-0.48421,-8.8,5.222,0
0.29253,3.0687,-0.60657,-8.8,4.9055,0
0.29253,2.1887,0,-8.8,4.6719,0
0.29253,1.3087,0,-8.8,4.5263,0
0.072117,0.42871,-0.85126,-8.8,4.4395,0
-0.021678,0,-0.64217,-8.8,4.4354,0
-0.086612,0,-0.55672,-8.8,4.4826,0
-0.14741,0,-0.39021,-8.8,4.5175,0
-0.14741,0,0,-8.8,4.5468,0
-0.14741,0,0,-8.8,4.5761,0
-0.14741,0,0,-8.8,4.6053,0
-0.14741,0,0,-8.8,4.6346,0
-0.1728,0,0.41,-8.8,4.6371,0
-0.1728,0,0,-8.8,4.6638,0
-0.066742,0,0.83523,-8.8,4.7121,0
-0.066742,0,0,-8.8,4.7494,0
0.1379,0,1.2382,-8.8,4.7907,0
0.1379,0,0,-8.8,4.8485,0
0.39781,0,1.349,-8.8,4.9296,0
0.39781,0,0,1.3394,5.0134,4.6585
0.68321,0.13394,1.3432,1.3432,5.0769,0
0.8089,0.26826,1.366,-8.8,5.1264,0
0.8089,0,0,1.365,5.2244,3.1774
1.0799,0.1365,1.3658,1.3658,5.3269,0
1.0799,0.27307,0,1.4064,5.4144,3.4289
1.0799,0.41372,0,1.4249,5.4881,4.1004
1.4873,0.55621,1.387,1.387,5.5926,0
1.4873,0.69491,0,1.2555,5.6788,2.6199
1.4873,0.82045,0,1.0946,5.7517,2.215
1.4873,0.92992,0,4.9,5.813,36.423
1.9383,1.4199,0.61795,3.0277,5.935,10.937
2.0076,1.7227,0.42228,1.2136,5.9808,1.9043
2.0076,1.844,0,0.79007,6.0033,2.4292
2.0076,1.9231,0,0.55957,6.0157,1.612
2.0889,1.979,0.091627,0.37454,6.039,0.49137
2.0889,2.0165,0,0.29911,6.0481,0.64586
2.0889,2.0464,0,0.16301,6.0539,0.30475
2.0889,2.0627,0,0.084016,6.0573,0.1353
2.062,2.0711,-0.4005,-0.0015796,6.0682,1.2955
2.062,2.0709,0,-0.0070771,6.0673,0.0034671
1.9857,2.0702,-0.56035,-0.014777,6.0436,2.2699
1.925,2.0687,-0.54819,-0.025149,6.0358,2.3581
1.8634,2.0662,-0.46837,-8.8,6.0266,0
1.8228,1.1862,-0.39437,4.9,6.04,42.667
1.7837,1.6762,-0.339,0.48612,6.0788,2.9655
1.7837,1.7248,0,0.081993,6.0871,0.05867
1.7037,1.733,-0.41978,-0.0041782,6.0856,1.4324
1.6569,1.7326,-0.55039,-0.01079,6.0859,2.2045
1.6569,1.7315,0,-0.017354,6.0784,0.11739
1.6569,1.7298,0,-0.025815,6.0711,0.095386
1.6569,1.7272,0,-0.036905,6.0639,0.066569
1.383,1.7235,-0.87552,-0.04942,5.9999,3.27
1.383,1.7186,0,-0.061437,5.9661,0.58467
1.383,1.7124,0,-0.073468,5.9328,0.53983
1.1346,1.7051,-0.68922,-0.084661,5.878,3.2553
1.1346,1.6966,0,-8.8,5.8213,0
1.009,0.81663,-0.74937,-0.74937,5.79,0
1.009,0.74169,0,-0.81726,5.813,0
1.009,0.65996,0,-0.7639,5.8438,0
0.78426,0.58357,-0.71093,-0.71093,5.8449,0
0.78426,0.51248,0,-0.64091,5.8686,0
0.64981,0.44839,-0.59805,-0.59805,5.8876,0
0.58794,0.38859,-0.56466,-0.56466,5.9083,0
0.58794,0.33212,0,-0.61653,5.931,0
0.58794,0.27047,0,-0.65699,5.9597,0
0.58794,0.20477,0,-0.63981,5.9947,0
0.35345,0.14079,-0.55489,-0.55489,5.9985,0
0.30197,0.085298,-0.42949,-0.42949,6.0238,0
0.25312,0.042349,-0.30325,-0.30325,6.045,0
0.22576,0.012024,-0.15398,-0.15398,6.0584,0
0.22576,0,0,-0.009668,6.0806,0
0.21832,0,0.049672,0.049672,6.0956,0
0.21832,0.0049672,0,0.033283,6.1172,0
0.21832,0.0082955,0,0.074686,6.1383,0
0.22531,0.015764,0.13145,0.13145,6.1529,0
0.23992,0.028909,0.11174,0.11174,6.1686,0
0.23992,0.040083,0,0.016397,6.1892,0
0.23992,0.041723,0,-0.067603,6.2091,0
0.24572,0.034962,-0.19422,-0.19422,6.2395,0
0.24572,0.01554,0,-0.38733,6.2616,0
0.24572,0,0,-0.48509,6.2865,0
0.24572,0,0,-0.48785,6.3135,0
0.077009,0,-0.51955,-0.51955,6.311,0
0.077009,0,0,-0.5443,6.3213,0
0.077009,0,0,-0.51714,6.3317,0
-0.084061,0,-0.52512,-0.52512,6.3032,0.17591
-0.14628,0,-0.51358,-0.51358,6.2854,0.30346
-0.19668,0,-0.4296,-0.4296,6.2717,0.40678
-0.24113,0,-0.34734,-0.34734,6.2587,0.4979
-0.24113,0,0,-0.30632,6.2363,0
-0.24113,0,0,-0.2857,6.2138,0
-0.24113,0,0,-0.30053,6.1911,0
-0.35276,0,-0.327,-0.327,6.1205,0.72674
-0.38957,0,-0.34813,-0.34813,6.0887,0.8022
-0.38957,0,0,-0.37523,6.0515,0.013736
-0.45769,0,-0.37793,-0.37793,6.0206,0.94185
-0.49708,0,-0.33607,-0.33607,5.9679,1.0226
-0.52523,0,-0.326,-0.326,5.9267,1.0803
-0.52523,0,0,-0.3376,5.8758,0.37091
-0.52523,0,0,-0.32554,5.825,0.39625
-0.52523,0,0,-0.38568,5.7741,0.26989
-0.52523,0,0,-0.42961,5.7235,0.17759
-0.72918,0,-0.49965,-0.49965,5.6454,1.4984
-0.78146,0,-0.51051,-0.51051,5.5802,1.6056
-0.83323,0,-0.53153,-0.53153,5.4971,1.7117
-0.88551,0,-0.54015,-0.54015,5.4191,1.8189
-0.88551,0,0,-0.56008,5.3333,0.64199
-0.88551,0,0,-0.49503,5.2475,0.77869
-0.88551,0,0,-0.47108,5.1614,0.82901
-0.88551,0,0,-0.44184,5.0752,0.89045
-0.88551,0,0,-8.8,4.9889,0
-0.88551,0,0,-8.8,4.9443,0
-0.88551,0,0,-8.8,4.8998,0
-0.88551,0,0,-8.8,4.8552,0
-0.88551,0,0,-8.8,4.8107,0
-1.2928,0,0.031199,-8.8,4.5584,0
-1.2928,0,0,-8.8,4.4731,0
-1.2858,0,0.25907,-8.8,4.4046,0
-1.2858,0,0,-8.8,4.32,0
-1.2858,0,0,-8.8,4.2354,0
-1.2858,0,0,-8.8,4.1509,0
-1.1563,0,0.28397,-8.8,4.0779,0
-1.1347,0,0.34332,-8.8,3.9992,0
-1.1347,0,0,-8.8,3.9297,0
-1.0644,0,0.23382,-8.8,3.8611,0
-1.0345,0,0.17179,-8.8,3.8019,0
-1.0345,0,0,-8.8,3.7424,0
-1.0098,0,-0.060354,-8.8,3.6849,0
-1.0098,0,0,-8.8,3.628,0
-1.0098,0,0,-8.8,3.571,0
-1.0098,0,0,-8.8,3.514,0
-1.0557,0,-0.075638,-8.8,3.4588,0
-1.0572,0,-0.090512,-8.8,3.4008,0
-1.0572,0,0,-8.8,3.3391,0
-1.0946,0,-0.24219,-8.8,3.2871,0
-1.1269,0,-0.26195,-8.8,3.217,0
-1.1269,0,0,-8.8,3.1483,0
-1.1675,0,-0.30487,-8.8,3.079,0
-1.1996,0,-0.31377,-8.8,3.0114,0
-1.1996,0,0,-8.8,2.9354,0
-1.1996,0,0,-8.8,2.8595,0
-1.1996,0,0,-8.8,2.7835,0
-1.3191,0,-0.27612,-8.8,2.6935,0
-1.3191,0,0,-8.8,2.6056,0
-1.3191,0,0,-8.8,2.5177,0
-1.4103,0,-0.32369,-8.8,2.3996,0
-1.4483,0,-0.38879,-8.8,2.3092,0
-1.4883,0,-0.46126,-8.8,2.2037,0
-1.4883,0,0,-8.8,2.0989,0
-1.4883,0,0,-8.8,1.9941,0
-1.6375,0,-0.48986,-8.8,1.8823,0
-1.6375,0,0,-8.8,1.7625,0
-1.6375,0,0,-8.8,1.6428,0
-1.7745,0,-0.53471,-8.8,1.5055,0
-1.8326,0,-0.5423,-8.8,1.3619,0
-1.8326,0,0,-8.8,1.2226,0
-1.8326,0,0,-8.8,1.0833,0
-1.9848,0,-0.52095,-8.8,0.93174,0
-1.9848,0,0,-8.8,0.77726,0
-2.0895,0,-0.55169,-8.8,0.60823,0
-2.139,0,-0.57994,-8.8,0.44283,0
-2.1999,0,-0.6201,-9.733,0.26554,0
-2.1999,0,0,-31.171,0.09421,0
-2.3339,0,-0.69567,-1027.6,0.0026522,0
-2.3339,0,0,-8.8,4.9074,0
-2.3339,0,0,-8.8,4.718,0
-2.3339,0,0,-8.8,4.5286,0
-2.3339,0,0,-8.8,4.3392,0
-2.3339,0,0,-8.8,4.1498,0
-2.7909,0,-0.6997,-8.8,3.8244,0
-2.7909,0,0,-8.8,3.5893,0
-2.9339,0,-0.60426,-8.8,3.3373,0
-2.9339,0,0,-8.8,3.0879,0
-3.0634,0,-0.622,-8.8,2.8185,0
-3.0634,0,0,-8.8,2.5561,0
-3.2013,0,-0.63631,-8.8,2.2758,0
-3.2013,0,0,-8.8,1.9997,0
-3.2013,0,0,-8.8,1.7236,0
-3.2013,0,0,-8.8,1.4474,0
-3.4767,0,-0.62871,-8.8,1.1104,0
-3.5351,0,-0.66728,-8.8,0.80172,0
-3.5351,0,0,-14.031,0.49221,0
-3.5351,0,0,-34.25,0.20885,0
-3.7248,0,-0.58234,-1102.2,0.0062973,0
-3.777,0,-0.59409,-0.59409,5.1517,7.7465
-3.8379,0,-0.58999,-8.8,4.7817,0
-3.8379,0,0,-8.8,4.4419,0
-3.8379,0,0,-8.8,4.1021,0
-4.0309,0,-0.61457,-8.8,3.7405,0
-4.0309,0,0,-8.8,3.3814,0
-4.1364,0,-0.54033,-8.8,3.0055,0
-4.1364,0,0,-8.8,2.6359,0
-4.1364,0,0,-8.8,2.2662,0
-4.2905,0,-0.48259,-8.8,1.8591,0
-4.2905,0,0,-8.8,1.474,0
-4.3778,0,-0.45703,-9.37,1.0751,0
-4.418,0,-0.44869,-14.776,0.68117,0
-4.4694,0,-0.46858,-32.389,0.31289,0
-4.4694,0,0,-299.54,0.027898,0
-4.5661,0,-0.47977,-10.167,1.0761,0
-4.5661,0,0,-16.354,0.67036,0
-4.665,0,-0.48652,-39.351,0.27998,0
-4.7095,0,-0.47499,-6709.4,0.001653,0
-4.7095,0,0,7.8,33.078,26.048
-4.7095,0.78,0,7.8,32.568,27.647
-4.7095,1.56,0,7.8,31.98,29.246
-4.8944,2.34,-0.45877,7.8,31.267,32.188
-4.9485,3.12,-0.45822,7.8,30.503,33.897
-4.9485,3.9,0,7.8,29.657,34.533
-4.9485,4.68,0,7.8,28.733,36.132
-4.9485,5.46,0,7.8,27.732,37.731
-4.9485,6.24,0,-0.56723,26.652,21.748
-5.1755,6.1833,-0.47809,-0.60358,25.452,23.025
-5.1755,6.1229,0,-0.64267,24.319,21.815
-5.1755,6.0587,0,-0.68585,23.193,21.592
-5.1755,5.9901,0,-0.73572,22.073,21.347
-5.3743,5.9165,-0.60098,-0.78965,20.935,22.753
-5.4376,5.8375,-0.65196,-0.8513,19.811,22.699
-5.4376,5.7524,0,-0.92169,18.688,21.006
-5.4376,5.6602,0,-1.002,17.573,20.649
-5.4376,5.56,0,-1.0923,16.469,20.253
-5.4376,5.4508,0,-1.1971,15.374,19.809
-5.4376,5.3311,0,-1.3173,14.291,19.311
-5.4376,5.1994,0,-1.4594,13.221,18.743
-5.4376,5.0534,0,-1.6268,12.165,18.092
-5.4376,4.8907,0,-1.8277,11.124,17.336
-6.0923,4.708,-0.83154,-2.067,9.794,19.548
-6.0923,4.5013,0,-2.3566,8.7243,16.769
-6.2636,4.2656,-0.90632,-2.7193,7.6565,17.779
-6.2636,3.9937,0,-8.9837,6.6172,2.154
-6.2636,3.0953,0,-9.0268,5.6363,0.22176
-6.2636,2.1926,0,-9.0539,4.7456,0
-6.6443,1.2872,-0.90877,-9.0312,3.8725,0
-6.6443,0.38412,0,-9.0074,3.1245,0
-6.6443,0,0,-10.432,2.4667,0
-6.6443,0,0,-14.186,1.8545,0
-6.6443,0,0,-21.784,1.261,0
-7.0874,0,-0.81488,-43.93,0.58253,0
-7.1648,0,-0.83075,-266.99,0.096435,0
-7.2549,0,-0.83904,-38.097,0.70633,0
-7.3375,0,-0.84889,-170.27,0.15889,0
-7.4134,0,-0.8515,-103.69,0.2672,0
-7.4891,0,-0.83844,-849.38,0.033049,0
-7.4891,0,0,-8.942,3.531,0
-7.4891,0,0,-11.2,2.8268,0
-7.7339,0,-0.76306,-15.083,2.0885,0
-7.8141,0,-0.75778,-22.634,1.3956,0
-7.8863,0,-0.73581,-43.717,0.7235,0
-7.8863,0,0,-206.78,0.15346,0
-8.0462,0,-0.73176,-83.834,0.38953,0
-8.0462,0,0,9.8,1.0055,37.09
-8.0462,0.98,0,-320.29,0.15188,0
-8.0462,0,0,-42.507,0.85069,0
-8.0462,0,0,-180.23,0.25862,0
-8.0462,0,0,-140.89,0.35517,0
-8.6073,0,-1.5662,-352.47,0.10556,0
-8.7667,0,-1.9379,-40.714,0.991,0
-8.7667,0,0,-134.08,0.31791,0
-9.2054,0,-2.7463,-678.06,0.062741,0
-9.4751,0,-3.4463,-21.245,2.5221,0
-9.8274,0,-3.4794,-32.626,1.6568,0
-9.8274,0,0,-66.075,0.83716,0
-9.8274,0,0,-493.92,0.18479,0
-9.8274,0,0,-41.047,1.6717,0
-11.047,0,-2.082,-99.322,0.62744,0
-11.248,0,-1.9636,-5225.8,0.01211,0
-11.443,0,-1.9785,7.8,25.007,44.008
-11.443,0.78,0,7.8,23.824,41.449
-11.787,1.56,-0.90057,7.8,22.538,45.646
-11.787,2.34,0,-0.3587,21.164,28.209
-11.908,2.3041,-0.28829,-0.39605,19.724,28.912
-11.908,2.2645,0,-0.43883,18.305,28.135
-11.908,2.2206,0,-0.48997,16.89,27.937
-11.908,2.1716,0,-0.55246,15.479,27.706
-12.008,2.1164,-0.30167,-0.62721,14.067,28.274
-12.031,2.0537,-0.33841,-0.72084,12.656,28.073
-12.031,1.9816,0,-0.84082,11.251,26.963
-12.031,1.8975,0,-0.99598,9.8538,26.464
-12.031,1.7979,0,-1.2072,8.4659,25.816
-12.031,1.6772,0,-1.5028,7.0891,24.948
-12.031,1.5269,0,-17.539,5.7258,0
-12.031,0,0,-18.212,4.4577,0
-12.031,0,0,-24.744,3.3456,0
-12.493,0,-0.6051,-38.192,2.0763,0
-12.554,0,-0.57232,-78.689,1.0088,0
-12.554,0,0,-544.47,0.14681,0
-12.671,0,-0.55058,-50.814,1.5971,0
-12.671,0,0,-140.24,0.58409,0
-12.671,0,0,-13751,0.018173,0
-12.837,0,-0.4838,7.8,67.482,43.726
-12.837,0.78,0,7.8,66.159,44.309
-12.837,1.56,0,7.8,64.759,45.908
-12.977,2.34,-0.50131,7.8,63.244,48.846
-12.977,3.12,0,7.8,61.673,49.392
-12.977,3.9,0,7.8,60.025,50.991
-13.135,4.68,-0.58355,7.8,58.27,54.141
-13.196,5.46,-0.56311,7.8,56.437,55.822
-13.261,6.24,-0.57222,6.7,54.529,55.261
-13.261,6.91,0,6.7,52.545,55.432
-13.261,7.58,0,6.7,50.495,56.806
-13.261,8.25,0,6.7,48.377,58.179
-13.487,8.92,-0.58531,6.7,46.147,61.245
-13.545,9.59,-0.61681,6.7,43.863,62.805
-13.545,10.26,0,6.7,41.516,62.882
-13.666,10.93,-0.67438,6.7,39.083,65.921
-13.666,11.6,0,6.7,36.59,65.877
-13.799,12.27,-0.65892,-1.799,34.02,51.05
-13.799,12.09,0,-2.0102,31.422,48.853
-13.938,11.889,-0.53014,-2.2642,28.826,49.305
-13.938,11.663,0,-2.5718,26.255,47.08
-13.938,11.405,0,-2.9471,23.707,45.765
-14.099,11.111,-0.55719,-3.4207,21.163,45.667
-14.099,10.769,0,-4.0255,18.659,42.524
-14.219,10.366,-0.72416,-4.824,16.172,41.789
-14.219,9.8837,0,-5.9,13.738,37.017
-14.384,9.2937,-0.86442,-7.4084,11.348,34.793
-14.384,8.5529,0,-30.355,9.0169,0
-14.384,5.5175,0,-30.4,6.875,0
-14.384,2.4775,0,-30.542,5.0368,0
-14.774,0,-1.0962,-32.954,3.4256,0
-14.774,0,0,-53.871,2.113,0
-14.774,0,0,-129.24,0.90499,0
-14.774,0,0,-4184.6,0.073769,0
-15.23,0,-1.1872,-1.1872,19.439,31.225
-15.23,0,0,-1.1904,17.922,28.724
-15.23,0,0,-1.2234,16.405,28.654
-15.586,0,-1.2213,-1.2213,14.838,31.956
-15.586,0,0,-1.2341,13.285,29.363
-15.586,0,0,-1.2068,11.733,29.42
-15.961,0,-1.2959,-1.2959,10.118,32.724
-15.961,0,0,-1.4248,8.5281,29.73
-15.961,0,0,-1.6001,6.9391,29.362
-16.401,0,-1.8121,-1.8121,5.298,33.626
-16.401,0,0,-39.53,3.667,0
-16.401,0,0,-66.586,2.2245,0
-16.401,0,0,-176.53,0.91737,0
-17.233,0,-2.2908,-33575,0.0044228,0
-17.233,0,0,7.8,166.16,51.721
-17.233,0.78,0,7.8,164.39,53.32
-17.233,1.56,0,7.8,162.55,54.919
-18.128,2.34,-2.2403,7.8,160.46,63.061
-18.128,3.12,0,7.8,158.37,59.953
-18.582,3.9,-2.2369,7.8,156.17,67.181
-18.582,4.68,0,7.8,153.88,64.08
-18.582,5.46,0,7.8,151.52,65.679
-18.582,6.24,0,6.7,149.07,64.967
-19.535,6.91,-2.768,6.7,146.36,74.11
-19.815,7.58,-2.9701,6.7,143.66,76.483
-19.815,8.25,0,6.7,140.89,71.615
-20.418,8.92,-3.1875,6.7,137.99,80.923
-20.731,9.59,-3.2258,6.7,135,83.019
-21.063,10.26,-3.1788,6.7,131.91,84.973
-21.39,10.93,-3.1052,6.7,128.72,86.862
-21.71,11.6,-3.0427,6.7,125.45,88.76
-21.71,12.27,0,4.8,122.08,79.748
-21.71,12.75,0,4.8,118.66,80.732
-22.588,13.23,-2.8343,4.8,115.07,89.472
-22.873,13.71,-2.7811,4.8,111.44,90.928
-22.873,14.19,0,4.8,107.76,86.068
-22.873,14.67,0,4.8,104.03,87.052
-22.873,15.15,0,4.8,100.25,88.036
-22.873,15.63,0,4.8,96.422,89.02
-24.071,16.11,-1.7331,4.8,92.227,96.103
-24.071,16.59,0,4.8,88.185,93.446
-24.403,17.07,-1.1301,4.8,84.059,97.484
-24.403,17.55,0,4.8,79.887,96.093
-24.403,18.03,0,4.8,75.668,97.077
-24.403,18.51,0,4.8,71.401,98.061
-24.71,18.99,-0.21199,4.8,67.007,100.12
-24.71,19.47,0,4.8,62.613,100.66
-24.767,19.95,-0.26292,4.8,58.155,102.31
-24.767,20.43,0,4.8,53.659,102.74
-24.767,20.91,0,4.8,49.115,103.73
-24.767,21.39,0,-3.732,44.524,86.783
-24.767,21.017,0,-4.3516,39.927,84.716
-24.915,20.582,-0.28675,-5.1546,35.342,83.044
-24.952,20.066,-0.25903,-6.2195,30.822,79.766
-24.978,19.444,-0.26468,-7.6798,26.357,75.489
