0,0,2.1279,0,35.5,0
0,0,0,7.8,35.5,59.103
0,0.78,0,7.8,35.461,63.94
0,1.56,0,7.8,35.344,68.834
0,2.34,0,7.8,35.149,73.779
0.95572,3.12,1.562,7.8,35.12,60.333
0.95572,3.9,0,7.8,34.864,95.207
0.95572,4.68,0,7.8,34.531,100.83
1.4254,5.46,1.4288,7.8,34.183,74.703
1.4254,6.24,0,6.7,33.74,94.754
1.4254,6.91,0,6.7,33.225,99.574
1.841,7.58,1.2049,6.7,32.719,77.327
1.9644,8.25,0.95563,6.7,32.126,85.617
1.9644,8.92,0,-0.38178,31.464,27.41
1.9644,8.8818,0,-0.38763,30.77,27.137
1.9644,8.8431,0,-0.39542,30.08,26.843
1.9644,8.8035,0,-0.40571,29.394,26.522
2.1337,8.7629,-0.4497,-0.41856,28.804,31.313
2.1337,8.7211,0,-0.43287,28.143,24.857
2.0331,8.6778,-0.71254,-0.44836,27.491,35.202
2.0331,8.633,0,-0.46574,26.829,24.622
1.8697,8.5864,-1.1076,-0.4866,26.15,27.895
1.8697,8.5377,0,-0.50969,25.481,24.593
1.615,8.4868,-1.5774,-0.53616,24.81,26.975
1.449,8.4331,-1.8576,-0.5674,24.11,26.701
1.449,8.3764,0,-0.6025,23.414,25.171
1.0622,8.3162,-2.4313,-0.64233,22.675,26.527
1.0622,8.2519,0,-0.68945,21.953,25.821
0.55436,8.183,-2.8897,-0.74237,21.19,26.701
0.26597,8.1087,-3.0335,-0.80408,20.408,26.779
0.26597,8.0283,0,-0.87336,19.628,27.305
0.26597,7.941,0,-0.95186,18.856,26.08
-0.67379,7.8458,-3.1619,-1.0416,17.952,34.267
-0.67379,7.7417,0,-1.1418,17.105,27.199
-0.67379,7.6275,0,-1.2552,16.269,26.726
-1.6273,7.502,-3.1728,-1.3846,15.298,34.818
-1.6273,7.3635,0,-1.5339,14.392,27.554
-1.6273,7.2101,0,-1.7064,13.5,26.877
-1.6273,7.0395,0,-1.9046,12.625,26.111
-2.866,6.849,-2.8023,-2.1362,11.507,33.661
-2.866,6.6354,0,-2.4094,10.547,26.761
-3.4135,6.3945,-2.165,-2.7286,9.5399,31.268
-3.4135,6.1216,0,-3.0935,8.5727,25.393
-3.4135,5.8122,0,-8.8,7.6347,12.768
-3.9353,4.9322,-0.72757,-8.8,6.6779,13.562
-4.0114,4.0522,-0.24689,-8.8,5.8375,10.904
-4.0114,3.1722,0,-8.8,5.0751,8.5814
-4.0114,2.2922,0,-8.8,4.4008,6.7774
-4.0114,1.4122,0,-8.8,3.8144,4.9734
-4.0114,0.53225,0,-8.8,3.316,3.1694
-3.9758,0,-0.043432,-8.8,2.9142,2.0966
-3.9802,0,-0.24537,-8.8,2.5557,2.53
-4.0126,0,-0.4622,-8.8,2.2058,3.0519
-4.0126,0,0,-8.8,1.8486,2.0807
-4.0126,0,0,-8.8,1.4913,2.0807
-4.2363,0,-1.0318,-9.1719,1.1023,3.926
-4.2363,0,0,-14.185,0.72455,0
-4.2363,0,0,-29.573,0.37185,0
-4.2363,0,0,-211.22,0.096089,0
-4.6847,0,-1.1383,-18.148,0.64509,0
-4.6847,0,0,-43.792,0.26736,0
-4.6847,0,0,9.8,1.0183,42.542
-4.9959,0.98,-0.79226,-39.613,0.45996,0
-4.9959,0,0,-242.11,0.06043,0
-4.9959,0,0,-18.077,0.77136,0
-4.9959,0,0,-42.752,0.36216,0
-5.2175,0,-0.089759,-787.29,0.01729,0
-5.2175,0,0,-8.8,3.432,4.5508
-5.2175,0,0,-8.8,2.9543,4.5508
-5.2175,0,0,-8.8,2.4765,4.5508
-5.2175,0,0,-8.8,1.9988,4.5508
-5.1407,0,0.43886,-8.8,1.5274,3.4713
-5.0881,0,0.57893,-11.656,1.058,0
-5.0881,0,0,-19.787,0.60748,0
-5.0881,0,0,-54.251,0.1976,0
-5.0881,0,0,9.8,0.96451,43.369
-5.0881,0.98,0,-35.421,0.4067,0
-5.0881,0,0,-161.02,-0.023008,0
-5.0881,0,0,-25.669,0.27329,0
-4.5863,0,0.50614,-140.36,0.074659,0
-4.5349,0,0.46994,-30.971,0.32705,0
-4.5349,0,0,-472.83,0.028414,0
-4.4508,0,0.37661,-8.8,1.9379,2.1879
-4.4508,0,0,-8.8,1.5369,2.9792
-4.4508,0,0,-8.8,1.1358,2.9792
-4.3321,0,0.21267,-12.101,0.76205,0
-4.3321,0,0,-24.286,0.38935,0
-4.3078,0,0.20429,-122.72,0.075484,0
-4.2956,0,0.23996,-34.818,0.26317,0
-4.2956,0,0,-564.7,0.007697,0
-4.2956,0,0,-8.8,2.4016,2.6609
-4.2364,0,0.21441,-8.8,2.0386,2.0891
-4.2158,0,0.24114,-8.8,1.6671,1.9906
-4.2158,0,0,-8.8,1.2895,2.4973
-4.1607,0,0.45571,-8.9493,0.92034,1.1132
-4.1107,0,0.60014,-14.529,0.55845,0
-4.1107,0,0,-37.096,0.22003,0
-4.1107,0,0,-8385.1,-0.005566,0
-3.9015,0,0.92187,7.8,41.537,34.797
-3.9015,0.78,0,7.8,41.108,38.333
-3.7168,1.56,0.91389,7.8,40.62,37.633
-3.6259,2.34,0.89825,7.8,40.051,39.078
-3.5285,3.12,0.88549,7.8,39.417,40.504
-3.4304,3.9,0.84605,7.8,38.712,41.985
-3.4304,4.68,0,7.8,37.94,45.362
-3.4304,5.46,0,7.8,37.09,46.961
-3.4304,6.24,0,6.7,36.162,46.249
-3.4304,6.91,0,6.7,35.161,47.622
-3.4304,7.58,0,6.7,34.094,48.996
-2.8531,8.25,1.2272,6.7,33.141,46.607
-2.8531,8.92,0,-0.62994,31.997,35.157
-2.8531,8.857,0,-0.65304,30.823,34.979
-2.8531,8.7917,0,-0.67725,29.655,34.795
-2.3214,8.724,1.306,-0.70134,28.622,30.771
-2.3214,8.6538,0,-0.72798,27.521,33.316
-2.3214,8.581,0,-0.75737,26.427,33.105
-1.9919,8.5053,0.81058,-0.7895,25.405,30.503
-1.9919,8.4264,0,-0.82512,24.359,31.97
-1.9919,8.3438,0,-0.8634,23.322,31.72
-1.9919,8.2575,0,-0.9064,22.292,31.453
-1.7331,8.1669,0.64311,-0.94993,21.344,29.294
-1.678,8.0719,0.74405,-0.9986,20.36,28.671
-1.678,7.972,0,-1.0486,19.39,29.925
-1.678,7.8672,0,-1.0984,18.43,29.605
-1.678,7.7573,0,-1.1468,17.481,29.279
-1.678,7.6426,0,-1.1951,16.543,28.942
-1.0316,7.5231,2.1437,-1.2408,15.746,22.771
-0.80911,7.399,2.2784,-1.2804,14.904,21.695
-0.58587,7.271,2.2275,-1.3168,14.107,21.005
-0.58587,7.1393,0,-1.3539,13.328,25.338
-0.16787,7.0039,1.3006,-1.3904,12.603,21.394
-0.029405,6.8649,0.50483,-1.4371,11.904,22.399
-0.029405,6.7212,0,-1.5054,11.222,23.022
0.00068696,6.5706,-0.91946,-1.593,10.555,15.177
0.00068696,6.4114,0,-1.7061,9.9059,13.467
0.00068696,6.2407,0,-1.8471,9.2733,11.79
-0.37254,6.056,-1.3472,-2.0046,8.5912,14.676
-0.37254,5.8556,0,-2.1742,7.9584,11.078
-0.37254,5.6382,0,-8.8,7.3465,0
-0.70926,4.7582,-0.92681,-8.8,6.7228,0
-0.70926,3.8782,0,-8.8,6.2201,0
-0.70926,2.9982,0,-8.8,5.8053,0
-0.70926,2.1182,0,-8.8,5.4786,0
-0.70926,1.2382,0,-8.8,5.2399,0
-1.0111,0.35815,0.32085,-8.8,4.9976,0
-1.0111,0,0,-8.8,4.9047,0
-1.0111,0,0,-8.8,4.8476,0
-0.80685,0,1.1746,-8.8,4.8095,0
-0.80685,0,0,-8.8,4.7728,0
-0.80685,0,0,-8.8,4.7361,0
-0.52492,0,0.04693,-8.8,4.7515,0
-0.52492,0,0,-8.8,4.743,0
-0.52492,0,0,-8.8,4.7345,0
-0.6994,0,-1.793,-8.8,4.7227,0
-0.6994,0,0,-8.8,4.6967,0
-0.6994,0,0,-8.8,4.6708,0
-0.6994,0,0,-8.8,4.6449,0
-0.6994,0,0,-8.8,4.6189,0
-0.6994,0,0,-8.8,4.593,0
-1.9414,0,-1.5075,-8.8,4.1993,0
-2.09,0,-1.237,-8.8,4.0429,0
-2.2203,0,-0.92405,-8.8,3.8657,0
-2.2203,0,0,-8.8,3.6877,0
-2.2203,0,0,-8.8,3.5097,0
-2.2203,0,0,-8.8,3.3316,0
-2.4467,0,-0.42383,-8.8,3.09,0
-2.4467,0,0,-8.8,2.8894,0
-2.4467,0,0,-8.8,2.6887,0
-2.5921,0,-0.51202,-8.8,2.4559,0
-2.6523,0,-0.49591,-8.8,2.2403,0
-2.6523,0,0,-8.8,2.0191,0
-2.6523,0,0,-8.8,1.7979,0
-2.8124,0,-0.36957,-8.8,1.5482,0
-2.8521,0,-0.32192,-8.8,1.2999,0
-2.8521,0,0,-8.8,1.0587,0
-2.9056,0,-0.31484,-8.8,0.82466,0
-2.9364,0,-0.35866,-8.8,0.58482,0
-2.9364,0,0,-13.753,0.33518,0
-2.9364,0,0,-49.974,0.1103,0
-2.9364,0,0,-143.15,0.066529,0
-3.109,0,-0.73702,-11.966,0.4304,0
-3.185,0,-0.86021,-28.356,0.18447,0
-3.185,0,0,-1862.6,0.0077484,0
-3.185,0,0,-1.0776,9.0025,7.1437
-3.185,0,0,-1.1833,8.6894,6.9216
-3.185,0,0,-1.2694,8.3768,6.7407
-3.185,0,0,-1.3576,8.0647,6.5553
-3.185,0,0,-1.4567,7.7529,6.3471
-3.185,0,0,-1.5103,7.4417,6.2344
-3.185,0,0,-1.5331,7.1308,6.1866
-4.3016,0,-1.5725,-1.5725,6.3763,11.697
-4.4574,0,-1.5898,-1.5898,5.9362,12.016
-4.4574,0,0,-1.5457,5.4984,8.7685
-4.4574,0,0,-1.5122,5.0603,8.839
-4.9144,0,-1.5437,-8.8,4.5638,0
-4.9144,0,0,-8.8,4.1163,0
-5.2373,0,-1.8406,-8.8,3.647,0
-5.2373,0,0,-8.8,3.1672,0
-5.2373,0,0,-8.8,2.6875,0
-5.8363,0,-2.3175,-10.392,2.1093,0
-5.8363,0,0,-14.115,1.5776,0
-5.8363,0,0,-21.985,1.0645,0
-5.8363,0,0,-47.919,0.59083,0
-6.7843,0,-2.3964,-629.16,0.036718,0
-6.7843,0,0,-12.267,2.5041,0
-7.2722,0,-2.3755,-16.711,1.8446,0
-7.506,0,-2.3588,-25.86,1.1987,0
-7.7461,0,-2.298,-55.129,0.56787,0
-7.7461,0,0,-672.29,0.068902,0
-7.7461,0,0,-15.015,2.6557,0
-7.7461,0,0,-21.103,1.9562,0
-7.7461,0,0,-35.738,1.2871,0
-8.8178,0,-1.9339,-97.463,0.40696,0
-9.0084,0,-1.7203,-4164.9,0.0097463,0
-9.0084,0,0,-1.5306,19.934,18.13
-9.3488,0,-1.3079,-1.3079,19,22.044
-9.3488,0,0,-1.0561,18.072,19.825
-9.3488,0,0,-0.7524,17.143,20.463
-9.3488,0,0,-0.58894,16.211,20.806
-9.7033,0,-0.51208,-0.51208,15.205,22.771
-9.7033,0,0,-0.47215,14.238,21.778
-9.7033,0,0,-0.39611,13.27,21.938
-9.7033,0,0,-0.41919,12.301,21.89
-9.8702,0,-0.58626,-0.58626,11.297,23.113
-9.934,0,-0.69471,-0.69471,10.319,23.243
-9.934,0,0,-0.72039,9.3287,21.73
-10.084,0,-0.78685,-0.78685,8.3338,23.55
-10.084,0,0,-0.93551,7.3294,21.584
-10.084,0,0,-0.96418,6.3257,21.524
-10.084,0,0,-0.90294,5.3222,21.653
-10.084,0,0,-13.682,4.3184,0
-10.084,0,0,-17.86,3.3784,0
-10.616,0,-0.89824,-25.2,2.3187,0
-10.616,0,0,-42.177,1.3831,0
-10.784,0,-0.78035,-114.64,0.51073,0
-10.784,0,0,9.8,1.0138,45.579
-10.784,0.98,0,9.8,1.0187,47.588
-10.784,1.96,0,9.8,1.0365,49.597
-10.784,2.94,0,9.8,1.0613,51.606
-10.784,3.92,0,9.8,1.0877,53.615
-11.23,4.9,-0.33239,9.8,1,57.237
-11.23,5.88,0,9.8,0.99195,58.547
-11.23,6.86,0,9.8,0.99311,60.556
-11.23,7.84,0,9.8,1.0086,62.565
-11.34,8.82,-0.28208,9.8,1,65.393
-11.34,9.8,0,9.8,1.003,66.809
-11.34,10.78,0,9.8,1.0156,68.818
-11.34,11.76,0,9.8,1.0281,70.827
-11.34,12.74,0,9.8,1.03,72.836
-11.434,13.72,0.080289,9.8,1,74.869
-11.434,14.7,0,9.8,0.99484,77.046
-11.434,15.68,0,9.8,0.9852,79.055
-11.374,16.66,0.23327,9.8,1,80.45
-11.374,17.64,0,9.8,1.0065,82.949
-11.327,18.62,0.19771,9.8,1,84.447
-11.305,19.6,0.26027,9.8,1,86.279
-11.305,20.58,0,9.8,1.0044,88.834
-11.305,21.56,0,9.8,0.9924,90.843
-11.233,22.54,0.10224,9.8,1,92.492
-11.233,23.52,0,9.8,1.0083,94.716
-11.221,24.5,-0.11978,9.8,1,96.951
-11.241,25.48,-0.27627,9.8,1,99.329
-11.241,26.46,0,9.8,0.99428,100.76
-11.306,27.44,-0.384,9.8,1,103.71
-11.349,28.42,-0.42767,9.8,1,105.9
-11.386,29.4,-0.43901,9.8,1,108
-11.386,30.38,0,9.8,0.99421,109.09
-11.471,31.36,-0.47564,9.8,1,112.27
-11.471,32.34,0,9.8,1.0005,113.28
-11.471,33.32,0,9.8,1.0142,115.29
-11.612,34.3,-0.46368,9.8,1,118.57
-11.651,35.28,-0.37818,9.8,1,120.47
-11.651,36.26,0,9.8,0.99449,121.69
-11.721,37.24,-0.26194,9.8,1,124.39
-11.756,38.22,-0.15562,9.8,1,126.25
-11.764,39.2,-0.13464,9.8,1,128.23
-11.764,40.18,0,9.8,0.99507,129.96
-11.764,41.16,0,9.8,0.99926,131.97
-11.764,42.14,0,9.8,0.99983,133.97
-11.764,43.12,0,9.8,1.0089,135.98
-11.764,44.1,0,9.8,1.0074,137.99
-11.77,45.08,0.30763,9.8,1,139.37
-11.77,46.06,0,9.8,0.99269,142.02
-11.77,47.04,0,9.8,0.98743,144.03
-11.689,48.02,0.3307,9.8,1,145.18
-11.689,49,0,9.8,1.001,147.88
-11.629,49.98,0.2509,9.8,1,149.24
-11.629,50.96,0,9.8,0.99734,151.78
-11.561,51.94,0.44767,9.8,1,152.71
-11.517,52.92,0.65994,9.8,1,154.18
-11.517,53.9,0,9.8,0.99065,157.58
-11.517,54.88,0,9.8,0.97723,159.58
-11.216,55.86,1.5683,9.8,1,157.68
-11.052,56.84,1.7114,9.8,1,159.05
-11.052,57.82,0,9.8,0.98612,164.66
-10.716,58.8,1.5058,9.8,1,162.81
-10.574,59.78,1.1741,9.8,1,165.23
-10.574,60.76,0,9.8,0.9987,169.7
-10.392,61.74,0.14964,9.8,1,171.03
-10.373,62.72,-0.50009,9.8,1,174.36
-10.373,63.7,0,9.8,0.99356,175.32
-10.373,64.68,0,9.8,1.0026,177.33
-10.683,65.66,-2.0728,9.8,1,184.33
-10.683,66.64,0,9.8,1.0162,181.98
-10.683,67.62,0,9.8,1.0541,183.99
-10.683,68.6,0,9.8,1.1117,186
-10.683,69.58,0,9.8,1.1805,188.01
-11.731,70.56,-1.5039,9.8,1,195.33
-11.888,71.54,-1.1886,9.8,1,197
-11.888,72.52,0,9.8,1.0066,196.51
-12.082,73.5,-0.59716,9.8,1,200.17
-12.138,74.48,-0.52947,9.8,1,202.15
-12.138,75.46,0,9.8,1.0036,203.05
-12.138,76.44,0,9.8,1.0161,205.06
-12.138,77.42,0,9.8,1.0401,207.07
-12.138,78.4,0,9.8,1.0587,209.07
-12.552,79.38,-1.3277,9.8,1,214.72
-12.552,80.36,0,9.8,1.0009,213.94
-12.552,81.34,0,9.8,1.0225,215.95
-12.552,82.32,0,9.8,1.0494,217.96
-12.552,83.3,0,9.8,1.1052,219.97
-13.34,84.28,-2.2652,9.8,1,228.35
-13.559,85.26,-2.4462,9.8,1,231.19
-13.559,86.24,0,9.8,1.0202,228.06
-13.559,87.22,0,9.8,1.0566,230.07
-14.332,88.2,-2.3411,9.8,1,238.58
-14.567,89.18,-2.1519,9.8,1,240.67
-14.567,90.16,0,9.8,1.0165,238.16
-14.567,91.14,0,9.8,1.0483,240.17
-14.567,92.12,0,9.8,1.1007,242.18
-14.567,93.1,0,9.8,1.1637,244.19
-15.263,94.08,-0.5172,9.8,1,248.71
-15.306,95.06,-0.30083,9.8,1,250.35
-15.306,96.04,0,9.8,1.0071,251.73
-15.306,97.02,0,9.8,1.0082,253.74
-15.306,98,0,9.8,1.0089,255.75
-15.374,98.98,-0.071665,9.8,1,258.05
-15.374,99.96,0,9.8,1.0015,259.91
-15.374,100.94,0,9.8,0.99832,261.91
-15.481,101.92,-0.93482,9.8,1,266.11
-15.565,102.9,-1.6719,9.8,1,269.84
-15.565,103.88,0,9.8,1.0089,268.33
-15.565,104.86,0,9.8,1.038,270.34
-15.565,105.84,0,9.8,1.0941,272.35
-15.565,106.82,0,9.8,1.1655,274.36
-16.719,107.8,-2.2143,9.8,1,283.39
-16.719,108.78,0,9.8,1.0095,280.74
-17.097,109.76,-1.1045,9.8,1,285.85
-17.206,110.74,-0.87926,9.8,1,287.61
-17.289,111.72,-0.86723,9.8,1,289.76
-17.367,112.7,-1.0098,9.8,1,292.23
-17.367,113.68,0,9.8,1.0102,292.12
-17.367,114.66,0,9.8,1.0191,294.13
-17.778,115.64,-2.0194,9.8,1,301.22
-17.778,116.62,0,9.8,1.0195,298.99
-17.778,117.6,0,9.8,1.0533,301
-17.778,118.58,0,9.8,1.113,303.01
-17.778,119.56,0,9.8,1.1868,305.01
-17.778,120.54,0,9.8,1.2836,307.02
-19.114,121.52,-2.1232,9.8,1,316.23
-19.114,122.5,0,9.8,1.0158,313.78
-19.114,123.48,0,9.8,1.037,315.79
-19.114,124.46,0,9.8,1.0891,317.8
-19.114,125.44,0,9.8,1.1531,319.81
-19.114,126.42,0,9.8,1.2219,321.82
-19.114,127.4,0,9.8,1.3146,323.82
-19.114,128.38,0,9.8,1.4056,325.83
-19.114,129.36,0,9.8,1.4892,327.84
-20.051,130.34,0.18777,9.8,1,331.38
-20.051,131.32,0,9.8,1.0016,333.78
-20.051,132.3,0,9.8,1.0002,335.79
-20.051,133.28,0,9.8,0.99021,337.8
-20.051,134.26,0,9.8,0.9802,339.81
-19.938,135.24,-0.013509,9.8,1,341.61
-19.947,136.22,-0.058976,9.8,1,343.74
-19.947,137.2,0,9.8,0.99553,345.62
-19.969,138.18,-0.10634,9.8,1,347.9
-19.969,139.16,0,9.8,1.0103,349.69
-19.969,140.14,0,9.8,1.0136,351.69
-20.009,141.12,-0.010085,9.8,1,353.81
-20.014,142.1,-0.026648,9.8,1,355.86
-20.014,143.08,0,9.8,1.0008,357.81
-20.014,144.06,0,9.8,1.0019,359.82
-20.014,145.04,0,9.8,1.0071,361.83
-20.014,146.02,0,9.8,1.003,363.84
-20.042,147,-0.039863,9.8,1,365.99
-20.042,147.98,0,9.8,0.99195,367.92
-20.042,148.96,0,9.8,0.98284,369.92
-20.042,149.94,0,9.8,0.98944,371.93
-20.042,150.92,0,9.8,0.9908,373.94
-19.97,151.9,-0.012398,9.8,1,375.83
-19.97,152.88,0,9.8,0.99105,377.81
-19.97,153.86,0,9.8,0.98823,379.82
-20.03,154.84,-0.34607,9.8,1,382.68
-20.067,155.82,-0.36368,9.8,1,384.8
-20.106,156.8,-0.25761,9.8,1,386.67
-20.106,157.78,0,9.8,1.0043,388.14
-20.145,158.76,-0.18573,9.8,1,390.62
-20.159,159.74,-0.20643,9.8,1,392.7
-20.188,160.72,-0.17834,9.8,1,394.71
-20.188,161.7,0,9.8,1.0024,396.34
-20.219,162.68,-0.16825,9.8,1,398.77
-20.237,163.66,-0.17028,9.8,1,400.82
-20.237,164.64,0,9.8,0.99441,402.47
-20.237,165.62,0,9.8,0.99197,404.48
-20.237,166.6,0,9.8,0.99084,406.49
-20.293,167.58,-0.3408,9.8,1,409.33
-20.293,168.56,0,9.8,0.99728,410.62
-20.293,169.54,0,9.8,0.99369,412.63
-20.432,170.52,-0.64844,9.8,1,416.28
-20.494,171.5,-0.72739,9.8,1,418.59
-20.494,172.48,0,9.8,0.99877,419.07
-20.494,173.46,0,9.8,1.0064,421.08
-20.494,174.44,0,9.8,1.0234,423.08
-20.494,175.42,0,9.8,1.0419,425.09
-20.494,176.4,0,9.8,1.0775,427.1
-20.494,177.38,0,9.8,1.1193,429.11
-20.948,178.36,-0.50718,9.8,1,433.12
-21.002,179.34,-0.43659,9.8,1,435.09
-21.002,180.32,0,9.8,1.0081,436.18
-21.075,181.3,-0.33217,9.8,1,439.04
-21.075,182.28,0,9.8,1.0023,440.35
-21.156,183.26,-0.33454,9.8,1,443.23
-21.156,184.24,0,9.8,1.0113,444.53
-21.212,185.22,-0.29948,9.8,1,447.29
-21.212,186.2,0,9.8,1.0063,448.67
-21.287,187.18,-0.26508,9.8,1,451.38
-21.287,188.16,0,9.8,1.006,452.84
-21.287,189.14,0,9.8,1.0092,454.85
-21.364,190.12,-0.28371,9.8,1,457.61
-21.364,191.1,0,9.8,1.0093,459.02
-21.364,192.08,0,9.8,1.02,461.03
-21.364,193.06,0,9.8,1.0248,463.04
-21.452,194.04,-0.21966,9.8,1,465.69
-21.452,195.02,0,9.8,1.0107,467.24
-21.452,196,0,9.8,1.0126,469.25
-21.499,196.98,-0.17464,9.8,1,471.72
-21.499,197.96,0,9.8,1.0066,473.36
-21.535,198.94,-0.20996,9.8,1,475.89
-21.557,199.92,-0.2171,9.8,1,477.95
-21.577,200.9,-0.24049,9.8,1,480.05
-21.577,201.88,0,9.8,1.0083,481.56
-21.577,202.86,0,9.8,1.0024,483.57
-21.577,203.84,0,9.8,1.0165,485.58
-21.63,204.82,-0.13265,9.8,1,487.97
-21.643,205.8,-0.077949,9.8,1,489.89
-21.643,206.78,0,9.8,1.0053,491.74
-21.643,207.76,0,9.8,0.99621,493.75
-21.678,208.74,-0.24378,9.8,1,496.34
-21.678,209.72,0,9.8,0.99361,497.84
-21.722,210.7,-0.23484,9.8,1,500.43
-21.745,211.68,-0.25534,9.8,1,502.53
-21.768,212.66,-0.16673,9.8,1,504.4
-21.768,213.64,0,9.8,0.99087,506.06
-21.768,214.62,0,9.8,0.98812,508.07
-21.768,215.6,0,9.8,0.98607,510.07
-21.768,216.58,0,9.8,0.98103,512.08
-21.768,217.56,0,9.8,0.98989,514.09
-21.768,218.54,0,9.8,0.98941,516.1
