17.778,17.778,0.64321,0,35.5,0
17.778,17.778,0,0.024465,35.5,0.052907
17.778,17.78,0,0.054159,35.5,0.12644
17.778,17.786,0,0.07585,35.499,0.19122
17.778,17.793,0,0.099826,35.498,0.2698
18.09,17.803,0.55506,0.12064,35.551,0
18.09,17.815,0,0.14045,35.579,0
18.09,17.829,0,0.15978,35.606,0
18.09,17.845,0,0.17731,35.631,0
18.321,17.863,0.40738,0.1923,35.705,0
18.321,17.882,0,0.20232,35.75,0
18.321,17.902,0,0.20922,35.793,0
18.437,17.923,0.32319,0.21554,35.849,0
18.437,17.945,0,0.21861,35.899,0
18.504,17.967,0.21642,0.22497,35.964,0
18.504,17.989,0,0.22404,36.017,0
18.504,18.012,0,0.22286,36.067,0
18.504,18.034,0,0.21171,36.115,0
18.504,18.055,0,0.20004,36.161,0
18.545,18.075,0.14954,0.19587,36.214,0
18.556,18.095,0.14645,0.19254,36.261,0
18.581,18.114,0.21931,0.19454,36.313,0
18.604,18.133,0.29889,0.19596,36.361,0
18.643,18.153,0.33961,0.20385,36.418,0
18.643,18.173,0,0.20899,36.466,0
18.711,18.194,0.42859,0.21507,36.527,0
18.763,18.216,0.47086,0.22753,36.586,0
18.818,18.239,0.478,0.24088,36.637,0
18.818,18.263,0,0.24794,36.694,0
18.818,18.288,0,0.26043,36.748,0
18.958,18.314,0.2834,0.26718,36.81,0
18.995,18.34,0.23177,0.27113,36.871,0
18.995,18.367,0,0.27173,36.935,0
18.995,18.395,0,0.26473,36.997,0
18.995,18.421,0,0.25957,37.056,0
19.06,18.447,0.087744,0.25291,37.118,0
19.06,18.472,0,0.24959,37.178,0
19.092,18.497,0.10352,0.24478,37.247,0
19.092,18.522,0,0.23558,37.305,0
19.092,18.545,0,0.22982,37.361,0
19.092,18.568,0,0.22036,37.415,0
19.119,18.59,0.029011,0.21707,37.475,0
19.119,18.612,0,0.20811,37.527,0
19.119,18.633,0,0.19657,37.576,0
19.119,18.652,0,0.18518,37.624,0
19.106,18.671,-0.009277,0.17801,37.683,0
19.106,18.689,0,0.16912,37.725,0
19.106,18.706,0,0.16408,37.766,0
19.106,18.722,0,0.15849,37.805,0
19.106,18.738,0,0.14964,37.843,0
19.106,18.753,0,0.1453,37.879,0
19.106,18.767,0,0.14259,37.913,0
19.106,18.782,0,0.14212,37.946,0
19.129,18.796,0.019301,0.13584,37.998,0
19.129,18.809,0,0.12986,38.03,0
19.129,18.822,0,0.12227,38.062,0
19.121,18.835,-0.084392,0.1167,38.109,0
19.121,18.846,0,0.10725,38.137,0
19.092,18.857,-0.1814,0.095731,38.163,0.16951
19.092,18.867,0,0.084939,38.186,0
19.092,18.875,0,0.072802,38.208,0
19.037,18.882,-0.26102,0.062866,38.217,0.52699
19.037,18.889,0,0.047663,38.232,0
19.037,18.894,0,0.037401,38.247,0
19.037,18.897,0,0.023127,38.261,0
18.922,18.9,-0.22711,0.0090542,38.241,0.58348
18.922,18.9,0,0.0028984,38.243,0
18.886,18.901,-0.17929,-0.0013618,38.248,0.49359
18.865,18.901,-0.15118,-0.0031933,38.251,0.45339
18.865,18.9,0,-0.0049994,38.247,0.061384
18.841,18.9,-0.14574,-0.0053255,38.248,0.48879
18.841,18.899,0,-0.0071418,38.242,0.1054
18.841,18.899,0,-0.0090759,38.237,0.099645
18.841,18.898,0,-0.010452,38.231,0.094727
18.841,18.897,0,-0.012858,38.225,0.0873
18.841,18.895,0,-0.014792,38.22,0.080435
18.684,18.894,-0.41704,-0.019075,38.198,1.9314
18.684,18.892,0,-0.022644,38.178,0.39426
18.684,18.89,0,-0.026516,38.157,0.37962
18.684,18.887,0,-0.02924,38.136,0.36704
18.684,18.884,0,-0.03241,38.116,0.35285
18.487,18.881,-0.42122,-0.035993,38.048,2.4884
18.487,18.877,0,-0.039792,38.009,0.77173
18.487,18.873,0,-0.043193,37.97,0.75263
18.487,18.869,0,-0.04623,37.932,0.73386
18.487,18.864,0,-0.051006,37.894,0.70971
18.256,18.859,-0.45602,-0.055586,37.812,3.3232
18.256,18.854,0,-0.060321,37.752,1.2257
18.15,18.848,-0.52663,-0.064669,37.685,4.0712
18.15,18.841,0,-0.069202,37.615,1.4431
18.036,18.834,-0.58934,-0.074351,37.546,4.8439
18.036,18.827,0,-0.079396,37.467,1.6758
17.908,18.819,-0.63571,-0.085424,37.383,5.5923
17.908,18.81,0,-0.090194,37.293,1.9483
17.797,18.801,-0.55114,-0.094853,37.195,5.2906
17.747,18.792,-0.52932,-0.099067,37.083,5.2712
17.691,18.782,-0.49733,-0.10389,36.982,5.2033
17.636,18.772,-0.48339,-0.10853,36.879,5.2562
17.636,18.761,0,-0.11343,36.766,2.5026
17.636,18.749,0,-0.11802,36.654,2.4505
17.486,18.738,-0.41971,-0.12128,36.537,5.2053
17.486,18.725,0,-0.12461,36.412,2.8056
17.486,18.713,0,-0.12835,36.289,2.7519
17.486,18.7,0,-0.13175,36.167,2.6987
17.486,18.687,0,-0.13505,36.046,2.6453
17.486,18.673,0,-0.13863,35.927,2.5902
17.486,18.66,0,-0.1428,35.809,2.532
17.486,18.645,0,-0.14594,35.692,2.4771
17.155,18.631,-0.38369,-0.14929,35.458,5.6855
17.155,18.616,0,-0.15294,35.311,3.377
17.155,18.6,0,-0.15605,35.166,3.3141
17.155,18.585,0,-0.15877,35.022,3.2523
17.008,18.569,-0.46299,-0.16199,34.848,6.541
16.965,18.553,-0.48043,-0.16578,34.698,6.7645
16.965,18.536,0,-0.16984,34.54,3.6602
16.874,18.519,-0.46196,-0.17416,34.367,6.8119
16.823,18.502,-0.45702,-0.17894,34.199,6.8849
16.823,18.484,0,-0.18347,34.032,3.8916
16.736,18.466,-0.49954,-0.18696,33.867,7.39
16.692,18.447,-0.53931,-0.19114,33.689,7.8025
16.64,18.428,-0.58126,-0.19621,33.511,8.2761
16.64,18.408,0,-0.20164,33.333,4.1649
16.64,18.388,0,-0.209,33.157,4.0615
16.64,18.367,0,-0.21678,32.983,3.9546
16.367,18.345,-0.69072,-0.22427,32.769,9.9898
16.367,18.323,0,-0.23203,32.572,4.6619
16.235,18.3,-0.63816,-0.23819,32.366,9.7912
16.235,18.276,0,-0.24528,32.161,4.891
16.235,18.251,0,-0.2527,31.958,4.7668
16.235,18.226,0,-0.25949,31.758,4.6445
16.235,18.2,0,-0.26619,31.56,4.5215
15.913,18.174,-0.61326,-0.27389,31.28,10.227
15.913,18.146,0,-0.27977,31.055,5.3999
15.803,18.118,-0.66105,-0.28631,30.833,10.867
15.743,18.09,-0.71516,-0.29318,30.608,11.521
15.666,18.06,-0.8107,-0.30261,30.363,12.724
15.666,18.03,0,-0.3133,30.125,5.696
15.666,17.999,0,-0.32436,29.89,5.5222
15.384,17.966,-1.0574,-0.33815,29.62,16.484
15.384,17.932,0,-0.35287,29.363,6.1643
15.384,17.897,0,-0.36799,29.11,5.9494
15.384,17.86,0,-0.38674,28.861,5.7127
15.384,17.822,0,-0.40581,28.615,5.4717
15.384,17.781,0,-0.42471,28.373,5.2295
15.384,17.739,0,-0.44563,28.135,4.9756
14.473,17.694,-1.2144,-0.46602,27.603,21.308
14.356,17.647,-1.1217,-0.48401,27.284,20.147
14.356,17.599,0,-0.502,26.957,7.9834
14.14,17.549,-0.94548,-0.51895,26.619,18.018
14.036,17.497,-0.81608,-0.53687,26.268,16.481
13.945,17.443,-0.74064,-0.55326,25.911,15.626
13.875,17.388,-0.70635,-0.56592,25.569,15.19
13.875,17.331,0,-0.5803,25.221,8.3622
13.728,17.273,-0.76233,-0.59429,24.852,15.765
13.728,17.214,0,-0.60872,24.501,8.3053
13.728,17.153,0,-0.62368,24.155,7.971
13.728,17.091,0,-0.64033,23.816,7.6265
13.728,17.027,0,-0.65548,23.483,7.2905
13.728,16.961,0,-0.66967,23.156,6.9603
13.728,16.894,0,-0.68501,22.836,6.625
13.728,16.826,0,-0.69963,22.523,6.295
13.728,16.756,0,-0.71605,22.217,5.9577
13.728,16.684,0,-0.73014,21.918,5.6346
13.014,16.611,-0.78393,-0.74934,21.235,14.896
12.944,16.536,-0.79751,-0.76632,20.868,14.872
12.944,16.459,0,-0.78474,20.513,7.3772
12.944,16.381,0,-0.80572,20.165,6.9646
12.69,16.3,-0.80858,-0.82865,19.776,14.54
12.69,16.218,0,-0.85009,19.419,7.0557
12.69,16.133,0,-0.86948,19.071,6.6386
12.46,16.046,-0.68773,-0.8871,18.705,12.596
12.46,15.957,0,-0.90574,18.351,6.6451
12.317,15.866,-0.57237,-0.92489,17.992,10.987
12.317,15.774,0,-0.93801,17.642,6.3325
12.23,15.68,-0.44827,-0.94901,17.277,9.2765
12.23,15.585,0,-0.96038,16.937,5.8672
12.14,15.489,-0.35801,-0.9713,16.598,8.0016
12.14,15.392,0,-0.97861,16.268,5.4328
12.072,15.294,-0.27971,-0.98496,15.944,6.8771
12.072,15.196,0,-0.98803,15.627,4.9757
12.032,15.097,-0.16212,-0.98708,15.317,5.5951
12.02,14.998,-0.11411,-0.98368,15.021,5.0712
12.02,14.9,0,-0.9779,14.728,4.2699
12.02,14.802,0,-0.97662,14.445,3.9886
12.02,14.704,0,-0.97475,14.172,3.7184
12.02,14.607,0,-0.96962,13.908,3.4685
12.02,14.51,0,-0.97341,13.654,3.1986
11.867,14.412,-0.33466,-0.97696,13.361,4.7719
11.867,14.315,0,-0.9786,13.111,3.0726
11.867,14.217,0,-0.9718,12.871,2.8485
11.784,14.12,-0.22525,-0.96296,12.622,3.6431
11.76,14.023,-0.21237,-0.95453,12.397,3.4128
11.746,13.928,-0.21227,-0.94136,12.171,3.2265
11.73,13.834,-0.16436,-0.92702,11.964,2.8865
11.73,13.741,0,-4.4,11.758,100.85
11.73,13.301,0,-4.4,11.579,137.02
11.73,12.861,0,-0.51749,11.444,1.2344
11.73,12.809,0,-4.4,11.333,200.86
11.667,12.369,-0.21616,-0.30493,11.224,1.4216
11.667,12.339,0,-4.4,11.155,290.82
11.667,11.899,0,-0.12117,11.11,0.22195
11.582,11.887,-0.46905,-0.12933,11.076,1.9861
11.582,11.874,0,-0.14182,11.046,0.29967
11.487,11.86,-0.71951,-0.15939,11.007,3.5052
11.487,11.844,0,-0.18371,10.971,0.34477
11.345,11.825,-0.81438,-0.20765,10.921,4.3058
11.266,11.805,-0.85311,-5.2,10.861,0
11.266,11.285,0,-0.039677,10.833,0
11.266,11.281,0,-0.06796,10.831,0
11.266,11.274,0,-0.096403,10.83,0
11.266,11.264,0,-0.12315,10.83,0
11.266,11.252,0,-0.15421,10.83,0
11.266,11.236,0,-0.17913,10.833,0
11.266,11.219,0,-0.20724,10.836,0
11.266,11.198,0,-0.23309,10.842,0
11.266,11.175,0,-5.2,10.85,0
10.506,10.655,-0.74982,-0.06089,10.521,3.4136
10.423,10.648,-0.67744,-0.09305,10.495,3.0536
10.362,10.639,-0.63155,-0.11478,10.466,2.8449
10.362,10.628,0,-0.13856,10.439,0.25419
10.362,10.614,0,-0.15508,10.413,0.19349
10.172,10.598,-0.64555,-0.17871,10.351,3.1288
10.105,10.58,-0.6683,-0.20036,10.308,3.3334
10.037,10.56,-0.66927,-5.2,10.252,0
10.037,10.04,0,-0.029885,10.226,0
9.9095,10.037,-0.68037,-0.051721,10.215,2.9353
9.9095,10.032,0,-0.080864,10.202,0.082767
9.9095,10.024,0,-0.1038,10.191,0.022715
9.9095,10.014,0,-0.13193,10.18,0
9.6208,10.001,-0.77478,-0.15565,10.108,3.9359
9.6208,9.985,0,-0.18329,10.071,0.36149
9.6208,9.9667,0,-0.21209,10.035,0.26811
9.6208,9.9454,0,-5.2,10.002,6460.2
9.6208,9.4254,0,-0.045405,9.9951,0
9.2409,9.4209,-0.67375,-0.07146,9.9105,2.9796
9.2409,9.4138,0,-0.099174,9.8929,0.14652
9.2409,9.4038,0,-0.1252,9.8761,0.076257
9.0233,9.3913,-0.74083,-0.14766,9.8268,3.7022
9.0233,9.3766,0,-0.17198,9.7908,0.36278
8.8649,9.3594,-0.84663,-0.20018,9.7514,4.6575
8.7722,9.3393,-0.78455,-0.23145,9.6911,4.2967
8.6902,9.3162,-0.68191,-5.2,9.6346,0
8.6178,8.7962,-0.62203,-0.069316,9.5981,2.6714
8.6178,8.7893,0,-0.09211,9.5806,0.15804
8.4956,8.7801,-0.5892,-0.11129,9.5476,2.6419
8.4351,8.7689,-0.61892,-0.13113,9.5173,2.8886
8.4351,8.7558,0,-0.15242,9.4846,0.33728
8.4351,8.7406,0,-0.1724,9.4533,0.26539
8.4351,8.7233,0,-0.19285,9.4236,0.19263
8.4351,8.704,0,-5.2,9.3957,315.63
8.4351,8.184,0,-0.021833,9.3948,0
8.4351,8.1819,0,-0.036632,9.42,0
8.4351,8.1782,0,-0.056768,9.4455,0
8.4351,8.1725,0,-0.073534,9.4715,0
7.9394,8.1652,-0.4227,-0.085998,9.2535,1.708
7.9394,8.1566,0,-0.10057,9.2314,0.23391
7.9394,8.1465,0,-0.10797,9.2102,0.19781
7.9394,8.1357,0,-0.11659,9.19,0.15854
7.7952,8.1241,-0.38313,-0.12665,9.1622,1.6769
7.7952,8.1114,0,-0.13996,9.13,0.35463
7.7952,8.0974,0,-0.14991,9.0991,0.30452
7.6687,8.0824,-0.41474,-0.16115,9.0689,1.9367
7.6687,8.0663,0,-5.2,9.0283,157.88
7.6687,7.5463,0,0.020985,9.0146,0
7.6687,7.5484,0,0.0047258,9.0267,0
7.6687,7.5489,0,-0.013927,9.0387,0
7.4665,7.5475,-0.4457,-0.029568,9.0186,1.6037
7.4665,7.5445,0,-0.043024,9.0107,0.069632
7.4665,7.5402,0,-0.058051,9.0031,0.030408
7.4665,7.5344,0,-0.075904,8.996,0
7.4665,7.5268,0,-0.09178,8.9896,0
7.213,7.5176,-0.63124,-0.11224,8.9442,2.9579
7.213,7.5064,0,-0.13363,8.9143,0.32083
7.213,7.493,0,-0.15386,8.8857,0.25146
7.213,7.4777,0,-0.17542,8.8584,0.17931
7.213,7.4601,0,-0.20241,8.8328,0.098358
7.213,7.4399,0,-0.23152,8.8092,0.016269
7.213,7.4167,0,-5.2,8.7876,110.93
7.213,6.8967,0,-0.10421,8.7933,0
7.213,6.8863,0,-0.14717,8.8254,0
7.213,6.8716,0,-0.18517,8.8588,0
7.213,6.8531,0,-0.2193,8.8939,0
6.15,6.8311,-0.84896,-0.2501,8.4195,5.1461
6.0693,6.8061,-0.67356,-5.2,8.3389,42.151
6.0693,6.2861,0,-0.094864,8.2912,0.24541
5.9488,6.2766,-0.56558,-0.11317,8.2689,2.6534
5.8864,6.2653,-0.68265,-0.13174,8.2243,3.4527
5.8864,6.2522,0,-0.14977,8.1871,0.4372
5.7283,6.2372,-1.3436,-0.17941,8.13,9.8371
5.6031,6.2192,-1.7973,-5.2,8.0739,11.915
5.6031,5.6992,0,-0.089628,8.0383,0.013408
5.1947,5.6903,-2.6834,-0.16284,7.9904,10.891
4.9305,5.674,-2.9749,-0.24669,7.9282,11.283
4.9305,5.6493,0,-0.34197,7.8551,0.75516
4.3223,5.6151,-3.3406,-8.8,7.7234,0
4.3223,4.7351,0,-0.21843,7.6381,0.38801
4.3223,4.7133,0,-0.31855,7.5979,0.17442
3.2756,4.6814,-3.6784,-0.42402,7.4068,11.694
3.2756,4.639,0,-8.8,7.2683,0
2.5225,3.759,-4.0946,-0.31491,7.1085,11.718
2.5225,3.7275,0,-0.42045,6.9864,1.655
2.5225,3.6855,0,-8.8,6.868,0
1.2256,2.8055,-4.5996,-0.33138,6.6022,12.75
1.2256,2.7723,0,-0.43256,6.4459,2.5063
0.30946,2.7291,-4.6415,-8.8,6.2126,0
-0.15,1.8491,-4.6473,-0.31355,5.9935,13.204
-0.616,1.8177,-4.6683,-8.8,5.7757,0
-1.0911,0.93774,-4.6665,-0.17369,5.5467,13.6
-1.5616,0.92037,-4.629,-8.8,5.3256,0
-1.5616,0.040369,0,-4.5489,5.1214,0
-1.5616,0,0,-8.8,4.9839,0
-2.9241,0,-4.3465,-8.8,4.6484,0
-3.3661,0,-4.2543,-8.8,4.3748,0
-3.3661,0,0,-8.8,4.0822,0
-3.3661,0,0,-8.8,3.7896,0
-4.6109,0,-3.8867,-8.8,3.2953,0
-4.9986,0,-3.6589,-8.8,2.8547,0
-5.373,0,-3.3731,-9.4518,2.3746,0
-5.373,0,0,-11.719,1.8846,0
-5.373,0,0,-16.035,1.4059,0
-5.373,0,0,-26.516,0.94873,0
-6.5217,0,-2.0245,-69.293,0.31614,0
-6.5217,0,0,9.8,1.0164,33.962
-6.8907,0.98,-1.5652,-118.78,0.26426,0
-6.8907,0,0,-430.16,0.071067,0
-6.8907,0,0,-18.44,1.5328,0
-7.3197,0,-1.2702,-31.851,0.87601,0
-7.3197,0,0,-96.367,0.30329,0
-7.3197,0,0,-1272.5,0.053159,0
-7.3197,0,0,-0.89862,5.6837,13.117
-7.3197,0,0,-8.8,4.9562,0
-7.8189,0,-0.38362,-8.8,4.1281,0
-7.8565,0,-0.14708,-9.2349,3.396,0
-7.8565,0,0,-11.644,2.6565,0
-7.8565,0,0,-15.869,1.9291,0
-7.8438,0,0.16983,-25.115,1.2167,0
-7.8366,0,0.21558,-55.222,0.55388,0
-7.8366,0,0,-563.74,0.046333,0
-7.8366,0,0,-14.188,2.0814,0
-7.7644,0,0.49177,-21.485,1.3716,0
-7.7214,0,0.56687,-41.152,0.71453,0
-7.7214,0,0,-186.99,0.14816,0
-7.7214,0,0,-87.258,0.31099,0
-7.5519,0,0.12271,-2280.8,0.012502,0
-7.5519,0,0,-0.27987,10.661,14.893
-7.5519,0,0,-0.74914,9.9073,13.907
-7.6314,0,-1.2426,-1.2426,9.1603,15.644
-7.6314,0,0,-1.655,8.4034,12.167
-7.6314,0,0,-1.9432,7.6486,11.561
-8.1057,0,-2.1157,-2.1157,6.8195,16.617
-8.3094,0,-2.1806,-2.1806,6.0056,17.034
-8.3094,0,0,-2.1304,5.1856,12.558
-8.7287,0,-1.9842,-10.806,4.318,0
-8.9189,0,-1.7919,-13.203,3.4855,0
-9.089,0,-1.7001,-17.241,2.6577,0
-9.089,0,0,-25.162,1.835,0
-9.089,0,0,-45.324,1.052,0
-9.6129,0,-2.0142,-158.37,0.29551,0
-9.8133,0,-2.1222,-440.51,0.10984,0
-9.8133,0,0,-40.231,1.331,0
-9.8133,0,0,-105.74,0.55087,0
-10.434,0,-1.8381,9.8,1,45.843
-10.434,0.98,0,9.8,0.99949,43.99
-10.434,1.96,0,9.8,1.0355,45.999
-10.434,2.94,0,9.8,1.0787,48.008
-10.434,3.92,0,9.8,1.1461,50.017
-10.434,4.9,0,9.8,1.2201,52.026
-11.426,5.88,-1.2182,9.8,1,58.629
-11.426,6.86,0,9.8,0.99835,58.078
-11.426,7.84,0,9.8,1.0181,60.087
-11.426,8.82,0,9.8,1.0485,62.096
-11.847,9.8,-0.87014,9.8,1,66.797
-11.847,10.78,0,9.8,1.0012,66.977
-11.847,11.76,0,9.8,1.0154,68.986
-12.11,12.74,-1.0713,9.8,1,73.785
-12.11,13.72,0,9.8,1.0008,73.543
-12.11,14.7,0,9.8,1.0223,75.552
-12.11,15.68,0,9.8,1.053,77.561
-12.11,16.66,0,9.8,1.0871,79.57
-12.689,17.64,-1.3414,9.8,1,85.586
-12.689,18.62,0,9.8,1.0052,84.776
-12.938,19.6,-1.2878,9.8,1,90.002
-13.071,20.58,-1.3733,9.8,1,92.463
-13.071,21.56,0,9.8,1.0119,91.587
-13.071,22.54,0,9.8,1.0274,93.596
-13.071,23.52,0,9.8,1.0646,95.605
-13.573,24.5,-0.96132,9.8,1,100.66
-13.573,25.48,0,9.8,0.99968,100.65
-13.573,26.46,0,9.8,1.0138,102.66
-13.573,27.44,0,9.8,1.0436,104.67
-13.573,28.42,0,9.8,1.0794,106.68
-13.573,29.4,0,9.8,1.13,108.69
-13.573,30.38,0,9.8,1.1832,110.7
-13.573,31.36,0,9.8,1.2574,112.71
-13.573,32.34,0,9.8,1.3382,114.71
-14.647,33.32,-1.3067,9.8,1,121.67
-14.784,34.3,-1.2949,9.8,1,123.93
-14.784,35.28,0,9.8,0.9994,123.22
-14.784,36.26,0,9.8,1.0245,125.23
-14.784,37.24,0,9.8,1.063,127.24
-14.784,38.22,0,9.8,1.1128,129.25
-15.534,39.2,-1.6406,9.8,1,136.24
-15.534,40.18,0,9.8,1.0138,134.81
-15.534,41.16,0,9.8,1.0465,136.81
-15.534,42.14,0,9.8,1.0981,138.82
-16.199,43.12,-1.5906,9.8,1,145.54
-16.199,44.1,0,9.8,1.01,144.21
-16.519,45.08,-1.4985,9.8,1,150.02
-16.666,46.06,-1.4769,9.8,1,152.28
-16.666,47.04,0,9.8,1.0025,151.19
-16.666,48.02,0,9.8,1.0266,153.2
-16.666,49,0,9.8,1.0621,155.21
-17.239,49.98,-1.5484,9.8,1,161.64
-17.239,50.96,0,9.8,1.0074,160.4
-17.239,51.94,0,9.8,1.0333,162.41
-17.685,52.92,-1.598,9.8,1,168.69
-17.84,53.9,-1.6898,9.8,1,171.21
-18.017,54.88,-1.7034,9.8,1,173.61
-18.194,55.86,-1.744,9.8,1,176.07
-18.194,56.84,0,9.8,1.0124,174.41
-18.553,57.82,-1.8132,9.8,1,180.97
-18.553,58.8,0,9.8,1.0053,179.17
-18.919,59.78,-1.8003,9.8,1,185.71
-18.919,60.76,0,9.8,1.0016,183.93
-19.272,61.74,-1.7611,9.8,1,190.37
-19.272,62.72,0,9.8,1.0094,188.68
-19.272,63.7,0,9.8,1.0276,190.68
-19.272,64.68,0,9.8,1.0743,192.69
-19.272,65.66,0,9.8,1.1325,194.7
-19.272,66.64,0,9.8,1.1915,196.71
-19.272,67.62,0,9.8,1.2642,198.72
-19.272,68.6,0,9.8,1.3481,200.73
-20.222,69.58,-0.44088,9.8,1,205.61
-20.222,70.56,0,9.8,0.99454,206.69
-20.313,71.54,-0.52213,9.8,1,209.99
-20.313,72.52,0,9.8,0.99698,210.9
-20.313,73.5,0,9.8,1.0128,212.91
-20.455,74.48,-0.47818,9.8,1,216.21
-20.455,75.46,0,9.8,0.99756,217.22
-20.548,76.44,-0.46915,9.8,1,220.4
-20.595,77.42,-0.47112,9.8,1,222.51
-20.595,78.4,0,9.8,1.0008,223.53
-20.595,79.38,0,9.8,1.008,225.54
-20.595,80.36,0,9.8,1.0234,227.55
-20.805,81.34,-0.49483,9.8,1,231.03
-20.805,82.32,0,9.8,1.0011,232
-20.805,83.3,0,9.8,1.0075,234.01
