15,15,-0.40127,0,35.5,1.2775
14.96,15,-0.36853,-0.0031784,35.49,1.2448
14.96,15,0,-0.006059,35.486,0.068546
14.96,14.999,0,-0.0096808,35.482,0.059473
14.842,14.998,-0.39023,-0.012526,35.462,1.6616
14.842,14.997,0,-0.015378,35.446,0.29497
14.842,14.995,0,-0.018515,35.431,0.28411
14.842,14.993,0,-0.020876,35.416,0.27446
14.842,14.991,0,-0.023075,35.4,0.26474
14.666,14.989,-0.3247,-0.026024,35.337,1.8293
14.666,14.986,0,-0.029065,35.304,0.63643
14.595,14.984,-0.30102,-0.031321,35.273,1.9023
14.595,14.98,0,-0.034019,35.235,0.77577
14.595,14.977,0,-0.035751,35.196,0.76267
14.5,14.973,-0.243,-0.038413,35.14,1.8783
14.476,14.97,-0.22725,-0.040153,35.084,1.8646
14.476,14.966,0,-0.041937,35.034,1.0098
14.476,14.961,0,-0.043328,34.986,0.99512
14.476,14.957,0,-0.045086,34.937,0.97903
14.476,14.953,0,-0.045689,34.889,0.96601
14.476,14.948,0,-0.046022,34.842,0.95368
14.476,14.943,0,-0.04641,34.795,0.94114
14.476,14.939,0,-0.045207,34.748,0.93324
14.476,14.934,0,-0.043432,34.702,0.92733
14.444,14.93,0.35127,-0.040259,34.607,0.22734
14.478,14.926,0.38923,-0.03718,34.566,0.12042
14.478,14.922,0,-0.03393,34.521,0.9195
14.564,14.919,0.43119,-0.029574,34.488,0
14.564,14.916,0,-0.026485,34.453,0.71735
14.564,14.913,0,-0.022651,34.418,0.72176
14.687,14.911,0.4567,-0.018713,34.409,0
14.741,14.909,0.44704,-0.014033,34.39,0
14.741,14.908,0,-0.010789,34.373,0.33058
14.741,14.907,0,-0.0061164,34.357,0.33966
14.874,14.906,0.44299,-0.0026696,34.357,0
14.874,14.906,0,0.010833,34.354,0.089263
14.874,14.907,0,0.038556,34.351,0.15541
14.874,14.911,0,0.06394,34.347,0.2258
14.874,14.917,0,0.088175,34.343,0.30259
14.874,14.926,0,0.11246,34.338,0.38877
15.188,14.937,0.45575,0.13752,34.431,0
15.188,14.951,0,0.15566,34.455,0
15.275,14.966,0.39399,0.1693,34.492,0
15.275,14.983,0,0.18002,34.522,0
15.345,15.001,0.43714,0.18776,34.564,0
15.391,15.02,0.47103,0.20263,34.604,0
15.391,15.04,0,0.21653,34.64,0
15.485,15.062,0.48521,0.23042,34.693,0
15.541,15.085,0.49791,0.24799,34.735,0
15.583,15.11,0.49294,0.25679,34.772,0
15.583,15.136,0,0.27167,34.818,0
15.583,15.163,0,0.28213,34.861,0
15.728,15.191,0.43573,0.29045,34.928,0
15.728,15.22,0,0.29639,34.98,0
15.801,15.25,0.34847,0.29667,35.041,0
15.826,15.279,0.3338,0.2941,35.099,0
15.826,15.309,0,0.29135,35.152,0
15.886,15.338,0.35193,0.2938,35.214,0
15.886,15.367,0,0.30012,35.267,0
15.97,15.397,0.30257,0.30549,35.323,0
15.994,15.428,0.30775,0.30152,35.385,0
16.034,15.458,0.3571,0.3062,35.434,0
16.034,15.488,0,0.30879,35.49,0
16.107,15.519,0.30236,0.31153,35.564,0
16.145,15.551,0.30253,0.31435,35.615,0
16.145,15.582,0,0.31397,35.673,0
16.145,15.613,0,0.31016,35.727,0
16.213,15.644,0.065441,0.29883,35.787,0
16.213,15.674,0,0.28144,35.843,0
16.213,15.702,0,0.26088,35.895,0
16.213,15.728,0,0.24152,35.945,0
16.184,15.753,-0.18504,0.22529,35.986,0.081186
16.184,15.775,0,0.20009,36.028,0
16.142,15.795,-0.2532,0.18055,36.07,0.38454
16.142,15.813,0,0.15495,36.103,0
16.142,15.829,0,0.13451,36.135,0
16.142,15.842,0,0.12151,36.166,0
16.058,15.854,-0.042157,0.10565,36.195,0
16.05,15.865,0.011362,0.096,36.223,0
16.058,15.874,0.02569,0.095344,36.235,0
16.052,15.884,0.056901,0.086915,36.252,0
16.065,15.893,0.082539,0.089359,36.27,0
16.065,15.902,0,0.090496,36.286,0
16.065,15.911,0,0.093264,36.302,0
16.065,15.92,0,0.095139,36.317,0
16.065,15.93,0,0.10225,36.331,0
16.065,15.94,0,0.1035,36.344,0
16.065,15.95,0,0.10557,36.356,0
16.065,15.961,0,0.10415,36.367,0.011649
16.065,15.971,0,0.10197,36.377,0.029183
16.167,15.981,-0.067588,0.095609,36.439,0
16.167,15.991,0,0.083606,36.457,0
16.138,15.999,-0.17686,0.071553,36.483,0.32176
16.138,16.006,0,0.060685,36.497,0
16.138,16.012,0,0.043392,36.51,0
16.08,16.017,-0.2159,0.032346,36.519,0.51635
16.08,16.02,0,0.024668,36.525,0
16.08,16.022,0,0.013972,36.531,0
16.08,16.024,0,-0.00042005,36.537,0
15.989,16.024,-0.28708,-0.0028514,36.533,0.90778
15.956,16.024,-0.31053,-0.0054941,36.52,1.0795
15.956,16.023,0,-0.008256,36.513,0.12051
15.956,16.022,0,-0.010662,36.506,0.11344
15.851,16.021,-0.3745,-0.013915,36.502,1.6256
15.851,16.02,0,-0.017023,36.485,0.31997
15.851,16.018,0,-0.019652,36.468,0.30987
15.851,16.016,0,-0.021516,36.451,0.30109
15.851,16.014,0,-0.02336,36.435,0.29198
15.851,16.012,0,-0.025049,36.419,0.28288
15.851,16.009,0,-0.025863,36.403,0.27551
15.851,16.006,0,-0.028531,36.387,0.26364
15.626,16.004,-0.26319,-0.031238,36.252,1.7017
15.626,16,0,-0.033683,36.215,0.7504
15.626,15.997,0,-0.034896,36.177,0.73891
15.586,15.994,0.075356,-0.033905,36.13,0.62513
15.6,15.99,0.15169,-0.032488,36.092,0.4124
15.608,15.987,0.065709,-0.031619,36.046,0.59041
15.608,15.984,0,-0.030676,36.009,0.76229
15.608,15.981,0,-0.029847,35.971,0.75726
15.608,15.978,0,-0.028108,35.934,0.755
15.668,15.975,0.33931,-0.02581,35.902,0
15.707,15.972,0.4642,-0.022308,35.879,0
15.707,15.97,0,-0.018618,35.853,0.53013
15.707,15.968,0,-0.014969,35.826,0.53546
15.823,15.967,0.36268,-0.012068,35.829,0
15.823,15.966,0,-0.0092415,35.815,0.2809
15.823,15.965,0,-0.0063298,35.801,0.28587
15.823,15.964,0,-0.0036152,35.787,0.29103
15.823,15.964,0,-0.0011241,35.773,0.29628
15.823,15.964,0,0.016117,35.759,0.33869
15.823,15.965,0,0.031981,35.745,0.38288
16.074,15.968,0.37355,0.053861,35.825,0
16.074,15.974,0,0.067693,35.836,0
16.074,15.981,0,0.088742,35.845,0
16.074,15.989,0,0.10662,35.854,0.060544
16.074,16,0,0.12107,35.862,0.12001
16.074,16.012,0,0.13434,35.869,0.18157
16.321,16.026,0.34788,0.14971,35.954,0
16.321,16.041,0,0.15725,35.983,0
16.321,16.056,0,0.16844,36.01,0
16.321,16.073,0,0.17693,36.036,0
16.455,16.091,0.26,0.1842,36.079,0
16.48,16.109,0.24695,0.18735,36.125,0
16.508,16.128,0.26087,0.19177,36.162,0
16.508,16.147,0,0.1993,36.199,0
16.576,16.167,0.20892,0.20582,36.23,0
16.576,16.188,0,0.20805,36.27,0
16.576,16.208,0,0.20616,36.308,0
16.633,16.229,0.15874,0.20222,36.349,0
16.646,16.249,0.12379,0.19892,36.397,0
16.646,16.269,0,0.19766,36.436,0
16.646,16.289,0,0.19131,36.472,0
16.646,16.308,0,0.18794,36.507,0
16.678,16.327,-0.067443,0.17518,36.57,0
16.666,16.344,-0.11246,0.16025,36.607,0
16.666,16.36,0,0.14979,36.638,0
16.666,16.375,0,0.13629,36.668,0
16.666,16.389,0,0.12353,36.696,0
16.666,16.401,0,0.10785,36.723,0
16.666,16.412,0,0.097368,36.749,0
16.594,16.422,-0.17015,0.085649,36.762,0.26014
16.594,16.43,0,0.076999,36.779,0
16.594,16.438,0,0.065077,36.795,0
16.594,16.445,0,0.055374,36.81,0
16.542,16.45,-0.2173,0.045367,36.814,0.48844
16.542,16.455,0,0.031055,36.822,0
16.494,16.458,-0.23482,0.017933,36.818,0.60168
16.471,16.46,-0.24475,0.0057919,36.816,0.6598
16.448,16.46,-0.22693,-0.0010434,36.817,0.64104
16.418,16.46,-0.20233,-0.00354,36.815,0.63005
16.405,16.46,-0.20096,-0.0045371,36.803,0.6534
16.405,16.459,0,-0.0062328,36.798,0.098722
16.405,16.459,0,-0.0081534,36.793,0.093197
16.344,16.458,-0.18016,-0.0094761,36.763,0.72301
16.325,16.457,-0.17246,-0.010975,36.743,0.73935
16.325,16.456,0,-0.013099,36.73,0.24617
16.325,16.455,0,-0.01376,36.717,0.24177
16.325,16.453,0,-0.01387,36.704,0.23853
16.281,16.452,-0.073171,-0.014324,36.671,0.52539
16.281,16.45,0,-0.014153,36.654,0.32987
16.281,16.449,0,-0.01536,36.637,0.3238
16.281,16.447,0,-0.014921,36.621,0.32147
16.281,16.446,0,-0.015187,36.604,0.31753
16.281,16.444,0,-0.015915,36.588,0.31242
16.25,16.443,-0.1323,-0.016185,36.588,0.751
16.25,16.441,0,-0.01723,36.569,0.36998
16.228,16.439,-0.1871,-0.017759,36.547,0.97795
16.228,16.438,0,-0.018802,36.526,0.40694
16.228,16.436,0,-0.019795,36.505,0.40022
16.203,16.434,-0.078574,-0.01945,36.476,0.67069
16.203,16.432,0,-0.020552,36.453,0.44607
16.203,16.43,0,-0.021588,36.43,0.43878
16.151,16.428,-0.21006,-0.023394,36.405,1.2227
16.151,16.425,0,-0.024632,36.377,0.53981
16.151,16.423,0,-0.026199,36.35,0.53002
16.089,16.42,-0.1982,-0.028115,36.295,1.3139
16.089,16.417,0,-0.029755,36.262,0.65176
16.089,16.414,0,-0.031772,36.23,0.63926
16.019,16.411,-0.14226,-0.03349,36.196,1.2584
16.019,16.408,0,-0.034334,36.157,0.78496
16.019,16.404,0,-0.034973,36.119,0.77486
15.976,16.401,-0.21697,-0.036359,36.088,1.6282
15.947,16.397,-0.17953,-0.038673,36.042,1.5446
15.935,16.393,-0.11022,-0.039415,36.003,1.3029
15.935,16.39,0,-0.040574,35.957,0.92643
15.935,16.385,0,-0.041135,35.912,0.91475
15.935,16.381,0,-0.041878,35.867,0.90244
15.892,16.377,-0.14416,-0.04204,35.813,1.494
15.877,16.373,-0.19224,-0.043043,35.77,1.7122
15.877,16.369,0,-0.044401,35.721,1.0075
15.83,16.364,-0.22064,-0.046485,35.676,1.9318
15.83,16.36,0,-0.047701,35.623,1.0914
15.83,16.355,0,-0.050045,35.571,1.0721
15.83,16.35,0,-0.052661,35.518,1.0514
15.83,16.345,0,-0.055061,35.467,1.0309
15.83,16.339,0,-0.056715,35.416,1.0122
15.679,16.333,-0.23726,-0.057826,35.303,2.3335
15.649,16.328,-0.24686,-0.060138,35.241,2.4471
15.615,16.322,-0.30519,-0.062825,35.182,2.8195
15.615,16.315,0,-0.065568,35.112,1.4804
15.553,16.309,-0.34754,-0.067492,35.054,3.1907
15.553,16.302,0,-0.070687,34.978,1.5925
15.553,16.295,0,-0.072758,34.904,1.5662
15.553,16.288,0,-0.074108,34.83,1.542
15.553,16.28,0,-0.077012,34.757,1.5122
15.553,16.273,0,-0.07978,34.685,1.4823
15.377,16.265,-0.28587,-0.081008,34.543,3.2486
15.377,16.256,0,-0.082553,34.455,1.9119
15.317,16.248,-0.41477,-0.085594,34.365,4.1321
15.317,16.24,0,-0.088301,34.272,2.0119
15.317,16.231,0,-0.092992,34.18,1.9694
15.317,16.222,0,-0.097458,34.089,1.9268
15.125,16.212,-0.56167,-0.10167,33.953,5.6704
15.067,16.202,-0.52293,-0.10658,33.844,5.5496
15.067,16.191,0,-0.1107,33.732,2.5116
14.977,16.18,-0.53049,-0.11426,33.602,5.8461
14.931,16.168,-0.58377,-0.11814,33.48,6.3788
14.882,16.157,-0.67652,-0.12237,33.346,7.2826
14.813,16.144,-0.81152,-0.12849,33.221,8.7475
14.813,16.132,0,-0.1366,33.089,2.9989
14.813,16.118,0,-0.14582,32.958,2.9171
14.526,16.103,-1.0612,-0.15513,32.789,12.55
14.526,16.088,0,-0.16462,32.632,3.6525
14.526,16.071,0,-0.17541,32.477,3.5493
14.526,16.054,0,-0.1863,32.323,3.4434
14.526,16.035,0,-0.19736,32.171,3.3347
14.526,16.015,0,-0.20984,32.021,3.2178
14.526,15.994,0,-0.22246,31.873,3.0983
13.716,15.972,-1.2847,-0.23575,31.445,18.835
13.716,15.949,0,-0.24943,31.221,5.5617
13.455,15.924,-1.2951,-0.26347,30.982,20.029
13.334,15.897,-1.3389,-0.27671,30.735,21.185
13.204,15.87,-1.3894,-0.2913,30.473,22.519
13.204,15.841,0,-0.30772,30.208,6.757
13.204,15.81,0,-0.32355,29.946,6.5469
13.204,15.777,0,-0.33844,29.687,6.3388
13.204,15.744,0,-0.35492,29.431,6.1192
13.204,15.708,0,-0.37172,29.179,5.895
12.402,15.671,-1.1581,-0.38909,28.695,21.558
12.402,15.632,0,-0.40586,28.37,8.5306
12.402,15.591,0,-0.4193,28.049,8.2791
12.402,15.549,0,-0.43061,27.732,8.0384
12.402,15.506,0,-0.44243,27.419,7.7926
12.402,15.462,0,-0.45314,27.111,7.5519
12.402,15.417,0,-0.46359,26.807,7.3113
12.402,15.37,0,-0.47602,26.508,7.0583
11.76,15.323,-0.80783,-0.48841,25.956,17.408
11.76,15.274,0,-0.5013,25.602,9.0983
11.76,15.224,0,-0.51667,25.253,8.7914
11.76,15.172,0,-0.53449,24.91,8.467
11.76,15.119,0,-0.5514,24.571,8.146
11.76,15.064,0,-0.56999,24.238,7.8131
11.2,15.007,-1.1174,-0.59089,23.748,22.134
11.2,14.948,0,-0.61148,23.37,9.3636
10.978,14.886,-1.1963,-0.63527,22.972,23.521
10.849,14.823,-1.1922,-0.66134,22.582,23.585
10.849,14.757,0,-0.68698,22.187,9.5422
10.849,14.688,0,-0.71259,21.8,9.093
10.849,14.617,0,-0.73704,21.42,8.6497
10.416,14.543,-0.64403,-0.76142,20.953,16.035
10.354,14.467,-0.40311,-0.77978,20.537,13.248
10.354,14.389,0,-0.7945,20.13,9.3805
10.354,14.31,0,-0.80451,19.73,8.9917
10.354,14.229,0,-0.81059,19.339,8.6292
10.354,14.148,0,-0.81841,18.955,8.2596
10.281,14.066,-0.14796,-0.8251,18.53,9.2283
10.272,13.984,-0.17145,-0.8313,18.158,9.0536
10.272,13.901,0,-0.84039,17.791,7.4931
10.272,13.817,0,-0.84874,17.432,7.1296
10.213,13.732,-0.1977,-0.85437,17.084,8.2934
10.197,13.646,-0.21601,-0.8606,16.736,8.0988
10.197,13.56,0,-0.86953,16.395,6.3529
10.154,13.473,-0.15238,-0.87515,16.05,7.0711
10.154,13.386,0,-0.8784,15.723,5.8467
10.154,13.298,0,-0.88149,15.404,5.5321
10.154,13.21,0,-0.886,15.094,5.217
10.154,13.121,0,-0.88827,14.793,4.9184
10.154,13.032,0,-0.88996,14.501,4.6291
10.154,12.943,0,-0.88908,14.218,4.3575
10.044,12.854,-0.45542,-0.88997,13.93,7.0005
10,12.765,-0.72632,-0.89805,13.655,8.887
9.9201,12.676,-1.1218,-0.91775,13.386,12.756
9.8085,12.584,-1.6312,-0.94951,13.108,19.932
9.8085,12.489,0,-1.0004,12.835,3.6154
9.8085,12.389,0,-1.0682,12.572,3.1328
9.8085,12.282,0,-1.1531,12.32,2.6547
9.8085,12.167,0,-1.2552,12.078,2.2251
9.8085,12.041,0,-1.3673,11.848,1.9109
9.8085,11.904,0,-1.482,11.632,1.7716
9.8085,11.756,0,-5.2,11.43,438.07
9.8085,11.236,0,-5.2,11.261,1042.6
9.8085,10.716,0,-5.2,11.144,0
9.8085,10.196,0,-5.2,11.079,0
9.8085,9.6762,0,-5.2,11.067,0
6.7266,9.1562,-2.941,-5.2,9.3045,0
6.7266,8.6362,0,-5.2,9.0876,81.342
6.7266,8.1162,0,-5.2,8.9226,80.276
6.7266,7.5962,0,-5.2,8.8096,79.21
6.7266,7.0762,0,-5.2,8.7487,78.144
6.7266,6.5562,0,-0.60663,8.7397,0
4.4737,6.4955,-3.1985,-5.2,8.1143,0
4.4737,5.9755,0,-8.8,7.9382,6.8348
4.4737,5.0955,0,-0.35379,7.832,0.53791
3.7734,5.0602,-0.95394,-0.40078,7.6435,7.7478
3.7734,5.0201,0,-0.42776,7.5168,1.7358
3.7734,4.9773,0,-8.8,7.3942,0
3.6505,4.0973,0.47911,-0.12038,7.2688,0
3.6505,4.0853,0,-0.10381,7.2247,0.70202
3.6505,4.0749,0,-0.080731,7.1818,0.73948
3.8964,4.0668,1.4957,-0.046689,7.1604,1.3764
3.8964,4.0621,0,-0.0035623,7.1436,0.34711
3.8964,4.0618,0,0.20019,7.127,0.94721
3.8964,4.0818,0,0.40596,7.1095,1.7947
3.8964,4.1224,0,0.56972,7.0889,2.6784
3.8964,4.1794,0,0.70864,7.0635,3.6003
4.9559,4.2502,1.2914,0.80233,7.3833,0
5.078,4.3305,1.0627,0.83026,7.4494,0
5.078,4.4135,0,0.84347,7.52,1.0222
5.078,4.4978,0,0.83783,7.5822,1.2651
5.078,4.5816,0,0.80675,7.636,1.3949
5.078,4.6623,0,0.77682,7.6816,1.5202
5.4684,4.74,0.24416,0.72842,7.8435,0
5.4684,4.8128,0,0.67049,7.9127,0.35326
5.4684,4.8799,0,0.59513,7.9749,0.26837
5.4684,4.9394,0,0.47523,8.0308,0.027654
5.4684,4.9869,0,0.33061,8.0813,0
5.4684,5.02,0,0.17684,8.1278,0
5.4684,5.0377,0,0.020816,8.1718,0
5.4684,5.0397,0,-0.038214,8.2147,0
5.4684,5.0359,0,-0.083889,8.2578,0
5.4684,5.0275,0,-0.13309,8.3015,0
5.4684,5.0142,0,-0.18318,8.3462,0
5.4684,4.9959,0,-0.23348,8.3925,0
4.0023,4.9725,-1.8042,-0.28544,7.8226,18.686
3.824,4.944,-1.8533,-0.33447,7.7225,20.063
3.6449,4.9106,-1.8682,-0.38517,7.6006,9.1503
3.6449,4.872,0,-0.43812,7.476,1.6577
3.6449,4.8282,0,-8.8,7.3555,0
3.6449,3.9482,0,-0.22828,7.2811,0.15861
3.6449,3.9254,0,-0.27723,7.252,0.043578
2.7089,3.8977,-1.6707,-0.32342,6.9933,7.5857
2.5383,3.8653,-1.6975,-8.8,6.8667,0
2.5383,2.9853,0,-0.13142,6.778,0.65884
2.214,2.9722,-1.6495,-0.16535,6.6962,6.2553
2.0477,2.9557,-1.7486,-0.20091,6.6133,6.5506
2.0477,2.9356,0,-0.24128,6.5236,1.4021
2.0477,2.9114,0,-8.8,6.436,0
1.5215,2.0314,-1.5416,-0.080908,6.3296,4.9631
1.3727,2.0233,-1.5496,-0.10445,6.2683,5.1681
1.222,2.0129,-1.3856,-0.12851,6.2016,5.0539
1.077,2.0001,-1.1715,-0.15224,6.1201,4.8334
1.077,1.9848,0,-0.17246,6.0286,1.6728
1.077,1.9676,0,-8.8,5.9387,0
1.077,1.0876,0,-0.032527,5.8936,0
1.077,1.0843,0,-0.041531,5.8927,0
1.077,1.0802,0,-0.050422,5.8922,0
0.4456,1.0751,-0.78635,-0.060082,5.6793,3.128
0.4456,1.0691,0,-0.067558,5.6166,1.2705
0.31955,1.0624,-0.38774,-0.072787,5.5458,2.5383
0.27258,1.0551,-0.14136,-8.8,5.4605,0
0.27258,0.17509,0,0.063318,5.4263,0
0.27258,0.18142,0,0.11074,5.4357,0.056735
0.27063,0.1925,0.12458,0.12458,5.4342,0
0.27063,0.20496,0,0.11934,5.4414,0.13497
0.27063,0.21689,0,0.078784,5.4473,0.062265
0.31188,0.22477,0.07265,0.07265,5.4377,0
0.31188,0.23203,0,-0.0084077,5.446,0
0.31188,0.23119,0,-0.18719,5.454,0
0.30407,0.21247,-0.43379,-0.43379,5.465,0
0.30407,0.16909,0,-0.71403,5.4764,0
0.30407,0.097691,0,-1.0391,5.4934,0
0.096323,0,-1.2809,-1.2809,5.5022,0
0.096323,0,0,-1.4306,5.5182,0
0.096323,0,0,-1.4626,5.535,0
0.096323,0,0,-1.4455,5.5519,0
-0.46557,0,-1.3964,-1.3964,5.4677,0.96003
-0.60732,0,-1.2398,-1.2398,5.4261,1.2506
-0.7243,0,-0.99242,-0.99242,5.3657,1.4904
-0.7243,0,0,-0.75458,5.2982,0
-0.7243,0,0,-0.45117,5.2296,0.54241
-0.93163,0,-0.17595,-0.17595,5.1395,1.9155
-0.94207,0,0.056062,0.056062,5.0386,1.9369
-0.94207,0.0056062,0,-8.8,4.9441,0
-0.94207,0,0,-8.8,4.8933,0
-0.94207,0,0,-8.8,4.8431,0
-0.80933,0,0.68529,-8.8,4.8042,0
-0.80933,0,0,-8.8,4.7673,0
-0.80933,0,0,-8.8,4.7303,0
-0.80933,0,0,-8.8,4.6934,0
-0.80933,0,0,-8.8,4.6565,0
-0.35877,0,0.89879,-8.8,4.7201,0
-0.35877,0,0,-8.8,4.7283,0
-0.18606,0,0.84254,-8.8,4.7568,0
-0.18606,0,0,-8.8,4.7822,0
-0.027275,0,0.86647,-8.8,4.812,0
0.062605,0,0.83655,-8.8,4.8575,0
0.062605,0,0,-8.8,4.9077,0
0.23798,0,0.86548,-8.8,4.9709,0
0.33363,0,0.90327,0.90327,5.0439,0
0.42633,0.090327,1.0328,1.0328,5.0758,0
0.42633,0.19361,0,1.1278,5.1043,4.0259
0.64828,0.30639,1.1024,-8.8,5.1526,0
0.76705,0,1.0479,1.0479,5.2283,0
0.76705,0.10479,0,0.995,5.2998,1.7286
0.9836,0.20429,0.88398,0.88398,5.392,0
1.078,0.29269,0.83214,0.83214,5.4681,0
1.078,0.3759,0,0.88474,5.5425,1.084
1.2514,0.46438,0.85195,0.85195,5.6374,0
1.3412,0.54957,0.81303,0.81303,5.7081,0
1.3412,0.63088,0,0.81304,5.7832,0.75107
1.3412,0.71218,0,0.80157,5.8501,0.95275
1.3412,0.79234,0,0.76003,5.909,1.0245
1.3412,0.86834,0,0.76884,5.9601,1.3009
1.3412,0.94522,0,4.9,6.0036,37.454
1.3412,1.4352,0,2.1647,6.0187,13.129
1.3412,1.6517,0,1.0776,5.9984,5.9205
1.3412,1.7595,0,0.77309,5.962,4.4745
2.0098,1.8368,0.58775,0.68791,6.2418,0
