12.778,12.778,0.67129,0,35.5,0
12.778,12.778,0,0.053688,35.5,0.11999
12.936,12.783,0.52857,0.11216,35.511,0
12.936,12.794,0,0.1493,35.526,0.038182
13.035,12.809,0.13144,0.16459,35.558,0
13.048,12.826,-0.053702,0.16196,35.589,0.026486
13.038,12.842,-0.15747,0.14283,35.615,0.33577
13.029,12.856,-0.22225,0.12563,35.63,0.55654
12.999,12.869,-0.22221,0.094632,35.637,0.56491
12.979,12.878,-0.17844,0.072812,35.64,0.42758
12.964,12.886,-0.23194,0.05658,35.64,0.60959
12.964,12.891,0,0.040532,35.648,0
12.911,12.895,-0.53959,0.011525,35.667,1.9412
12.911,12.896,0,-0.0025334,35.668,0
12.911,12.896,0,-0.0078419,35.67,0
12.677,12.895,-1.2666,-0.014704,35.636,8.8196
12.677,12.894,0,-0.023223,35.614,0.41188
12.677,12.892,0,-0.033608,35.593,0.38096
12.677,12.888,0,-0.045292,35.572,0.3453
12.024,12.884,-2.0137,-0.058486,35.42,25.012
11.817,12.878,-2.1581,-0.072547,35.314,29.761
11.817,12.871,0,-0.087137,35.209,2.3984
11.817,12.862,0,-0.10242,35.104,2.3122
11.817,12.852,0,-0.1202,35,2.2136
11.817,12.84,0,-0.13936,34.897,2.1068
11.817,12.826,0,-0.16071,34.795,1.9893
10.234,12.81,-3.295,-0.18401,34.263,82.551
9.8995,12.791,-3.419,-0.20903,33.991,91.078
9.8995,12.77,0,-0.23456,33.703,8.1382
9.8995,12.747,0,-0.26188,33.417,7.8701
9.8995,12.721,0,-0.29072,33.133,7.5858
8.5289,12.692,-3.4342,-0.32,32.579,99.371
8.1855,12.66,-3.4497,-0.35062,32.148,102
8.1855,12.625,0,-0.38241,31.702,14.111
8.1855,12.586,0,-0.41716,31.26,13.661
7.1296,12.545,-3.6259,-0.4543,30.663,33.385
7.1296,12.499,0,-0.49396,30.124,17.818
6.4074,12.45,-3.5759,-0.53529,29.521,33.901
6.0596,12.396,-3.4195,-0.57849,28.906,34.134
5.7152,12.338,-3.306,-0.6242,28.268,34.31
5.3775,12.276,-3.2248,-0.67278,27.596,34.419
5.3775,12.209,0,-0.7231,26.909,23.535
4.7466,12.136,-2.9392,-0.77738,26.162,34.493
4.7466,12.059,0,-0.83307,25.426,25.167
4.7466,11.975,0,-0.89257,24.699,24.164
3.9223,11.886,-2.344,-0.9546,23.844,34.209
3.6966,11.791,-2.2071,-1.0174,23.045,33.897
3.4799,11.689,-2.1498,-1.0847,22.231,33.418
3.2739,11.58,-2.1533,-1.1558,21.414,32.801
3.2739,11.465,0,-1.2365,20.59,26.302
3.2739,11.341,0,-1.3238,19.777,24.823
3.2739,11.209,0,-1.421,18.977,23.237
3.2739,11.067,0,-1.5249,18.19,21.582
3.2739,10.914,0,-1.6381,17.419,19.843
3.2739,10.75,0,-1.765,16.663,18
3.2739,10.574,0,-1.899,15.924,16.122
3.2739,10.384,0,-2.0513,15.203,14.157
1.446,10.179,-1.8106,-2.2214,13.654,23.222
1.2729,9.9567,-1.741,-2.4069,12.776,21.532
1.2729,9.716,0,-2.6098,11.92,16.171
0.9801,9.455,-0.75827,-2.8188,11.059,17.091
0.9801,9.1732,0,-3.0287,10.226,12.39
0.87544,8.8703,0.16301,-5.2,9.4025,6.0561
0.8857,8.3503,0.58064,-5.2,8.633,5.7245
0.8857,7.8303,0,-5.2,7.9125,3.8271
0.8857,7.3103,0,-5.2,7.2441,2.7611
0.8857,6.7903,0,-5.2,6.6276,1.6951
1.0878,6.2703,0.3987,-5.2,6.0988,1.1389
1.0878,5.7503,0,-8.8,5.6065,0
1.1813,4.8703,0.36977,-8.8,5.1909,0
1.1813,3.9903,0,-8.8,4.866,0
1.1813,3.1103,0,-8.8,4.6291,0
1.1813,2.2303,0,-8.8,4.4802,0
1.3584,1.3503,0.38997,-8.8,4.4459,0
1.3996,0.47028,0.39981,-8.8,4.4885,0
1.3996,0,0,-8.8,4.6254,0
1.3996,0,0,-8.8,4.8093,0
1.5331,0,0.39529,0.39529,5.0073,0
1.5331,0.039529,0,0.40138,5.1587,0
1.5965,0.079667,0.39614,0.39614,5.3136,0
1.5965,0.11928,0,0.39921,5.4633,0
1.5965,0.1592,0,0.40102,5.609,0
1.5965,0.1993,0,0.39998,5.7508,0
1.7611,0.2393,0.39344,0.39344,5.9174,0
1.7611,0.27865,0,0.39505,6.0677,0
1.8367,0.31815,0.39869,0.39869,6.2374,0
1.8367,0.35802,0,0.39957,6.3873,0
1.8367,0.39798,0,0.39998,6.5331,0
1.8367,0.43797,0,0.40238,6.675,0
2.0059,0.47821,0.39849,0.39849,6.8584,0
2.0409,0.51806,0.39388,0.39388,7.0152,0
2.0754,0.55745,0.39345,0.39345,7.1634,0
2.1093,0.5968,0.39451,0.39451,7.3182,0
2.1093,0.63625,0,0.39639,7.4675,0
2.1772,0.67589,0.39516,0.39516,7.6312,0
2.2101,0.7154,0.39573,0.39573,7.7767,0
2.2468,0.75497,0.39418,0.39418,7.9241,0
2.2468,0.79439,0,0.39209,8.0713,0
2.3144,0.8336,0.39561,0.39561,8.2282,0
2.3536,0.87316,0.41927,0.41927,8.3778,0
2.3536,0.91509,0,4.9,8.5238,30.866
2.4412,1.4051,0.54767,4.9,8.6605,25.473
2.4869,1.8951,0.62505,3.0141,8.7445,10.419
2.5584,2.1965,0.70191,1.4475,8.7929,1.4133
2.5584,2.3412,0,1.0003,8.8219,3.3504
2.5584,2.4413,0,0.83834,8.8386,2.8404
2.7626,2.5251,0.77295,0.75804,8.8639,0
2.7626,2.6009,0,0.72673,8.8838,2.1251
2.7626,2.6736,0,0.72562,8.8964,2.3664
3.0038,2.7461,0.73441,0.71915,8.9252,0
3.0772,2.8181,0.71596,0.69479,8.9547,0
3.1428,2.8875,0.70027,0.65942,8.9905,0
3.1428,2.9535,0,0.66531,9.0127,1.7473
3.1428,3.02,0,0.65348,9.0283,1.9098
3.1428,3.0854,0,0.65102,9.0373,2.1139
3.1428,3.1505,0,0.65988,9.0398,2.3749
3.1428,3.2164,0,0.73622,9.0358,2.9887
3.663,3.2901,1.3139,0.78898,9.1759,0
3.663,3.369,0,0.87907,9.2092,2.4237
3.663,3.4569,0,0.9561,9.2342,3.1474
4.0753,3.5525,1.3875,0.98433,9.2943,0
4.0753,3.6509,0,1.026,9.3417,2.7253
4.3485,3.7535,1.3275,1.0319,9.3975,0
4.3485,3.8567,0,1.0507,9.4518,2.6125
4.3485,3.9618,0,1.0558,9.4958,3.0255
4.752,4.0673,1.3631,1.0549,9.5663,0
4.8979,4.1728,1.4585,1.0782,9.6449,0
4.8979,4.2807,0,1.1084,9.712,2.4655
4.8979,4.3915,0,1.125,9.7682,2.9629
4.8979,4.504,0,1.1519,9.8132,3.5413
5.5386,4.6192,1.6972,1.187,9.9564,0
5.5386,4.7379,0,1.2192,10.042,2.3913
5.5386,4.8598,0,1.2256,10.116,2.8781
5.9944,4.9824,0.97688,1.181,10.244,0
6.0977,5.1005,0.74112,1.128,10.336,0
6.0977,5.2133,0,1.0488,10.43,1.2399
6.0977,5.3182,0,0.96821,10.514,1.2107
6.0977,5.415,0,0.91107,10.587,1.2646
6.0977,5.5061,0,0.84193,10.65,1.2466
6.0977,5.5903,0,0.78642,10.705,1.2688
6.3895,5.6689,-0.095727,0.71456,10.87,0.72497
6.3804,5.7404,-0.39926,0.62538,10.947,2.1194
6.3804,5.8029,0,0.51232,11.008,0.020472
6.3804,5.8541,0,0.39213,11.063,0
6.1727,5.8934,-1.2616,0.26393,11.071,8.578
6.1727,5.9197,0,0.1164,11.098,0
5.896,5.9314,-1.8174,-0.0070859,11.084,15.889
5.896,5.9307,0,-0.043056,11.08,0
5.4947,5.9264,-2.406,-0.086832,11.048,31.487
5.4947,5.9177,0,-0.13359,11.005,0.59947
5.4947,5.9043,0,-0.18841,10.963,0.44411
5.4947,5.8855,0,-0.25141,10.923,0.28222
4.3464,5.8603,-3.4128,-0.31943,10.654,13.346
4.3464,5.8284,0,-0.39371,10.505,2.466
3.6439,5.789,-3.6608,-0.47327,10.287,14.186
3.2707,5.7417,-3.7877,-0.56109,10.055,14.602
3.2707,5.6856,0,-0.65676,9.8107,4.1866
3.2707,5.6199,0,-0.76183,9.5725,3.5586
2.092,5.5437,-4.0655,-0.87753,9.1764,15.554
1.6845,5.456,-4.0949,-1.006,8.8203,15.687
1.6845,5.3554,0,-1.1506,8.4481,6.0161
0.86124,5.2403,-4.2469,-1.3127,8.0039,15.962
0.42677,5.109,-4.2817,-8.8,7.5437,0.1045
0.42677,4.229,0,-8.8,7.1195,0
0.42677,3.349,0,-0.94105,6.7832,4.5494
0.42677,3.2549,0,-8.8,6.4957,0
0.42677,2.3749,0,-8.8,6.2569,0
0.42677,1.4949,0,-8.8,6.1061,0
-2.2915,0.61494,-4.9513,-8.8,5.2451,0
-2.2915,0,0,-8.8,4.9984,0
-2.2915,0,0,-8.8,4.8133,0
-3.7928,0,-4.8929,-8.8,4.4082,0
-3.7928,0,0,-8.8,4.0729,0
-4.7499,0,-4.6806,-8.8,3.6377,1.1954
-5.2139,0,-4.4339,-8.8,3.1794,1.6283
-5.2139,0,0,-10.034,2.702,0
-5.2139,0,0,-12.066,2.2308,0
-6.4091,0,-2.6596,-15.698,1.5752,0
-6.4091,0,0,-24.211,1.0128,0
-6.4091,0,0,-55.196,0.49297,0
-6.4091,0,0,-2711.3,0.12804,0
-6.4091,0,0,0.48478,13.044,14.271
-6.4091,0.048478,0,0.89551,12.4,15.234
-6.4091,0.13803,0,1.1319,11.75,15.914
-6.4091,0.25122,0,1.2789,11.09,16.455
-6.5717,0.37911,1.3531,1.3531,10.113,14.363
-6.5717,0.51442,0,1.3528,9.4108,17.483
-6.293,0.6497,1.3308,1.3308,8.7069,14.347
-6.1637,0.78278,1.2937,1.2937,8.0216,14.354
-6.1637,0.91215,0,-0.36441,7.3204,13.854
-6.1637,0.87571,0,1.2831,6.6147,17.241
-6.1637,1.004,0,-0.55341,5.9043,13.645
-6.1637,0.94868,0,-8.8,5.1903,0
-5.5262,0.068681,1.2186,-8.8,4.6918,0
-5.4025,0,1.2066,-8.8,4.1897,0
-5.2865,0,1.1617,-8.8,3.69,0
-5.2865,0,0,-8.8,3.2054,0
-5.2865,0,0,-8.8,2.7207,0
-5.2865,0,0,-8.8,2.2361,0
-5.2865,0,0,-8.8,1.7514,0
-5.2865,0,0,-8.8,1.2668,0
-5.2865,0,0,-9.7974,0.78215,0
-5.2865,0,0,-16.456,0.30249,0
-5.2865,0,0,-43.165,-0.14388,0
-4.4052,0,0.65381,-2605.8,0.0037226,0
-4.4052,0,0,0.62562,12.592,10.459
-4.2717,0.062562,0.55698,0.55698,12.159,8.9993
-4.2132,0.11826,0.52202,0.52202,11.726,8.9937
-4.2132,0.17046,0,0.47411,11.29,10.097
-4.2132,0.21787,0,0.45041,10.849,10.144
-4.2132,0.26291,0,0.46245,10.404,10.262
-4.2132,0.30916,0,0.51979,9.954,10.477
-4.2132,0.36114,0,0.52928,9.4992,10.604
-4.2132,0.41407,0,0.54079,9.0391,10.736
-4.2132,0.46814,0,0.5405,8.5736,10.847
-4.2132,0.52219,0,0.51046,8.1028,10.894
-4.2132,0.57324,0,0.50309,7.6267,10.984
-4.2132,0.62355,0,0.52684,7.1455,11.137
-4.2132,0.67623,0,0.55746,6.6592,11.309
-3.6265,0.73198,0.62141,0.62141,6.5354,9.0491
-3.6265,0.79412,0,0.72952,6.0964,10.709
-3.6265,0.86707,0,0.85155,5.6507,11.115
-3.43,0.95223,0.95185,-8.8,5.241,0
-3.3324,0.072227,1.0195,-8.8,4.8465,0
-3.3324,0,0,-8.8,4.55,0
-3.1254,0,0.80569,-8.8,4.277,0
-3.0356,0,0.56768,-8.8,4.0142,0
-2.9784,0,0.32601,-8.8,3.7649,0
-2.9516,0,0.083012,-8.8,3.5104,0
-2.9516,0,0,-8.8,3.2593,0
-2.9557,0,-0.16105,-8.8,3.0065,0
-2.9702,0,-0.19388,-8.8,2.7454,0
-2.9702,0,0,-8.8,2.4923,0
-2.9702,0,0,-8.8,2.2393,0
-2.9702,0,0,-8.8,1.9863,0
-3.0599,0,-0.26805,-8.8,1.7006,0
-3.0928,0,-0.2726,-8.8,1.4286,0
-3.0928,0,0,-8.8,1.1633,0
-3.1419,0,-0.26089,-8.8,0.89872,0
-3.1652,0,-0.29977,-8.8,0.62652,0
-3.197,0,-0.3551,-15.075,0.34717,0
-3.197,0,0,-56.534,0.10285,0
-3.197,0,0,-120.05,0.065814,0
-3.3575,0,-0.93959,-18.744,0.31656,0
-3.3575,0,0,-76.002,0.074536,0
-3.5772,0,-1.3703,-60.894,0.10749,0
-3.5772,0,0,-167.45,0.054238,0
-3.8573,0,-1.5274,-16.615,0.49306,0
-3.8573,0,0,-46.642,0.19041,0
-3.8573,0,0,9.8,1.039,28.614
-3.8573,0.98,0,-28.686,0.60431,0
-3.8573,0,0,-86.677,0.26401,0
-3.8573,0,0,-122.73,0.31167,0
-3.8573,0,0,-48.175,0.53959,0
-4.8245,0,-0.86657,9.8,1,32.418
-4.916,0.98,-0.75794,-38.576,0.45961,0
-4.916,0,0,-189.59,0.062888,0
-5.0576,0,-0.65903,-25.375,0.51746,0
-5.1294,0,-0.75505,-101.25,0.1309,0
-5.1294,0,0,-118.22,0.12422,0
-5.1294,0,0,-80.202,0.20238,0
-5.1294,0,0,-394.68,0.090445,0
-5.5152,0,-1.2659,-11.618,1.4691,0
-5.5152,0,0,-17.776,0.97566,0
-5.5152,0,0,-35.378,0.51302,0
-5.5152,0,0,-226.3,0.13839,0
-6.0403,0,-1.0655,-30.628,0.6171,0
-6.1399,0,-0.97126,-119.47,0.15906,0
-6.1399,0,0,-133.24,0.14244,0
-6.1399,0,0,-112.81,0.19465,0
-6.3869,0,-0.60184,-206.52,0.09905,0
-6.3869,0,0,-42.981,0.49295,0
-6.5072,0,-0.56903,-384.25,0.055181,0
-6.5072,0,0,-16.858,1.3257,0
-6.6439,0,-0.81254,-30.313,0.74815,0
-6.6439,0,0,-100.37,0.23532,0
-6.8139,0,-1.1895,-518.59,0.044867,0
-6.8139,0,0,-13.671,1.9564,0
-7.0683,0,-1.433,-20.369,1.3192,0
-7.2061,0,-1.4705,-37.844,0.71382,0
-7.2061,0,0,-154.52,0.18243,0
-7.2061,0,0,-139.58,0.23442,0
-7.2061,0,0,-195.53,0.21169,0
-7.8155,0,-1.5329,-88.513,0.35113,0
-7.9674,0,-1.5672,9.8,1,40.333
-8.1232,0.98,-1.5686,-277.9,0.14994,0
-8.2707,0,-1.5744,-55.917,0.62938,0
-8.2707,0,0,-495.87,0.081895,0
-8.5976,0,-1.7857,-23.43,1.7076,0
-8.5976,0,0,-42.232,0.96501,0
-8.5976,0,0,-147.42,0.31641,0
-8.5976,0,0,-378.7,0.19376,0
-9.3906,0,-2.138,-43.321,1.0706,0
-9.3906,0,0,-137.44,0.34817,0
-9.8105,0,-1.9901,-737.29,0.065447,0
-9.8105,0,0,-20.03,2.7708,0
-9.8105,0,0,-29.999,1.8899,0
-10.402,0,-1.8747,-57.069,0.98017,0
-10.402,0,0,-271.39,0.22533,0
-10.792,0,-2.1152,-118.68,0.49953,0
-11.002,0,-2.2961,-6190.1,0.0097813,0
-11.002,0,0,7.8,29.86,39.058
-11.002,0.78,0,7.8,28.721,40.657
-11.002,1.56,0,7.8,27.503,42.256
-12.076,2.34,-3.2035,7.8,26.004,52.788
-12.076,3.12,0,7.8,24.523,47.655
-12.718,3.9,-3.6791,-0.63924,22.896,40.568
-13.083,3.8361,-3.89,-0.72435,21.227,41.449
-13.465,3.7636,-4.0834,-0.82961,19.522,42.269
-13.882,3.6807,-4.302,-0.96276,17.785,43.134
-13.882,3.5844,0,-1.1337,16.034,33.537
-13.882,3.471,0,-1.3603,14.293,32.829
-13.882,3.335,0,-1.6689,12.564,31.902
-13.882,3.1681,0,-2.111,10.851,30.63
-13.882,2.957,0,-2.7772,9.1567,28.798
-13.882,2.6793,0,-3.8701,7.4867,25.932
-13.882,2.2923,0,-47.754,5.8499,0
-18.064,0,-5.835,-61.994,2.9051,0
-18.064,0,0,-131.01,1.4087,0
-18.064,0,0,-1274.9,0.25739,0
-19.73,0,-4.9667,-47.585,4.567,0
-20.226,0,-4.5463,-77.513,2.8033,0
-20.226,0,0,-191.64,1.1682,0
-21.086,0,-3.7581,-18474,0.012036,0
-21.086,0,0,7.8,90.274,59.73
-21.086,0.78,0,7.8,88.127,61.329
-21.086,1.56,0,7.8,85.901,62.928
-21.086,2.34,0,7.8,83.598,64.527
-21.086,3.12,0,7.8,81.216,66.126
-22.358,3.9,0.25482,7.8,78.232,69.796
-22.358,4.68,0,7.8,75.567,71.931
-22.294,5.46,0.47856,7.8,72.84,72.394
-22.294,6.24,0,6.7,70.026,72.688
-22.294,6.91,0,6.7,67.139,74.061
-22.294,7.58,0,6.7,64.185,75.435
-21.972,8.25,1.6648,6.7,61.215,72.649
-21.972,8.92,0,6.7,58.159,77.52
-21.972,9.59,0,6.7,55.037,78.894
-21.367,10.26,2.2782,6.7,51.914,74.242
-21.367,10.93,0,6.7,48.718,80.402
-21.367,11.6,0,6.7,45.455,81.776
-20.699,12.27,1.9634,4.8,42.217,73.661
-20.699,12.75,0,4.8,38.896,78.771
-20.699,13.23,0,-2.3332,35.528,64.766
-20.699,12.997,0,-2.6581,32.146,63.605
-20.699,12.731,0,-3.063,28.79,62.209
-19.821,12.425,1.3202,-3.5771,25.725,55.927
-19.69,12.067,1.1678,-4.2528,22.516,53.825
-19.69,11.642,0,-5.1552,19.362,53.511
-19.475,11.126,0.66897,-6.407,16.285,47.977
-19.475,10.485,0,-7.84,13.257,45.059
-19.475,9.7013,0,-7.84,10.3,43.451
-19.475,8.9173,0,-54.635,7.4219,0
-19.475,3.4538,0,-55.283,4.8559,0
-19.475,0,0,-69.335,2.8394,0
-19.826,0,-2.4531,-162.24,1.23,0
-20.077,0,-2.7858,-3931.6,0.0513,0
-20.364,0,-3.0479,-3.0479,17.691,41.861
-20.662,0,-3.3749,-3.3749,15.646,42.471
-21.001,0,-3.6123,-3.6123,13.581,43.166
-21.001,0,0,-3.7537,11.499,35.278
-21.001,0,0,-3.8385,9.4175,35.1
-21.001,0,0,-3.8987,7.3366,34.974
-21.001,0,0,-55.198,5.256,0
-21.001,0,0,-92.639,3.4319,0
-21.001,0,0,-248.2,1.795,0
-21.001,0,0,-39192,0.93593,0
-24.042,0,-3.785,7.8,193.59,73.742
-24.042,0.78,0,7.8,191.14,67.388
-24.042,1.56,0,7.8,188.62,68.987
-24.042,2.34,0,7.8,186.02,70.586
-24.042,3.12,0,7.8,183.34,72.185
-24.042,3.9,0,7.8,180.59,73.784
-26.395,4.68,-4.002,7.8,177.06,88.617
-26.799,5.46,-4.0391,7.8,173.89,91.123
-26.799,6.24,0,6.7,170.62,81.923
-26.799,6.91,0,6.7,167.29,83.297
-28.067,7.58,-4.352,6.7,163.69,96.413
-28.506,8.25,-4.3015,6.7,160.07,98.58
-28.506,8.92,0,6.7,156.36,90.915
-29.37,9.59,-4.0052,6.7,152.51,102.48
-29.37,10.26,0,6.7,148.58,95.435
-29.37,10.93,0,6.7,144.58,96.808
-29.37,11.6,0,6.7,140.52,98.182
-29.37,12.27,0,4.8,136.39,95.563
-29.37,12.75,0,4.8,132.2,96.547
-29.37,13.23,0,4.8,127.96,97.531
-29.37,13.71,0,4.8,123.68,98.515
-31.054,14.19,0.91746,4.8,118.38,101.02
-31.054,14.67,0,4.8,113.83,103.93
-31.054,15.15,0,4.8,109.23,104.92
-31.054,15.63,0,4.8,104.59,105.9
-31.054,16.11,0,4.8,99.894,106.89
-30.341,16.59,1.7551,4.8,95.299,102.72
-30.163,17.07,1.7721,4.8,90.589,103.3
-30.163,17.55,0,4.8,85.842,108.01
-29.802,18.03,1.7872,4.8,81.092,104.5
-29.614,18.51,1.7754,4.8,76.298,105.12
-29.614,18.99,0,4.8,71.462,109.84
-29.614,19.47,0,4.8,66.578,110.82
-29.614,19.95,0,4.8,61.645,111.81
-29.614,20.43,0,4.8,56.665,112.79
-29.614,20.91,0,4.8,51.636,113.77
-28.622,21.39,1.6166,-3.7096,46.852,91.447
-28.622,21.019,0,-4.3345,41.87,92.77
-28.283,20.586,1.6376,-5.1452,36.952,86.043
-28.283,20.071,0,-6.2263,32.091,86.157
-27.96,19.448,1.5903,-7.7216,27.331,77.734
-27.96,18.676,0,-7.84,22.628,79.244
-27.96,17.892,0,-7.84,18.004,77.637
-27.96,17.108,0,-71.938,13.458,0
-27.96,9.9145,0,-71.975,9.3109,0
-27.188,2.7169,1.5629,-72.032,6.0761,0
-27.038,0,1.5383,-104.55,3.4455,0
-27.038,0,0,-281.29,1.2645,0
-26.75,0,1.3471,-62046,0.0057661,0
-26.75,0,0,7.8,307.56,71.341
-26.75,0.78,0,7.8,304.85,72.94
-26.349,1.56,1.3448,7.8,302.12,70.891
-26.349,2.34,0,7.8,299.29,75.316
-26.349,3.12,0,7.8,296.38,76.915
-26.349,3.9,0,7.8,293.39,78.514
-25.804,4.68,1.2911,7.8,290.45,76.284
-25.804,5.46,0,7.8,287.37,80.596
-25.804,6.24,0,6.7,284.2,79.883
-25.439,6.91,1.1127,6.7,281.02,78.17
-25.337,7.58,1.0881,6.7,277.76,79.387
-25.235,8.25,1.0262,6.7,274.43,80.681
-25.235,8.92,0,6.7,271.05,84.21
-25.235,9.59,0,6.7,267.6,85.584
-24.918,10.26,1.0241,6.7,264.13,84.154
-24.918,10.93,0,6.7,260.58,87.68
-24.726,11.6,0.92262,6.7,256.99,86.722
