14.444,14.444,-0.83459,0,35.5,3.7899
14.444,14.444,0,-0.0068644,35.5,0
14.259,14.444,-0.72838,-0.01421,35.471,3.7001
14.259,14.442,0,-0.019569,35.452,0.34728
14.126,14.44,-0.56581,-0.024192,35.42,3.0851
14.073,14.438,-0.5177,-0.028106,35.389,2.9625
14.012,14.435,-0.49002,-0.032648,35.347,2.9886
14.012,14.432,0,-0.035891,35.305,0.85389
13.925,14.428,-0.45803,-0.039024,35.255,3.062
13.925,14.424,0,-0.043023,35.205,1.0309
13.925,14.42,0,-0.046859,35.155,1.0085
13.925,14.415,0,-0.049341,35.105,0.98932
13.925,14.41,0,-0.053242,35.057,0.96541
13.925,14.405,0,-0.056812,35.008,0.94169
13.925,14.399,0,-0.060617,34.961,0.91658
13.925,14.393,0,-0.063744,34.913,0.89271
13.925,14.387,0,-0.066784,34.867,0.86849
13.925,14.38,0,-0.068121,34.821,0.84854
13.925,14.374,0,-0.068961,34.776,0.82977
13.925,14.367,0,-0.068885,34.731,0.81345
13.925,14.36,0,-0.069579,34.687,0.79505
13.496,14.353,-0.05967,-0.069277,34.247,2.131
13.486,14.346,-0.074942,-0.069771,34.153,2.2001
13.486,14.339,0,-0.070854,34.067,1.8781
13.486,14.332,0,-0.070371,33.982,1.8599
13.486,14.325,0,-0.070174,33.898,1.8409
13.486,14.318,0,-0.070694,33.815,1.8194
13.455,14.311,-0.030429,-0.07068,33.74,2.0048
13.453,14.304,-0.034885,-0.070495,33.655,2.0076
13.453,14.297,0,-0.069753,33.571,1.8562
13.453,14.29,0,-0.069232,33.487,1.8385
13.451,14.283,-0.019083,-0.069637,33.412,1.895
13.441,14.276,0.018275,-0.070144,33.335,1.7632
13.441,14.269,0,-0.069481,33.252,1.8133
13.459,14.262,0.12341,-0.068023,33.16,1.3372
13.478,14.255,0.16032,-0.06605,33.076,1.171
13.478,14.248,0,-0.064529,32.999,1.6728
13.503,14.242,0.23329,-0.063242,32.922,0.90131
13.503,14.236,0,-0.060301,32.848,1.5845
13.553,14.23,0.19378,-0.058305,32.764,0.87138
13.576,14.224,0.17554,-0.055973,32.698,0.85782
13.601,14.218,0.16775,-0.053509,32.634,0.81571
13.601,14.213,0,-0.050923,32.573,1.2945
13.601,14.208,0,-0.049067,32.512,1.2872
13.601,14.203,0,-0.048687,32.451,1.2757
13.601,14.198,0,-0.048108,32.392,1.2649
13.653,14.193,0.0086951,-0.047478,32.331,1.0935
13.653,14.188,0,-0.046362,32.278,1.1122
13.653,14.184,0,-0.046902,32.224,1.0988
13.653,14.179,0,-0.048528,32.171,1.0818
13.605,14.174,-0.40321,-0.050456,32.111,2.9267
13.605,14.169,0,-0.054059,32.055,1.1595
13.605,14.164,0,-0.057862,31.999,1.1338
13.466,14.158,-0.53359,-0.061887,31.928,4.1103
13.466,14.152,0,-0.067076,31.859,1.4353
13.466,14.145,0,-0.071006,31.791,1.4045
13.466,14.138,0,-0.075951,31.723,1.3695
13.248,14.13,-0.5167,-0.080108,31.599,4.6416
13.248,14.122,0,-0.083911,31.511,1.8916
13.137,14.114,-1.0194,-0.089384,31.431,9.4183
13.038,14.105,-1.4537,-0.098083,31.332,15.493
13.038,14.095,0,-0.11107,31.226,2.3148
12.697,14.084,-2.2572,-0.12887,31.096,34.067
12.48,14.071,-2.4082,-0.14879,30.956,39.694
12.247,14.056,-2.2462,-0.1705,30.791,36.428
12.247,14.039,0,-0.19233,30.611,4.2945
12.247,14.02,0,-0.21046,30.432,4.1408
12.247,13.999,0,-0.22604,30.256,3.9958
11.518,13.976,-1.3244,-0.24123,29.929,20.668
11.518,13.952,0,-0.25434,29.685,6.2866
11.239,13.927,-1.5306,-0.27033,29.418,25.402
11.076,13.9,-1.7228,-0.28776,29.147,29.906
11.076,13.871,0,-0.30735,28.866,7.38
11.076,13.84,0,-0.32821,28.588,7.1332
11.076,13.807,0,-0.34873,28.313,6.884
11.076,13.773,0,-0.3696,28.042,6.6287
11.076,13.736,0,-0.38743,27.774,6.3869
11.076,13.697,0,-0.40166,27.51,6.1622
11.076,13.657,0,-0.41265,27.25,5.9531
11.076,13.615,0,-0.42269,26.994,5.748
9.9639,13.573,-0.41059,-0.43005,26.102,13.652
9.9309,13.53,-0.3802,-0.43716,25.747,13.237
9.9309,13.486,0,-0.446,25.39,9.6369
9.9309,13.442,0,-0.45493,25.036,9.3881
9.8242,13.396,-0.080278,-0.46067,24.668,10.239
9.8118,13.35,0.12154,-0.46587,24.306,8.5574
9.8198,13.304,0.347,-0.46831,23.947,6.9226
9.8484,13.257,0.61682,-0.46744,23.603,5.3307
9.9121,13.21,0.84938,-0.46154,23.262,4.1679
9.9121,13.164,0,-0.45148,22.934,8.3331
10.093,13.119,0.87084,-0.44005,22.623,3.4988
10.093,13.075,0,-0.42915,22.322,7.3871
10.255,13.032,0.55546,-0.41828,22.05,3.9293
10.317,12.99,0.35614,-0.4095,21.78,4.4556
10.317,12.949,0,-0.40541,21.515,6.1832
10.317,12.909,0,-0.40355,21.253,6.0428
10.317,12.868,0,-0.40299,20.996,5.8971
10.317,12.828,0,-0.40247,20.743,5.7525
10.365,12.788,-0.31991,-0.40286,20.514,7.5297
10.365,12.747,0,-0.40786,20.274,5.2641
10.365,12.707,0,-0.41942,20.038,5.0618
10.365,12.665,0,-0.43713,19.805,4.8285
10.365,12.621,0,-0.4588,19.578,4.5751
9.9064,12.575,-1.5461,-0.48381,19.253,23.068
9.9064,12.527,0,-0.51276,18.988,5.5639
9.9064,12.475,0,-0.54256,18.729,5.2318
9.9064,12.421,0,-0.56965,18.475,4.9127
9.3394,12.364,-1.1728,-0.59666,18.092,18.108
9.3394,12.305,0,-0.62183,17.792,6.2299
9.1157,12.242,-1.1124,-0.64711,17.459,17.357
9.1157,12.178,0,-0.67301,17.149,6.3079
8.8828,12.11,-1.3944,-0.70271,16.811,21.645
8.7409,12.04,-1.5644,-0.73674,16.492,24.679
8.7409,11.966,0,-0.77646,16.166,6.3496
8.3969,11.889,-1.8271,-0.8246,15.811,30.166
8.3969,11.806,0,-0.87541,15.466,6.4892
8.3969,11.719,0,-0.92281,15.13,5.9387
8.3969,11.626,0,-0.97391,14.802,5.3824
8.3969,11.529,0,-1.0219,14.484,4.8563
7.5983,11.427,-1.0099,-1.0639,13.959,16
7.5983,11.32,0,-1.0993,13.582,6.4429
7.5983,11.211,0,-1.1288,13.215,5.9239
7.3561,11.098,-0.69779,-1.16,12.816,11.264
7.3561,10.982,0,-1.1908,12.448,5.6792
7.3561,10.863,0,-1.2201,12.091,5.173
7.3561,10.741,0,-1.2541,11.746,4.6689
7.3561,10.615,0,-1.3034,11.414,4.1369
7.3561,10.485,0,-1.3606,11.095,3.6217
7.3561,10.349,0,-1.4267,10.789,3.1398
6.5122,10.206,-1.8565,-1.5063,10.275,23.777
6.3206,10.055,-1.8168,-5.2,9.8984,87.016
6.3206,9.5355,0,-5.2,9.5509,64.315
6.3206,9.0155,0,-5.2,9.2554,63.249
6.3206,8.4955,0,-5.2,9.0119,62.183
6.3206,7.9755,0,-5.2,8.8205,61.117
6.3206,7.4555,0,-5.2,8.681,60.051
5.4524,6.9355,-0.69726,-5.2,8.2726,23.671
5.4524,6.4155,0,-5.2,8.1503,31.702
5.3406,5.8955,-0.25002,-0.18687,8.0568,1.5577
5.323,5.8768,-0.10893,-0.18826,7.9946,1.0604
5.3119,5.858,-0.029039,-0.18673,7.949,0.81742
5.315,5.8393,-0.04936,-8.8,7.8867,19.361
5.3045,4.9593,-0.10301,0.32123,7.8742,0.34606
5.2958,4.9914,-0.13131,0.28114,7.9033,0.41696
5.2958,5.0195,0,0.23665,7.9324,0
5.2958,5.0432,0,0.20753,7.9588,0
5.2958,5.0639,0,0.18517,7.983,0
5.2958,5.0825,0,0.15182,8.0053,0
5.2626,5.0976,0.20147,0.1486,7.9954,0
5.2852,5.1125,0.28302,0.15497,8.0035,0
5.3136,5.128,0.39032,0.16609,8.0254,0
5.3603,5.1446,0.53513,0.19244,8.0473,0
5.3603,5.1639,0,0.22207,8.0679,0.10305
5.4693,5.1861,0.47144,0.25086,8.0998,0
5.5182,5.2111,0.43218,0.27077,8.1351,0
5.5535,5.2382,0.39119,0.27642,8.1613,0
5.5535,5.2659,0,0.28987,8.1914,0.074037
5.6282,5.2949,0.35046,0.28892,8.2195,0
5.6582,5.3237,0.33405,0.28843,8.2587,0
5.699,5.3526,0.25143,0.29684,8.2835,0
5.7292,5.3823,0.025714,0.29542,8.3105,0
5.7292,5.4118,0,0.27743,8.3438,0
5.7202,5.4396,-0.39764,0.23621,8.3657,1.4076
5.7202,5.4632,0,0.17561,8.3926,0
5.6141,5.4807,-0.86868,0.11125,8.4045,4.2211
5.5258,5.4919,-0.9532,0.028254,8.4114,4.77
5.4404,5.4947,-1.0165,-0.015781,8.4112,5.4019
5.3447,5.4931,-1.1404,-0.04328,8.3952,6.8266
5.2306,5.4888,-1.2673,-0.075415,8.3818,8.4997
5.1095,5.4812,-1.3084,-0.10891,8.3586,9.3
5.1095,5.4704,0,-0.14742,8.3219,0.43204
5.1095,5.4556,0,-0.18261,8.2866,0.32632
4.7007,5.4373,-1.3806,-0.22119,8.1916,11.208
4.7007,5.4152,0,-0.25807,8.119,0.94277
4.4188,5.3894,-1.4652,-0.29905,8.0177,12.972
4.2729,5.3595,-1.4866,-0.33955,7.9208,13.567
4.2729,5.3256,0,-0.38497,7.8139,1.3896
4.2729,5.2871,0,-0.43061,7.7105,1.1845
3.8048,5.244,-1.453,-8.8,7.5488,0
3.8048,4.364,0,-0.1934,7.4488,0.75563
3.5201,4.3447,-1.3724,-0.23231,7.3509,11.5
3.5201,4.3214,0,-0.26995,7.2696,1.1114
3.2418,4.2944,-1.4055,-0.3064,7.1526,12.55
3.2418,4.2638,0,-8.8,7.0488,0
2.9372,3.3838,-1.7439,-0.10514,6.9597,6.5397
2.7565,3.3733,-1.8661,-0.14663,6.9041,6.8633
2.5726,3.3586,-2.0085,-0.18927,6.8313,7.2232
2.3727,3.3397,-2.1354,-0.23598,6.7513,7.5774
2.1657,3.3161,-2.1898,-8.8,6.6527,0
2.1657,2.4361,0,-0.087426,6.5816,0.37547
2.1657,2.4274,0,-0.12932,6.555,0.26459
2.1657,2.4144,0,-0.17114,6.5295,0.15652
2.1657,2.3973,0,-0.21581,6.5055,0.048484
2.1657,2.3757,0,-8.8,6.4834,0
2.1657,1.4957,0,-0.082921,6.5064,0
2.1657,1.4874,0,-0.11051,6.5738,0
0.37392,1.4764,-2.2882,-0.13847,5.9178,7.061
0.37392,1.4625,0,-0.17065,5.8083,2.1769
0.37392,1.4455,0,-8.8,5.7003,0
-0.34044,0.56547,-2.4265,-2.4265,5.5411,1.9443
-0.34044,0.32282,0,-2.3799,5.4626,0
-0.34044,0.084831,0,-2.2294,5.4082,0
-0.34044,0,0,-2.0216,5.3768,0
-1.2396,0,-1.7437,-1.7437,5.1451,2.6283
-1.2396,0,0,-1.4942,5.0298,0
-1.2396,0,0,-8.8,4.9133,0
-1.6895,0,-1.4153,-8.8,4.7503,0
-1.834,0,-1.6947,-8.8,4.6261,0
-2.0072,0,-2.0022,-8.8,4.4852,0
-2.0072,0,0,-8.8,4.3284,0
-2.0072,0,0,-8.8,4.1717,0
-2.0072,0,0,-8.8,4.015,0
-2.9443,0,-2.6638,-8.8,3.6751,0
-2.9443,0,0,-8.8,3.4247,0
-3.4895,0,-2.6321,-8.8,3.1189,0
-3.7519,0,-2.5603,-8.8,2.7935,0
-3.7519,0,0,-8.8,2.4624,0
-3.7519,0,0,-8.8,2.1312,0
-3.7519,0,0,-8.8,1.8,0
-3.7519,0,0,-10.845,1.4688,0
-3.7519,0,0,-16.407,1.1478,0
-5.1218,0,-1.5482,-33.657,0.4085,0
-5.2731,0,-1.3196,-219.05,0.063853,0
-5.4038,0,-1.2277,-24.7,0.62204,0
-5.4038,0,0,-74.85,0.20516,0
-5.6535,0,-1.306,-668.37,0.023957,0
-5.7862,0,-1.5012,-8.8,2.7886,0
-5.7862,0,0,-9.4346,2.254,0
-5.7862,0,0,-12.734,1.7225,0
-5.7862,0,0,-19.309,1.2076,0
-5.7862,0,0,-37.764,0.72553,0
-5.7862,0,0,-185.21,0.33573,0
-6.8393,0,-2.1199,-64.86,0.37277,0
-6.8393,0,0,-2126,0.013146,0
-6.8393,0,0,-2.3735,9.9593,9.1203
-6.8393,0,0,-2.5112,9.2872,8.8309
-6.8393,0,0,-2.5812,8.6158,8.6839
-6.8393,0,0,-2.5735,7.9448,8.7
-6.8393,0,0,-2.4512,7.2738,8.9571
-8.5081,0,-2.313,-2.313,6.0428,17.529
-8.5081,0,0,-2.1524,5.2036,13.006
-8.9561,0,-1.9687,-11.253,4.32,0
-8.9561,0,0,-13.886,3.4806,0
-8.9561,0,0,-18.278,2.6545,0
-9.506,0,-1.4244,-27.071,1.7617,0
-9.6396,0,-1.3034,-51.271,0.92983,0
-9.6396,0,0,-231.99,0.22222,0
-9.6396,0,0,-126.72,0.4182,0
-10.038,0,-1.4711,-1755.3,0.028724,0
-10.038,0,0,-1.4975,7.8012,17.517
-10.038,0,0,-1.5179,6.805,17.475
-10.038,0,0,-1.5455,5.8088,17.416
-10.623,0,-1.4871,-13.489,4.701,0
-10.623,0,0,-17.135,3.7061,0
-10.623,0,0,-23.664,2.7295,0
-11.077,0,-1.6116,-37.49,1.7098,0
-11.077,0,0,-82.403,0.7896,0
-11.398,0,-1.5072,-1007.7,0.064557,0
-11.398,0,0,-18.264,3.9634,0
-11.398,0,0,-25.021,2.9149,0
-11.812,0,-1.2215,-39.435,1.8256,0
-11.812,0,0,-85.727,0.84153,0
-11.812,0,0,-1053.1,0.088973,0
-12.153,0,-0.97702,-18.862,4.1292,0
-12.26,0,-0.86364,-25.89,3.0029,0
-12.26,0,0,-40.63,1.9064,0
-12.26,0,0,-89.46,0.88354,0
-12.26,0,0,-1148.4,0.10488,0
-12.51,0,-0.091602,-17.276,4.5539,0
-12.51,0,0,-22.981,3.3892,0
-12.503,0,0.16632,-34.402,2.2609,0
-12.491,0,0.23093,-65.222,1.1919,0
-12.491,0,0,-290.17,0.26888,0
-12.491,0,0,-164.42,0.47067,0
-12.414,0,0.24694,-1797.1,0.042867,0
-12.414,0,0,0.22823,7.7872,26.015
-12.414,0.022823,0,0.16742,6.5447,25.934
-12.414,0.039564,0,0.10933,5.3002,25.846
-12.414,0.050497,0,-18.917,4.0543,0
-12.414,0,0,-26.248,2.9025,0
-12.414,0,0,-42.436,1.7924,0
-12.414,0,0,-99.058,0.76321,0
-12.359,0,-0.11481,-2640.7,0.028924,0
-12.363,0,-0.13865,-0.13865,12.005,25.43
-12.373,0,-0.13914,-0.13914,10.766,25.452
-12.387,0,-0.14723,-0.14723,9.5204,25.48
-12.387,0,0,-0.14263,8.2825,25.181
-12.387,0,0,-0.10657,7.0445,25.256
-12.43,0,-0.061399,-0.061399,5.8048,25.568
-12.43,0,0,-16.994,4.5621,0
-12.43,0,0,-22.711,3.4042,0
-12.43,0,0,-34.088,2.2747,0
-12.424,0,0.040709,-65.223,1.1825,0
-12.424,0,0,-279.73,0.26625,0
-12.419,0,0.019741,-178.04,0.43308,0
-12.423,0,0.00052334,-1004.5,0.076817,0
-12.423,0,0,-19.958,3.8572,0
-12.423,0,0,-28.425,2.7147,0
-12.416,0,-0.012157,-47.903,1.6095,0
-12.416,0,0,-126.2,0.6074,0
-12.427,0,-0.05415,9.8,1,46.268
-12.425,0.98,-0.05199,9.8,1,48.27
-12.431,1.96,0.019833,9.8,1,50.139
-12.424,2.94,0.15712,9.8,1,51.845
-12.416,3.92,0.34343,9.8,1,53.446
-12.379,4.9,0.5591,9.8,1,54.926
-12.379,5.88,0,9.8,0.99793,58.11
-12.379,6.86,0,9.8,0.98207,60.119
-12.179,7.84,0.56598,9.8,1,60.529
-12.179,8.82,0,9.8,1.002,63.727
-12.179,9.8,0,9.8,1.0005,65.736
-12.179,10.78,0,9.8,0.99122,67.745
-12.179,11.76,0,9.8,0.99038,69.754
-12.179,12.74,0,9.8,0.98429,71.763
-12.215,13.72,-0.65584,9.8,1,75.224
-12.275,14.7,-0.81919,9.8,1,77.699
-12.275,15.68,0,9.8,0.99411,77.987
-12.457,16.66,-1.1359,9.8,1,82.756
-12.457,17.64,0,9.8,1.01,82.378
-12.684,18.62,-1.1993,9.8,1,87.374
-12.684,19.6,0,9.8,0.99884,86.863
-12.684,20.58,0,9.8,1.01,88.872
-12.684,21.56,0,9.8,1.027,90.881
-12.935,22.54,-0.28429,9.8,1,94
-12.935,23.52,0,9.8,1.008,95.411
-12.935,24.5,0,9.8,1.0206,97.42
-12.935,25.48,0,9.8,1.055,99.429
-12.935,26.46,0,9.8,1.1023,101.44
-14.122,27.44,-5.2059,9.8,1,116.82
-14.122,28.42,0,9.8,1.0176,107.89
-14.122,29.4,0,9.8,1.0872,109.9
-14.122,30.38,0,9.8,1.2154,111.91
-14.122,31.36,0,9.8,1.3887,113.92
-16.559,32.34,-3.0396,9.8,1,127.31
-16.559,33.32,0,9.8,1.0194,122.93
-16.559,34.3,0,9.8,1.0653,124.94
-16.559,35.28,0,9.8,1.1186,126.95
-16.559,36.26,0,9.8,1.1742,128.96
-16.559,37.24,0,9.8,1.2474,130.97
-16.559,38.22,0,9.8,1.3123,132.98
-16.559,39.2,0,9.8,1.3774,134.98
-16.559,40.18,0,9.8,1.4407,136.99
-16.559,41.16,0,9.8,1.517,139
-16.559,42.14,0,9.8,1.5856,141.01
-16.559,43.12,0,9.8,1.679,143.02
-16.559,44.1,0,9.8,1.7774,145.03
-16.559,45.08,0,9.8,1.8877,147.04
-16.559,46.06,0,9.8,2.0248,149.05
-18.089,47.04,-0.73086,9.8,1,155.73
-18.089,48.02,0,9.8,1.0011,156.2
-18.089,49,0,9.8,1.0113,158.21
-18.089,49.98,0,9.8,1.0174,160.22
-18.196,50.96,0.21145,9.8,1,162.01
-18.176,51.94,0.16265,9.8,1,164.08
-18.161,52.92,0.037153,9.8,1,166.32
-18.159,53.9,-0.25193,9.8,1,168.93
-18.159,54.88,0,9.8,0.99671,170.41
-18.159,55.86,0,9.8,1.0076,172.42
-18.373,56.84,-1.6564,9.8,1,178.35
-18.373,57.82,0,9.8,1.0096,176.88
-18.373,58.8,0,9.8,1.0453,178.88
-18.373,59.78,0,9.8,1.0999,180.89
-19.103,60.76,-1.4845,9.8,1,187.52
-19.103,61.74,0,9.8,1.0061,186.41
-19.376,62.72,-0.98624,9.8,1,191.05
-19.468,63.7,-0.79069,9.8,1,192.84
-19.549,64.68,-0.62151,9.8,1,194.66
-19.607,65.66,-0.50885,9.8,1,196.55
-19.607,66.64,0,9.8,1.0029,197.49
-19.696,67.62,-0.41114,9.8,1,200.54
-19.696,68.6,0,9.8,1.0017,201.69
-19.786,69.58,-0.46181,9.8,1,204.85
-19.786,70.56,0,9.8,1.0103,205.89
-19.877,71.54,-0.55306,9.8,1,209.25
-19.877,72.52,0,9.8,1.0036,210.09
-19.986,73.5,-0.51533,9.8,1,213.41
-19.986,74.48,0,9.8,0.99774,214.34
-19.986,75.46,0,9.8,1.0103,216.34
-20.113,76.44,-0.22319,9.8,1,219.08
-20.113,77.42,0,9.8,1.0061,220.62
-20.113,78.4,0,9.8,1.0084,222.63
-20.113,79.38,0,9.8,1.0077,224.64
-20.143,80.36,0.22368,9.8,1,226.24
-20.12,81.34,0.27407,9.8,1,228.1
-20.12,82.32,0,9.8,0.99647,230.68
-20.12,83.3,0,9.8,0.98338,232.69
-20.051,84.28,0.17741,9.8,1,234.18
-20.051,85.26,0,9.8,1.0007,236.57
-20.013,86.24,0.080574,9.8,1,238.33
-20.013,87.22,0,9.8,1.007,240.51
-20.014,88.2,-0.065399,9.8,1,242.65
-20.029,89.18,-0.11463,9.8,1,244.8
-20.037,90.16,-0.1462,9.8,1,246.89
-20.037,91.14,0,9.8,0.99694,248.59
-20.056,92.12,-0.084097,9.8,1,250.82
-20.069,93.1,-0.030266,9.8,1,252.74
-20.069,94.08,0,9.8,0.99587,254.69
-20.069,95.06,0,9.8,0.98887,256.69
-20.069,96.04,0,9.8,0.99319,258.7
-20.069,97.02,0,9.8,1.0017,260.71
-20.069,98,0,9.8,0.99841,262.72
-20.047,98.98,0.051509,9.8,1,264.58
-20.047,99.96,0,9.8,1.0013,266.69
-20.047,100.94,0,9.8,1.0044,268.7
-20.047,101.92,0,9.8,1.0112,270.71
-20.047,102.9,0,9.8,1.0136,272.72
-20.075,103.88,-0.13406,9.8,1,275.07
-20.075,104.86,0,9.8,0.99611,276.8
-20.075,105.84,0,9.8,0.9974,278.8
-20.128,106.82,-0.24453,9.8,1,281.44
-20.128,107.8,0,9.8,0.9964,282.93
-20.18,108.78,-0.21816,9.8,1,285.51
-20.18,109.76,0,9.8,0.99437,287.06
-20.18,110.74,0,9.8,0.98772,289.07
-20.18,111.72,0,9.8,1.0009,291.07
-20.253,112.7,-0.17767,9.8,1,293.61
-20.253,113.68,0,9.8,0.99708,295.24
-20.253,114.66,0,9.8,0.9972,297.25
-20.253,115.64,0,9.8,1.0078,299.26
-20.34,116.62,-0.2653,9.8,1,302.01
-20.34,117.6,0,9.8,1.0071,303.46
-20.392,118.58,-0.26018,9.8,1,306.12
-20.392,119.56,0,9.8,0.99622,307.58
-20.392,120.54,0,9.8,1.0064,309.59
-20.392,121.52,0,9.8,1.0146,311.6
-20.392,122.5,0,9.8,1.0323,313.61
-20.392,123.48,0,9.8,1.0471,315.62
-20.493,124.46,-0.11069,9.8,1,318.07
-20.499,125.44,-0.083671,9.8,1,320.03
-20.51,126.42,-0.095475,9.8,1,322.09
-20.51,127.4,0,9.8,0.9961,323.89
-20.51,128.38,0,9.8,0.98891,325.9
-20.51,129.36,0,9.8,1.0003,327.91
-20.562,130.34,-0.36163,9.8,1,330.79
-20.59,131.32,-0.4052,9.8,1,332.95
-20.59,132.3,0,9.8,0.99938,334.1
-20.663,133.28,-0.45471,9.8,1,337.22
-20.698,134.26,-0.45615,9.8,1,339.3
-20.698,135.24,0,9.8,0.99527,340.35
-20.698,136.22,0,9.8,1.0058,342.36
-20.836,137.2,-0.53155,9.8,1,345.77
-20.836,138.18,0,9.8,0.99857,346.66
-20.94,139.16,-0.51265,9.8,1,349.96
-20.94,140.14,0,9.8,1.0028,350.89
-20.94,141.12,0,9.8,1.0204,352.9
-20.94,142.1,0,9.8,1.0355,354.91
-20.94,143.08,0,9.8,1.0545,356.92
-20.94,144.06,0,9.8,1.0862,358.93
-20.94,145.04,0,9.8,1.1253,360.94
-20.94,146.02,0,9.8,1.1587,362.95
-20.94,147,0,9.8,1.2106,364.96
-21.474,147.98,-0.63435,9.8,1,369.39
-21.534,148.96,-0.63297,9.8,1,371.52
-21.534,149.94,0,9.8,0.99532,372.2
-21.648,150.92,-0.6512,9.8,1,375.81
-21.648,151.9,0,9.8,1.0003,376.45
-21.81,152.88,-1.2577,9.8,1,381.44
-21.81,153.86,0,9.8,1.0042,380.8
-22.111,154.84,-2.1232,9.8,1,387.89
-22.111,155.82,0,9.8,1.0023,385.44
-22.111,156.8,0,9.8,1.0311,387.45
-22.111,157.78,0,9.8,1.0957,389.46
-23.026,158.76,-1.8722,9.8,1,397.27
-23.216,159.74,-1.6422,9.8,1,399.19
-23.386,160.72,-1.5221,9.8,1,401.29
-23.386,161.7,0,9.8,0.99808,400.11
-23.386,162.68,0,9.8,1.0138,402.11
-23.386,163.66,0,9.8,1.0492,404.12
-24.026,164.64,-1.6026,9.8,1,410.81
-24.026,165.62,0,9.8,0.99927,409.45
-24.339,166.6,-1.3477,9.8,1,414.94
-24.479,167.58,-1.1024,9.8,1,416.72
-24.479,168.56,0,9.8,1.0146,416.41
-24.688,169.54,-0.49681,9.8,1,419.89
-24.747,170.52,-0.21355,9.8,1,421.43
-24.773,171.5,0.022144,9.8,1,422.99
-24.764,172.48,0.18603,9.8,1,424.64
-24.764,173.46,0,9.8,1.0033,427.04
-24.764,174.44,0,9.8,1.0027,429.05
-24.764,175.42,0,9.8,0.99541,431.06
