16.944,16.944,0.30324,0,35.5,0
16.944,16.944,0,0.015512,35.5,0.033198
16.944,16.946,0,0.039019,35.5,0.089118
16.944,16.95,0,0.064307,35.5,0.15744
17.167,16.956,0.7231,0.096048,35.55,0
17.167,16.966,0,0.12732,35.571,0
17.167,16.979,0,0.15483,35.59,0
17.167,16.994,0,0.18212,35.608,0.052842
17.167,17.012,0,0.20793,35.625,0.16383
17.554,17.033,0.79811,0.23737,35.751,0
17.554,17.057,0,0.26265,35.802,0
17.554,17.083,0,0.28905,35.851,0
17.554,17.112,0,0.31435,35.896,0
17.554,17.143,0,0.33328,35.939,0
17.958,17.177,0.72009,0.35399,36.084,0
17.958,17.212,0,0.37231,36.161,0
18.116,17.249,0.73879,0.39122,36.235,0
18.116,17.289,0,0.40949,36.319,0
18.277,17.33,0.73225,0.4263,36.422,0
18.351,17.372,0.60762,0.43979,36.519,0
18.351,17.416,0,0.44636,36.615,0
18.442,17.461,0.20782,0.43913,36.719,0
18.442,17.505,0,0.42874,36.815,0
18.47,17.548,-0.22863,0.41137,36.905,0
18.47,17.589,0,0.37784,36.996,0
18.47,17.626,0,0.34458,37.082,0
18.358,17.661,-0.49425,0.30916,37.146,0.85368
18.358,17.692,0,0.27686,37.214,0
18.275,17.72,-0.57626,0.24577,37.259,1.4394
18.224,17.744,-0.58574,0.21206,37.302,1.5837
18.224,17.765,0,0.17227,37.349,0
18.224,17.783,0,0.14017,37.394,0
18.224,17.797,0,0.10772,37.437,0
17.973,17.807,-0.60352,0.072992,37.428,2.0769
17.973,17.815,0,0.042299,37.444,0
17.858,17.819,-0.55858,0.017337,37.438,1.99
17.858,17.821,0,-0.0010069,37.441,0
17.757,17.82,-0.50559,-0.0055715,37.432,1.9502
17.757,17.82,0,-0.010423,37.425,0.10746
17.757,17.819,0,-0.014537,37.419,0.096271
17.622,17.817,-0.30245,-0.017246,37.404,1.377
17.622,17.816,0,-0.02033,37.385,0.36777
17.622,17.814,0,-0.02291,37.366,0.35692
17.622,17.811,0,-0.024039,37.347,0.34908
17.622,17.809,0,-0.024716,37.328,0.34211
17.511,17.807,-0.20074,-0.026187,37.289,1.2298
17.511,17.804,0,-0.028313,37.26,0.57267
17.511,17.801,0,-0.029424,37.23,0.56316
17.451,17.798,-0.18714,-0.030907,37.185,1.3071
17.451,17.795,0,-0.032332,37.151,0.68218
17.451,17.792,0,-0.034706,37.117,0.66801
17.451,17.788,0,-0.037244,37.083,0.65292
17.451,17.785,0,-0.039315,37.049,0.63857
17.302,17.781,-0.4855,-0.042978,36.988,3.1112
17.262,17.776,-0.53341,-0.046246,36.933,3.5144
17.262,17.772,0,-0.050365,36.882,1.0338
17.262,17.767,0,-0.054459,36.831,1.0088
17.104,17.761,-0.45965,-0.059522,36.756,3.5244
17.104,17.755,0,-0.062924,36.691,1.358
17.104,17.749,0,-0.066526,36.626,1.3297
17.104,17.742,0,-0.068412,36.562,1.3062
17.104,17.736,0,-0.066885,36.499,1.2933
17.028,17.729,0.48863,-0.064368,36.418,0.37399
17.074,17.722,0.65045,-0.059656,36.36,0.17324
17.074,17.716,0,-0.052573,36.295,1.3692
17.074,17.711,0,-0.045468,36.231,1.3789
17.074,17.707,0,-0.038149,36.168,1.3913
17.074,17.703,0,-0.030562,36.104,1.4067
17.459,17.7,0.78379,-0.02235,36.134,0
17.533,17.698,0.81097,-0.015284,36.113,0
17.621,17.696,0.85599,-0.006983,36.103,0
17.704,17.695,0.8156,0.0035898,36.108,0
17.776,17.696,0.69729,0.034537,36.112,0
17.776,17.699,0,0.062928,36.12,0
17.906,17.705,0.27903,0.086616,36.143,0
17.936,17.714,-0.023955,0.095649,36.172,0
17.936,17.724,0,0.088788,36.194,0
17.903,17.733,-0.3678,0.073569,36.207,0.92197
17.903,17.74,0,0.056211,36.224,0
17.828,17.745,-0.44478,0.035729,36.243,1.3666
17.828,17.749,0,0.013226,36.251,0
17.828,17.75,0,-0.00085565,36.259,0
17.828,17.75,0,-0.0039372,36.267,0
17.828,17.75,0,-0.006383,36.275,0
17.828,17.749,0,-0.0060303,36.283,0
17.694,17.749,0.19769,-0.0051055,36.249,0
17.708,17.748,0.29408,-0.00374,36.252,0
17.708,17.748,0,-0.00097245,36.248,0.080867
17.768,17.748,0.1384,0.0085774,36.262,0
17.786,17.749,-0.0056971,0.016068,36.273,0
17.785,17.75,-0.18197,0.015129,36.275,0.42631
17.761,17.752,-0.3708,0.0038075,36.279,1.137
17.726,17.752,-0.47347,-0.0024462,36.272,1.6824
17.674,17.752,-0.52068,-0.007179,36.264,2.0699
17.616,17.751,-0.5313,-0.012491,36.255,2.2991
17.616,17.75,0,-0.01722,36.242,0.24358
17.506,17.748,-0.51301,-0.022458,36.224,2.5253
17.45,17.746,-0.47722,-0.027445,36.194,2.4911
17.395,17.743,-0.45969,-0.032355,36.162,2.5542
17.395,17.74,0,-0.036374,36.127,0.67326
17.395,17.736,0,-0.041291,36.093,0.65131
17.395,17.732,0,-0.045585,36.059,0.63009
17.395,17.728,0,-0.050029,36.026,0.60767
17.395,17.723,0,-0.05499,35.993,0.58308
17.395,17.717,0,-0.059206,35.96,0.55954
17.395,17.711,0,-0.062537,35.928,0.53752
17.395,17.705,0,-0.065802,35.897,0.5151
17.395,17.698,0,-0.067444,35.866,0.49618
16.978,17.692,0.052567,-0.067733,35.622,1.3314
16.978,17.685,0,-0.066779,35.551,1.4914
16.978,17.678,0,-0.063583,35.481,1.4844
16.978,17.672,0,-0.059213,35.411,1.4822
17.094,17.666,0.54122,-0.054857,35.358,0.14196
17.148,17.66,0.57827,-0.049228,35.311,0.046513
17.148,17.655,0,-0.042952,35.26,1.0498
17.264,17.651,0.60512,-0.037414,35.211,0
17.322,17.647,0.5949,-0.031444,35.178,0
17.322,17.644,0,-0.02502,35.146,0.65035
17.445,17.642,0.3629,-0.019031,35.125,0
17.476,17.64,0.1729,-0.015858,35.109,0
17.493,17.638,-0.084199,-0.014105,35.102,0.49561
17.493,17.637,0,-0.014579,35.088,0.27233
17.493,17.635,0,-0.01632,35.073,0.26502
17.438,17.634,-0.50705,-0.019041,35.062,2.3475
17.438,17.632,0,-0.023978,35.042,0.35994
17.438,17.629,0,-0.028562,35.023,0.34347
17.274,17.627,-0.52091,-0.034353,34.977,2.903
17.217,17.623,-0.4186,-0.039682,34.943,2.4997
17.217,17.619,0,-0.042835,34.902,0.7926
17.16,17.615,-0.019385,-0.044592,34.86,0.97452
17.16,17.61,0,-0.043905,34.814,0.90693
17.16,17.606,0,-0.041304,34.769,0.90378
17.16,17.602,0,-0.036106,34.725,0.90894
17.16,17.598,0,-0.030925,34.681,0.91538
17.16,17.595,0,-0.025608,34.637,0.92356
17.16,17.593,0,-0.021467,34.594,0.9296
17.405,17.591,-0.024567,-0.01838,34.639,0.41757
17.405,17.589,0,-0.019013,34.62,0.34991
17.405,17.587,0,-0.020222,34.602,0.34274
17.345,17.585,-0.39022,-0.023778,34.576,1.8782
17.345,17.582,0,-0.028009,34.552,0.44721
17.254,17.58,-0.3218,-0.032358,34.517,1.7958
17.254,17.576,0,-0.035621,34.484,0.6225
17.254,17.573,0,-0.037389,34.452,0.60944
17.203,17.569,0.13695,-0.036574,34.41,0.38672
17.203,17.565,0,-0.034342,34.374,0.72133
17.257,17.562,0.52515,-0.030549,34.353,0
17.257,17.559,0,-0.024548,34.323,0.60533
17.368,17.556,0.67914,-0.018846,34.316,0
17.368,17.555,0,-0.010965,34.297,0.37458
17.368,17.553,0,-0.0042945,34.279,0.38884
17.368,17.553,0,0.0093569,34.26,0.42274
17.368,17.554,0,0.03659,34.242,0.49713
17.71,17.558,0.53366,0.063731,34.305,0
17.71,17.564,0,0.079816,34.32,0
17.71,17.572,0,0.091949,34.334,0
17.71,17.581,0,0.093444,34.348,0
17.71,17.591,0,0.082813,34.36,0
17.71,17.599,0,0.065321,34.372,0
17.71,17.605,0,0.047091,34.383,0
17.664,17.61,-0.58105,0.022319,34.411,2.0874
17.607,17.612,-0.58712,-0.00056601,34.415,2.2125
17.555,17.612,-0.59749,-0.00572,34.41,2.4285
17.503,17.612,-0.61924,-0.010866,34.399,2.7163
17.503,17.611,0,-0.016193,34.388,0.18953
17.503,17.609,0,-0.021499,34.377,0.17405
17.503,17.607,0,-0.027129,34.367,0.15692
17.503,17.604,0,-0.033801,34.357,0.13656
17.503,17.601,0,-0.040201,34.347,0.11572
17.503,17.597,0,-0.046544,34.337,0.094018
17.503,17.592,0,-0.051145,34.328,0.074959
17.503,17.587,0,-0.054926,34.319,0.056875
17.503,17.581,0,-0.059607,34.311,0.036439
17.503,17.575,0,-0.064482,34.304,0.014976
17.503,17.569,0,-0.069223,34.297,0
17.503,17.562,0,-0.07404,34.29,0
16.791,17.555,-0.36175,-0.078362,33.815,3.2417
16.791,17.547,0,-0.081339,33.739,1.5743
16.734,17.539,-0.14709,-0.083066,33.668,2.2875
16.716,17.53,-0.049647,-0.08435,33.585,1.9082
16.716,17.522,0,-0.08333,33.504,1.7028
16.716,17.514,0,-0.082804,33.424,1.6818
16.716,17.505,0,-0.081061,33.345,1.6653
16.716,17.497,0,-0.078257,33.266,1.653
16.716,17.489,0,-0.074842,33.189,1.6435
16.716,17.482,0,-0.068952,33.112,1.6437
16.716,17.475,0,-0.063181,33.036,1.6451
16.942,17.469,0.48033,-0.055953,33.017,0.12828
16.942,17.463,0,-0.049312,32.964,1.0665
16.942,17.458,0,-0.044374,32.912,1.0693
17.059,17.454,0.027566,-0.042171,32.883,0.69962
17.068,17.45,-0.19368,-0.040856,32.837,1.3936
17.043,17.445,-0.36345,-0.043194,32.789,2.1902
16.997,17.441,-0.46324,-0.047685,32.741,2.8316
16.997,17.436,0,-0.052274,32.697,0.85363
16.997,17.431,0,-0.056766,32.653,0.82813
16.997,17.425,0,-0.060795,32.61,0.80308
16.997,17.419,0,-0.064669,32.568,0.77772
16.997,17.413,0,-0.070233,32.526,0.74702
16.725,17.406,-0.51796,-0.074386,32.387,3.8939
16.664,17.398,-0.53348,-0.080489,32.317,4.1675
16.602,17.39,-0.56076,-0.086591,32.242,4.5255
16.541,17.382,-0.55195,-0.092663,32.168,4.6389
16.541,17.372,0,-0.098705,32.085,1.7191
16.436,17.363,-0.46111,-0.10298,31.984,4.3084
16.383,17.352,-0.42372,-0.1083,31.882,4.2055
16.344,17.341,-0.35992,-0.11182,31.793,3.8986
16.344,17.33,0,-0.11441,31.694,2.0951
16.283,17.319,-0.40222,-0.11723,31.594,4.2728
16.283,17.307,0,-0.12196,31.491,2.1767
16.283,17.295,0,-0.12584,31.389,2.1271
16.144,17.282,-0.54919,-0.13075,31.254,5.602
16.144,17.269,0,-0.13529,31.141,2.4173
16.049,17.256,-0.49223,-0.1403,31.006,5.4138
15.991,17.242,-0.37854,-0.14622,30.873,4.7766
15.96,17.227,-0.26313,-0.1491,30.741,4.1155
15.96,17.212,0,-0.15112,30.615,2.734
15.96,17.197,0,-0.15296,30.491,2.6808
15.96,17.182,0,-0.15377,30.368,2.6314
15.96,17.166,0,-0.15159,30.246,2.5942
15.96,17.151,0,-0.14852,30.126,2.5613
15.964,17.136,0.45795,-0.14269,30.013,1.1427
15.964,17.122,0,-0.13554,29.897,2.5144
15.964,17.109,0,-0.12756,29.782,2.506
15.964,17.096,0,-0.11776,29.668,2.5072
16.214,17.084,0.65311,-0.10797,29.598,0.4267
16.275,17.073,0.6825,-0.099508,29.52,0.32403
16.346,17.063,0.6614,-0.089662,29.448,0.23992
16.346,17.054,0,-0.079743,29.377,1.4525
16.346,17.046,0,-0.071338,29.306,1.4594
16.346,17.039,0,-0.065256,29.237,1.4608
16.539,17.033,-0.043098,-0.06249,29.212,1.0923
16.534,17.026,-0.27547,-0.062447,29.158,1.9789
16.505,17.02,-0.45477,-0.065495,29.105,2.9463
16.505,17.014,0,-0.071591,29.054,0.96794
16.505,17.006,0,-0.07723,29.003,0.93392
16.342,16.999,-0.60873,-0.08421,28.924,4.3421
16.286,16.99,-0.57292,-0.090618,28.852,4.2482
16.238,16.981,-0.49575,-0.096091,28.771,3.8663
16.238,16.972,0,-0.10275,28.697,1.4441
16.238,16.961,0,-0.10648,28.625,1.405
16.238,16.951,0,-0.1094,28.553,1.3679
16.086,16.94,-0.38751,-0.11213,28.457,3.5359
16.046,16.929,-0.4453,-0.11632,28.37,3.9634
16.008,16.917,-0.50703,-0.12025,28.288,4.4377
16.008,16.905,0,-0.12684,28.198,1.7989
16.008,16.892,0,-0.1331,28.109,1.7424
16.008,16.879,0,-0.13855,28.021,1.6876
16.008,16.865,0,-0.14554,27.935,1.6268
15.758,16.851,-0.23747,-0.14842,27.772,3.3614
15.758,16.836,0,-0.15169,27.664,2.2166
15.711,16.821,0.11441,-0.15225,27.568,1.8856
15.711,16.805,0,-0.14937,27.458,2.2725
15.711,16.79,0,-0.14309,27.349,2.2533
15.711,16.776,0,-0.13539,27.242,2.2414
15.711,16.763,0,-0.12971,27.136,2.224
15.891,16.75,0.48878,-0.12086,27.069,0.55867
15.945,16.737,0.53898,-0.11207,26.988,0.4101
15.945,16.726,0,-0.10255,26.91,1.5708
15.945,16.716,0,-0.093705,26.832,1.5733
15.945,16.707,0,-0.084882,26.755,1.5782
15.945,16.698,0,-0.077354,26.68,1.5811
15.945,16.69,0,-0.072075,26.605,1.5784
15.945,16.683,0,-0.070602,26.531,1.564
16.172,16.676,-0.2983,-0.072851,26.575,2.0743
16.172,16.669,0,-0.077186,26.525,0.92294
16.172,16.661,0,-0.081129,26.476,0.89287
16.172,16.653,0,-0.085721,26.427,0.8603
16.172,16.644,0,-0.089644,26.379,0.82883
15.989,16.635,-0.38761,-0.094735,26.311,2.8898
15.945,16.626,-0.39416,-0.10007,26.242,3.0167
15.945,16.616,0,-0.10372,26.175,1.2767
15.877,16.606,-0.45159,-0.10806,26.096,3.4761
15.83,16.595,-0.51909,-0.11368,26.029,3.9934
15.83,16.583,0,-0.12036,25.953,1.4366
15.83,16.571,0,-0.12617,25.878,1.3865
15.83,16.559,0,-0.13447,25.805,1.3278
15.83,16.545,0,-0.14104,25.733,1.2731
15.83,16.531,0,-0.15011,25.662,1.2101
15.467,16.516,-0.85267,-0.16064,25.494,7.5175
15.467,16.5,0,-0.17328,25.39,2.0108
15.467,16.483,0,-0.18701,25.287,1.914
15.467,16.464,0,-0.20183,25.186,1.8119
15.467,16.444,0,-0.21818,25.088,1.7032
15.467,16.422,0,-0.23838,24.991,1.5811
15.467,16.398,0,-0.2598,24.897,1.4543
14.621,16.372,-1.7195,-0.28285,24.544,22.437
14.621,16.344,0,-0.30765,24.371,3.529
14.621,16.313,0,-0.33435,24.2,3.3175
14.094,16.28,-1.9049,-0.36536,23.947,28.277
13.895,16.243,-1.9759,-0.39791,23.716,30.643
13.697,16.204,-2.0843,-0.43121,23.464,33.984
13.697,16.16,0,-0.46765,23.215,5.2429
13.697,16.114,0,-0.50667,22.971,4.8867
13.048,16.063,-2.2421,-0.5447,22.649,40.458
12.829,16.008,-2.2534,-0.58501,22.347,41.481
12.829,15.95,0,-0.62619,22.032,6.7822
12.829,15.887,0,-0.66836,21.723,6.3193
12.189,15.821,-2.0056,-0.71182,21.34,36.726
12.189,15.749,0,-0.75502,20.98,7.7207
11.795,15.674,-2.019,-0.7988,20.585,37.751
11.598,15.594,-2.1899,-0.84499,20.192,42.452
11.598,15.509,0,-0.8994,19.797,8.2421
11.136,15.42,-2.7486,-0.95937,19.358,60.99
11.136,15.324,0,-1.0326,18.934,8.5341
11.136,15.22,0,-1.1171,18.521,7.6554
11.136,15.109,0,-1.2112,18.118,6.7529
11.136,14.988,0,-1.3126,17.727,5.8599
11.136,14.856,0,-1.4283,17.348,4.9742
9.1592,14.713,-3.7973,-1.5533,16.408,116.86
8.7731,14.558,-3.8939,-1.6951,15.84,123.89
8.7731,14.389,0,-1.852,15.27,9.2898
8.7731,14.203,0,-2.0231,14.717,7.7523
8.7731,14.001,0,-2.2127,14.184,6.3357
8.7731,13.78,0,-2.4179,13.673,5.1847
8.7731,13.538,0,-2.6437,13.184,4.4884
6.3807,13.274,-4.0095,-2.8909,11.998,22.888
5.9856,12.985,-4.0675,-6.2346,11.302,9.7998
5.5693,12.361,-4.1916,-6.3661,10.606,9.3539
5.155,11.724,-4.3512,-6.5229,9.9366,8.9042
5.155,11.072,0,-6.6804,9.3123,32.056
5.155,10.404,0,-6.834,8.754,30.364
5.155,9.7207,0,-7.0307,8.2632,28.549
5.155,9.0177,0,-7.1726,7.8418,26.81
5.155,8.3004,0,-7.2588,7.4914,25.158
5.155,7.5745,0,-7.31,7.2132,23.563
5.155,6.8435,0,-7.377,7.0078,21.923
1.2715,6.1058,-5.2385,-7.403,5.3986,5.3622
1.2715,5.3655,0,-8.8,4.9522,0
1.2715,4.4855,0,-8.8,4.5868,0
1.2715,3.6055,0,-8.8,4.3094,0
1.2715,2.7255,0,-8.8,4.12,0
1.2715,1.8455,0,-8.8,4.0185,0
1.2715,0.96552,0,-8.8,4.0051,0
1.2715,0.085518,0,-8.8,4.0797,0
1.2715,0,0,-8.8,4.2423,0
1.2715,0,0,-8.8,4.4135,0
1.2715,0,0,-8.8,4.5846,0
1.2715,0,0,-10.224,4.7558,0
1.2715,0,0,-14.051,4.934,0
1.2715,0,0,-23.243,5.1314,0
-5.5116,0,-3.3303,-64.124,0.24984,0
-5.84,0,-3.1225,-1746.2,0.0097833,0
-5.84,0,0,-2.8081,8.1566,7.1861
-6.4216,0,-2.4044,-2.4044,7.5195,14.279
-6.4216,0,0,-2.0339,6.8893,10.005
-6.8645,0,-1.6961,-1.6961,6.2173,15.187
-7.0352,0,-1.5011,-1.5011,5.5388,15.537
-7.0352,0,0,-8.8,4.8427,0
-7.0352,0,0,-8.8,4.1832,0
-7.4514,0,-1.1686,-9.2089,3.4528,0
-7.5595,0,-0.92087,-11.333,2.7443,0
-7.6453,0,-0.70371,-15.037,2.039,0
-7.7206,0,-0.43758,-22.689,1.3394,0
-7.7206,0,0,-45.279,0.68078,0
-7.7874,0,-0.23263,-275.32,0.11023,0
-7.7874,0,0,-42.896,0.70807,0
-7.8374,0,-0.25652,-196.3,0.15667,0
-7.8585,0,-0.30489,-87.86,0.35267,0
-7.8585,0,0,-2328.2,0.0061196,0
-7.8585,0,0,-0.27426,10.861,16.648
-7.9407,0,-0.28398,-0.28398,10.065,17.393
-7.9407,0,0,-0.28871,9.2719,16.786
-7.987,0,-0.28347,-0.28347,8.4799,17.488
-7.987,0,0,-0.29052,7.6827,16.878
-8.0401,0,-0.29355,-0.29355,6.8765,17.597
-8.0671,0,-0.28447,-0.28447,6.0742,17.652
-8.1004,0,-0.2842,-0.2842,5.2588,17.72
-8.1295,0,-0.28538,-8.8,4.4413,0
-8.1295,0,0,-9.3609,3.6724,0
-8.1906,0,-0.28135,-11.862,2.8965,0
-8.1906,0,0,-16.115,2.1368,0
-8.1906,0,0,-24.772,1.3983,0
-8.1906,0,0,-49.982,0.70306,0
-8.1906,0,0,-309.02,0.1339,0
-8.3516,0,-0.2954,-42.635,0.82369,0
-8.3516,0,0,-183.31,0.2017,0
-8.3516,0,0,-130.34,0.28312,0
-8.4318,0,-0.28485,-397.86,0.089412,0
-8.4318,0,0,-29.19,1.2355,0
-8.4318,0,0,-68.519,0.53829,0
-8.4318,0,0,-1904.9,0.037703,0
-8.4318,0,0,-0.27692,8.7191,17.818
-8.4318,0,0,-0.27802,7.8773,17.816
-8.4318,0,0,-0.28125,7.0355,17.809
-8.4318,0,0,-0.2859,6.1938,17.799
-8.6258,0,-0.29023,-0.29023,5.2551,18.798
-8.6258,0,0,-8.8,4.394,0.30656
-8.6809,0,-0.28253,-10.817,3.5769,0
-8.7086,0,-0.27674,-14.04,2.7552,0
-8.7086,0,0,-19.813,1.9545,0
-8.7086,0,0,-32.7,1.1827,0
-8.7086,0,0,-82.569,0.47537,0
-8.7086,0,0,-3496.7,0.017356,0
-8.8487,0,-0.28119,-0.28119,16.621,19.255
-8.8487,0,0,-0.28233,15.737,18.661
-8.9106,0,-0.28516,-0.28516,14.844,19.381
-8.9106,0,0,-0.28435,13.955,18.784
-8.9749,0,-0.28268,-0.28268,13.062,19.513
-8.9749,0,0,-0.28403,12.166,18.916
-8.9749,0,0,-0.28097,11.27,18.923
-8.9749,0,0,-0.27946,10.374,18.926
-8.9749,0,0,-0.27706,9.4782,18.931
-9.1199,0,-0.27844,-0.27844,8.5365,19.81
-9.1408,0,-0.28052,-0.28052,7.6286,19.853
-9.1686,0,-0.28415,-0.28415,6.7158,19.91
-9.1963,0,-0.28255,-0.28255,5.8027,19.967
-9.1963,0,0,-9.0267,4.8845,0.99965
-9.2557,0,-0.28861,-10.989,4.0031,0
-9.2911,0,-0.28378,-14.043,3.1368,0
-9.2911,0,0,-19.435,2.2779,0
-9.3616,0,-0.28422,-30.857,1.4333,0
-9.3616,0,0,-69.147,0.6514,0
-9.3616,0,0,-1231,0.060978,0
-9.3616,0,0,-0.27365,5.28,19.731
-9.484,0,-0.27421,-10.73,4.3014,0
-9.5203,0,-0.27825,-13.598,3.4022,0
-9.5455,0,-0.28465,-18.455,2.5072,0
-9.5455,0,0,-28.236,1.645,0
-9.5903,0,-0.28414,-55.651,0.83059,0
-9.5903,0,0,-309.02,0.14982,0
-9.5903,0,0,-63.529,0.73587,0
-9.5903,0,0,-519.56,0.094485,0
-9.5903,0,0,-27.661,1.7333,0
-9.5903,0,0,-53.573,0.91253,0
-9.5903,0,0,-273.74,0.22136,0
-9.5903,0,0,-83.55,0.63103,0
-9.8133,0,-0.27848,-10781,0.0044664,0
-9.8368,0,-0.28277,7.8,52.935,38.264
-9.8368,0.78,0,7.8,51.912,39.269
-9.9097,1.56,-0.27766,7.8,50.801,41.601
-9.9452,2.34,-0.28144,7.8,49.611,43.28
-9.9724,3.12,-0.28099,7.8,48.346,44.934
-9.9724,3.9,0,7.8,46.997,45.943
-9.9724,4.68,0,7.8,45.571,47.542
-9.9724,5.46,0,7.8,44.067,49.141
-9.9724,6.24,0,6.7,42.485,48.428
-9.9724,6.91,0,6.7,40.83,49.802
-10.113,7.58,-0.28693,6.7,39.096,52.066
-10.134,8.25,-0.27989,6.7,37.289,53.468
-10.134,8.92,0,6.7,35.417,54.253
-10.134,9.59,0,6.7,33.478,55.627
-10.134,10.26,0,-1.3254,31.472,40.137
-10.134,10.127,0,-1.4536,29.439,39.596
-10.134,9.9821,0,-1.6024,27.421,38.985
-10.134,9.8219,0,-1.7742,25.417,38.296
-10.321,9.6444,-0.28009,-1.9787,23.336,38.474
-10.358,9.4466,-0.28105,-2.2248,21.338,37.629
-10.358,9.2241,0,-2.5167,19.369,35.969
-10.402,8.9724,-0.29308,-2.8757,17.425,35.405
