21.95,21.95,0.094782,0,35.5,0
21.95,21.95,0,0.0047812,35.5,0.010104
21.95,21.95,0,0.017,35.5,0.037446
21.95,21.952,0,0.025657,35.5,0.060165
22.068,21.954,0.36842,0.033561,35.522,0
22.068,21.958,0,0.044729,35.533,0
22.068,21.962,0,0.055197,35.544,0
22.068,21.968,0,0.06348,35.554,0
22.223,21.974,0.42304,0.073683,35.581,0
22.265,21.981,0.43094,0.084233,35.613,0
22.265,21.99,0,0.09736,35.641,0
22.367,22,0.46466,0.10886,35.675,0
22.367,22.011,0,0.11839,35.711,0
22.446,22.022,0.43256,0.12558,35.748,0
22.446,22.035,0,0.13761,35.79,0
22.543,22.049,0.38666,0.1468,35.831,0
22.543,22.063,0,0.15128,35.879,0
22.543,22.078,0,0.15933,35.927,0
22.543,22.094,0,0.16813,35.972,0
22.543,22.111,0,0.17738,36.017,0
22.749,22.129,0.43953,0.18405,36.11,0
22.749,22.147,0,0.19283,36.171,0
22.749,22.167,0,0.20142,36.23,0
22.749,22.187,0,0.21164,36.288,0
22.947,22.208,0.49998,0.21959,36.388,0
22.947,22.23,0,0.23055,36.46,0
23.054,22.253,0.45755,0.23815,36.548,0
23.091,22.277,0.434,0.24225,36.632,0
23.141,22.301,0.43684,0.24976,36.715,0
23.18,22.326,0.38674,0.25405,36.803,0
23.18,22.351,0,0.25959,36.887,0
23.18,22.377,0,0.26207,36.968,0
23.18,22.404,0,0.26859,37.047,0
23.18,22.43,0,0.27164,37.124,0
23.384,22.458,0.40545,0.2761,37.258,0
23.427,22.485,0.35021,0.28068,37.357,0
23.427,22.513,0,0.28202,37.45,0
23.498,22.541,0.28852,0.28519,37.546,0
23.531,22.57,0.25841,0.28659,37.642,0
23.531,22.599,0,0.28787,37.737,0
23.531,22.627,0,0.28429,37.829,0
23.531,22.656,0,0.28091,37.918,0
23.531,22.684,0,0.27488,38.004,0
23.61,22.711,0.047884,0.26805,38.117,0
23.61,22.738,0,0.26306,38.206,0
23.61,22.765,0,0.25353,38.292,0
23.602,22.79,-0.10663,0.24242,38.367,0
23.595,22.814,-0.143,0.23296,38.445,0
23.595,22.837,0,0.22176,38.522,0
23.565,22.86,-0.18414,0.21047,38.602,0
23.55,22.881,-0.18909,0.19976,38.66,0
23.54,22.901,-0.20904,0.19075,38.716,0
23.54,22.92,0,0.18139,38.779,0
23.504,22.938,-0.22348,0.16877,38.83,0
23.475,22.955,-0.19657,0.1552,38.877,0
23.475,22.97,0,0.14246,38.928,0
23.429,22.985,-0.12613,0.1326,38.973,0
23.409,22.998,-0.0464,0.12254,39.015,0
23.395,23.01,0.024478,0.11472,39.063,0
23.405,23.021,0.063234,0.11438,39.1,0
23.403,23.033,0.13275,0.11036,39.133,0
23.403,23.044,0,0.10829,39.169,0
23.403,23.055,0,0.1073,39.205,0
23.403,23.066,0,0.10999,39.239,0
23.403,23.077,0,0.11475,39.272,0
23.499,23.088,0.43156,0.12271,39.307,0
23.499,23.1,0,0.13322,39.348,0
23.499,23.114,0,0.14586,39.387,0
23.668,23.128,0.67068,0.16097,39.443,0
23.738,23.144,0.71807,0.17721,39.499,0
23.738,23.162,0,0.19582,39.558,0
23.738,23.182,0,0.20971,39.614,0
23.738,23.203,0,0.22743,39.669,0
23.738,23.225,0,0.24376,39.721,0
23.738,23.25,0,0.26228,39.771,0
23.738,23.276,0,0.27804,39.819,0
23.738,23.304,0,0.28999,39.864,0
23.738,23.333,0,0.3017,39.906,0
23.738,23.363,0,0.31016,39.945,0
24.443,23.394,0.19765,0.31359,40.363,0
24.443,23.425,0,0.31021,40.467,0
24.463,23.456,0.053177,0.30092,40.57,0
24.463,23.486,0,0.29605,40.669,0
24.486,23.516,0.081742,0.28978,40.769,0
24.486,23.545,0,0.28359,40.865,0
24.486,23.573,0,0.27794,40.957,0
24.536,23.601,0.27956,0.27939,41.06,0
24.572,23.629,0.3336,0.28204,41.151,0
24.572,23.657,0,0.28318,41.244,0
24.572,23.686,0,0.2836,41.334,0
24.572,23.714,0,0.29158,41.421,0
24.73,23.743,0.4599,0.29505,41.522,0
24.73,23.773,0,0.30064,41.62,0
24.73,23.803,0,0.30753,41.714,0
24.867,23.833,0.31879,0.30894,41.835,0
24.867,23.864,0,0.30914,41.937,0
24.929,23.895,0.26584,0.30911,42.028,0
24.947,23.926,0.30227,0.30535,42.132,0
24.977,23.957,0.326,0.30505,42.238,0
24.977,23.987,0,0.30326,42.339,0
24.977,24.017,0,0.30585,42.436,0
24.977,24.048,0,0.30231,42.531,0
25.08,24.078,0.058029,0.29947,42.646,0
25.08,24.108,0,0.29458,42.744,0
25.092,24.138,-0.14392,0.2852,42.834,0
25.092,24.166,0,0.27192,42.928,0
25.092,24.193,0,0.26105,43.019,0
25.041,24.22,-0.42263,0.24567,43.093,0
24.989,24.244,-0.53571,0.22277,43.171,0.51119
24.989,24.266,0,0.20105,43.244,0
24.989,24.286,0,0.17305,43.316,0
24.989,24.304,0,0.14505,43.385,0
24.989,24.318,0,0.11933,43.453,0
24.639,24.33,-0.80829,0.092286,43.432,2.918
24.552,24.339,-0.82037,0.063635,43.464,3.2125
24.472,24.346,-0.82852,0.037838,43.484,3.462
24.389,24.35,-0.90198,0.011839,43.495,4.2131
24.389,24.351,0,-0.0044079,43.499,0
24.216,24.35,-0.9371,-0.012939,43.48,5.0993
24.132,24.349,-0.87599,-0.020944,43.471,4.9062
24.042,24.347,-0.77527,-0.029502,43.436,4.4411
23.965,24.344,-0.64629,-0.036644,43.392,3.7765
23.965,24.34,0,-0.042177,43.355,0.72823
23.965,24.336,0,-0.046254,43.317,0.70694
23.965,24.331,0,-0.049718,43.28,0.68654
23.965,24.327,0,-0.054668,43.244,0.66148
23.965,24.321,0,-0.058267,43.208,0.63911
23.965,24.315,0,-0.061522,43.173,0.617
23.635,24.309,-0.47919,-0.066086,43.027,3.6708
23.582,24.302,-0.47214,-0.070739,42.966,3.7745
23.582,24.295,0,-0.075477,42.895,1.4801
23.489,24.288,-0.47585,-0.078925,42.806,4.0521
23.489,24.28,0,-0.082136,42.727,1.668
23.489,24.272,0,-0.085589,42.648,1.6337
23.361,24.263,-0.43946,-0.089934,42.544,4.1533
23.307,24.254,-0.42949,-0.094658,42.454,4.2333
23.307,24.245,0,-0.098152,42.36,2.0175
23.222,24.235,-0.40508,-0.10193,42.259,4.2892
23.222,24.225,0,-0.10451,42.159,2.1803
23.222,24.214,0,-0.10864,42.059,2.1345
23.222,24.203,0,-0.11289,41.96,2.0874
23.222,24.192,0,-0.11727,41.863,2.0389
23.222,24.18,0,-0.12045,41.766,1.994
23.222,24.168,0,-0.12398,41.671,1.9473
22.919,24.156,-0.44334,-0.12799,41.461,5.2676
22.871,24.143,-0.44166,-0.1322,41.341,5.3726
22.871,24.13,0,-0.13608,41.214,2.8171
22.778,24.116,-0.45875,-0.14029,41.088,5.7126
22.778,24.102,0,-0.14455,40.955,2.9822
22.681,24.088,-0.44947,-0.14897,40.812,5.8753
22.634,24.073,-0.45532,-0.15325,40.662,6.0262
22.634,24.058,0,-0.15741,40.519,3.2412
22.634,24.042,0,-0.16201,40.377,3.1712
22.634,24.026,0,-0.16524,40.237,3.1063
22.452,24.009,-0.4194,-0.16941,40.067,6.1509
22.452,23.992,0,-0.17261,39.912,3.5467
22.452,23.975,0,-0.17518,39.759,3.4792
22.354,23.957,-0.31431,-0.17737,39.606,5.5526
22.314,23.94,-0.28289,-0.18083,39.454,5.411
22.314,23.922,0,-0.18312,39.292,3.7181
22.314,23.903,0,-0.18507,39.133,3.649
22.314,23.885,0,-0.18801,38.975,3.5753
22.203,23.866,-0.18985,-0.18937,38.819,4.9188
22.203,23.847,0,-0.1898,38.654,3.8073
22.203,23.828,0,-0.19062,38.491,3.7409
22.203,23.809,0,-0.19091,38.329,3.6771
22.151,23.79,-0.09181,-0.19131,38.158,4.2583
22.144,23.771,-0.051836,-0.19108,38.001,4.007
22.132,23.752,-0.00067222,-0.19149,37.83,3.723
22.137,23.733,0.053114,-0.18982,37.67,3.3987
22.137,23.714,0,-0.18705,37.511,3.5999
22.153,23.695,0.10537,-0.18547,37.366,3.0193
22.155,23.676,0.15279,-0.18406,37.217,2.7713
22.155,23.658,0,-0.18055,37.066,3.3886
22.155,23.64,0,-0.17713,36.916,3.3461
22.207,23.622,0.31216,-0.17419,36.788,1.9703
22.207,23.605,0,-0.16874,36.648,3.11
22.207,23.588,0,-0.16324,36.509,3.0809
22.207,23.571,0,-0.15575,36.371,3.0622
22.372,23.556,0.50731,-0.14872,36.262,1.0615
22.421,23.541,0.5074,-0.14137,36.154,0.95624
22.463,23.527,0.46446,-0.13478,36.04,0.9349
22.519,23.513,0.45461,-0.12658,35.942,0.83842
22.56,23.501,0.42435,-0.12018,35.844,0.8006
22.56,23.489,0,-0.11472,35.75,1.9319
22.56,23.477,0,-0.10814,35.658,1.9238
22.56,23.466,0,-0.10364,35.567,1.9099
22.56,23.456,0,-0.10012,35.476,1.8937
22.56,23.446,0,-0.096801,35.387,1.8777
22.56,23.436,0,-0.092752,35.299,1.8654
22.56,23.427,0,-0.090523,35.212,1.8475
22.56,23.418,0,-0.08848,35.126,1.8297
22.774,23.409,0.30099,-0.083439,35.136,0.50624
22.774,23.401,0,-0.07897,35.073,1.2415
22.774,23.393,0,-0.074282,35.01,1.2361
22.774,23.386,0,-0.067506,34.949,1.2385
22.774,23.379,0,-0.061941,34.888,1.2388
22.774,23.373,0,-0.056827,34.828,1.2391
22.774,23.367,0,-0.05191,34.769,1.2402
23.005,23.362,0.38762,-0.047516,34.796,0
23.005,23.357,0,-0.042184,34.761,0.67347
23.005,23.353,0,-0.036989,34.726,0.67773
23.005,23.349,0,-0.031835,34.691,0.68314
23.139,23.346,0.28688,-0.027675,34.682,0
23.139,23.343,0,-0.022237,34.662,0.38603
23.193,23.341,0.10228,-0.019881,34.651,0.053354
23.199,23.339,-0.11282,-0.018797,34.628,0.55157
23.199,23.337,0,-0.020094,34.614,0.24661
23.199,23.335,0,-0.022964,34.601,0.23559
23.199,23.333,0,-0.030702,34.587,0.2129
23.199,23.33,0,-0.041437,34.574,0.18232
23.199,23.326,0,-0.057532,34.561,0.13879
22.724,23.32,-2.1992,-0.080576,34.437,27.199
22.505,23.312,-2.6356,-0.10952,34.366,41.47
22.237,23.301,-3.0215,-0.14489,34.279,58.548
22.237,23.286,0,-0.18634,34.173,2.0083
22.237,23.268,0,-0.22943,34.069,1.8078
21.272,23.245,-3.2796,-0.27372,33.844,76.39
20.939,23.217,-3.2828,-0.3191,33.627,78.14
20.939,23.185,0,-0.36495,33.401,5.0022
20.939,23.149,0,-0.41053,33.178,4.6498
19.952,23.108,-3.271,-0.45812,32.809,82.032
19.952,23.062,0,-0.50735,32.496,7.4269
19.279,23.011,-3.3185,-0.55812,32.134,87.332
19.279,22.955,0,-0.61055,31.763,9.0727
19.279,22.894,0,-0.66387,31.399,8.4881
19.279,22.828,0,-0.72112,31.04,7.8778
19.279,22.756,0,-0.77798,30.689,7.2708
19.279,22.678,0,-0.83582,30.345,6.6627
19.279,22.595,0,-0.8914,30.01,6.0746
19.279,22.505,0,-0.94261,29.682,5.519
16.865,22.411,-1.966,-0.99215,28.332,46.342
16.661,22.312,-1.7528,-1.04,27.766,41.37
16.491,22.208,-1.5843,-1.0833,27.199,37.615
16.338,22.1,-1.4683,-1.1245,26.629,35.059
16.338,21.987,0,-1.1662,26.059,13.892
16.338,21.871,0,-1.2074,25.5,13.062
15.935,21.75,-1.2776,-1.2476,24.884,30.403
15.813,21.625,-1.2741,-1.2878,24.309,29.857
15.694,21.496,-1.3204,-1.3303,23.719,30.124
15.694,21.363,0,-1.3754,23.146,12.492
15.407,21.226,-1.6461,-1.4282,22.572,35.347
15.407,21.083,0,-1.4868,21.997,11.768
15.407,20.934,0,-1.5526,21.437,10.721
15.407,20.779,0,-1.6227,20.892,9.6735
15.407,20.617,0,-1.6954,20.363,8.6464
15.407,20.447,0,-1.7732,19.851,7.6403
15.407,20.27,0,-1.8826,19.356,6.5602
15.407,20.082,0,-2.0353,18.879,5.4503
13.262,19.878,-6.4647,-2.2404,17.791,1065.2
13.262,19.654,0,-2.5118,17.141,8.6457
13.262,19.403,0,-2.8423,16.514,6.6733
13.262,19.119,0,-3.1988,15.915,5.6017
13.262,18.799,0,-3.5583,15.345,6.1343
13.262,18.443,0,-6.7864,14.809,452.01
9.6047,17.764,-3.4748,-6.0066,13.148,0
9.6047,17.164,0,-5.6838,12.363,20.911
8.937,16.595,-3.3839,-5.9199,11.563,0
8.937,16.003,0,-6.3622,10.827,56.823
8.937,15.367,0,-6.8495,10.152,159.76
7.7756,14.682,-4.3605,-6.9029,9.3804,8.8523
7.3306,13.992,-4.0839,-6.6327,8.7042,8.3209
7.3306,13.328,0,-6.0203,8.0713,69.278
7.3306,12.726,0,-5.0534,7.5016,30.663
7.3306,12.221,0,-4.4,6.9873,18.566
6.2025,11.781,-0.77572,-5.2,6.2457,23.158
6.1173,11.261,-0.4622,-5.2,5.7027,35.843
6.1173,10.741,0,-5.2,5.2143,56.309
6.1173,10.221,0,-5.2,4.7779,58.145
6.1173,9.7011,0,-5.2,4.3935,57.079
6.1173,9.1811,0,-5.2,4.0612,56.013
6.1173,8.6611,0,-5.2,3.7808,54.947
6.1173,8.1411,0,-5.2,3.5524,53.881
6.1173,7.6211,0,-5.2,3.376,52.815
6.1173,7.1011,0,-5.2,3.2516,51.749
6.1173,6.5811,0,-5.2,3.1793,50.683
5.2775,6.0611,-1.572,-8.8,2.8212,0
5.2775,5.1811,0,-8.8,2.7868,17.894
5.2775,4.3011,0,-8.8,2.8405,16.09
5.2775,3.4211,0,-8.8,2.9821,14.286
5.2775,2.5411,0,-8.8,3.2118,12.482
5.2775,1.6611,0,-8.8,3.5294,10.678
5.2775,0.78106,0,-8.8,3.9351,8.8744
4.2005,0,-0.72381,-8.8,4.0072,0
4.1289,0,-0.32339,-8.8,4.4749,0
4.0938,0,0.002374,-8.8,4.9388,0
4.0938,0,0,0.1225,5.3922,6.5122
4.1063,0.01225,0.16633,0.16633,5.8026,7.276
4.1198,0.028883,0.1605,0.1605,6.2088,7.3048
4.1198,0.044932,0,0.14598,6.6171,5.9334
4.1198,0.05953,0,0.18409,7.0238,5.1601
4.1198,0.077939,0,0.35694,7.429,2.4274
4.2255,0.11363,0.73734,0.73734,7.8661,3.4241
4.2255,0.18737,0,1.2079,8.2736,0
4.2255,0.30816,0,1.7673,8.6714,0
4.5855,0.48489,2.2804,2.2804,9.1081,0
4.5855,0.71293,0,2.6356,9.5067,0
5.0722,0.97649,2.753,4.9,9.9151,0
5.339,1.4665,2.7636,4.9,10.322,0
5.6232,1.9565,2.6616,4.9,10.694,0
5.8845,2.4465,2.6097,4.9,11.045,0
5.8845,2.9365,0,4.9,11.364,21.682
5.8845,3.4265,0,4.9,11.635,24.612
5.8845,3.9165,0,4.9,11.856,27.593
5.8845,4.4065,0,4.2994,12.028,24.365
5.8845,4.8364,0,3.5575,12.154,19.543
5.8845,5.1922,0,3.1359,12.242,17.56
7.8718,5.5058,3.0401,2.8848,12.98,0
8.1795,5.7943,3.0311,2.7123,13.208,0
8.1795,6.0655,0,2.5796,13.433,5.6348
8.1795,6.3234,0,2.4926,13.632,6.1828
9.0962,6.5727,3.0926,2.4395,13.943,0
9.0962,6.8166,0,2.3915,14.184,3.5973
9.0962,7.0558,0,2.3489,14.4,4.3401
9.0962,7.2907,0,2.2982,14.592,5.0213
9.0962,7.5205,0,2.2596,14.761,5.7742
10.52,7.7465,2.2294,2.21,15.272,0
10.738,7.9675,1.9648,2.1388,15.542,0
10.738,8.1814,0,2.0714,15.808,0.56979
11.112,8.3885,1.451,1.9904,16.092,0
11.112,8.5875,0,1.8977,16.355,0
11.112,8.7773,0,1.8155,16.598,0.036689
11.112,8.9589,0,1.7403,16.822,0.28845
11.64,9.1329,1.5017,1.6811,17.135,0
11.783,9.301,1.6431,1.6354,17.385,0
11.783,9.4645,0,1.6075,17.625,0
12.117,9.6253,1.6433,1.5894,17.876,0
12.287,9.7842,1.538,1.5729,18.133,0
12.434,9.9415,1.3882,1.5448,18.392,0
12.566,10.096,1.2111,1.5093,18.637,0
12.566,10.247,0,1.4744,18.876,0
12.801,10.394,0.77435,1.4335,19.128,0
12.884,10.538,0.29981,1.3814,19.364,0
12.884,10.676,0,1.3,19.592,0
12.884,10.806,0,1.1772,19.807,0
12.884,10.924,0,0.99659,20.009,0
12.884,11.023,0,0.76924,20.2,0
12.884,11.1,0,0.50907,20.382,0
12.884,11.151,0,0.23019,20.558,0
11.122,11.174,-4.1563,-0.0076402,20.337,148.98
11.122,11.173,0,-0.068092,20.332,0
11.122,11.167,0,-0.12168,20.327,0
11.122,11.154,0,-0.1712,20.323,0
9.6959,11.137,-3.0666,-0.21511,20.007,62.556
9.3886,11.116,-3.1348,-0.26059,19.85,67.364
9.0763,11.09,-3.2325,-0.30795,19.657,73.771
8.7602,11.059,-3.3651,-0.35725,19.431,82.329
8.4173,11.023,-3.5613,-0.41219,19.185,95.403
8.4173,10.982,0,-0.47214,18.926,5.5772
7.6721,10.935,-4.0517,-0.5386,18.596,24.916
7.6721,10.881,0,-0.61022,18.272,7.2065
7.6721,10.82,0,-0.69488,17.955,6.5035
7.6721,10.75,0,-0.79074,17.643,5.7549
7.6721,10.671,0,-0.899,17.339,4.9749
5.3292,10.581,-5.144,-1.0226,16.468,26.502
5.3292,10.479,0,-1.1559,15.948,11.728
5.3292,10.364,0,-1.2927,15.439,10.338
3.8695,10.234,-4.0303,-1.4374,14.727,24.785
3.8695,10.09,0,-1.5904,14.098,13.435
3.0854,9.9315,-3.6711,-1.7501,13.396,23.237
3.0854,9.7564,0,-1.9256,12.72,13.1
3.0854,9.5639,0,-2.1191,12.062,11.065
2.0589,9.352,-2.2351,-2.3185,11.285,18.606
1.8426,9.1201,-1.3797,-2.5169,10.548,16.228
1.6962,8.8684,-0.61429,-2.7013,9.8351,15.023
1.6311,8.5983,0.14584,-5.2,9.1277,5.6566
1.6359,8.0783,0.51899,-5.2,8.4587,5.9487
1.6874,7.5583,0.34161,-5.2,7.8383,4.2598
1.7257,7.0383,0.2944,-5.2,7.2855,3.0772
1.7488,6.5183,0.25417,-5.2,6.7831,1.8978
1.7488,5.9983,0,-8.8,6.3322,0
1.7488,5.1183,0,-8.8,5.9512,0
1.7878,4.2383,0.19121,-8.8,5.6493,0
1.7878,3.3583,0,-8.8,5.4483,0
1.7878,2.4783,0,-8.8,5.3352,0
1.8434,1.5983,0.19427,-8.8,5.3179,0
1.8434,0.71829,0,0.17365,5.3864,0
1.8891,0.73566,0.18459,0.18459,5.5,0
1.8891,0.75412,0,0.19026,5.6144,0
1.9391,0.77314,0.17653,0.17653,5.717,0
1.9391,0.7908,0,0.17515,5.8328,0
1.9781,0.80831,0.18773,0.18773,5.968,0
1.9781,0.82709,0,0.18091,6.0841,0
1.9781,0.84518,0,0.17776,6.1983,0
2.0536,0.86295,0.18413,0.18413,6.3201,0
2.0536,0.88136,0,4.9,6.4383,32.532
2.0536,1.3714,0,4.8925,6.531,35.546
2.0536,1.8606,0,1.0245,6.5747,3.5783
2.0536,1.9631,0,0.59967,6.5889,1.7698
2.0536,2.023,0,0.4258,6.595,1.2232
2.1672,2.0656,0.18085,0.34935,6.6113,0.17837
2.1811,2.1005,0.18427,0.26939,6.6112,0.01858
2.1811,2.1275,0,0.2617,6.6179,0.57301
2.1811,2.1537,0,0.25558,6.6219,0.62123
2.1811,2.1792,0,0.21386,6.6234,0.5547
2.1811,2.2006,0,0.18032,6.6225,0.50604
2.1811,2.2186,0,0.19236,6.6197,0.58806
2.3072,2.2379,0.1876,0.2097,6.6565,0
2.3072,2.2588,0,0.19587,6.6623,0.38464
2.3494,2.2784,0.18779,0.20902,6.6719,0
2.3633,2.2993,0.18728,0.18563,6.6798,0
2.3849,2.3179,0.18709,0.19187,6.6856,0
2.4128,2.3371,0.18621,0.21392,6.6859,0
2.4128,2.3585,0,0.2238,6.6924,0.45301
2.4577,2.3808,0.18512,0.21105,6.702,0
2.4676,2.402,0.18503,0.17776,6.7103,0
2.4851,2.4197,0.18672,0.1752,6.7264,0
2.4851,2.4372,0,0.16094,6.7321,0.28646
2.5261,2.4533,0.18386,0.1908,6.7313,0
2.5261,2.4724,0,0.20939,6.7376,0.41124
2.5782,2.4934,0.18247,0.21717,6.7521,0
2.5782,2.5151,0,0.22895,6.7595,0.44647
2.6226,2.538,0.18331,0.2109,6.7744,0
2.6461,2.5591,0.18365,0.21421,6.791,0
2.6461,2.5805,0,0.21418,6.7987,0.39611
2.6461,2.6019,0,0.19473,6.8041,0.39153
2.7009,2.6214,0.18397,0.18839,6.8054,0
2.7168,2.6402,0.18501,0.17935,6.8034,0
2.7301,2.6582,0.18295,0.16688,6.8192,0
2.7301,2.6748,0,0.17279,6.8255,0.30175
2.7774,2.6921,0.18233,0.19416,6.8361,0
2.7774,2.7115,0,0.17392,6.8436,0.2795
2.7774,2.7289,0,0.17648,6.8494,0.32837
2.7774,2.7466,0,0.18574,6.8533,0.39785
2.7774,2.7651,0,0.19318,6.8555,0.46563
2.877,2.7845,0.33632,0.20018,6.8813,0
2.877,2.8045,0,0.2428,6.8896,0.46538
2.877,2.8288,0,0.27771,6.8956,0.63911
2.877,2.8565,0,0.33264,6.899,0.90248
2.877,2.8898,0,0.40726,6.8994,1.278
3.1611,2.9305,0.78928,0.46233,6.9507,0
3.1611,2.9768,0,0.50339,6.9714,1.0755
3.1611,3.0271,0,0.5767,6.9874,1.5311
3.1611,3.0848,0,0.65354,6.9979,2.0628
3.1611,3.1501,0,0.75901,7.0022,2.8059
3.1611,3.226,0,0.85242,6.9996,3.5823
3.1611,3.3113,0,0.9869,6.9888,4.6934
3.1611,3.41,0,1.1206,6.9689,5.9414
4.3171,3.522,2.3847,1.2266,7.3118,0
4.3171,3.6447,0,1.3491,7.3851,3.6153
4.3171,3.7796,0,1.4558,7.4456,4.8214
4.3171,3.9252,0,1.5414,7.4921,6.007
4.3171,4.0793,0,1.6129,7.5236,7.1879
4.3171,4.2406,0,1.6744,7.5393,8.3752
5.9075,4.408,2.8362,1.7243,8.0079,0
5.9075,4.5805,0,1.7696,8.1492,3.5616
5.9075,4.7574,0,1.8059,8.273,4.5267
6.7802,4.938,3.1393,1.85,8.5098,0.51094
6.7802,5.123,0,1.8891,8.6848,2.9667
7.4012,5.3119,3.1491,1.9314,8.8919,0.49964
7.4012,5.5051,0,1.9639,9.0912,2.4682
7.4012,5.7015,0,1.9843,9.271,3.3858
7.4012,5.8999,0,2.0043,9.4311,4.3445
7.4012,6.1003,0,2.0209,9.5712,5.3222
7.4012,6.3024,0,2.0112,9.6912,6.151
9.1471,6.5035,2.3059,1.9921,10.333,0
9.1471,6.7027,0,1.9587,10.587,0.37762
9.5787,6.8986,1.8847,1.9158,10.877,0
9.5787,7.0902,0,1.8635,11.136,0
9.9474,7.2765,1.7095,1.8227,11.411,0
9.9474,7.4588,0,1.7788,11.669,0
9.9474,7.6367,0,1.7456,11.909,0
9.9474,7.8113,0,1.7277,12.132,0.28513
9.9474,7.984,0,1.7223,12.337,0.86126
10.934,8.1563,2.4462,1.7306,12.763,0.066301
10.934,8.3293,0,1.7425,13.032,0
10.934,8.5036,0,1.7692,13.284,0
11.704,8.6805,2.7108,1.8002,13.629,1.3208
11.704,8.8605,0,1.8309,13.922,0
11.704,9.0436,0,1.8584,14.197,0
11.704,9.2294,0,1.8803,14.454,0
12.797,9.4175,2.6998,1.902,14.907,1.4274
12.797,9.6077,0,1.9262,15.236,0
13.354,9.8003,2.6604,1.9486,15.605,1.3393
13.354,9.9952,0,1.961,15.95,0
13.354,10.191,0,1.9739,16.276,0
13.354,10.389,0,1.9812,16.583,0
13.354,10.587,0,1.9945,16.869,0
14.656,10.786,2.2926,1.9991,17.468,0
14.656,10.986,0,1.99,17.845,0
15.102,11.185,1.8672,1.9783,18.234,0
15.102,11.383,0,1.956,18.615,0
