16.988,16.988,0.57931,0,35.5,0
16.988,16.988,0,0.029602,35.5,0.064394
17.072,16.99,0.021049,0.036887,35.51,0
17.072,16.994,0,0.040148,35.518,0
17.075,16.998,-0.27318,0.034733,35.534,0.68375
17.044,17.002,-0.31361,0.019271,35.54,0.87155
17.044,17.004,0,0.00068468,35.544,0
16.968,17.004,-0.26292,-0.0032742,35.552,0.82069
16.948,17.003,-0.26496,-0.0050738,35.551,0.87592
16.948,17.003,0,-0.008155,35.545,0.096642
16.948,17.002,0,-0.010085,35.54,0.090709
16.948,17.001,0,-0.012398,35.534,0.083572
16.948,17,0,-0.013888,35.529,0.077769
16.948,16.998,0,-0.014867,35.524,0.072774
16.838,16.997,0.24581,-0.014581,35.466,0
16.838,16.995,0,-0.012376,35.451,0.30764
16.91,16.994,0.5064,-0.0077271,35.439,0
16.957,16.993,0.51001,-0.0032962,35.425,0
16.957,16.993,0,0.0031018,35.422,0.080531
17.046,16.993,0.48281,0.023683,35.441,0
17.098,16.996,0.40231,0.046194,35.444,0
17.132,17,0.30256,0.059901,35.447,0
17.132,17.006,0,0.073087,35.46,0
17.132,17.014,0,0.07862,35.472,0
17.191,17.022,0.086497,0.07667,35.494,0
17.207,17.029,0.053477,0.080553,35.503,0
17.207,17.037,0,0.077007,35.52,0
17.207,17.045,0,0.071564,35.537,0
17.207,17.052,0,0.071201,35.553,0
17.207,17.059,0,0.061834,35.568,0
17.207,17.065,0,0.055751,35.582,0
17.207,17.071,0,0.044691,35.596,0
17.207,17.075,0,0.034494,35.609,0
17.207,17.079,0,0.031142,35.622,0
17.135,17.082,-0.12141,0.023912,35.636,0.23366
17.126,17.084,-0.1614,0.0187,35.635,0.35981
17.126,17.086,0,0.0097592,35.639,0
17.126,17.087,0,-0.00033193,35.643,0
17.043,17.087,-0.32094,-0.0040233,35.631,1.0595
17.043,17.087,0,-0.0075051,35.627,0.074087
17.043,17.086,0,-0.010047,35.622,0.067029
17.043,17.085,0,-0.010562,35.618,0.063835
16.981,17.084,0.34831,-0.0094401,35.602,0
16.981,17.083,0,-0.0052751,35.592,0.20335
17.075,17.083,0.5048,-0.00068009,35.579,0
17.075,17.082,0,0.016433,35.579,0.050611
17.184,17.084,0.73318,0.044875,35.579,0
17.184,17.089,0,0.072313,35.589,0
17.335,17.096,0.8019,0.10771,35.606,0
17.406,17.107,0.67129,0.1349,35.623,0
17.406,17.12,0,0.15628,35.652,0
17.406,17.136,0,0.17891,35.68,0
17.607,17.154,0.59679,0.20405,35.725,0
17.67,17.174,0.57635,0.22298,35.774,0
17.727,17.196,0.65725,0.23836,35.831,0
17.79,17.22,0.69652,0.25555,35.883,0
17.79,17.246,0,0.27438,35.939,0
17.79,17.273,0,0.30013,35.992,0
17.79,17.303,0,0.33526,36.042,0
17.79,17.337,0,0.38248,36.089,0
18.351,17.375,1.7474,0.43553,36.242,1.5224
18.351,17.418,0,0.48982,36.337,0
18.351,17.467,0,0.54015,36.428,0
18.351,17.521,0,0.58983,36.514,0
18.996,17.58,1.4687,0.62656,36.722,0.13486
18.996,17.643,0,0.65849,36.861,0
18.996,17.709,0,0.69363,36.993,0
19.416,17.778,1.4215,0.71946,37.177,0
19.416,17.85,0,0.74816,37.338,0
19.698,17.925,1.3367,0.7742,37.501,0
19.698,18.003,0,0.79751,37.675,0
19.954,18.082,1.2173,0.81256,37.869,0
19.954,18.164,0,0.82774,38.052,0
19.954,18.246,0,0.83301,38.227,0
19.954,18.33,0,0.83281,38.394,0
19.954,18.413,0,0.83767,38.552,0
19.954,18.497,0,0.83362,38.702,0
20.518,18.58,0.55098,0.82594,39.038,0
20.582,18.663,0.37131,0.81548,39.224,0
20.617,18.744,0.29068,0.79311,39.411,0
20.617,18.823,0,0.76772,39.594,0
20.661,18.9,0.040741,0.74173,39.789,0
20.661,18.974,0,0.71241,39.962,0
20.661,19.046,0,0.6772,40.127,0
20.661,19.113,0,0.63858,40.285,0
20.661,19.177,0,0.59924,40.436,0
20.661,19.237,0,0.56198,40.582,0
20.569,19.293,-0.13901,0.52963,40.7,0
20.569,19.346,0,0.50135,40.825,0
20.554,19.396,-0.10523,0.47902,40.931,0
20.554,19.444,0,0.45004,41.045,0
20.554,19.489,0,0.42057,41.154,0
20.554,19.531,0,0.38694,41.258,0
20.554,19.57,0,0.35251,41.358,0
20.554,19.605,0,0.31088,41.455,0
20.554,19.636,0,0.26754,41.548,0
20.554,19.663,0,0.22466,41.639,0
20.135,19.686,-0.88182,0.18385,41.578,3.4512
20.135,19.704,0,0.13807,41.622,0
19.956,19.718,-0.8373,0.097354,41.646,3.4441
19.956,19.728,0,0.057788,41.669,0
19.956,19.733,0,0.018505,41.692,0
19.673,19.735,-1.0538,-0.0051153,41.684,5.8611
19.673,19.735,0,-0.014494,41.677,0.096266
19.442,19.733,-1.1708,-0.024098,41.63,8.0447
19.322,19.731,-1.0594,-0.033843,41.586,7.3926
19.322,19.727,0,-0.04282,41.545,0.79995
19.322,19.723,0,-0.049791,41.505,0.76997
19.039,19.718,-0.79549,-0.05655,41.431,6.0619
19.039,19.713,0,-0.062754,41.364,1.4183
18.887,19.706,-0.78316,-0.068576,41.275,6.5084
18.887,19.699,0,-0.074315,41.193,1.7544
18.887,19.692,0,-0.081543,41.112,1.7082
18.887,19.684,0,-0.088637,41.032,1.6611
18.54,19.675,-0.81499,-0.096309,40.877,8.0758
18.459,19.665,-0.70692,-0.10278,40.765,7.3765
18.397,19.655,-0.54599,-0.10767,40.649,6.2427
18.343,19.644,-0.36829,-0.1118,40.531,5.1115
18.343,19.633,0,-0.11459,40.401,3.0046
18.283,19.622,-0.26295,-0.1162,40.262,4.5597
18.283,19.61,0,-0.11866,40.128,3.1055
18.283,19.598,0,-0.12097,39.996,3.058
18.283,19.586,0,-0.1236,39.865,3.0086
18.283,19.574,0,-0.12556,39.736,2.9616
18.283,19.561,0,-0.12819,39.607,2.9114
18.283,19.548,0,-0.1302,39.48,2.8632
18.078,19.535,-0.075783,-0.1311,39.274,3.845
18.078,19.522,0,-0.13219,39.129,3.4174
18.078,19.509,0,-0.13233,38.985,3.3741
18.078,19.496,0,-0.13173,38.842,3.3342
18.078,19.483,0,-0.13063,38.701,3.2968
18.078,19.47,0,-0.12938,38.562,3.2606
18.078,19.457,0,-0.12699,38.423,3.2299
18.078,19.444,0,-0.12403,38.286,3.2026
18.078,19.431,0,-0.12258,38.15,3.1695
18.139,19.419,0.24397,-0.12076,38.026,2.0074
18.139,19.407,0,-0.11815,37.899,2.9232
18.186,19.395,0.063819,-0.11514,37.768,2.4851
18.186,19.384,0,-0.11471,37.648,2.7189
18.184,19.372,-0.16556,-0.11421,37.523,3.4791
18.16,19.361,-0.32838,-0.11606,37.396,4.4448
18.16,19.349,0,-0.11861,37.276,2.6787
18.16,19.337,0,-0.12185,37.158,2.6294
18.16,19.325,0,-0.12576,37.041,2.5768
18.16,19.313,0,-0.13014,36.925,2.5215
18.16,19.3,0,-0.13369,36.81,2.4686
18.16,19.286,0,-0.13662,36.697,2.4176
18.16,19.273,0,-0.13918,36.585,2.3674
17.855,19.259,-0.18816,-0.14137,36.337,4.2185
17.855,19.245,0,-0.14217,36.198,3.1981
17.82,19.23,-0.17046,-0.14374,36.048,4.1317
17.82,19.216,0,-0.1445,35.908,3.2097
17.82,19.202,0,-0.14657,35.769,3.1549
17.82,19.187,0,-0.14953,35.631,3.0958
17.703,19.172,-0.59709,-0.15312,35.491,7.2711
17.649,19.157,-0.72581,-0.15806,35.344,8.5544
17.581,19.141,-0.86711,-0.16447,35.196,10.164
17.501,19.124,-0.92287,-0.17236,35.03,11.031
17.413,19.107,-0.84389,-0.18108,34.868,10.47
17.334,19.089,-0.74435,-0.18904,34.687,9.695
17.256,19.07,-0.56479,-0.1969,34.507,8.2508
17.256,19.05,0,-0.20152,34.326,4.2561
17.256,19.03,0,-0.20515,34.148,4.17
17.256,19.01,0,-0.20764,33.972,4.0887
17.256,18.989,0,-0.21224,33.797,3.9971
17.256,18.968,0,-0.21783,33.625,3.9001
17.256,18.946,0,-0.22627,33.455,3.789
17.256,18.923,0,-0.23563,33.287,3.6722
17.256,18.9,0,-0.24715,33.121,3.5442
17.256,18.875,0,-0.25777,32.958,3.4184
17.256,18.849,0,-0.2676,32.798,3.2946
16.513,18.823,-0.62069,-0.27574,32.292,10.524
16.458,18.795,-0.56956,-0.28183,32.065,10.118
16.458,18.767,0,-0.28773,31.833,5.632
16.458,18.738,0,-0.29345,31.603,5.4961
16.458,18.709,0,-0.30194,31.377,5.3446
16.219,18.678,-0.79932,-0.30956,31.116,12.88
16.219,18.648,0,-0.31921,30.872,5.9007
16.219,18.616,0,-0.33104,30.63,5.7184
15.956,18.583,-0.93252,-0.34238,30.36,15.074
15.956,18.548,0,-0.35548,30.099,6.3115
15.956,18.513,0,-0.36662,29.841,6.1159
15.956,18.476,0,-0.37632,29.587,5.9265
15.956,18.438,0,-0.38435,29.337,5.7449
15.595,18.4,-0.38935,-0.39076,28.977,9.8686
15.564,18.361,-0.3604,-0.39509,28.694,9.55
15.564,18.321,0,-0.39901,28.416,6.6932
15.564,18.282,0,-0.40329,28.142,6.5168
15.564,18.241,0,-0.40701,27.873,6.3436
15.564,18.2,0,-0.41209,27.607,6.1632
15.406,18.159,-0.20779,-0.41732,27.293,7.9888
15.376,18.118,-0.11197,-0.42173,27.009,7.2311
15.366,18.075,-0.034113,-0.42283,26.734,6.5869
15.369,18.033,0.040666,-0.42198,26.458,5.9702
15.366,17.991,0.086044,-0.42152,26.195,5.5717
15.367,17.949,0.055695,-0.42062,25.931,5.5947
15.368,17.907,-0.028636,-0.41948,25.668,5.9315
15.367,17.865,-0.037313,-0.41833,25.418,5.8375
15.367,17.823,0,-0.41835,25.17,5.469
15.367,17.781,0,-0.41793,24.927,5.3221
15.367,17.739,0,-0.41992,24.688,5.1644
15.367,17.697,0,-0.42398,24.452,4.9973
15.367,17.655,0,-0.42915,24.222,4.8252
15.206,17.612,-0.69902,-0.4369,23.976,10.474
15.135,17.568,-0.82169,-0.44827,23.732,11.786
15.057,17.523,-0.81484,-0.46113,23.483,11.776
15.057,17.477,0,-0.47542,23.238,5.0535
15.057,17.43,0,-0.48933,22.999,4.8218
15.057,17.381,0,-0.50174,22.764,4.5973
15.057,17.331,0,-0.51177,22.534,4.3843
14.693,17.28,-0.5771,-0.52246,22.2,9.5308
14.693,17.227,0,-0.53197,21.944,5.1635
14.58,17.174,-0.48179,-0.54139,21.678,8.6036
14.58,17.12,0,-0.54816,21.421,5.1028
14.58,17.065,0,-0.55519,21.17,4.8816
14.58,17.01,0,-0.56166,20.924,4.6646
14.412,16.953,-0.36314,-0.56732,20.635,7.2752
14.412,16.897,0,-0.57399,20.384,4.7894
14.331,16.839,-0.34091,-0.57882,20.138,6.9083
14.331,16.781,0,-0.58247,19.89,4.6369
14.331,16.723,0,-0.58673,19.647,4.4263
14.331,16.664,0,-0.58767,19.411,4.2329
14.331,16.606,0,-0.59266,19.181,4.0247
14.331,16.546,0,-0.59641,18.956,3.8245
14.13,16.487,-0.26324,-0.60118,18.69,5.6687
14.13,16.427,0,-0.60409,18.457,4.0438
14.13,16.366,0,-0.60358,18.231,3.8581
14.052,16.306,-0.33866,-0.605,17.99,5.7269
14.018,16.245,-0.34101,-0.60755,17.775,5.6279
14.018,16.185,0,-0.61257,17.555,3.6097
13.951,16.123,-0.2402,-0.61273,17.333,4.7993
13.929,16.062,-0.098749,-0.61139,17.119,3.9479
13.929,16.001,0,-0.60406,16.909,3.3608
13.924,15.941,-0.13779,-0.59614,16.718,3.8261
13.91,15.881,-0.24223,-0.59175,16.524,4.2155
13.91,15.822,0,-0.58846,16.33,2.9614
13.865,15.763,-0.41578,-0.58755,16.142,4.9599
13.865,15.704,0,-0.59394,15.955,2.7412
13.779,15.645,-0.31363,-0.5953,15.767,4.2119
13.779,15.585,0,-0.59436,15.583,2.6479
13.72,15.526,-0.21928,-0.59455,15.395,3.5421
13.693,15.466,-0.25724,-0.59259,15.22,3.6281
13.666,15.407,-0.26166,-0.59093,15.036,3.5497
13.666,15.348,0,-0.58656,14.865,2.346
13.622,15.289,-0.30167,-0.58269,14.698,3.541
13.589,15.231,-0.26552,-0.58266,14.527,3.2876
13.568,15.173,-0.20538,-0.57816,14.358,2.9254
13.557,15.115,-0.1475,-0.56868,14.209,2.5927
13.557,15.058,0,-0.56355,14.056,1.9617
13.557,15.002,0,-0.55052,13.909,1.8624
13.557,14.947,0,-0.53307,13.767,1.7795
13.581,14.893,0.43267,-0.50629,13.611,0.92217
13.581,14.843,0,-0.4737,13.483,1.6412
13.581,14.795,0,-0.43821,13.359,1.6275
13.581,14.752,0,-0.40193,13.24,1.6255
13.581,14.711,0,-0.36546,13.125,1.634
13.581,14.675,0,-0.33434,13.013,1.6366
13.581,14.641,0,-0.30071,12.906,1.6558
13.581,14.611,0,-0.26981,12.801,1.6762
14.009,14.584,0.5388,-0.23799,12.875,0.11187
14.054,14.561,0.50684,-0.21026,12.825,0.040825
14.054,14.54,0,-0.18485,12.776,0.61336
14.148,14.521,0.48573,-0.15646,12.73,0
14.148,14.505,0,-0.12754,12.694,0.47074
14.245,14.493,0.49356,-0.10462,12.668,0
14.286,14.482,0.52324,-0.082845,12.641,0
14.337,14.474,0.5198,-0.058045,12.634,0
14.39,14.468,0.53875,-0.033176,12.631,0
14.39,14.465,0,-0.01047,12.624,0.13376
14.39,14.464,0,0.0087012,12.616,0.17519
14.39,14.465,0,0.021221,12.609,0.20657
14.6,14.467,0.56257,0.031584,12.63,0
14.647,14.47,0.55081,0.042004,12.641,0
14.647,14.474,0,0.055242,12.658,0
14.647,14.48,0,0.068347,12.675,0
14.647,14.486,0,0.080873,12.691,0
14.885,14.495,0.59904,0.093242,12.775,0
14.885,14.504,0,0.10359,12.813,0
14.885,14.514,0,0.11551,12.851,0
15.043,14.526,0.58849,0.1243,12.923,0
15.043,14.538,0,0.1379,12.975,0
15.043,14.552,0,0.14899,13.024,0
15.222,14.567,0.36493,0.15841,13.079,0
15.222,14.583,0,0.16536,13.144,0
15.222,14.599,0,0.16314,13.207,0
15.222,14.616,0,0.15711,13.269,0
15.213,14.631,-0.66496,0.14209,13.343,1.3056
15.213,14.646,0,0.12355,13.401,0
15.213,14.658,0,0.099468,13.457,0
15.213,14.668,0,0.065921,13.512,0
14.785,14.674,-1.5953,0.027069,13.508,11.679
14.785,14.677,0,-0.023569,13.519,0
14.785,14.675,0,-0.090116,13.53,0
14.268,14.666,-1.5652,-0.15345,13.463,12.453
14.268,14.65,0,-0.20871,13.424,0.34573
13.96,14.63,-1.3316,-0.26179,13.345,9.8181
13.828,14.603,-1.0817,-0.30525,13.272,7.2386
13.726,14.573,-0.84272,-0.33598,13.192,5.2327
13.641,14.539,-0.63924,-0.35893,13.11,3.8563
13.641,14.503,0,-0.3749,13.022,0.98434
13.532,14.466,-0.29527,-0.37935,12.939,2.0963
13.532,14.428,0,-0.38107,12.848,1.0432
13.532,14.39,0,-0.37988,12.76,0.96353
13.532,14.352,0,-0.37692,12.676,0.88948
13.416,14.314,-0.18625,-0.37815,12.577,1.5939
13.416,14.276,0,-0.3753,12.489,0.98034
13.416,14.239,0,-0.36461,12.405,0.92432
13.408,14.202,0.55931,-0.34232,12.332,0.3372
13.408,14.168,0,-0.30394,12.255,0.92974
13.557,14.138,1.0264,-0.25404,12.194,0.6273
13.655,14.112,1.0858,-0.20106,12.136,0.6377
13.655,14.092,0,-0.14898,12.091,0.59332
13.655,14.077,0,-0.093238,12.048,0.7009
13.969,14.068,1.0902,-0.044039,12.048,0.33143
14.086,14.064,1.0694,0.0054287,12.042,0.19102
14.086,14.064,0,0.032299,12.044,0.023412
14.3,14.067,0.6203,0.055388,12.068,0
14.358,14.073,-0.35493,0.068095,12.096,0.52378
14.358,14.08,0,0.059016,12.124,0
14.156,14.086,-2.9236,0.016939,12.142,47.694
13.859,14.087,-3.5981,-0.099972,12.142,88.931
13.859,14.077,0,-0.25206,12.12,0
13.859,14.052,0,-4.4,12.099,507.85
13.859,13.612,0,-0.30301,12.102,0
13.859,13.582,0,-0.37015,12.128,0
12.587,13.545,-1.5939,-4.4,11.759,0
12.587,13.105,0,-0.29364,11.685,0.44833
12.209,13.075,-2.6113,-0.37844,11.591,37.329
12.209,13.038,0,-4.4,11.507,250.37
12.209,12.598,0,-0.38995,11.446,0.082753
12.209,12.559,0,-0.47159,11.409,0
12.209,12.511,0,-4.4,11.376,439.31
12.209,12.071,0,-0.39864,11.368,0
12.209,12.032,0,-5.2,11.384,0
10.886,11.512,-1.0973,-0.26376,10.894,6.9843
10.886,11.485,0,-0.30153,10.832,0.59474
10.68,11.455,-0.81893,-0.3328,10.739,4.7626
10.68,11.422,0,-5.2,10.664,0
10.534,10.902,-0.49511,-0.15306,10.594,2.2137
10.489,10.886,-0.42172,-0.16634,10.551,1.8944
10.489,10.87,0,-0.17925,10.512,0.4041
10.489,10.852,0,-0.18601,10.475,0.35324
10.489,10.833,0,-5.2,10.44,0
10.325,10.313,-0.44321,0.004162,10.387,1.4459
10.325,10.314,0,-0.0099384,10.389,0
10.325,10.313,0,-0.02436,10.39,0
10.201,10.31,-0.36718,-0.044465,10.373,1.2814
10.201,10.306,0,-0.06016,10.363,0.08926
10.201,10.3,0,-0.070345,10.353,0.056551
10.114,10.293,0.068234,-0.07277,10.341,0.077242
10.114,10.285,0,-0.064444,10.324,0.21692
10.114,10.279,0,-0.056769,10.307,0.22033
10.114,10.273,0,-0.044269,10.291,0.23634
10.114,10.269,0,-0.019073,10.275,0.28535
10.294,10.267,0.75051,0.0093031,10.286,0
10.37,10.268,0.88005,0.035856,10.297,0
10.467,10.272,0.88735,0.068457,10.31,0
10.467,10.278,0,0.098089,10.329,0
10.647,10.288,0.75777,0.12597,10.363,0
10.647,10.301,0,0.14783,10.399,0
10.789,10.316,0.71043,0.16678,10.439,0
10.789,10.332,0,0.18958,10.486,0
10.938,10.351,0.73341,0.20743,10.558,0
11.014,10.372,0.71845,0.2274,10.621,0
11.014,10.395,0,0.24481,10.684,0
11.014,10.419,0,0.26537,10.745,0
11.014,10.446,0,0.28269,10.803,0
11.014,10.474,0,0.30181,10.859,0
11.4,10.504,0.86106,0.32119,11.023,0
11.4,10.536,0,0.34226,11.111,0
11.4,10.571,0,0.35841,11.196,0
11.642,10.606,0.78894,0.37369,11.311,0
11.722,10.644,0.72844,0.3901,11.423,0
11.803,10.683,0.65686,0.40618,11.526,0
11.803,10.723,0,0.41332,11.636,0
11.803,10.765,0,0.42293,11.742,0
11.976,10.807,0.54403,0.42717,11.886,0
12.036,10.85,0.50742,0.4341,11.994,0
12.036,10.893,0,0.43781,12.11,0
12.133,10.937,0.46818,0.43989,12.236,0
12.133,10.981,0,0.44092,12.354,0
12.216,11.025,0.49271,0.43986,12.481,0
12.216,11.069,0,0.43944,12.598,0
12.216,11.113,0,0.43762,12.711,0
12.342,11.157,0.20707,0.43967,12.829,0
12.342,11.201,0,0.42861,12.946,0
12.345,11.243,-0.22832,0.40936,13.046,0
12.329,11.284,-0.37011,0.38911,13.16,0
12.291,11.323,-0.44911,0.36044,13.259,0.036874
12.254,11.359,-0.49918,0.33341,13.342,0.35772
12.254,11.393,0,0.30032,13.43,0
12.254,11.423,0,0.27698,13.515,0
12.138,11.45,-0.1454,0.25646,13.559,0
12.138,11.476,0,0.24472,13.626,0
12.138,11.501,0,0.23508,13.691,0
12.124,11.524,-0.11435,0.22411,13.738,0
12.121,11.546,-0.16871,0.2149,13.798,0
12.111,11.568,-0.21308,0.2032,13.853,0
12.098,11.588,-0.19759,0.19068,13.915,0
12.098,11.607,0,0.17886,13.965,0
12.068,11.625,-0.15028,0.16588,14.025,0
12.068,11.642,0,0.15051,14.068,0
12.068,11.657,0,0.14108,14.11,0
12.068,11.671,0,0.13268,14.151,0
12.068,11.684,0,0.12313,14.19,0
11.999,11.697,-0.19694,0.11342,14.203,0.10224
11.999,11.708,0,0.10489,14.232,0
11.999,11.718,0,0.095631,14.261,0
11.94,11.728,-0.29461,0.079489,14.285,0.54742
11.94,11.736,0,0.06789,14.305,0
11.895,11.743,-0.20517,0.057059,14.324,0.33228
11.895,11.748,0,0.044355,14.339,0
11.843,11.753,-0.19674,0.034044,14.35,0.39001
11.828,11.756,-0.24663,0.027058,14.362,0.57718
11.828,11.759,0,0.01826,14.369,0
11.828,11.761,0,0.0039476,14.376,0
11.75,11.761,-0.17628,-0.0029337,14.362,0.46892
11.75,11.761,0,-0.0089934,14.361,0.0025268
11.721,11.76,-0.12524,-0.010773,14.369,0.36722
11.721,11.759,0,-0.013474,14.365,0.050356
11.721,11.758,0,-0.015436,14.361,0.043418
11.691,11.756,-0.15977,-0.017659,14.357,0.50865
11.691,11.754,0,-0.02388,14.351,0.078653
11.691,11.752,0,-0.026057,14.345,0.069099
11.691,11.749,0,-0.030615,14.339,0.054166
11.623,11.746,-0.066142,-0.033744,14.305,0.34121
11.623,11.743,0,-0.035544,14.293,0.17126
11.623,11.739,0,-0.033338,14.281,0.16867
11.623,11.736,0,-0.031184,14.27,0.16642
11.625,11.733,0.0035087,-0.029629,14.27,0.15159
11.625,11.73,0,-0.03123,14.259,0.14957
11.619,11.727,0.0098672,-0.029916,14.232,0.13839
11.619,11.724,0,-0.026683,14.221,0.16088
11.629,11.721,0.086349,-0.025558,14.211,0
11.629,11.719,0,-0.020286,14.202,0.14244
11.629,11.716,0,-0.01612,14.193,0.14743
11.629,11.715,0,-0.010819,14.185,0.15592
11.675,11.714,-0.063826,-0.010783,14.19,0.20418
11.663,11.713,-0.14989,-0.013917,14.184,0.45463
11.656,11.711,-0.18979,-0.015357,14.179,0.58487
11.656,11.71,0,-0.021735,14.173,0.064432
11.656,11.708,0,-0.025039,14.168,0.052983
11.656,11.705,0,-0.033033,14.163,0.031263
11.562,11.702,-0.24604,-0.039145,14.125,0.91926
11.542,11.698,-0.26684,-0.043597,14.114,1.0226
11.513,11.694,-0.26383,-0.050521,14.096,1.0546
11.513,11.688,0,-0.056723,14.078,0.24194
