11.667,11.667,-3.3891,0,35.5,73.337
11.335,11.667,-3.3559,-0.020246,35.48,72.919
11.335,11.665,0,-0.041195,35.447,0.62518
11.335,11.661,0,-0.061038,35.414,0.56347
10.342,11.654,-3.0824,-0.080843,35.237,64.113
10.342,11.646,0,-0.10021,35.106,3.113
9.7292,11.636,-2.929,-0.11907,34.916,61.265
9.4441,11.624,-2.826,-0.13736,34.702,58.948
9.1645,11.611,-2.7863,-0.15565,34.467,59.235
8.8866,11.595,-2.7389,-0.17431,34.201,59.243
8.6172,11.578,-2.7114,-0.19282,33.92,59.95
8.6172,11.558,0,-0.21257,33.625,8.5721
8.0595,11.537,-2.6928,-0.2329,33.276,62.777
8.0595,11.514,0,-0.2529,32.929,10.515
7.5313,11.489,-2.6159,-0.2739,32.528,63.251
7.5313,11.461,0,-0.29515,32.133,12.369
7.026,11.432,-2.4199,-0.31675,31.684,59.676
7.026,11.4,0,-0.33842,31.245,14.139
7.026,11.366,0,-0.36125,30.809,13.8
6.3376,11.33,-1.9149,-0.38327,30.271,48.981
6.1375,11.292,-1.5247,-0.4052,29.773,40.807
6.1375,11.251,0,-0.42414,29.26,17.1
5.8829,11.209,-0.67405,-0.44068,28.725,26.43
5.8829,11.165,0,-0.45398,28.194,17.705
5.8829,11.119,0,-0.46565,27.669,17.378
5.7793,11.073,-0.041449,-0.47475,27.138,18.024
5.7793,11.025,0,-0.48496,26.611,17.266
5.7655,10.977,0.033775,-0.4942,26.086,16.675
5.7655,10.927,0,-0.50283,25.568,16.697
5.7818,10.877,0.19125,-0.51119,25.061,14.494
5.7987,10.826,0.30989,-0.51866,24.564,13.112
5.7987,10.774,0,-0.52435,24.064,15.6
5.8814,10.722,0.54978,-0.52859,23.582,10.459
5.946,10.669,0.72332,-0.53055,23.107,8.9037
5.946,10.616,0,-0.53269,22.637,14.057
6.0876,10.562,1.0026,-0.53238,22.171,6.6456
6.1792,10.509,1.1065,-0.5295,21.733,5.8151
6.1792,10.456,0,-0.5227,21.303,12.297
6.4166,10.404,1.0777,-0.514,20.911,5.0418
6.4166,10.353,0,-0.50601,20.515,10.882
6.6285,10.302,1.1588,-0.49837,20.143,4.0798
6.6285,10.252,0,-0.48788,19.779,9.6495
6.6285,10.203,0,-0.47545,19.419,9.5242
6.6285,10.156,0,-0.45767,19.063,9.4398
6.6285,10.11,0,-0.43482,18.713,9.3963
7.3659,10.067,1.8945,-0.41022,18.527,2.3227
7.3659,10.026,0,-0.38317,18.259,6.411
7.3659,9.9872,0,-0.35216,17.995,6.4415
7.3659,9.952,0,-0.31994,17.735,6.4912
8.1411,9.92,1.9323,-0.28856,17.634,2.1736
8.1411,9.8912,0,-0.25557,17.458,3.8504
8.1411,9.8656,0,-0.22389,17.284,3.9137
8.1411,9.8432,0,-0.19142,17.113,3.9927
8.1411,9.8241,0,-0.16112,16.943,4.0737
8.1411,9.808,0,-0.13124,16.776,4.1646
8.1411,9.7948,0,-0.10131,16.61,4.2677
8.1411,9.7847,0,-0.070865,16.445,4.3857
9.533,9.7776,1.5409,-0.042102,16.853,1.4144
9.533,9.7734,0,-0.016008,16.828,0.48452
9.533,9.7718,0,0.035108,16.805,0.61944
9.533,9.7753,0,0.10918,16.78,0.85042
9.533,9.7862,0,0.18488,16.756,1.1325
10.236,9.8047,1.3196,0.25416,16.92,0.21322
10.236,9.8301,0,0.31466,16.962,0
10.236,9.8616,0,0.36704,17.001,0.085348
10.236,9.8983,0,0.40274,17.037,0.28898
10.236,9.9386,0,0.42331,17.069,0.46302
10.236,9.9809,0,0.42177,17.096,0.5719
10.236,10.023,0,0.41209,17.12,0.65314
10.236,10.064,0,0.3976,17.139,0.71517
10.236,10.104,0,0.37655,17.154,0.75009
10.236,10.142,0,0.3459,17.166,0.74563
10.236,10.176,0,0.33023,17.173,0.78529
10.236,10.209,0,0.31727,17.178,0.83012
10.766,10.241,0.054225,0.29868,17.668,0
10.764,10.271,0.048288,0.28026,17.726,0
10.764,10.299,0,0.27123,17.774,0
10.773,10.326,-0.087027,0.25302,17.828,0
10.77,10.351,-0.12214,0.23623,17.872,0
10.77,10.375,0,0.22055,17.913,0
10.747,10.397,-0.13085,0.19682,17.941,0.034274
10.731,10.417,-0.13461,0.17642,17.976,0.073507
10.731,10.434,0,0.16396,18.007,0
10.712,10.451,-0.11421,0.1463,18.029,0.057224
10.697,10.465,-0.10521,0.12979,18.061,0.056329
10.695,10.478,-0.089293,0.12145,18.093,0.025751
10.695,10.491,0,0.10631,18.114,0
10.695,10.501,0,0.093624,18.134,0
10.695,10.511,0,0.080319,18.153,0
10.695,10.519,0,0.068709,18.171,0
10.695,10.525,0,0.063262,18.188,0
10.637,10.532,0.014727,0.058596,18.181,0
10.636,10.538,0.080005,0.054785,18.184,0
10.636,10.543,0,0.059971,18.194,0
10.663,10.549,0.1875,0.063189,18.199,0
10.683,10.555,0.20423,0.070739,18.206,0
10.704,10.562,0.19264,0.078404,18.228,0
10.704,10.57,0,0.080992,18.242,0
10.74,10.578,0.2383,0.089567,18.256,0
10.74,10.587,0,0.096183,18.271,0
10.791,10.597,0.32282,0.10732,18.287,0
10.827,10.608,0.39108,0.12135,18.314,0
10.827,10.62,0,0.13565,18.335,0
10.91,10.633,0.51151,0.1529,18.366,0
10.91,10.649,0,0.16973,18.393,0
10.91,10.666,0,0.191,18.418,0
10.91,10.685,0,0.21294,18.442,0.012321
11.126,10.706,0.68292,0.23129,18.508,0
11.126,10.729,0,0.25137,18.549,0
11.126,10.754,0,0.27935,18.587,0
11.339,10.782,0.77572,0.30521,18.652,0
11.339,10.813,0,0.3267,18.706,0
11.339,10.845,0,0.34797,18.757,0
11.559,10.88,0.73155,0.36966,18.841,0
11.559,10.917,0,0.38825,18.907,0
11.559,10.956,0,0.40262,18.97,0
11.559,10.996,0,0.4204,19.028,0
11.559,11.038,0,0.43204,19.082,0
11.92,11.082,0.70821,0.45055,19.219,0
11.986,11.127,0.70988,0.46088,19.3,0
12.064,11.173,0.72379,0.4766,19.393,0
12.144,11.22,0.72977,0.49251,19.482,0
12.144,11.27,0,0.50427,19.572,0
12.294,11.32,0.7185,0.51627,19.678,0
12.359,11.372,0.73703,0.52125,19.769,0
12.429,11.424,0.72731,0.52924,19.866,0
12.429,11.477,0,0.54027,19.964,0
12.579,11.531,0.68605,0.54798,20.071,0
12.579,11.586,0,0.55089,20.173,0
12.579,11.641,0,0.56011,20.27,0
12.579,11.697,0,0.57052,20.361,0
12.579,11.754,0,0.57924,20.446,0
12.953,11.812,0.71569,0.58736,20.616,0
12.953,11.87,0,0.59327,20.728,0
12.953,11.93,0,0.59884,20.833,0
12.953,11.99,0,0.59768,20.932,0
13.237,12.049,0.69542,0.60296,21.088,0
13.301,12.11,0.70644,0.60268,21.198,0
13.301,12.17,0,0.61002,21.314,0
13.301,12.231,0,0.60897,21.424,0
13.301,12.292,0,0.6139,21.528,0
13.301,12.353,0,0.61642,21.626,0
13.655,12.415,0.68586,0.6171,21.802,0
13.716,12.477,0.69081,0.61505,21.934,0
13.716,12.538,0,0.61579,22.055,0
13.856,12.6,0.67608,0.61942,22.188,0
13.931,12.662,0.66358,0.6235,22.307,0
13.999,12.724,0.65649,0.62488,22.439,0
14.064,12.786,0.67338,0.6239,22.562,0
14.13,12.849,0.69051,0.62333,22.682,0
14.13,12.911,0,0.62788,22.807,0
14.13,12.974,0,0.62522,22.926,0
14.13,13.036,0,0.62214,23.038,0
14.13,13.099,0,0.62175,23.145,0
14.13,13.161,0,0.62185,23.245,0
14.532,13.223,0.66975,0.62511,23.446,0
14.532,13.286,0,0.6283,23.574,0
14.532,13.348,0,0.63273,23.695,0
14.532,13.412,0,0.63553,23.81,0
14.532,13.475,0,0.63335,23.919,0
14.875,13.539,0.67369,0.63,24.133,0
14.875,13.602,0,0.63002,24.264,0
14.875,13.665,0,0.62869,24.388,0
14.875,13.727,0,0.62792,24.506,0
14.875,13.79,0,0.63043,24.617,0
14.875,13.853,0,0.63403,24.723,0
14.875,13.917,0,0.6399,24.822,0
15.361,13.981,0.71648,0.63807,25.091,0
15.361,14.044,0,0.64233,25.226,0
15.361,14.109,0,0.64872,25.354,0
15.361,14.174,0,0.652,25.476,0
15.361,14.239,0,0.65161,25.592,0
15.361,14.304,0,0.64831,25.701,0
15.361,14.369,0,0.64649,25.803,0
15.361,14.433,0,0.64483,25.899,0
15.932,14.498,0.73537,0.64893,26.226,0
16.008,14.563,0.725,0.65252,26.371,0
16.085,14.628,0.7263,0.65613,26.522,0
16.085,14.694,0,0.6537,26.664,0
16.085,14.759,0,0.65622,26.8,0
16.085,14.825,0,0.65506,26.93,0
16.085,14.89,0,0.65068,27.052,0
16.422,14.955,0.71134,0.65207,27.243,0
16.496,15.02,0.69834,0.65437,27.386,0
16.496,15.086,0,0.65404,27.531,0
16.64,15.151,0.71453,0.65717,27.687,0
16.712,15.217,0.66979,0.65814,27.834,0
16.712,15.283,0,0.65854,27.98,0
16.849,15.349,0.72206,0.65752,28.14,0
16.915,15.414,0.7392,0.65592,28.285,0
16.988,15.48,0.71348,0.65745,28.442,0
16.988,15.546,0,0.66242,28.589,0
16.988,15.612,0,0.65856,28.73,0
16.988,15.678,0,0.658,28.864,0
16.988,15.744,0,0.65192,28.992,0
16.988,15.809,0,0.64881,29.113,0
17.364,15.874,0.35469,0.64099,29.35,0
17.364,15.938,0,0.62792,29.496,0
17.364,16.001,0,0.61597,29.635,0
17.463,16.062,-0.067152,0.59842,29.788,0
17.456,16.122,-0.14256,0.56874,29.919,0
17.435,16.179,-0.15679,0.53412,30.048,0
17.435,16.232,0,0.50681,30.171,0
17.435,16.283,0,0.47343,30.289,0
17.371,16.33,-0.16716,0.44006,30.383,0
17.371,16.374,0,0.41004,30.485,0
17.371,16.415,0,0.38624,30.582,0
17.371,16.454,0,0.35809,30.676,0
17.371,16.49,0,0.33031,30.766,0
17.371,16.523,0,0.30269,30.852,0
17.371,16.553,0,0.26766,30.936,0
17.371,16.58,0,0.23552,31.016,0
17.371,16.603,0,0.19719,31.094,0
16.998,16.623,-0.94117,0.15688,31.054,4.0557
16.998,16.639,0,0.1087,31.091,0
16.998,16.65,0,0.058551,31.127,0
16.998,16.655,0,0.0083149,31.161,0
16.998,16.656,0,-0.011175,31.195,0
16.442,16.655,-1.0281,-0.02376,31.093,6.204
16.442,16.653,0,-0.034501,31.072,0.37167
16.234,16.649,-0.9806,-0.046354,31.042,6.5545
16.234,16.645,0,-0.056219,31.001,0.77446
16.058,16.639,-0.88124,-0.065213,30.939,6.291
16.058,16.633,0,-0.075577,30.882,1.1211
15.865,16.625,-0.80232,-0.085782,30.805,6.2755
15.783,16.616,-0.74877,-0.094404,30.718,6.0919
15.783,16.607,0,-0.10192,30.635,1.6871
15.783,16.597,0,-0.10904,30.553,1.6349
15.575,16.586,-0.59103,-0.11608,30.432,5.4738
15.575,16.574,0,-0.12275,30.332,2.101
15.575,16.562,0,-0.12668,30.233,2.0515
15.575,16.549,0,-0.13149,30.135,1.998
15.575,16.536,0,-0.13444,30.038,1.9504
15.575,16.523,0,-0.1364,29.942,1.906
15.346,16.509,-0.28299,-0.1378,29.776,3.9147
15.313,16.495,-0.28106,-0.14086,29.656,3.956
15.313,16.481,0,-0.14223,29.538,2.518
15.263,16.467,-0.28541,-0.14528,29.405,4.0384
15.263,16.453,0,-0.14678,29.285,2.5649
15.222,16.438,-0.26644,-0.14834,29.162,3.9528
15.196,16.423,-0.30492,-0.15057,29.046,4.2064
15.165,16.408,-0.29682,-0.15353,28.915,4.2011
15.165,16.393,0,-0.15611,28.791,2.6397
15.165,16.377,0,-0.1587,28.669,2.5826
15.165,16.361,0,-0.16019,28.549,2.5294
15.165,16.345,0,-0.16103,28.43,2.4787
15.165,16.329,0,-0.16294,28.313,2.4239
15.165,16.313,0,-0.16541,28.197,2.3667
15.165,16.296,0,-0.16896,28.083,2.3051
15.165,16.279,0,-0.17101,27.971,2.2487
15.165,16.262,0,-0.17334,27.86,2.1911
14.92,16.245,-0.13455,-0.17434,27.644,3.4918
14.907,16.227,-0.11034,-0.17492,27.517,3.3543
14.903,16.21,-0.18217,-0.17425,27.387,3.6781
14.894,16.192,-0.30552,-0.17436,27.254,4.345
14.894,16.175,0,-0.17808,27.125,2.7118
14.833,16.157,-0.28926,-0.18041,26.978,4.3104
14.833,16.139,0,-0.18309,26.847,2.7676
14.833,16.121,0,-0.18586,26.717,2.7012
14.833,16.102,0,-0.18945,26.589,2.6311
14.833,16.083,0,-0.19123,26.463,2.5678
14.7,16.064,-0.22971,-0.19273,26.291,4.0458
14.673,16.045,-0.25178,-0.19507,26.162,4.1844
14.652,16.025,-0.2573,-0.1969,26.019,4.2146
14.652,16.006,0,-0.19904,25.883,2.8466
14.613,15.986,-0.22043,-0.19985,25.728,3.9852
14.613,15.966,0,-0.20114,25.592,2.8327
14.582,15.946,-0.1693,-0.20159,25.458,3.6725
14.582,15.926,0,-0.2029,25.323,2.8002
14.582,15.905,0,-0.20236,25.189,2.7413
14.582,15.885,0,-0.20195,25.058,2.6823
14.531,15.865,-0.19985,-0.20319,24.908,3.721
14.531,15.845,0,-0.20398,24.776,2.7035
14.531,15.824,0,-0.20394,24.646,2.6429
14.478,15.804,-0.19205,-0.20639,24.521,3.6362
14.462,15.783,-0.18183,-0.20713,24.398,3.5643
14.462,15.762,0,-0.20971,24.267,2.6423
14.408,15.741,-0.20521,-0.21212,24.141,3.7044
14.408,15.72,0,-0.21407,24.009,2.6598
14.408,15.699,0,-0.21608,23.879,2.5884
14.408,15.677,0,-0.21826,23.751,2.5165
14.408,15.655,0,-0.22086,23.625,2.4429
14.295,15.633,-0.13782,-0.22144,23.465,3.3315
14.271,15.611,-0.13594,-0.22332,23.339,3.3181
14.271,15.589,0,-0.22531,23.206,2.6301
14.271,15.566,0,-0.22541,23.075,2.5634
14.224,15.544,-0.17172,-0.22531,22.938,3.4202
14.224,15.521,0,-0.22657,22.807,2.5657
14.224,15.499,0,-0.22933,22.678,2.4888
14.224,15.476,0,-0.23061,22.552,2.4176
14.224,15.453,0,-0.2335,22.428,2.3405
14.109,15.429,-0.22716,-0.23415,22.303,3.665
14.109,15.406,0,-0.23482,22.173,2.5318
14.109,15.382,0,-0.23583,22.044,2.4597
14.059,15.359,-0.21864,-0.23653,21.892,3.5382
14.059,15.335,0,-0.23708,21.763,2.4627
14.059,15.311,0,-0.24107,21.637,2.3794
14.059,15.287,0,-0.2416,21.513,2.3087
13.973,15.263,-0.23884,-0.24302,21.356,3.581
13.973,15.239,0,-0.24617,21.229,2.4001
13.926,15.214,-0.21338,-0.24666,21.1,3.4242
13.926,15.19,0,-0.24675,20.972,2.3909
13.926,15.165,0,-0.249,20.847,2.3123
13.926,15.14,0,-0.25215,20.724,2.2305
13.926,15.115,0,-0.25754,20.604,2.1408
13.926,15.089,0,-0.28603,20.487,1.9713
13.329,15.06,-4.6107,-0.34935,20.302,206.53
13.329,15.025,0,-0.44318,20.131,2.8895
12.26,14.981,-7.3811,-0.56683,19.849,33.386
12.26,14.924,0,-0.72196,19.58,4.6952
12.26,14.852,0,-0.89273,19.317,3.7618
12.26,14.763,0,-1.0732,19.062,2.9302
9.2356,14.656,-7.8984,-1.2696,18.221,35.015
9.2356,14.529,0,-1.4872,17.685,10.177
7.6408,14.38,-7.8942,-1.7313,17.017,34.942
7.6408,14.207,0,-2.0033,16.352,12.142
7.6408,14.007,0,-2.2959,15.705,9.6337
7.6408,13.777,0,-2.6181,15.08,7.4061
4.705,13.515,-6.0153,-2.9729,13.851,29.376
4.705,13.218,0,-3.3484,12.984,11.807
4.705,12.883,0,-3.764,12.15,8.9779
3.1122,12.507,-3.6484,-7.6262,11.094,10.9
3.1122,11.744,0,-6.7422,10.192,12.071
3.1122,11.07,0,-6.0157,9.3628,12.215
3.1122,10.468,0,-5.507,8.5971,12.051
3.1122,9.9175,0,-5.3334,7.8891,11.287
1.9871,9.3842,-1.408,-5.3827,6.8831,6.8121
1.8377,8.8459,-1.4861,-5.4769,6.1535,5.9812
1.8377,8.2982,0,-5.5168,5.4801,4.1479
1.8377,7.7465,0,-5.3272,4.8616,3.4153
1.3973,7.2138,-1.0272,-5.2,4.229,3.1557
1.3973,6.6938,0,-5.2,3.6733,1.2979
1.3973,6.1738,0,-5.2,3.1697,0.23189
1.3973,5.6538,0,-8.8,2.718,0
1.3973,4.7738,0,-8.8,2.3364,0
1.1644,3.8938,0.029624,-8.8,1.9747,0
1.1763,3.0138,0.043586,-8.8,1.7448,0
1.1763,2.1338,0,-8.8,1.605,0
1.1967,1.2538,0.11826,-8.8,1.5466,0
1.2044,0.37381,0.22625,-8.8,1.5806,0
1.2044,0,0,-8.8,1.7077,0
1.2044,0,0,-8.8,1.8721,0
1.2044,0,0,-8.8,2.0366,0
1.2044,0,0,-8.8,2.201,0
1.2044,0,0,-8.8,2.3654,0
1.2044,0,0,-8.8,2.5299,0
1.9155,0,2.1313,-8.8,2.8664,0
2.121,0,2.2982,-8.8,3.1045,0
2.3533,0,2.4074,-8.8,3.3624,0
2.3533,0,0,-8.8,3.6417,0
2.8354,0,2.4766,-8.8,3.9751,4.0013
2.8354,0,0,-8.8,4.3026,0
2.8354,0,0,-8.8,4.6302,0
2.8354,0,0,2.4304,4.9577,1.5554
2.8354,0.24304,0,2.4388,5.2291,2.5916
2.8354,0.48692,0,2.4518,5.4762,3.7042
2.8354,0.7321,0,2.4599,5.6987,4.8303
2.8354,0.97809,0,4.9,5.8968,28.273
2.8354,1.4681,0,4.9,6.058,31.31
2.8354,1.9581,0,4.9,6.1703,34.39
5.3058,2.4481,2.417,4.9,7.423,0.75288
5.5425,2.9381,2.3867,4.9,7.7034,1.74
5.5425,3.4281,0,4.0991,7.9393,18.656
5.5425,3.838,0,3.2244,8.1302,12.858
5.5425,4.1604,0,2.7601,8.2846,10.571
5.5425,4.4365,0,2.4838,8.409,9.6983
5.5425,4.6848,0,2.2857,8.5072,9.3406
6.9274,4.9134,2.1611,2.142,8.992,0
7.1456,5.1276,2.1333,2.0396,9.1997,0
7.1456,5.3316,0,1.9578,9.3913,2.7578
7.57,5.5273,2.0732,1.8938,9.6118,0
7.57,5.7167,0,1.8433,9.8066,1.9274
7.9815,5.9011,2.0016,1.7941,10.018,0
8.1914,6.0805,1.9504,1.7636,10.227,0
8.1914,6.2568,0,1.7304,10.429,1.0065
8.1914,6.4299,0,1.6913,10.614,1.425
8.7541,6.599,1.7942,1.657,10.862,0
8.7541,6.7647,0,1.6256,11.069,0.28704
8.7541,6.9273,0,1.593,11.26,0.68234
8.7541,7.0866,0,1.5726,11.435,1.1367
8.7541,7.2438,0,1.549,11.593,1.5764
8.7541,7.3987,0,1.5197,11.737,1.9857
9.75,7.5507,1.4825,1.4949,12.177,0
9.8887,7.7002,1.4333,1.4638,12.407,0
9.8887,7.8466,0,1.4371,12.618,0
9.8887,7.9903,0,1.4138,12.815,0
9.8887,8.1317,0,1.3954,12.998,0
10.447,8.2712,1.3026,1.3717,13.275,0
10.447,8.4084,0,1.3508,13.485,0
10.447,8.5435,0,1.3329,13.682,0
10.845,8.6767,1.2823,1.316,13.913,0
10.845,8.8083,0,1.3035,14.124,0
11.11,8.9387,1.2604,1.2873,14.336,0
11.11,9.0674,0,1.267,14.547,0
11.351,9.1941,1.2583,1.2532,14.771,0
11.351,9.3194,0,1.2397,14.98,0
11.606,9.4434,1.2392,1.2318,15.189,0
11.606,9.5666,0,1.2199,15.399,0
11.606,9.6886,0,1.2059,15.597,0
11.606,9.8092,0,1.2027,15.782,0
11.606,9.9294,0,1.1929,15.956,0
11.606,10.049,0,1.1849,16.118,0
12.343,10.167,1.2406,1.1777,16.478,0
12.458,10.285,1.26,1.1675,16.695,0
12.458,10.402,0,1.1637,16.907,0
12.458,10.518,0,1.1644,17.106,0
12.458,10.635,0,1.1645,17.295,0
12.458,10.751,0,1.1615,17.471,0
12.458,10.867,0,1.1604,17.636,0
13.226,10.983,1.2454,1.1564,18.033,0
13.359,11.099,1.264,1.158,18.264,0
13.477,11.215,1.2674,1.1522,18.495,0
13.61,11.33,1.2396,1.1534,18.714,0
13.61,11.445,0,1.1461,18.936,0
13.61,11.56,0,1.1427,19.147,0
13.61,11.674,0,1.1393,19.346,0
13.61,11.788,0,1.1373,19.534,0
13.61,11.902,0,1.135,19.71,0
13.61,12.015,0,1.1342,19.875,0
13.61,12.129,0,1.1251,20.029,0
14.552,12.241,0.98458,1.1177,20.571,0
14.552,12.353,0,1.1012,20.797,0
14.552,12.463,0,1.087,21.011,0
14.821,12.572,0.96032,1.0716,21.257,0
14.927,12.679,0.97995,1.0653,21.475,0
14.927,12.785,0,1.0592,21.695,0
15.129,12.891,0.98056,1.0501,21.916,0
15.229,12.996,0.95983,1.0433,22.145,0
15.229,13.101,0,1.0308,22.363,0
15.229,13.204,0,1.026,22.57,0
15.511,13.306,0.92206,1.0171,22.81,0
15.603,13.408,0.96438,1.0082,23.025,0
15.69,13.509,0.92167,0.99733,23.239,0
