9.7222,9.7222,0.3332,0,35.5,0
9.7644,9.7222,0.44826,6.7,35.501,52.382
9.7644,10.392,0,6.7,35.472,65.2
9.7644,11.062,0,6.7,35.376,69.853
9.7644,11.732,0,-0.11514,35.212,5.3167
9.7644,11.721,0,-0.11414,35.016,5.2799
9.8905,11.709,-0.13873,-0.11456,34.872,5.6134
9.8905,11.698,0,-0.11561,34.691,4.7336
9.858,11.686,-0.33635,-0.1169,34.512,7.016
9.858,11.675,0,-0.11914,34.329,4.7484
9.858,11.663,0,-0.12252,34.148,4.6886
9.7198,11.65,-0.6367,-0.12645,33.943,10.008
9.7198,11.638,0,-0.1309,33.751,5.0504
9.7198,11.625,0,-0.13657,33.56,4.9731
9.7198,11.611,0,-0.14306,33.37,4.89
9.7198,11.597,0,-0.15032,33.182,4.8012
9.2815,11.582,-1.1082,-0.15752,32.912,17.322
9.2815,11.566,0,-0.16605,32.682,6.2206
9.2815,11.549,0,-0.17467,32.455,6.1078
9.2815,11.532,0,-0.18336,32.229,5.9923
9.2815,11.514,0,-0.19218,32.005,5.8736
8.6987,11.494,-1.2855,-0.20266,31.639,22.615
8.6987,11.474,0,-0.21378,31.36,7.8775
8.4339,11.453,-1.2412,-0.2247,31.062,23.077
8.4339,11.43,0,-0.23496,30.761,8.6573
8.2065,11.407,-1.0115,-0.24503,30.454,20.46
8.2065,11.382,0,-0.25426,30.135,9.2906
8.2065,11.357,0,-0.26348,29.819,9.1208
7.935,11.33,-0.68183,-0.2724,29.475,16.933
7.935,11.303,0,-0.27979,29.137,9.9496
7.935,11.275,0,-0.28748,28.802,9.7756
7.935,11.246,0,-0.29513,28.469,9.5997
7.935,11.217,0,-0.30169,28.139,9.4288
7.935,11.187,0,-0.30924,27.813,9.2498
7.935,11.156,0,-0.31441,27.489,9.0843
7.6232,11.124,0.14349,-0.3173,27.05,9.1814
7.6232,11.093,0,-0.31913,26.701,10.123
7.6831,11.061,0.66701,-0.31734,26.366,5.6518
7.6831,11.029,0,-0.31441,26.029,9.6187
7.6831,10.998,0,-0.30752,25.696,9.5297
7.6831,10.967,0,-0.30008,25.366,9.4476
7.6831,10.937,0,-0.2918,25.04,9.3744
7.6831,10.908,0,-0.28236,24.716,9.3125
7.6831,10.879,0,-0.27283,24.395,9.2553
8.3618,10.852,1.0725,-0.26257,24.282,2.3263
8.3618,10.826,0,-0.25221,24.034,6.4133
8.3618,10.801,0,-0.24147,23.789,6.3785
8.6943,10.777,1.2137,-0.22857,23.587,1.5729
8.8205,10.754,1.2282,-0.21487,23.377,1.3943
8.8205,10.732,0,-0.20025,23.184,4.6673
9.0733,10.712,1.2016,-0.18615,23.013,1.0992
9.0733,10.694,0,-0.17208,22.851,3.8112
9.3052,10.676,1.1328,-0.15859,22.712,0.85022
9.4226,10.66,1.1356,-0.14427,22.586,0.7432
9.4226,10.646,0,-0.13093,22.462,2.7304
9.6354,10.633,1.1446,-0.11777,22.372,0.58725
9.6354,10.621,0,-0.10334,22.273,2.1361
9.6354,10.611,0,-0.090015,22.175,2.1571
9.9735,10.602,1.1215,-0.07527,22.132,0.38894
10.09,10.594,1.1267,-0.060551,22.083,0.35798
10.09,10.588,0,-0.045772,22.033,1.0185
10.09,10.584,0,-0.030948,21.983,1.0523
10.09,10.581,0,-0.016271,21.934,1.0903
10.559,10.579,1.2156,-0.0024652,21.987,0.5356
10.559,10.579,0,0.06927,21.985,0.20237
10.809,10.586,1.1646,0.14623,22.011,0.065651
10.809,10.6,0,0.20651,22.032,0.033112
11.026,10.621,1.1028,0.2645,22.062,0
11.13,10.647,1.0241,0.31435,22.099,0
11.13,10.679,0,0.35586,22.146,0
11.331,10.714,0.94758,0.39903,22.21,0
11.331,10.754,0,0.42789,22.27,0
11.504,10.797,0.85938,0.45387,22.344,0
11.504,10.842,0,0.47913,22.413,0
11.504,10.89,0,0.49826,22.476,0
11.504,10.94,0,0.51702,22.535,0.070946
11.504,10.992,0,0.5322,22.589,0.25802
11.504,11.045,0,0.53885,22.638,0.42588
11.981,11.099,0.75156,0.5515,22.83,0
12.064,11.154,0.69486,0.56551,22.912,0
12.064,11.211,0,0.56589,23,0
12.064,11.267,0,0.56318,23.083,0
12.064,11.324,0,0.54005,23.159,0
12.064,11.378,0,0.50661,23.231,0
12.064,11.428,0,0.46912,23.297,0
12.064,11.475,0,0.42371,23.358,0
12.134,11.518,-0.30266,0.37177,23.499,0.51725
12.134,11.555,0,0.33287,23.559,0
12.076,11.588,-0.30755,0.29224,23.614,0.60412
12.042,11.617,-0.37982,0.25384,23.652,0.94452
12,11.643,-0.4997,0.21291,23.685,1.5543
11.958,11.664,-0.61108,0.17507,23.722,2.198
11.904,11.681,-0.70959,0.13233,23.741,2.8387
11.904,11.695,0,0.08121,23.763,0
11.904,11.703,0,0.037627,23.784,0
11.904,11.707,0,-0.00078555,23.804,0
11.904,11.706,0,-0.0090108,23.823,0
11.565,11.706,-0.56896,-0.016696,23.763,2.5085
11.565,11.704,0,-0.022719,23.749,0.2426
11.456,11.702,-0.50635,-0.029206,23.711,2.4655
11.456,11.699,0,-0.035566,23.687,0.43958
11.456,11.695,0,-0.039828,23.663,0.42098
11.456,11.691,0,-0.042763,23.639,0.40486
11.456,11.687,0,-0.045957,23.616,0.38759
11.27,11.682,-0.40809,-0.049553,23.551,2.4178
11.27,11.677,0,-0.052941,23.51,0.77663
11.2,11.672,-0.43598,-0.057034,23.449,2.7332
11.147,11.666,-0.40945,-0.062955,23.4,2.7252
11.147,11.66,0,-0.067688,23.348,0.99081
11.147,11.653,0,-0.070799,23.297,0.96491
11.037,11.646,-0.38957,-0.074681,23.218,2.872
11.037,11.639,0,-0.079404,23.157,1.178
11.037,11.631,0,-0.08317,23.097,1.1462
11.037,11.622,0,-0.087192,23.038,1.113
11.037,11.614,0,-0.089424,22.98,1.0844
11.037,11.605,0,-0.091011,22.923,1.0574
11.037,11.596,0,-0.092853,22.867,1.0294
10.838,11.586,-0.035498,-0.094354,22.737,1.6343
10.839,11.577,0.052258,-0.09356,22.663,1.3162
10.839,11.568,0,-0.090925,22.589,1.4708
10.867,11.559,0.1692,-0.088269,22.528,0.89047
10.867,11.55,0,-0.084325,22.459,1.3691
10.923,11.541,0.2903,-0.079655,22.384,0.50045
10.923,11.533,0,-0.076308,22.322,1.2082
10.923,11.526,0,-0.07102,22.262,1.2053
11.008,11.519,0.31724,-0.066436,22.226,0.28234
11.008,11.512,0,-0.060676,22.175,0.9887
11.008,11.506,0,-0.055477,22.125,0.98917
11.008,11.5,0,-0.051945,22.076,0.98596
11.008,11.495,0,-0.047987,22.027,0.9849
11.173,11.49,0.41867,-0.041797,22.019,0
11.223,11.486,0.38807,-0.034729,21.998,0
11.223,11.483,0,-0.030125,21.972,0.49217
11.223,11.48,0,-0.026007,21.946,0.49591
11.223,11.477,0,-0.020754,21.92,0.50359
11.223,11.475,0,-0.016786,21.895,0.50918
11.39,11.473,0.51142,-0.011044,21.902,0
11.39,11.472,0,-0.0028441,21.894,0.16578
11.509,11.472,0.6596,0.021248,21.887,0
11.509,11.474,0,0.055013,21.89,0.047064
11.509,11.48,0,0.088097,21.893,0.13772
11.509,11.488,0,0.12336,21.896,0.24795
11.767,11.501,0.62484,0.15182,21.962,0
11.767,11.516,0,0.17725,21.988,0
11.894,11.534,0.64586,0.20455,22.039,0
11.894,11.554,0,0.23424,22.074,0
11.894,11.577,0,0.25605,22.107,0
11.894,11.603,0,0.2779,22.137,0.033579
12.166,11.631,0.61767,0.3021,22.227,0
12.227,11.661,0.57512,0.31895,22.289,0
12.227,11.693,0,0.33142,22.344,0
12.336,11.726,0.42491,0.3422,22.421,0
12.336,11.76,0,0.3414,22.48,0
12.336,11.794,0,0.33963,22.536,0
12.433,11.828,0.14096,0.337,22.604,0
12.433,11.862,0,0.32962,22.663,0
12.433,11.895,0,0.30906,22.718,0
12.433,11.926,0,0.2896,22.771,0
12.433,11.955,0,0.26117,22.82,0
12.399,11.981,-0.26074,0.23012,22.863,0.39053
12.399,12.004,0,0.19792,22.904,0
12.342,12.024,-0.29627,0.17469,22.942,0.6005
12.342,12.041,0,0.14639,22.973,0
12.342,12.056,0,0.1266,23.002,0
12.342,12.069,0,0.10135,23.03,0
12.342,12.079,0,0.083258,23.057,0
12.205,12.087,-0.30342,0.064378,23.048,0.78639
12.169,12.094,-0.29192,0.041438,23.055,0.77716
12.14,12.098,-0.25671,0.023005,23.071,0.67801
12.14,12.1,0,0.010038,23.075,0
12.09,12.101,-0.11855,-0.0013788,23.068,0.30654
12.072,12.101,-0.069231,-0.0037755,23.058,0.21361
12.071,12.1,-0.049062,-0.0037666,23.058,0.16394
12.071,12.1,0,-0.0031441,23.055,0.052706
12.077,12.1,-0.027173,-0.0028931,23.048,0.10004
12.065,12.1,-0.045488,-0.0044137,23.051,0.16477
12.065,12.099,0,-0.0061023,23.047,0.056568
12.065,12.098,0,-0.0071834,23.044,0.052979
12.03,12.098,-0.013824,-0.0087924,23.026,0.15351
12.03,12.097,0,-0.0083651,23.02,0.12138
12.03,12.096,0,-0.0073508,23.013,0.12187
12.03,12.095,0,-0.008065,23.006,0.11873
12.03,12.094,0,-0.0072039,23,0.11895
12.038,12.094,0.022062,-0.0072496,23.001,0.053091
12.038,12.093,0,-0.0069402,22.995,0.099604
12.042,12.092,-0.025881,-0.0065484,23.002,0.1491
12.033,12.092,-0.063624,-0.00755,22.996,0.25531
12.033,12.091,0,-0.0091495,22.99,0.099521
12.033,12.09,0,-0.011671,22.984,0.092087
12.033,12.089,0,-0.015081,22.979,0.082252
11.948,12.087,-0.29768,-0.018067,22.949,1.1886
11.929,12.086,-0.3323,-0.020417,22.939,1.3742
11.929,12.083,0,-0.023209,22.923,0.27562
11.87,12.081,-0.39598,-0.027497,22.904,1.7955
11.87,12.078,0,-0.032189,22.883,0.37104
11.87,12.075,0,-0.036353,22.862,0.35381
11.762,12.072,-0.38313,-0.040565,22.812,1.993
11.72,12.068,-0.38311,-0.045674,22.777,2.094
11.72,12.063,0,-0.050713,22.743,0.63005
11.639,12.058,-0.45455,-0.055239,22.708,2.6567
11.603,12.052,-0.54115,-0.059404,22.664,3.2428
11.603,12.046,0,-0.064837,22.619,0.82784
11.603,12.04,0,-0.070877,22.575,0.79536
11.452,12.033,-0.6558,-0.077579,22.516,4.4066
11.384,12.025,-0.69344,-0.085878,22.463,4.8776
11.309,12.016,-0.73037,-0.095183,22.394,5.3833
11.309,12.007,0,-0.10488,22.324,1.3439
11.16,11.996,-0.81282,-0.11373,22.228,6.5135
11.086,11.985,-0.84646,-0.1229,22.142,7.0365
11.086,11.973,0,-0.13234,22.053,1.7537
10.933,11.96,-0.87416,-0.14209,21.943,7.7559
10.933,11.945,0,-0.15202,21.841,2.0305
10.933,11.93,0,-0.16355,21.741,1.9465
10.933,11.914,0,-0.17534,21.642,1.8598
10.933,11.896,0,-0.18785,21.544,1.7692
10.494,11.878,-0.92473,-0.19896,21.342,9.5782
10.494,11.858,0,-0.20996,21.205,2.8303
10.494,11.837,0,-0.22072,21.07,2.7235
10.247,11.815,-0.60349,-0.23191,20.905,7.2053
10.247,11.791,0,-0.23984,20.75,3.2607
10.142,11.767,-0.36239,-0.24569,20.581,5.5508
10.142,11.743,0,-0.25099,20.42,3.39
10.061,11.718,-0.33327,-0.25598,20.256,5.42
10.023,11.692,-0.34102,-0.26089,20.081,5.4881
10.023,11.666,0,-0.26609,19.915,3.4563
10.023,11.639,0,-0.27006,19.752,3.355
10.023,11.612,0,-0.27231,19.592,3.2608
9.9142,11.585,-0.066916,-0.27373,19.403,3.8353
9.9087,11.558,-0.025385,-0.2735,19.229,3.5627
9.9087,11.53,0,-0.27346,19.065,3.3581
9.9087,11.503,0,-0.2718,18.905,3.2797
9.9001,11.476,0.047022,-0.27054,18.743,3.0235
9.9062,11.449,0.040666,-0.26772,18.592,2.9623
9.9062,11.422,0,-0.26658,18.439,3.0593
9.9062,11.395,0,-0.26459,18.289,2.9863
9.9114,11.369,0.068484,-0.26152,18.137,2.625
9.9114,11.343,0,-0.25841,17.993,2.8372
9.9248,11.317,0.11052,-0.25492,17.861,2.3097
9.9277,11.291,0.14022,-0.25214,17.731,2.1403
9.9277,11.266,0,-0.24923,17.596,2.5986
9.9516,11.241,0.20447,-0.24334,17.464,1.7774
9.9656,11.217,0.22578,-0.23831,17.341,1.6386
9.9849,11.193,0.25994,-0.23246,17.21,1.4636
9.9849,11.17,0,-0.22603,17.09,2.2449
9.9849,11.147,0,-0.21777,16.973,2.2116
10.059,11.126,0.23596,-0.21099,16.857,1.2602
10.092,11.104,0.21811,-0.20193,16.752,1.2057
10.122,11.084,0.27515,-0.19349,16.644,0.98713
10.15,11.065,0.36732,-0.18544,16.552,0.74012
10.15,11.046,0,-0.17584,16.461,1.6318
10.221,11.029,0.54658,-0.16595,16.38,0.38306
10.272,11.012,0.64244,-0.15315,16.297,0.25911
10.272,10.997,0,-0.13799,16.224,1.3087
10.408,10.983,0.67532,-0.12014,16.166,0.089769
10.408,10.971,0,-0.10307,16.109,1.0087
10.408,10.961,0,-0.086323,16.053,1.0327
10.613,10.952,0.63864,-0.071647,16.02,0
10.613,10.945,0,-0.055685,15.986,0.59046
10.613,10.939,0,-0.040145,15.953,0.61871
10.613,10.935,0,-0.02879,15.921,0.63996
10.613,10.932,0,-0.015701,15.889,0.66913
10.613,10.931,0,-0.0054473,15.857,0.69407
10.613,10.93,0,0.017436,15.825,0.75845
10.613,10.932,0,0.038752,15.793,0.82613
10.613,10.936,0,0.058546,15.761,0.89669
11.088,10.942,0.12211,0.068216,15.956,0
11.088,10.949,0,0.069112,15.97,0
11.088,10.956,0,0.064434,15.984,0
11.067,10.962,-0.41493,0.048662,15.991,1.22
11.033,10.967,-0.5339,0.030911,16.001,1.8338
10.971,10.97,-0.53239,0.00046515,16.008,1.9005
10.971,10.97,0,-0.012188,16.008,0
10.971,10.969,0,-0.021261,16.008,0
10.829,10.967,-0.38824,-0.029151,16.001,1.5207
10.792,10.964,-0.40515,-0.036486,15.987,1.6735
10.792,10.96,0,-0.045756,15.97,0.25172
10.792,10.956,0,-0.054728,15.954,0.22177
10.792,10.95,0,-0.063564,15.938,0.19088
10.792,10.944,0,-0.071828,15.922,0.16004
10.792,10.937,0,-0.078487,15.907,0.13147
10.792,10.929,0,-0.082835,15.893,0.10674
10.792,10.92,0,-0.088433,15.88,0.079024
10.792,10.912,0,-0.095313,15.868,0.048226
10.439,10.902,-0.45458,-0.10091,15.689,2.5825
10.439,10.892,0,-0.10998,15.643,0.72826
10.439,10.881,0,-0.11971,15.598,0.67766
10.439,10.869,0,-0.13312,15.555,0.61679
10.183,10.856,-0.99935,-0.14952,15.451,7.1718
10.183,10.841,0,-0.17089,15.385,1.0436
9.953,10.824,-1.1437,-0.19592,15.309,9.3023
9.953,10.804,0,-0.21964,15.223,1.3754
9.953,10.782,0,-0.24008,15.139,1.2607
9.637,10.758,-0.97089,-0.25854,15.024,8.233
9.637,10.732,0,-0.27994,14.913,1.8114
9.4299,10.704,-1.0128,-0.30061,14.771,9.0893
9.3251,10.674,-1.0816,-0.32178,14.645,10.041
9.2167,10.642,-1.0539,-0.34438,14.503,9.9394
9.2167,10.608,0,-0.36573,14.362,2.3138
9.0073,10.571,-1.038,-0.38883,14.19,10.107
9.0073,10.532,0,-0.4121,14.036,2.5188
9.0073,10.491,0,-0.43697,13.885,2.3184
8.6762,10.447,-1.2007,-0.46075,13.7,12.498
8.6762,10.401,0,-0.48629,13.525,2.8096
8.6762,10.352,0,-0.51698,13.355,2.5641
8.6762,10.301,0,-0.54376,13.19,2.3357
8.6762,10.246,0,-0.57219,13.031,2.1073
8.0808,10.189,-1.2884,-0.60374,12.717,14.2
7.946,10.129,-1.4319,-0.63807,12.51,16.349
7.7953,10.065,-1.6232,-0.67861,12.289,19.552
7.7953,9.9971,0,-0.72524,12.066,3.2751
7.4516,9.9246,-1.9351,-0.77747,11.812,25.8
7.4516,9.8469,0,-0.83645,11.568,3.4119
7.048,9.7632,-2.086,-0.9025,11.298,29.385
6.849,9.673,-2.1356,-0.96845,11.019,30.531
6.6313,9.5761,-2.4246,-1.0422,10.739,38.351
6.6313,9.4719,0,-1.1317,10.45,3.5995
6.6313,9.3587,0,-1.2344,10.172,3.0204
5.8141,9.2353,-2.8165,-1.3537,9.8021,51.348
5.5247,9.0999,-2.6246,-5.2,9.456,0
5.2621,8.5799,-2.2637,-5.2,9.1059,3.4705
5.0293,8.0599,-2.0002,-5.2,8.7925,2.9523
5.0293,7.5399,0,-5.2,8.5155,25.679
5.0293,7.0199,0,-5.2,8.2904,24.613
4.3544,6.4999,-2.5828,-5.2,8.0189,0
4.3544,5.9799,0,-8.8,7.8304,5.4483
4.3544,5.0999,0,-0.39348,7.7118,0.70372
3.6151,5.0606,-1.8661,-0.46004,7.5445,9.354
3.6151,5.0146,0,-8.8,7.4023,0
3.6151,4.1346,0,-0.24073,7.3063,0.55958
3.6151,4.1105,0,-0.28575,7.2556,0.42016
3.6151,4.0819,0,-0.34418,7.2074,0.26886
2.6075,4.0475,-2.8394,-8.8,6.9253,0
2.6075,3.1675,0,-0.18958,6.8253,0.76687
2.0059,3.1485,-3.3502,-0.26377,6.7183,9.8416
2.0059,3.1222,0,-0.34327,6.6054,1.6649
1.3508,3.0878,-3.2152,-8.8,6.4141,0
1.3508,2.2078,0,-0.20697,6.2844,1.4293
1.3508,2.1871,0,-0.26519,6.1998,1.207
1.3508,2.1606,0,-8.8,6.1175,0
0.093296,1.2806,-3.2393,-0.13085,5.8363,9.1287
-0.23739,1.2675,-3.3305,-0.17001,5.711,9.8893
-0.56135,1.2505,-3.3155,-8.8,5.55,0
-0.56135,0.37054,0,-3.2871,5.4128,0
-0.56135,0.041828,0,-3.2555,5.3361,0
-1.5401,0,-3.2495,-3.2495,5.1528,3.3204
-1.5401,0,0,-8.8,5.015,0
-2.1873,0,-3.2369,-8.8,4.8382,0
-2.1873,0,0,-8.8,4.6635,0
-2.1873,0,0,-8.8,4.4888,0
-2.1873,0,0,-8.8,4.314,0
-2.1873,0,0,-8.8,4.1393,0
-3.7819,0,-3.1384,-8.8,3.5827,0
-3.7819,0,0,-8.8,3.2486,0
-4.4008,0,-3.007,-8.8,2.8661,0
-4.7082,0,-2.9449,-8.8,2.4642,0
-4.9966,0,-2.8995,-9.0411,2.0326,0
-4.9966,0,0,-11.887,1.5781,0
-4.9966,0,0,-17.411,1.1379,0
-4.9966,0,0,-31.761,0.72527,0
-4.9966,0,0,-119.81,0.38441,0
-4.9966,0,0,-146.74,0.4838,0
-4.9966,0,0,-99.164,0.71782,0
-4.9966,0,0,-471.03,0.71398,0
-4.9966,0,0,-16.44,2.5694,0
-7.2283,0,-1.7719,-25.981,1.0791,0
-7.4151,0,-1.6269,-58.286,0.48522,0
-7.5791,0,-1.4765,-1351.2,0.02128,0
-7.5791,0,0,-1.3678,6.0191,12.826
-7.8629,0,-1.2894,-1.2894,5.2306,16.282
-7.8629,0,0,-8.8,4.4507,0
-7.8629,0,0,-10.139,3.7084,0
-7.8629,0,0,-12.76,2.9729,0
-7.8629,0,0,-17.357,2.2504,0
-7.8629,0,0,-26.98,1.5509,0
-7.8629,0,0,-55.49,0.89949,0
-7.8629,0,0,-440.9,0.39065,0
-7.8629,0,0,-28.303,1.8089,0
-8.8826,0,-0.75289,-59.56,0.67085,0
-8.8826,0,0,-503.41,0.080383,0
-8.8826,0,0,-24.052,1.7092,0
-8.8826,0,0,-44.063,0.94119,0
-8.8826,0,0,-161.73,0.27324,0
-9.0567,0,-0.0398,-251.78,0.16291,0
-9.0567,0,0,-80.296,0.51614,0
-9.0698,0,-0.11203,-4168.4,0.0098677,0
-9.0894,0,-0.16511,-0.16511,19.939,18.797
-9.0894,0,0,-0.21493,19.031,18.345
-9.0894,0,0,-0.26904,18.123,18.231
-9.1573,0,-0.31546,-0.31546,17.206,18.936
-9.1573,0,0,-0.35386,16.292,18.192
-9.2255,0,-0.3883,-0.3883,15.356,19.075
-9.2255,0,0,-0.44321,14.435,18.144
-9.2913,0,-0.48746,-0.48746,13.524,19.21
-9.3415,0,-0.53749,-0.53749,12.596,19.313
-9.3415,0,0,-0.57268,11.665,18.11
-9.3415,0,0,-0.62648,10.733,17.997
-9.52,0,-0.69516,-0.69516,9.7816,19.679
-9.52,0,0,-0.79168,8.8331,18.016
-9.52,0,0,-0.98493,7.885,17.61
-9.52,0,0,-1.1851,6.938,17.189
-9.8851,0,-1.3191,-1.3191,5.9245,20.428
-10.024,0,-1.4073,-11.593,4.9323,0
-10.024,0,0,-14.439,3.9879,0
-10.312,0,-1.4792,-18.98,3.0381,0
-10.312,0,0,-27.722,2.1018,0
-10.621,0,-1.434,-49.827,1.1655,0
-10.76,0,-1.4326,-165.37,0.35314,0
-10.76,0,0,-575.57,0.10395,0
-10.76,0,0,-33.882,1.9058,0
-10.76,0,0,-68.67,0.99916,0
-10.76,0,0,-435.58,0.26648,0
-11.459,0,-1.415,-56.62,1.1893,0
-11.459,0,0,-216.27,0.32648,0
-11.459,0,0,-310.66,0.26195,0
-11.459,0,0,-119.39,0.66936,0
-11.459,0,0,-1.4998e+05,0.12044,0
-12.216,0,-1.6352,7.8,748.71,45.031
-12.216,0.78,0,7.8,747.45,43.194
-12.547,1.56,-1.6005,7.8,746.07,48.835
-12.547,2.34,0,7.8,744.62,47.071
-12.547,3.12,0,7.8,743.09,48.67
-12.547,3.9,0,7.8,741.49,50.269
-13.177,4.68,-1.3663,7.8,739.68,56.031
-13.312,5.46,-1.3058,7.8,737.86,57.78
-13.312,6.24,0,6.7,735.94,54.324
-13.571,6.91,-1.1881,6.7,733.92,58.725
-13.571,7.58,0,6.7,731.84,57.602
-13.571,8.25,0,6.7,729.69,58.975
-13.915,8.92,-1.1066,6.7,727.44,63.379
-13.915,9.59,0,6.7,725.12,62.427
-13.915,10.26,0,6.7,722.74,63.801
-14.24,10.93,-1.0799,6.7,720.24,68.108
-14.24,11.6,0,6.7,717.69,67.213
-14.24,12.27,0,4.8,715.08,64.594
-14.553,12.75,-0.8155,4.8,712.37,67.934
-14.63,13.23,-0.6802,4.8,709.62,68.791
-14.698,13.71,-0.55896,4.8,706.8,69.66
-14.698,14.19,0,4.8,703.93,69.47
-14.698,14.67,0,4.8,701.02,70.454
-14.838,15.15,-0.46797,4.8,698.03,72.709
