12.778,12.778,1.3024,0,35.5,0.77432
12.778,12.778,0,0.090536,35.5,0.21049
12.778,12.787,0,0.18425,35.5,0.49189
12.778,12.805,0,0.26754,35.498,0.8061
12.778,12.832,0,0.34228,35.494,1.148
12.778,12.866,0,0.40901,35.487,1.5106
12.778,12.907,0,0.4737,35.476,1.9122
12.778,12.955,0,0.53395,35.46,2.3404
13.813,13.008,1.2486,0.57741,35.891,0
13.813,13.066,0,0.62023,35.968,0
13.813,13.128,0,0.66391,36.04,0.24587
14.194,13.194,1.2782,0.70536,36.165,0
14.328,13.265,1.2382,0.74529,36.276,0
14.328,13.339,0,0.78022,36.379,0
14.328,13.417,0,0.79692,36.474,0.098431
14.683,13.497,1.0175,0.81434,36.624,0
14.782,13.578,1.0003,0.82024,36.739,0
14.782,13.66,0,0.82941,36.855,0
14.992,13.743,1.0233,0.83941,36.993,0
15.086,13.827,1.0333,0.84006,37.124,0
15.197,13.911,1.0674,0.85189,37.254,0
15.3,13.996,1.0129,0.85831,37.392,0
15.3,14.082,0,0.86113,37.518,0
15.3,14.168,0,0.86258,37.635,0
15.3,14.255,0,0.85834,37.744,0
15.3,14.34,0,0.84969,37.844,0.15638
15.3,14.425,0,0.84352,37.936,0.38044
15.84,14.51,0.87774,0.83997,38.197,0
15.919,14.594,0.86508,0.83177,38.332,0
15.919,14.677,0,0.83351,38.461,0
15.919,14.76,0,0.83044,38.581,0
16.188,14.843,0.84023,0.82763,38.727,0
16.188,14.926,0,0.81754,38.858,0
16.188,15.008,0,0.81211,38.98,0
16.419,15.089,0.80365,0.804,39.132,0
16.506,15.169,0.75032,0.80345,39.269,0
16.506,15.25,0,0.79679,39.398,0
16.66,15.329,0.71212,0.79078,39.533,0
16.66,15.409,0,0.78099,39.662,0
16.66,15.487,0,0.77908,39.784,0
16.66,15.565,0,0.76652,39.897,0
16.66,15.641,0,0.76169,40.003,0
16.66,15.717,0,0.74435,40.101,0
17.042,15.792,0.30191,0.71918,40.315,0
17.076,15.864,0.11824,0.69407,40.444,0
17.076,15.933,0,0.66195,40.562,0
17.076,15.999,0,0.6289,40.673,0
17.106,16.062,-0.058508,0.58936,40.771,0
17.1,16.121,-0.093187,0.55087,40.867,0
17.098,16.176,-0.069405,0.51687,40.966,0
17.085,16.228,-0.061124,0.47893,41.056,0
17.071,16.276,-0.078859,0.44268,41.134,0
17.066,16.32,-0.11324,0.41398,41.203,0
17.066,16.361,0,0.38683,41.276,0
17.066,16.4,0,0.36075,41.344,0
17.066,16.436,0,0.34358,41.409,0
17.066,16.471,0,0.33173,41.47,0
17.066,16.504,0,0.31607,41.528,0
17.066,16.535,0,0.30824,41.583,0
17.115,16.566,0.088497,0.30005,41.638,0
17.131,16.596,0.12327,0.29166,41.699,0
17.146,16.625,0.15137,0.28343,41.748,0
17.167,16.654,0.14453,0.27898,41.791,0
17.167,16.682,0,0.27224,41.841,0
17.167,16.709,0,0.26209,41.888,0
17.167,16.735,0,0.24809,41.932,0
17.167,16.76,0,0.24009,41.974,0
17.214,16.784,0.045285,0.23177,42.039,0
17.227,16.807,0.15059,0.22627,42.08,0
17.25,16.83,0.20083,0.22595,42.13,0
17.269,16.852,0.29677,0.22405,42.178,0
17.269,16.875,0,0.22671,42.218,0
17.323,16.897,0.2993,0.22803,42.267,0
17.323,16.92,0,0.23487,42.308,0
17.323,16.944,0,0.23845,42.347,0
17.323,16.967,0,0.2319,42.384,0
17.323,16.991,0,0.23308,42.418,0
17.323,17.014,0,0.23008,42.45,0
17.47,17.037,0.20101,0.23034,42.514,0
17.47,17.06,0,0.23036,42.556,0
17.47,17.083,0,0.22234,42.596,0
17.509,17.105,0.13408,0.2137,42.651,0
17.509,17.127,0,0.21028,42.69,0
17.509,17.148,0,0.20808,42.728,0
17.509,17.168,0,0.20082,42.763,0
17.559,17.189,0.11959,0.19502,42.835,0
17.559,17.208,0,0.1935,42.871,0
17.559,17.227,0,0.18254,42.905,0
17.559,17.246,0,0.17568,42.937,0
17.559,17.263,0,0.16008,42.968,0
17.559,17.279,0,0.14127,42.996,0
17.559,17.293,0,0.12848,43.024,0
17.559,17.306,0,0.11824,43.049,0
17.559,17.318,0,0.11401,43.074,0
17.559,17.329,0,0.10766,43.097,0
17.559,17.34,0,0.10637,43.12,0
17.547,17.351,0.063189,0.10256,43.141,0
17.547,17.361,0,0.1045,43.16,0
17.547,17.372,0,0.099308,43.178,0
17.547,17.381,0,0.10028,43.195,0
17.58,17.392,0.03641,0.098263,43.23,0
17.586,17.401,0.0084336,0.096049,43.239,0
17.577,17.411,0.079928,0.086349,43.257,0
17.577,17.42,0,0.084878,43.273,0
17.577,17.428,0,0.084165,43.289,0
17.577,17.436,0,0.085833,43.303,0
17.577,17.445,0,0.079797,43.317,0
17.577,17.453,0,0.078072,43.329,0
17.596,17.461,0.031871,0.069928,43.354,0
17.596,17.468,0,0.070497,43.367,0
17.596,17.475,0,0.072334,43.379,0
17.596,17.482,0,0.06817,43.391,0
17.622,17.489,-0.028905,0.068836,43.424,0
17.622,17.496,0,0.063264,43.437,0
17.622,17.502,0,0.060489,43.449,0
17.622,17.508,0,0.051571,43.461,0
17.61,17.513,-0.070077,0.049898,43.465,0.068003
17.61,17.518,0,0.043219,43.475,0
17.61,17.523,0,0.03488,43.484,0
17.573,17.526,-0.02813,0.024023,43.494,0.016575
17.573,17.529,0,0.023057,43.499,0
17.573,17.531,0,0.022529,43.503,0
17.577,17.533,0.16557,0.022694,43.517,0
17.577,17.535,0,0.028417,43.521,0
17.577,17.538,0,0.035295,43.525,0
17.625,17.542,0.34176,0.04327,43.54,0
17.625,17.546,0,0.057357,43.548,0
17.625,17.552,0,0.07438,43.556,0.0090215
17.625,17.559,0,0.086997,43.563,0.054533
17.771,17.568,0.26935,0.10467,43.6,0
17.771,17.578,0,0.11361,43.619,0
17.812,17.59,0.17183,0.11482,43.651,0
17.812,17.601,0,0.11415,43.673,0
17.812,17.613,0,0.11762,43.694,0
17.852,17.624,0.03819,0.11736,43.711,0
17.864,17.636,0.015383,0.11696,43.733,0
17.864,17.648,0,0.11167,43.755,0
17.863,17.659,-0.0047764,0.10478,43.787,0
17.863,17.67,0,0.10408,43.807,0
17.873,17.68,0.0056363,0.098857,43.84,0
17.879,17.69,-0.025945,0.096831,43.865,0
17.869,17.7,-0.0081026,0.086751,43.89,0
17.873,17.708,-0.046407,0.084724,43.899,0
17.873,17.717,0,0.077433,43.916,0
17.864,17.724,-0.059248,0.071654,43.92,0
17.864,17.732,0,0.06078,43.934,0
17.864,17.738,0,0.049866,43.947,0
17.827,17.743,0.025674,0.04306,43.96,0
17.827,17.747,0,0.043832,43.968,0
17.827,17.751,0,0.048726,43.975,0
17.842,17.756,-0.012745,0.044086,43.995,0
17.844,17.761,-0.041073,0.042441,44.005,0.0099645
17.847,17.765,-0.061537,0.041852,44.011,0.05959
17.847,17.769,0,0.038987,44.019,0
17.846,17.773,-0.082556,0.037189,44.039,0.12051
17.829,17.777,-0.034261,0.026517,44.041,0.024462
17.818,17.779,-0.022278,0.019985,44.049,0.0099423
17.818,17.781,0,0.018089,44.053,0
17.811,17.783,-0.064948,0.014051,44.052,0.12052
17.812,17.785,0.033763,0.013849,44.05,0
17.812,17.786,0,0.011403,44.052,0
17.812,17.787,0,0.0082966,44.055,0
17.801,17.788,0.1457,0.00673,44.068,0
17.815,17.789,0.19522,0.013263,44.063,0
17.83,17.79,0.19955,0.020633,44.072,0
17.83,17.792,0,0.02553,44.076,0
17.83,17.794,0,0.034625,44.08,9.3913e-05
17.83,17.798,0,0.041316,44.083,0.022147
17.83,17.802,0,0.054771,44.086,0.061453
17.83,17.808,0,0.062994,44.089,0.092471
17.96,17.814,0.2719,0.074496,44.121,0
17.96,17.821,0,0.085368,44.135,0
17.96,17.83,0,0.10013,44.149,0
17.96,17.84,0,0.10622,44.161,0
18.059,17.85,0.17621,0.1063,44.181,0
18.059,17.861,0,0.10589,44.202,0
18.088,17.872,0.12966,0.1098,44.212,0
18.088,17.883,0,0.11213,44.233,0
18.088,17.894,0,0.11312,44.253,0
18.088,17.905,0,0.11425,44.272,0
18.088,17.917,0,0.1147,44.29,0
18.088,17.928,0,0.11642,44.306,0
18.088,17.94,0,0.11416,44.322,0
18.187,17.951,0.29486,0.11953,44.377,0
18.187,17.963,0,0.13169,44.4,0
18.257,17.976,0.4128,0.14204,44.434,0
18.257,17.99,0,0.15642,44.461,0
18.351,18.006,0.5467,4.8,44.495,28.534
18.402,18.486,0.56249,-0.0057781,44.502,0
18.402,18.486,0,-0.0021467,44.493,0.16972
18.402,18.485,0,0.0087311,44.485,0.19448
18.402,18.486,0,0.031232,44.477,0.25042
18.592,18.489,0.46721,0.049655,44.523,0
18.592,18.494,0,0.066643,44.533,0
18.673,18.501,0.33688,0.083212,44.556,0
18.713,18.509,0.2833,0.098444,44.58,0
18.713,18.519,0,0.10716,44.599,0
18.713,18.53,0,0.11663,44.618,0
18.713,18.541,0,0.11807,44.636,0
18.816,18.553,0.20171,0.1263,44.667,0
18.834,18.566,0.16457,0.1291,44.699,0
18.86,18.579,0.16965,0.13545,44.734,0
18.86,18.592,0,0.13712,44.762,0
18.884,18.606,0.097872,0.13334,44.786,0
18.885,18.619,0.070666,0.12732,44.821,0
18.892,18.632,0.035793,0.12459,44.846,0
18.892,18.645,0,0.11811,44.872,0
18.892,18.656,0,0.11456,44.896,0
18.9,18.668,0.022447,0.11096,44.921,0
18.905,18.679,0.11613,0.1083,44.952,0
18.905,18.69,0,0.10956,44.974,0
18.905,18.701,0,0.11363,44.995,0
18.905,18.712,0,0.10863,45.015,0
18.905,18.723,0,0.11039,45.033,0
18.905,18.734,0,0.11641,45.051,0
19.005,18.746,0.1698,0.12393,45.088,0
19.005,18.758,0,0.12418,45.114,0
19.005,18.77,0,0.1302,45.138,0
19.095,18.784,0.38621,0.14855,45.148,0
19.095,18.798,0,0.16232,45.179,0
19.095,18.815,0,0.17673,45.208,0
19.095,18.832,0,0.1841,45.235,0
19.095,18.851,0,0.19245,45.26,0
19.095,18.87,0,0.18873,45.284,0
19.095,18.889,0,0.1823,45.306,0
19.095,18.907,0,0.18079,45.325,0.013245
19.095,18.925,0,0.17999,45.343,0.052273
19.095,18.943,0,0.17967,45.359,0.092669
19.337,18.961,0.15837,0.17748,45.512,0
19.337,18.979,0,0.17982,45.548,0
19.337,18.997,0,0.17774,45.583,0
19.337,19.015,0,0.17018,45.616,0
19.389,19.032,0.10936,0.16831,45.638,0
19.389,19.048,0,0.16372,45.673,0
19.389,19.065,0,0.15714,45.707,0
19.389,19.081,0,0.16003,45.738,0
19.442,19.097,0.062102,0.16209,45.789,0
19.442,19.113,0,0.15326,45.823,0
19.453,19.128,0.029374,0.15203,45.859,0
19.465,19.143,-0.014291,0.1508,45.9,0
19.455,19.158,-0.066008,0.13874,45.925,0
19.455,19.172,0,0.12607,45.954,0
19.455,19.185,0,0.11733,45.981,0
19.446,19.197,0.0035335,0.11642,46.014,0
19.456,19.208,0.030784,0.11561,46.041,0
19.456,19.22,0,0.11249,46.065,0
19.456,19.231,0,0.11371,46.088,0
19.468,19.242,0.0059225,0.10498,46.123,0
19.477,19.253,0.047272,0.10426,46.153,0
19.477,19.263,0,0.10618,46.175,0
19.477,19.274,0,0.10941,46.196,0
19.477,19.285,0,0.11286,46.215,0
19.477,19.296,0,0.11933,46.234,0
19.588,19.308,0.46197,0.13015,46.252,0
19.644,19.321,0.55364,4.8,46.286,28.572
19.644,19.801,0,-0.0076152,46.295,0.31871
19.759,19.8,0.71418,-0.0028765,46.278,0
19.759,19.8,0,0.0098766,46.274,0.10707
19.759,19.801,0,0.039128,46.27,0.17717
19.953,19.805,0.637,0.065941,46.312,0
19.953,19.812,0,0.089757,46.327,0
19.953,19.821,0,0.11501,46.341,0
19.953,19.832,0,0.13974,46.353,0.062166
19.953,19.846,0,0.16907,46.365,0.16988
20.306,19.863,0.86316,0.19726,46.451,0
20.306,19.883,0,0.23069,46.494,0
20.48,19.906,0.76789,0.25508,46.557,0
20.48,19.931,0,0.28153,46.613,0
20.48,19.959,0,0.30518,46.666,0
20.725,19.99,0.70481,0.3256,46.746,0
20.725,20.022,0,0.34267,46.818,0
20.725,20.057,0,0.36207,46.886,0
20.725,20.093,0,0.37505,46.951,0
20.725,20.13,0,0.38882,47.013,0
20.725,20.169,0,0.40198,47.07,0
20.725,20.209,0,0.40868,47.124,0
20.725,20.25,0,0.4119,47.173,0
21.225,20.292,0.31381,0.40846,47.445,0
21.225,20.332,0,0.40278,47.536,0
21.225,20.373,0,0.40074,47.624,0
21.329,20.413,0.31244,0.39887,47.716,0
21.329,20.453,0,0.39595,47.806,0
21.4,20.492,0.18617,4.8,47.894,30.283
21.42,20.972,0.10772,0.18706,47.961,0
21.435,20.991,0.10292,0.1855,48.001,0
21.435,21.009,0,0.17971,48.045,0
21.435,21.027,0,0.18124,48.086,0
21.491,21.046,0.35922,0.18559,48.131,0
21.491,21.064,0,0.19669,48.175,0
21.491,21.084,0,0.20836,48.216,0
21.62,21.105,0.20979,0.21448,48.28,0
21.642,21.126,0.12263,0.21445,48.333,0
21.642,21.148,0,0.21245,48.384,0
21.664,21.169,0.046763,0.20546,48.428,0
21.664,21.189,0,0.19847,48.476,0
21.664,21.209,0,0.19469,48.522,0
21.664,21.229,0,0.19415,48.567,0
21.664,21.248,0,0.18926,48.609,0
21.664,21.267,0,0.19103,48.65,0
21.664,21.286,0,0.18986,48.689,0
21.664,21.305,0,0.19663,48.726,0
21.835,21.325,0.71211,0.21078,48.825,0
21.835,21.346,0,0.23083,48.875,0
21.956,21.369,0.51025,0.24205,48.944,0
22.014,21.393,0.3168,0.2559,49,0
22.014,21.419,0,0.25752,49.061,0
22.014,21.444,0,0.23139,49.119,0
22.014,21.468,0,0.17336,49.175,0
21.704,21.485,-2.7855,0.090129,49.218,41.77
21.432,21.494,-3.589,-0.004286,49.218,88.11
21.432,21.493,0,-0.029282,49.212,0.065408
21.432,21.491,0,-0.055729,49.206,0.0056709
21.432,21.485,0,-0.080944,49.2,0
20.009,21.477,-2.0793,-0.10187,48.91,30.458
20.009,21.467,0,-0.11624,48.764,3.5357
19.688,21.455,-0.60036,-0.12392,48.573,8.8956
19.688,21.443,0,-0.12801,48.397,4.4854
19.688,21.43,0,-0.13006,48.222,4.4303
19.553,21.417,-0.50802,-0.13291,48.02,8.4551
19.553,21.404,0,-0.13584,47.834,4.7818
19.438,21.39,-0.59898,-0.14088,47.641,9.6379
19.438,21.376,0,-0.14498,47.446,5.0488
19.438,21.361,0,-0.148,47.253,4.9806
19.438,21.347,0,-0.14958,47.062,4.9192
19.318,21.332,0.44541,-0.149,46.843,3.1831
19.318,21.317,0,-0.14532,46.642,5.2683
19.449,21.302,1.0192,-0.13876,46.464,1.4883
19.449,21.288,0,-0.13095,46.28,4.7688
19.449,21.275,0,-0.12225,46.096,4.7674
19.777,21.263,1.11,-0.11308,45.957,0.95225
19.777,21.252,0,-0.10409,45.809,3.6487
19.995,21.241,0.92153,-0.095723,45.675,0.75243
20.092,21.232,0.90198,-0.087879,45.545,0.63621
20.092,21.223,0,-0.080056,45.432,2.6598
20.092,21.215,0,-0.073016,45.319,2.6647
20.346,21.208,0.61818,-0.067113,45.238,0.47691
20.404,21.201,0.43818,-0.062251,45.152,0.61015
20.404,21.195,0,-0.058283,45.072,1.7517
20.404,21.189,0,-0.056255,44.993,1.7428
20.481,21.183,0.18305,-0.055216,44.932,0.96363
20.507,21.178,0.17819,-0.052904,44.866,0.91193
20.521,21.172,0.18563,-0.051438,44.791,0.85143
20.532,21.167,0.20871,-0.050274,44.732,0.76364
20.532,21.162,0,-0.048433,44.669,1.3498
20.571,21.157,0.25952,-0.046638,44.599,0.56
20.571,21.153,0,-0.044187,44.541,1.2376
20.571,21.148,0,-0.040284,44.483,1.2387
20.692,21.144,0.55466,-0.036176,44.449,0
20.742,21.141,0.63545,-0.031915,44.4,0
20.742,21.138,0,-0.026183,44.36,0.82353
20.742,21.135,0,-0.019155,44.321,0.8376
20.742,21.133,0,-0.012542,44.281,0.85231
20.742,21.132,0,-0.0056827,44.242,0.86955
21.157,21.131,0.95496,0.009855,44.307,0
21.157,21.132,0,0.049833,44.309,0.057795
21.353,21.137,0.96436,0.083206,44.326,0
21.353,21.145,0,0.12001,44.347,0
21.353,21.157,0,0.15072,44.367,0
21.353,21.173,0,0.18599,44.386,0.043556
21.759,21.191,1.0204,0.21801,44.478,0
21.759,21.213,0,0.24997,44.533,0
21.759,21.238,0,0.27711,44.587,0
21.759,21.266,0,0.29618,44.637,0
21.759,21.295,0,0.31477,44.685,0
22.206,21.327,0.84035,0.33689,44.858,0
22.299,21.36,0.92192,0.35943,44.953,0
22.299,21.396,0,0.37782,45.045,0
22.299,21.434,0,0.40128,45.133,0
22.577,21.474,0.88297,0.421,45.257,0
22.577,21.516,0,0.43719,45.365,0
22.577,21.56,0,0.45619,45.469,0
22.577,21.606,0,0.47135,45.568,0
22.921,21.653,0.68603,0.48204,45.734,0
22.997,21.701,0.71008,0.49158,45.857,0
23.077,21.75,0.66676,0.50266,45.984,0
23.077,21.8,0,0.50705,46.114,0
23.077,21.851,0,0.51283,46.239,0
23.077,21.902,0,0.51941,46.359,0
23.35,21.954,0.57054,0.52612,46.512,0
23.35,22.007,0,0.52629,46.649,0
23.35,22.06,0,0.52366,46.781,0
23.35,22.112,0,0.5203,46.907,0
23.542,22.164,0.4591,0.5168,47.075,0
23.542,22.216,0,0.51422,47.211,0
23.626,22.267,0.49577,0.50826,47.348,0
23.669,22.318,0.4361,0.50461,47.489,0
23.669,22.368,0,0.49799,47.622,0
23.669,22.418,0,0.49413,47.749,0
23.669,22.468,0,0.48751,47.872,0
23.669,22.516,0,0.47831,47.989,0
23.831,22.564,0.33085,0.47055,48.165,0
23.856,22.611,0.33915,0.46188,48.292,0
23.856,22.657,0,0.45335,48.414,0
23.856,22.703,0,0.44736,48.532,0
23.856,22.748,0,0.43802,48.645,0
23.856,22.791,0,0.43377,48.754,0
23.998,22.835,0.26496,0.42922,48.904,0
23.998,22.878,0,0.41913,49.019,0
24.017,22.92,0.10914,0.40419,49.141,0
24.017,22.96,0,0.39043,49.249,0
24.017,22.999,0,0.37705,49.353,0
24.017,23.037,0,0.3655,49.453,0
24.017,23.073,0,0.35418,49.549,0
24.017,23.109,0,0.34852,49.641,0
24.086,23.144,0.085674,0.34512,49.738,0
24.086,23.178,0,0.33608,49.83,0
24.106,23.212,0.065257,0.32721,49.919,0
24.106,23.244,0,0.31927,50.007,0
24.106,23.276,0,0.31055,50.092,0
24.106,23.307,0,0.3015,50.173,0
24.106,23.338,0,0.29076,50.252,0
24.106,23.367,0,0.28265,50.327,0
24.106,23.395,0,0.27109,50.4,0
24.106,23.422,0,0.25955,50.469,0
24.154,23.448,0.085163,0.25663,50.56,0
24.169,23.474,0.038803,0.25276,50.639,0
24.169,23.499,0,0.2441,50.708,0
24.169,23.523,0,0.23352,50.773,0
24.169,23.547,0,0.22306,50.837,0
24.169,23.569,0,0.21639,50.898,0
24.169,23.591,0,0.21464,50.957,0
24.169,23.612,0,0.21581,51.014,0
24.217,23.634,0.28837,0.21141,51.065,0
24.217,23.655,0,0.21072,51.122,0
24.217,23.676,0,0.21622,51.177,0
24.217,23.697,0,0.22638,51.23,0
24.431,23.72,0.97358,0.25683,51.305,0
