17.222,17.222,0.50267,0,35.5,0
17.269,17.222,0.38082,0.02074,35.501,0
17.311,17.224,0.38863,0.038435,35.501,0
17.349,17.228,0.3593,0.053808,35.51,0
17.349,17.234,0,0.071648,35.522,0
17.349,17.241,0,0.088762,35.533,0
17.468,17.25,0.38136,0.097181,35.553,0
17.468,17.259,0,0.10994,35.575,0
17.539,17.27,0.29613,0.11915,35.605,0
17.568,17.282,0.13834,0.12666,35.633,0
17.583,17.295,-0.034334,0.12774,35.66,0
17.573,17.308,-0.1978,0.11746,35.686,0.20897
17.573,17.319,0,0.10569,35.712,0
17.573,17.33,0,0.089871,35.737,0
17.492,17.339,-0.41384,0.067582,35.748,1.1466
17.457,17.346,-0.38088,0.049334,35.761,1.0553
17.411,17.351,-0.39697,0.026617,35.765,1.1858
17.411,17.353,0,0.0057956,35.771,0
17.411,17.354,0,-0.0022644,35.777,0
17.278,17.354,-0.49662,-0.0069656,35.742,1.9385
17.223,17.353,-0.54088,-0.011981,35.726,2.335
17.164,17.352,-0.56937,-0.017406,35.706,2.6773
17.164,17.35,0,-0.021756,35.687,0.34771
17.062,17.348,-0.59322,-0.026515,35.653,3.1327
17.062,17.345,0,-0.031709,35.624,0.54122
17.062,17.342,0,-0.037592,35.596,0.51864
17.062,17.338,0,-0.04176,35.569,0.49936
16.84,17.334,-0.56365,-0.046137,35.49,3.6274
16.84,17.329,0,-0.050509,35.441,0.98192
16.84,17.324,0,-0.056148,35.392,0.95263
16.84,17.319,0,-0.060574,35.344,0.92579
16.631,17.313,-0.20537,-0.064286,35.279,2.2471
16.603,17.306,-0.030816,-0.066548,35.201,1.5935
16.603,17.3,0,-0.065687,35.131,1.4699
16.603,17.293,0,-0.06474,35.062,1.4556
16.603,17.287,0,-0.062324,34.993,1.4465
16.603,17.28,0,-0.060639,34.925,1.4355
16.652,17.274,0.13472,-0.05963,34.87,0.89463
16.658,17.268,0.12506,-0.058639,34.816,0.8957
16.658,17.262,0,-0.056265,34.755,1.2573
16.693,17.257,0.19615,-0.054453,34.704,0.63135
16.693,17.251,0,-0.052053,34.648,1.1529
16.748,17.246,0.24102,-0.048352,34.595,0.41921
16.748,17.241,0,-0.046157,34.545,1.0071
16.789,17.237,0.18919,-0.04355,34.507,0.42891
16.803,17.232,0.1628,-0.041904,34.466,0.4512
16.827,17.228,0.14491,-0.039139,34.431,0.43555
16.827,17.224,0,-0.036454,34.391,0.79757
16.862,17.221,0.18955,-0.035067,34.362,0.26829
16.862,17.217,0,-0.032809,34.327,0.70633
16.895,17.214,0.20734,-0.031276,34.28,0.16778
16.895,17.211,0,-0.029086,34.248,0.62331
16.895,17.208,0,-0.025893,34.217,0.62513
16.959,17.205,0.21405,-0.024333,34.181,0.037991
16.959,17.203,0,-0.021021,34.156,0.48025
17.016,17.201,0.23441,-0.018224,34.143,0
17.046,17.199,0.23702,-0.015134,34.126,0
17.078,17.197,0.19457,-0.011779,34.111,0
17.09,17.196,0.12271,-0.010471,34.102,0
17.103,17.195,0.021172,-0.0091124,34.088,0.12553
17.103,17.194,0,-0.0083847,34.079,0.1724
17.099,17.193,-0.2342,-0.0093791,34.07,0.85725
17.099,17.192,0,-0.011453,34.061,0.17095
17.099,17.191,0,-0.013697,34.051,0.16342
17.099,17.19,0,-0.01788,34.042,0.15112
16.955,17.188,-0.50971,-0.023159,34.007,2.4709
16.9,17.186,-0.53848,-0.028422,33.976,2.7941
16.846,17.183,-0.55379,-0.033549,33.935,3.0436
16.846,17.18,0,-0.039684,33.902,0.63664
16.73,17.176,-0.61242,-0.044599,33.847,3.7676
16.671,17.171,-0.61219,-0.050164,33.796,3.9478
16.619,17.166,-0.63098,-0.054956,33.751,4.2344
16.619,17.161,0,-0.061164,33.697,1.0808
16.619,17.155,0,-0.067145,33.643,1.0472
16.619,17.148,0,-0.073266,33.59,1.0122
16.37,17.141,-0.62693,-0.078376,33.477,4.9778
16.314,17.133,-0.60716,-0.08356,33.393,4.9998
16.259,17.124,-0.60192,-0.088582,33.316,5.1223
16.259,17.115,0,-0.093829,33.23,1.8054
16.144,17.106,-0.58326,-0.09929,33.143,5.323
16.085,17.096,-0.57925,-0.10472,33.051,5.4623
16.085,17.086,0,-0.10999,32.951,2.1538
16.085,17.075,0,-0.11581,32.851,2.1003
16.085,17.063,0,-0.12091,32.753,2.0483
15.867,17.051,-0.26874,-0.12504,32.608,3.976
15.842,17.039,-0.041142,-0.12701,32.486,2.8444
15.843,17.026,0.19289,-0.12629,32.362,1.9031
15.843,17.013,0,-0.12334,32.244,2.601
15.912,17.001,0.57638,-0.11739,32.146,0.83134
15.967,16.989,0.64792,-0.1107,32.041,0.64484
16.031,16.978,0.71433,-0.10291,31.949,0.48979
16.031,16.968,0,-0.094494,31.855,2.028
16.031,16.958,0,-0.085222,31.762,2.0358
16.031,16.95,0,-0.076292,31.67,2.0451
16.327,16.942,0.74094,-0.067836,31.631,0.11753
16.401,16.935,0.73878,-0.059107,31.575,0.042742
16.481,16.929,0.74831,-0.049723,31.528,0
16.556,16.924,0.75223,-0.040948,31.485,0
16.556,16.92,0,-0.031896,31.448,0.73305
16.704,16.917,0.7928,-0.023767,31.422,0
16.774,16.915,0.77896,-0.015644,31.408,0
16.774,16.913,0,-0.0075358,31.394,0.27795
16.926,16.913,0.73489,0.0055513,31.396,0
16.926,16.913,0,0.036132,31.398,0.051576
16.926,16.917,0,0.05929,31.399,0.11288
17.129,16.923,0.63162,0.084822,31.44,0
17.192,16.931,0.58914,0.10729,31.454,0
17.192,16.942,0,0.12333,31.479,0
17.298,16.954,0.54324,0.14097,31.515,0
17.298,16.968,0,0.15447,31.549,0
17.405,16.984,0.48985,0.1729,31.593,0
17.405,17.001,0,0.18582,31.635,0
17.505,17.02,0.4732,0.1989,31.684,0
17.556,17.039,0.47675,0.21166,31.735,0
17.606,17.061,0.48229,0.22325,31.78,0
17.65,17.083,0.4394,0.23208,31.845,0
17.685,17.106,0.40659,0.23661,31.903,0
17.685,17.13,0,0.24193,31.96,0
17.759,17.154,0.42427,0.24699,32.019,0
17.793,17.179,0.42561,0.25056,32.085,0
17.832,17.204,0.45087,0.25621,32.151,0
17.876,17.229,0.44908,0.26334,32.211,0
17.915,17.256,0.4434,0.26822,32.281,0
17.961,17.283,0.43129,0.27612,32.356,0
17.961,17.31,0,0.27929,32.422,0
18.028,17.338,0.24828,0.28029,32.508,0
18.059,17.366,0.10157,0.28138,32.567,0
18.062,17.394,-0.075402,0.27066,32.634,0
18.063,17.421,-0.24305,0.25984,32.694,0
18.03,17.447,-0.36651,0.23597,32.755,0.34572
17.997,17.471,-0.38457,0.21304,32.812,0.4918
17.957,17.492,-0.39437,0.18801,32.867,0.61435
17.957,17.511,0,0.16271,32.912,0
17.882,17.527,-0.43692,0.14324,32.948,0.94528
17.882,17.542,0,0.11771,32.983,0
17.783,17.553,-0.50903,0.092814,32.997,1.4554
17.783,17.563,0,0.065255,33.02,0
17.783,17.569,0,0.041088,33.041,0
17.62,17.573,-0.55706,0.018896,33.02,1.9637
17.57,17.575,-0.57328,-0.00055675,33.017,2.1347
17.512,17.575,-0.55682,-0.0067198,33.007,2.2154
17.512,17.574,0,-0.013259,33.001,0.10031
17.386,17.573,-0.56599,-0.020066,32.968,2.6414
17.332,17.571,-0.46883,-0.025625,32.942,2.2592
17.28,17.569,-0.33295,-0.031033,32.92,1.7373
17.24,17.565,-0.24738,-0.034996,32.883,1.4655
17.21,17.562,-0.13719,-0.037938,32.842,1.1144
17.21,17.558,0,-0.039379,32.807,0.67313
17.21,17.554,0,-0.039742,32.773,0.66287
17.181,17.55,-0.06297,-0.040007,32.733,0.90794
17.181,17.546,0,-0.040582,32.696,0.71058
17.165,17.542,0.056309,-0.040974,32.662,0.58738
17.167,17.538,0.14957,-0.040331,32.629,0.36151
17.187,17.534,0.25745,-0.037796,32.595,0.12843
17.223,17.53,0.37098,-0.033559,32.56,0
17.223,17.527,0,-0.02969,32.53,0.59617
17.223,17.524,0,-0.025245,32.5,0.60117
17.343,17.521,0.51833,-0.019532,32.478,0
17.343,17.519,0,-0.012856,32.46,0.34806
17.343,17.518,0,-0.007229,32.442,0.35911
17.52,17.517,0.63254,0.0011093,32.448,0
17.591,17.518,0.66617,0.02921,32.453,0
17.591,17.521,0,0.055227,32.46,0
17.724,17.526,0.72361,0.0788,32.484,0
17.788,17.534,0.7487,0.10148,32.508,0
17.788,17.544,0,0.12883,32.533,0
17.788,17.557,0,0.15598,32.557,0
18.032,17.573,0.80761,0.18297,32.608,0
18.12,17.591,0.79287,0.21071,32.656,0
18.201,17.612,0.77936,0.23461,32.721,0
18.201,17.635,0,0.25645,32.779,0
18.363,17.661,0.80822,0.27908,32.839,0
18.439,17.689,0.80623,0.298,32.919,0
18.439,17.719,0,0.31717,32.992,0
18.439,17.75,0,0.33263,33.063,0
18.439,17.784,0,0.35169,33.13,0
18.749,17.819,0.74472,0.36845,33.258,0
18.749,17.856,0,0.38456,33.349,0
18.749,17.894,0,0.39797,33.436,0
18.975,17.934,0.67263,0.41147,33.568,0
19.039,17.975,0.62076,0.4202,33.683,0
19.039,18.017,0,0.42903,33.787,0
19.168,18.06,0.53878,0.43668,33.901,0
19.213,18.104,0.46009,0.43645,34.003,0
19.25,18.147,0.3694,0.43334,34.117,0
19.296,18.191,0.26194,0.434,34.236,0
19.296,18.234,0,0.42945,34.344,0
19.347,18.277,-0.0042708,0.41924,34.449,0
19.346,18.319,-0.1285,0.402,34.561,0
19.346,18.359,0,0.37859,34.661,0
19.31,18.397,-0.29945,0.35668,34.759,0
19.31,18.433,0,0.33357,34.848,0
19.25,18.466,-0.40661,0.30551,34.927,0.18938
19.25,18.497,0,0.27945,35.004,0
19.162,18.525,-0.5252,0.24812,35.083,0.91769
19.117,18.549,-0.53505,0.2209,35.133,1.0669
19.117,18.571,0,0.1879,35.189,0
19.117,18.59,0,0.16099,35.243,0
19.117,18.606,0,0.1397,35.294,0
18.92,18.62,-0.35141,0.11622,35.307,0.64749
18.92,18.632,0,0.098152,35.337,0
18.854,18.642,-0.27986,0.082417,35.365,0.50344
18.854,18.65,0,0.066453,35.386,0
18.792,18.657,-0.10855,0.052587,35.417,0.084052
18.785,18.662,-0.088023,0.047834,35.422,0.047404
18.785,18.667,0,0.040371,35.434,0
18.766,18.671,-0.054249,0.036916,35.43,0.0014729
18.755,18.674,-0.089178,0.031203,35.438,0.10481
18.747,18.678,-0.141,0.026927,35.451,0.25689
18.747,18.68,0,0.022089,35.458,0
18.733,18.682,-0.11978,0.019759,35.46,0.22252
18.733,18.684,0,0.014154,35.465,0
18.715,18.686,-0.12259,0.011435,35.466,0.25796
18.715,18.687,0,0.007033,35.469,0
18.715,18.688,0,0.00093024,35.472,0
18.684,18.688,-0.20124,-0.00033305,35.453,0.53569
18.667,18.688,-0.25396,-0.0020568,35.448,0.75067
18.65,18.687,-0.31355,-0.0038557,35.443,1.0138
18.623,18.687,-0.3738,-0.0064983,35.443,1.3269
18.623,18.686,0,-0.0096399,35.437,0.11067
18.623,18.686,0,-0.014061,35.431,0.098942
18.504,18.684,-0.45505,-0.018307,35.405,2.0242
18.457,18.682,-0.46737,-0.022927,35.376,2.2173
18.411,18.68,-0.47815,-0.02747,35.344,2.404
18.411,18.677,0,-0.031153,35.317,0.50498
18.411,18.674,0,-0.036437,35.29,0.48431
18.265,18.67,-0.5654,-0.041561,35.238,3.3287
18.203,18.666,-0.60268,-0.047594,35.194,3.7559
18.203,18.662,0,-0.054272,35.148,0.89649
18.069,18.656,-0.66026,-0.060465,35.106,4.5711
18.009,18.65,-0.67361,-0.066207,35.043,4.8575
17.945,18.643,-0.67497,-0.072368,34.968,5.0699
17.882,18.636,-0.6606,-0.078371,34.895,5.1581
17.818,18.628,-0.66168,-0.084535,34.82,5.3675
17.756,18.62,-0.66652,-0.090312,34.743,5.5927
17.756,18.611,0,-0.097144,34.657,1.7886
17.61,18.601,-0.67199,-0.10448,34.557,6.0968
17.548,18.591,-0.66498,-0.11038,34.462,6.2281
17.488,18.58,-0.6629,-0.11603,34.364,6.389
17.488,18.568,0,-0.12349,34.256,2.3334
17.488,18.556,0,-0.12904,34.148,2.2758
17.283,18.543,-0.68354,-0.13584,34.007,7.1757
17.283,18.529,0,-0.14157,33.882,2.7545
17.149,18.515,-0.73963,-0.14898,33.747,8.0749
17.069,18.5,-0.78897,-0.15704,33.603,8.7917
17.069,18.484,0,-0.16547,33.461,3.1785
17.069,18.468,0,-0.1749,33.32,3.0857
17.069,18.45,0,-0.18351,33.181,2.9947
17.069,18.432,0,-0.19277,33.044,2.8994
16.634,18.413,-0.8071,-0.20228,32.783,10.342
16.634,18.393,0,-0.21132,32.606,4.087
16.634,18.371,0,-0.22049,32.431,3.9726
16.634,18.349,0,-0.22911,32.259,3.8591
16.296,18.327,-0.73732,-0.23869,32.031,10.597
16.296,18.303,0,-0.24626,31.829,4.7656
16.156,18.278,-0.70385,-0.25408,31.623,10.593
16.156,18.253,0,-0.26275,31.412,4.999
16.008,18.226,-0.79279,-0.27072,31.199,11.875
15.93,18.199,-0.99307,-0.27975,30.979,14.412
15.835,18.171,-1.1722,-0.29122,30.744,17.085
15.725,18.142,-1.3603,-0.30448,30.512,20.29
15.594,18.112,-1.617,-0.32087,30.268,25.27
15.594,18.08,0,-0.34034,30.018,5.9983
15.594,18.046,0,-0.3642,29.771,5.7425
15.05,18.009,-2.3058,-0.3918,29.464,43.917
14.817,17.97,-2.4983,-0.42368,29.163,50.891
14.562,17.928,-2.6394,-0.45967,28.831,56.817
14.297,17.882,-2.7217,-0.49794,28.486,60.956
14.297,17.832,0,-0.53865,28.13,8.9435
14.297,17.778,0,-0.58013,27.78,8.4608
13.484,17.72,-2.6723,-0.62483,27.306,62.507
13.484,17.658,0,-0.67096,26.886,10.785
12.95,17.59,-2.6887,-0.71792,26.401,64.972
12.681,17.519,-2.7342,-0.76755,25.931,67.483
12.406,17.442,-2.7997,-0.82101,25.435,70.751
12.132,17.36,-2.9234,-0.87682,24.924,76.332
12.132,17.272,0,-0.93961,24.405,13.21
12.132,17.178,0,-1.0068,23.896,12.303
12.132,17.077,0,-1.0836,23.397,11.331
12.132,16.969,0,-1.1682,22.908,10.315
10.505,16.852,-3.6726,-1.2617,22.054,116.33
10.134,16.726,-3.7141,-1.3645,21.413,119.23
10.134,16.59,0,-1.4753,20.761,15.344
9.3973,16.442,-3.7491,-1.5969,20.041,121.69
9.3973,16.282,0,-1.7259,19.344,15.479
9.3973,16.11,0,-1.8654,18.664,13.693
9.3973,15.923,0,-2.0183,18.002,11.88
9.3973,15.721,0,-2.1763,17.36,10.136
7.6361,15.504,-3.159,-2.3502,16.314,86.711
7.3297,15.269,-3.035,-2.5295,15.533,79.269
7.3297,15.016,0,-2.7268,14.752,12.192
7.3297,14.743,0,-2.9364,13.997,10.045
6.4545,14.45,-2.7486,-3.1657,13.134,59.251
6.1801,14.133,-2.7036,-3.4061,12.343,53.885
6.1801,13.792,0,-5.3581,11.565,14.786
5.6516,13.257,-2.6008,-5.2861,10.769,21.203
5.39,12.728,-2.4944,-5.181,10.021,17.522
5.1504,12.21,-2.3413,-5.0197,9.3031,14.149
4.9087,11.708,-2.1623,-5.2,8.6006,8.3621
4.9087,11.188,0,-5.2,7.9467,22.907
4.9087,10.668,0,-5.2,7.3448,29.953
4.3105,10.148,-1.8407,-5.2,6.7071,5.5993
4.1357,9.6278,-1.8198,-5.2,6.1399,4.5186
3.9505,9.1078,-1.9065,-5.2,5.6108,3.656
3.7636,8.5878,-2.2054,-5.2,5.1028,3.5973
3.538,8.0678,-2.7405,-5.2,4.6329,4.118
3.2672,7.5478,-3.2464,-5.4356,4.1849,4.175
3.2672,7.0043,0,-5.9034,3.784,4.8984
2.5702,6.4139,-4.1954,-6.3834,3.3763,3.2823
2.5702,5.7756,0,-8.8,3.0239,0
1.6998,4.8956,-4.1055,-8.8,2.6633,0
1.2866,4.0156,-3.4696,-8.8,2.3758,0
0.93286,3.1356,-2.7533,-8.8,2.1223,0
0.66723,2.2556,-1.9923,-8.8,1.9279,0
0.46061,1.3756,-1.2294,-8.8,1.8103,0
0.33451,0.49561,-0.84265,-8.8,1.7494,0
0.33451,0,0,-8.8,1.7773,0
0.17898,0,-0.43578,-8.8,1.852,0
0.12999,0,-0.18885,-8.8,1.9094,0
0.11366,0,0.12657,-8.8,1.9741,0
0.11366,0,0,-8.8,2.0294,0
0.16155,0,0.60363,-8.8,2.0948,0
0.16155,0,0,-8.8,2.1549,0
0.29757,0,0.90266,-8.8,2.2247,0
0.38632,0,1.0081,-8.8,2.3101,0
0.38632,0,0,-8.8,2.3927,0
0.58722,0,1.0574,-8.8,2.5023,0
0.58722,0,0,-8.8,2.6051,0
0.79703,0,0.94734,-8.8,2.7289,0
0.88446,0,0.94757,-8.8,2.8673,0
0.88446,0,0,-8.8,2.9997,0
0.88446,0,0,-8.8,3.1322,0
1.1954,0,1.2154,-8.8,3.3267,0
1.3114,0,1.3932,-8.8,3.5035,0
1.4603,0,1.494,-8.8,3.6894,0
1.6068,0,1.5431,-8.8,3.8819,0
1.6068,0,0,-8.8,4.0866,0
1.91,0,1.5901,-8.8,4.313,0
2.0724,0,1.5991,-8.8,4.5481,0
2.2225,0,1.598,-8.8,4.8131,0
2.2225,0,0,1.5995,5.0794,0
2.2225,0.15995,0,1.5985,5.2936,0
2.7073,0.3198,1.5476,1.5476,5.5596,0
2.7073,0.47456,0,1.2429,5.7906,0
2.9885,0.59885,0.83565,0.83565,6.0338,0
2.9885,0.68242,0,0.39533,6.2685,0
3.1002,0.72195,-0.046084,-0.046084,6.5039,0
3.088,0.71734,-0.42413,-0.42413,6.7407,0
3.088,0.67493,0,-0.50643,6.9799,2.3688
2.9907,0.62428,-0.45033,-0.45033,7.212,0
2.9463,0.57925,-0.39336,-0.39336,7.4532,0
2.8973,0.53992,-0.35122,-0.35122,7.6903,0
2.8973,0.50479,0,-0.32438,7.9278,1.584
2.8973,0.47236,0,-0.37939,8.1687,1.4019
2.7929,0.43442,-0.4544,-0.4544,8.4119,0
2.7452,0.38898,-0.46678,-0.46678,8.6548,0
2.7452,0.3423,0,-0.46046,8.8928,0.40265
2.6359,0.29625,-0.50509,-0.50509,9.1164,0
2.6359,0.24574,0,-0.5025,9.3529,0
2.6359,0.19549,0,-0.46847,9.5944,0
2.4855,0.14865,-0.46643,-0.46643,9.8211,0
2.4303,0.102,-0.48604,-0.48604,10.057,0
2.3905,0.053399,-0.46434,-0.46434,10.284,0
2.3905,0.0069649,0,-0.44803,10.52,0
2.2993,0,-0.47725,-0.47725,10.754,0
2.2993,0,0,-0.5238,10.987,0
2.1962,0,-0.53035,-0.53035,11.219,0
2.1458,0,-0.54324,-0.54324,11.447,0
2.0958,0,-0.57154,-0.57154,11.669,0
2.0461,0,-0.58763,-0.58763,11.878,0
1.9827,0,-0.5542,-0.5542,12.076,0
1.9208,0,-0.53789,-0.53789,12.265,0
1.9208,0,0,-0.51147,12.46,0
1.8143,0,-0.48971,-0.48971,12.635,0
1.8143,0,0,-0.49736,12.819,0
1.8143,0,0,-0.52559,13.003,0
1.6691,0,-0.60855,-0.60855,13.185,0
1.6691,0,0,-0.74151,13.355,0
1.533,0,-0.88654,-0.88654,13.517,0
1.4513,0,-1.0262,-1.0262,13.667,0
1.352,0,-1.1833,-1.1833,13.81,0
1.2327,0,-1.3665,-1.3665,13.941,0
1.2327,0,0,-1.5909,14.071,0
0.93311,0,-1.8538,-1.8538,14.192,0
0.93311,0,0,-2.1222,14.295,0
0.53317,0,-2.3924,-2.3924,14.354,0
0.53317,0,0,-2.6029,14.419,0
0.035881,0,-2.7218,-2.7218,14.422,0
0.035881,0,0,-2.7504,14.439,0
-0.51908,0,-2.7253,-2.7253,14.393,1.0649
-0.51908,0,0,-2.7018,14.354,0
-1.0678,0,-2.6668,-2.6668,14.274,2.1898
-1.3368,0,-2.6914,-2.6914,14.169,2.7412
-1.6069,0,-2.7789,-2.7789,14.039,3.2949
-1.8816,0,-2.9173,-2.9173,13.876,3.858
-2.1741,0,-3.0255,-3.0255,13.691,4.4578
-2.4812,0,-3.0337,-3.0337,13.473,5.0872
-2.4812,0,0,-2.9043,13.24,0
-2.4812,0,0,-2.6288,13.007,0
-3.3174,0,-2.2862,-2.2862,12.63,6.8014
-3.5428,0,-1.9554,-1.9554,12.301,7.2635
-3.7422,0,-1.7171,-1.7171,11.954,7.6722
-3.9156,0,-1.5645,-1.5645,11.59,8.0278
-4.0715,0,-1.5235,-1.5235,11.191,8.3474
-4.2278,0,-1.5297,-1.5297,10.782,8.6678
-4.2278,0,0,-1.5438,10.366,5.4239
-4.2278,0,0,-1.3922,9.9514,5.7425
-4.6727,0,-1.1735,-1.1735,9.4851,9.5798
-4.6727,0,0,-0.92299,9.0237,7.6403
-4.878,0,-0.68132,-0.68132,8.5374,10.001
-4.9386,0,-0.47665,-0.47665,8.0573,10.125
-4.9882,0,-0.40267,-0.40267,7.5597,10.227
-5.0197,0,-0.28476,-0.28476,7.0553,10.291
-5.0197,0,0,-0.085667,6.5548,10.111
-5.0197,0,0,0.16041,6.0532,10.628
-5.0533,0.016041,0.44373,0.44373,5.5209,10.393
-5.0533,0.060414,0,-8.8,5.0118,0
-5.0533,0,0,-8.8,4.5444,0
-5.0533,0,0,-8.8,4.0831,0
-5.0533,0,0,-8.8,3.6218,0
-4.7301,0,0.26491,-8.8,3.2595,0
-4.7301,0,0,-8.8,2.8305,0
-4.6988,0,-0.13792,-8.8,2.4137,0
-4.7073,0,-0.21088,-8.8,1.9829,0
-4.7073,0,0,-8.8,1.5562,0
-4.7522,0,-0.063651,-10.084,1.1269,0
-4.7536,0,-0.0018311,-16.254,0.69519,0
