20,20,0.034977,0,35.5,0
19.995,20,0.36534,-0.00056161,35.492,0
20.027,20,0.27692,0.0094188,35.494,0
20.06,20.001,0.34386,0.020435,35.49,0
20.088,20.003,0.33644,0.029315,35.493,0
20.116,20.006,0.31283,0.038223,35.505,0
20.142,20.01,0.29573,0.045922,35.519,0
20.172,20.014,0.32276,0.054684,35.54,0
20.172,20.02,0,0.060851,35.555,0
20.172,20.026,0,0.071404,35.57,0
20.257,20.033,0.30192,0.077684,35.608,0
20.257,20.041,0,0.083976,35.631,0
20.257,20.049,0,0.092187,35.652,0
20.349,20.058,0.32207,0.10062,35.695,0
20.383,20.068,0.34836,0.10879,35.729,0
20.412,20.079,0.35178,0.11535,35.77,0
20.412,20.091,0,0.12661,35.803,0
20.495,20.103,0.33695,0.13542,35.839,0
20.495,20.117,0,0.14082,35.878,0
20.56,20.131,0.36008,0.14838,35.919,0
20.56,20.146,0,0.15471,35.962,0
20.636,20.161,0.42863,0.16423,36.001,0
20.636,20.178,0,0.17598,36.048,0
20.733,20.195,0.44765,0.18586,36.101,0
20.772,20.214,0.47247,0.19308,36.152,0
20.772,20.233,0,0.19997,36.207,0
20.867,20.253,0.46935,0.21215,36.287,0
20.919,20.275,0.45446,0.22286,36.359,0
20.957,20.297,0.46393,0.22832,36.417,0
20.957,20.32,0,0.2364,36.482,0
21.051,20.343,0.58055,0.24443,36.566,0
21.115,20.368,0.62098,0.25794,36.629,0
21.182,20.394,0.64752,0.27221,36.705,0
21.25,20.421,0.68002,0.28628,36.78,0
21.25,20.449,0,0.29947,36.862,0
21.381,20.479,0.58625,0.31085,36.951,0
21.381,20.51,0,0.32304,37.04,0
21.381,20.543,0,0.33284,37.125,0
21.381,20.576,0,0.34131,37.207,0
21.618,20.61,0.45144,0.34719,37.342,0
21.618,20.645,0,0.34974,37.441,0
21.618,20.68,0,0.35537,37.536,0
21.75,20.715,0.44936,0.35607,37.64,0
21.75,20.751,0,0.35833,37.741,0
21.75,20.787,0,0.35863,37.839,0
21.871,20.823,0.5221,0.36012,37.954,0
21.918,20.859,0.53951,0.36375,38.054,0
21.918,20.895,0,0.36703,38.159,0
22.018,20.932,0.57325,0.37274,38.275,0
22.069,20.969,0.58463,0.37736,38.386,0
22.137,21.007,0.60912,0.38734,38.491,0
22.137,21.046,0,0.39148,38.602,0
22.137,21.085,0,0.39604,38.709,0
22.298,21.124,0.62407,0.40164,38.825,0
22.362,21.164,0.62128,0.40965,38.941,0
22.362,21.205,0,0.41667,39.059,0
22.362,21.247,0,0.42419,39.172,0
22.547,21.289,0.60273,0.42953,39.309,0
22.604,21.332,0.61874,0.4339,39.426,0
22.668,21.376,0.64403,0.44095,39.564,0
22.723,21.42,0.68823,0.44435,39.7,0
22.8,21.464,0.62371,0.45538,39.831,0
22.854,21.51,0.64469,0.45818,39.968,0
22.91,21.556,0.65067,0.46144,40.108,0
22.91,21.602,0,0.46876,40.241,0
22.91,21.649,0,0.47115,40.369,0
23.095,21.696,0.67306,0.47608,40.537,0
23.095,21.743,0,0.48494,40.675,0
23.236,21.792,0.57773,0.49049,40.817,0
23.236,21.841,0,0.49558,40.959,0
23.347,21.891,0.43052,0.49392,41.097,0
23.389,21.94,0.36056,0.49132,41.232,0
23.42,21.989,0.34055,0.48479,41.379,0
23.42,22.038,0,0.48264,41.52,0
23.505,22.086,0.37951,0.48016,41.652,0
23.505,22.134,0,0.4754,41.792,0
23.588,22.181,0.42797,0.47528,41.936,0
23.637,22.229,0.42805,0.47558,42.077,0
23.637,22.276,0,0.47101,42.216,0
23.708,22.324,0.42529,0.46693,42.356,0
23.755,22.37,0.43258,0.46655,42.489,0
23.755,22.417,0,0.46794,42.625,0
23.755,22.464,0,0.46702,42.756,0
23.755,22.51,0,0.46557,42.883,0
23.933,22.557,0.40144,0.46262,43.025,0
23.933,22.603,0,0.45771,43.161,0
24.001,22.649,0.36875,0.45383,43.297,0
24.028,22.694,0.35681,0.44757,43.427,0
24.065,22.739,0.37515,0.44467,43.561,0
24.093,22.784,0.34274,0.43885,43.689,0
24.093,22.827,0,0.43274,43.818,0
24.155,22.871,0.23243,0.42997,43.947,0
24.179,22.914,0.17436,0.42307,44.074,0
24.179,22.956,0,0.41755,44.198,0
24.213,22.998,0.13753,0.40594,44.316,0
24.233,23.038,0.042427,0.39866,44.428,0
24.236,23.078,-0.0068028,0.38622,44.554,0
24.236,23.117,0,0.37373,44.668,0
24.222,23.154,-0.268,0.3561,44.779,0
24.189,23.19,-0.46946,0.33302,44.883,0
24.189,23.223,0,0.30333,44.981,0
24.061,23.254,-0.71976,0.26864,45.05,1.4647
23.99,23.28,-0.6603,0.23595,45.129,1.3087
23.99,23.304,0,0.20632,45.199,0
23.864,23.325,-0.54237,0.17935,45.261,1.0043
23.819,23.343,-0.34461,0.15836,45.308,0.27893
23.776,23.358,-0.23934,0.13867,45.352,0.019751
23.757,23.372,-0.24104,0.12792,45.396,0.07321
23.757,23.385,0,0.11769,45.433,0
23.726,23.397,-0.1499,0.10945,45.46,0
23.726,23.408,0,0.098898,45.493,0
23.693,23.418,-0.049211,0.091285,45.514,0
23.685,23.427,0.02768,0.085689,45.545,0
23.681,23.435,0.12654,0.081612,45.566,0
23.681,23.444,0,0.082686,45.59,0
23.704,23.452,0.16641,0.083874,45.631,0
23.704,23.46,0,0.086993,45.656,0
23.704,23.469,0,0.093419,45.68,0
23.765,23.478,0.1603,0.095222,45.709,0
23.775,23.488,0.13423,0.095345,45.733,0
23.789,23.497,0.1521,0.096833,45.765,0
23.789,23.507,0,0.099965,45.793,0
23.815,23.517,0.13331,0.098692,45.833,0
23.833,23.527,0.14028,0.10138,45.858,0
23.84,23.537,0.10453,0.1006,45.887,0
23.84,23.547,0,0.10098,45.917,0
23.84,23.557,0,0.097933,45.946,0
23.872,23.567,0.13037,0.10093,45.968,0
23.872,23.577,0,0.10133,45.998,0
23.872,23.587,0,0.10642,46.027,0
23.928,23.598,0.28008,0.10924,46.072,0
23.928,23.609,0,0.11661,46.104,0
23.928,23.62,0,0.12129,46.135,0
23.928,23.632,0,0.12146,46.165,0
23.928,23.645,0,0.12101,46.194,0
23.928,23.657,0,0.11684,46.222,0
23.928,23.668,0,0.11244,46.248,0
23.928,23.68,0,0.11168,46.274,0
23.928,23.691,0,0.11288,46.298,0
24.041,23.702,0.19967,0.11211,46.368,0
24.067,23.713,0.26013,0.11708,46.393,0
24.092,23.725,0.28637,0.12143,46.439,0
24.13,23.737,0.28142,0.1298,46.485,0
24.149,23.75,0.29846,0.13176,46.516,0
24.149,23.763,0,0.13396,46.555,0
24.207,23.777,0.30973,0.14209,46.59,0
24.241,23.791,0.27151,0.14858,46.641,0
24.266,23.806,0.23758,0.152,46.68,0
24.299,23.821,0.21803,0.15789,46.724,0
24.327,23.837,0.18293,0.16182,46.773,0
24.343,23.853,0.15223,0.1617,46.815,0
24.343,23.869,0,0.15974,46.863,0
24.369,23.885,0.18077,0.15947,46.899,0
24.383,23.901,0.19567,0.15886,46.953,0
24.41,23.917,0.20477,0.16269,47.005,0
24.41,23.933,0,0.16661,47.054,0
24.448,23.95,0.21309,0.1642,47.102,0
24.479,23.966,0.14098,0.16896,47.154,0
24.491,23.983,0.13976,0.16733,47.199,0
24.514,24,0.10823,0.16924,47.252,0
24.514,24.017,0,0.16533,47.302,0
24.514,24.033,0,0.16048,47.351,0
24.516,24.049,-0.0074837,0.15357,47.416,0
24.521,24.065,-0.043723,0.1502,47.459,0
24.521,24.08,0,0.14219,47.504,0
24.518,24.094,-0.031877,0.13949,47.556,0
24.52,24.108,0.021888,0.13566,47.597,0
24.52,24.122,0,0.13287,47.638,0
24.527,24.135,-0.018187,0.12891,47.683,0
24.524,24.148,0.020689,0.12361,47.713,0
24.532,24.16,0.11108,0.12213,47.747,0
24.532,24.172,0,0.12076,47.783,0
24.553,24.184,0.11614,0.12116,47.817,0
24.561,24.196,0.098256,0.11973,47.85,0
24.573,24.208,-0.038325,0.1198,47.886,0
24.562,24.22,-0.231,0.11211,47.923,0.10404
24.548,24.232,-0.34746,0.1038,47.946,0.53875
24.519,24.242,-0.35184,0.090796,47.966,0.61883
24.474,24.251,-0.38414,0.073288,48,0.83284
24.427,24.258,-0.41054,0.055238,48.021,1.034
24.392,24.264,-0.43052,0.041961,48.045,1.189
24.392,24.268,0,0.026781,48.058,0
24.287,24.271,-0.79932,0.0054314,48.072,3.5011
24.21,24.271,-1.0431,-0.0050228,48.065,5.7604
24.098,24.271,-1.3614,-0.014124,48.045,9.7305
24.098,24.269,0,-0.02436,48.028,0.30969
23.804,24.267,-1.9582,-0.037807,47.988,21.22
23.611,24.263,-2.1136,-0.053397,47.928,25.878
23.611,24.258,0,-0.070717,47.863,1.3211
23.178,24.251,-2.2489,-0.088269,47.76,31.993
23.178,24.242,0,-0.10603,47.653,2.3527
22.722,24.231,-2.3001,-0.12518,47.509,36.237
22.5,24.219,-2.3627,-0.14325,47.356,39.405
22.264,24.205,-2.428,-0.16272,47.164,42.824
22.264,24.188,0,-0.18261,46.97,4.8026
21.758,24.17,-2.6564,-0.20497,46.737,53.486
21.485,24.15,-2.8147,-0.2282,46.491,61.028
21.213,24.127,-2.8976,-0.25176,46.211,65.939
20.928,24.102,-2.9636,-0.27702,45.901,70.341
20.632,24.074,-2.9502,-0.30364,45.574,71.491
20.632,24.043,0,-0.33164,45.231,9.787
20.632,24.01,0,-0.35947,44.892,9.4578
19.749,23.974,-2.6124,-0.3868,44.438,63.653
19.494,23.936,-2.4093,-0.41249,44.009,58.29
19.262,23.894,-2.2829,-0.43682,43.554,55.58
19.262,23.851,0,-0.46091,43.093,14.222
19.262,23.805,0,-0.48542,42.637,13.814
18.603,23.756,-2.2005,-0.51108,42.082,56.182
18.374,23.705,-2.2389,-0.53838,41.562,58.293
18.152,23.651,-2.172,-0.56609,41.022,57.279
17.938,23.595,-2.0219,-0.59399,40.469,53.963
17.938,23.535,0,-0.62207,39.906,17.91
17.545,23.473,-1.6958,-0.64975,39.297,47.108
17.38,23.408,-1.6148,-0.6756,38.699,45.647
17.222,23.34,-1.5902,-0.70151,38.097,45.42
17.222,23.27,0,-0.72924,37.489,19.32
17.222,23.197,0,-0.75772,36.888,18.704
17.222,23.122,0,-0.78768,36.294,18.069
17.222,23.043,0,-0.82008,35.708,17.405
17.222,22.961,0,-0.85515,35.13,16.713
16.187,22.875,-1.9836,-0.89423,34.255,56.733
16.187,22.786,0,-0.93647,33.591,20.409
15.783,22.692,-2.1079,-0.97913,32.894,60.666
15.567,22.594,-2.22,-1.0267,32.2,64.148
15.567,22.492,0,-1.0775,31.502,20.896
15.567,22.384,0,-1.1321,30.815,19.871
14.905,22.271,-2.1962,-1.1873,30.055,63.864
14.688,22.152,-2.1302,-1.2468,29.308,61.905
14.471,22.027,-2.0615,-1.3087,28.567,59.851
14.261,21.896,-1.9299,-1.3732,27.814,56.066
14.068,21.759,-1.843,-1.438,27.056,53.411
14.068,21.615,0,-1.508,26.294,20.458
13.706,21.464,-1.6771,-1.576,25.501,48.125
13.542,21.307,-1.5177,-1.6474,24.718,43.724
13.381,21.142,-1.3896,-1.721,23.943,40.146
13.248,20.97,-1.2813,-1.7925,23.163,36.919
13.122,20.791,-1.2086,-1.8646,22.397,34.388
13.009,20.604,-1.1002,-1.9377,21.625,31.202
12.906,20.411,-1.1458,-2.0108,20.862,30.559
12.906,20.209,0,-2.0892,20.121,14.75
12.662,20.001,-1.1717,-2.1716,19.384,28.141
12.55,19.783,-1.1082,-2.2532,18.657,25.605
12.431,19.558,-1.0824,-2.3412,17.931,23.651
12.431,19.324,0,-2.4262,17.23,10.876
12.212,19.081,-1.0252,-2.5114,16.535,19.652
12.114,18.83,-1.0737,-2.5962,15.848,18.591
12.114,18.571,0,-2.6764,15.189,8.1245
12.114,18.303,0,-2.7665,14.557,7.0263
11.79,18.026,-1.1366,-4.4,13.919,6.1625
11.79,17.586,0,-4.4,13.318,11.96
11.558,17.146,-1.1733,-4.4,12.744,6.0742
11.558,16.706,0,-4.4,12.207,16.249
11.558,16.266,0,-4.4,11.714,20.448
11.176,15.826,-1.5881,-4.4,11.205,6.2253
11.019,15.386,-1.7328,-4.4,10.747,6.4706
11.019,14.946,0,-4.4,10.333,31.511
10.669,14.506,-1.8978,-4.4,9.9351,9.2546
10.669,14.066,0,-4.4,9.5733,42.753
10.669,13.626,0,-4.4,9.2556,55.501
10.096,13.186,-1.8568,-4.4,8.8851,34.587
9.9175,12.746,-1.829,-4.4,8.5906,61.97
9.7342,12.306,-1.9576,-4.4,8.3219,348.77
9.7342,11.866,0,-5.2,8.0867,352.95
9.3335,11.346,-2.0989,-5.2,7.8556,0
9.1336,10.826,-2.1156,-5.2,7.6762,0
8.9266,10.306,-2.1647,-5.2,7.5275,0
8.7032,9.7863,-2.1528,-5.2,7.4012,0
8.4796,9.2663,-2.1334,-5.2,7.3116,0
8.4796,8.7463,0,-5.2,7.2589,331.07
8.0539,8.2263,-2.1782,-5.2,7.2162,0
7.8427,7.7063,-2.1728,-5.2,7.2141,0
7.6285,7.1863,-2.1332,-5.2,7.2374,0
7.4149,6.6663,-1.9955,-5.2,7.2994,0
7.2057,6.1463,-1.8573,-5.2,7.3956,0
7.0194,5.6263,-1.7034,-8.8,7.513,0
6.8482,4.7463,-1.5381,2.0598,7.6859,20.555
6.6847,4.9523,-1.4041,1.6171,7.8813,15.621
6.5425,5.114,-1.3431,1.2853,8.0324,13.019
6.5425,5.2425,0,1.0199,8.1688,0
6.5425,5.3445,0,0.80461,8.2937,0
6.5425,5.4249,0,0.60245,8.4095,0
6.5425,5.4852,0,0.40911,8.5182,0
6.5425,5.5261,0,0.2348,8.6219,0
5.6277,5.5496,-2.0258,0.064174,8.4512,20.081
5.6277,5.556,0,-0.039548,8.4587,0
5.2035,5.552,-2.126,-0.10234,8.4179,23.299
4.997,5.5418,-2.105,-0.16128,8.366,23.485
4.7849,5.5257,-2.13,-0.22098,8.3114,24.74
4.5724,5.5036,-2.1271,-0.28076,8.2362,25.297
4.5724,5.4755,0,-0.34179,8.1445,1.1573
4.1464,5.4413,-2.0952,-0.40364,8.0119,10.201
3.9333,5.401,-2.0481,-0.46793,7.8644,10.095
3.9333,5.3542,0,-0.53061,7.72,1.8621
3.544,5.3011,-1.7147,-8.8,7.5462,0
3.3743,4.4211,-1.548,-0.29746,7.3971,14.687
3.3743,4.3914,0,-0.34175,7.2939,1.4251
3.3743,4.3572,0,-8.8,7.1939,0
3.3743,3.4772,0,-0.12342,7.1396,0
2.854,3.4649,-0.84582,-0.14539,7.0216,5.539
2.854,3.4503,0,-0.16422,6.9612,0.91681
2.7183,3.4339,-0.15776,-0.17404,6.889,1.7085
2.7183,3.4165,0,-0.17623,6.8184,1.1266
2.7367,3.3989,0.78006,-0.1648,6.7483,0.20919
2.8104,3.3824,1.0511,-8.8,6.6872,0
2.8104,2.5024,0,1.0625,6.674,3.358
3.0464,2.6086,1.1752,1.0329,6.7103,0
3.1598,2.7119,0.94995,0.99558,6.7491,0
3.257,2.8115,0.66071,0.93683,6.7847,0
3.3227,2.9052,0.35868,0.83608,6.8296,0.30528
3.3682,2.9888,-0.11362,0.72868,6.8724,1.9843
3.3632,3.0616,-0.89279,0.55939,6.9159,7.0016
3.2827,3.1176,-1.6626,0.29845,6.947,6.8134
3.1195,3.1474,-2.2958,-0.0060983,6.9517,6.7043
2.8841,3.1468,-2.6823,-0.057454,6.94,7.6185
2.614,3.1411,-2.6791,-0.11635,6.8923,7.9085
2.352,3.1294,-2.1978,-0.1739,6.8207,7.3376
2.1372,3.112,-1.5076,-0.22121,6.7367,6.3875
2.1372,3.0899,0,-0.25348,6.6403,1.5279
2.1372,3.0646,0,-8.8,6.5463,0
1.8484,2.1846,-0.17299,-0.056163,6.4334,1.1343
1.8348,2.179,0.34599,-0.057874,6.3977,0
1.8618,2.1732,0.75216,-0.052709,6.3606,0
1.8618,2.1679,0,-0.038372,6.3298,0.57714
1.8618,2.1641,0,-0.021125,6.2994,0.61436
2.1621,2.1619,1.3253,0.00048021,6.3198,0.83752
2.2857,2.162,1.0726,0.37869,6.3188,0
2.2857,2.1999,0,0.59266,6.3292,1.7535
2.2857,2.2591,0,0.65907,6.3349,2.2552
2.2857,2.325,0,0.64375,6.3342,2.4039
2.6281,2.3894,0.59339,0.62555,6.4032,0
2.678,2.452,0.57652,0.56926,6.4286,0
2.7378,2.5089,0.56619,0.55675,6.4535,0
2.7378,2.5646,0,0.51662,6.4736,1.1613
2.828,2.6162,0.46097,0.4829,6.4946,0
2.8836,2.6645,0.48779,0.48641,6.5227,0
2.9316,2.7132,0.55847,0.47231,6.5489,0
2.9819,2.7604,0.60033,0.46681,6.5732,0
3.0333,2.8071,0.6485,0.46575,6.6056,0
3.0947,2.8536,0.74154,0.48467,6.6358,0
3.0947,2.9021,0,0.53128,6.6575,1.1625
3.2574,2.9552,0.77802,0.57717,6.6882,0
3.2574,3.013,0,0.58513,6.7156,1.2259
3.4031,3.0715,0.87522,0.59912,6.7542,0
3.4961,3.1314,0.93568,0.64039,6.783,0
3.5931,3.1954,1.0459,0.67907,6.8281,0
3.7018,3.2633,1.1531,0.72779,6.879,0
3.8203,3.3361,1.2022,0.77854,6.9184,0
3.9472,3.414,1.2609,0.83045,6.97,0
4.0652,3.497,1.2884,0.85639,7.0293,0
4.1871,3.5826,1.2517,0.8817,7.0899,0
4.1871,3.6708,0,0.91191,7.1459,1.8207
4.4516,3.762,1.2812,0.94338,7.2295,0
4.579,3.8563,1.1955,0.95638,7.297,0
4.6911,3.952,1.0596,0.94656,7.363,0
4.8024,4.0466,0.91439,0.93937,7.4435,0
4.8924,4.1406,0.73128,0.90778,7.522,0
4.9727,4.2314,0.5814,0.87047,7.5926,0
5.0263,4.3184,0.43161,0.81069,7.6688,0
5.0657,4.3995,0.30881,0.74522,7.7339,0
5.093,4.474,0.17602,0.67885,7.8062,0
5.1167,4.5419,0.0064622,0.61844,7.8602,0.36573
5.1139,4.6037,-0.15019,0.53973,7.91,0.87629
5.1139,4.6577,0,0.45631,7.9584,0.15462
5.0662,4.7033,-0.29647,0.37418,8.0016,1.2836
5.0662,4.7407,0,0.31152,8.036,0.044375
5.0062,4.7719,-0.37089,0.23755,8.0684,1.4358
5.0062,4.7957,0,0.18374,8.0906,0
4.9406,4.814,-0.54604,0.1269,8.1008,2.1737
4.8899,4.8267,-0.65711,0.06326,8.12,2.7177
4.8899,4.833,0,-0.00051934,8.126,0
4.7579,4.833,-0.52029,-0.020079,8.1327,1.9961
4.7018,4.831,-0.39187,-0.034598,8.1254,1.4882
4.6664,4.8275,-0.29316,-0.043279,8.108,1.1388
4.6664,4.8232,0,-0.050059,8.0921,0.21806
4.6664,4.8182,0,-0.054065,8.0767,0.19863
4.5822,4.8128,-0.4323,-0.062582,8.0403,1.8732
4.5295,4.8065,-0.55823,-0.075493,8.0145,2.6275
4.4701,4.799,-0.59813,-0.08991,7.9906,2.9719
4.4701,4.79,0,-0.10702,7.9582,0.43699
4.4701,4.7793,0,-0.11995,7.9267,0.38427
4.2839,4.7673,-0.65027,-0.13456,7.8682,3.6314
4.2839,4.7538,0,-0.14995,7.8206,0.66376
4.1486,4.7388,-0.778,-0.16693,7.7626,4.7642
4.0673,4.7221,-0.84892,-0.18718,7.6951,5.466
3.9876,4.7034,-0.89938,-0.20699,7.6218,6.0244
3.9063,4.6827,-0.97217,-0.22708,7.5474,6.8104
3.8047,4.66,-1.0647,-0.25313,7.47,7.8916
3.691,4.6347,-1.1984,-0.28385,7.3706,9.5353
3.5757,4.6063,-1.3838,-8.8,7.2814,0
3.4315,3.7263,-1.5431,-0.072532,7.218,12.345
3.4315,3.7191,0,-0.11021,7.1889,0.36026
3.4315,3.708,0,-0.1474,7.1607,0.25766
3.4315,3.6933,0,-0.18508,7.1338,0.15625
2.8095,3.6748,-1.3992,-0.22171,6.9779,6.7529
2.8095,3.6526,0,-0.25651,6.8925,1.2478
2.5444,3.627,-1.1587,-8.8,6.7865,0
2.433,2.747,-1.0935,-0.062471,6.7234,7.0268
2.3282,2.7407,-1.0914,-0.082473,6.6937,7.3358
2.3282,2.7325,0,-0.105,6.6529,0.6291
2.1129,2.722,-1.1181,-0.12418,6.5852,5.0165
2.0035,2.7096,-1.2036,-0.14535,6.5271,5.2291
2.0035,2.695,0,-0.1691,6.4572,1.1311
2.0035,2.6781,0,-0.1965,6.3889,1.0131
1.5972,2.6585,-1.6956,-8.8,6.2541,0
1.42,1.7785,-1.888,-0.051246,6.1803,5.2106
1.42,1.7733,0,-0.078605,6.1447,0.58087
1.42,1.7655,0,-0.10844,6.1097,0.48934
0.8026,1.7546,-2.0118,-0.14062,6.0059,6.3433
0.60933,1.7406,-1.8966,-0.17054,5.9009,6.3752
0.60933,1.7235,0,-8.8,5.7886,0
0.26302,0.84352,-1.5033,-1.5033,5.6891,1.19
0.26302,0.69319,0,-1.2534,5.6385,0
-0.013314,0.56785,-1.0195,-1.0195,5.5669,1.234
-0.12173,0.4659,-0.78722,-0.78722,5.5083,1.2472
-0.20885,0.38718,-0.59489,-0.59489,5.4528,1.2645
-0.26607,0.32769,-0.43873,-0.43873,5.3879,1.2598
-0.31057,0.28382,-0.36705,-0.36705,5.3213,1.2611
-0.31057,0.24711,0,-0.33005,5.2637,0.49232
-0.37969,0.21411,-0.27476,-0.27476,5.1929,1.2599
-0.37969,0.18663,0,-0.18568,5.1349,0.8134
-0.41961,0.16806,-0.081278,-8.8,5.0774,0
-0.42229,0,0.02507,0.02507,5.0591,0.9083
-0.42559,0.002507,0.11211,0.11211,5.0223,0.92021
-0.42559,0.013718,0,-8.8,4.979,0
-0.39957,0,0.15182,-8.8,4.9664,0
-0.38533,0,0.14077,-8.8,4.9619,0
-0.37958,0,0.13519,-8.8,4.9736,0
-0.36519,0,0.13858,-8.8,4.9856,0
-0.34825,0,0.15458,-8.8,4.9855,0
-0.32636,0,0.15917,-8.8,4.9886,0
-0.31029,0,0.15118,0.15118,5.0089,0.67869
-0.31029,0.015118,0,-8.8,4.9771,0
-0.28132,0,0.1122,0.1122,5.0018,0.6193
-0.28132,0.01122,0,-8.8,4.9731,0
-0.28132,0,0,-8.8,4.9878,0
-0.24813,0,0.049139,0.049139,5.0167,0.55126
-0.23628,0.0049139,-0.038367,-8.8,4.9867,0
-0.23067,0,-0.17427,-0.17427,5.0085,0.51548
-0.23067,0,0,-8.8,4.9863,0
-0.27574,0,-0.46805,-0.46805,5.0146,0.60787
-0.32811,0,-0.54023,-8.8,4.9857,0
-0.32811,0,0,-0.48301,4.9969,0
-0.32811,0,0,-8.8,4.9665,0
-0.4858,0,-0.19539,-8.8,4.9548,0
-0.4858,0,0,-8.8,4.9502,0
-0.52355,0,-0.017627,-8.8,4.9403,0
-0.52989,0,-0.033285,-8.8,4.9367,0
-0.52989,0,0,-8.8,4.9277,0
-0.53058,0,-0.11269,-8.8,4.9053,0
-0.53241,0,-0.12969,-8.8,4.8937,0
-0.5374,0,-0.12365,-8.8,4.8921,0
-0.5374,0,0,-8.8,4.8824,0
-0.55774,0,-0.079853,-8.8,4.8717,0
-0.57494,0,-0.070017,-8.8,4.8606,0
-0.57494,0,0,-8.8,4.8471,0
-0.59053,0,-0.056827,-8.8,4.8268,0
-0.5894,0,-0.032351,-8.8,4.8078,0
-0.5894,0,0,-8.8,4.7929,0
-0.59249,0,0.054723,-8.8,4.7796,0
-0.59249,0,0,-8.8,4.7644,0
-0.59249,0,0,-8.8,4.7491,0
-0.5954,0,-0.1547,-8.8,4.7384,0
-0.62051,0,-0.25519,-8.8,4.7278,0
-0.64718,0,-0.32938,-8.8,4.7158,0
-0.67777,0,-0.30958,-8.8,4.6904,0
-0.71452,0,-0.28433,-8.8,4.6684,0
-0.75195,0,-0.27737,-8.8,4.6415,0
-0.75195,0,0,-8.8,4.6103,0
-0.80027,0,-0.17611,-8.8,4.5673,0
-0.80027,0,0,-8.8,4.5312,0
-0.80027,0,0,-8.8,4.4952,0
-0.81574,0,0.2479,-8.8,4.4695,0
-0.79575,0,0.37122,-8.8,4.4374,0
-0.76014,0,0.41858,-8.8,4.4133,0
-0.72399,0,0.42551,-8.8,4.3838,0
-0.72399,0,0,-8.8,4.3554,0
-0.63767,0,0.45732,-8.8,4.3391,0
-0.58572,0,0.42961,-8.8,4.3311,0
-0.53369,0,0.32822,-8.8,4.3088,0
-0.4983,0,0.22032,-8.8,4.292,0
-0.47718,0,0.09926,-8.8,4.2879,0
-0.47718,0,0,-8.8,4.2842,0
-0.47326,0,-0.096716,-8.8,4.2903,0
-0.48165,0,-0.12563,-8.8,4.2811,0
-0.50204,0,-0.16972,-8.8,4.2725,0
-0.50204,0,0,-8.8,4.2663,0
-0.54264,0,-0.18332,-8.8,4.2506,0
-0.55279,0,-0.12195,-8.8,4.2374,0
-0.5664,0,-0.053544,-8.8,4.225,0
-0.56421,0,0.038803,-8.8,4.2152,0
-0.56399,0,0.1337,-8.8,4.2105,0
-0.55914,0,0.17317,-8.8,4.1948,0
-0.53222,0,0.21128,-8.8,4.1854,0
-0.5178,0,0.24702,-8.8,4.1722,0
-0.4991,0,0.21236,-8.8,4.1557,0
-0.4991,0,0,-8.8,4.1498,0
-0.4991,0,0,-8.8,4.1439,0
-0.4991,0,0,-8.8,4.138,0
-0.4991,0,0,-8.8,4.1321,0
-0.47317,0,-0.17677,-8.8,4.1394,0
-0.49741,0,-0.17539,-8.8,4.1375,0
-0.52035,0,-0.086204,-8.8,4.1225,0
-0.52035,0,0,-8.8,4.1144,0
-0.52029,0,0.068187,-8.8,4.0972,0
-0.52029,0,0,-8.8,4.0892,0
-0.52029,0,0,-8.8,4.0812,0
-0.51,0,-0.003417,-8.8,4.0905,0
-0.51,0,0,-8.8,4.0835,0
-0.5096,0,0.014121,-8.8,4.0762,0
-0.49873,0,0.034523,-8.8,4.0697,0
-0.49634,0,0.058687,-8.8,4.0547,0
-0.49634,0,0,-8.8,4.049,0
-0.49576,0,0.0042795,-8.8,4.0425,0
-0.49576,0,0,-8.8,4.0369,0
-0.48578,0,-0.067336,-8.8,4.0313,0
-0.48578,0,0,-8.8,4.0268,0
-0.48578,0,0,-8.8,4.0222,0
-0.50756,0,-0.02354,-8.8,4.018,0
-0.51138,0,-0.033146,-8.8,4.0023,0
-0.51335,0,-0.036698,-8.8,3.9977,0
-0.51335,0,0,-8.8,3.9903,0
-0.53098,0,-0.061272,-8.8,3.9947,0
-0.53098,0,0,-8.8,3.9856,0
-0.53667,0,-0.10738,-8.8,3.9775,0
-0.53753,0,-0.1203,-8.8,3.9621,0
-0.53753,0,0,-8.8,3.9524,0
-0.57196,0,-0.19926,-8.8,3.9414,0
-0.57196,0,0,-8.8,3.9282,0
-0.57196,0,0,-8.8,3.915,0
-0.57196,0,0,-8.8,3.9018,0
-0.64626,0,-0.11424,-8.8,3.8869,0
-0.6571,0,-0.095913,-8.8,3.8698,0
-0.6571,0,0,-8.8,3.8481,0
-0.68208,0,-0.1423,-8.8,3.8285,0
-0.68208,0,0,-8.8,3.8043,0
-0.68208,0,0,-8.8,3.7801,0
-0.744,0,-0.22066,-8.8,3.7581,0
-0.75879,0,-0.15659,-8.8,3.7209,0
-0.75879,0,0,-8.8,3.6891,0
-0.75879,0,0,-8.8,3.6572,0
-0.7891,0,-0.12722,-8.8,3.6271,0
-0.80805,0,-0.15405,-8.8,3.5973,0
-0.81491,0,-0.25889,-8.8,3.5629,0
-0.81491,0,0,-8.8,3.5254,0
-0.86357,0,-0.44225,-8.8,3.4888,0
-0.86357,0,0,-8.8,3.4465,0
-0.86357,0,0,-8.8,3.4041,0
-0.86357,0,0,-8.8,3.3617,0
-1.0893,0,-0.63279,-8.8,3.2978,0
-1.0893,0,0,-8.8,3.2328,0
-1.2263,0,-0.61703,-8.8,3.1498,0
-1.2968,0,-0.60662,-8.8,3.0606,0
-1.2968,0,0,-8.8,2.9749,0
-1.4143,0,-0.56459,-8.8,2.867,0
-1.4738,0,-0.50733,-8.8,2.7759,0
-1.5189,0,-0.43444,-8.8,2.6762,0
-1.557,0,-0.37175,-8.8,2.5566,0
-1.557,0,0,-8.8,2.4449,0
-1.557,0,0,-8.8,2.3332,0
-1.6608,0,-0.31707,-8.8,2.2173,0
-1.6981,0,-0.32796,-8.8,2.0902,0
-1.7407,0,-0.28801,-8.8,1.9578,0
-1.7645,0,-0.20673,-8.8,1.8304,0
-1.7881,0,-0.11593,-8.8,1.7044,0
-1.8053,0,-0.012521,-8.8,1.5756,0
-1.8149,0,0.070321,-8.8,1.4351,0
-1.8169,0,0.10348,-8.8,1.2999,0
-1.8169,0,0,-8.8,1.1622,0
-1.8169,0,0,-8.8,1.0245,0
-1.7578,0,0.27272,-8.8,0.89618,0
-1.7305,0,0.37024,-8.8,0.77,0
-1.7016,0,0.49194,-8.8,0.6443,0
-1.6565,0,0.5995,-8.8,0.52893,0
-1.6565,0,0,-8.8,0.40728,0
-1.5225,0,0.70836,-8.8,0.29516,0
-1.5225,0,0,-8.8,0.1869,0
-1.3822,0,0.78868,-9.1381,0.09623,0
-1.2957,0,0.80565,-47.19,0.017489,0
-1.2957,0,0,-8.8,0.12387,0
-1.1347,0,0.81695,-16.21,0.03781,0
-1.0469,0,0.79507,-34.783,0.015403,0
-0.96232,0,0.76458,-8.8,0.083965,0
-0.96232,0,0,-9.0201,0.031733,0
-0.80405,0,0.6755,-52.056,0.0061301,0
-0.7307,0,0.6414,-8.8,0.19251,0
-0.7307,0,0,-8.8,0.16344,0
-0.59794,0,0.59727,-8.8,0.15014,0
-0.53525,0,0.56444,-8.8,0.13329,0
-0.48685,0,0.5612,-8.8,0.1177,0
-0.42404,0,0.59383,-8.8,0.11134,0
-0.42404,0,0,-8.8,0.11294,0
-0.29684,0,0.65449,-8.8,0.14064,0
-0.22216,0,0.69153,-8.8,0.16448,0
-0.14775,0,0.71695,-8.8,0.18898,0
-0.085338,0,0.69456,-8.8,0.22679,0
-0.085338,0,0,-8.8,0.26226,0
0.062256,0,0.62073,-8.8,0.3107,0
0.1339,0,0.60216,-8.8,0.37105,0
0.19666,0,0.59489,-8.8,0.4295,0
0.25315,0,0.61822,-8.8,0.50265,0
0.25315,0,0,-8.8,0.57196,0
0.37235,0,0.81569,-8.8,0.65368,0
0.37235,0,0,-8.8,0.73491,0
0.55997,0,1.0135,-8.8,0.82837,0
0.66848,0,1.0913,-8.8,0.92769,0
0.78686,0,1.1045,-8.8,1.0532,0
0.78686,0,0,-8.8,1.1759,0
0.78686,0,0,-8.8,1.2986,0
0.78686,0,0,-8.8,1.4213,0
0.78686,0,0,-8.8,1.544,0
0.78686,0,0,-8.8,1.6666,0
1.4136,0,0.84546,-8.8,1.9927,0
