10.278,10.278,0.2043,0,35.5,0
10.278,10.278,0,6.7,35.5,60.872
10.278,10.948,0,6.7,35.467,65.492
10.377,11.618,0.31306,-0.075708,35.369,1.8281
10.377,11.61,0,-0.073737,35.245,3.0043
10.377,11.603,0,-0.072358,35.122,2.987
10.442,11.596,0.18587,-0.071376,35.026,2.0313
10.454,11.588,0.28847,-0.070527,34.919,1.6549
10.481,11.581,0.40863,-0.068676,34.814,1.2603
10.521,11.575,0.50825,-0.066077,34.697,0.96059
10.58,11.568,0.53361,-0.062208,34.599,0.80073
10.58,11.562,0,-0.058922,34.5,2.2961
10.671,11.556,0.21793,-0.056109,34.427,1.2937
10.671,11.55,0,-0.055003,34.339,2.0125
10.695,11.545,-0.024203,-0.054314,34.252,2.0266
10.689,11.539,-0.0099836,-0.0545,34.165,1.9694
10.689,11.534,0,-0.054916,34.08,1.9138
10.682,11.528,-0.08092,-0.054676,33.994,2.2473
10.682,11.523,-0.19525,-0.054548,33.908,2.7538
10.654,11.517,-0.32793,-0.056193,33.816,3.5226
10.621,11.512,-0.4743,-0.058254,33.72,4.5223
10.58,11.506,-0.56482,-0.060779,33.634,5.2854
10.58,11.5,0,-0.065005,33.541,2.0934
10.46,11.493,-0.60825,-0.068443,33.422,6.0225
10.46,11.487,0,-0.072465,33.319,2.3764
10.335,11.479,-0.62601,-0.076482,33.201,6.5957
10.335,11.472,0,-0.080571,33.087,2.6738
10.199,11.464,-0.73318,-0.08541,32.963,8.0179
10.124,11.455,-0.75793,-0.090491,32.826,8.5333
10.052,11.446,-0.82684,-0.095366,32.685,9.4838
9.962,11.436,-0.83183,-0.10147,32.545,9.8896
9.962,11.426,0,-0.10665,32.398,3.6017
9.8067,11.416,-0.72483,-0.11224,32.239,9.3986
9.7245,11.404,-0.73348,-0.11802,32.081,9.7887
9.7245,11.393,0,-0.12351,31.914,4.207
9.5793,11.38,-0.78511,-0.12858,31.724,10.843
9.5102,11.367,-0.80379,-0.13364,31.55,11.29
9.5102,11.354,0,-0.14026,31.365,4.7358
9.3376,11.34,-0.76489,-0.14673,31.157,11.514
9.263,11.325,-0.70377,-0.15258,30.949,11.128
9.1997,11.31,-0.68847,-0.15772,30.734,11.171
9.1997,11.294,0,-0.16335,30.523,5.5213
9.1997,11.278,0,-0.16892,30.315,5.4306
8.9932,11.261,-0.70921,-0.17476,30.083,12.055
8.9932,11.244,0,-0.18106,29.857,6.0057
8.8455,11.226,-0.68679,-0.18755,29.616,12.286
8.7705,11.207,-0.6772,-0.19432,29.368,12.418
8.707,11.187,-0.66227,-0.2003,29.115,12.435
8.707,11.167,0,-0.20722,28.868,6.66
8.707,11.147,0,-0.21399,28.623,6.54
8.4959,11.125,-0.59653,-0.22056,28.348,12.335
8.4959,11.103,0,-0.22687,28.086,7.1202
8.3785,11.08,-0.55202,-0.23287,27.813,12.142
8.3266,11.057,-0.54072,-0.23872,27.536,12.123
8.2664,11.033,-0.51848,-0.24522,27.271,12.028
8.2061,11.009,-0.51628,-0.25212,26.986,12.128
8.2061,10.984,0,-0.25859,26.707,7.6075
8.1044,10.958,-0.51939,-0.26445,26.421,12.313
8.1044,10.931,0,-0.27039,26.137,7.7338
8.0083,10.904,-0.39006,-0.27697,25.84,11.162
7.9744,10.877,-0.27073,-0.28187,25.558,10.084
7.9378,10.848,-0.1221,-0.28708,25.277,8.8721
7.9257,10.82,0.037496,-0.29019,24.982,7.6239
7.9257,10.791,0,-0.29078,24.694,7.7617
7.9478,10.762,0.19435,-0.29141,24.412,6.3179
7.9756,10.732,0.22372,-0.29001,24.139,5.9521
7.9756,10.703,0,-0.28851,23.864,7.2268
7.9756,10.675,0,-0.28715,23.593,7.121
7.9756,10.646,0,-0.28595,23.325,7.0152
7.9756,10.617,0,-0.28375,23.059,6.9162
8.1237,10.589,0.42818,-0.28041,22.82,4.0499
8.1611,10.561,0.41071,-0.27714,22.572,3.9408
8.1611,10.533,0,-0.27248,22.333,5.95
8.2527,10.506,0.30785,-0.26795,22.099,3.9711
8.277,10.479,0.22328,-0.26573,21.867,4.2003
8.2996,10.452,0.11948,-0.26356,21.642,4.5535
8.3086,10.426,0.022676,-0.26297,21.419,4.9462
8.3086,10.4,0,-0.26242,21.209,4.9817
8.3116,10.374,-0.15343,-0.26328,20.993,5.783
8.2973,10.347,-0.20894,-0.2651,20.796,6.0861
8.2664,10.321,-0.24926,-0.26946,20.583,6.3493
8.2382,10.294,-0.27824,-0.2735,20.372,6.5308
8.2382,10.266,0,-0.27822,20.167,4.6804
8.2382,10.239,0,-0.2826,19.966,4.5625
8.2382,10.21,0,-0.28776,19.767,4.4403
8.0879,10.182,-0.42566,-0.29461,19.551,7.6551
8.0532,10.152,-0.43859,-0.29959,19.346,7.7473
7.9994,10.122,-0.45708,-0.30767,19.13,7.9453
7.9523,10.091,-0.48185,-0.31468,18.921,8.1729
7.9114,10.06,-0.49388,-0.32079,18.713,8.2719
7.9114,10.028,0,-0.32802,18.5,4.7368
7.8095,9.995,-0.44105,-0.33711,18.27,7.8882
7.7585,9.9613,-0.37337,-0.34551,18.046,7.3768
7.7585,9.9268,0,-0.35242,17.828,4.7946
7.7585,9.8915,0,-0.35662,17.613,4.6524
7.6749,9.8559,-0.026002,-0.35921,17.398,4.9452
7.6749,9.82,0,-0.36124,17.181,4.6706
7.6749,9.7838,0,-0.35915,16.969,4.5575
7.6749,9.7479,0,-0.35593,16.76,4.4513
7.6749,9.7123,0,-0.3522,16.554,4.3494
7.724,9.6771,0.14513,-0.34947,16.349,3.4235
7.724,9.6422,0,-0.34645,16.155,3.9817
7.7477,9.6075,-0.055075,-0.34343,15.964,4.0755
7.7377,9.5732,-0.14941,-0.3442,15.779,4.4855
7.7377,9.5387,0,-0.34735,15.597,3.6011
7.701,9.504,-0.24203,-0.34878,15.411,4.8747
7.6735,9.4691,-0.26707,-0.35278,15.23,4.9758
7.6735,9.4339,0,-0.35623,15.052,3.435
7.6197,9.3982,-0.24848,-0.36052,14.871,4.7591
7.6197,9.3622,0,-0.36465,14.695,3.3438
7.5619,9.3257,-0.16601,-0.36901,14.515,4.2002
7.5619,9.2888,0,-0.37253,14.34,3.2629
7.5619,9.2516,0,-0.37093,14.17,3.1564
7.5619,9.2145,0,-0.36954,14.002,3.0505
7.5619,9.1775,0,-0.36789,13.839,2.9472
7.5429,9.1407,0.10055,-0.36166,13.658,2.5336
7.5429,9.1046,0,-0.3545,13.5,2.841
7.5429,9.0691,0,-0.34951,13.346,2.7568
7.5696,9.0342,-0.078964,-0.34632,13.199,2.9131
7.5605,8.9995,-0.15254,-0.34481,13.061,3.1687
7.5511,8.965,-0.20002,-0.3438,12.913,3.3181
7.5511,8.9307,0,-0.34379,12.774,2.3607
7.5113,8.8963,-0.13948,-0.34633,12.632,2.9334
7.5052,8.8617,-0.034463,-0.34396,12.494,2.4247
7.5052,8.8273,0,-0.34223,12.36,2.208
7.5119,8.793,0.17946,-0.33404,12.222,1.5759
7.5223,8.7596,0.25658,-0.32698,12.093,1.3113
7.5223,8.7269,0,-0.31573,11.971,1.9822
7.5844,8.6954,0.31324,-0.30149,11.843,0.99786
7.6159,8.6652,0.29964,-0.28814,11.732,0.92931
7.653,8.6364,0.27996,-0.27262,11.638,0.86704
7.6859,8.6091,0.27787,-0.25838,11.548,0.78299
7.7037,8.5833,0.28472,-0.24877,11.452,0.70746
7.7344,8.5584,0.2888,-0.23493,11.375,0.62319
7.7344,8.5349,0,-0.22062,11.294,1.2476
7.7985,8.5129,0.40195,-0.20694,11.226,0.34071
7.7985,8.4922,0,-0.19105,11.156,1.0736
7.7985,8.4731,0,-0.17525,11.087,1.0723
7.9208,8.4555,0.49993,-0.15829,11.032,0.073062
7.9797,8.4397,0.47586,-0.13692,10.981,0.0014125
7.9797,8.426,0,-0.11727,10.935,0.69333
8.0903,8.4143,0.47078,-0.097473,10.888,0
8.1286,8.4045,0.47784,-0.083348,10.855,0
8.1725,8.3962,0.48297,-0.06774,10.83,0
8.2221,8.3894,0.50991,-0.050836,10.801,0
8.2651,8.3843,0.50504,-0.036301,10.788,0
8.2651,8.3807,0,-0.019666,10.776,0.19914
8.3729,8.3788,0.50001,-0.0017924,10.794,0
8.4259,8.3786,0.50633,0.024308,10.8,0
8.473,8.381,0.50835,0.047215,10.805,0
8.529,8.3857,0.52181,0.073597,10.821,0
8.5851,8.3931,0.50141,0.09864,10.84,0
8.5851,8.4029,0,0.12147,10.858,0
8.6833,8.4151,0.49204,0.13764,10.882,0
8.6833,8.4289,0,0.15928,10.908,0
8.7901,8.4448,0.47607,0.17692,10.935,0
8.8308,8.4625,0.47744,0.18852,10.966,0
8.8308,8.4813,0,0.19907,11.002,0
8.9093,8.5012,0.47855,0.20856,11.041,0
8.9093,8.5221,0,0.21758,11.08,0
8.9093,8.5439,0,0.23207,11.118,0
9.0472,8.5671,0.48468,0.24474,11.17,0
9.0884,8.5915,0.47916,0.25299,11.214,0
9.0884,8.6168,0,0.2639,11.262,0
9.184,8.6432,0.45998,0.27476,11.316,0
9.2341,8.6707,0.44158,0.286,11.37,0
9.2341,8.6993,0,0.29217,11.425,0
9.3204,8.7285,0.35898,0.29962,11.478,0
9.3204,8.7585,0,0.29823,11.536,0
9.3787,8.7883,0.2306,0.29824,11.598,0
9.3787,8.8181,0,0.29613,11.655,0
9.4293,8.8477,0.16281,0.29293,11.708,0
9.4293,8.877,0,0.28329,11.764,0
9.4649,8.9054,0.1745,0.28136,11.828,0
9.4649,8.9335,0,0.27453,11.882,0
9.5011,8.9609,0.23265,0.27123,11.95,0
9.5011,8.9881,0,0.27017,12.003,0
9.5567,9.0151,0.30254,0.27158,12.065,0
9.5891,9.0422,0.33367,0.27377,12.112,0
9.5891,9.0696,0,0.27512,12.165,0
9.5891,9.0971,0,0.28337,12.216,0
9.6828,9.1255,0.20051,0.2782,12.282,0
9.706,9.1533,0.10155,0.27553,12.333,0
9.706,9.1808,0,0.26794,12.387,0
9.7319,9.2076,-0.0047345,0.26043,12.423,0
9.7319,9.2337,0,0.24604,12.474,0
9.7231,9.2583,0.015036,0.23049,12.526,0
9.7231,9.2813,0,0.2231,12.571,0
9.7369,9.3036,0.018511,0.21446,12.617,0
9.7304,9.3251,0.017026,0.20043,12.655,0
9.7304,9.3451,0,0.18793,12.695,0
9.7245,9.3639,0.044769,0.17789,12.723,0
9.7245,9.3817,0,0.17546,12.758,0
9.7245,9.3993,0,0.17196,12.792,0
9.7245,9.4165,0,0.17476,12.823,0
9.7245,9.4339,0,0.17968,12.853,0
9.7245,9.4519,0,0.17643,12.881,0
9.7245,9.4695,0,0.18288,12.908,0
9.7245,9.4878,0,0.18006,12.932,0
9.8828,9.5058,0.22423,0.1851,13.016,0
9.8998,9.5244,0.23822,0.18423,13.053,0
9.8998,9.5428,0,0.19156,13.09,0
9.8998,9.5619,0,0.19482,13.125,0
9.9726,9.5814,0.19345,0.19187,13.196,0
9.9996,9.6006,0.13853,0.19556,13.233,0
10.021,9.6202,0.060008,0.19636,13.263,0
10.021,9.6398,0,0.19041,13.302,0
10.019,9.6588,-0.13817,0.17616,13.335,0
10.015,9.6764,-0.2303,0.16503,13.366,0.2764
9.9837,9.693,-0.26769,0.14181,13.399,0.45313
9.9837,9.7071,0,0.1231,13.427,0
9.9235,9.7194,-0.20805,0.099415,13.449,0.3404
9.9035,9.7294,-0.10389,0.084727,13.463,0.067004
9.884,9.7379,0.019611,0.071072,13.475,0
9.884,9.745,0,0.065071,13.49,0
9.884,9.7515,0,0.072791,13.503,0
9.884,9.7587,0,0.080289,13.516,0
9.952,9.7668,0.27589,0.090049,13.545,0
9.9828,9.7758,0.28784,0.1006,13.562,0
9.9828,9.7858,0,0.10973,13.582,0
10.046,9.7968,0.29276,0.1212,13.609,0
10.073,9.8089,0.29334,0.12829,13.64,0
10.073,9.8218,0,0.13265,13.666,0
10.127,9.835,0.32902,0.14158,13.706,0
10.163,9.8492,0.36993,0.15228,13.733,0
10.201,9.8644,0.41637,0.16342,13.766,0
10.24,9.8808,0.43054,0.17407,13.808,0
10.24,9.8982,0,0.19085,13.843,0
10.345,9.9173,0.43941,0.20724,13.88,0
10.397,9.938,0.43723,0.22225,13.924,0
10.397,9.9602,0,0.2346,13.969,0
10.481,9.9837,0.46902,0.2405,14.025,0
10.533,10.008,0.46829,0.25379,14.082,0
10.588,10.033,0.44117,0.26799,14.144,0
10.641,10.06,0.42273,0.28042,14.204,0
10.676,10.088,0.42299,0.28378,14.271,0
10.712,10.116,0.44871,0.28732,14.337,0
10.712,10.145,0,0.29805,14.396,0
10.712,10.175,0,0.30714,14.451,0
10.855,10.206,0.49157,0.31218,14.532,0
10.904,10.237,0.45897,0.32081,14.604,0
10.904,10.269,0,0.33192,14.669,0
11.004,10.302,0.42355,0.33631,14.736,0
11.004,10.336,0,0.33696,14.804,0
11.085,10.369,0.43946,0.3422,14.871,0
11.135,10.404,0.45688,0.3494,14.944,0
11.18,10.439,0.47572,0.35353,15.018,0
11.222,10.474,0.49374,0.3565,15.1,0
11.222,10.51,0,0.36473,15.173,0
11.222,10.546,0,0.37352,15.242,0
11.222,10.583,0,0.38272,15.308,0
11.222,10.622,0,0.391,15.37,0
11.516,10.661,0.61293,0.40475,15.483,0
11.574,10.701,0.63087,0.41253,15.573,0
11.641,10.742,0.64463,0.42431,15.669,0
11.702,10.785,0.64824,0.43238,15.752,0
11.767,10.828,0.69198,0.44148,15.837,0
11.839,10.872,0.71989,0.45404,15.927,0
11.914,10.918,0.73212,0.46719,16.032,0
11.914,10.964,0,0.47794,16.129,0
11.914,11.012,0,0.49332,16.222,0
11.914,11.062,0,0.50286,16.309,0
12.214,11.112,0.72355,0.51351,16.449,0
12.279,11.163,0.71098,0.51901,16.556,0
12.279,11.215,0,0.53046,16.665,0
12.424,11.268,0.72117,0.53549,16.776,0
12.424,11.322,0,0.54519,16.889,0
12.571,11.376,0.74236,0.55177,17.021,0
12.571,11.431,0,0.55883,17.137,0
12.571,11.487,0,0.56212,17.249,0
12.783,11.543,0.67152,0.56937,17.392,0
12.783,11.6,0,0.56817,17.513,0
12.897,11.657,0.5835,0.56717,17.622,0
12.947,11.714,0.57634,0.56274,17.741,0
13.005,11.77,0.58949,0.56249,17.859,0
13.055,11.826,0.59791,0.55832,17.977,0
13.055,11.882,0,0.56022,18.097,0
13.189,11.938,0.65876,0.56627,18.225,0
13.251,11.995,0.6588,0.56805,18.359,0
13.322,12.052,0.63558,0.57375,18.494,0
13.38,12.109,0.61464,0.573,18.625,0
13.443,12.166,0.59601,0.57451,18.757,0
13.504,12.224,0.60721,0.57516,18.89,0
13.559,12.281,0.61077,0.57308,19.019,0
13.559,12.339,0,0.57004,19.144,0
13.674,12.396,0.61389,0.57147,19.272,0
13.674,12.453,0,0.56956,19.397,0
13.784,12.51,0.63445,0.56764,19.526,0
13.784,12.567,0,0.57063,19.65,0
13.921,12.624,0.60699,0.57598,19.788,0
13.921,12.681,0,0.58041,19.915,0
14.057,12.739,0.59744,0.58274,20.05,0
14.057,12.798,0,0.57867,20.179,0
14.057,12.855,0,0.5773,20.302,0
14.221,12.913,0.66189,0.57529,20.447,0
14.294,12.971,0.64514,0.58133,20.579,0
14.294,13.029,0,0.58399,20.709,0
14.294,13.087,0,0.58122,20.832,0
14.294,13.145,0,0.57773,20.95,0
14.524,13.203,0.62419,0.57644,21.121,0
14.524,13.261,0,0.57696,21.251,0
14.524,13.318,0,0.57651,21.374,0
14.716,13.376,0.61765,0.58156,21.504,0
14.784,13.434,0.60975,0.58477,21.644,0
14.784,13.493,0,0.58501,21.776,0
14.915,13.551,0.60197,0.58881,21.907,0
14.979,13.61,0.61824,0.58981,22.039,0
14.979,13.669,0,0.58719,22.173,0
15.102,13.728,0.62149,0.5897,22.303,0
15.102,13.787,0,0.5882,22.437,0
15.22,13.846,0.47508,0.58768,22.572,0
15.273,13.904,0.27933,0.58447,22.714,0
15.306,13.963,0.066715,0.57255,22.855,0
15.306,14.02,0,0.549,22.986,0
15.293,14.075,-0.44153,0.5174,23.109,0
15.244,14.127,-0.75215,0.4741,23.236,1.6453
15.172,14.174,-1.1966,0.42277,23.337,5.4576
15.056,14.216,-1.776,0.35501,23.425,13.521
14.881,14.252,-2.4206,0.26573,23.497,28.559
14.647,14.278,-3.0464,0.15536,23.556,53.043
14.647,14.294,0,0.019396,23.592,0
13.968,14.296,-4.2411,-0.049004,23.559,159.16
13.545,14.291,-4.7164,-0.11169,23.502,241.94
13.073,14.28,-5.163,-0.18189,23.407,355.71
12.551,14.262,-5.5467,-0.2601,23.256,487.61
12.551,14.236,0,-0.34508,23.086,3.2473
11.405,14.201,-6.0063,-0.43709,22.808,31.961
11.405,14.157,0,-0.53461,22.531,5.9239
11.405,14.104,0,-0.63908,22.258,5.2015
11.405,14.04,0,-0.75072,21.992,4.4716
11.405,13.965,0,-0.87171,21.732,3.7482
8.2737,13.878,-6.4322,-1.0028,20.699,34.065
8.2737,13.778,0,-1.1462,20.144,13.373
6.9909,13.663,-6.0152,-1.3005,19.454,33.831
6.3911,13.533,-5.6719,-1.4636,18.755,33.343
6.3911,13.387,0,-1.6368,18.048,16.674
6.3911,13.223,0,-1.8222,17.356,14.53
4.808,13.041,-4.2841,-2.016,16.432,30.391
4.3751,12.839,-3.4468,-2.2196,15.604,28.719
4.3751,12.617,0,-2.4275,14.769,16.575
4.3751,12.374,0,-2.6316,13.957,14.072
3.6042,12.111,-0.90208,-2.8219,13.025,24.479
3.5206,11.829,-0.31521,-2.9984,12.187,15.43
3.4822,11.529,-0.14989,-3.1659,11.373,11.992
3.4741,11.213,-0.1117,-5.2,10.581,11.556
3.4689,10.693,-0.10298,-5.2,9.8374,14.011
3.4545,10.173,-0.11131,-5.2,9.1379,13.049
3.4531,9.6525,-0.098906,-5.2,8.4835,12.074
3.4457,9.1325,-0.082636,-5.2,7.8948,11.094
3.4457,8.6125,0,-5.2,7.3521,10.696
3.4323,8.0925,-0.035596,-5.2,6.875,9.2601
3.419,7.5725,-0.032377,-5.2,6.4336,8.141
3.415,7.0525,-0.033254,-5.2,6.0405,7.0445
3.4113,6.5325,-0.031976,-5.2,5.6971,5.9673
3.4033,6.0125,-0.030939,-8.8,5.407,0
3.3943,5.1325,-0.051329,-8.8,5.1883,0
3.3943,4.2525,0,-8.8,5.0585,0
3.383,3.3725,-0.069871,-8.8,5.0205,0
3.3799,2.4925,-0.031177,-8.8,5.0748,0
3.3799,1.6125,0,-8.8,5.2076,0
3.374,0.73251,0.20603,0.20603,5.4302,0
3.374,0.75311,0,0.40474,5.6933,0
3.448,0.79359,0.60845,0.60845,5.9577,0
3.51,0.85443,0.769,0.769,6.2322,0
3.5887,0.93133,0.90076,4.9,6.5004,12.582
3.6714,1.4213,1.0074,4.9,6.7373,13.548
3.7736,1.9113,1.1044,4.9,6.9525,14.513
3.8912,2.4013,1.2056,4.2523,7.1143,10.315
3.8912,2.8266,0,2.6318,7.242,11.116
4.1455,3.0897,1.3689,2.0358,7.3482,0
4.2827,3.2933,1.3698,1.7378,7.4584,0
4.4284,3.4671,1.3212,1.5658,7.5466,0
4.5619,3.6237,1.2398,1.4351,7.64,0
4.681,3.7672,1.1378,1.3245,7.7345,0
4.7865,3.8997,1.0485,1.2266,7.8298,0
4.9011,4.0223,0.98348,1.1649,7.9112,0
4.9011,4.1388,0,1.1081,7.9932,1.9469
4.9011,4.2496,0,1.0589,8.0639,2.0851
5.2059,4.3555,0.91759,1.0154,8.1687,0
5.2059,4.4571,0,0.98112,8.2487,1.3715
5.4043,4.5552,0.94087,0.95896,8.3454,0
5.504,4.6511,0.9471,0.93952,8.4387,0
5.5953,4.745,0.97161,0.91363,8.52,0
5.5953,4.8364,0,0.90684,8.6004,1.001
5.8077,4.9271,1.0463,0.90378,8.684,0
5.9175,5.0174,1.0835,0.90464,8.7766,0
6.0299,5.1079,1.101,0.90851,8.8758,0
6.1372,5.1988,1.1062,0.90592,8.9661,0
6.1372,5.2894,0,0.9067,9.0554,0.72174
6.3608,5.38,1.118,0.91082,9.1544,0
6.4682,5.4711,1.1405,0.90856,9.248,0
6.4682,5.562,0,0.92097,9.3432,0.60191
6.7186,5.6541,1.2026,0.93607,9.4498,0
6.8374,5.7477,1.2458,0.94169,9.5576,0
6.8374,5.8418,0,0.94642,9.6618,0.435
7.0818,5.9365,1.3075,0.95781,9.7875,0
7.2124,6.0323,1.3079,0.97021,9.8943,0
7.2124,6.1293,0,0.98837,10.007,0.342
7.4741,6.2281,1.2339,0.99229,10.137,0
7.4741,6.3273,0,0.99668,10.256,0.18404
7.7117,6.427,1.0212,0.99172,10.383,0
7.8075,6.5262,0.94695,0.97545,10.52,0
7.9007,6.6237,0.93758,0.95891,10.652,0
7.9846,6.7196,0.9049,0.93788,10.787,0
8.0845,6.8134,0.9308,0.92994,10.907,0
8.0845,6.9064,0,0.91193,11.03,0
8.0845,6.9976,0,0.91102,11.143,0.024123
8.0845,7.0887,0,0.90525,11.247,0.26781
8.0845,7.1792,0,0.89286,11.342,0.48844
8.5411,7.2685,0.89108,0.87886,11.541,0
8.5411,7.3564,0,0.87683,11.664,0
8.5411,7.4441,0,0.87249,11.778,0
8.5411,7.5313,0,0.87089,11.883,0.093525
8.9183,7.6184,0.89691,0.86422,12.078,0
9.0157,7.7048,0.88791,0.86399,12.217,0
9.1025,7.7912,0.86159,0.85651,12.35,0
9.1966,7.8769,0.84988,0.8543,12.479,0
9.1966,7.9623,0,0.84712,12.607,0
9.3581,8.047,0.83139,0.83438,12.743,0
9.4487,8.1305,0.82828,0.83271,12.884,0
9.5394,8.2137,0.82529,0.83029,13.007,0
9.5394,8.2968,0,0.82453,13.136,0
9.5394,8.3792,0,0.8139,13.256,0
9.5394,8.4606,0,0.81188,13.368,0
9.5394,8.5418,0,0.80114,13.472,0
9.9426,8.6219,0.78456,0.79797,13.683,0
9.9426,8.7017,0,0.79475,13.811,0
10.111,8.7812,0.78397,0.79222,13.941,0
10.181,8.8604,0.76463,0.78138,14.067,0
10.181,8.9385,0,0.7765,14.195,0
10.336,9.0162,0.70554,0.77145,14.342,0
10.415,9.0933,0.72062,0.76745,14.466,0
10.495,9.1701,0.72626,0.7647,14.589,0
10.564,9.2466,0.73497,0.75602,14.729,0
10.564,9.3222,0,0.74998,14.857,0
10.703,9.3972,0.72195,0.74142,14.993,0
10.703,9.4713,0,0.73969,15.12,0
10.847,9.5453,0.57259,0.73114,15.259,0
10.904,9.6184,0.48772,0.71833,15.388,0
10.904,9.6902,0,0.70612,15.513,0
11.011,9.7608,0.42527,0.69139,15.634,0
11.056,9.83,0.46757,0.67488,15.757,0
11.105,9.8974,0.49268,0.66097,15.869,0
11.105,9.9635,0,0.64778,15.986,0
11.195,10.028,0.51088,0.63304,16.106,0
11.239,10.092,0.46245,0.61993,16.219,0
11.279,10.154,0.42309,0.60551,16.328,0
11.328,10.214,0.38893,0.59692,16.44,0
11.328,10.274,0,0.57819,16.549,0
11.401,10.332,0.36593,0.5685,16.647,0
11.443,10.389,0.3956,0.55868,16.749,0
11.491,10.444,0.35926,0.55258,16.853,0
11.528,10.5,0.34455,0.54096,16.956,0
11.528,10.554,0,0.52779,17.056,0
11.528,10.607,0,0.51094,17.151,0
