7.7778,7.7778,-0.87734,0,35.5,4.1124
7.6945,7.7778,-0.61111,6.7,35.497,74.13
7.6945,8.4478,0,6.7,35.455,66.069
7.5937,9.1178,-0.32046,6.7,35.325,78.122
7.5937,9.7878,0,6.7,35.139,76.127
7.5329,10.458,-0.14351,6.7,34.864,84.326
7.5278,11.128,-0.13056,-0.21798,34.545,12.576
7.5129,11.106,-0.16168,-0.22088,34.186,12.81
7.5129,11.084,0,-0.22423,33.828,11.241
7.4771,11.061,-0.12735,-0.22721,33.468,12.401
7.4627,11.039,-0.14602,-0.2303,33.104,12.51
7.4627,11.016,0,-0.23341,32.747,11.094
7.4316,10.992,-0.12703,-0.23678,32.378,12.214
7.4115,10.969,-0.16733,-0.24038,32.018,12.54
7.4115,10.945,0,-0.24331,31.664,10.934
7.4115,10.92,0,-0.2463,31.311,10.804
7.3761,10.896,-0.21828,-0.24974,30.949,12.765
7.3486,10.871,-0.19869,-0.25404,30.598,12.559
7.3265,10.845,-0.18792,-0.25792,30.255,12.412
7.3137,10.82,-0.19368,-0.26118,29.911,12.378
7.3137,10.793,0,-0.26454,29.562,10.546
7.2738,10.767,-0.17799,-0.2689,29.23,12.114
7.2513,10.74,-0.19073,-0.2733,28.875,12.177
7.2404,10.713,-0.17768,-0.27678,28.525,11.953
7.2199,10.685,-0.17739,-0.281,28.181,11.884
7.2199,10.657,0,-0.28552,27.836,10.212
7.1784,10.628,-0.17539,-0.28989,27.485,11.728
7.1706,10.599,-0.19998,-0.29324,27.144,11.825
7.1521,10.57,-0.30412,-0.2975,26.807,12.716
7.1315,10.54,-0.37611,-0.30223,26.46,13.343
7.1315,10.51,0,-0.30798,26.121,9.8031
7.0762,10.479,0.092735,-0.31301,25.78,9.1711
7.0762,10.448,0,-0.3144,25.441,9.7304
7.1275,10.417,0.69254,-0.31366,25.122,5.2776
7.1275,10.385,0,-0.30986,24.795,9.271
7.1275,10.354,0,-0.30319,24.471,9.1834
7.1275,10.324,0,-0.29406,24.149,9.1149
7.486,10.295,0.89782,-0.28698,23.907,3.3305
7.486,10.266,0,-0.27905,23.627,7.4912
7.486,10.238,0,-0.27089,23.351,7.4294
7.486,10.211,0,-0.26322,23.077,7.3678
7.8333,10.184,0.89891,-0.25554,22.868,2.3942
7.9161,10.159,0.88579,-0.24712,22.642,2.2201
8.0019,10.134,0.92914,-0.23825,22.416,1.9491
8.0019,10.11,0,-0.2276,22.204,5.2257
8.0019,10.088,0,-0.21809,21.994,5.194
8.2819,10.066,0.91243,-0.20653,21.841,1.4265
8.3672,10.045,0.91818,-0.19627,21.677,1.2698
8.3672,10.026,0,-0.18596,21.51,3.8724
8.5419,10.007,0.83454,-0.17483,21.362,1.057
8.5419,9.9895,0,-0.16479,21.216,3.2834
8.6903,9.973,0.70724,-0.15599,21.072,0.93246
8.752,9.9574,0.67815,-0.14772,20.953,0.85392
8.8224,9.9426,0.72233,-0.13837,20.832,0.69406
8.8224,9.9288,0,-0.12797,20.721,2.3919
8.9873,9.916,0.62132,-0.11617,20.637,0.52769
9.053,9.9044,0.36165,-0.10711,20.549,0.7667
9.0806,9.8937,0.029911,-0.10291,20.459,1.5519
9.0806,9.8834,0,-0.10205,20.379,1.6302
9.0468,9.8732,-0.55016,-0.10572,20.3,4.4899
9.0468,9.8626,0,-0.11124,20.217,1.6338
8.9582,9.8515,-0.2171,-0.1156,20.13,2.7489
8.9582,9.8399,0,-0.11643,20.041,1.7952
8.9376,9.8283,0.071072,-0.11668,19.951,1.5734
8.9477,9.8166,0.012356,-0.11449,19.866,1.7228
8.944,9.8052,-0.094409,-0.11418,19.775,2.1086
8.9287,9.7937,-0.30093,-0.11531,19.696,3.0794
8.8941,9.7822,-0.36956,-0.11911,19.607,3.5178
8.8941,9.7703,0,-0.12442,19.519,1.7519
8.8941,9.7578,0,-0.12518,19.432,1.7154
8.8741,9.7453,0.85428,-0.11898,19.346,0.36818
8.8741,9.7334,0,-0.10673,19.26,1.7679
9.1034,9.7228,1.5808,-0.085598,19.179,1.3497
9.2699,9.7142,1.5482,-0.06166,19.119,1.316
9.4244,9.708,1.2022,-0.039468,19.081,0.48315
9.4244,9.7041,0,-0.021988,19.053,0.55941
9.6139,9.7019,0.4646,-0.012266,19.054,0
9.6139,9.7007,0,-0.0069045,19.045,0.16653
9.6948,9.7,0.3303,-0.00072255,19.058,0
9.6948,9.6999,0,0.015647,19.057,0.04419
9.7608,9.7015,0.35589,0.03957,19.07,0
9.7913,9.7054,0.40641,0.057229,19.078,0
9.7913,9.7111,0,0.08569,19.087,0.021182
9.8935,9.7197,0.47056,0.11572,19.105,0
9.9488,9.7313,0.37226,0.14468,19.128,0
9.9488,9.7458,0,0.16615,19.149,0
10.018,9.7624,-0.13449,0.16961,19.188,0.19698
10.018,9.7793,0,0.14542,19.213,0
10.018,9.7939,0,0.10006,19.236,0
10.018,9.8039,0,0.03909,19.258,0
9.7727,9.8078,-1.0882,-0.0048695,19.221,6.059
9.7727,9.8073,0,-0.018597,19.217,0.031752
9.54,9.8054,-1.418,-0.036989,19.188,10.775
9.54,9.8017,0,-0.056199,19.162,0.43116
9.2565,9.7961,-1.5417,-0.075608,19.113,13.798
9.2565,9.7886,0,-0.097281,19.059,0.95036
8.935,9.7788,-1.8202,-0.11946,18.972,20.102
8.935,9.7669,0,-0.14512,18.889,1.5627
8.5385,9.7524,-2.3441,-0.17457,18.759,34.533
8.2974,9.7349,-2.6063,-0.20893,18.617,44.022
8.2974,9.714,0,-0.24664,18.474,2.8404
7.7486,9.6894,-2.9691,-0.28926,18.279,60.916
7.7486,9.6604,0,-0.33274,18.086,4.0243
7.1669,9.6272,-2.4234,-0.37858,17.853,43.735
7.1669,9.5893,0,-0.41859,17.609,5.3489
7.1669,9.5474,0,-0.45267,17.369,5.0284
7.1669,9.5022,0,-0.47983,17.133,4.7398
7.1669,9.4542,0,-0.49988,16.902,4.4836
7.1669,9.4042,0,-0.51393,16.676,4.2548
6.3743,9.3528,-0.49403,-0.52551,16.125,10.607
6.3264,9.3003,-0.58932,-0.53796,15.824,11.392
6.266,9.2465,-0.71039,-0.55233,15.535,12.543
6.1953,9.1912,-0.85192,-0.56973,15.234,14.047
6.1084,9.1343,-0.98241,-0.59112,14.927,15.602
6.0081,9.0751,-1.0218,-0.61538,14.625,16.109
6.0081,9.0136,0,-0.63892,14.321,6.2852
5.825,8.9497,-0.79511,-0.66308,14.008,13.263
5.825,8.8834,0,-0.68364,13.699,6.2383
5.6871,8.815,-0.46893,-0.70382,13.386,9.7481
5.6347,8.7447,-0.43703,-0.72036,13.084,9.2776
5.6347,8.6726,0,-0.73376,12.776,5.9028
5.6347,8.5992,0,-0.75113,12.476,5.5594
5.5006,8.5241,-0.43714,-0.76889,12.159,8.5576
5.5006,8.4472,0,-0.78548,11.861,5.3306
5.5006,8.3687,0,-0.80224,11.57,4.9904
5.391,8.2885,-0.22757,-0.81104,11.264,6.3059
5.376,8.2074,-0.18765,-0.81724,10.985,5.7884
5.376,8.1256,0,-0.82226,10.706,4.5201
5.3437,8.0434,-0.17786,-0.82805,10.449,5.2106
5.3313,7.9606,-0.17256,-0.83125,10.19,4.9249
5.3313,7.8775,0,-0.83883,9.9309,3.8343
5.3313,7.7936,0,-0.84222,9.6805,3.5795
5.2688,7.7094,-0.16362,-0.84625,9.4348,4.19
5.2555,7.6248,-0.26331,-0.84569,9.2038,4.4435
5.2297,7.5402,-0.36347,-0.85105,8.9642,4.7437
5.2297,7.4551,0,-5.2,8.7375,29.175
5.1914,6.9351,0.37105,-0.63811,8.52,1.5112
5.2359,6.8713,0.6243,-5.2,8.3415,36.198
5.2928,6.3513,0.99305,-0.37476,8.2064,0.82343
5.2928,6.3138,0,-5.2,8.1025,28.088
5.5261,5.7938,1.2326,-0.088673,8.0457,0.71361
5.5261,5.7849,0,-0.047882,8.0194,0.4452
5.7479,5.7801,0.95026,-0.010712,8.0172,0
5.7479,5.7791,0,0.053101,8.0141,0.18704
5.9406,5.7844,0.77202,0.1144,8.0285,0
5.9406,5.7958,0,0.16645,8.0436,0.075529
5.9406,5.8125,0,0.2112,8.0572,0.23499
5.9406,5.8336,0,0.25035,8.069,0.40146
6.2502,5.8586,0.65915,0.28362,8.1253,0
6.3248,5.887,0.63533,0.31635,8.1753,0
6.3248,5.9186,0,0.34014,8.2175,0
6.3248,5.9526,0,0.35899,8.2565,0.067728
6.4982,5.9885,0.42825,0.36336,8.3166,0
6.5473,6.0249,0.2777,0.37104,8.3756,0
6.5473,6.062,0,0.36441,8.426,0
6.5473,6.0984,0,0.3483,8.4727,0
6.5473,6.1332,0,0.31945,8.5159,0
6.5473,6.1652,0,0.28328,8.5557,0
6.5473,6.1935,0,0.24571,8.5925,0
6.5473,6.2181,0,0.20726,8.6266,0
6.4854,6.2388,-0.31351,0.1706,8.6817,0.85936
6.4854,6.2559,0,0.13386,8.7055,0
6.417,6.2693,-0.22711,0.10192,8.7341,0.56016
6.3926,6.2795,-0.21369,0.077916,8.7467,0.5261
6.3926,6.2872,0,0.052488,8.7576,0
6.3344,6.2925,-0.25341,0.028815,8.7728,0.68704
6.3116,6.2954,-0.27019,0.011157,8.7733,0.7549
6.3116,6.2965,0,-0.0038534,8.7748,0
6.3116,6.2961,0,-0.0056551,8.7764,0
6.3116,6.2955,0,-0.010936,8.7779,0
6.2693,6.2944,0.21671,-0.007875,8.7912,0
6.2987,6.2937,0.36445,0.003482,8.795,0
6.3396,6.294,0.42536,0.031485,8.8064,0
6.3772,6.2972,0.559,0.055214,8.8099,0
6.4344,6.3027,0.57262,0.090899,8.8238,0
6.4925,6.3118,0.56823,0.12455,8.8331,0
6.5585,6.3242,0.62467,0.16111,8.8462,0
6.6148,6.3403,0.6639,0.18843,8.8724,0
6.6148,6.3592,0,0.21948,8.8989,0
6.754,6.3811,0.87821,0.25484,8.9341,0
6.8345,6.4066,1.0052,0.29148,8.9676,0
6.9363,6.4358,1.0867,0.34002,9.0155,0
6.9363,6.4698,0,0.39468,9.0639,0
6.9363,6.5092,0,0.44812,9.1086,0.20379
7.2848,6.554,1.216,0.48976,9.1903,0
7.2848,6.603,0,0.54148,9.2609,0
7.5405,6.6572,1.2784,0.58579,9.3516,0
7.5405,6.7157,0,0.63374,9.437,0
7.8025,6.7791,1.3642,0.67049,9.5444,0
7.9339,6.8462,1.3919,0.70815,9.6536,0
8.0787,6.917,1.4034,0.7506,9.7574,0
8.0787,6.992,0,0.78946,9.8699,0
8.0787,7.071,0,0.8193,9.9746,0
8.0787,7.1529,0,0.84683,10.071,0.24439
8.0787,7.2376,0,0.87442,10.16,0.60694
8.0787,7.325,0,0.89272,10.239,0.95557
8.0787,7.4143,0,0.91554,10.31,1.3446
9.0365,7.5059,1.2907,0.93581,10.69,0
9.1575,7.5994,1.246,0.94452,10.837,0
9.2805,7.6939,1.2436,0.95472,11,0
9.2805,7.7894,0,0.96037,11.154,0
9.5302,7.8854,1.229,0.97361,11.309,0
9.6519,7.9828,1.2193,0.98093,11.479,0
9.7653,8.0809,1.2265,0.98312,11.654,0
9.8866,8.1792,1.1827,0.98959,11.828,0
9.8866,8.2781,0,0.99307,11.994,0
10.13,8.3774,1.1439,1.0005,12.167,0
10.13,8.4775,0,0.9962,12.337,0
10.13,8.5771,0,0.99614,12.497,0
10.13,8.6767,0,0.99594,12.648,0
10.13,8.7763,0,0.99342,12.788,0
10.675,8.8757,1.1113,0.99214,13.034,0
10.787,8.9749,1.1367,0.99198,13.208,0
10.892,9.0741,1.1291,0.98874,13.383,0
11.014,9.1729,1.143,0.99557,13.57,0
11.136,9.2725,1.1218,1.001,13.746,0
11.24,9.3726,1.1254,0.99791,13.939,0
11.358,9.4724,1.0705,1.002,14.129,0
11.468,9.5726,0.89014,1.0013,14.321,0
11.563,9.6727,0.62844,0.99265,14.503,0
11.628,9.772,0.40208,0.96876,14.685,0
11.667,9.8689,0.13937,0.93289,14.859,0
11.667,9.9622,0,0.89045,15.034,0
11.673,10.051,-0.13797,0.83297,15.206,0
11.657,10.135,-0.10792,0.77862,15.364,0
11.644,10.212,-0.11212,0.7288,15.511,0
11.644,10.285,0,0.68475,15.65,0
11.618,10.354,-0.12271,0.63818,15.762,0
11.618,10.418,0,0.59888,15.885,0
11.588,10.477,-0.17754,0.55757,16.013,0
11.588,10.533,0,0.51712,16.121,0
11.588,10.585,0,0.4794,16.224,0
11.533,10.633,-0.14452,0.44804,16.307,0
11.533,10.678,0,0.41683,16.395,0
11.533,10.719,0,0.38704,16.478,0
11.478,10.758,-0.18556,0.35607,16.543,0
11.466,10.794,-0.18354,0.33193,16.611,0
11.466,10.827,0,0.30724,16.677,0
11.428,10.858,-0.1414,0.2806,16.723,0
11.428,10.886,0,0.26093,16.779,0
11.428,10.912,0,0.24382,16.832,0
11.386,10.936,-0.12007,0.2206,16.884,0
11.373,10.958,-0.14995,0.203,16.937,0
11.373,10.978,0,0.18118,16.978,0
11.328,10.997,-0.18379,0.16219,17.014,0.13451
11.328,11.013,0,0.14758,17.047,0
11.328,11.028,0,0.13109,17.078,0
11.328,11.041,0,0.11048,17.107,0
11.254,11.052,0.057599,0.098654,17.124,0
11.254,11.062,0,0.097911,17.143,0
11.291,11.071,0.44467,0.10697,17.173,0
11.334,11.082,0.72526,0.12279,17.198,0
11.334,11.094,0,0.14971,17.223,0
11.334,11.109,0,0.17777,17.246,0
11.532,11.127,0.71555,0.19679,17.294,0
11.532,11.147,0,0.22515,17.333,0
11.532,11.169,0,0.2497,17.371,0
11.751,11.194,0.72248,0.26988,17.453,0
11.826,11.221,0.73689,0.29329,17.508,0
11.826,11.251,0,0.3106,17.567,0
11.826,11.282,0,0.3257,17.623,0
11.826,11.314,0,0.34112,17.676,0
12.072,11.348,0.41605,0.34926,17.793,0
12.072,11.383,0,0.34885,17.864,0
12.132,11.418,0.26284,0.34364,17.944,0
12.158,11.452,0.16702,0.33886,18.022,0
12.168,11.486,0.1135,0.32684,18.086,0
12.186,11.519,0.065602,0.31927,18.149,0
12.186,11.551,0,0.30354,18.214,0
12.186,11.581,0,0.29301,18.276,0
12.197,11.611,-0.14895,0.2799,18.345,0
12.19,11.639,-0.24396,0.26285,18.397,0.082452
12.161,11.665,-0.3277,0.2361,18.44,0.443
12.137,11.689,-0.32694,0.21287,18.483,0.49069
12.111,11.71,-0.35962,0.19028,18.529,0.67021
12.076,11.729,-0.2963,0.16483,18.573,0.48204
12.076,11.745,0,0.14351,18.607,0
12.018,11.76,-0.18767,0.12249,18.633,0.2096
12.018,11.772,0,0.11053,18.658,0
11.997,11.783,-0.14935,0.10132,18.684,0.14303
11.984,11.793,-0.1427,0.09022,18.695,0.14868
11.968,11.802,-0.15252,0.07825,18.705,0.20346
11.949,11.81,-0.19009,0.065632,18.72,0.34426
11.933,11.817,-0.21075,0.055039,18.732,0.4334
11.933,11.822,0,0.038718,18.743,0
11.881,11.826,-0.21499,0.025775,18.747,0.51364
11.864,11.828,-0.18463,0.016987,18.745,0.43778
11.864,11.83,0,0.005947,18.749,0
11.832,11.831,-0.12936,0.00075734,18.752,0.31316
11.827,11.831,-0.14574,-0.00062441,18.76,0.36778
11.804,11.831,-0.13652,-0.0047949,18.763,0.3863
11.795,11.83,-0.13807,-0.0063099,18.754,0.40701
11.784,11.83,-0.14582,-0.0080011,18.76,0.44792
11.784,11.829,0,-0.011559,18.755,0.066921
11.746,11.828,-0.13954,-0.014546,18.763,0.5009
11.746,11.826,0,-0.015466,18.755,0.13436
11.727,11.825,-0.13812,-0.017371,18.739,0.52719
11.727,11.823,0,-0.018993,18.729,0.15924
11.727,11.821,0,-0.020409,18.72,0.15206
11.689,11.819,-0.14168,-0.023216,18.701,0.60125
11.669,11.817,-0.17313,-0.026329,18.697,0.73494
11.669,11.814,0,-0.027888,18.682,0.24401
11.632,11.811,-0.24247,-0.032062,18.661,1.0408
11.613,11.808,-0.31139,-0.034841,18.649,1.3433
11.579,11.805,-0.27512,-0.04041,18.627,1.2656
11.542,11.801,-0.15693,-0.046351,18.611,0.90578
11.534,11.796,-0.14301,-0.046962,18.592,0.86599
11.518,11.791,-0.041139,-0.049142,18.561,0.58311
11.511,11.786,0.045221,-0.04963,18.531,0.36966
11.511,11.781,0,-0.048168,18.504,0.47113
11.518,11.777,0.056063,-0.046651,18.494,0.31539
11.518,11.772,0,-0.043493,18.468,0.4449
11.542,11.768,0.09369,-0.040909,18.437,0.18133
11.542,11.763,0,-0.038748,18.415,0.38483
11.542,11.76,0,-0.036604,18.393,0.38147
11.542,11.756,0,-0.033497,18.371,0.38096
11.59,11.753,0.2589,-0.029644,18.377,0
11.611,11.75,0.28515,-0.025301,18.355,0
11.637,11.747,0.25776,-0.020168,18.333,0
11.637,11.745,0,-0.016216,18.322,0.19157
11.637,11.743,0,-0.0097202,18.311,0.20302
11.726,11.742,0.29162,-0.0030074,18.326,0
11.726,11.742,0,0.0030471,18.325,0.039843
11.726,11.742,0,0.018509,18.323,0.07442
11.726,11.744,0,0.034031,18.321,0.11367
11.838,11.748,0.18918,0.042218,18.339,0
11.838,11.752,0,0.052901,18.348,0
11.838,11.757,0,0.055215,18.356,0
11.883,11.763,-0.033345,0.056051,18.381,0
11.881,11.768,-0.21778,0.052837,18.399,0.45847
11.881,11.774,0,0.040702,18.411,0
11.881,11.778,0,-0.0015051,18.421,0
11.597,11.778,-2.5006,-0.032937,18.4,33.149
11.597,11.774,0,-0.078042,18.382,0.20038
11.034,11.766,-3.6571,-0.13427,18.312,95.189
10.667,11.753,-3.3884,-0.20041,18.223,77.644
10.667,11.733,0,-0.26185,18.116,1.7942
10.667,11.707,0,-0.31744,18.01,1.5518
9.7444,11.675,-2.5138,-0.36831,17.782,42.585
9.4925,11.638,-2.3306,-0.41605,17.571,38.022
9.2638,11.597,-2.2301,-0.46058,17.339,36.055
9.0493,11.551,-2.0669,-0.50305,17.101,32.567
9.0493,11.5,0,-0.54629,16.853,4.8098
9.0493,11.446,0,-0.58754,16.611,4.4357
8.4964,11.387,-1.3387,-0.6219,16.263,19.495
8.3568,11.325,-1.0304,-0.6545,15.965,15.278
8.2556,11.259,-0.73179,-0.6793,15.663,11.821
8.1784,11.191,-0.49958,-0.69843,15.369,9.5242
8.1784,11.121,0,-0.71169,15.072,5.6824
8.1784,11.05,0,-0.72351,14.781,5.3779
8.1784,10.978,0,-0.72705,14.497,5.116
8.1784,10.905,0,-0.73001,14.221,4.8609
8.1784,10.832,0,-0.73463,13.952,4.6026
8.041,10.759,-0.11586,-0.73816,13.607,5.3914
8.0215,10.685,-0.10523,-0.74193,13.34,5.1268
8.0175,10.611,-0.12104,-0.74033,13.083,4.9773
8.0004,10.537,-0.26779,-0.74243,12.827,5.5835
7.9753,10.462,-0.19146,-0.7474,12.566,4.9503
7.9753,10.388,0,-0.75182,12.321,3.7828
7.9753,10.313,0,-0.74478,12.084,3.5895
7.9753,10.238,0,-0.72916,11.854,3.4339
7.9753,10.165,0,-0.7048,11.631,3.3169
7.9753,10.095,0,-0.66157,11.416,3.278
8.2679,10.029,1.2243,-0.60904,11.223,1.6603
8.3888,9.9676,1.2242,-0.55664,11.05,1.5544
8.3888,9.9119,0,-0.50074,10.895,2.2108
8.3888,9.8619,0,-0.44398,10.745,2.2663
8.3888,9.8175,0,-0.38247,10.6,2.3585
8.3888,9.7792,0,-0.32076,10.459,2.4755
9.052,9.7472,1.2743,-0.26116,10.479,1.1326
9.1874,9.721,1.2683,-0.20177,10.419,1.0177
9.1874,9.7009,0,-0.14757,10.367,0.7686
9.1874,9.6861,0,-0.092514,10.316,0.88339
9.5709,9.6769,1.1895,-0.040376,10.34,0.54532
9.6842,9.6728,1.14,0.0044275,10.339,0.34761
9.8031,9.6733,1.0911,0.050466,10.34,0.15084
9.918,9.6783,1.0508,0.093244,10.362,0
10.018,9.6876,1.0297,0.12844,10.387,0
10.018,9.7005,0,0.16172,10.42,0
10.209,9.7166,1.0037,0.1918,10.467,0
10.309,9.7358,0.98226,0.22376,10.529,0
10.404,9.7582,0.95375,0.25273,10.597,0
10.404,9.7835,0,0.28323,10.66,0
10.404,9.8118,0,0.31029,10.72,0
10.684,9.8428,0.55488,0.33085,10.824,0
10.735,9.8759,0.31877,0.33796,10.902,0
10.735,9.9097,0,0.33874,10.986,0
10.735,9.9436,0,0.32482,11.067,0
10.747,9.9761,-0.2804,0.30417,11.139,0
10.747,10.006,0,0.2824,11.214,0
10.747,10.035,0,0.25985,11.287,0
10.664,10.061,-0.34795,0.23861,11.352,0.22659
10.63,10.085,-0.33142,0.21584,11.405,0.24402
10.63,10.106,0,0.19303,11.458,0
10.57,10.125,-0.33259,0.17571,11.495,0.38631
10.57,10.143,0,0.1546,11.539,0
10.491,10.158,-0.32417,0.13175,11.575,0.5067
10.491,10.172,0,0.11409,11.608,0
10.418,10.183,-0.3124,0.092828,11.629,0.59662
10.389,10.192,-0.28269,0.077944,11.657,0.54025
10.361,10.2,-0.27242,0.063811,11.682,0.55223
10.326,10.207,-0.26493,0.047395,11.698,0.58156
10.309,10.211,-0.23631,0.03867,11.712,0.51374
10.309,10.215,0,0.028151,11.721,0
10.309,10.218,0,0.018651,11.73,0
10.235,10.22,-0.26577,0.0059093,11.72,0.7245
10.202,10.22,-0.23246,-0.0059639,11.716,0.65807
10.188,10.22,-0.23619,-0.010349,11.722,0.69142
10.166,10.219,-0.23629,-0.017348,11.727,0.72502
10.14,10.217,-0.21856,-0.025449,11.713,0.70325
10.113,10.214,-0.17488,-0.033435,11.702,0.59956
10.102,10.211,-0.19055,-0.036017,11.689,0.66043
10.102,10.208,0,-0.041531,11.678,0.12945
10.055,10.203,-0.18798,-0.049163,11.652,0.71126
10.055,10.198,0,-0.054254,11.638,0.18076
10.01,10.193,-0.24063,-0.060862,11.615,0.9414
9.9786,10.187,-0.22029,-0.069427,11.599,0.90957
9.9567,10.18,-0.20347,-0.074655,11.572,0.87474
9.937,10.173,-0.18305,-0.078924,11.549,0.82522
9.9208,10.165,-0.19737,-0.081989,11.52,0.88424
9.9061,10.156,-0.19428,-0.084343,11.501,0.88336
9.8866,10.148,-0.27881,-0.088396,11.469,1.2008
9.8866,10.139,0,-0.093143,11.444,0.32447
9.833,10.13,-0.32707,-0.10073,11.43,1.4473
9.8038,10.12,-0.214,-0.10758,11.4,1.0469
9.7882,10.109,-0.080781,-0.10944,11.378,0.63876
9.7806,10.098,0.054735,-0.10869,11.345,0.30758
9.7914,10.087,0.28062,-0.10169,11.31,0
9.8199,10.077,0.31796,-0.088569,11.289,0
9.8199,10.068,0,-0.071541,11.263,0.36482
9.9066,10.061,0.46831,-0.05333,11.259,0
9.9066,10.056,0,-0.032532,11.244,0.24134
9.9066,10.052,0,-0.014476,11.229,0.27657
10.065,10.051,0.6583,0.0054789,11.232,0
10.132,10.052,0.68177,0.031394,11.236,0
10.132,10.055,0,0.060042,11.243,0
10.132,10.061,0,0.083174,11.251,0.035394
10.339,10.069,0.64613,0.10587,11.274,0
10.4,10.08,0.68698,0.12561,11.294,0
10.4,10.092,0,0.14891,11.326,0
10.534,10.107,0.58988,0.16773,11.364,0
10.534,10.124,0,0.181,11.406,0
10.629,10.142,0.42842,0.19146,11.455,0
10.665,10.161,0.2857,0.19824,11.5,0
10.665,10.181,0,0.19944,11.549,0
10.7,10.201,0.17273,0.19661,11.596,0
10.722,10.221,0.12695,0.19734,11.639,0
10.742,10.24,0.047483,0.19767,11.69,0
10.742,10.26,0,0.19175,11.739,0
10.742,10.279,0,0.18559,11.786,0
10.742,10.298,0,0.16906,11.832,0
10.742,10.315,0,0.14487,11.875,0
10.742,10.329,0,0.12044,11.917,0
10.742,10.341,0,0.099211,11.958,0
10.742,10.351,0,0.073871,11.997,0
10.742,10.358,0,0.048555,12.036,0
10.742,10.363,0,0.024479,12.074,0
10.742,10.366,0,0.0052471,12.112,0
10.742,10.366,0,-0.010058,12.15,0
10.306,10.365,-0.29726,-0.019013,11.974,0.95479
10.28,10.363,-0.23432,-0.026995,11.972,0.76832
10.28,10.361,0,-0.033591,11.964,0.095748
10.222,10.357,-0.27069,-0.043576,11.948,0.97887
10.188,10.353,-0.23678,-0.053403,11.929,0.90483
10.162,10.348,-0.21095,-0.060225,11.903,0.84774
10.133,10.342,-0.18217,-0.067989,11.877,0.78809
10.107,10.335,-0.061189,-0.074394,11.847,0.46302
10.107,10.327,0,-0.073792,11.824,0.29913
10.107,10.32,0,-0.078129,11.803,0.27371
