0,0,2.6168,0,35.5,0
0,0,0,7.8,35.5,59.103
0.5131,0.78,2.3726,7.8,35.518,37.286
0.754,1.56,2.2616,7.8,35.466,41.804
0.97956,2.34,2.1232,7.8,35.361,46.945
1.1884,3.12,2.0006,7.8,35.188,52.139
1.3812,3.9,1.8736,7.8,34.97,57.665
1.5617,4.68,1.7576,7.8,34.692,63.257
1.5617,5.46,0,7.8,34.341,102.09
1.5617,6.24,0,6.7,33.912,93.776
2.0567,6.91,1.4835,6.7,33.492,66.708
2.2129,7.58,1.4284,6.7,32.977,70.968
2.3502,8.25,1.3716,6.7,32.411,75.443
2.3502,8.92,0,-0.35212,31.787,25.513
2.6195,8.8848,1.3035,-0.35294,31.146,12.123
2.6195,8.8495,0,-0.3538,30.521,23.612
2.6195,8.8141,0,-0.35403,29.9,23.415
3.0127,8.7787,1.2648,-0.3539,29.337,10.494
3.0127,8.7433,0,-0.35405,28.762,20.905
3.2501,8.7079,1.0223,-0.35381,28.231,10.81
3.352,8.6725,0.93393,-0.35456,27.688,10.84
3.4451,8.6371,0.78411,-0.35569,27.156,11.32
3.4451,8.6015,0,-0.3569,26.638,17.877
3.4451,8.5658,0,-0.35907,26.124,17.676
3.4451,8.5299,0,-0.36149,25.614,17.473
3.698,8.4938,0.15034,-0.36606,25.156,14.549
3.698,8.4572,0,-0.37226,24.679,15.751
3.7031,8.4199,-0.099682,-0.38043,24.191,16.476
3.702,8.3819,-0.18752,-0.38775,23.73,17.149
3.6849,8.3431,-0.26021,-0.39698,23.257,17.749
3.6849,8.3034,0,-0.40655,22.793,14.789
3.6849,8.2628,0,-0.41766,22.333,14.505
3.6077,8.221,-0.27697,-0.42816,21.873,17.427
3.6077,8.1782,0,-0.4404,21.414,14.293
3.6077,8.1341,0,-0.45262,20.959,13.988
3.5141,8.0889,-0.25576,-0.465,20.482,16.678
3.5141,8.0424,0,-0.47839,20.027,13.8
3.4604,7.9945,-0.33983,-0.49074,19.566,17.159
3.4206,7.9455,-0.32901,-0.50563,19.114,16.862
3.4206,7.8949,0,-0.52056,18.664,13.226
3.3552,7.8428,-0.44818,-0.53624,18.198,17.734
3.3552,7.7892,0,-0.5526,17.752,12.801
3.2698,7.734,-0.6124,-0.57114,17.301,19.255
3.2184,7.6768,-0.74176,-0.59047,16.86,20.704
3.1432,7.6178,-0.85487,-0.61377,16.422,22.117
3.0491,7.5564,-0.87919,-0.64125,15.978,22.378
2.9546,7.4923,-0.87837,-0.67106,15.52,22.244
2.9546,7.4252,0,-0.70101,15.07,11.892
2.765,7.3551,-1.1051,-0.73477,14.615,25.304
2.6571,7.2816,-1.1317,-0.77208,14.154,25.541
2.5383,7.2044,-1.1508,-0.81293,13.697,25.667
2.4307,7.1231,-1.187,-0.8555,13.227,17.15
2.3064,7.0376,-1.1493,-0.90362,12.758,16.716
2.1968,6.9472,-1.0589,-0.95316,12.278,23.252
2.1968,6.8519,0,-1.0036,11.808,10.623
2.1968,6.7515,0,-1.0613,11.347,9.8304
1.8767,6.6454,-1.0721,-1.1197,10.842,14.545
1.8767,6.5334,0,-1.1818,10.371,9.4936
1.8767,6.4152,0,-1.2446,9.9112,8.6526
1.5755,6.2908,-0.94177,-1.316,9.4199,12.489
1.5755,6.1592,0,-1.387,8.9549,8.0211
1.3873,6.0205,-0.81037,-1.4617,8.4979,10.901
1.3032,5.8743,-0.75279,-1.5382,8.0416,10.057
1.2241,5.7205,-0.71247,-8.8,7.5809,0
1.2241,4.8405,0,-8.8,7.1753,0
1.0796,3.9605,-0.67741,-8.8,6.8286,0
1.0132,3.0805,-0.68007,-0.48312,6.5738,6.1276
0.9523,3.0322,-0.66622,-8.8,6.3628,0
0.9523,2.1522,0,-0.2225,6.1988,2.3001
0.81945,2.1299,-0.57967,-8.8,6.0613,0
0.81945,1.2499,0,-0.049474,5.9743,0.84129
0.71124,1.245,-0.50244,-0.055717,5.9211,2.5339
0.66182,1.2394,-0.58442,-0.06092,5.8669,2.7508
0.6101,1.2333,-0.63101,-0.066368,5.814,2.9063
0.55067,1.2267,-0.62874,-0.072933,5.748,2.981
0.55067,1.2194,0,-0.079183,5.6807,1.3505
0.55067,1.2115,0,-8.8,5.6143,0
0.45231,0.33148,0.86514,0.86514,5.5669,0
0.54282,0.41799,1.7275,1.7275,5.5838,0
0.54282,0.59074,0,2.4723,5.5877,15.562
0.54282,0.83797,0,2.9772,5.5705,21.643
0.54282,1.1357,0,1.0735,5.5261,7.1017
1.5832,1.243,2.9101,2.3791,5.6607,0
1.884,1.481,2.6498,-8.8,5.695,0.847
2.1412,0.60095,2.3655,2.3655,5.7969,0
2.3844,0.83751,2.0736,2.0736,5.9509,0
2.5869,1.0449,1.8724,4.9,6.1049,9.1603
2.5869,1.5349,0,4.9,6.2346,33.288
2.5869,2.0249,0,3.1926,6.3154,18.822
3.135,2.3441,1.7415,2.1579,6.4647,0
3.313,2.5599,1.7966,1.7926,6.5416,0
3.5009,2.7392,1.7935,1.6352,6.6133,0
3.5009,2.9027,0,1.5129,6.6813,4.9372
3.5009,3.054,0,1.4332,6.7335,5.0536
3.5009,3.1973,0,1.3797,6.7711,5.3073
4.1615,3.3353,1.4348,1.3309,6.9301,0
4.2953,3.4684,1.1405,1.2619,7.018,0
4.2953,3.5946,0,1.1848,7.0944,2.5717
4.4995,3.713,0.5879,1.093,7.1802,0
4.5677,3.8223,0.16898,0.99589,7.2536,0.6748
4.5758,3.9219,-0.4777,0.84375,7.3204,3.8895
4.5185,4.0063,-1.1457,0.6426,7.3812,9.3836
4.5185,4.0706,0,0.40577,7.4292,0.019237
4.2193,4.1111,-2.5871,0.13099,7.443,8.7043
4.2193,4.1242,0,-0.041919,7.4532,0
3.6363,4.12,-3.4648,-0.12721,7.4032,10.109
3.2958,4.1073,-3.525,-0.21553,7.3438,10.502
2.9468,4.0858,-3.518,-0.30686,7.2553,10.769
2.5864,4.0551,-3.5041,-0.40466,7.1222,11.005
2.2439,4.0146,-3.4222,-8.8,6.9662,0
1.8923,3.1346,-3.3143,-0.27917,6.8089,9.9115
1.5625,3.1067,-3.2348,-0.3554,6.6718,10.085
1.5625,3.0712,0,-8.8,6.5192,0
0.92878,2.1912,-2.7056,-0.21645,6.3458,8.3562
0.65975,2.1695,-2.4175,-0.26491,6.217,8.121
0.42217,2.143,-2.1577,-8.8,6.0646,0
0.42217,1.263,0,-0.11137,5.9365,1.7012
0.42217,1.2519,0,-0.13318,5.853,1.5967
-0.14179,1.2386,-1.538,-0.15312,5.6878,5.9153
-0.28972,1.2233,-1.3406,-8.8,5.5405,0
-0.28972,0.34326,0,-1.1223,5.4332,0
-0.53389,0.23103,-0.8332,-0.8332,5.3538,1.7437
-0.53389,0.14771,0,-0.51181,5.2815,0.49746
-0.67058,0.096531,-0.21676,-0.21676,5.209,1.7482
-0.67058,0.074855,0,-0.016637,5.1334,1.6688
-0.70217,0.073191,0.1265,0.1265,5.0579,1.7651
-0.68702,0.085841,0.19221,-8.8,4.9706,0
-0.6665,0,0.15816,-8.8,4.9439,0
-0.65422,0,0.0968,-8.8,4.9286,0
-0.65422,0,0,-8.8,4.9072,0
-0.65422,0,0,-8.8,4.8858,0
-0.65422,0,0,-8.8,4.8644,0
-0.61889,0,0.1056,-8.8,4.8601,0
-0.60839,0,0.097661,-8.8,4.8523,0
-0.60839,0,0,-8.8,4.8355,0
-0.57999,0,0.10904,-8.8,4.8219,0
-0.57999,0,0,-8.8,4.8079,0
-0.55331,0,0.1041,-8.8,4.7928,0
-0.53922,0,0.10685,-8.8,4.7746,0
-0.53922,0,0,-8.8,4.7647,0
-0.51669,0,0.10728,-8.8,4.7644,0
-0.507,0,0.096731,-8.8,4.7662,0
-0.507,0,0,-8.8,4.7595,0
-0.507,0,0,-8.8,4.7528,0
-0.50073,0,0.087744,-8.8,4.75,0
-0.49724,0,0.093463,-8.8,4.7404,0
-0.48637,0,0.10672,-8.8,4.7425,0
-0.48074,0,0.10327,-8.8,4.7448,0
-0.47717,0,0.1033,-8.8,4.7387,0
-0.47673,0,0.10298,-8.8,4.7293,0
-0.47673,0,0,-8.8,4.7256,0
-0.44965,0,0.14277,-8.8,4.7252,0
-0.43523,0,0.31499,-8.8,4.7225,0
-0.43523,0,0,-8.8,4.723,0
-0.34106,0,1.1125,-8.8,4.7338,0
-0.34106,0,0,-8.8,4.7437,0
-0.063763,0,2.1384,-8.8,4.7814,0
0.14519,0,2.4706,-8.8,4.8364,0
0.39997,0,2.5925,-8.8,4.91,0
0.65305,0,2.5146,2.5146,5.0132,0
0.65305,0.25146,0,-8.8,5.0659,0
1.1277,0,2.1312,2.1312,5.2101,0
1.1277,0.21312,0,2.0187,5.3122,7.0408
1.5359,0.41499,2.0348,2.0348,5.4396,0
1.7465,0.61848,2.1228,2.1228,5.5437,0
1.964,0.83075,2.2415,2.2415,5.6558,0
1.964,1.0549,0,4.9,5.7579,34.19
2.4052,1.5449,2.3437,4.33,5.8817,5.1993
2.6318,1.9779,2.2368,-8.8,5.9542,3.8245
2.6318,1.0979,0,4.9,6.0636,30.273
3.0587,1.5879,2.063,4.9,6.2323,8.0269
3.2642,2.0779,2.0898,3.9055,6.3669,3.2629
3.2642,2.4685,0,2.4957,6.466,11.351
3.2642,2.718,0,2.0693,6.533,9.1552
3.2642,2.925,0,1.8626,6.5773,8.5566
4.0919,3.1112,2.0263,1.7383,6.7719,0
4.2877,3.285,1.9006,1.6434,6.8677,0
4.4727,3.4494,1.8178,1.5663,6.9697,0
4.6526,3.606,1.7504,1.508,7.0778,0
4.6526,3.7568,0,1.4504,7.175,3.3408
4.9994,3.9019,1.6785,1.4255,7.3035,0
5.1578,4.0444,1.6263,1.3807,7.4163,0
5.3129,4.1825,1.5518,1.3421,7.5214,0
5.3129,4.3167,0,1.3225,7.6277,2.2342
5.3129,4.4489,0,1.2806,7.7207,2.4928
5.7412,4.577,1.3545,1.2384,7.8727,0
5.8761,4.7008,1.375,1.2105,7.9828,0
6.0145,4.8219,1.3918,1.1939,8.1091,0
6.1479,4.9413,1.4961,1.1757,8.2355,0
6.3014,5.0588,1.5145,1.1786,8.3516,0
6.3014,5.1767,0,1.1748,8.4699,1.0349
6.603,5.2942,1.4316,1.1802,8.5926,0
6.7387,5.4122,1.3957,1.1694,8.7316,0
6.8748,5.5291,1.3259,1.1608,8.8689,0
7.0042,5.6452,1.2925,1.1468,8.9968,0
7.1434,5.7599,1.267,1.1452,9.1425,0
7.2655,5.8744,1.2263,1.1285,9.2745,0
7.2655,5.9873,0,1.1103,9.4079,0.25389
7.2655,6.0983,0,1.1071,9.5302,0.58752
7.2655,6.209,0,1.1048,9.6414,0.93371
7.7556,6.3195,1.179,1.0879,9.8483,0
7.7556,6.4283,0,1.0779,9.9865,0
7.7556,6.5361,0,1.0677,10.114,0.25531
8.091,6.6428,1.1167,1.0503,10.298,0
8.2022,6.7479,1.0718,1.0408,10.449,0
8.3087,6.8519,1.0259,1.0286,10.592,0
8.3087,6.9548,0,1.0143,10.733,0
8.5028,7.0562,0.90311,0.99594,10.879,0
8.5866,7.1558,0.7567,0.97378,11.026,0
8.6603,7.2532,0.58409,0.94673,11.164,0
8.6603,7.3479,0,0.91224,11.3,0
8.7478,7.4391,0.090542,0.86199,11.43,0
8.749,7.5253,-0.11716,0.79866,11.561,0
8.749,7.6052,0,0.73587,11.679,0
8.7126,7.6787,-0.34075,0.66348,11.782,0.63488
8.7126,7.7451,0,0.59074,11.882,0
8.6352,7.8042,-0.24889,0.52683,11.98,0.27729
8.6352,7.8568,0,0.47327,12.06,0
8.5807,7.9042,-0.25898,0.42478,12.138,0.37251
8.5807,7.9467,0,0.37935,12.203,0
8.5807,7.9846,0,0.34169,12.265,0
8.5807,8.0188,0,0.29463,12.323,0
8.4456,8.0482,-0.47421,0.24588,12.349,1.4464
8.3912,8.0728,-0.49572,0.19657,12.389,1.5856
8.3912,8.0925,0,0.15222,12.42,0
8.3912,8.1077,0,0.10767,12.449,0
8.2312,8.1185,-0.48758,0.069337,12.466,1.627
8.1819,8.1254,-0.48072,0.034712,12.466,1.6174
8.1819,8.1289,0,-0.00068516,12.471,0
8.1819,8.1288,0,-0.01238,12.476,0
8.1819,8.1276,0,-0.023893,12.482,0
7.9774,8.1252,-0.45585,-0.034375,12.439,1.8466
7.9774,8.1217,0,-0.046343,12.424,0.20003
7.8839,8.1171,-0.36469,-0.054473,12.399,1.6054
7.8567,8.1116,-0.17546,-0.059641,12.381,0.91347
7.8567,8.1057,0,-0.063765,12.355,0.38464
7.8379,8.0993,0.40474,-0.061545,12.321,0
7.8379,8.0932,0,-0.049821,12.295,0.43242
7.9597,8.0882,1.1523,-0.030339,12.285,0.41385
8.0752,8.0851,1.3892,-0.0023508,12.282,1.0283
8.0752,8.0849,0,0.073998,12.281,0.19076
8.3637,8.0923,1.5683,0.16592,12.308,1.1753
8.523,8.1089,1.5079,0.25286,12.341,0.75162
8.6776,8.1342,1.44,0.33133,12.393,0.34751
8.6776,8.1673,0,0.39422,12.446,0
8.9347,8.2067,1.068,0.44148,12.525,0
8.9347,8.2509,0,0.47438,12.596,0
9.1171,8.2983,0.54699,0.49292,12.684,0
9.173,8.3476,0.26678,0.49509,12.773,0
9.173,8.3971,0,0.48173,12.853,0
9.2133,8.4453,-0.011175,0.4565,12.921,0
9.2127,8.4909,-0.06404,0.42732,12.995,0
9.1994,8.5337,0.083888,0.39262,13.061,0
9.1994,8.5729,0,0.37337,13.126,0
9.2254,8.6103,0.18981,0.36044,13.187,0
9.2529,8.6463,0.19064,0.35444,13.248,0
9.2781,8.6818,0.17219,0.34763,13.314,0
9.2931,8.7165,0.014525,0.33501,13.366,0
9.29,8.75,-0.069014,0.31294,13.423,0
9.2762,8.7813,-0.13888,0.28594,13.469,0
9.2715,8.8099,-0.24657,0.26622,13.523,0.34657
9.2428,8.8365,-0.22974,0.23395,13.576,0.32457
9.2175,8.8599,-0.13905,0.20556,13.618,0.065254
9.2017,8.8805,-0.046351,0.18426,13.645,0
9.1901,8.8989,0.065922,0.1668,13.677,0
9.1901,8.9156,0,0.16072,13.706,0
9.1901,8.9317,0,0.16197,13.732,0
9.24,8.9479,0.41874,0.16675,13.76,0
9.2748,8.9645,0.53029,0.17682,13.783,0
9.2748,8.9822,0,0.19285,13.813,0
9.2748,9.0015,0,0.22145,13.842,0
9.2748,9.0236,0,0.26028,13.868,0.078384
9.5967,9.0497,1.3261,0.31029,13.959,0.11293
9.5967,9.0807,0,0.3618,14.013,0
9.5967,9.1169,0,0.42322,14.062,0
10.008,9.1592,1.1784,0.47829,14.165,0
10.118,9.207,0.93402,0.51157,14.259,0
10.118,9.2582,0,0.53671,14.347,0
10.118,9.3119,0,0.54318,14.43,0
10.314,9.3662,0.051081,0.52652,14.547,0
10.32,9.4188,-0.13424,0.49873,14.641,0
10.312,9.4687,-0.19732,0.46542,14.731,0
10.312,9.5153,0,0.42877,14.813,0
10.27,9.5581,-0.21618,0.39033,14.884,0
10.257,9.5972,-0.27176,0.36062,14.944,0.22789
10.225,9.6332,-0.2989,0.32253,15.006,0.38385
10.225,9.6655,0,0.2873,15.064,0
10.225,9.6942,0,0.25639,15.118,0
10.225,9.7198,0,0.22297,15.17,0
10.102,9.7421,-0.15918,0.19502,15.209,0.087757
10.077,9.7616,0.042913,0.17039,15.245,0
10.089,9.7787,0.28359,0.16766,15.268,0
10.11,9.7954,0.51736,0.1695,15.298,0
10.154,9.8124,0.7402,0.18399,15.327,0
10.229,9.8308,0.95488,0.21407,15.369,0
10.318,9.8522,1.0957,0.25029,15.414,0
10.434,9.8772,1.1871,0.29909,15.463,0
10.544,9.9071,1.2634,0.34123,15.526,0
10.676,9.9413,1.2592,0.39342,15.598,0
10.8,9.9806,1.2469,0.43788,15.681,0
10.8,10.024,0,0.48178,15.761,0
11.034,10.073,0.9937,0.51118,15.86,0
11.034,10.124,0,0.53369,15.954,0
11.034,10.177,0,0.53993,16.042,0
11.247,10.231,0.05379,0.53493,16.154,0
11.261,10.285,-0.1606,0.51182,16.244,0
11.238,10.336,-0.2358,0.47132,16.33,0
11.214,10.383,-0.20699,0.43319,16.421,0
11.203,10.426,-0.18768,0.4034,16.498,0
11.187,10.467,-0.1593,0.37347,16.566,0
11.187,10.504,0,0.3449,16.636,0
11.146,10.538,-0.34737,0.31404,16.718,0.4975
11.11,10.57,-0.41282,0.27842,16.774,0.83808
11.11,10.598,0,0.2469,16.827,0
11.11,10.622,0,0.21196,16.877,0
10.981,10.643,-0.50303,0.17314,16.902,1.4463
10.939,10.661,-0.72919,0.14252,16.941,2.8115
10.87,10.675,-1.1899,0.10008,16.964,6.7832
10.87,10.685,0,0.031032,16.983,0
10.556,10.688,-2.511,-0.024781,16.993,33.212
10.556,10.686,0,-0.069828,16.98,0.1201
10.017,10.679,-3.2173,-0.12452,16.911,65.768
9.7007,10.666,-3.3349,-0.18306,16.824,73.836
9.3723,10.648,-3.3917,-0.24396,16.717,78.554
9.0352,10.624,-3.6158,-0.30711,16.581,94.536
8.6824,10.593,-3.9154,-0.37483,16.404,119.22
8.2978,10.555,-4.3379,-0.45073,16.193,22.804
7.8588,10.51,-4.7284,-0.54071,15.942,23.288
7.8588,10.456,0,-0.64093,15.68,4.8496
7.8588,10.392,0,-0.75494,15.423,4.1354
6.372,10.317,-5.2412,-0.87622,14.954,24.296
6.372,10.229,0,-1.0083,14.564,7.4086
6.372,10.128,0,-1.1492,14.183,6.3122
4.8558,10.013,-4.3859,-1.3001,13.582,23.095
4.4251,9.8832,-3.9308,-1.4503,13.044,22.194
4.0282,9.7382,-3.5571,-1.6058,12.481,21.237
4.0282,9.5776,0,-1.763,11.918,9.5426
3.348,9.4013,-2.9972,-1.9256,11.319,19.091
3.0455,9.2088,-2.235,-2.1034,10.701,17.214
2.8314,8.9984,-1.2582,-2.2656,10.08,21.161
2.8314,8.7719,0,-2.4094,9.4747,7.6596
2.649,8.5309,-0.10164,-5.2,8.8715,6.3705
2.6424,8.0109,0.29321,-5.2,8.3026,7.5805
2.6638,7.4909,0.273,-5.2,7.7845,6.4714
2.6829,6.9709,-0.020343,-5.2,7.3325,3.7104
2.6879,6.4509,-0.11054,-5.2,6.9393,2.1708
2.6809,5.9309,0.0043764,-8.8,6.5926,0
2.682,5.0509,0.066424,-8.8,6.318,0
2.692,4.1709,0.028155,-8.8,6.1157,0
2.7032,3.2909,-0.0074087,-8.8,6.0081,0
2.7041,2.4109,0.021663,-8.8,5.9939,0
2.7041,1.5309,0,4.9,6.0672,32.526
2.7054,2.0209,0.035631,2.2951,6.1682,9.9177
2.6997,2.2504,0.0057279,1.2678,6.2181,3.971
2.7068,2.3772,0.0022903,0.85275,6.251,2.1558
2.7068,2.4625,0,0.59766,6.2797,1.2784
2.7068,2.5222,0,0.44703,6.3011,0.85932
2.7104,2.5669,0.00065069,0.33042,6.3365,0.5599
2.7065,2.6,0.019212,0.24092,6.3577,0.31701
2.7065,2.6241,0,0.20694,6.3671,0.33341
2.7177,2.6448,0.034094,0.16085,6.3856,0.13718
2.7256,2.6609,0.027255,0.14166,6.394,0.12439
2.7241,2.675,0.029632,0.10646,6.4,0.067721
2.7324,2.6857,0.021571,0.10073,6.3977,0.078311
2.7347,2.6957,0.015639,0.083383,6.3985,0.068396
2.7393,2.7041,0.018668,0.074943,6.4005,0.049934
2.7393,2.7116,0,0.082703,6.4036,0.12892
2.7543,2.7198,0.040482,0.072607,6.3961,0
2.7543,2.7271,0,0.070478,6.3992,0.10054
2.7692,2.7342,0.052628,0.073419,6.4142,0
2.7652,2.7415,0.044991,0.049406,6.417,0
2.7621,2.7464,0.034567,0.032583,6.4155,0
2.7632,2.7497,0.018638,0.02811,6.4215,0
2.7645,2.7525,0.01673,0.024843,6.4263,0
2.7684,2.755,0.011425,0.02785,6.4355,0.007246
2.775,2.7578,0.017346,0.035601,6.4404,0.0034002
2.7801,2.7613,0.023993,0.038915,6.445,0
2.7843,2.7652,0.033496,0.039326,6.4517,0
2.7786,2.7692,0.035915,0.019523,6.4474,0
2.7786,2.7711,0,0.043009,6.4483,0.078821
2.8031,2.7754,0.034417,0.056894,6.4417,0
2.7967,2.7811,0.034568,0.031802,6.4357,0
2.792,2.7843,0.0302,0.01573,6.432,0
2.7912,2.7859,0.030437,0.010826,6.4233,0
2.7912,2.7869,0,0.030503,6.4238,0.057425
2.8057,2.79,0.030182,0.03183,6.4157,0
2.8057,2.7932,0,0.042281,6.4171,0.066438
2.8191,2.7974,0.028056,0.043696,6.4151,0
2.8191,2.8018,0,0.028281,6.4171,0.024967
2.8104,2.8046,0.020301,0.011577,6.4221,0
2.8104,2.8058,0,0.022345,6.4226,0.038535
2.8104,2.808,0,0.019867,6.4229,0.037774
2.8287,2.81,0.021945,0.037627,6.4323,0
2.8319,2.8137,0.026619,0.036278,6.426,0
2.8283,2.8174,0.02819,0.021745,6.4317,0
2.8269,2.8195,0.029458,0.014733,6.4294,0
2.8237,2.821,0.032886,0.0052889,6.4328,0
2.8364,2.8215,0.031961,0.029641,6.4301,0
2.8364,2.8245,0,0.047025,6.4315,0.078634
2.8517,2.8292,0.031898,0.044716,6.4419,0
2.8529,2.8337,0.032327,0.038054,6.4449,0
2.8529,2.8375,0,0.025928,6.4466,0.023783
2.8529,2.8401,0,0.0078524,6.448,0
2.8561,2.8409,0.036066,0.030036,6.458,0
2.8561,2.8439,0,0.029415,6.4594,0.038212
2.8552,2.8468,0.031427,0.016515,6.4698,0
2.8552,2.8485,0,0.029976,6.4705,0.051006
2.867,2.8515,0.014168,0.030649,6.4765,0.0029417
2.8623,2.8545,0.0068691,0.015232,6.4834,0.0017646
2.8623,2.8561,0,0.012959,6.4841,0.01474
2.8623,2.8573,0,0.012183,6.4846,0.015759
2.8562,2.8586,0.025158,-0.00052836,6.4987,0
2.8572,2.8585,0.030199,-0.00027978,6.5063,0
2.8572,2.8585,0,0.00255,6.5062,0.0079418
2.8562,2.8587,0.031894,-0.00055535,6.5044,0
2.8604,2.8587,0.022759,0.0033379,6.5072,0
2.8604,2.859,0,0.020626,6.5073,0.041552
2.8615,2.8611,0.016398,0.00078146,6.5064,0
2.8729,2.8612,0.018032,0.023066,6.5004,0
2.8718,2.8635,0.021298,0.016383,6.4926,0
2.8746,2.8651,0.016432,0.01855,6.5025,0
2.881,2.867,0.025646,0.027474,6.5131,0
2.892,2.8697,0.030689,0.043606,6.5128,0
2.8864,2.8741,0.024769,0.0241,6.512,0
2.8864,2.8765,0,0.041442,6.5131,0.070087
2.9012,2.8806,0.037101,0.04005,6.5131,0
2.9012,2.8846,0,0.038432,6.515,0.049101
2.9012,2.8885,0,0.035855,6.5164,0.051459
2.9153,2.8921,0.034249,0.044949,6.5021,0
2.9266,2.8965,0.031462,0.057871,6.5104,0
2.9336,2.9023,0.022306,0.060066,6.5169,0.016596
2.9336,2.9083,0,0.051692,6.5197,0.060796
2.9381,2.9135,0.039012,0.046936,6.5217,0
2.9381,2.9182,0,0.028664,6.5239,0.020452
2.9381,2.9211,0,0.045769,6.5258,0.064876
2.9528,2.9256,0.053625,0.051585,6.5219,0
2.954,2.9308,0.12278,0.044029,6.5338,0
2.9651,2.9352,0.28849,0.05653,6.5341,0
2.99,2.9409,0.62195,0.0927,6.5286,0
2.99,2.9501,0,0.17384,6.5331,0.34156
3.1479,2.9675,1.5692,0.33599,6.5535,0.3858
3.3083,3.0011,2.0237,0.56405,6.5866,0.88407
3.507,3.0575,2.343,0.80498,6.6316,0.98522
3.7431,3.138,2.4808,1.044,6.6768,0.54985
3.9938,3.2424,2.4682,1.2399,6.7529,0
3.9938,3.3664,0,1.3619,6.8219,3.8706
3.9938,3.5026,0,1.4376,6.8778,4.8977
3.9938,3.6464,0,1.4671,6.9197,5.6978
3.9938,3.7931,0,1.4596,6.9471,6.281
5.0732,3.939,1.7215,1.4393,7.2435,0
5.2379,4.083,1.4791,1.4001,7.3595,0
5.384,4.223,1.2001,1.3481,7.4696,0
5.384,4.3578,0,1.2837,7.5789,1.9185
5.384,4.4861,0,1.2009,7.6751,1.9447
5.6666,4.6062,0.38664,1.1071,7.8021,0
5.6666,4.7169,0,0.99737,7.9026,0.79443
5.6666,4.8167,0,0.8945,7.9925,0.66375
5.6983,4.9061,-0.63333,0.76839,8.0852,3.9821
5.6983,4.983,0,0.6184,8.1605,0.0058909
5.6983,5.0448,0,0.45277,8.229,0
5.367,5.0901,-2.2439,0.25708,8.246,26.274
5.367,5.1158,0,0.030471,8.2724,0
