18.776,18.776,-0.15333,0,35.5,0.38292
18.776,18.776,0,-0.0015994,35.5,0
18.779,18.776,-0.031599,0.0013071,35.508,0.064655
18.784,18.776,0.0063089,0.0032625,35.505,0
18.79,18.776,-0.0069201,0.0053266,35.499,0
18.797,18.777,-0.0040023,0.007991,35.507,0
18.787,18.777,-0.0016881,0.0038974,35.503,0
18.78,18.778,-0.01722,0.00088101,35.51,0.03407
18.774,18.778,-0.021529,-0.00043213,35.501,0.054384
18.774,18.778,0,-0.0001143,35.501,0.0083783
18.776,18.778,-0.0090706,-0.00020199,35.508,0.022946
18.765,18.778,-0.0011928,-0.001263,35.502,0.025364
18.765,18.778,0,-0.0011283,35.501,0.022851
18.765,18.777,-0.025829,-0.0012885,35.483,0.07986
18.765,18.777,0,-0.0016051,35.482,0.022327
18.766,18.777,-0.05905,-0.0011227,35.481,0.15447
18.759,18.777,-0.032865,-0.0018121,35.473,0.10566
18.748,18.777,-0.022921,-0.0029304,35.464,0.1038
18.751,18.777,-0.043671,-0.0025746,35.464,0.14531
18.744,18.776,-0.019569,-0.0032846,35.452,0.10276
18.744,18.776,0,-0.0032119,35.448,0.058921
18.75,18.776,-0.057886,-0.0026723,35.428,0.18135
18.75,18.775,0,-0.0030433,35.425,0.046898
18.75,18.775,0,-0.0031824,35.423,0.045969
18.75,18.775,0,-0.0042396,35.42,0.043042
18.75,18.774,0,-0.0062359,35.418,0.037901
18.75,18.774,0,-0.0093717,35.415,0.029961
18.666,18.773,-0.17274,-0.010897,35.373,0.67553
18.641,18.772,-0.16207,-0.013408,35.366,0.69623
18.641,18.77,0,-0.014848,35.353,0.24014
18.612,18.769,-0.30511,-0.016119,35.335,1.2792
18.612,18.767,0,-0.019241,35.32,0.28633
18.551,18.765,-0.24221,-0.022063,35.307,1.175
18.551,18.763,0,-0.025062,35.286,0.39852
18.497,18.761,-0.15966,-0.027075,35.267,0.99052
18.481,18.758,-0.13279,-0.028543,35.245,0.9317
18.481,18.755,0,-0.028879,35.217,0.52892
18.481,18.752,0,-0.030436,35.19,0.51824
18.43,18.749,-0.29999,-0.032941,35.168,1.6758
18.43,18.746,0,-0.035218,35.136,0.60773
18.38,18.742,-0.25871,-0.037547,35.092,1.6118
18.354,18.739,-0.24106,-0.039924,35.063,1.5958
18.33,18.735,-0.23502,-0.042015,35.014,1.62
18.308,18.73,-0.2151,-0.04394,34.974,1.5833
18.285,18.726,-0.20271,-0.045995,34.927,1.5806
18.256,18.721,-0.21095,-0.048643,34.876,1.6755
18.239,18.717,-0.21098,-0.049984,34.83,1.7057
18.223,18.712,-0.21337,-0.051298,34.777,1.7445
18.223,18.706,0,-0.053225,34.729,0.96033
18.223,18.701,0,-0.055011,34.681,0.9419
18.157,18.696,-0.23593,-0.056881,34.641,1.9705
18.143,18.69,-0.25427,-0.05792,34.582,2.0742
18.12,18.684,-0.26933,-0.059822,34.517,2.1866
18.12,18.678,0,-0.06169,34.461,1.1205
18.061,18.672,-0.46354,-0.065081,34.416,3.3455
18.061,18.665,0,-0.068507,34.355,1.2179
17.953,18.659,-0.87405,-0.075524,34.292,6.7293
17.953,18.651,0,-0.083666,34.222,1.4115
17.953,18.643,0,-0.096209,34.153,1.3488
17.593,18.633,-1.8304,-0.11266,34.037,21.745
17.418,18.622,-2.0867,-0.13101,33.923,28.3
17.418,18.609,0,-0.1531,33.803,2.5427
16.986,18.593,-2.3293,-0.17711,33.637,37.114
16.986,18.576,0,-0.20232,33.477,3.5729
16.986,18.555,0,-0.2279,33.319,3.3936
16.986,18.533,0,-0.25103,33.163,3.2214
16.986,18.508,0,-0.27467,33.01,3.0443
16.986,18.48,0,-0.29877,32.859,2.8633
16.986,18.45,0,-0.32368,32.711,2.6776
16.986,18.418,0,-0.34826,32.566,2.4923
15.283,18.383,-1.7283,-0.37125,31.736,30.937
15.105,18.346,-1.5641,-0.39367,31.422,28.337
14.949,18.307,-1.4651,-0.41407,31.093,27.027
14.811,18.265,-1.4156,-0.43253,30.762,26.559
14.674,18.222,-1.4143,-0.45165,30.408,26.939
14.674,18.177,0,-0.47079,30.055,9.2489
14.395,18.13,-1.5432,-0.49253,29.667,30.147
14.25,18.08,-1.5448,-0.51432,29.292,30.575
14.102,18.029,-1.5388,-0.53746,28.9,30.844
13.944,17.975,-1.5304,-0.56284,28.499,31.098
13.782,17.919,-1.4582,-0.58911,28.101,30.114
13.629,17.86,-1.4389,-0.61528,27.687,30.082
13.494,17.798,-1.2788,-0.63973,27.261,27.4
13.494,17.734,0,-0.6634,26.834,11.131
13.494,17.668,0,-0.68451,26.413,10.696
13.494,17.6,0,-0.70242,25.999,10.28
13.494,17.529,0,-0.71549,25.592,9.8942
13.088,17.458,-0.56387,-0.73014,25.077,16.7
13.088,17.385,0,-0.74398,24.643,10.828
12.954,17.31,-1.2237,-0.76406,24.213,25.41
12.836,17.234,-1.6563,-0.79073,23.783,33.414
12.836,17.155,0,-0.82766,23.347,10.357
12.836,17.072,0,-0.87356,22.919,9.7093
12.836,16.985,0,-0.92363,22.5,9.0363
12.836,16.893,0,-0.97008,22.09,8.3882
11.919,16.796,-1.0005,-1.0093,21.471,22.568
11.821,16.695,-0.43336,-1.0408,20.987,15.231
11.821,16.591,0,-1.0581,20.504,10.749
11.821,16.485,0,-1.066,20.033,10.252
11.821,16.378,0,-1.0717,19.572,9.7744
11.821,16.271,0,-1.0779,19.121,9.3001
11.821,16.163,0,-1.0847,18.682,8.8294
11.821,16.055,0,-1.0903,18.253,8.3724
11.821,15.946,0,-1.0942,17.835,7.9325
11.821,15.836,0,-1.0919,17.428,7.5356
11.821,15.727,0,-1.0842,17.032,7.1758
11.951,15.619,0.74691,-1.067,16.658,3.7082
12.027,15.512,0.93741,-1.0423,16.309,3.1366
12.123,15.408,1.0601,-1.009,15.975,2.8074
12.229,15.307,1.0847,-0.97057,15.656,2.5887
12.338,15.21,1.0521,-0.92751,15.367,2.389
12.445,15.117,1.0242,-0.88266,15.099,2.1993
12.445,15.029,0,-0.8391,14.836,3.945
12.445,14.945,0,-0.79568,14.582,3.8688
12.445,14.865,0,-0.75074,14.336,3.8118
12.832,14.79,1.1176,-0.6996,14.191,1.7049
12.954,14.72,1.1018,-0.64122,14.013,1.5492
12.954,14.656,0,-0.58332,13.839,2.4101
12.954,14.598,0,-0.5301,13.672,2.4322
12.954,14.545,0,-0.47449,13.51,2.4797
13.379,14.497,0.95947,-0.42647,13.464,0.88154
13.379,14.455,0,-0.3752,13.355,1.4711
13.571,14.417,1.0078,-0.3289,13.263,0.73946
13.668,14.384,1.0536,-0.28032,13.182,0.71681
13.771,14.356,1.0617,-0.23096,13.109,0.63338
13.881,14.333,1.0259,-0.17918,13.054,0.46432
13.985,14.315,0.9948,-0.13146,13.006,0.31244
14.082,14.302,0.96072,-0.087877,12.976,0.16453
14.178,14.293,0.96914,-0.046229,12.95,0.094067
14.178,14.289,0,-0.0073138,12.939,0.21723
14.178,14.288,0,0.021406,12.928,0.28461
14.178,14.29,0,0.048567,12.917,0.35838
14.178,14.295,0,0.077176,12.905,0.44631
14.721,14.303,1.0625,0.104,13.031,0.073834
14.82,14.313,1.0027,0.12605,13.069,0
14.929,14.326,0.96709,0.15042,13.118,0
15.03,14.341,0.95608,0.17216,13.178,0
15.126,14.358,0.97633,0.19245,13.242,0
15.126,14.377,0,0.21294,13.318,0
15.126,14.398,0,0.23422,13.392,0
15.427,14.422,1.0863,0.25438,13.508,0.08484
15.538,14.447,1.0689,0.27727,13.619,0.026759
15.652,14.475,1.0265,0.30021,13.733,0
15.652,14.505,0,0.31987,13.849,0
15.652,14.537,0,0.33689,13.963,0
15.93,14.571,0.90217,0.35126,14.102,0
16.025,14.606,0.91637,0.36824,14.234,0
16.111,14.643,0.95109,0.38297,14.382,0
16.111,14.681,0,0.39797,14.527,0
16.292,14.721,1.0105,0.41388,14.684,0
16.292,14.762,0,0.43152,14.84,0
16.292,14.805,0,0.45114,14.99,0
16.61,14.85,0.96413,0.47003,15.166,0
16.715,14.897,0.95555,0.48803,15.351,0
16.801,14.946,0.94055,0.50072,15.535,0
16.891,14.996,0.93148,0.51401,15.725,0
16.891,15.048,0,0.52795,15.912,0
17.079,15.1,0.88987,0.54197,16.1,0
17.079,15.155,0,0.55159,16.295,0
17.251,15.21,0.82175,0.56431,16.493,0
17.323,15.266,0.76715,0.57145,16.695,0
17.323,15.323,0,0.58207,16.898,0
17.323,15.382,0,0.58915,17.095,0
17.323,15.441,0,0.5948,17.287,0
17.323,15.5,0,0.59611,17.472,0
17.659,15.56,0.58332,0.59694,17.761,0
17.712,15.619,0.60398,0.59753,17.975,0
17.768,15.679,0.58064,0.59871,18.178,0
17.833,15.739,0.51567,0.60262,18.395,0
17.833,15.799,0,0.60243,18.601,0
17.833,15.859,0,0.59931,18.801,0
17.833,15.919,0,0.5992,18.996,0
17.833,15.979,0,0.5957,19.184,0
18.068,16.039,0.60492,0.59404,19.433,0
18.068,16.098,0,0.59726,19.633,0
18.192,16.158,0.64807,0.59902,19.834,0
18.192,16.218,0,0.59962,20.034,0
18.192,16.278,0,0.59985,20.229,0
18.192,16.338,0,0.59936,20.417,0
18.416,16.398,0.56864,0.60168,20.667,0
18.416,16.458,0,0.60178,20.866,0
18.545,16.518,0.68511,0.60721,21.075,0
18.609,16.579,0.68959,0.60978,21.276,0
18.609,16.64,0,0.61143,21.476,0
18.746,16.701,0.60992,0.61717,21.685,0
18.813,16.763,0.5409,0.6202,21.891,0
18.862,16.825,0.49786,0.61743,22.096,0
18.913,16.886,0.47643,0.61572,22.305,0
18.957,16.948,0.4599,0.61136,22.498,0
18.957,17.009,0,0.6076,22.696,0
19.042,17.07,0.32197,0.60227,22.896,0
19.042,17.13,0,0.59246,23.09,0
19.042,17.189,0,0.5867,23.278,0
19.042,17.248,0,0.57983,23.461,0
19.161,17.306,0.22828,0.57016,23.665,0
19.161,17.363,0,0.55872,23.848,0
19.204,17.419,0.2746,0.5501,24.034,0
19.238,17.474,0.15005,0.54444,24.213,0
19.238,17.528,0,0.53143,24.387,0
19.259,17.582,-0.039034,0.5188,24.556,0
19.259,17.633,0,0.50492,24.721,0
19.248,17.684,-0.28235,0.48464,24.878,0
19.248,17.732,0,0.46266,25.032,0
19.248,17.779,0,0.43899,25.182,0
19.248,17.823,0,0.41797,25.326,0
19.248,17.864,0,0.39966,25.467,0
19.248,17.904,0,0.38167,25.603,0
19.1,17.942,-0.35808,0.36017,25.679,0
19.1,17.978,0,0.33719,25.793,0
19.03,18.012,-0.37266,0.31704,25.894,0
18.99,18.044,-0.3334,0.2948,25.984,0
18.99,18.073,0,0.27641,26.077,0
18.99,18.101,0,0.26101,26.167,0
18.99,18.127,0,0.24125,26.255,0
18.879,18.151,-0.22789,0.22697,26.303,0
18.848,18.174,-0.15725,0.21023,26.38,0
18.839,18.195,-0.078293,0.20113,26.454,0
18.839,18.215,0,0.1933,26.518,0
18.834,18.234,0.14657,0.18718,26.577,0
18.849,18.253,0.15293,0.18609,26.644,0
18.87,18.272,0.12681,0.18718,26.709,0
18.878,18.29,0.10419,0.18366,26.761,0
18.878,18.309,0,0.18008,26.819,0
18.904,18.327,0.12135,0.1804,26.862,0
18.904,18.345,0,0.1756,26.919,0
18.904,18.362,0,0.17279,26.974,0
18.904,18.38,0,0.17175,27.027,0
18.904,18.397,0,0.16982,27.079,0
18.95,18.414,0.044612,0.16783,27.127,0
18.955,18.431,0.0026573,0.16395,27.172,0
18.955,18.447,0,0.16061,27.224,0
18.968,18.463,0.042915,0.1579,27.274,0
18.978,18.479,0.11157,0.15638,27.321,0
18.978,18.495,0,0.15668,27.37,0
18.978,18.51,0,0.15635,27.417,0
19.028,18.526,0.14944,0.1572,27.465,0
19.034,18.542,0.095518,0.15424,27.522,0
19.038,18.557,0.03494,0.15061,27.564,0
19.035,18.572,0.013391,0.14509,27.605,0
19.035,18.587,0,0.14351,27.651,0
19.054,18.601,0.022732,0.14207,27.688,0
19.054,18.615,0,0.13708,27.733,0
19.054,18.629,0,0.13032,27.776,0
19.054,18.642,0,0.12816,27.818,0
19.054,18.655,0,0.12749,27.859,0
19.057,18.667,0.0090823,0.12203,27.886,0
19.057,18.68,0,0.11858,27.924,0
19.054,18.691,0.05605,0.11355,27.948,0
19.054,18.703,0,0.11177,27.984,0
19.054,18.714,0,0.10805,28.018,0
19.069,18.725,0.01125,0.10794,28.048,0
19.069,18.736,0,0.10735,28.082,0
19.069,18.746,0,0.10423,28.115,0
19.069,18.757,0,0.097459,28.147,0
19.069,18.766,0,0.094664,28.178,0
19.069,18.776,0,0.087527,28.207,0
19.046,18.785,-0.1285,0.082022,28.218,0
19.046,18.793,0,0.073279,28.244,0
19.046,18.8,0,0.070126,28.269,0
19.01,18.807,-0.026652,0.063652,28.299,0
19.01,18.814,-0.0034546,0.061736,28.321,0
19.002,18.82,0.014698,0.057178,28.334,0
19.002,18.825,-0.035341,0.055288,28.355,0
19,18.831,-0.085764,0.05289,28.375,0
18.99,18.836,-0.15341,0.048208,28.391,0.15032
18.977,18.841,-0.15219,0.042692,28.398,0.17332
18.963,18.845,-0.12291,0.036781,28.401,0.12219
18.963,18.849,0,0.033599,28.412,0
18.957,18.852,-0.081169,0.032745,28.422,0.035446
18.948,18.856,-0.041694,0.029021,28.44,0
18.942,18.859,-0.044656,0.026179,28.443,0
18.942,18.861,0,0.026856,28.451,0
18.942,18.864,0,0.022637,28.459,0
18.93,18.866,-0.14181,0.020148,28.469,0.25273
18.915,18.868,-0.22261,0.014677,28.476,0.52316
18.884,18.87,-0.31003,0.0043491,28.471,0.88348
18.884,18.87,0,-0.0022248,28.473,0
18.803,18.87,-0.76436,-0.0098292,28.461,3.499
18.725,18.869,-1.1268,-0.021224,28.441,6.8461
18.62,18.867,-1.5931,-0.036513,28.427,13.184
18.458,18.863,-1.9582,-0.05995,28.398,20.54
18.255,18.857,-2.272,-0.08928,28.355,29.021
18.021,18.848,-2.4309,-0.12303,28.287,34.794
17.774,18.836,-2.5823,-0.15878,28.184,40.955
17.518,18.82,-2.629,-0.19589,28.063,43.919
17.518,18.8,0,-0.23455,27.934,2.4908
16.978,18.777,-2.8542,-0.27492,27.766,55.192
16.695,18.749,-2.9402,-0.31708,27.573,60.165
16.695,18.718,0,-0.36112,27.369,4.2598
16.119,18.682,-2.9327,-0.40514,27.107,62.558
15.835,18.641,-2.8938,-0.44969,26.845,62.21
15.542,18.596,-2.9277,-0.4973,26.544,64.878
15.255,18.546,-2.9706,-0.54506,26.227,67.861
15.255,18.492,0,-0.59674,25.901,7.3919
15.255,18.432,0,-0.65163,25.58,6.85
15.255,18.367,0,-0.70963,25.266,6.2927
14.01,18.296,-3.2606,-0.7716,24.714,85.695
14.01,18.219,0,-0.83766,24.289,9.8278
13.337,18.135,-3.621,-0.91002,23.806,107.27
12.983,18.044,-3.807,-0.98772,23.322,119.82
12.983,17.945,0,-1.0774,22.821,11.448
12.201,17.838,-4.0405,-1.1749,22.241,137.66
11.788,17.72,-4.0238,-1.2823,21.663,136.96
11.381,17.592,-3.9979,-1.3953,21.062,135.52
11.381,17.452,0,-1.5148,20.447,13.3
10.588,17.301,-4.0487,-1.6436,19.775,139.75
10.185,17.137,-4.0546,-1.7841,19.097,140.27
9.7887,16.958,-3.9793,-1.9367,18.388,134.61
9.7887,16.765,0,-2.1021,17.681,13.225
9.0074,16.554,-3.8173,-2.2781,16.922,122.36
8.6185,16.327,-3.9481,-2.4744,16.155,130.97
8.6185,16.079,0,-2.6923,15.397,11.518
8.6185,15.81,0,-2.9238,14.664,9.3635
8.6185,15.517,0,-3.1719,13.96,7.5685
8.6185,15.2,0,-3.4255,13.286,6.4166
6.8565,14.858,-2.9608,-5.5902,12.174,37.839
6.5511,14.299,-2.6765,-5.3104,11.395,24.604
6.2827,13.768,-2.6517,-5.2845,10.64,21.999
6.2827,13.239,0,-5.1206,9.9176,15.328
6.2827,12.727,0,-4.897,9.2476,15.216
5.5244,12.237,-1.7153,-4.4,8.508,9.9572
5.3553,11.797,-1.3567,-5.2,7.8468,8.7692
5.2175,11.277,-1.1839,-5.2,7.2296,12.578
5.0947,10.757,-1.3404,-5.2,6.641,15.058
5.0947,10.237,0,-5.2,6.1008,32.355
4.8489,9.7175,-0.9956,-5.2,5.6044,15.253
4.7475,9.1975,-0.87235,-5.2,5.1355,14.371
4.6689,8.6775,-0.39589,-5.2,4.7135,17.798
4.6689,8.1575,0,-5.2,4.3387,21.396
4.6689,7.6375,0,-5.2,4.0158,20.33
4.6689,7.1175,0,-5.2,3.7449,19.264
4.9025,6.5975,0.40762,-5.2,3.5682,26.76
4.9025,6.0775,0,-8.8,3.4247,13.021
4.9025,5.1975,0,-8.8,3.3512,11.217
4.9025,4.3175,0,-8.8,3.3657,9.4126
4.9025,3.4375,0,-8.8,3.4682,7.6086
4.9025,2.5575,0,-8.8,3.6587,5.8046
4.9025,1.6775,0,-8.8,3.9372,4.0006
6.6567,0.79745,8.2571,-8.8,4.5521,149.75
6.6567,0,0,6.5507,5.182,16.302
6.6567,0.65507,0,1.821,5.8149,0
6.6567,0.83717,0,2.4366,6.406,0
8.571,1.0808,1.3584,4.9,7.4551,0
8.7066,1.5708,-0.024235,4.9,8.1828,0
8.7066,2.0608,0,4.9,8.8719,1.799
8.6819,2.5508,-0.40079,4.9,9.5128,8.6209
8.6819,3.0408,0,4.9,10.101,6.7246
8.6819,3.5308,0,4.9,10.641,9.2753
8.7282,4.0208,0.828,4.9,11.128,3.6107
8.7282,4.5108,0,4.9,11.575,14.364
8.7282,5.0008,0,4.9,11.972,17.139
8.7282,5.4908,0,4.1271,12.32,12.662
9.0923,5.9035,0.74317,3.3925,12.695,1.0232
9.0923,6.2428,0,2.8872,12.997,4.5134
9.2339,6.5315,0.48476,2.5266,13.272,0
9.2865,6.7842,0.40248,2.2338,13.53,0
9.3291,7.0076,0.6016,1.9944,13.771,0
9.3922,7.207,0.69352,1.8166,13.99,0
9.4595,7.3887,0.6303,1.6737,14.202,0
9.5147,7.556,0.58015,1.5447,14.409,0
9.5818,7.7105,0.57487,1.4429,14.592,0
9.5818,7.8548,0,1.3564,14.772,0
9.7055,7.9904,0.49556,1.2735,14.955,0
9.763,8.1178,0.49955,1.2017,15.123,0
9.8083,8.2379,0.49765,1.1293,15.278,0
9.8508,8.3509,0.50751,1.0636,15.427,0
9.9077,8.4572,0.56242,1.0153,15.57,0
9.972,8.5588,0.65612,0.97779,15.714,0
10.033,8.6565,0.69338,0.94169,15.855,0
10.097,8.7507,0.68905,0.91217,16.001,0
10.097,8.8419,0,0.88517,16.131,0
10.231,8.9304,0.61096,0.8647,16.268,0
10.231,9.0169,0,0.83373,16.394,0
10.231,9.1003,0,0.80767,16.511,0
10.231,9.1811,0,0.77541,16.62,0
10.231,9.2586,0,0.73225,16.722,0
10.412,9.3318,-0.041422,0.68865,16.86,0
10.408,9.4007,0.0049905,0.63822,16.969,0
10.408,9.4645,0,0.5925,17.067,0
10.414,9.5238,0.43077,0.55754,17.16,0
10.414,9.5795,0,0.55102,17.247,0
10.542,9.6346,0.71813,0.56202,17.335,0
10.542,9.6908,0,0.56503,17.423,0
10.542,9.7473,0,0.56914,17.505,0
10.711,9.8042,0.16816,0.55381,17.623,0
10.728,9.8596,0.0095578,0.52791,17.714,0
10.726,9.9124,0.016171,0.49239,17.802,0
10.729,9.9616,0.074965,0.46228,17.886,0
10.746,10.008,0.24376,0.44263,17.952,0
10.779,10.052,0.44414,0.43418,18.018,0
10.779,10.096,0,0.42933,18.088,0
10.879,10.138,0.8583,0.4393,18.16,0
10.969,10.182,0.9853,0.46499,18.235,0
10.969,10.229,0,0.49547,18.311,0
11.18,10.278,0.99257,0.52871,18.406,0
11.282,10.331,0.94554,0.55558,18.507,0
11.386,10.387,0.89075,0.5813,18.595,0
11.386,10.445,0,0.59727,18.692,0
11.566,10.505,0.70376,0.61151,18.792,0
11.566,10.566,0,0.61738,18.895,0
11.7,10.628,0.52235,0.61222,19.019,0
11.759,10.689,0.48297,0.60841,19.127,0
11.81,10.75,0.48446,0.59994,19.234,0
11.862,10.81,0.51099,0.59345,19.349,0
11.912,10.869,0.51451,0.58541,19.447,0
11.912,10.928,0,0.58145,19.548,0
12.021,10.986,0.47615,0.57617,19.66,0
12.067,11.043,0.48524,0.56751,19.767,0
12.067,11.1,0,0.55695,19.867,0
12.067,11.156,0,0.55673,19.96,0
12.067,11.211,0,0.55305,20.049,0
12.295,11.267,0.64982,0.56161,20.171,0
12.295,11.323,0,0.56515,20.271,0
12.414,11.379,0.58384,0.56027,20.367,0
12.475,11.435,0.51841,0.56089,20.474,0
12.517,11.492,0.47997,0.55171,20.587,0
12.517,11.547,0,0.54717,20.686,0
12.517,11.601,0,0.54757,20.781,0
12.675,11.656,0.52184,0.54248,20.905,0
12.675,11.71,0,0.54367,21.004,0
12.781,11.765,0.53481,0.53727,21.1,0
12.834,11.819,0.5317,0.53498,21.206,0
12.834,11.872,0,0.53409,21.305,0
12.834,11.925,0,0.53418,21.398,0
12.834,11.979,0,0.53519,21.486,0
12.834,12.032,0,0.52832,21.569,0
13.098,12.085,0.54814,0.5248,21.708,0
13.155,12.138,0.53338,0.52586,21.816,0
13.204,12.19,0.53819,0.52264,21.924,0
13.204,12.243,0,0.52479,22.023,0
13.314,12.295,0.54215,0.52222,22.127,0
13.314,12.347,0,0.52412,22.227,0
13.418,12.4,0.5367,0.51835,22.328,0
13.477,12.451,0.54137,0.52076,22.436,0
13.477,12.504,0,0.52383,22.536,0
13.477,12.556,0,0.52296,22.631,0
13.477,12.608,0,0.52614,22.72,0
13.477,12.661,0,0.52929,22.805,0
13.779,12.714,0.53072,0.53295,22.945,0
13.84,12.767,0.5321,0.53513,23.045,0
13.896,12.821,0.53638,0.53494,23.152,0
13.896,12.874,0,0.52912,23.257,0
13.999,12.927,0.54028,0.53032,23.364,0
14.059,12.98,0.54606,0.53214,23.468,0
14.059,13.033,0,0.52661,23.573,0
14.059,13.086,0,0.52817,23.673,0
14.222,13.139,0.53688,0.52984,23.791,0
14.222,13.192,0,0.52669,23.897,0
14.222,13.244,0,0.52234,23.997,0
14.222,13.297,0,0.52453,24.092,0
14.222,13.349,0,0.52774,24.182,0
14.222,13.402,0,0.52509,24.267,0
14.542,13.454,0.53687,0.52408,24.445,0
14.542,13.507,0,0.52195,24.552,0
14.649,13.559,0.52911,0.52236,24.663,0
14.649,13.611,0,0.51867,24.769,0
14.649,13.663,0,0.51481,24.871,0
14.649,13.715,0,0.51362,24.967,0
14.851,13.766,0.54353,0.51469,25.09,0
