20,20,0.5477,0,35.5,0
20,20,0,0.017037,35.5,0.036528
20.1,20.002,0.43945,0.03397,35.508,0
20.1,20.005,0,0.045988,35.518,0
20.1,20.01,0,0.061967,35.527,0
20.24,20.016,0.44831,0.077609,35.573,0
20.24,20.024,0,0.093435,35.595,0
20.24,20.033,0,0.10262,35.617,0
20.37,20.043,0.44988,0.11324,35.642,0
20.37,20.055,0,0.12425,35.675,0
20.37,20.067,0,0.13877,35.706,0
20.515,20.081,0.50022,0.15039,35.757,0
20.557,20.096,0.46696,0.15966,35.808,0
20.557,20.112,0,0.17167,35.854,0
20.557,20.129,0,0.1847,35.897,0
20.557,20.148,0,0.19716,35.939,0
20.557,20.167,0,0.2074,35.979,0
20.557,20.188,0,0.21497,36.017,0
20.857,20.209,0.4917,0.22367,36.124,0
20.857,20.232,0,0.22958,36.187,0
20.939,20.255,0.43766,0.23633,36.255,0
20.939,20.278,0,0.2458,36.322,0
20.939,20.303,0,0.25126,36.387,0
20.939,20.328,0,0.25689,36.449,0
20.939,20.354,0,0.25913,36.509,0
20.939,20.38,0,0.26169,36.566,0
20.939,20.406,0,0.25878,36.621,0
21.187,20.432,0.22505,0.26047,36.768,0
21.187,20.458,0,0.25613,36.842,0
21.227,20.483,0.10083,0.25624,36.921,0
21.238,20.509,0.070675,0.251,36.994,0
21.25,20.534,0.038877,0.24633,37.06,0
21.252,20.559,-0.0092294,0.23846,37.122,0
21.258,20.583,-0.019732,0.23244,37.199,0
21.26,20.606,-0.016024,0.22491,37.263,0
21.26,20.628,0,0.21402,37.327,0
21.253,20.65,-0.058661,0.20738,37.376,0
21.248,20.671,-0.073553,0.19844,37.426,0
21.232,20.69,-0.076385,0.18613,37.484,0
21.226,20.709,-0.089411,0.17745,37.538,0
21.226,20.727,0,0.16764,37.588,0
21.226,20.744,0,0.1617,37.637,0
21.199,20.76,-0.11516,0.15059,37.662,0
21.199,20.775,0,0.13895,37.706,0
21.178,20.789,-0.067002,0.13355,37.736,0
21.178,20.802,0,0.12736,37.774,0
21.166,20.815,-0.047123,0.12029,37.822,0
21.153,20.827,-0.023773,0.11178,37.865,0
21.157,20.838,-0.036666,0.10949,37.899,0
21.152,20.849,-0.041608,0.10372,37.928,0
21.145,20.859,-0.023671,0.097881,37.964,0
21.135,20.869,-0.00047343,0.091191,37.999,0
21.144,20.878,0.027299,0.091058,38.027,0
21.137,20.887,0.021645,0.085647,38.061,0
21.146,20.896,-0.027117,0.085653,38.096,0
21.146,20.904,0,0.083476,38.12,0
21.141,20.913,-0.2072,0.078245,38.126,0.21098
21.141,20.921,0,0.071145,38.149,0
21.094,20.928,-0.44063,0.056983,38.163,1.1781
21.043,20.933,-0.52318,0.037354,38.172,1.6664
21.043,20.937,0,0.016431,38.182,0
21.043,20.939,0,-0.0011357,38.193,0
20.864,20.939,-0.8049,-0.0075473,38.164,3.8332
20.787,20.938,-0.88555,-0.015391,38.159,4.732
20.698,20.936,-0.92759,-0.02422,38.131,5.41
20.605,20.934,-1.004,-0.033583,38.093,6.4602
20.605,20.931,0,-0.043319,38.061,0.61018
20.401,20.926,-0.97967,-0.053799,37.994,7.022
20.296,20.921,-1.0019,-0.064124,37.93,7.6479
20.19,20.914,-1.0508,-0.074532,37.868,8.5714
20.19,20.907,0,-0.084016,37.796,1.462
19.985,20.899,-1.0394,-0.09466,37.692,9.2594
19.878,20.889,-1.0318,-0.1051,37.595,9.5949
19.774,20.879,-1.0422,-0.11528,37.489,10.114
19.663,20.867,-1.019,-0.12629,37.373,10.289
19.663,20.854,0,-0.13565,37.253,2.6151
19.467,20.841,-0.8391,-0.14562,37.103,9.0945
19.467,20.826,0,-0.15365,36.966,3.0541
19.31,20.811,-0.63773,-0.16087,36.816,7.7057
19.31,20.795,0,-0.16784,36.667,3.3887
19.31,20.778,0,-0.17236,36.519,3.3149
19.157,20.761,-0.32248,-0.17504,36.351,5.6212
19.121,20.743,-0.23662,-0.17821,36.192,5.1154
19.092,20.726,-0.1404,-0.18058,36.037,4.5671
19.08,20.707,-0.13127,-0.18108,35.878,4.4911
19.064,20.689,-0.168,-0.18197,35.723,4.6907
19.049,20.671,-0.14655,-0.18276,35.569,4.5511
19.041,20.653,-0.16167,-0.18272,35.409,4.5994
19.016,20.635,-0.18891,-0.18467,35.25,4.7739
18.993,20.616,-0.19508,-0.18639,35.087,4.8167
18.967,20.598,-0.22829,-0.18846,34.934,5.0372
18.949,20.579,-0.23527,-0.18965,34.774,5.072
18.933,20.56,-0.17198,-0.19052,34.608,4.6704
18.933,20.541,0,-0.19041,34.446,3.683
18.933,20.522,0,-0.19221,34.287,3.6126
18.933,20.502,0,-0.19431,34.129,3.5407
18.848,20.483,-0.31426,-0.19684,33.961,5.5612
18.82,20.463,-0.44694,-0.19915,33.804,6.5239
18.82,20.443,0,-0.20272,33.641,3.6802
18.739,20.423,-0.42249,-0.20696,33.471,6.4603
18.739,20.402,0,-0.21222,33.304,3.7661
18.739,20.381,0,-0.21651,33.139,3.677
18.59,20.36,-0.59864,-0.22237,32.951,8.1505
18.53,20.337,-0.60646,-0.22894,32.767,8.345
18.53,20.314,0,-0.23482,32.588,4.0598
18.413,20.291,-0.66804,-0.24183,32.404,9.1455
18.348,20.267,-0.72385,-0.24914,32.212,9.8204
18.279,20.242,-0.87173,-0.25712,32.014,11.519
18.279,20.216,0,-0.26701,31.819,4.4222
18.115,20.189,-0.84983,-0.27661,31.618,11.696
18.115,20.162,0,-0.28759,31.412,4.6977
17.966,20.133,-0.24197,-0.29453,31.194,6.5973
17.945,20.104,-0.034952,-0.29639,30.973,5.2418
17.945,20.074,0,-0.29652,30.759,4.9387
17.945,20.044,0,-0.29459,30.547,4.8446
17.945,20.015,0,-0.29466,30.339,4.7414
17.945,19.985,0,-0.29745,30.133,4.6255
17.945,19.956,0,-0.30095,29.931,4.5061
17.844,19.925,-0.11375,-0.3029,29.731,5.389
17.825,19.895,-0.051396,-0.30427,29.521,4.9774
17.812,19.865,-0.077421,-0.30462,29.317,5.0594
17.808,19.834,-0.071044,-0.30355,29.121,4.9341
17.808,19.804,0,-0.3027,28.92,4.4471
17.805,19.774,-0.063246,-0.30067,28.727,4.7021
17.805,19.744,0,-0.30123,28.531,4.2611
17.805,19.713,0,-0.30147,28.339,4.1591
17.776,19.683,-0.12899,-0.29996,28.139,4.8576
17.754,19.653,-0.12075,-0.30172,27.941,4.7731
17.754,19.623,0,-0.3017,27.753,4.029
17.728,19.593,-0.16708,-0.30187,27.569,4.9143
17.728,19.563,0,-0.30337,27.384,3.9077
17.691,19.532,-0.072356,-0.30381,27.198,4.295
17.691,19.502,0,-0.3015,27.015,3.8395
17.691,19.472,0,-0.29989,26.835,3.749
17.683,19.442,-0.050346,-0.29893,26.634,3.9277
17.677,19.412,-0.031559,-0.29729,26.468,3.7615
17.677,19.382,0,-0.29592,26.296,3.5226
17.677,19.353,0,-0.2942,26.127,3.4366
17.677,19.323,0,-0.29341,25.961,3.3477
17.638,19.294,-0.10227,-0.29423,25.792,3.8663
17.618,19.265,-0.063408,-0.29509,25.633,3.6388
17.61,19.235,-0.017884,-0.29376,25.475,3.3625
17.599,19.206,0.054678,-0.293,25.311,2.9931
17.604,19.176,0.11283,-0.28926,25.152,2.6773
17.604,19.147,0,-0.28475,24.996,3.0672
17.604,19.119,0,-0.2779,24.843,3.0089
17.604,19.091,0,-0.27018,24.693,2.9564
17.673,19.064,0.22341,-0.26433,24.573,1.909
17.694,19.038,0.24437,-0.25738,24.428,1.753
17.727,19.012,0.24601,-0.24802,24.296,1.6359
17.727,18.987,0,-0.23947,24.168,2.409
17.778,18.963,0.25793,-0.23182,24.065,1.4192
17.778,18.94,0,-0.22303,23.948,2.1922
17.833,18.918,0.2606,-0.21487,23.844,1.2321
17.866,18.896,0.26664,-0.20539,23.728,1.1223
17.9,18.876,0.24707,-0.19565,23.635,1.0735
17.934,18.856,0.21049,-0.18585,23.539,1.0642
17.963,18.838,0.17766,-0.1771,23.451,1.0587
17.974,18.82,0.13649,-0.17224,23.371,1.1116
17.974,18.803,0,-0.16784,23.287,1.4812
17.991,18.786,0.063704,-0.16343,23.197,1.2133
17.991,18.77,0,-0.16113,23.118,1.3721
17.998,18.753,0.13091,-0.15691,23.036,0.95991
18.007,18.738,0.16486,-0.15242,22.956,0.83453
18.021,18.722,0.17772,-0.14689,22.892,0.7566
18.044,18.708,0.2214,-0.13949,22.832,0.60564
18.044,18.694,0,-0.13416,22.766,1.1312
18.044,18.68,0,-0.12649,22.702,1.1208
18.107,18.668,0.1351,-0.11919,22.648,0.61653
18.107,18.656,0,-0.11607,22.593,0.93783
18.131,18.644,0.16383,-0.1099,22.527,0.47852
18.148,18.633,0.18054,-0.1043,22.471,0.40231
18.148,18.623,0,-0.097644,22.423,0.81284
18.148,18.613,0,-0.090169,22.376,0.8103
18.148,18.604,0,-0.084875,22.33,0.80353
18.148,18.596,0,-0.076955,22.284,0.80532
18.265,18.588,0.2549,-0.070204,22.287,0.046093
18.295,18.581,0.24349,-0.062166,22.257,0.0093471
18.325,18.575,0.23656,-0.054457,22.229,0
18.325,18.569,0,-0.046364,22.204,0.4168
18.325,18.565,0,-0.041091,22.18,0.41948
18.397,18.56,0.22932,-0.035867,22.151,0
18.423,18.557,0.2366,-0.029244,22.144,0
18.423,18.554,0,-0.021709,22.131,0.2264
18.477,18.552,0.28451,-0.016402,22.136,0
18.513,18.55,0.26747,-0.0081983,22.124,0
18.513,18.549,0,-4.5708e-05,22.12,0.075641
18.566,18.549,0.25156,0.0043929,22.133,0
18.591,18.55,0.22074,0.010734,22.141,0
18.591,18.551,0,0.0177,22.145,0
18.632,18.553,0.24716,0.020526,22.153,0
18.656,18.555,0.27163,0.026051,22.161,0
18.656,18.557,0,0.030412,22.171,0
18.706,18.56,0.28792,0.03761,22.173,0
18.744,18.564,0.30384,0.046538,22.182,0
18.775,18.569,0.31643,0.053319,22.202,0
18.775,18.574,0,0.061369,22.223,0
18.847,18.58,0.30259,0.068991,22.25,0
18.847,18.587,0,0.076925,22.276,0
18.847,18.595,0,0.081641,22.302,0
18.94,18.603,0.19649,0.087165,22.333,0
18.956,18.612,0.15786,0.089137,22.377,0
18.956,18.621,0,0.089658,22.411,0
18.985,18.629,0.15922,0.092182,22.439,0
18.993,18.639,0.15399,0.091931,22.482,0
18.993,18.648,0,0.095898,22.517,0
19.02,18.657,0.11208,0.094154,22.546,0
19.02,18.667,0,0.09683,22.582,0
19.046,18.677,0.072673,0.096166,22.634,0
19.046,18.686,0,0.094532,22.67,0
19.057,18.696,0.091724,0.094189,22.718,0
19.059,18.705,0.10379,0.092308,22.756,0
19.059,18.714,0,0.090714,22.791,0
19.068,18.723,0.074853,0.089813,22.809,0
19.067,18.732,0.047411,0.087319,22.842,0
19.078,18.741,0.025016,0.088041,22.881,0
19.078,18.75,0.028134,0.085654,22.921,0
19.078,18.758,0,0.084561,22.953,0
19.078,18.767,0,0.082529,22.985,0
19.084,18.775,0.030603,0.080762,23.016,0
19.097,18.783,0.020387,0.082049,23.056,0
19.097,18.791,0,0.081076,23.087,0
19.097,18.8,0,0.079415,23.117,0
19.099,18.808,-0.022612,0.076446,23.144,0
19.099,18.815,0,0.072857,23.173,0
19.089,18.822,0.0063161,0.069921,23.196,0
19.089,18.829,0,0.068103,23.223,0
19.089,18.836,0,0.063858,23.248,0
19.061,18.843,-0.2484,0.057464,23.278,0.29968
19.061,18.848,0,0.049875,23.3,0
19.007,18.853,-0.55688,0.040389,23.316,1.7032
19.007,18.857,0,0.026701,23.331,0
18.888,18.86,-0.72435,0.0073322,23.338,2.9585
18.888,18.861,0,-0.01023,23.341,0
18.731,18.86,-0.89857,-0.026341,23.323,4.661
18.731,18.857,0,-0.044953,23.31,0.16465
18.731,18.853,0,-0.063528,23.298,0.11577
18.731,18.846,0,-0.084194,23.286,0.061258
18.334,18.838,-1.1166,-0.10393,23.207,7.8854
18.216,18.827,-1.122,-0.12647,23.149,8.3053
18.103,18.815,-1.1309,-0.14793,23.079,8.7421
17.986,18.8,-1.1483,-0.16991,23.005,9.2837
17.986,18.783,0,-0.19127,22.924,1.327
17.75,18.764,-1.0812,-0.21386,22.823,9.2092
17.634,18.743,-1.1153,-0.23543,22.714,9.9017
17.528,18.719,-1.1849,-0.2546,22.604,10.99
17.4,18.694,-1.2564,-0.2784,22.488,12.233
17.272,18.666,-1.3544,-0.30265,22.348,13.9
17.144,18.635,-1.467,-0.32677,22.209,15.902
17,18.603,-1.5653,-0.35444,22.053,17.873
16.841,18.567,-1.6381,-0.38575,21.892,19.574
16.671,18.529,-1.6973,-0.41978,21.711,21.121
16.495,18.487,-1.7585,-0.45568,21.515,22.766
16.326,18.441,-1.8318,-0.49056,21.309,24.664
16.326,18.392,0,-0.52692,21.1,3.6585
15.958,18.339,-1.8619,-0.56857,20.86,26.202
15.771,18.283,-1.8672,-0.60981,20.606,26.724
15.584,18.222,-1.8641,-0.651,20.355,27.036
15.584,18.157,0,-0.69624,20.095,4.512
15.584,18.087,0,-0.73881,19.841,4.1082
15.027,18.013,-1.8343,-0.78242,19.484,27.246
15.027,17.935,0,-0.82759,19.189,5.0021
14.666,17.852,-1.8363,-0.87261,18.858,27.585
14.49,17.765,-1.7811,-0.91818,18.533,26.51
14.321,17.673,-1.7457,-0.96266,18.203,25.798
14.147,17.577,-1.761,-1.0094,17.872,26.077
13.973,17.476,-1.7688,-1.0581,17.525,26.145
13.973,17.37,0,-1.1126,17.18,5.2948
13.973,17.259,0,-1.1658,16.846,4.7258
13.973,17.142,0,-1.221,16.523,4.1795
13.253,17.02,-1.7454,-1.2763,16.066,24.875
13.253,16.892,0,-1.3307,15.696,5.1181
13.253,16.759,0,-1.3885,15.338,4.5132
13.253,16.62,0,-1.4508,14.995,3.9425
13.253,16.475,0,-1.514,14.665,3.4318
12.4,16.324,-1.7205,-1.5716,14.126,21.98
12.22,16.167,-1.7411,-1.6399,13.728,21.715
12.043,16.003,-1.7503,-1.7096,13.324,21.161
11.866,15.832,-1.7335,-1.7811,12.919,20.078
11.692,15.654,-1.7164,-4.4,12.517,9.8244
11.525,15.214,-1.7225,-4.4,12.137,13.746
11.525,14.774,0,-4.4,11.79,46.649
11.184,14.334,-1.7214,-4.4,11.45,30.958
11.184,13.894,0,-4.4,11.157,64.518
10.842,13.454,-1.7489,-4.4,10.865,97.382
10.842,13.014,0,-4.4,10.626,90.703
10.842,12.574,0,-4.4,10.431,122.17
10.303,12.134,-1.7751,-5.2,10.198,0
10.12,11.614,-1.7709,-5.2,10.028,0
9.9357,11.094,-1.7495,-5.2,9.9034,0
9.9357,10.574,0,-5.2,9.8136,0
9.5745,10.054,-1.6184,-5.2,9.7388,0
9.4111,9.5337,-1.5452,-5.2,9.7036,0
9.4111,9.0137,0,0.09794,9.7173,0
9.4111,9.0235,0,0.02966,9.7565,0
9.4111,9.0265,0,-0.027363,9.7951,0
9.4111,9.0238,0,-0.077426,9.8337,0
9.4111,9.016,0,-0.12322,9.8729,0
8.5988,9.0037,-1.0284,-0.15987,9.653,6.0736
8.5988,8.9877,0,-0.19347,9.6133,0.39076
8.5988,8.9684,0,-0.2285,9.5754,0.28339
8.2935,8.9455,-0.9721,-0.26235,9.5027,5.9565
8.1958,8.9193,-0.97545,-5.2,9.4256,0
8.1958,8.3993,0,-0.11956,9.3792,0.16686
7.9941,8.3873,-0.9724,-0.15209,9.3309,5.5758
7.9067,8.3721,-0.98939,-0.18114,9.2842,5.8449
7.9067,8.354,0,-0.21255,9.2386,0.47033
7.9067,8.3327,0,-0.24479,9.1949,0.36241
7.6043,8.3083,-1.013,-5.2,9.1132,373.89
7.511,7.7883,-0.99817,-0.10396,9.0588,5.6215
7.511,7.7779,0,-0.14132,9.0316,0.25052
7.3005,7.7637,-1.0285,-0.17543,8.9846,6.2329
7.3005,7.7462,0,-0.20855,8.9391,0.47554
7.101,7.7253,-1.1963,-0.23972,8.8815,8.2041
7.101,7.7014,0,-5.2,8.8203,102.93
7.101,7.1814,0,-0.12093,8.7863,0
6.693,7.1693,-1.8448,-0.17327,8.7387,17.418
6.5017,7.1519,-2.0817,-0.23836,8.6851,22.731
6.2854,7.1281,-2.2472,-0.3125,8.6054,27.196
6.0627,7.0969,-2.3935,-5.2,8.5087,0
6.0627,6.5769,0,-0.26349,8.4313,0.5008
5.5701,6.5505,-2.6371,-0.34974,8.3358,39.518
5.3016,6.5155,-2.7351,-5.2,8.2286,0
5.3016,5.9955,0,-0.32819,8.1332,0.73318
4.745,5.9627,-2.9776,-0.41877,8.0144,11.805
4.4558,5.9208,-3.1649,-8.8,7.8828,0
4.4558,5.0408,0,-0.27238,7.7803,0.62741
4.4558,5.0136,0,-0.37132,7.7231,0.38857
3.4417,4.9765,-3.6505,-0.48198,7.5226,11.966
3.4417,4.9283,0,-8.8,7.3716,0
2.6927,4.0483,-3.6538,-0.36692,7.1913,11.186
2.3217,4.0116,-3.4554,-0.46946,7.0369,11.081
1.97,3.9646,-3.2536,-8.8,6.8528,0
1.97,3.0846,0,-0.33059,6.6974,1.6998
1.97,3.0516,0,-0.40394,6.5876,1.4059
1.97,3.0112,0,-8.8,6.4814,0
1.97,2.1312,0,-0.23612,6.4213,0
1.97,2.1076,0,-8.8,6.4064,0
1.97,1.2276,0,-0.093305,6.4366,0
0.16904,1.2182,-1.0497,-0.1111,5.7873,4.4224
0.059928,1.2071,-0.49074,-0.12423,5.675,3.484
0.059928,1.1947,0,-8.8,5.5609,0
0.059928,0.31471,0,0.34926,5.4914,1.7694
0.025639,0.34963,0.51441,0.51441,5.4581,0.71542
0.072861,0.40107,0.55422,0.55422,5.427,0.72476
0.13133,0.45649,0.58994,0.58994,5.4038,0.71702
0.19111,0.51549,0.67575,0.67575,5.3619,0.71389
0.26463,0.58306,0.70108,0.70108,5.3198,0.69962
0.32916,0.65317,0.69977,-8.8,5.2955,0
0.32916,0,0,0.68391,5.3071,1.3832
0.48354,0.068391,0.67141,0.67141,5.3483,0
0.48354,0.13553,0,0.66867,5.3864,1.2586
0.48354,0.2024,0,0.66673,5.4179,1.4597
0.6713,0.26907,0.66559,0.66559,5.479,0
0.6713,0.33563,0,0.65493,5.5159,1.2384
0.82007,0.40112,0.63713,0.63713,5.5552,0
0.88247,0.46484,0.6118,0.6118,5.5946,0
0.88247,0.52602,0,0.59205,5.6333,0.91789
0.99332,0.58522,0.57219,0.57219,5.6677,0
0.99332,0.64244,0,0.55576,5.7056,0.79294
1.0975,0.69802,0.5412,0.5412,5.7498,0
1.1508,0.75214,0.53377,0.53377,5.7917,0
1.1508,0.80552,0,0.51745,5.8288,0.6652
1.2598,0.85726,0.49536,0.49536,5.891,0
1.3092,0.9068,0.48329,4.9,5.9376,30.079
1.365,1.3968,0.48127,-0.0037092,5.9639,0
1.4191,1.3964,0.49726,0.13711,5.9655,0
1.4191,1.4101,0,0.38391,5.967,1.1239
1.5361,1.4485,0.67078,0.49711,5.9661,0
1.5967,1.4982,0.83864,0.52855,5.9709,0
1.5967,1.5511,0,0.67183,5.9781,2.2525
1.7831,1.6183,1.2391,0.78201,6.0041,0
1.9136,1.6965,1.3892,0.95596,6.0326,0
1.9136,1.7921,0,1.081,6.0496,4.184
2.2187,1.9002,1.5559,1.171,6.0949,0
2.3768,2.0173,1.6009,1.2027,6.1318,0
2.5274,2.1375,1.6386,1.1895,6.1639,0
2.5274,2.2565,0,1.2311,6.1969,4.4992
2.5274,2.3796,0,1.2513,6.2178,5.1292
2.5274,2.5047,0,1.2755,6.2264,5.8108
3.2126,2.6323,1.7097,1.2851,6.3554,0
3.2126,2.7608,0,1.2744,6.407,4.0391
3.5413,2.8882,1.6821,1.26,6.4784,0
3.5413,3.0142,0,1.2498,6.5375,3.5967
3.5413,3.1392,0,1.2492,6.5839,4.0842
4.0419,3.2641,1.6226,1.2571,6.6803,0
4.0419,3.3898,0,1.2545,6.7518,3.1427
4.3754,3.5153,1.5656,1.2546,6.8414,0
4.3754,3.6408,0,1.2437,6.9211,2.7699
4.3754,3.7651,0,1.2265,6.9884,3.1423
4.3754,3.8878,0,1.2042,7.0433,3.4835
4.3754,4.0082,0,1.198,7.086,3.9154
5.1383,4.128,1.4916,1.1962,7.3164,0
5.1383,4.2476,0,1.1912,7.4115,1.9204
5.4377,4.3667,1.4768,1.1821,7.5139,0
5.4377,4.485,0,1.1731,7.6151,1.6106
5.4377,4.6023,0,1.166,7.7045,1.9858
5.4377,4.7189,0,1.1552,7.7822,2.3466
6.0027,4.8344,1.3601,1.1481,7.9811,0
6.1485,4.9492,1.3266,1.1487,8.1031,0
6.2765,5.0641,1.3115,1.132,8.22,0
6.4047,5.1773,1.2959,1.1199,8.3494,0
6.5415,5.2892,1.2207,1.1172,8.4753,0
6.6729,5.401,1.1458,1.1098,8.5967,0
6.6729,5.5119,0,1.089,8.7184,0.52787
6.9009,5.6208,1.12,1.0726,8.8533,0
7.0178,5.7281,1.1528,1.0603,8.9787,0
7.1287,5.8341,1.2119,1.0456,9.1101,0
7.1287,5.9387,0,1.0471,9.2343,0.25983
7.1287,6.0434,0,1.0449,9.3481,0.57408
7.5187,6.1479,1.2678,1.0544,9.5149,0
7.6521,6.2533,1.2366,1.0602,9.6623,0
7.7732,6.3594,1.2298,1.0555,9.8037,0
7.9016,6.4649,1.2331,1.0571,9.9472,0
8.0253,6.5706,1.237,1.0551,10.091,0
8.0253,6.6761,0,1.0571,10.231,0
8.2787,6.7818,1.2531,1.0567,10.387,0
8.4114,6.8875,1.2376,1.0628,10.547,0
8.5445,6.9938,1.2412,1.0673,10.696,0
8.5445,7.1005,0,1.063,10.845,0
8.5445,7.2068,0,1.0638,10.984,0
8.9106,7.3132,1.2208,1.06,11.162,0
9.0254,7.4192,1.2062,1.0542,11.328,0
9.1375,7.5246,1.1673,1.0475,11.495,0
9.2587,7.6294,1.1384,1.0467,11.653,0
9.2587,7.734,0,1.0426,11.81,0
9.2587,7.8383,0,1.0379,11.958,0
9.2587,7.9421,0,1.0299,12.095,0
9.7002,8.0451,1.0728,1.0201,12.287,0
9.8158,8.1471,1.0986,1.0199,12.463,0
9.8158,8.2491,0,1.0126,12.624,0
10.022,8.3503,1.1044,1.0033,12.789,0
10.129,8.4507,1.1223,0.99823,12.95,0
10.129,8.5505,0,0.99585,13.113,0
10.129,8.6501,0,0.99418,13.266,0
10.457,8.7495,1.0068,0.99198,13.46,0
10.457,8.8487,0,0.98721,13.626,0
10.457,8.9474,0,0.97974,13.782,0
10.77,9.0454,1.0334,0.97938,13.967,0
10.77,9.1433,0,0.97867,14.135,0
10.981,9.2412,0.96924,0.97466,14.313,0
10.981,9.3387,0,0.96631,14.482,0
11.166,9.4353,0.85265,0.95586,14.65,0
11.166,9.5309,0,0.93994,14.819,0
11.166,9.6249,0,0.93114,14.978,0
11.413,9.718,0.80057,0.91959,15.173,0
11.502,9.8099,0.80285,0.91201,15.333,0
11.576,9.9011,0.79241,0.89744,15.504,0
