13.611,13.611,-2.1195,0,35.5,21.915
13.401,13.611,-1.3326,-0.015116,35.488,9.5676
13.265,13.61,-1.9282,-0.02483,35.468,19.926
13.265,13.607,0,-0.039068,35.434,0.65931
12.883,13.603,-1.8508,-0.052109,35.37,20.661
12.688,13.598,-1.9163,-0.066065,35.288,23.159
12.688,13.591,0,-0.080126,35.197,1.9879
12.299,13.583,-1.7672,-0.094119,35.063,22.411
12.123,13.574,-1.7809,-0.10692,34.933,23.683
11.941,13.563,-1.7217,-0.12032,34.773,23.537
11.777,13.551,-1.6767,-0.13254,34.603,23.569
11.601,13.538,-1.5846,-0.14585,34.416,22.794
11.601,13.523,0,-0.15738,34.223,4.9269
11.601,13.508,0,-0.16858,34.031,4.8125
11.601,13.491,0,-0.18003,33.841,4.694
11.046,13.473,-1.0422,-0.18956,33.553,16.838
10.939,13.454,-0.83928,-0.19854,33.309,14.652
10.863,13.434,-0.70139,-0.2053,33.045,13.294
10.863,13.413,0,-0.21232,32.789,6.984
10.863,13.392,0,-0.21716,32.535,6.8715
10.863,13.371,0,-0.2228,32.284,6.7532
10.863,13.348,0,-0.2277,32.034,6.6377
10.863,13.325,0,-0.23427,31.786,6.5114
10.496,13.302,-0.6399,-0.24066,31.438,13.543
10.428,13.278,-0.65839,-0.24759,31.162,13.923
10.428,13.253,0,-0.25382,30.878,7.8319
10.428,13.228,0,-0.26133,30.597,7.6824
10.257,13.202,-0.41244,-0.26647,30.286,11.694
10.257,13.175,0,-0.27068,29.993,8.1052
10.257,13.148,0,-0.27411,29.702,7.9728
10.257,13.121,0,-0.27866,29.414,7.8327
10.161,13.093,-0.15624,-0.28073,29.105,9.275
10.137,13.065,-0.18937,-0.28433,28.817,9.5
10.137,13.036,0,-0.28809,28.526,7.9176
10.083,13.007,-0.30477,-0.2922,28.242,10.406
10.048,12.978,-0.36913,-0.29715,27.948,10.975
10.013,12.948,-0.39273,-0.30234,27.649,11.182
9.9643,12.918,-0.41675,-0.30876,27.359,11.446
9.929,12.887,-0.41801,-0.31386,27.07,11.439
9.8826,12.856,-0.35405,-0.32039,26.774,10.866
9.841,12.824,-0.31465,-0.32663,26.471,10.511
9.8109,12.791,-0.30488,-0.33153,26.176,10.376
9.8109,12.758,0,-0.33617,25.88,7.8136
9.748,12.724,-0.24028,-0.34175,25.591,9.7325
9.7199,12.69,-0.27947,-0.34675,25.291,9.9997
9.7199,12.656,0,-0.35099,24.995,7.6764
9.6687,12.621,-0.2621,-0.35636,24.692,9.6997
9.6377,12.585,-0.18158,-0.362,24.389,8.9874
9.6377,12.549,0,-0.36533,24.096,7.4903
9.6377,12.512,0,-0.36913,23.807,7.3227
9.5972,12.475,-0.013342,-0.37184,23.518,7.4099
9.5958,12.438,0.079573,-0.37324,23.242,6.6637
9.6022,12.401,0.15354,-0.3738,22.958,6.0602
9.6232,12.363,0.19279,-0.37221,22.681,5.6434
9.6232,12.326,0,-0.36957,22.408,6.6532
9.6232,12.289,0,-0.36381,22.14,6.545
9.6232,12.253,0,-0.35707,21.875,6.445
9.7938,12.217,0.49086,-0.35151,21.626,3.4288
9.8498,12.182,0.41985,-0.34332,21.393,3.4625
9.8953,12.148,0.31568,-0.33631,21.171,3.6612
9.8953,12.114,0,-0.33171,20.947,5.0755
9.9564,12.081,0.48015,-0.32653,20.728,2.7679
9.9564,12.048,0,-0.31743,20.517,4.7044
10.07,12.016,0.72945,-0.30778,20.306,1.8268
10.14,11.986,0.80946,-0.29566,20.108,1.5445
10.222,11.956,0.85339,-0.28095,19.939,1.337
10.305,11.928,0.89058,-0.26598,19.773,1.1633
10.387,11.901,0.891,-0.251,19.61,1.0324
10.482,11.876,0.9537,-0.23343,19.462,0.88029
10.584,11.853,0.96765,-0.21455,19.319,0.7578
10.584,11.831,0,-0.19717,19.193,2.5342
10.772,11.812,1.0517,-0.17861,19.097,0.60467
10.867,11.794,0.99528,-0.16025,18.997,0.4871
10.965,11.778,0.9777,-0.14138,18.918,0.39576
10.965,11.764,0,-0.12365,18.838,1.547
11.144,11.751,0.89793,-0.10665,18.783,0.1965
11.144,11.741,0,-0.090441,18.723,1.1311
11.144,11.732,0,-0.075747,18.664,1.1535
11.396,11.724,0.84533,-0.058188,18.646,0
11.396,11.718,0,-0.042427,18.613,0.60451
11.572,11.714,0.86183,-0.025304,18.601,0
11.572,11.712,0,-0.0084471,18.587,0.27779
11.744,11.711,0.77803,0.0157,18.59,0
11.813,11.712,0.87908,0.048102,18.587,0
11.813,11.717,0,0.087951,18.597,0
11.987,11.726,0.73041,0.1243,18.632,0
11.987,11.738,0,0.15648,18.657,0
12.137,11.754,0.82048,0.182,18.699,0
12.21,11.772,0.75945,0.20811,18.737,0
12.293,11.793,0.75058,0.23739,18.775,0
12.361,11.817,0.76882,0.25801,18.833,0
12.429,11.842,0.69435,0.27796,18.892,0
12.498,11.87,0.67301,0.29706,18.956,0
12.498,11.9,0,0.31226,19.017,0
12.498,11.931,0,0.33264,19.076,0
12.498,11.964,0,0.34788,19.131,0
12.498,11.999,0,0.3622,19.182,0
12.498,12.035,0,0.37977,19.23,0
12.498,12.073,0,0.39793,19.274,0.054734
12.498,12.113,0,0.41604,19.315,0.2115
12.498,12.155,0,0.42721,19.351,0.35614
12.498,12.198,0,0.44193,19.383,0.52031
13.228,12.242,0.72988,0.46097,19.794,0
13.294,12.288,0.77146,0.46963,19.895,0
13.294,12.335,0,0.48537,19.993,0
13.466,12.383,0.80799,0.50338,20.107,0
13.537,12.434,0.75829,0.5121,20.215,0
13.537,12.485,0,0.51919,20.323,0
13.537,12.537,0,0.53042,20.425,0
13.77,12.59,0.95445,0.54401,20.548,0
13.873,12.644,0.97644,0.56502,20.66,0
13.965,12.701,1.0916,0.58026,20.783,0
14.068,12.759,1.1457,0.60008,20.92,0
14.068,12.819,0,0.62148,21.048,0
14.289,12.881,1.2584,0.64234,21.196,0
14.289,12.945,0,0.67151,21.333,0
14.289,13.012,0,0.69564,21.464,0
14.289,13.082,0,0.72448,21.588,0
14.81,13.154,1.1534,0.74797,21.808,0
14.81,13.229,0,0.76064,21.97,0
14.81,13.305,0,0.77022,22.124,0
14.81,13.382,0,0.77646,22.271,0
15.205,13.46,0.6665,0.77997,22.491,0
15.271,13.538,0.59312,0.77209,22.656,0
15.271,13.615,0,0.76628,22.826,0
15.271,13.692,0,0.75137,22.988,0
15.271,13.767,0,0.7366,23.142,0
15.271,13.841,0,0.71618,23.288,0
15.497,13.912,0.30759,0.69605,23.468,0
15.525,13.982,0.12622,0.67622,23.626,0
15.535,14.049,-0.00031786,0.64908,23.768,0
15.526,14.114,-0.10758,0.61526,23.911,0
15.526,14.176,0,0.58316,24.049,0
15.497,14.234,-0.28692,0.54831,24.188,0
15.47,14.289,-0.23694,0.51167,24.305,0
15.451,14.34,-0.27161,0.48039,24.419,0
15.426,14.388,-0.32083,0.44803,24.517,0
15.426,14.433,0,0.4145,24.619,0
15.351,14.474,-0.51148,0.37739,24.714,0.66285
15.296,14.512,-0.59462,0.33695,24.806,1.2034
15.242,14.546,-0.74339,0.29878,24.875,2.1965
15.158,14.576,-0.87544,0.24969,24.948,3.2744
15.078,14.601,-1.0543,0.20457,24.995,4.9041
14.98,14.621,-0.94598,0.15356,25.041,4.1433
14.887,14.636,-0.9919,0.10717,25.071,4.6843
14.887,14.647,0,0.06244,25.096,0
14.697,14.653,-0.89339,0.018466,25.106,4.1753
14.697,14.655,0,-0.0076183,25.11,0
14.519,14.655,-0.76647,-0.018753,25.093,3.7393
14.442,14.653,-0.62828,-0.029049,25.086,3.0511
14.442,14.65,0,-0.03666,25.065,0.35829
14.442,14.646,0,-0.043271,25.044,0.33438
14.286,14.642,-0.43024,-0.04939,24.998,2.3397
14.286,14.637,0,-0.055461,24.962,0.63522
14.286,14.631,0,-0.060444,24.928,0.6092
14.149,14.625,-0.43055,-0.066595,24.864,2.6689
14.113,14.619,-0.34104,-0.071016,24.806,2.29
14.088,14.611,-0.22649,-0.073777,24.753,1.8141
14.088,14.604,0,-0.075459,24.701,0.97583
14.04,14.597,-0.19817,-0.078915,24.64,1.7735
14.025,14.589,-0.13556,-0.080188,24.589,1.5429
14.017,14.581,-0.070434,-0.080395,24.541,1.3075
14.015,14.573,-0.17023,-0.079686,24.494,1.6605
14.002,14.565,-0.32918,-0.080673,24.438,2.3743
14.002,14.557,0,-0.084205,24.382,1.0444
13.913,14.548,-0.68654,-0.091621,24.325,4.7632
13.835,14.539,-0.83328,-0.10202,24.251,6.1667
13.757,14.529,-0.96867,-0.11231,24.181,7.6594
13.757,14.518,0,-0.12491,24.104,1.4422
13.757,14.505,0,-0.13825,24.029,1.3671
13.474,14.491,-0.82911,-0.1503,23.918,7.2296
13.398,14.476,-0.71755,-0.16019,23.816,6.465
13.398,14.46,0,-0.17004,23.709,2.1038
13.256,14.443,-0.52745,-0.1787,23.598,5.3418
13.256,14.425,0,-0.18536,23.48,2.3534
13.256,14.407,0,-0.18997,23.364,2.2825
13.256,14.388,0,-0.19089,23.25,2.2248
13.256,14.369,0,-0.19338,23.138,2.1615
13.256,14.349,0,-0.19405,23.027,2.1047
13.097,14.33,0.003206,-0.19413,22.84,2.4907
13.096,14.311,0.099132,-0.19273,22.714,2.0831
13.096,14.291,0,-0.18887,22.594,2.4145
13.131,14.272,0.30033,-0.18368,22.481,1.3342
13.131,14.254,0,-0.17809,22.367,2.2467
13.131,14.236,0,-0.17384,22.256,2.2118
13.193,14.219,0.32695,-0.16817,22.173,1.0619
13.229,14.202,0.37732,-0.16066,22.068,0.87379
13.229,14.186,0,-0.15217,21.972,1.8766
13.311,14.171,0.63592,-0.1435,21.889,0.40516
13.311,14.156,0,-0.13131,21.804,1.645
13.463,14.143,0.83926,-0.11456,21.739,0.21192
13.463,14.132,0,-0.099471,21.672,1.2851
13.638,14.122,1.1007,-0.082165,21.624,0.36352
13.638,14.114,0,-0.06171,21.576,0.91702
13.873,14.107,1.2817,-0.040006,21.556,0.69024
14.01,14.103,1.4796,-0.015963,21.531,1.2765
14.15,14.102,1.6233,0.019241,21.538,1.7872
14.312,14.104,1.702,0.08309,21.558,1.9997
14.476,14.112,1.7024,0.14512,21.594,1.9204
14.476,14.127,0,0.20335,21.63,0
14.476,14.147,0,0.25846,21.664,0
14.938,14.173,1.1713,0.30473,21.78,0
15.051,14.203,1.0205,0.33745,21.857,0
15.143,14.237,1.0237,0.36056,21.942,0
15.143,14.273,0,0.38616,22.031,0
15.359,14.312,1.089,0.41641,22.139,0
15.359,14.353,0,0.4469,22.241,0
15.359,14.398,0,0.46788,22.34,0
15.359,14.445,0,0.49024,22.433,0
15.359,14.494,0,0.51663,22.522,0
15.918,14.545,1.2635,0.54418,22.748,0
15.918,14.6,0,0.56834,22.883,0
16.161,14.657,1.2012,0.59514,23.018,0
16.274,14.716,1.1184,0.61592,23.164,0
16.39,14.778,1.0073,0.6369,23.33,0
16.39,14.842,0,0.65322,23.488,0
16.608,14.907,1.1847,0.67095,23.673,0
16.727,14.974,1.0693,0.6906,23.842,0
16.839,15.043,0.85289,0.70688,24.02,0
16.932,15.114,0.54219,0.71506,24.208,0
16.988,15.185,0.13268,0.70834,24.398,0
17,15.256,-0.21696,0.684,24.566,0
17,15.324,0,0.64918,24.737,0
16.953,15.389,-0.44486,0.61164,24.9,0
16.901,15.45,-0.5555,0.56684,25.059,0
16.853,15.507,-0.6297,0.52547,25.202,0.38962
16.853,15.56,0,0.48318,25.334,0
16.853,15.608,0,0.43481,25.461,0
16.646,15.652,-0.83298,0.38739,25.565,2.1423
16.646,15.69,0,0.34084,25.663,0
16.646,15.724,0,0.29465,25.757,0
16.646,15.754,0,0.24856,25.848,0
16.284,15.779,-1.0265,0.19617,25.842,4.4611
16.284,15.798,0,0.1457,25.892,0
16.079,15.813,-1.1269,0.10291,25.909,5.8156
16.079,15.823,0,0.057545,25.935,0
15.858,15.829,-1.1983,0.011199,25.95,6.9788
15.743,15.83,-1.2274,-0.01237,25.94,7.6939
15.743,15.829,0,-0.028804,25.931,0.11577
15.743,15.826,0,-0.045498,25.923,0.074424
15.379,15.821,-1.3503,-0.063175,25.851,10.65
15.254,15.815,-1.4621,-0.08036,25.804,12.702
15.254,15.807,0,-0.10022,25.749,0.99299
14.94,15.797,-1.6887,-0.12374,25.663,17.716
14.776,15.785,-1.7747,-0.14626,25.574,20.037
14.776,15.77,0,-0.17228,25.474,1.9056
14.396,15.753,-1.8883,-0.19938,25.338,24.08
14.396,15.733,0,-0.22529,25.203,2.6872
14.396,15.71,0,-0.25198,25.071,2.5165
13.83,15.685,-1.8535,-0.28008,24.858,25.879
13.651,15.657,-1.7104,-0.30625,24.663,23.728
13.651,15.626,0,-0.33078,24.464,4.2439
13.651,15.593,0,-0.35392,24.268,4.0262
13.651,15.558,0,-0.37662,24.076,3.8086
13.034,15.52,-1.2803,-0.39987,23.758,18.45
12.913,15.48,-1.2537,-0.41909,23.504,18.346
12.783,15.438,-1.2811,-0.44044,23.239,19.081
12.783,15.394,0,-0.46013,22.975,5.8086
12.55,15.348,-1.1103,-0.47974,22.691,17.064
12.55,15.3,0,-0.50045,22.414,6.0992
12.55,15.25,0,-0.52,22.141,5.8123
12.218,15.198,-0.85196,-0.53957,21.815,14.238
12.134,15.144,-0.71444,-0.55532,21.518,12.716
12.068,15.089,-0.68907,-0.56795,21.217,12.392
11.996,15.032,-0.67651,-0.58248,20.908,12.218
11.996,14.974,0,-0.59624,20.607,6.4144
11.865,14.914,-0.77726,-0.60845,20.313,13.145
11.782,14.853,-0.95454,-0.62532,20.014,15.188
11.782,14.791,0,-0.64694,19.71,6.2559
11.582,14.726,-0.92496,-0.66809,19.392,14.831
11.582,14.659,0,-0.68789,19.081,6.2853
11.378,14.591,-0.96972,-0.71313,18.771,15.342
11.271,14.519,-0.92733,-0.73776,18.45,14.788
11.175,14.445,-0.98695,-0.76143,18.115,15.424
11.081,14.369,-1.0607,-0.78508,17.78,16.245
10.981,14.291,-1.108,-0.81008,17.453,16.753
10.872,14.21,-1.0742,-0.83737,17.131,16.202
10.756,14.126,-1.0424,-0.86745,16.801,15.685
10.649,14.039,-0.98414,-0.89586,16.467,14.801
10.553,13.95,-1.0176,-0.92177,16.136,15.007
10.458,13.858,-1.0339,-0.94795,15.804,14.98
10.458,13.763,0,-0.97543,15.469,5.6242
10.458,13.665,0,-1.0061,15.143,5.1624
10.15,13.565,-1.1674,-1.039,14.783,15.908
10.042,13.461,-1.1581,-1.0731,14.434,15.476
10.042,13.353,0,-1.1096,14.097,5.0386
9.8236,13.242,-1.0441,-1.1445,13.733,13.399
9.7245,13.128,-0.95802,-1.1758,13.397,12.075
9.6319,13.01,-0.99593,-1.2072,13.049,12.085
9.6319,12.89,0,-1.2379,12.717,4.3663
9.4465,12.766,-0.84718,-1.2662,12.387,9.808
9.4465,12.639,0,-1.2896,12.062,4.0063
9.4465,12.51,0,-1.3071,11.749,3.6191
9.2667,12.38,-0.21735,-1.3122,11.427,4.5292
9.2429,12.248,0.018304,-4.4,11.112,54.14
9.2429,11.808,0,-5.2,10.834,231.03
9.2639,11.288,0.19423,-5.2,10.596,336.2
9.2639,10.768,0,-0.62774,10.42,1.7929
9.2994,10.706,0.061289,-5.2,10.285,923.45
9.2994,10.186,0,-0.36031,10.17,1.0724
9.304,10.15,-0.066972,-0.35322,10.09,1.172
9.3056,10.114,-0.12609,-5.2,9.9983,2431
9.3056,9.5942,0,-0.12077,9.9435,0.33894
9.3056,9.5821,0,-0.1195,9.9152,0.31644
9.3056,9.5702,0,-0.11457,9.8882,0.30224
9.302,9.5587,0.19301,-0.10415,9.8764,0
9.302,9.5483,0,-0.094371,9.8512,0.30843
9.351,9.5389,0.27932,-0.076542,9.8372,0
9.3756,9.5312,0.31698,-0.063499,9.8238,0
9.3756,9.5249,0,-0.045111,9.8086,0.21325
9.3756,9.5204,0,-0.032349,9.7939,0.23255
9.3756,9.5171,0,-0.028278,9.7796,0.23497
9.4515,9.5143,0.10577,-0.025678,9.8004,0
9.4515,9.5117,0,-0.024217,9.7943,0.07271
9.4634,9.5093,0.082296,-0.01884,9.7763,0
9.4634,9.5074,0,-0.016287,9.7718,0.05615
9.4707,9.5058,-0.31221,-0.014384,9.7729,0.96092
9.4707,9.5044,0,-0.024114,9.7695,0.018414
9.367,9.502,-1.5748,-5.2,9.7465,0
9.2089,8.982,-2.063,0.094685,9.7446,20.207
9.2089,8.9914,0,0.0024255,9.7668,0
9.2089,8.9917,0,-0.082293,9.7885,0
9.2089,8.9834,0,-0.13813,9.8107,0
9.2089,8.9696,0,-0.1593,9.8339,0
9.2089,8.9537,0,-0.15744,9.8586,0
8.5439,8.938,-0.46724,-0.1562,9.5841,2.1472
8.497,8.9223,-1.2563,-0.16925,9.5512,8.435
8.372,8.9054,-1.8824,-0.21386,9.4958,18.039
8.1794,8.884,-2.06,-5.2,9.4271,0
7.9794,8.364,-1.892,-0.14726,9.3716,18
7.9794,8.3493,0,-0.21758,9.3338,0.30459
7.6423,8.3275,-1.1537,-0.26613,9.2643,7.839
7.5198,8.3009,-0.95105,-0.30673,9.1834,6.0418
7.5198,8.2703,0,-5.2,9.1068,141.13
7.3259,7.7503,-0.87647,-0.15889,9.0364,4.8674
7.2402,7.7344,-0.83185,-0.18604,8.9949,4.6375
7.2402,7.7158,0,-0.21482,8.9464,0.52425
7.0637,7.6943,-0.6273,-0.24086,8.8863,3.4379
7.0094,7.6702,-0.52306,-5.2,8.8155,102.25
6.9577,7.1502,-0.48673,-0.06933,8.7774,1.9839
6.9577,7.1433,0,-0.086136,8.7585,0.19951
6.8593,7.1346,-0.56185,-0.099609,8.7404,2.5161
6.8593,7.1247,0,-0.1139,8.7134,0.30528
6.8593,7.1133,0,-0.1334,8.6874,0.24057
6.8593,7.1,0,-0.15055,8.6627,0.17976
6.6325,7.0849,-0.51033,-0.16769,8.5734,2.5098
6.5874,7.0681,-0.54941,-0.1791,8.5341,2.7644
6.5355,7.0502,-0.60896,-5.2,8.4825,65.742
6.5355,6.5302,0,-0.020142,8.457,0
6.5355,6.5282,0,-0.04276,8.4576,0
6.5355,6.5239,0,-0.067423,8.4586,0
6.5355,6.5172,0,-0.094652,8.4601,0
6.1753,6.5077,-0.73636,-0.11683,8.376,3.7175
6.1753,6.496,0,-0.13797,8.3433,0.36853
6.0362,6.4822,-0.66948,-0.15861,8.2944,3.4702
5.9763,6.4664,-0.7027,-0.17517,8.2556,3.7631
5.901,6.4489,-0.74035,-5.2,8.2093,34.567
5.901,5.9289,0,-0.035881,8.1805,0
5.901,5.9253,0,-0.058174,8.1779,0
5.6642,5.9195,-0.87031,-0.084914,8.1387,4.5872
5.5796,5.911,-0.82592,-0.11083,8.1046,4.3977
5.4954,5.8999,-0.78903,-0.13602,8.0679,4.2659
5.424,5.8863,-0.73707,-0.15657,8.0211,4.0012
5.3425,5.8706,-0.65513,-0.17981,7.9815,3.5719
5.2856,5.8526,-0.50528,-8.8,7.9249,12.874
5.2377,4.9726,-0.38613,0.24656,7.9122,1.4504
5.2377,4.9973,0,0.18983,7.9375,0
5.1763,5.0163,-0.402,0.14739,7.9525,1.4165
5.1304,5.031,-0.54321,0.091325,7.975,2.0708
5.0798,5.0402,-0.64359,0.036339,7.9852,2.5729
5.0241,5.0438,-0.63811,-0.0056946,7.9892,2.5293
4.961,5.0432,-0.51346,-0.023701,7.9922,1.9676
4.9158,5.0408,-0.3488,-0.036048,7.9915,1.2849
4.9158,5.0372,0,-0.047212,7.9791,0.15018
4.8462,5.0325,-0.37108,-0.053945,7.96,1.4913
4.8462,5.0271,0,-0.065331,7.9416,0.23489
4.7434,5.0206,-0.87431,-0.080786,7.916,4.7428
4.6644,5.0125,-1.0565,-0.10206,7.8796,6.5136
4.6644,5.0023,0,-0.13159,7.8453,0.41892
4.6644,4.9892,0,-0.15852,7.8122,0.3326
4.3595,4.9733,-0.95842,-0.18407,7.733,6.2413
4.3595,4.9549,0,-0.20856,7.6725,0.79897
4.163,4.934,-0.94728,-0.23604,7.5971,6.4883
4.0655,4.9104,-1.0216,-0.26156,7.5223,7.3429
3.9696,4.8843,-1.1095,-0.28649,7.4434,8.3796
3.8577,4.8556,-1.1567,-8.8,7.3385,0
3.7481,3.9756,-1.2006,-0.059195,7.2798,7.7323
3.636,3.9697,-1.1695,-0.087324,7.2468,7.708
3.5107,3.961,-1.1763,-0.11865,7.2059,8.1192
3.5107,3.9491,0,-0.14545,7.1614,0.60473
3.5107,3.9346,0,-0.1747,7.1183,0.50441
3.5107,3.9171,0,-0.20332,7.0768,0.40595
3.0417,3.8968,-1.2386,-0.23506,6.9485,9.9652
3.0417,3.8733,0,-8.8,6.8641,0
2.7859,2.9933,-1.0988,-0.044518,6.7918,6.6931
2.6815,2.9888,-1.0779,-0.06643,6.7569,6.8055
2.6815,2.9822,0,-0.089879,6.7265,0.43555
2.4554,2.9732,-0.99801,-0.11329,6.6842,6.6916
2.3654,2.9618,-0.98666,-0.13207,6.62,6.8182
2.274,2.9486,-0.95384,-0.15091,6.5596,6.7403
2.274,2.9335,0,-0.1725,6.4929,1.0439
2.0809,2.9163,-0.80646,-8.8,6.4089,0
2.0809,2.0363,0,-0.0067056,6.3693,0
1.9138,2.0356,-0.78949,-0.019213,6.361,3.844
1.9138,2.0337,0,-0.032117,6.3489,0.18003
1.7475,2.0305,-0.80844,-0.044866,6.3306,4.4965
1.6567,2.026,-0.79021,-0.058844,6.3028,4.6333
1.6567,2.0201,0,-0.071704,6.2662,0.62188
1.4904,2.013,-0.66664,-0.084729,6.2099,4.1998
1.4904,2.0045,0,-0.095431,6.1581,0.91222
1.4904,1.9949,0,-0.10568,6.1072,0.86052
1.4904,1.9844,0,-0.11269,6.0572,0.81625
1.4904,1.9731,0,-8.8,6.0084,0
1.2482,1.0931,-0.45834,1.3938,5.8951,10.183
1.2058,1.2325,-0.49966,-0.0027599,5.9086,1.811
1.2058,1.2322,0,-0.0072414,5.9059,0.0389
1.1102,1.2315,-0.56109,-0.012594,5.8987,1.9508
1.0542,1.2302,-0.58754,-0.018358,5.8786,2.0878
1.0542,1.2284,0,-0.025075,5.8611,0.31335
1.0542,1.2259,0,-0.032339,5.8438,0.29061
1.0542,1.2226,0,-0.038154,5.8268,0.27001
0.79365,1.2188,-0.51914,-0.04556,5.7475,2.3588
0.73267,1.2143,-0.4307,-0.051977,5.7086,2.284
0.73267,1.2091,0,-0.055796,5.6607,0.9351
0.66889,1.2035,-0.21868,-0.058783,5.6116,1.8747
0.64917,1.1976,-0.25349,-8.8,5.5616,0
0.63064,0.31762,-0.39281,-0.39281,5.5403,0
0.63064,0.27834,0,-0.5687,5.5735,0
0.63064,0.22147,0,-0.70027,5.6116,0
0.63064,0.15144,0,-0.71818,5.656,0
0.40174,0.079623,-0.59085,-0.59085,5.6715,0
0.33289,0.020538,-0.42338,-0.42338,5.7116,0
0.2824,0,-0.35428,-0.35428,5.7421,0
0.24769,0,-0.46874,-0.46874,5.7664,0
0.19453,0,-0.67139,-0.67139,5.7882,0
0.12554,0,-0.96368,-0.96368,5.8102,0
0.019546,0,-1.3536,-1.3536,5.8153,0
-0.1212,0,-1.5053,-1.5053,5.8093,0.24845
