0,0,-0.02046,0,35.5,0.042991
0.00061039,0,0.022513,7.8,35.5,73.778
0.0025178,0.78,0.0082997,7.8,35.455,79.559
0.0025178,1.56,0,7.8,35.338,85.274
0.0025178,2.34,0,7.8,35.143,90.849
0.0080956,3.12,0.0045162,7.8,34.865,96.315
0.012252,3.9,-6.8442e-05,7.8,34.518,102.02
0.012252,4.68,0,7.8,34.091,107.68
0.012252,5.46,0,7.8,33.585,113.36
0.022371,6.24,0.0097192,6.7,32.999,104.65
0.01806,6.91,0.0079771,6.7,32.338,109.58
0.01806,7.58,0,6.7,31.615,114.64
0.020829,8.25,-0.0030553,-0.435,30.837,34.367
0.020829,8.2065,0,-0.45024,30.016,33.909
0.020829,8.1615,0,-0.46642,29.2,33.478
0.00032721,8.1148,-0.0010199,-0.4834,28.374,33.146
0.00032721,8.0665,0,-0.50094,27.565,32.689
0.00032721,8.0164,0,-0.51952,26.761,32.208
-0.0041649,7.9644,0.010099,-0.53809,25.978,32.05
-0.0026271,7.9106,0.0072363,-0.55819,25.188,31.901
0.00066717,7.8548,0.00061806,-0.57979,24.39,30.655
0.00066717,7.7968,0,-0.60228,23.608,30.106
0.010044,7.7366,0.0034344,-0.62616,22.822,29.426
0.0069829,7.674,0.0067367,-0.65216,22.044,28.789
0.0011857,7.6088,0.014543,-0.67987,21.275,28.084
0.0011857,7.5408,0,-0.70725,20.517,27.622
0.021348,7.4701,0.00023273,-0.73698,19.763,26.824
0.014242,7.3964,-0.0076135,-0.76944,19.025,26.165
0.014242,7.3194,0,-0.80389,18.29,25.399
0.0026615,7.239,-0.015653,-0.84076,17.564,24.627
0.0026615,7.155,0,-0.87918,16.845,23.869
0.0026615,7.067,0,-0.92033,16.134,23.022
0.0026615,6.975,0,-0.96575,15.432,22.125
-0.0076643,6.8784,0.023336,-1.0133,14.72,21.799
-0.0076643,6.7771,0,-1.062,14.037,21.538
-0.0030357,6.6709,0.010555,-1.1132,13.373,21.181
-0.0096276,6.5596,0.0001883,-1.1703,12.709,20.868
-0.0072507,6.4426,-0.0033389,-1.2289,12.059,20.507
0.00054158,6.3197,-0.0032077,-1.29,11.42,16.109
-0.0093728,6.1907,0.0052622,-1.3576,10.798,15.705
-0.0023085,6.0549,0.0034981,-1.4271,10.181,15.27
-0.0011151,5.9122,0.0033599,-1.4982,9.5912,14.826
-0.0016434,5.7624,-0.0030446,-1.5732,9.0155,14.375
-0.0016434,5.6051,0,-1.6563,8.4469,13.872
-0.011019,5.4394,-0.021675,-1.738,7.9002,13.425
-0.010631,5.2656,-0.015765,-8.8,7.3541,0
-0.01197,4.3856,-0.0097749,-8.8,6.8713,0
-0.01197,3.5056,0,-8.8,6.4755,0
-0.012198,2.6256,0.010269,-8.8,6.1567,0
-0.017079,1.7456,0.013616,-0.26454,5.9283,8.8875
-0.017079,1.7192,0,-8.8,5.7534,0
-0.017079,0.83918,0,0.014413,5.6237,7.644
-0.017079,0.84062,0,0.010201,5.538,7.6381
-0.013799,0.84164,0.0075552,0.0075552,5.4376,7.612
-0.013799,0.8424,0,-8.8,5.352,0
0.0041075,0,0.017486,0.017486,5.325,0
0.0041075,0.0017486,0,0.015744,5.3253,0.028781
0.0041075,0.003323,0,0.0090652,5.3255,0.01763
0.013635,0.0042295,-0.0010942,-0.0010942,5.3284,0
0.013635,0.0041201,0,-0.0041567,5.3294,0
0.031727,0.0037045,-0.0078686,-0.0078686,5.3395,0
0.031727,0.0029176,0,-0.0085368,5.3424,0
0.031727,0.0020639,0,0.0023874,5.3453,0
0.034965,0.0023027,0.015053,0.015053,5.3436,0
0.034965,0.003808,0,0.014852,5.3468,0
0.034965,0.0052932,0,0.0099772,5.3499,0
0.026826,0.0062909,0.012048,0.012048,5.3595,0
0.018835,0.0074957,0.0081009,0.0081009,5.361,0
0.012736,0.0083058,0.0051291,0.0051291,5.3663,0
0.020338,0.0088187,0.0079137,0.0079137,5.3762,0
0.027742,0.0096101,0.014416,0.014416,5.3819,0
0.026845,0.011052,0.0082083,0.0082083,5.3781,0
0.021491,0.011873,0.0061243,0.0061243,5.3864,0
0.014378,0.012485,-0.00081048,-0.00081048,5.3799,0
0.00683,0.012404,-0.0050003,-0.0050003,5.3852,0.011429
0.016007,0.011904,-0.0020828,-0.0020828,5.3786,0
0.025628,0.011696,0.0003589,0.0003589,5.3845,0
0.033236,0.011731,0.0044195,0.0044195,5.3927,0
0.024768,0.012173,0.012037,0.012037,5.4033,0
0.024768,0.013377,0,0.0118,5.4045,0.0015433
0.024768,0.014557,0,0.0016756,5.4056,0
0.024768,0.014725,0,-0.0030776,5.4066,0
0.032196,0.014417,-0.0043555,-0.0043555,5.3925,0
0.036982,0.013981,-0.0021267,-0.0021267,5.3908,0
0.036982,0.013769,0,0.0055358,5.3931,0
0.039376,0.014322,0.009748,0.009748,5.3933,0
0.039376,0.015297,0,0.0071404,5.3957,0
0.044573,0.016011,0.00019821,0.00019821,5.4034,0
0.044573,0.016031,0,-0.011528,5.4063,0
0.044573,0.014878,0,-0.017122,5.4092,0
0.056319,0.013166,-0.013377,-0.013377,5.4088,0
0.052509,0.011828,-0.0031717,-0.0031717,5.4127,0
0.052509,0.011511,0,0.0050611,5.4167,0
0.044752,0.012017,0.010389,0.010389,5.4146,0
0.052607,0.013056,0.0081163,0.0081163,5.424,0
0.052607,0.013868,0,0.0018022,5.4279,0
0.046603,0.014048,-0.003279,-0.003279,5.4335,0
0.046603,0.01372,0,-0.0021185,5.4368,0
0.046603,0.013508,0,0.0024052,5.4401,0
0.046603,0.013749,0,0.00052731,5.4434,0
0.046603,0.013802,0,0.0012381,5.4467,0
0.046603,0.013925,0,-0.00095521,5.45,0
0.046603,0.01383,0,-0.0094214,5.4532,0
0.046603,0.012888,0,-0.011927,5.4565,0
0.046603,0.011695,0,-0.006317,5.46,0
0.058141,0.011063,0.00082255,0.00082255,5.4986,0
0.05099,0.011146,0.0062646,0.0062646,5.511,0
0.05099,0.011772,0,0.007176,5.5149,0
0.048206,0.01249,0.0044277,0.0044277,5.5225,0
0.05682,0.012932,0.0011511,0.0011511,5.5215,0
0.063467,0.013047,-0.0027632,-0.0027632,5.5241,0
0.063467,0.012771,0,-0.0023998,5.5292,0
0.050646,0.012531,0.0042112,0.0042112,5.5294,0
0.050646,0.012952,0,-0.0017372,5.5332,0
0.046589,0.012779,-0.005385,-0.005385,5.5399,0
0.048701,0.01224,-0.013211,-0.013211,5.5349,0
0.047743,0.010919,-0.018498,-0.018498,5.536,0
0.044742,0.0090692,-0.023936,-0.023936,5.5377,0
0.046389,0.0066756,-0.0096368,-0.0096368,5.5372,0
0.0442,0.0057119,0.00041775,0.00041775,5.5447,0
0.0442,0.0057537,0,0.0054462,5.5485,0
0.035458,0.0062983,0.0087258,0.0087258,5.543,0
0.035458,0.0071709,0,0.0049765,5.5459,0
0.027784,0.0076685,-0.0033867,-0.0033867,5.5454,0
0.027784,0.0073299,0,-0.0093122,5.5474,0
0.026423,0.0063986,0.0021987,0.0021987,5.5435,0
0.0327,0.0066185,0.029964,0.029964,5.5498,0
0.030579,0.0096149,0.065127,0.065127,5.5594,0
0.041634,0.016128,0.091158,0.091158,5.5715,0
0.046766,0.025243,0.12373,0.12373,5.5804,0
0.05828,0.037617,0.14521,0.14521,5.5744,0
0.05828,0.052138,0,0.14986,5.5758,0.35499
0.089867,0.067125,0.15518,0.15518,5.5894,0
0.097462,0.082642,0.1399,0.1399,5.5916,0
0.10493,0.096633,0.11403,0.11403,5.5976,0
0.10493,0.10804,0,0.092637,5.5978,0.22292
0.12295,0.1173,0.091856,0.091856,5.5988,0
0.12901,0.12648,0.04914,0.04914,5.5991,0
0.14176,0.1314,0.017407,0.017407,5.5995,0
0.14176,0.13314,0,-0.061316,5.6004,0
0.14176,0.12701,0,-0.15412,5.6016,0
0.10987,0.1116,-0.26381,-0.26381,5.5845,0.0035358
0.074102,0.085214,-0.33955,-0.33955,5.5901,0.022781
0.031753,0.051259,-0.31891,-0.31891,5.5886,0.039987
0.031753,0.019368,0,-0.20155,5.5882,0
0.031753,0,0,-0.10949,5.5905,0
-0.031501,0,-0.048198,-0.048198,5.5719,0.065183
-0.031501,0,0,0.023721,5.569,0.11503
-0.025774,0.0023721,0.032555,0.032555,5.5645,0.058305
-0.025774,0.0056276,0,-0.0055102,5.5615,0.0534
-0.025774,0.0050765,0,-0.010864,5.5584,0.041021
-0.01309,0.0039901,-0.014804,-0.014804,5.5631,0.035619
-0.01309,0.0025098,0,-0.015058,5.5615,0.00094396
-0.017189,0.001004,-0.0053108,-0.0053108,5.5471,0.037901
-0.017189,0.00047288,0,-0.013389,5.5453,0.0086794
-0.021932,0,-0.016633,-0.016633,5.5529,0.045566
-0.023375,0,0.016049,0.016049,5.5439,0.048526
-0.012493,0.0016049,0.040445,0.040445,5.5345,0.029507
-0.012493,0.0056494,0,0.0136,5.5329,0.066375
-0.018965,0.0070094,0.0075047,0.0075047,5.5265,0.053853
-0.010411,0.0077599,0.014269,0.014269,5.5317,0.037856
-0.010411,0.0091868,0,0.011545,5.5298,0.06504
-0.010411,0.010341,0,0.00023163,5.5278,0.043635
-0.012751,0.010364,0.004485,0.004485,5.5203,0.047993
-0.0033658,0.010813,0.011792,0.011792,5.5098,0.029672
-0.0033658,0.011992,0,0.0030187,5.5083,0.038433
-0.0033658,0.012294,0,-0.0089977,5.5068,0.013802
0.0004917,0.011394,0.018941,0.018941,5.5143,0.022421
0.002351,0.013288,0.067755,0.067755,5.5118,0.022491
0.0022401,0.020064,0.10256,0.10256,5.5043,0.036721
0.018759,0.030319,0.13906,0.13906,5.511,0.023776
0.036659,0.044225,0.20111,0.20111,5.5083,0.015542
0.052269,0.064336,0.24477,0.24477,5.516,0.024818
0.052269,0.088813,0,0.25373,5.5136,0.78365
0.052269,0.11419,0,0.27915,5.5087,0.93965
0.052269,0.1421,0,0.34481,5.5011,1.2601
0.16719,0.17658,0.39082,0.39082,5.5092,0.019298
0.16719,0.21566,0,0.41235,5.5063,1.4041
0.16719,0.2569,0,0.43427,5.4994,1.619
0.28996,0.30032,0.43512,0.43512,5.5,0.021299
0.28996,0.34384,0,0.33438,5.4968,1.1174
0.35201,0.37727,0.17218,0.17218,5.4868,0.052156
0.35998,0.39449,0.06944,0.06944,5.4848,0.071435
0.35998,0.40144,0,0.039409,5.481,0.17663
0.36908,0.40538,0.028162,0.028162,5.4646,0.075196
0.36908,0.40819,0,0.086616,5.4608,0.28971
0.37121,0.41686,0.20378,0.20378,5.4583,0.094718
0.37121,0.43723,0,0.26263,5.4527,0.89323
0.41455,0.4635,0.25039,0.25039,5.4552,0.10165
0.41455,0.48854,0,0.2434,5.449,0.84884
0.41455,0.51288,0,0.22824,5.4404,0.86265
0.4784,0.5357,0.24605,0.24605,5.4339,0.11926
0.50802,0.5603,0.27323,0.27323,5.4269,0.10866
0.53434,0.58763,0.3235,0.3235,5.429,0.11075
0.55676,0.61998,0.39738,0.39738,5.4221,0.13167
0.59781,0.65972,0.48163,0.48163,5.4109,0.12884
0.59781,0.70788,0,0.49513,5.4023,1.9456
0.59781,0.75739,0,0.46633,5.3888,1.9758
0.59781,0.80403,0,-8.8,5.3705,0
0.59781,0,0,0.28062,5.3939,0
0.78368,0.028062,0.19469,0.19469,5.5168,0
0.79382,0.04753,0.15928,0.15928,5.5889,0
0.79382,0.063459,0,0.1614,5.6627,0
0.79382,0.079599,0,0.21269,5.7349,0
0.79382,0.10087,0,0.25498,5.8053,0
0.87226,0.12637,0.25856,0.25856,5.8763,0
0.87226,0.15222,0,0.15978,5.9496,0
0.92859,0.1682,-0.20601,-0.20601,6.0246,0
0.92859,0.1476,0,-0.76102,6.1017,0
0.92859,0.071496,0,-1.3911,6.1836,0
0.92859,0,0,-2.044,6.2763,0
0.49735,0,-2.5241,-2.5241,6.3397,0
0.49735,0,0,-2.3227,6.4021,0
0.015732,0,-1.7047,-1.7047,6.4075,0
-0.15169,0,-0.99455,-0.99455,6.4027,0.31096
-0.15169,0,0,-0.29134,6.3925,0
-0.15169,0,0,0.34297,6.3788,1.0316
-0.2333,0.034297,0.47683,0.47683,6.3426,0.54856
-0.2333,0.08198,0,0.2858,6.3135,1.2469
-0.15784,0.11056,0.096878,0.096878,6.2872,0.55023
-0.15784,0.12025,0,0.029376,6.2599,0.63181
-0.15344,0.12319,-0.023208,-0.023208,6.2332,0.56708
-0.14847,0.12086,0.025059,0.025059,6.2032,0.55213
-0.14847,0.12337,0,0.18505,6.1761,0.9461
-0.12947,0.14188,0.30593,0.30593,6.1447,0.55625
-0.091391,0.17247,0.31838,0.31838,6.1214,0.54091
-0.091391,0.20431,0,0.28364,6.0934,1.2022
-0.091391,0.23267,0,0.26864,6.0624,1.2288
-0.091391,0.25953,0,0.26056,6.0287,1.2669
0.030775,0.28559,0.24656,0.24656,6.0369,0.55712
0.030775,0.31025,0,0.24753,6.0102,1.4362
0.099269,0.335,0.29431,0.29431,5.976,0.51257
0.099269,0.36443,0,0.31934,5.9509,1.6776
0.16553,0.39636,0.33785,0.33785,5.9263,0.50094
0.19815,0.43015,0.44139,0.44139,5.9067,0.50269
0.24677,0.47429,0.60211,0.60211,5.8749,0.4912
0.24677,0.5345,0,0.71541,5.8492,3.6547
0.24677,0.60604,0,0.73236,5.8168,4.0158
0.24677,0.67928,0,0.65956,5.7772,3.8843
0.51679,0.74523,0.45938,0.45938,5.784,0.49444
0.57087,0.79117,0.10132,0.10132,5.755,0.47902
0.57319,0.8013,-0.27827,-0.27827,5.7299,0.50157
0.54918,0.77347,-0.58747,-0.58747,5.7067,0.4598
0.54918,0.71473,0,-0.7943,5.6872,0
0.39901,0.6353,-0.7281,-0.7281,5.659,0.48439
0.39901,0.56249,0,-0.54058,5.639,0
0.25881,0.50843,-0.30286,-0.30286,5.6181,0.51172
0.25881,0.47814,0,-0.014912,5.5947,0.43924
0.2401,0.47665,0.27658,0.27658,5.5628,0.51464
0.2639,0.50431,0.37351,0.37351,5.5473,0.52255
0.31102,0.54166,0.50702,0.50702,5.5208,0.49904
0.36543,0.59236,0.64721,0.64721,5.4943,0.48956
0.4349,0.65708,0.72806,0.72806,5.4638,0.47827
0.4349,0.72989,0,0.64302,5.4379,3.2928
0.56856,0.79419,0.45478,0.45478,5.4143,0.48807
0.62379,0.83967,0.19848,-8.8,5.3929,0
0.64834,0,-0.095134,-0.095134,5.4181,0
0.63838,0,-0.4524,-0.4524,5.4751,0
0.59944,0,-0.69182,-0.69182,5.5346,0
0.52075,0,-0.7964,-0.7964,5.5848,0
0.52075,0,0,-0.918,5.6408,0
0.34862,0,-1.0784,-1.0784,5.6796,0
0.34862,0,0,-1.1423,5.7198,0
0.34862,0,0,-1.1754,5.7604,0
0.34862,0,0,-1.3005,5.8012,0
-0.1147,0,-1.3638,-1.3638,5.7658,0.31067
-0.1147,0,0,-1.2379,5.7611,0
-0.36764,0,-0.98833,-0.98833,5.7306,0.82919
-0.36764,0,0,-0.71425,5.6988,0
-0.55069,0,-0.39121,-0.39121,5.6472,1.2045
-0.58289,0,-0.093577,-0.093577,5.5843,1.2705
-0.58583,0,0.08889,0.08889,5.5236,1.2765
-0.58583,0.008889,0,0.11849,5.4645,1.5437
-0.58583,0.020738,0,0.1194,5.4045,1.5699
-0.56997,0.032678,0.10463,0.10463,5.3405,1.311
-0.55817,0.043141,0.095117,0.095117,5.2859,1.3082
-0.54722,0.052653,0.066389,0.066389,5.2158,1.3053
-0.54722,0.059291,0,0.063597,5.1555,1.4525
-0.54722,0.065651,0,-0.025229,5.0945,1.2789
-0.54862,0.063128,-0.18663,-0.18663,5.0398,1.3296
-0.5642,0.044465,-0.36661,-8.8,4.9814,0
-0.5642,0,0,-8.8,4.9645,0
-0.65745,0,-0.43099,-8.8,4.9439,0
-0.6906,0,-0.35207,-8.8,4.93,0
-0.71811,0,-0.15651,-8.8,4.8953,0
-0.73577,0,0.060621,-8.8,4.8638,0
-0.72661,0,0.14469,-8.8,4.8312,0
-0.72661,0,0,-8.8,4.8026,0
-0.70839,0,0.11427,-8.8,4.7731,0
-0.70839,0,0,-8.8,4.7462,0
-0.70839,0,0,-8.8,4.7194,0
-0.67652,0,0.13158,-8.8,4.7091,0
-0.65565,0,0.15954,-8.8,4.6856,0
-0.64302,0,0.17842,-8.8,4.6705,0
-0.64302,0,0,-8.8,4.6502,0
-0.64302,0,0,-8.8,4.6299,0
-0.58658,0,0.41276,-8.8,4.6363,0
-0.54017,0,0.55641,-8.8,4.6194,0
-0.48528,0,0.64331,-8.8,4.621,0
-0.48528,0,0,-8.8,4.6165,0
-0.36383,0,0.68803,-8.8,4.6162,0
-0.36383,0,0,-8.8,4.6239,0
-0.24889,0,0.36748,-8.8,4.6483,0
-0.21953,0,0.26422,-8.8,4.6628,0
-0.21953,0,0,-8.8,4.6849,0
-0.21953,0,0,-8.8,4.7069,0
-0.15794,0,0.058228,-8.8,4.7401,0
-0.15811,0,0.0062855,-8.8,4.776,0
-0.15257,0,-0.088159,-8.8,4.8036,0
-0.16083,0,-0.2958,-8.8,4.8236,0
-0.18106,0,-0.63067,-8.8,4.8421,0
-0.23705,0,-1.01,-8.8,4.8735,0
-0.23705,0,0,-8.8,4.8938,0
-0.48223,0,-1.6476,-8.8,4.8873,0
-0.6551,0,-2.0979,-8.8,4.871,0
-0.6551,0,0,-8.8,4.8495,0
-0.6551,0,0,-8.8,4.828,0
-0.6551,0,0,-8.8,4.8065,0
-1.9236,0,-4.9145,-8.8,4.5644,0
-2.421,0,-4.4278,-8.8,4.3996,0
-2.421,0,0,-8.8,4.2015,0
-2.421,0,0,-8.8,4.0034,0
-3.3775,0,-0.47081,-8.8,3.631,0
-3.4336,0,0.48988,-8.8,3.3392,0
-3.4336,0,0,-8.8,3.0399,0
-3.4336,0,0,-8.8,2.7405,0
-3.2986,0,-0.29075,-8.8,2.4553,0
-3.328,0,-0.63719,-8.8,2.1713,0
-3.328,0,0,-8.8,1.8825,0
-3.4751,0,-0.70536,-8.8,1.5689,0
-3.4751,0,0,-8.8,1.2654,0
-3.5816,0,-0.079462,-8.8,0.94375,0
-3.5816,0,0,-9.9391,0.62959,0
-3.5816,0,0,-19.628,0.32113,0
-3.5291,0,0.37186,-103.5,0.059953,0
-3.4959,0,0.32812,-27.566,0.21906,0
-3.4677,0,0.29907,-333.84,0.017994,0
-3.4677,0,0,-8.8,1.3404,0
-3.4057,0,0.070183,-8.8,1.0305,0
-3.4021,0,-0.34685,-8.8,0.73949,0
-3.436,0,-0.7858,-14.202,0.43999,0
-3.436,0,0,-37.11,0.1674,0
-3.436,0,0,9.8,1.0118,27.712
-3.436,0.98,0,-20.985,0.61917,0
-3.9218,0,-0.83289,-40.287,0.19491,0
-3.9218,0,0,-10115,0.0041715,0
-3.9218,0,0,7.8,50.187,24.505
-3.9218,0.78,0,7.8,49.756,26.104
-3.9902,1.56,0.45495,7.8,49.222,26.887
-3.9377,2.34,0.5915,7.8,48.63,28.092
-3.887,3.12,0.72647,7.8,47.966,29.303
-3.8049,3.9,0.84729,7.8,47.228,30.48
-3.8049,4.68,0,7.8,46.418,33.859
-3.6304,5.46,0.88,7.8,45.54,33.251
-3.5391,6.24,0.37117,6.7,44.589,33.421
-3.5042,6.91,-0.44091,6.7,43.571,36.429
-3.5042,7.58,0,6.7,42.496,36.876
-3.6741,8.25,-1.8937,6.7,41.334,42.577
-3.8629,8.92,-1.9584,6.7,40.098,44.474
-4.0631,9.59,-1.3308,6.7,38.771,44.939
-4.2013,10.26,-0.31046,6.7,37.367,44.452
-4.2013,10.93,0,6.7,35.887,45.173
-4.1491,11.6,1.6882,-1.0077,34.33,26.697
-4.1491,11.499,0,-1.0593,32.76,29.929
-3.745,11.393,2.3496,-1.1106,31.23,23.838
-3.5098,11.282,2.3189,-1.1646,29.73,23.08
-3.5098,11.166,0,-1.2208,28.257,27.595
-3.0534,11.044,1.9983,-1.2825,26.858,22.081
-2.8551,10.915,1.8687,-1.3509,25.462,21.54
-2.6757,10.78,1.6946,-1.4259,24.103,21.104
-2.6757,10.638,0,-1.5087,22.765,24.198
-2.6757,10.487,0,-1.5996,21.441,23.698
-2.6757,10.327,0,-1.7002,20.133,23.159
-2.0809,10.157,1.3709,-1.8073,18.957,18.485
-2.0809,9.9762,0,-1.9265,17.742,20.744
-2.0809,9.7835,0,-2.055,16.546,20.08
-2.0809,9.578,0,-2.1946,15.37,19.365
-1.5771,9.3586,0.96832,-2.3492,14.317,15.523
-1.4899,9.1237,0.81438,-2.5264,13.232,14.814
-1.4029,8.871,0.74751,-2.715,12.194,13.862
-1.325,8.5995,0.75924,-2.928,11.176,12.673
-1.2472,8.3067,0.71947,-3.1563,10.202,11.517
-1.2472,7.9911,0,-3.3954,9.2622,11.879
-1.1179,7.6515,0.24564,-5.2,8.3835,6.6103
-1.1015,7.1315,-0.042558,-5.2,7.5325,6.1162
-1.1077,6.6115,-0.3403,-5.2,6.7258,5.6885
-1.1328,6.0915,-0.52394,-8.8,5.9712,0
-1.1328,5.2115,0,-8.8,5.2927,0
-1.1328,4.3315,0,-8.8,4.7023,0
-1.2932,3.4515,-0.46496,-8.8,4.1719,0
-1.3439,2.5715,-0.42034,-8.8,3.7473,0
-1.3892,1.6915,-0.39753,-8.8,3.3995,0
-1.4387,0.81155,-0.37892,-8.8,3.1372,0
-1.4387,0,0,-8.8,2.9561,0
-1.4387,0,0,-8.8,2.8563,0
-1.543,0,-0.3721,-8.8,2.7367,0
-1.543,0,0,-8.8,2.6264,0
-1.6277,0,-0.60856,-8.8,2.5231,0
-1.6796,0,-0.76677,-8.8,2.3983,0
-1.7645,0,-0.91027,-8.8,2.2632,0
-1.8586,0,-1.0916,-8.8,2.1213,0
-1.9756,0,-1.2206,-8.8,1.9767,0
-1.9756,0,0,-8.8,1.8231,0
-2.257,0,-1.2776,-8.8,1.6285,0
-2.3834,0,-1.0318,-8.8,1.4374,0
-2.4778,0,-0.86322,-8.8,1.2414,0
-2.4778,0,0,-8.8,1.0376,0
-2.6254,0,-0.56988,-8.8,0.83036,0
-2.6767,0,-1.134,-8.8,0.60009,0
-2.6767,0,0,-12.272,0.37642,0
-2.9522,0,-1.7097,-34.651,0.13229,0
-3.1213,0,-1.5059,9.8,1,30.231
-3.2685,0.98,-1.155,-15.301,0.63798,0
-3.3805,0,-0.52137,-21.288,0.27514,0
-3.3805,0,0,-156.17,0.043537,0
-3.3805,0,0,-12.579,0.48635,0
-3.4657,0,-0.13999,-30.507,0.19777,0
-3.4657,0,0,-830.9,0.0037302,0
-3.4657,0,0,-8.8,3.8117,0
-3.5395,0,0.085438,-8.8,3.5066,0
-3.5395,0,0,-8.8,3.1967,0
-3.5395,0,0,-8.8,2.8867,0
-3.406,0,0.96245,-8.8,2.5826,0
-3.316,0,0.98065,-8.8,2.2971,0
-3.316,0,0,-8.8,2.0095,0
-3.1357,0,0.47088,-8.8,1.7383,0
-3.0982,0,0.16241,-8.8,1.4729,0
-3.0982,0,0,-8.8,1.2071,0
-3.0982,0,0,-8.8,0.94131,0
-3.122,0,-0.4695,-8.8,0.66768,0
-3.122,0,0,-13.376,0.39948,0
-3.122,0,0,-38.891,0.15415,0
-3.3031,0,-0.85261,9.8,1,29.231
-3.3976,0.98,-1.0988,-16.778,0.61113,0
-3.3976,0,0,-25.766,0.25726,0
-3.6361,0,-1.5738,-283.01,0.023489,0
-3.7849,0,-1.9087,-8.8,1.0765,0
-3.7849,0,0,-12.233,0.742,0
-3.7849,0,0,-22.383,0.42468,0
-4.2432,0,-0.76891,-106.42,0.085209,0
-4.3161,0,-0.54725,-49.537,0.19013,0
-4.3691,0,-0.1203,9.8,1,29.877
-4.3868,0.98,-0.30952,-28.373,0.51316,0
-4.3868,0,0,-79.62,0.11835,0
-4.3868,0,0,-141.59,0.077773,0
-4.3868,0,0,-33.838,0.34706,0
-4.6793,0,-1.2045,-522.8,0.020989,0
-4.805,0,-1.4553,-8.8,2.165,0
-4.9462,0,-1.6106,-8.8,1.7142,0
-4.9462,0,0,-12.132,1.2636,0
-4.9462,0,0,-19.472,0.82962,0
-5.4767,0,-1.9962,-43.583,0.36061,0
-5.6783,0,-2.0122,-1235,0.013075,0
-5.8701,0,-1.8857,-1.8857,5.617,12.109
-5.8701,0,0,-1.7958,5.0394,8.3358
