0,0,-0.34317,0,35.5,0.72108
-0.027494,0,-0.30886,7.8,35.496,17.095
-0.061182,0.78,-0.062058,7.8,35.449,18.245
-0.061182,1.56,0,7.8,35.326,19.713
-0.065243,2.34,0.37248,7.8,35.131,20.538
-0.025794,3.12,0.61905,7.8,34.858,21.538
0.039182,3.9,0.75614,7.8,34.505,85.989
0.1149,4.68,0.84133,7.8,34.082,89.186
0.1149,5.46,0,7.8,33.586,112.61
0.28607,6.24,0.91404,6.7,33.031,84.143
0.38498,6.91,0.92886,6.7,32.41,87.766
0.48138,7.58,0.90441,6.7,31.721,92.186
0.48138,8.25,0,-0.40283,30.978,31.914
0.64799,8.2097,0.84756,-0.41093,30.227,20.968
0.64799,8.1686,0,-0.41942,29.473,30.298
0.64799,8.1267,0,-0.4279,28.723,29.971
0.64799,8.0839,0,-0.4361,27.977,29.643
0.64799,8.0403,0,-0.4447,27.236,29.307
0.64799,7.9958,0,-0.45331,26.499,28.967
1.1263,7.9505,0.83131,-0.46207,25.906,17.254
1.1263,7.9043,0,-0.47124,25.225,25.562
1.1263,7.8571,0,-0.47917,24.55,25.225
1.1263,7.8092,0,-0.48783,23.879,24.878
1.1263,7.7604,0,-0.49773,23.213,24.516
1.5177,7.7107,0.68008,-0.50667,22.64,15.354
1.5912,7.66,0.65041,-0.5162,22.018,14.977
1.6632,7.6084,0.65579,-0.52577,21.409,14.322
1.7376,7.5558,0.67068,-0.53466,20.823,13.595
1.8005,7.5023,0.6134,-0.54497,20.238,13.468
1.8005,7.4478,0,-0.55563,19.671,18.724
1.9161,7.3923,0.54418,-0.56578,19.12,12.892
1.9618,7.3357,0.52798,-0.57688,18.587,12.505
2.0184,7.278,0.50767,-0.58731,18.055,12.106
2.0695,7.2193,0.48488,-0.59867,17.527,11.741
2.1274,7.1594,0.47937,-0.60916,17.009,11.226
2.1274,7.0985,0,-0.6205,16.509,14.822
2.2271,7.0365,0.40124,-0.63095,16.017,10.732
2.2765,6.9734,0.38314,-0.64073,15.551,10.34
2.2765,6.9093,0,-0.65167,15.084,12.988
2.3515,6.8441,0.28256,-0.66308,14.645,10.076
2.376,6.7778,0.17652,-0.67709,14.192,10.375
2.376,6.7101,0,-0.68965,13.756,11.363
2.376,6.6411,0,-0.70754,13.326,10.936
2.3847,6.5704,-0.24506,-0.72858,12.903,12.509
2.3525,6.4975,-0.37577,-0.75215,12.49,13.361
2.3203,6.4223,-0.53699,-0.77646,12.082,14.587
2.2677,6.3447,-0.73863,-0.80623,11.672,16.461
2.2677,6.264,0,-0.84233,11.269,8.9237
2.1103,6.1798,-0.95148,-0.88309,10.845,18.366
2.1103,6.0915,0,-0.92865,10.442,8.3401
1.9073,5.9986,-0.98083,-0.97757,10.033,12.707
1.9073,5.9009,0,-1.0262,9.6286,7.8214
1.9073,5.7983,0,-1.0808,9.2343,7.1394
1.9073,5.6902,0,-1.1343,8.8506,6.4783
1.5521,5.5767,-0.9233,-1.1903,8.4053,10.522
1.454,5.4577,-0.94523,-1.2528,8.0087,9.9735
1.454,5.3324,0,-8.8,7.6146,0
1.2552,4.4524,-1.0078,-0.94564,7.2531,8.4996
1.1507,4.3579,-1.0149,-8.8,6.9304,0
1.0509,3.4779,-1.1057,-8.8,6.6416,0
1.0509,2.5979,0,-0.33298,6.4429,2.8828
0.81105,2.5646,-1.4017,-8.8,6.2798,0
0.6681,1.6846,-1.5411,-0.13882,6.1322,5.5178
0.50905,1.6707,-1.5782,-0.162,6.0223,5.7983
0.34715,1.6545,-1.4929,-0.18648,5.9028,5.8367
0.34715,1.6358,0,-8.8,5.773,0
0.065292,0.75584,-1.2166,-1.2166,5.6648,1.4156
-0.051975,0.63419,-1.1221,-1.1221,5.5889,1.4066
-0.15886,0.52198,-1.1375,-1.1375,5.5204,1.3957
-0.27947,0.40823,-1.1422,-1.1422,5.4473,1.4098
-0.38899,0.294,-1.1712,-1.1712,5.3792,1.4001
-0.50532,0.17688,-1.2463,-1.2463,5.3095,1.3985
-0.50532,0.052258,0,-1.2813,5.2475,0
-0.50532,0,0,-1.256,5.1981,0
-0.50532,0,0,-1.3128,5.1539,0
-1.0303,0,-1.358,-1.358,5.0074,2.112
-1.1631,0,-1.3274,-8.8,4.8992,0
-1.1631,0,0,-8.8,4.8268,0
-1.4152,0,-1.2995,-8.8,4.7392,0
-1.4152,0,0,-8.8,4.6417,0
-1.6726,0,-1.1969,-8.8,4.5231,0
-1.6726,0,0,-8.8,4.3998,0
-1.6726,0,0,-8.8,4.2766,0
-2.008,0,-1.0998,-8.8,4.1188,0
-2.1264,0,-1.0174,-8.8,3.9504,0
-2.1264,0,0,-8.8,3.7818,0
-2.3178,0,-0.64405,-8.8,3.601,0
-2.3841,0,-0.39855,-8.8,3.4103,0
-2.3841,0,0,-8.8,3.2159,0
-2.3841,0,0,-8.8,3.0215,0
-2.3841,0,0,-8.8,2.8271,0
-2.4246,0,0.18883,-8.8,2.5939,0
-2.4246,0,0,-8.8,2.3955,0
-2.3875,0,0.16673,-8.8,2.2057,0
-2.3697,0,-0.013585,-8.8,2.0107,0
-2.3697,0,0,-8.8,1.8178,0
-2.3697,0,0,-8.8,1.6248,0
-2.3697,0,0,-8.8,1.4319,0
-2.3795,0,0.11444,-8.8,1.2293,0
-2.3795,0,0,-8.8,1.0354,0
-2.324,0,0.61813,-8.8,0.84609,0
-2.2598,0,0.726,-8.8,0.65211,0
-2.2598,0,0,-8.8,0.47013,0
-2.1155,0,0.686,-8.8,0.29209,0
-2.0466,0,0.65012,-14.927,0.13445,0
-1.9744,0,0.60183,-217.97,0.0089176,0
-1.9206,0,0.54269,-8.8,0.9093,0
-1.8711,0,0.51328,-8.8,0.77068,0
-1.8197,0,0.53813,-8.8,0.63895,0
-1.7571,0,0.51102,-8.8,0.50334,0
-1.7571,0,0,-8.8,0.37163,0
-1.7571,0,0,-8.8,0.23991,0
-1.6134,0,0.4702,-9.9797,0.12456,0
-1.5726,0,0.42426,-60.141,0.020418,0
-1.5726,0,0,-8.8,0.16386,0
-1.4847,0,0.38328,-17.082,0.063106,0
-1.4426,0,0.38972,-753.88,0.0013796,0
-1.3984,0,0.45103,-8.8,3.6329,0
-1.3512,0,0.52887,-8.8,3.541,0
-1.3512,0,0,-8.8,3.4499,0
-1.2346,0,0.61138,-8.8,3.3798,0
-1.2346,0,0,-8.8,3.3003,0
-1.1171,0,0.60076,-8.8,3.2171,0
-1.1171,0,0,-8.8,3.1493,0
-1.1171,0,0,-8.8,3.0816,0
-0.95511,0,0.61086,-8.8,3.0478,0
-0.95511,0,0,-8.8,2.9963,0
-0.84346,0,0.58283,-8.8,2.9476,0
-0.77845,0,0.59316,-8.8,2.9177,0
-0.77845,0,0,-8.8,2.8838,0
-0.68082,0,0.52366,-8.8,2.8683,0
-0.68082,0,0,-8.8,2.8442,0
-0.57138,0,0.62203,-8.8,2.8411,0
-0.50122,0,0.64727,-8.8,2.832,0
-0.44233,0,0.65233,-8.8,2.8267,0
-0.37123,0,0.63622,-8.8,2.8209,0
-0.37123,0,0,-8.8,2.8278,0
-0.37123,0,0,-8.8,2.8347,0
-0.17698,0,0.40066,-8.8,2.864,0
-0.1409,0,0.080523,-8.8,2.8914,0
-0.13029,0,-0.25837,-8.8,2.9286,0
-0.13029,0,0,-8.8,2.9595,0
-0.21665,0,-0.94775,-8.8,2.9819,0
-0.31853,0,-0.95181,-8.8,2.9954,0
-0.31853,0,0,-8.8,3.0075,0
-0.48251,0,-0.44139,-8.8,2.9985,0
-0.53433,0,-0.10357,-8.8,2.9826,0
-0.53433,0,0,-8.8,2.9732,0
-0.51553,0,0.24002,-8.8,2.9584,0
-0.49699,0,0.24521,-8.8,2.956,0
-0.48063,0,0.10173,-8.8,2.956,0
-0.47303,0,-0.096707,-8.8,2.9461,0
-0.47303,0,0,-8.8,2.9428,0
-0.47303,0,0,-8.8,2.9394,0
-0.53498,0,-0.38588,-8.8,2.9471,0
-0.56365,0,-0.43147,-8.8,2.9328,0
-0.56365,0,0,-8.8,2.9205,0
-0.6486,0,-0.39029,-8.8,2.9047,0
-0.69754,0,-0.3715,-8.8,2.8856,0
-0.69754,0,0,-8.8,2.8599,0
-0.77853,0,-0.41809,-8.8,2.8184,0
-0.77853,0,0,-8.8,2.7845,0
-0.77853,0,0,-8.8,2.7507,0
-0.88259,0,-0.29356,-8.8,2.6948,0
-0.91323,0,-0.15191,-8.8,2.6476,0
-0.93771,0,0.012097,-8.8,2.6093,0
-0.93771,0,0,-8.8,2.5596,0
-0.92412,0,0.10592,-8.8,2.5061,0
-0.90675,0,0.1447,-8.8,2.4551,0
-0.89677,0,0.17753,-8.8,2.4163,0
-0.87797,0,0.16459,-8.8,2.3645,0
-0.86195,0,0.17484,-8.8,2.3237,0
-0.86195,0,0,-8.8,2.2815,0
-0.82309,0,0.15914,-8.8,2.241,0
-0.82309,0,0,-8.8,2.2027,0
-0.78381,0,0.049232,-8.8,2.1748,0
-0.78483,0,0.045003,-8.8,2.1467,0
-0.78483,0,0,-8.8,2.1122,0
-0.78665,0,0.1049,-8.8,2.0789,0
-0.77661,0,0.1251,-8.8,2.0433,0
-0.77661,0,0,-8.8,2.0097,0
-0.77661,0,0,-8.8,1.976,0
-0.77661,0,0,-8.8,1.9424,0
-0.77661,0,0,-8.8,1.9087,0
-0.77661,0,0,-8.8,1.875,0
-0.71605,0,0.12231,-8.8,1.8769,0
-0.70395,0,0.1245,-8.8,1.8586,0
-0.70395,0,0,-8.8,1.8322,0
-0.68073,0,0.029944,-8.8,1.8142,0
-0.68073,0,0,-8.8,1.7901,0
-0.68073,0,0,-8.8,1.766,0
-0.68073,0,0,-8.8,1.742,0
-0.64967,0,0.17727,-8.8,1.736,0
-0.64967,0,0,-8.8,1.7151,0
-0.62839,0,0.046262,-8.8,1.7018,0
-0.62839,0,0,-8.8,1.683,0
-0.63078,0,0.044662,-8.8,1.6784,0
-0.63078,0,0,-8.8,1.6594,0
-0.63078,0,0,-8.8,1.6403,0
-0.63078,0,0,-8.8,1.6212,0
-0.59589,0,0.049869,-8.8,1.5968,0
-0.5896,0,-0.037077,-8.8,1.5873,0
-0.58446,0,-0.047312,-8.8,1.5759,0
-0.58446,0,0,-8.8,1.5615,0
-0.58446,0,0,-8.8,1.547,0
-0.58446,0,0,-8.8,1.5326,0
-0.61462,0,-0.10943,-8.8,1.5031,0
-0.61462,0,0,-8.8,1.4856,0
-0.64327,0,-0.36154,-8.8,1.4728,0
-0.67388,0,-0.41094,-8.8,1.4489,0
-0.71708,0,-0.43599,-8.8,1.4327,0
-0.76514,0,-0.42105,-8.8,1.4004,0
-0.8028,0,-0.40357,-8.8,1.3622,0
-0.8028,0,0,-8.8,1.3259,0
-0.88949,0,-0.53631,-8.8,1.2812,0
-0.88949,0,0,-8.8,1.2363,0
-0.99647,0,-0.64308,-8.8,1.1657,0
-0.99647,0,0,-8.8,1.11,0
-1.1166,0,-0.75892,-8.8,1.0514,0
-1.1166,0,0,-8.8,0.98376,0
-1.2814,0,-0.97133,-8.8,0.89175,0
-1.3734,0,-1.0318,-8.8,0.79696,0
-1.3734,0,0,-8.8,0.70362,0
-1.3734,0,0,-8.8,0.61028,0
-1.67,0,-0.86297,-8.8,0.47142,0
-1.67,0,0,-8.8,0.34842,0
-1.8505,0,-0.86359,-8.9037,0.21296,0
-1.8505,0,0,-30.321,0.072426,0
-2.0352,0,-1.105,-104.77,0.019977,0
-2.1439,0,-1.1636,-8.8,0.33182,0
-2.2532,0,-1.1093,-16.968,0.16008,0
-2.2532,0,0,-132.11,0.019591,0
-2.4746,0,-0.91438,-8.8,0.44992,0
-2.5644,0,-0.77417,-14.039,0.24789,0
-2.5644,0,0,-51.952,0.06164,0
-2.5644,0,0,-57.734,0.064957,0
-2.7685,0,-0.5051,-55.353,0.069873,0
-2.7685,0,0,-54.963,0.069784,0
-2.7685,0,0,-66.855,0.067744,0
-2.9018,0,-0.26288,-38.643,0.1097,0
-2.9238,0,-0.1603,-481.21,0.0088855,0
-2.9238,0,0,-8.8,2.1226,0
-2.9415,0,-0.23027,-8.8,1.8725,0
-2.9415,0,0,-8.8,1.6223,0
-2.9415,0,0,-8.8,1.3722,0
-3.0613,0,-0.78779,-8.8,1.1112,0
-3.1449,0,-0.9659,-8.8,0.8493,0
-3.237,0,-1.064,-10.078,0.58121,0
-3.237,0,0,-19.089,0.3079,0
-3.4679,0,-1.1537,-93.994,0.064767,0
-3.4679,0,0,-35.923,0.18795,0
-3.4679,0,0,-671.12,0.020782,0
-3.7651,0,-0.85387,-8.8,2.9831,0
-3.7651,0,0,-8.8,2.6506,0
-3.7651,0,0,-8.8,2.3181,0
-3.7651,0,0,-8.8,1.9856,0
-3.7651,0,0,-8.8,1.6531,0
-4.0494,0,-0.4409,-8.8,1.2429,0
-4.0494,0,0,-9.984,0.88192,0
-4.1334,0,-0.49002,-16.978,0.5181,0
-4.1857,0,-0.47818,-45.606,0.19412,0
-4.2419,0,-0.52982,-12677,0.00070972,0
-4.2919,0,-0.52875,7.8,62.963,26.299
-4.2919,0.78,0,7.8,62.494,26.787
-4.2919,1.56,0,7.8,61.948,28.386
-4.435,2.34,-0.62072,7.8,61.306,31.583
-4.435,3.12,0,7.8,60.59,31.878
-4.435,3.9,0,7.8,59.795,33.477
-4.6146,4.68,-0.66412,7.8,58.901,36.839
-4.6146,5.46,0,7.8,57.932,37.043
-4.6146,6.24,0,6.7,56.886,36.33
-4.831,6.91,-0.65776,6.7,55.728,39.53
-4.8982,7.58,-0.63667,6.7,54.51,40.997
-4.9684,8.25,-0.6078,6.7,53.233,42.453
-5.0239,8.92,-0.61299,6.7,51.871,43.951
-5.0813,9.59,-0.64951,6.7,50.431,45.519
-5.0813,10.26,0,6.7,48.93,45.528
-5.1992,10.93,-0.7107,6.7,47.365,48.637
-5.2679,11.6,-0.69917,6.7,45.715,50.127
-5.3436,12.27,-0.66637,4.8,43.99,47.594
-5.3436,12.75,0,4.8,42.205,47.178
-5.4702,13.23,-0.57137,4.8,40.356,49.622
-5.4702,13.71,0,-1.2226,38.462,36.75
-5.5876,13.588,-0.57611,-1.3132,36.538,37.761
-5.6468,13.456,-0.58252,-1.415,34.622,37.412
-5.7052,13.315,-0.59419,-1.5294,32.714,37.026
-5.7657,13.162,-0.58368,-1.6583,30.823,36.544
-5.7657,12.996,0,-1.8044,28.939,34.67
-5.7657,12.816,0,-1.973,27.071,33.946
-5.9551,12.618,-0.63006,-2.1666,25.208,34.847
-6.0144,12.402,-0.63139,-2.3925,23.349,34.052
-6.075,12.162,-0.61488,-2.6549,21.517,33.1
-6.075,11.897,0,-2.9657,19.706,30.611
-6.075,11.6,0,-3.3353,17.924,29.226
-6.075,11.267,0,-3.7788,16.173,27.611
-6.3267,10.889,-0.64612,-4.3126,14.403,27.588
-6.3983,10.458,-0.64374,-4.9706,12.707,25.463
-6.4617,9.9607,-0.61548,-5.7877,11.048,22.798
-6.4617,9.3819,0,-13.961,9.4346,3.1436
-6.5786,7.9858,-0.50408,-13.918,7.9068,1.6712
-6.6323,6.594,-0.48757,-13.912,6.5154,0
-6.6786,5.2028,-0.48593,-13.888,5.2666,0
-6.7254,3.814,-0.50117,-13.91,4.142,0
-6.7668,2.423,-0.53095,-13.911,3.1559,0
-6.7668,1.0319,0,-13.947,2.3064,0
-6.7668,0,0,-15.431,1.5963,0
-6.9395,0,-0.52631,-25.385,0.96859,0
-6.9867,0,-0.49324,-61.206,0.40201,0
-6.9867,0,0,-12222,0.0093673,0
-7.0887,0,-0.58965,7.8,60.4,32.161
-7.0887,0.78,0,7.8,59.652,32.521
-7.2245,1.56,-0.89444,7.8,58.827,36.277
-7.3104,2.34,-1.0771,7.8,57.908,38.436
-7.3104,3.12,0,7.8,56.904,37.772
-7.3104,3.9,0,7.8,55.822,39.371
-7.6693,4.68,-1.2949,7.8,54.596,44.427
-7.7932,5.46,-1.3844,7.8,53.322,46.468
-7.7932,6.24,0,6.7,51.958,42.846
-7.7932,6.91,0,6.7,50.521,44.22
-7.7932,7.58,0,6.7,49.017,45.593
-8.8178,8.25,-5.4729,6.7,47.301,60.567
-9.3716,8.92,-6.7439,6.7,45.537,65.747
-10.052,9.59,-7.5362,6.7,43.633,70.18
-10.809,10.26,-7.7949,6.7,41.606,73.649
-11.594,10.93,-7.4921,6.7,39.422,75.996
-12.344,11.6,-6.9992,6.7,37.104,77.87
-13.046,12.27,-6.424,-1.6962,34.635,61.832
-13.697,12.1,-5.8783,-1.9321,32.081,61.177
-14.288,11.907,-5.3432,-2.2158,29.487,60.271
-14.827,11.686,-4.8897,-2.5639,26.858,59.239
-15.326,11.429,-4.2836,-3.0016,24.191,57.541
-15.744,11.129,-3.611,-3.5576,21.505,55.203
-16.107,10.773,-2.7986,-4.2815,18.819,51.988
-16.38,10.345,-2.0454,-5.2486,16.142,48.056
-16.579,9.8203,-1.5325,-6.5986,13.48,43.474
-16.579,9.1604,0,-7.84,10.873,36.292
-16.579,8.3764,0,-39.351,8.3379,0
-16.579,4.4413,0,-39.298,6.0391,0
-17.041,0.5115,-0.95978,-39.264,4.0217,0
-17.041,0,0,-60.788,2.4628,0
-17.242,0,-0.94445,-142.85,1.0475,0
-17.242,0,0,-6099.1,0.03754,0
-17.428,0,-0.7847,7.8,28.79,53.766
-17.508,0.78,-0.63187,7.8,26.999,55.208
-17.508,1.56,0,7.8,25.131,55.479
-17.508,2.34,0,-0.43407,23.186,39.776
-17.686,2.2966,-0.41824,-0.49391,21.166,40.805
-17.686,2.2472,0,-0.56763,19.17,39.67
-17.755,2.1904,-0.41575,-0.66181,17.166,40.372
-17.789,2.1243,-0.38597,-0.7833,15.176,39.988
-17.789,2.0459,0,-0.94761,13.189,38.671
-17.872,1.9512,-0.41991,-1.1762,11.189,39.048
-17.872,1.8335,0,-1.5084,9.213,37.227
-17.944,1.6827,-0.33221,-2.0349,7.2416,36.657
-17.98,1.4792,-0.25413,-36.001,5.2964,0
-18.001,0,-0.12581,-45.955,3.5351,0
-18.019,0,0.0054923,-82.299,1.9725,0
-18.021,0,0.037983,-276.96,0.58623,0
-18.024,0,0.068403,-984.57,0.16496,0
-18.017,0,0.063797,-49.217,3.2935,0
-18.017,0,0,-93.148,1.7379,0
-18.017,0,0,-397.73,0.40193,0
-17.979,0,0.14244,-269.96,0.59838,0
-17.959,0,0.19981,-1020.7,0.15797,0
-17.942,0,0.23399,-46.105,3.4736,0
-17.942,0,0,-83.741,1.9099,0
-17.942,0,0,-299.39,0.53437,0
-17.942,0,0,-642.88,0.23711,0
-17.854,0,0.1289,-95.256,1.671,0
-17.845,0,0.10372,-442.21,0.35999,0
-17.845,0,0,-204.08,0.78651,0
-17.845,0,0,-12129,0.022357,0
-17.845,0,0,7.8,58.882,52.973
-17.834,0.78,0.10937,7.8,57.047,54.319
-17.834,1.56,0,7.8,55.146,56.147
-17.809,2.34,0.15178,7.8,53.168,57.375
-17.788,3.12,0.1133,7.8,51.116,59.014
-17.788,3.9,0,7.8,48.986,60.851
-17.788,4.68,0,7.8,46.778,62.45
-17.788,5.46,0,7.8,44.493,64.049
-17.775,6.24,-0.015274,6.7,42.128,63.341
-17.775,6.91,0,6.7,39.693,64.682
-17.762,7.58,0.1397,6.7,37.175,65.736
-17.75,8.25,0.16946,6.7,34.601,67.022
-17.733,8.92,0.16978,-1.4444,31.968,51.247
-17.715,8.7756,0.074142,-1.6278,29.309,50.73
-17.715,8.6128,0,-1.852,26.668,50.081
-17.707,8.4276,-0.066225,-2.1308,24.047,49.239
-17.722,8.2145,-0.077624,-2.4858,21.44,48.11
-17.722,7.9659,0,-2.9443,18.859,46.474
-17.73,7.6715,-0.022693,-3.5517,16.307,44.658
-17.738,7.3163,0.0053055,-4.3885,13.791,42.128
-17.738,6.8775,0,-5.5951,11.307,38.704
-17.725,6.3179,-0.10505,-7.4474,8.8684,33.861
-17.725,5.5732,0,-41.914,6.5013,0
-17.725,1.3818,0,-42.054,4.381,0
-17.725,0,0,-59.385,2.6806,0
-17.795,0,-0.21072,-134.64,1.1778,0
-17.795,0,0,-2223,0.071496,0
-17.831,0,-0.22791,-0.22791,9.4042,36.554
-17.859,0,-0.26154,-0.26154,7.6258,36.61
-17.892,0,-0.25936,-0.25936,5.8397,36.678
-17.916,0,-0.25649,-39.925,4.046,0
-17.946,0,-0.25195,-66.101,2.4453,0
-17.946,0,0,-164.28,0.98128,0
-17.988,0,-0.19292,-10459,0.01547,0
-17.988,0,0,7.8,50.511,53.266
-18.032,0.78,-0.12431,7.8,48.675,55.216
-18.032,1.56,0,7.8,46.755,56.553
-18.057,2.34,-0.080103,7.8,44.755,58.372
-18.057,3.12,0,7.8,42.676,59.803
-18.057,3.9,0,7.8,40.52,61.402
-18.081,4.68,-0.15786,7.8,38.286,63.382
-18.096,5.46,-0.13363,7.8,35.979,64.961
-18.117,6.24,-0.11158,6.7,33.585,64.245
-18.12,6.91,-0.077591,6.7,31.107,65.553
-18.132,7.58,-0.074096,-1.4069,28.569,49.908
-18.132,7.4393,0,-1.6006,26.005,49.057
-18.132,7.2792,0,-1.8441,23.456,48.217
-18.168,7.0948,-0.237,-2.1534,20.914,47.762
-18.183,6.8795,-0.25281,-2.5512,18.406,46.549
-18.202,6.6244,-0.28646,-3.086,15.908,45.012
-18.202,6.3158,0,-3.83,13.441,42.214
-18.202,5.9328,0,-4.9025,11.009,39.175
-18.26,5.4425,-0.28646,-6.5645,8.608,35.398
-18.291,4.7861,-0.30929,-42.764,6.2722,0
-18.291,0.50968,0,-42.714,4.1783,0
-18.291,0,0,-67.628,2.5117,0
-18.291,0,0,-168.69,1.0207,0
-18.291,0,0,-57523,0.035039,0
-18.291,0,0,7.8,285.82,53.887
-18.291,0.78,0,7.8,283.95,55.486
-18.291,1.56,0,7.8,282,57.085
-18.558,2.34,-0.34823,7.8,279.87,59.963
-18.558,3.12,0,7.8,277.75,60.83
-18.558,3.9,0,7.8,275.54,62.429
-18.684,4.68,-0.42206,7.8,273.24,65.173
-18.733,5.46,-0.45913,7.8,270.87,66.95
-18.733,6.24,0,6.7,268.42,65.272
-18.733,6.91,0,6.7,265.88,66.646
-18.733,7.58,0,6.7,263.29,68.019
-18.908,8.25,-0.49074,6.7,260.56,70.784
-18.958,8.92,-0.47721,6.7,257.82,72.232
-19.009,9.59,-0.48031,6.7,255,73.716
-19.009,10.26,0,6.7,252.1,74.08
-19.009,10.93,0,6.7,249.14,75.454
-19.009,11.6,0,6.7,246.12,76.827
-19.19,12.27,-0.49375,4.8,243,75.617
