9.7222,9.7222,0.30723,0,35.5,0
9.7442,9.7222,0.087427,6.7,35.505,59.053
9.7542,10.392,0.037173,6.7,35.469,64.543
9.7503,11.062,-0.026219,6.7,35.38,70.479
9.7543,11.732,-0.04145,-0.12289,35.208,5.5616
9.7543,11.72,0,-0.12311,35.01,5.2655
9.7452,11.708,-0.016687,-0.12393,34.814,5.3483
9.745,11.695,0.01827,-0.12414,34.623,5.0976
9.745,11.683,0,-0.12371,34.428,5.1607
9.745,11.67,0,-0.12317,34.235,5.1186
9.7646,11.658,0.029965,-0.12357,34.033,4.831
9.766,11.646,0.011841,-0.1237,33.839,4.8832
9.7663,11.633,-0.028501,-0.12382,33.658,5.0689
9.763,11.621,-0.044731,-0.12426,33.462,5.1285
9.763,11.609,0,-0.12502,33.276,4.8211
9.763,11.596,0,-0.12545,33.093,4.7743
9.7466,11.584,-0.06899,-0.1258,32.916,5.187
9.7466,11.571,0,-0.12639,32.733,4.7385
9.7271,11.558,-0.14747,-0.12743,32.55,5.6429
9.7087,11.546,-0.18617,-0.1289,32.362,5.909
9.7087,11.533,0,-0.13029,32.179,4.717
9.6579,11.52,-0.30505,-0.13271,32.01,6.8198
9.6579,11.506,0,-0.13492,31.824,4.7801
9.5908,11.493,-0.34749,-0.13794,31.63,7.2766
9.5908,11.479,0,-0.14008,31.44,4.8953
9.5174,11.465,-0.39116,-0.14363,31.259,7.7799
9.5174,11.451,0,-0.14605,31.065,5.0254
9.5174,11.436,0,-0.14914,30.873,4.9565
9.5174,11.421,0,-0.15142,30.682,4.8912
9.3793,11.406,-0.35664,-0.15505,30.47,7.7725
9.3444,11.391,-0.35016,-0.15804,30.266,7.7853
9.3072,11.375,-0.32403,-0.16124,30.062,7.6508
9.2682,11.359,-0.29606,-0.16466,29.853,7.5105
9.2682,11.342,0,-0.16713,29.645,5.4247
9.2095,11.325,-0.35197,-0.17021,29.42,8.0221
9.1776,11.308,-0.41987,-0.1732,29.205,8.6278
9.1313,11.291,-0.51126,-0.17744,28.987,9.5346
9.1313,11.273,0,-0.18295,28.772,5.5895
9.0045,11.255,-0.69415,-0.18894,28.551,11.685
8.9254,11.236,-0.73683,-0.19627,28.318,12.392
8.9254,11.217,0,-0.20272,28.088,6.037
8.7942,11.196,-0.70693,-0.20912,27.833,12.434
8.7942,11.175,0,-0.21625,27.594,6.3026
8.6537,11.154,-0.66061,-0.22336,27.331,12.323
8.5819,11.131,-0.66086,-0.23067,27.087,12.519
8.5059,11.108,-0.68562,-0.2386,26.835,12.995
8.4352,11.084,-0.68115,-0.24641,26.564,13.124
8.3634,11.06,-0.6935,-0.25425,26.307,13.441
8.3634,11.034,0,-0.26192,26.039,7.1619
8.3634,11.008,0,-0.27025,25.773,7.0088
8.1573,10.981,-0.68806,-0.27867,25.472,13.842
8.0848,10.953,-0.68313,-0.28748,25.192,13.946
8.0848,10.925,0,-0.29661,24.907,7.6243
7.9383,10.895,-0.63276,-0.3061,24.615,13.69
7.9383,10.864,0,-0.31498,24.32,7.8591
7.9383,10.833,0,-0.32405,24.029,7.6759
7.9383,10.8,0,-0.33274,23.742,7.4932
7.9383,10.767,0,-0.34282,23.457,7.3002
7.5998,10.733,-0.72277,-0.35419,23.109,15.229
7.5998,10.697,0,-0.36581,22.797,8.2404
7.4515,10.661,-0.79549,-0.37746,22.462,16.313
7.3622,10.623,-0.93524,-0.39105,22.148,18.28
7.2729,10.584,-1.0594,-0.40517,21.826,20.175
7.1633,10.543,-1.2042,-0.42256,21.491,22.619
7.0334,10.501,-1.3559,-0.44351,21.14,25.47
6.9046,10.457,-1.4759,-0.46476,20.793,27.946
6.7622,10.41,-1.4853,-0.48891,20.433,28.487
6.616,10.362,-1.4968,-0.51437,20.071,29.066
6.4738,10.31,-1.5162,-0.54072,19.692,29.743
6.4738,10.256,0,-0.56914,19.311,9.7858
6.1849,10.199,-1.4596,-0.59852,18.898,29.196
6.1849,10.139,0,-0.63114,18.5,10.109
5.8821,10.076,-1.5093,-0.66431,18.074,30.586
5.8821,10.01,0,-0.70069,17.658,10.386
5.8821,9.9396,0,-0.73877,17.249,9.8356
5.4294,9.8658,-1.4181,-0.77676,16.776,29.182
5.4294,9.7881,0,-0.81581,16.336,10.607
5.1603,9.7065,-1.121,-0.85789,15.862,23.948
5.045,9.6207,-0.94884,-0.89799,15.399,21.16
4.953,9.5309,-0.82183,-0.93543,14.935,19.089
4.8633,9.4374,-0.73241,-0.97299,14.482,17.593
4.7877,9.3401,-0.66626,-1.0107,14.016,16.351
4.7877,9.239,0,-1.0463,13.566,9.5015
4.6557,9.1344,-0.53389,-1.083,13.116,13.915
4.6557,9.0261,0,-1.1211,12.674,8.7235
4.538,8.914,-0.35107,-1.1581,12.221,11.141
4.538,8.7982,0,-1.1932,11.789,7.8872
4.4667,8.6788,-0.12405,-1.223,11.353,8.3168
4.4559,8.5565,-0.014171,-1.2488,10.928,7.0886
4.4636,8.4317,0.13006,-1.2639,10.533,5.8404
4.4792,8.3053,0.28564,-1.2774,10.136,4.7567
4.5114,8.1775,0.38271,-1.2821,9.7555,4.0504
4.5114,8.0493,0,-1.2767,9.3953,5.0338
4.5114,7.9216,0,-1.2686,9.0479,4.6878
4.6514,7.7948,0.55053,-5.2,8.723,27.058
4.702,7.2748,0.53592,-5.2,8.4368,26.568
4.7557,6.7548,0.51574,-5.2,8.2111,26.076
4.7557,6.2348,0,-5.2,8.0372,18.679
4.7557,5.7148,0,-0.28545,7.9153,1.447
4.8862,5.6862,0.15974,-0.2699,7.8598,0.74094
4.9071,5.6592,0.0090596,-8.8,7.7822,12.349
4.9023,4.7792,-0.09306,0.11994,7.7426,0.25449
4.9023,4.7912,0,0.097663,7.7543,0
4.9023,4.801,0,0.071823,7.7649,0
4.8595,4.8082,-0.17903,0.04968,7.7645,0.48241
4.8509,4.8132,-0.14072,0.036428,7.7623,0.35963
4.8387,4.8168,-0.24535,0.021146,7.7557,0.68634
4.8129,4.8189,-0.39946,-0.0017392,7.7588,1.2809
4.767,4.8187,-0.40088,-0.014934,7.7516,1.3721
4.7327,4.8172,-0.25994,-0.024482,7.7355,0.86881
4.7094,4.8148,-0.19244,-0.030535,7.7293,0.67401
4.7094,4.8117,0,-0.033353,7.7189,0.14035
4.7023,4.8084,0.27954,-0.030924,7.6943,0
4.7023,4.8053,0,-0.020332,7.6839,0.17062
4.7821,4.8033,0.51789,-0.0061892,7.6816,0
4.7821,4.8027,0,0.035286,7.6795,0.12145
4.8955,4.8062,0.63282,0.085825,7.6936,0
4.9543,4.8148,0.62747,0.13365,7.6965,0
4.9543,4.8281,0,0.17361,7.7098,0.13708
5.0766,4.8455,0.71669,0.22013,7.7385,0
5.1485,4.8675,0.91263,0.26642,7.7644,0
5.2336,4.8942,1.0977,0.32019,7.8013,0
5.3354,4.9262,1.2495,0.38374,7.8435,0
5.3354,4.9645,0,0.46564,7.8825,0.41068
5.3354,5.0111,0,0.55185,7.9172,0.85496
5.7564,5.0663,1.4056,0.62991,8.021,0
5.8905,5.1293,1.3428,0.68607,8.093,0
6.0343,5.1979,1.3273,0.74417,8.1775,0
6.1667,5.2723,1.2922,0.78377,8.2565,0
6.2962,5.3507,1.1533,0.81588,8.3428,0
6.4139,5.4323,1.0382,0.8352,8.4484,0
6.5145,5.5158,0.76993,0.83689,8.5465,0
6.5872,5.5995,0.36812,0.81544,8.6452,0
6.5872,5.681,0,0.773,8.7399,0.024399
6.64,5.7583,-0.24257,0.70734,8.8227,0.85682
6.6185,5.8291,-0.40906,0.62574,8.9053,1.6374
6.5808,5.8916,-0.4818,0.54101,8.9873,1.9688
6.5338,5.9457,-0.48429,0.45783,9.058,1.9053
6.5338,5.9915,0,0.38272,9.1145,0
6.5338,6.0298,0,0.30754,9.1669,0
6.5338,6.0605,0,0.22341,9.2157,0
6.2173,6.0829,-1.6164,0.10247,9.2335,12.647
6.2173,6.0931,0,-0.0091053,9.2464,0
6.2173,6.0922,0,-0.064662,9.2589,0
6.2173,6.0858,0,-0.1249,9.2717,0
5.4192,6.0733,-2.291,-0.18416,9.1561,28.644
5.1865,6.0549,-2.5731,-0.24665,9.09,11.677
4.938,6.0302,-2.6461,-0.31407,8.9982,11.803
4.938,5.9988,0,-0.3884,8.8905,1.3992
4.938,5.9599,0,-0.46166,8.7864,1.1283
4.1391,5.9138,-2.6501,-0.5424,8.5618,11.831
4.1391,5.8595,0,-0.62422,8.3871,2.3265
3.6037,5.7971,-2.8668,-0.70871,8.171,12.006
3.6037,5.7262,0,-0.80641,7.9552,2.7827
3.6037,5.6456,0,-8.8,7.747,0
2.7269,4.7656,-3.0749,-0.62092,7.4496,11.218
2.4137,4.7035,-3.0424,-8.8,7.2407,0
2.1193,3.8235,-2.9551,-0.44862,7.0454,10.117
1.8261,3.7786,-2.8518,-8.8,6.858,0
1.8261,2.8986,0,-0.28864,6.7067,1.7241
1.2305,2.8698,-3.0244,-0.35753,6.5441,9.7031
0.92394,2.834,-2.9513,-8.8,6.3658,0
0.62882,1.954,-2.9191,-0.20867,6.1993,8.8047
0.33509,1.9332,-3.0856,-0.25907,6.0482,9.5356
0.02272,1.9073,-3.1584,-8.8,5.8827,0
-0.28391,1.0273,-3.147,-0.1176,5.7239,9.0533
-0.28391,1.0155,0,-0.14919,5.5934,2.3503
-0.28391,1.0006,0,-8.8,5.4642,0
-0.28391,0.12057,0,-2.4078,5.3797,0
-1.4137,0,-1.9125,-1.9125,5.1304,2.898
-1.6071,0,-1.2335,-8.8,4.9936,0
-1.7266,0,-0.45015,-8.8,4.8663,0
-1.7266,0,0,-8.8,4.7377,0
-1.7266,0,0,-8.8,4.609,0
-1.6795,0,1.2717,-8.8,4.4863,0
-1.6795,0,0,-8.8,4.3623,0
-1.6795,0,0,-8.8,4.2384,0
-1.1798,0,2.1728,-8.8,4.2014,0
-0.95506,0,2.4516,-8.8,4.1414,0
-0.70775,0,2.6037,-8.8,4.096,0
-0.44368,0,2.5963,-8.8,4.0808,0
-0.18198,0,2.5629,-8.8,4.0888,0
0.067578,0,2.6017,-8.8,4.1369,0
0.33746,0,2.6062,-8.8,4.203,0
0.60379,0,2.5784,-8.8,4.3014,0
0.85296,0,2.5354,-8.8,4.4094,0
1.1068,0,2.4879,-8.8,4.5533,0
1.1068,0,0,-8.8,4.708,0
1.1068,0,0,-8.8,4.8627,0
1.8204,0,2.2353,2.2353,5.1263,0
1.8204,0.22353,0,2.1733,5.2971,5.0745
2.2746,0.44087,2.1392,2.1392,5.4859,0
2.2746,0.65479,0,2.1316,5.6586,4.6888
2.2746,0.86795,0,2.1107,5.8099,5.4787
2.2746,1.079,0,4.9,5.94,32.385
3.1237,1.569,2.1191,4.9,6.2189,7.2806
3.3359,2.059,2.1452,4.2644,6.3599,4.4872
3.5532,2.4855,2.1382,2.6432,6.4672,0
3.7611,2.7498,2.1406,2.1466,6.5773,0
3.9793,2.9644,2.1045,1.9243,6.6721,0
3.9793,3.1569,0,1.7787,6.764,5.7526
3.9793,3.3347,0,1.6819,6.8373,5.866
4.5906,3.5029,1.9981,1.6248,6.9811,0
4.5906,3.6654,0,1.5809,7.0817,4.0191
4.5906,3.8235,0,1.556,7.1663,4.511
5.1948,3.9791,1.8035,1.5339,7.3344,0
5.375,4.1325,1.6677,1.4951,7.4651,0
5.375,4.282,0,1.437,7.5818,2.5058
5.375,4.4257,0,1.39,7.684,2.7838
5.8398,4.5647,1.5465,1.3572,7.8392,0
5.9893,4.7004,1.5351,1.3264,7.9739,0
5.9893,4.8331,0,1.3155,8.0962,1.6211
6.3022,4.9646,1.5197,1.2927,8.2334,0
6.4471,5.0939,1.466,1.2724,8.3776,0
6.4471,5.2211,0,1.2487,8.5066,1.0477
6.7295,5.346,1.4056,1.2345,8.6487,0
6.7295,5.4695,0,1.2247,8.7809,0.82017
7.0194,5.5919,1.4171,1.2163,8.9348,0
7.1592,5.7136,1.363,1.2045,9.0714,0
7.1592,5.834,0,1.1891,9.2099,0.44731
7.4197,5.9529,1.1884,1.1729,9.3549,0
7.5455,6.0702,1.1139,1.1576,9.5005,0
7.66,6.186,1.048,1.1363,9.6486,0
7.66,6.2996,0,1.1167,9.7903,0.029111
7.8688,6.4113,0.92572,1.0858,9.9298,0
7.9669,6.5198,0.82908,1.0626,10.084,0
7.9669,6.6261,0,1.0241,10.223,0
8.12,6.7285,0.68771,0.99367,10.367,0
8.1805,6.8279,0.69011,0.95357,10.504,0
8.1805,6.9232,0,0.92185,10.634,0
8.3194,7.0154,0.71779,0.89795,10.764,0
8.3194,7.1052,0,0.87217,10.889,0
8.3194,7.1924,0,0.85568,11.007,0
8.5212,7.278,0.64003,0.83106,11.154,0
8.5777,7.3611,0.6236,0.80643,11.287,0
8.6307,7.4417,0.68607,0.78186,11.417,0
8.6307,7.5199,0,0.7671,11.532,0
8.6307,7.5966,0,0.76838,11.64,0
8.6307,7.6735,0,0.7705,11.739,0
8.9744,7.7505,0.87075,0.77942,11.885,0
9.0704,7.8285,0.79752,0.7845,12.001,0
9.1551,7.9069,0.73791,0.78239,12.122,0
9.2328,7.9852,0.77313,0.77606,12.241,0
9.2328,8.0628,0,0.77443,12.362,0
9.3937,8.1402,0.92253,0.76961,12.508,0
9.4761,8.2172,0.87918,0.76774,12.634,0
9.5557,8.2939,0.72156,0.76457,12.764,0
9.6236,8.3704,0.54489,0.75416,12.886,0
9.6855,8.4458,0.45643,0.74104,13.005,0
9.6855,8.5199,0,0.71543,13.126,0
9.7732,8.5915,0.7095,0.69798,13.25,0
9.7732,8.6613,0,0.69991,13.365,0
9.7732,8.7312,0,0.70847,13.472,0
10.046,8.8021,1.1061,0.72325,13.619,0
10.152,8.8744,1.1236,0.73864,13.749,0
10.268,8.9483,1.123,0.75883,13.88,0
10.389,9.0242,1.227,0.77991,14.004,0
10.389,9.1022,0,0.80599,14.136,0
10.651,9.1828,1.434,0.82963,14.285,0
10.651,9.2657,0,0.85775,14.428,0
10.926,9.3515,1.4346,0.87963,14.598,0
11.064,9.4395,1.3794,0.90265,14.765,0
11.064,9.5297,0,0.92381,14.923,0
11.343,9.6221,1.361,0.94469,15.095,0
11.473,9.7166,1.3958,0.95787,15.263,0
11.609,9.8124,1.35,0.97392,15.435,0
11.737,9.9098,1.3,0.98402,15.613,0
11.737,10.008,0,0.9955,15.79,0
11.997,10.108,1.3946,1.0056,15.989,0
11.997,10.208,0,1.0173,16.173,0
12.259,10.31,1.2796,1.0259,16.391,0
12.259,10.413,0,1.0285,16.58,0
12.504,10.515,1.0371,1.0343,16.783,0
12.613,10.619,0.99991,1.0312,16.98,0
12.721,10.722,1.0323,1.0272,17.17,0
12.819,10.825,1.0199,1.0185,17.362,0
12.819,10.927,0,1.0107,17.556,0
13.023,11.028,0.9003,1.0083,17.766,0
13.023,11.128,0,0.99938,17.961,0
13.183,11.228,0.63066,0.97697,18.15,0
13.238,11.326,0.54517,0.95048,18.337,0
13.238,11.421,0,0.93036,18.524,0
13.345,11.514,0.45658,0.90201,18.724,0
13.345,11.604,0,0.8744,18.902,0
13.421,11.692,0.28908,0.84449,19.08,0
13.421,11.776,0,0.81017,19.249,0
13.464,11.857,0.1502,0.77914,19.429,0
13.464,11.935,0,0.74532,19.586,0
13.493,12.01,0.1331,0.71355,19.723,0
13.497,12.081,0.20476,0.67879,19.873,0
13.497,12.149,0,0.65232,20.011,0
13.497,12.214,0,0.63322,20.143,0
13.497,12.278,0,0.61778,20.268,0
13.497,12.339,0,0.60592,20.387,0
13.67,12.4,0.77571,0.60064,20.542,0
13.755,12.46,1.0356,0.61107,20.675,0
13.864,12.521,1.3416,0.63203,20.814,0
13.864,12.584,0,0.6592,20.945,0
13.864,12.65,0,0.7054,21.069,0
13.864,12.721,0,0.75333,21.187,0
13.864,12.796,0,0.80878,21.298,0
14.745,12.877,2.1976,0.86821,21.623,2.6995
14.972,12.964,2.1105,0.92982,21.807,2.1705
14.972,13.057,0,0.98465,22.004,0
14.972,13.155,0,1.0321,22.19,0
15.603,13.258,1.8998,1.0733,22.465,0.96936
15.801,13.366,2.0136,1.1105,22.699,1.4623
16.009,13.477,2.1719,1.1494,22.94,2.2182
16.22,13.592,2.2284,1.1881,23.202,2.4815
16.22,13.711,0,1.2331,23.459,0
16.22,13.834,0,1.2725,23.703,0
16.22,13.961,0,1.3037,23.936,0
16.22,14.091,0,1.3261,24.155,0
17.261,14.224,1.5908,1.342,24.628,0
17.261,14.358,0,1.3464,24.925,0
17.55,14.493,1.1938,1.338,25.24,0
17.55,14.627,0,1.3242,25.539,0
17.55,14.759,0,1.3094,25.824,0
17.875,14.89,0.98091,1.2886,26.148,0
17.967,15.019,1.1125,1.2676,26.453,0
17.967,15.146,0,1.2549,26.741,0
18.202,15.271,1.3171,1.2498,27.036,0
18.344,15.396,1.3323,1.252,27.337,0
18.344,15.521,0,1.2473,27.626,0
18.597,15.646,0.96623,1.2438,27.933,0
18.695,15.77,0.73626,1.2278,28.224,0
18.695,15.893,0,1.2033,28.511,0
18.695,16.014,0,1.1706,28.785,0
18.695,16.131,0,1.1393,29.047,0
18.927,16.245,0.52562,1.1095,29.343,0
18.927,16.356,0,1.0801,29.605,0
18.927,16.464,0,1.0555,29.857,0
18.927,16.569,0,1.0332,30.098,0
18.927,16.672,0,1.0146,30.329,0
19.218,16.774,0.65309,0.99589,30.638,0
19.279,16.873,0.7151,0.97738,30.884,0
19.279,16.971,0,0.96161,31.12,0
19.428,17.067,0.93384,0.95407,31.365,0
19.428,17.163,0,0.94777,31.597,0
19.621,17.258,1.1613,0.95055,31.843,0
19.739,17.353,1.2174,0.95731,32.083,0
19.739,17.448,0,0.9682,32.317,0
19.982,17.545,1.1849,0.97275,32.569,0
20.105,17.642,1.1307,0.98042,32.816,0
20.227,17.74,1.0123,0.98718,33.055,0
20.227,17.839,0,0.98874,33.299,0
20.227,17.938,0,0.98311,33.533,0
20.526,18.036,1.054,0.98042,33.793,0
20.526,18.134,0,0.98253,34.037,0
20.749,18.233,1.138,0.98596,34.285,0
20.858,18.331,1.112,0.98766,34.537,0
20.858,18.43,0,0.99208,34.785,0
20.858,18.529,0,0.99372,35.023,0
21.191,18.629,0.88525,0.99388,35.301,0
21.191,18.728,0,0.98993,35.553,0
21.191,18.827,0,0.97978,35.794,0
21.191,18.925,0,0.96886,36.025,0
21.515,19.022,0.69328,0.95779,36.315,0
21.515,19.118,0,0.94313,36.56,0
21.63,19.212,0.53704,0.9247,36.799,0
21.63,19.304,0,0.90857,37.036,0
21.735,19.395,0.38873,0.89077,37.273,0
21.768,19.484,0.41619,0.86741,37.507,0
21.819,19.571,0.47497,0.85214,37.729,0
21.819,19.656,0,0.83299,37.95,0
21.906,19.74,0.50959,0.81794,38.166,0
21.967,19.821,0.56952,0.80811,38.372,0
22.016,19.902,0.55061,0.79475,38.579,0
22.016,19.982,0,0.78313,38.786,0
22.11,20.06,0.51551,0.76812,39.005,0
22.11,20.137,0,0.75724,39.206,0
22.11,20.213,0,0.74751,39.4,0
22.266,20.287,0.4699,0.73772,39.612,0
22.266,20.361,0,0.72879,39.806,0
22.266,20.434,0,0.71837,39.993,0
22.266,20.506,0,0.70462,40.173,0
22.431,20.576,0.23481,0.68675,40.373,0
22.461,20.645,0.24772,0.67152,40.557,0
22.461,20.712,0,0.65525,40.735,0
22.461,20.778,0,0.64218,40.906,0
22.544,20.842,0.20936,0.62661,41.089,0
22.561,20.904,0.20689,0.60872,41.248,0
22.591,20.965,0.17714,0.59668,41.414,0
22.616,21.025,0.16537,0.58332,41.58,0
22.616,21.083,0,0.56773,41.736,0
22.666,21.14,0.2594,0.55797,41.883,0
22.695,21.196,0.26495,0.54749,42.037,0
22.72,21.251,0.32732,0.53631,42.19,0
22.756,21.304,0.32114,0.5292,42.34,0
22.795,21.357,0.234,0.52364,42.487,0
22.795,21.41,0,0.51448,42.628,0
22.855,21.461,0.36623,0.50659,42.769,0
22.855,21.512,0,0.49826,42.906,0
22.855,21.562,0,0.48707,43.038,0
22.925,21.61,0.37177,0.47631,43.186,0
22.97,21.658,0.37076,0.47488,43.325,0
23.014,21.705,0.31857,0.47341,43.458,0
23.014,21.753,0,0.46503,43.586,0
23.082,21.799,0.3342,0.46276,43.705,0
23.113,21.845,0.23801,0.45698,43.824,0
23.113,21.891,0,0.44933,43.949,0
23.161,21.936,0.18611,0.4406,44.059,0
23.179,21.98,0.19211,0.43082,44.176,0
23.199,22.023,0.12934,0.42199,44.293,0
23.217,22.065,0.13623,0.41298,44.409,0
23.237,22.107,0.2223,0.40496,44.533,0
23.252,22.147,0.25368,0.39559,44.638,0
23.252,22.187,0,0.38878,44.746,0
23.252,22.226,0,0.38784,44.851,0
23.252,22.264,0,0.38211,44.952,0
23.362,22.303,0.28236,0.37831,45.071,0
23.381,22.34,0.19869,0.37107,45.174,0
23.401,22.378,0.11379,0.36474,45.284,0
23.421,22.414,0.13174,0.35854,45.376,0
23.434,22.45,0.20313,0.35044,45.48,0
23.434,22.485,0,0.34177,45.576,0
23.434,22.519,0,0.333,45.669,0
23.434,22.552,0,0.32814,45.759,0
23.501,22.585,0.25099,0.32517,45.845,0
23.531,22.618,0.19927,0.32403,45.942,0
23.531,22.65,0,0.31835,46.032,0
23.531,22.682,0,0.31311,46.119,0
23.602,22.713,0.40816,0.31487,46.229,0
23.602,22.745,0,0.31589,46.316,0
23.682,22.776,0.40533,0.32029,46.403,0
23.722,22.808,0.38083,0.32286,46.501,0
23.765,22.841,0.30591,0.32656,46.594,0
23.799,22.873,0.30117,0.32703,46.695,0
23.836,22.906,0.32482,0.32824,46.793,0
23.836,22.939,0,0.32538,46.885,0
23.891,22.971,0.35475,0.32413,46.972,0
23.917,23.004,0.29893,0.32157,47.064,0
23.947,23.036,0.30926,0.32065,47.157,0
23.983,23.068,0.37749,0.32189,47.25,0
24.023,23.1,0.37175,0.32462,47.334,0
24.023,23.133,0,0.32334,47.425,0
24.097,23.165,0.34993,0.32722,47.524,0
24.123,23.198,0.30451,0.3247,47.623,0
24.145,23.23,0.19941,0.3208,47.716,0
24.171,23.262,0.13369,0.31878,47.813,0
24.191,23.294,0.19316,0.31433,47.911,0
24.217,23.326,0.26604,0.31212,48.004,0
24.253,23.357,0.29032,0.31369,48.089,0
24.253,23.388,0,0.31595,48.177,0
24.326,23.42,0.33583,0.31672,48.265,0
24.363,23.451,0.31753,0.31843,48.36,0
24.363,23.483,0,0.31686,48.449,0
