0,0,0.52716,0,35.5,0
0,0,0,7.8,35.5,59.103
0,0.78,0,7.8,35.461,63.94
0,1.56,0,7.8,35.344,68.834
0,2.34,0,7.8,35.149,73.779
0.16281,3.12,0.11817,7.8,34.924,92.732
0.16961,3.9,-0.063409,7.8,34.583,102.3
0.16961,4.68,0,7.8,34.171,106.53
0.16961,5.46,0,7.8,33.681,112.21
0.093658,6.24,-0.58966,6.7,33.093,95.4
0.044513,6.91,-0.78318,6.7,32.443,97.527
-0.036219,7.58,-0.85184,6.7,31.712,99.21
-0.11301,8.25,-0.83617,-0.44051,30.903,85.704
-0.1909,8.2059,-0.81667,-0.46036,30.057,85.691
-0.27081,8.1599,-0.76918,-0.48124,29.223,85.617
-0.34684,8.1118,-0.75967,-0.50346,28.381,85.607
-0.42245,8.0614,-0.76685,-0.52753,27.527,85.624
-0.49886,8.0087,-0.85606,-0.55342,26.67,85.805
-0.58409,7.9533,-1.0414,-0.58146,25.82,86.197
-0.67918,7.8952,-1.2487,-0.61227,24.97,86.644
-0.80779,7.834,-1.4292,-0.64844,24.108,87.085
-0.95822,7.7691,-1.5797,-0.68902,23.25,87.492
-1.1126,7.7002,-1.6029,-0.7343,22.371,87.62
-1.2827,7.6268,-1.4021,-0.78576,21.479,87.288
-1.2827,7.5482,0,-0.83876,20.592,84.07
-1.5226,7.4643,-0.78936,-0.89372,19.692,85.933
-1.5993,7.375,-0.53114,-0.95073,18.802,85.244
-1.6559,7.2799,-0.57633,-1.0118,17.906,85.132
-1.6559,7.1787,0,-1.0783,17.018,83.574
-1.7893,7.0709,-0.72033,-1.1553,16.128,84.978
-1.8665,6.9554,-0.6192,-1.2395,15.249,84.51
-1.8665,6.8314,0,-1.3318,14.373,82.761
-1.9473,6.6982,0.40083,-1.4259,13.5,81.614
-1.908,6.5556,0.99126,-1.5184,12.65,79.806
-1.908,6.4038,0,-1.6082,11.811,81.389
-1.908,6.243,0,-1.6931,10.988,80.881
-1.5205,6.0737,1.4658,-1.7762,10.247,76.485
-1.5205,5.896,0,-1.8672,9.496,79.009
-1.256,5.7093,1.0382,-1.9653,8.7824,75.697
-1.1557,5.5128,0.92405,-2.0737,8.0921,75.1
-1.1557,5.3054,0,-8.8,7.4356,62.483
-1.1557,4.4254,0,-8.8,6.8335,60.679
-1.1557,3.5454,0,-8.8,6.3194,58.875
-0.85037,2.6654,0.40213,-8.8,5.9609,55.6
-0.812,1.7854,0.16817,-8.8,5.6458,54.209
-0.812,0.90543,0,-8.8,5.43,52.759
-0.80295,0.025425,-0.18995,-0.18995,5.3077,69.427
-0.82124,0.0064301,-0.27562,-0.27562,5.2292,69.426
-0.82124,0,0,-0.23905,5.1478,68.91
-0.82124,0,0,-0.23642,5.0668,68.916
-0.82124,0,0,-8.8,4.9859,50.921
-0.82124,0,0,-8.8,4.9478,50.921
-0.93038,0,0.046722,-8.8,4.8813,51.047
-0.9333,0,0.17828,-8.8,4.8389,50.776
-0.91674,0,0.38309,-8.8,4.7838,50.312
-0.88445,0,0.48411,-8.8,4.7447,50.034
-0.83188,0,0.49709,-8.8,4.6974,49.899
-0.78629,0,0.56031,-8.8,4.6553,49.672
-0.73625,0,0.53875,-8.8,4.6334,49.615
-0.692,0,0.50255,-8.8,4.6077,49.6
-0.692,0,0,-8.8,4.5825,50.656
-0.60615,0,0.46389,-8.8,4.5627,49.506
-0.60615,0,0,-8.8,4.5461,50.48
-0.60615,0,0,-8.8,4.5295,50.48
-0.49658,0,0.095052,-8.8,4.5413,50.056
-0.49658,0,0,-8.8,4.5356,50.256
-0.48046,0,-0.11505,-8.8,4.5217,50.465
-0.50029,0,-0.091958,-8.8,4.5128,50.457
-0.51241,0,0.19186,-8.8,4.5054,49.885
-0.48668,0,0.43646,-8.8,4.5014,49.318
-0.48668,0,0,-8.8,4.4967,50.236
-0.38179,0,1.1927,-8.8,4.4922,47.514
-0.25906,0,1.5973,-8.8,4.509,46.413
-0.10381,0,1.7925,-8.8,4.5277,45.684
0.072787,0,2.0345,-8.8,4.5676,0
0.28042,0,2.0902,-8.8,4.6374,0
0.28042,0,0,-8.8,4.7095,0
0.68648,0,1.8905,-8.8,4.8368,0
0.68648,0,0,-8.8,4.9495,0
1.0283,0,1.3297,1.3297,5.0948,0
1.1708,0.13297,1.0493,1.0493,5.1918,0
1.1708,0.23791,0,0.84964,5.2903,0.2346
1.3681,0.32287,0.67372,0.67372,5.3932,0
1.443,0.39024,0.58465,0.58465,5.4903,0
1.443,0.44871,0,0.46893,5.5926,0
1.548,0.4956,0.40677,0.40677,5.7083,0
1.5952,0.53628,0.3755,0.3755,5.8071,0
1.6301,0.57383,0.2369,0.2369,5.906,0
1.6479,0.59752,0.021538,0.021538,6.0065,0
1.6415,0.59967,-0.12384,-0.12384,6.1137,0
1.6291,0.58729,-0.20622,-0.20622,6.2199,0
1.6171,0.56666,-0.27177,-0.27177,6.3295,0
1.6171,0.53949,0,-0.3301,6.4359,0
1.5629,0.50648,-0.32069,-0.32069,6.5397,0
1.5305,0.47441,-0.26494,-0.26494,6.6378,0
1.5305,0.44791,0,-0.26401,6.7448,0
1.4764,0.42151,-0.33179,-0.33179,6.8427,0
1.4471,0.38833,-0.30237,-0.30237,6.9541,0
1.4471,0.3581,0,-0.24572,7.0615,0
1.3929,0.33353,-0.28124,-0.28124,7.1659,0
1.371,0.3054,-0.30784,-0.30784,7.2728,0
1.3441,0.27462,-0.2701,-0.2701,7.3744,0
1.3441,0.24761,0,-0.27993,7.4827,0
1.2819,0.21962,-0.3046,-0.3046,7.5805,0
1.2494,0.18916,-0.27672,-0.27672,7.679,0
1.2494,0.16148,0,-0.27286,7.7864,0
1.2037,0.1342,-0.29461,-0.29461,7.898,0
1.1773,0.10474,-0.27807,-0.27807,8.0111,0
1.1449,0.07693,-0.2752,-0.2752,8.1091,0
1.1254,0.04941,-0.29562,-0.29562,8.2193,0
1.1049,0.019847,-0.29116,-0.29116,8.3353,0
1.0661,0,-0.28754,-0.28754,8.4358,0
1.0377,0,-0.30226,-0.30226,8.5442,0
1.0174,0,-0.29247,-0.29247,8.653,0
0.99514,0,-0.28547,-0.28547,8.7472,0
0.95694,0,-0.29574,-0.29574,8.8385,0
0.92609,0,-0.28955,-0.28955,8.926,0
0.89925,0,-0.28493,-0.28493,9.0165,0
0.88034,0,-0.29198,-0.29198,9.1069,0
0.85582,0,-0.28618,-0.28618,9.1949,0
0.82318,0,-0.2809,-0.2809,9.2714,0
0.79402,0,-0.28848,-0.28848,9.3612,0
0.7577,0,-0.28249,-0.28249,9.4334,0
0.7258,0,-0.27921,-0.27921,9.5043,0
0.7258,0,0,-0.28659,9.5783,0
0.7258,0,0,-0.28214,9.6523,0
0.6472,0,-0.27908,-0.27908,9.7098,0
0.61159,0,-0.28258,-0.28258,9.7704,0
0.58319,0,-0.28029,-0.28029,9.833,0
0.58319,0,0,-0.27765,9.8927,0
0.58319,0,0,-0.28185,9.9524,0
0.51155,0,-0.27919,-0.27919,10.007,0
0.51155,0,0,-0.27925,10.06,0
0.45266,0,-0.28224,-0.28224,10.102,0
0.42659,0,-0.28066,-0.28066,10.153,0
0.38922,0,-0.28209,-0.28209,10.202,0
0.38922,0,0,-0.28516,10.243,0
0.38922,0,0,-0.28316,10.283,0
0.30445,0,-0.28368,-0.28368,10.309,0
0.27191,0,-0.28658,-0.28658,10.344,0
0.27191,0,0,-0.28302,10.373,0
0.27191,0,0,-0.28149,10.401,0
0.19074,0,-0.28583,-0.28583,10.418,0
0.16969,0,-0.28497,-0.28497,10.439,0
0.16969,0,0,-0.28456,10.457,0
0.10697,0,-0.28765,-0.28765,10.468,0
0.079373,0,-0.28921,-0.28921,10.475,0
0.053127,0,-0.28792,-0.28792,10.475,0
0.028821,0,-0.28928,-0.28928,10.476,0
0.028821,0,0,-0.28825,10.48,0
-0.027964,0,-0.28763,-0.28763,10.471,0.057825
-0.058252,0,-0.28756,-0.28756,10.47,0.11992
-0.085811,0,-0.28777,-0.28777,10.467,0.17641
-0.085811,0,0,-0.28503,10.46,0
-0.13842,0,-0.28686,-0.28686,10.452,0.28427
-0.17383,0,-0.28803,-0.28803,10.448,0.35685
-0.19717,0,-0.28656,-0.28656,10.426,0.40471
-0.23566,0,-0.28686,-0.28686,10.407,0.4836
-0.23566,0,0,-0.28794,10.385,0
-0.23566,0,0,-0.28956,10.362,0
-0.31222,0,-0.28874,-0.28874,10.317,0.64054
-0.34441,0,-0.30189,-0.30189,10.285,0.70654
-0.34441,0,0,-0.31892,10.252,0.036417
-0.34441,0,0,-0.34864,10.22,0
-0.43512,0,-0.37345,-0.37345,10.181,0.89249
-0.48169,0,-0.39451,-0.39451,10.143,0.98797
-0.51614,0,-0.40765,-0.40765,10.099,1.0586
-0.54776,0,-0.41719,-0.41719,10.045,1.1234
-0.58787,0,-0.41208,-0.41208,9.9928,1.2056
-0.63435,0,-0.4256,-0.4256,9.9281,1.3009
-0.63435,0,0,-0.4811,9.8668,0.29
-0.63435,0,0,-0.55306,9.8057,0.1388
-0.79105,0,-0.65102,-0.65102,9.7183,1.6221
-0.79105,0,0,-0.76856,9.6425,0.0072109
-0.79105,0,0,-0.88807,9.5672,0
-1.031,0,-0.96131,-0.96131,9.4646,2.114
-1.031,0,0,-0.98269,9.3663,0.049167
-1.031,0,0,-1.0069,9.2682,0
-1.3176,0,-1.081,-1.081,9.1182,2.7015
-1.3176,0,0,-1.1594,8.9919,0.26539
-1.3176,0,0,-1.2223,8.8659,0.13325
-1.6619,0,-1.3066,-1.3066,8.6948,3.4074
-1.7866,0,-1.3349,-1.3349,8.5343,3.6629
-1.9247,0,-1.2702,-1.2702,8.3543,3.946
-1.9247,0,0,-1.1613,8.1681,1.5059
-2.1777,0,-1.0655,-1.0655,7.9537,4.4648
-2.2937,0,-0.95819,-0.95819,7.7356,4.7027
-2.2937,0,0,-0.85348,7.511,2.9093
-2.4803,0,-0.77912,-0.77912,7.2787,5.0851
-2.5507,0,-0.74715,-0.74715,7.0283,5.2294
-2.6349,0,-0.7153,-0.7153,6.7783,5.402
-2.6349,0,0,-0.71287,6.5184,3.9041
-2.78,0,-0.65422,-0.65422,6.2514,5.6996
-2.8523,0,-0.61839,-0.61839,5.9799,5.8476
-2.9102,0,-0.59942,-0.59942,5.7024,5.9665
-2.962,0,-0.62286,-0.62286,5.4091,6.0726
-3.0246,0,-0.61034,-0.61034,5.1196,6.201
-3.0908,0,-0.69928,-8.8,4.8101,0
-3.0908,0,0,-8.8,4.545,0
-3.221,0,-0.78295,-8.8,4.2742,0
-3.221,0,0,-8.8,3.9961,0
-3.221,0,0,-8.8,3.718,0
-3.4955,0,-0.99625,-8.8,3.395,0
-3.5929,0,-1.0552,-8.8,3.0789,0
-3.5929,0,0,-8.8,2.7636,0
-3.5929,0,0,-8.8,2.4483,0
-3.9327,0,-1.1442,-8.8,2.0931,0
-4.0546,0,-1.1439,-8.8,1.7283,0
-4.0546,0,0,-8.8,1.3668,0
-4.295,0,-1.2406,-10.733,0.97163,0
-4.4149,0,-1.391,-17.743,0.596,0
-4.5493,0,-1.233,-45.216,0.23527,0
