15.556,15.556,0.35663,0,35.5,0
15.585,15.556,0.25593,0.015275,35.511,0
15.585,15.557,0,0.033025,35.513,0.014071
15.641,15.56,0.14517,0.0426,35.534,0
15.659,15.565,0.12418,0.049487,35.552,0
15.665,15.57,0.13301,0.050435,35.554,0
15.686,15.575,0.1251,0.058594,35.565,0
15.7,15.58,0.10965,0.062822,35.567,0
15.719,15.587,0.06422,0.069787,35.57,0
15.72,15.594,-0.013201,0.06623,35.582,0
15.72,15.6,0,0.059298,35.594,0
15.698,15.606,-0.19745,0.048197,35.61,0.43313
15.698,15.611,0,0.035046,35.619,0
15.698,15.615,0,0.021498,35.627,0
15.614,15.617,-0.32214,-0.00024019,35.613,0.96032
15.591,15.617,-0.33366,-0.0021232,35.616,1.0638
15.591,15.617,0,-0.0052698,35.614,0.041044
15.591,15.616,0,-0.0077024,35.611,0.034774
15.591,15.615,0,-0.011335,35.609,0.025514
15.437,15.614,-0.45185,-0.014718,35.579,2.0154
15.39,15.613,-0.45944,-0.018535,35.556,2.1895
15.344,15.611,-0.47468,-0.022261,35.53,2.4042
15.291,15.609,-0.48394,-0.026462,35.496,2.6082
15.291,15.606,0,-0.030904,35.464,0.61659
15.291,15.603,0,-0.033452,35.433,0.60253
15.291,15.599,0,-0.035057,35.402,0.59047
15.291,15.596,0,-0.036556,35.371,0.57836
15.291,15.592,0,-0.036856,35.341,0.56911
15.291,15.589,0,-0.037386,35.311,0.55921
15.141,15.585,-0.10008,-0.037553,35.184,1.2344
15.133,15.581,-0.099814,-0.037949,35.131,1.2421
15.133,15.577,0,-0.03886,35.086,0.90563
15.107,15.573,-0.13182,-0.039649,35.038,1.4022
15.087,15.569,-0.17241,-0.041083,34.992,1.5986
15.087,15.565,0,-0.042345,34.944,0.97925
15.042,15.561,-0.27872,-0.044381,34.893,2.1554
15.023,15.557,-0.31047,-0.045819,34.83,2.35
14.992,15.552,-0.33621,-0.048126,34.782,2.553
14.952,15.547,-0.3683,-0.051278,34.718,2.8245
14.914,15.542,-0.36748,-0.054253,34.666,2.9204
14.877,15.537,-0.36719,-0.057127,34.609,3.0151
14.877,15.531,0,-0.059956,34.543,1.3755
14.798,15.525,-0.39706,-0.063297,34.473,3.3904
14.762,15.519,-0.44372,-0.0661,34.407,3.7644
14.762,15.512,0,-0.07033,34.331,1.5983
14.762,15.505,0,-0.074323,34.257,1.5655
14.762,15.498,0,-0.07773,34.183,1.5338
14.565,15.49,-0.41811,-0.081878,34.064,4.1487
14.522,15.482,-0.37152,-0.085307,33.969,3.9731
14.486,15.473,-0.36131,-0.088174,33.864,3.9988
14.486,15.464,0,-0.090719,33.766,2.1624
14.486,15.455,0,-0.094333,33.669,2.1224
14.372,15.446,-0.39534,-0.097151,33.562,4.4878
14.338,15.436,-0.43553,-0.099802,33.453,4.8302
14.338,15.426,0,-0.10278,33.344,2.4367
14.338,15.416,0,-0.10712,33.236,2.3889
14.194,15.405,-0.50621,-0.11171,33.12,5.7155
14.142,15.394,-0.51818,-0.11613,32.989,5.9474
14.094,15.382,-0.52918,-0.12012,32.866,6.158
14.041,15.37,-0.55123,-0.12468,32.741,6.4784
14.041,15.358,0,-0.12903,32.609,3.0282
13.936,15.345,-0.53528,-0.13371,32.475,6.6382
13.892,15.332,-0.5123,-0.13745,32.333,6.5643
13.847,15.318,-0.4446,-0.14143,32.177,6.1566
13.847,15.304,0,-0.14482,32.031,3.4026
13.847,15.289,0,-0.14808,31.886,3.3414
13.847,15.274,0,-0.15262,31.742,3.2739
13.662,15.259,-0.53246,-0.15788,31.56,7.2755
13.662,15.243,0,-0.16357,31.402,3.7228
13.662,15.227,0,-0.168,31.244,3.6484
13.493,15.21,-0.48604,-0.17364,31.063,7.3197
13.437,15.193,-0.47368,-0.17905,30.885,7.3545
13.437,15.175,0,-0.18364,30.71,4.1519
13.437,15.157,0,-0.18855,30.537,4.066
13.437,15.138,0,-0.19349,30.366,3.9791
13.248,15.118,-0.47714,-0.19733,30.153,7.7606
13.248,15.099,0,-0.20166,29.967,4.4475
13.157,15.078,-0.45757,-0.20657,29.765,7.7654
13.157,15.058,0,-0.21179,29.574,4.5726
13.157,15.037,0,-0.21581,29.385,4.4791
13.157,15.015,0,-0.21929,29.198,4.3876
12.994,14.993,-0.40184,-0.22345,28.962,7.5425
12.994,14.971,0,-0.22665,28.763,4.7624
12.915,14.948,-0.39724,-0.23172,28.56,7.595
12.88,14.925,-0.41158,-0.23553,28.351,7.7353
12.829,14.901,-0.41544,-0.24106,28.154,7.8493
12.797,14.877,-0.42136,-0.24459,27.941,7.9066
12.797,14.853,0,-0.24918,27.734,4.9238
12.797,14.828,0,-0.25399,27.53,4.8113
12.797,14.803,0,-0.25919,27.328,4.6962
12.632,14.777,-0.36653,-0.26371,27.07,7.6202
12.632,14.75,0,-0.26769,26.857,5.0486
12.565,14.723,-0.33433,-0.27148,26.646,7.3842
12.565,14.696,0,-0.27615,26.432,5.0547
12.493,14.669,-0.2525,-0.28007,26.204,6.7966
12.493,14.641,0,-0.2817,25.988,5.081
12.462,14.613,-0.18922,-0.2834,25.773,6.2423
12.462,14.584,0,-0.28498,25.559,4.9755
12.462,14.556,0,-0.28781,25.348,4.8607
12.421,14.527,-0.034165,-0.28753,25.124,5.0938
12.421,14.498,0,-0.28782,24.915,4.8008
12.427,14.469,0.05979,-0.28563,24.699,4.38
12.441,14.441,0.11058,-0.28284,24.502,4.0064
12.461,14.413,0.10565,-0.27912,24.306,3.8915
12.461,14.385,0,-0.27745,24.112,4.3264
12.461,14.357,0,-0.27565,23.921,4.2414
12.487,14.329,0.10793,-0.27217,23.741,3.5665
12.487,14.302,0,-0.26938,23.558,4.0001
12.487,14.275,0,-0.26516,23.378,3.9308
12.529,14.249,0.21375,-0.26215,23.208,2.812
12.529,14.222,0,-0.2565,23.037,3.6618
12.58,14.197,0.21465,-0.25175,22.86,2.5629
12.592,14.172,0.16899,-0.24829,22.696,2.636
12.604,14.147,0.12934,-0.24487,22.545,2.6969
12.615,14.122,0.11684,-0.24143,22.392,2.6557
12.628,14.098,0.11617,-0.23776,22.237,2.5669
12.642,14.074,0.15815,-0.23376,22.093,2.3246
12.656,14.051,0.22096,-0.22954,21.96,2.0316
12.656,14.028,0,-0.22367,21.821,2.8006
12.704,14.006,0.22498,-0.21754,21.707,1.822
12.704,13.984,0,-0.21033,21.578,2.5794
12.704,13.963,0,-0.2032,21.451,2.5456
12.704,13.943,0,-0.19849,21.326,2.5043
12.792,13.923,0.20964,-0.19486,21.217,1.5161
12.808,13.903,0.17055,-0.19021,21.104,1.5562
12.808,13.884,0,-0.18697,20.995,2.0821
12.816,13.866,0.041185,-0.18499,20.883,1.8686
12.822,13.847,0.026651,-0.18172,20.786,1.8633
12.822,13.829,0,-0.17918,20.684,1.9175
12.824,13.811,-0.048967,-0.17729,20.579,2.0495
12.824,13.793,0,-0.17646,20.482,1.8228
12.824,13.776,-0.11504,-0.17307,20.392,2.2261
12.815,13.758,-0.22005,-0.17263,20.305,2.6669
12.787,13.741,-0.27212,-0.17552,20.216,2.9398
12.761,13.723,-0.23585,-0.17827,20.121,2.7777
12.732,13.706,-0.24948,-0.18169,20.018,2.866
12.698,13.687,-0.24862,-0.18584,19.92,2.8939
12.698,13.669,0,-0.18681,19.822,1.7931
12.65,13.65,-0.32055,-0.19026,19.727,3.276
12.611,13.631,-0.31109,-0.19559,19.621,3.2695
12.58,13.612,-0.24017,-0.19926,19.518,2.93
12.556,13.592,-0.23574,-0.20135,19.412,2.9089
12.556,13.572,0,-0.20192,19.31,1.8603
12.556,13.551,0,-0.20622,19.209,1.7912
12.556,13.531,0,-0.21067,19.111,1.7213
12.425,13.51,-0.57053,-0.21726,18.991,4.9833
12.368,13.488,-0.48489,-0.22632,18.877,4.4934
12.368,13.465,0,-0.23183,18.766,1.9813
12.294,13.442,-0.3347,-0.23565,18.654,3.6415
12.265,13.419,-0.29168,-0.23878,18.534,3.4102
12.245,13.395,-0.35911,-0.23996,18.42,3.7609
12.245,13.371,0,-0.24642,18.306,2.0059
12.162,13.346,-0.52441,-0.25138,18.19,4.8562
12.107,13.321,-0.56332,-0.26009,18.066,5.192
12.107,13.295,0,-0.27027,17.946,2.0927
11.99,13.268,-0.55997,-0.27887,17.823,5.3136
11.99,13.24,0,-0.2889,17.697,2.1989
11.875,13.211,-0.58293,-0.29752,17.555,5.6001
11.816,13.181,-0.56433,-0.30699,17.429,5.5271
11.764,13.151,-0.52358,-0.31512,17.286,5.2725
11.71,13.119,-0.55307,-0.32343,17.154,5.5189
11.71,13.087,0,-0.3315,17.014,2.3962
11.599,13.054,-0.55685,-0.34164,16.866,5.6209
11.599,13.019,0,-0.34921,16.722,2.4561
11.599,12.985,0,-0.35705,16.582,2.3306
11.448,12.949,-0.50784,-0.36458,16.435,5.3194
11.388,12.912,-0.4707,-0.37486,16.283,5.0998
11.332,12.875,-0.43331,-0.38428,16.128,4.8746
11.29,12.836,-0.45652,-0.3899,15.979,5.0057
11.29,12.797,0,-0.39622,15.826,2.5282
11.206,12.758,-0.46786,-0.40166,15.666,5.0328
11.206,12.718,0,-0.40995,15.513,2.4912
11.104,12.677,-0.47378,-0.41744,15.36,5.0569
11.104,12.635,0,-0.4277,15.205,2.479
11.009,12.592,-0.44374,-0.43223,15.033,4.8176
10.963,12.549,-0.47989,-0.43873,14.881,5.0232
10.925,12.505,-0.48996,-0.44375,14.716,5.0393
10.882,12.461,-0.47383,-0.44952,14.559,4.8955
10.839,12.416,-0.46525,-0.45496,14.408,4.8019
10.839,12.37,0,-0.46129,14.253,2.3645
10.74,12.324,-0.45121,-0.47019,14.092,4.6535
10.691,12.277,-0.48009,-0.47787,13.933,4.8003
10.652,12.229,-0.48827,-0.48197,13.775,4.7916
10.652,12.181,0,-0.48891,13.62,2.2639
10.547,12.132,-0.4648,-0.49859,13.466,4.5817
10.547,12.082,0,-0.50253,13.31,2.2363
10.46,12.032,-0.44183,-0.50897,13.16,4.3369
10.408,11.981,-0.44105,-0.5167,13.011,4.2951
10.371,11.93,-0.43794,-0.5196,12.859,4.2093
10.371,11.878,0,-0.52371,12.705,2.0959
10.282,11.825,-0.46298,-0.53008,12.553,4.2415
10.282,11.772,0,-0.53522,12.402,2.0183
10.282,11.719,0,-0.53855,12.255,1.8768
10.159,11.665,-0.50105,-0.54235,12.09,4.2633
10.107,11.611,-0.48387,-0.55044,11.934,4.1099
10.061,11.556,-0.4678,-0.55642,11.78,3.9562
10.007,11.5,-0.46263,-0.56409,11.638,3.8817
10.007,11.443,0,-0.57247,11.491,1.7833
10.007,11.386,0,-0.57457,11.351,1.645
9.8697,11.329,-0.46006,-0.5788,11.187,3.672
9.8697,11.271,0,-0.58211,11.044,1.6746
9.7849,11.213,-0.55757,-0.58551,10.891,4.0774
9.728,11.154,-0.64564,-0.59514,10.739,4.5638
9.6714,11.095,-0.73767,-0.60289,10.605,5.1309
9.6714,11.034,0,-5.2,10.466,1226.7
9.5111,10.514,-0.90486,-0.41773,10.346,5.8567
9.4256,10.473,-0.90003,-5.2,10.235,0
9.3282,9.9526,-0.93468,-0.25307,10.145,5.5745
9.2417,9.9273,-0.93841,-0.27995,10.082,5.69
9.2417,9.8993,0,-0.30568,10.015,0.70618
9.0717,9.8687,-0.83444,-0.33126,9.9364,4.9846
8.9783,9.8356,-0.82086,-5.2,9.8564,0
8.9029,9.3156,-0.76369,-0.16535,9.7826,3.9313
8.8247,9.299,-0.77736,-0.19087,9.7463,4.12
8.8247,9.2799,0,-0.21988,9.6998,0.47124
8.6562,9.258,-0.91025,-0.24557,9.6355,5.3219
8.5742,9.2334,-0.93553,-5.2,9.5816,0
8.4775,8.7134,-0.96791,-0.091754,9.5347,5.2556
8.3772,8.7042,-1.001,-0.12759,9.5106,5.702
8.3772,8.6915,0,-0.1624,9.4785,0.30327
8.3772,8.6752,0,-0.19574,9.4479,0.20617
8.3772,8.6557,0,-0.23103,9.4191,0.10871
8.3772,8.6325,0,-0.26339,9.3924,0.020054
7.8743,8.6062,-0.78676,-5.2,9.2523,398.66
7.799,8.0862,-0.59699,-0.10941,9.1948,2.7067
7.799,8.0753,0,-0.12891,9.1666,0.29557
7.799,8.0624,0,-0.14247,9.1396,0.24107
7.799,8.0481,0,-0.15578,9.114,0.18637
7.6031,8.0326,-0.48475,-0.16695,9.0427,2.3021
7.5509,8.0159,-0.45878,-5.2,9.0038,170.77
7.5509,7.4959,0,0.0087293,8.9833,0
7.5509,7.4967,0,-0.011354,8.9888,0
7.5509,7.4956,0,-0.023751,8.9943,0
7.3813,7.4932,-0.49016,-0.040933,8.9648,1.8669
7.3813,7.4891,0,-0.059946,8.9538,0.095161
7.3813,7.4831,0,-0.075463,8.9433,0.051816
7.3813,7.4756,0,-0.085926,8.9335,0.016728
7.3813,7.467,0,-0.091493,8.9245,0
7.1998,7.4578,-0.10466,-0.095928,8.8501,0.5934
7.1957,7.4483,-0.17212,-0.094243,8.8231,0.78555
7.1706,7.4388,-0.33831,-0.10043,8.7971,1.4099
7.1706,7.4288,0,-0.1108,8.7708,0.297
7.0932,7.4177,-0.3856,-0.12213,8.7541,1.6936
7.0635,7.4055,-0.28694,-0.12914,8.7263,1.3089
7.0313,7.3926,-0.18006,-5.2,8.6945,98.51
7.0313,6.8726,0,0.082282,8.6843,0
7.0313,6.8808,0,0.076612,8.6998,0
7.0313,6.8885,0,0.068452,8.7145,0
7.0048,6.8953,-0.093355,0.06438,8.7233,0.13469
7.0015,6.9017,-0.085635,0.058644,8.7349,0.12187
6.9843,6.9076,-0.02338,0.045024,8.7363,0
6.9731,6.9121,0.082441,0.035808,8.7511,0
6.9731,6.9157,0,0.038175,8.7571,0
7.0033,6.9195,0.20768,0.049227,8.7776,0
7.0154,6.9244,0.21992,0.05341,8.7795,0
7.0294,6.9298,0.20339,0.058502,8.7964,0
7.0543,6.9356,0.18241,0.069632,8.7972,0
7.0717,6.9426,0.17925,0.075645,8.801,0
7.0828,6.9502,0.20059,0.077627,8.8085,0
7.0828,6.9579,0,0.089785,8.8214,0
7.0828,6.9669,0,0.099626,8.8334,0
7.0828,6.9769,0,0.10363,8.8445,0.0072679
7.0828,6.9872,0,0.11332,8.8546,0.053185
7.0828,6.9986,0,0.11784,8.8636,0.089477
7.0828,7.0103,0,0.12251,8.8714,0.12764
7.0828,7.0226,0,0.12909,8.8781,0.1723
7.0828,7.0355,0,0.12891,8.8834,0.20146
7.2726,7.0484,0.26852,0.13032,8.9773,0
7.2726,7.0614,0,0.14096,8.9991,0
7.3306,7.0755,0.25282,0.14809,9.0288,0
7.3306,7.0903,0,0.14926,9.0535,0
7.3714,7.1053,0.24835,0.15415,9.0774,0
7.3714,7.1207,0,0.16439,9.1032,0
7.4248,7.1371,0.33128,0.16643,9.1407,0
7.4493,7.1538,0.26898,0.17082,9.171,0
7.4493,7.1708,0,0.18209,9.1997,0
7.5042,7.189,0.22178,0.18186,9.2376,0
7.5275,7.2072,0.18354,0.18446,9.263,0
7.549,7.2257,0.10917,0.18586,9.2879,0
7.549,7.2443,0,0.17995,9.3193,0
7.5757,7.2623,0.055463,0.17992,9.3606,0
7.5757,7.2802,0,0.17072,9.391,0
7.5757,7.2973,0,0.16112,9.4197,0
7.56,7.3134,-0.1966,0.14096,9.4404,0.3261
7.56,7.3275,0,0.12493,9.4643,0
7.5281,7.34,-0.19103,0.10733,9.4859,0.35194
7.5183,7.3508,-0.18777,0.095553,9.5047,0.35707
7.5183,7.3603,0,0.074597,9.521,0
7.4688,7.3678,-0.139,0.057453,9.5193,0.26146
7.4644,7.3735,-0.10866,0.051664,9.5282,0.18502
7.4644,7.3787,0,0.044887,9.5371,0
7.4644,7.3832,0,0.033833,9.5454,0
7.4644,7.3866,0,0.030658,9.5534,0
7.4644,7.3896,0,0.0228,9.561,0
7.4042,7.3919,-0.20204,0.007018,9.5779,0.52136
7.3811,7.3926,-0.21419,-0.0037077,9.5751,0.58762
7.3811,7.3922,0,-0.0073868,9.574,0.0072307
7.3811,7.3915,0,-0.012271,9.5729,0
7.3811,7.3903,0,-0.017014,9.572,0
7.3148,7.3886,-0.2655,-0.023865,9.5661,0.8613
7.3148,7.3862,0,-0.030168,9.5588,0.0829
7.2542,7.3832,-0.33945,-0.04191,9.5379,1.2345
7.2542,7.379,0,-0.05412,9.5252,0.14213
7.1696,7.3736,-0.35334,-0.066605,9.5035,1.4168
7.1423,7.3669,-0.32869,-0.073521,9.4833,1.348
7.1423,7.3595,0,-0.082385,9.4612,0.27362
7.0763,7.3513,-0.27024,-0.09067,9.4299,1.1982
7.0407,7.3422,-0.31358,-0.099769,9.4023,1.4099
7.0407,7.3323,0,-0.10711,9.3726,0.37582
6.9726,7.3215,-0.35125,-0.11651,9.3324,1.6419
6.942,7.3099,-0.41,-0.12343,9.2957,1.9358
6.942,7.2976,0,-0.13226,9.2596,0.4552
6.863,7.2843,-0.49582,-0.14291,9.2131,2.4488
6.8158,7.27,-1.3193,-0.15514,9.1627,9.4606
6.6753,7.2545,-2.6888,-0.19891,9.1198,40.325
6.4087,7.2346,-4.2802,-0.28651,9.0481,15.178
6.4087,7.206,0,-0.42876,8.967,0.73757
5.4111,7.1631,-7.337,-0.63119,8.7856,20.388
5.4111,7.1,0,-0.90165,8.6135,1.5832
5.4111,7.0098,0,-8.6077,8.4492,24.845
3.0674,6.149,-7.8571,-8.4516,7.9871,5.0682
2.2719,5.3039,-7.6143,-0.98718,7.6733,20.99
2.2719,5.2052,0,-8.8,7.3751,0
2.2719,4.3252,0,-8.8,7.1258,0
0.055912,3.4452,-7.2963,-8.8,6.6368,3.7883
-0.66691,2.5652,-7.146,-0.66309,6.3103,20.248
-1.382,2.4989,-7.008,-8.8,5.9575,4.1901
-2.0852,1.6189,-6.7492,-8.8,5.5775,3.284
-2.7506,0.73886,-6.3674,-8.8,5.2231,2.0419
-3.3934,0,-5.8896,-8.8,4.8875,0.841
-3.9731,0,-5.3708,-8.8,4.554,0.9393
-4.5048,0,-4.2377,-8.8,4.1771,0
-4.5048,0,0,-8.8,3.7706,0
-5.1843,0,-1.5403,-8.8,3.2724,0
-5.3397,0,-0.73915,-8.8,2.7917,0
-5.4233,0,0.074714,-8.8,2.3068,0
-5.4207,0,0.32533,-8.8,1.8024,0
-5.3849,0,-0.045096,-11.158,1.3047,0
-5.3836,0,-0.24023,-18.062,0.81312,0
-5.3836,0,0,-40.96,0.36507,0
-5.424,0,-0.030576,-825.93,0.017811,0
-5.4228,0,-0.12041,-8.8,3.6057,0
-5.4327,0,-0.13504,-8.8,3.1119,0
-5.4374,0,-0.066291,-8.8,2.6071,0
-5.4374,0,0,-8.8,2.1074,0
-5.4463,0,-0.090246,-9.2792,1.614,0
-5.4628,0,-0.087616,-13.477,1.1144,0
-5.4628,0,0,-23.868,0.63554,0
-5.4714,0,-0.077007,-76.578,0.19566,0
-5.4799,0,-0.03733,-444.86,0.033755,0
-5.4799,0,0,-8.8,1.7101,0
-5.48,0,0.081505,-12.488,1.1946,0
-5.48,0,0,-20.911,0.70903,0
-5.4464,0,0.16252,-53.931,0.27418,0
-5.4464,0,0,9.8,1.0011,31.757
-5.4464,0.98,0,-48.886,0.4075,0
-5.3981,0,0.14401,-476.31,0.03058,0
-5.3791,0,0.19431,-8.8,1.8747,0
-5.369,0,0.33046,-10.045,1.3891,0
-5.3291,0,0.56817,-14.975,0.91358,0
-5.2766,0,0.90232,-29.348,0.46021,0
-5.1875,0,1.2773,-165.56,0.080646,0
-5.0681,0,1.6351,-30.833,0.39555,0
-5.0681,0,0,-234.94,0.042908,0
-5.0681,0,0,-12.92,0.7108,0
-4.5191,0,1.9978,-26.855,0.35391,0
-4.3261,0,1.9307,-255.22,0.036389,0
-4.1267,0,1.8273,-8.8,0.89774,0
-3.9388,0,1.742,-12.902,0.52974,0
-3.7653,0,1.6929,-32.87,0.20509,0
-3.5973,0,1.6812,-1763.7,0.0036651,0
-3.4215,0,1.6682,1.6682,8.4661,7.0141
-3.2577,0.16682,1.6676,1.6676,8.1196,7.0204
-3.2577,0.33359,0,1.6345,7.7688,10.797
-2.9262,0.49704,1.6041,1.6041,7.432,7.0176
-2.7754,0.65745,1.599,1.599,7.0918,7.0373
-2.7754,0.81735,0,1.6196,6.7405,10.768
-2.7754,0.9793,0,-0.24168,6.3731,7.1893
-2.2762,0.95514,1.759,-0.24262,6.0784,2.4185
-2.2762,0.93087,0,-0.24169,5.7565,6.0667
-2.2762,0.90671,0,-0.23813,5.437,6.0246
-2.2762,0.88289,0,-8.8,5.1199,0
-2.2762,0.0028925,0,-8.8,4.848,0
-1.3737,0,1.7776,-8.8,4.8909,0
-1.1902,0,1.7513,-8.8,4.8049,0
-1.0137,0,1.7475,-8.8,4.7462,0
-0.84656,0,1.8,-8.8,4.6923,0
-0.66652,0,1.8329,-8.8,4.6556,0
-0.49214,0,1.8415,-8.8,4.6371,0
-0.30367,0,1.9063,-8.8,4.6321,0
-0.30367,0,0,-8.8,4.6457,0
0.060996,0,1.7872,-8.8,4.694,0
0.24587,0,1.7535,-8.8,4.7628,0
0.24587,0,0,-8.8,4.8314,0
0.24587,0,0,-8.8,4.9,0
0.74419,0,1.5491,1.5491,5.0291,0
0.89464,0.15491,1.5168,1.5168,5.1069,0
0.89464,0.30659,0,1.355,5.1733,3.9853
1.1741,0.44208,1.1931,1.1931,5.2601,0
1.1741,0.5614,0,1.0396,5.3273,2.1228
1.4028,0.66535,0.78679,0.78679,5.395,0
1.4744,0.74403,0.58946,0.58946,5.4752,0
1.5262,0.80298,0.44888,0.44888,5.5578,0
1.5701,0.84787,0.39236,0.39236,5.6244,0
1.5701,0.8871,0,4.9,5.6946,35.623
1.6425,1.3771,0.25819,1.5896,5.7644,4.9454
1.6425,1.5361,0,0.68819,5.783,2.1265
1.6829,1.6049,0.015551,-8.8,5.7999,0
1.6829,0.72488,0,-0.089927,5.8517,0
1.6831,0.71589,-0.19897,-0.19897,5.9588,0
1.6831,0.69599,0,-0.11969,6.0565,0
1.6538,0.68402,-0.029619,-0.029619,6.1516,0
1.6482,0.68106,0.015627,0.015627,6.2552,0
1.6498,0.68263,0.10995,0.10995,6.3565,0
1.6539,0.69362,0.1879,0.1879,6.4611,0
1.6698,0.71241,0.25062,0.25062,6.5534,0
1.6914,0.73747,0.38152,0.38152,6.6452,0
1.7393,0.77563,0.52592,0.52592,6.7384,0
1.7393,0.82822,0,0.57608,6.8321,0
1.8471,0.88583,0.66701,4.9,6.9239,24.352
1.9229,1.3758,0.67886,3.9003,6.998,17.336
1.9821,1.7659,0.61741,1.0205,7.0302,0.57578
2.0462,1.8679,0.55531,0.76831,7.0538,0.11437
2.0462,1.9447,0,0.60294,7.0678,1.7494
2.1569,2.005,0.5248,0.5824,7.0664,0
2.209,2.0633,0.57353,0.53406,7.0885,0
2.2576,2.1167,0.58259,0.49553,7.0975,0
2.2576,2.1662,0,0.53827,7.1091,1.4994
2.2576,2.2201,0,0.51582,7.1156,1.5708
2.4119,2.2716,0.28152,0.43983,7.1234,0.063118
2.4307,2.3156,0.18413,0.34969,7.1294,0.13953
2.4307,2.3506,0,0.30161,7.1391,0.63394
2.4307,2.3808,0,0.21663,7.1456,0.44223
2.4307,2.4024,0,0.16573,7.1495,0.34656
2.4307,2.419,0,0.09361,7.1515,0.19177
2.4356,2.4284,-0.24782,0.020515,7.1596,0.73232
2.4356,2.4304,0,-0.0033513,7.1603,0
2.3827,2.4301,-0.43355,-0.0074556,7.1565,1.5382
2.3827,2.4293,0,-0.012612,7.1518,0.069434
2.3827,2.4281,0,-0.019533,7.1472,0.052064
2.3827,2.4261,0,-0.027227,7.1427,0.031966
2.1956,2.4234,-0.55088,-0.036186,7.0983,2.6152
2.141,2.4198,-0.55413,-0.044483,7.0728,2.7742
2.0913,2.4153,-0.54001,-0.051964,7.0427,2.8166
2.0913,2.4101,0,-0.060195,7.0105,0.54945
1.9898,2.4041,-0.59564,-0.067233,6.9713,3.4051
1.9238,2.3974,-0.53632,-0.077438,6.9267,3.2054
1.8799,2.3896,-0.63629,-0.084111,6.8739,3.9432
