0,0,0.84734,0,35.5,0
0.076574,0,0.81747,7.8,35.497,58.269
0.16394,0.78,0.46214,7.8,35.469,69.372
0.16394,1.56,0,7.8,35.368,84.125
0.24141,2.34,0.061647,7.8,35.204,87.815
0.24141,3.12,0,7.8,34.955,94.735
0.23001,3.9,-0.24304,7.8,34.616,97.373
0.21372,4.68,-0.30355,7.8,34.21,101.93
0.21372,5.46,0,7.8,33.725,111.89
0.15433,6.24,-0.49595,6.7,33.156,96.577
0.15433,6.91,0,6.7,32.514,108.77
0.15433,7.58,0,6.7,31.805,113.65
-0.011848,8.25,-0.64816,-0.43306,30.995,101.74
-0.075792,8.2067,-0.63426,-0.45136,30.169,101.71
-0.075792,8.1616,0,-0.4712,29.343,100.24
-0.19649,8.1144,-0.64187,-0.49135,28.504,101.7
-0.25353,8.0653,-0.62763,-0.51321,27.667,101.64
-0.31783,8.014,-0.60083,-0.53717,26.826,101.56
-0.3759,7.9603,-0.56275,-0.56201,25.995,101.44
-0.42451,7.9041,-0.48101,-0.58813,25.158,101.2
-0.42451,7.8453,0,-0.61561,24.328,100.01
-0.42451,7.7837,0,-0.64371,23.504,99.821
-0.49966,7.7193,0.2323,-0.67185,22.669,99.296
-0.49966,7.6521,0,-0.69947,21.85,99.588
-0.43083,7.5822,0.67262,-0.72606,21.049,97.835
-0.37077,7.5096,0.70858,-0.75347,20.246,97.429
-0.29767,7.4342,0.66914,-0.78078,19.458,97.151
-0.23119,7.3562,0.54876,-0.81005,18.683,97.046
-0.16794,7.2752,0.37011,-0.83965,17.939,97.063
-0.16794,7.1912,0,-0.87449,17.199,97.596
-0.16794,7.1037,0,-0.91373,16.468,97.334
-0.12226,7.0124,-0.22504,-0.95884,15.749,97.431
-0.15198,6.9165,-0.33562,-1.01,15.039,97.42
-0.15198,6.8155,0,-1.0666,14.337,96.389
-0.15198,6.7088,0,-1.1293,13.646,96.039
-0.29145,6.5959,-0.68332,-1.1972,12.946,97.386
-0.35835,6.4762,-0.79369,-1.2731,12.267,97.35
-0.44685,6.3489,-0.92294,-1.3625,11.58,97.354
-0.53513,6.2126,-0.99225,-1.4604,10.9,97.196
-0.53513,6.0666,0,-1.5727,10.232,94.576
-0.73955,5.9093,-1.0042,-1.6925,9.5608,96.531
-0.73955,5.7401,0,-1.8262,8.9044,93.793
-0.94213,5.5574,-0.98989,-1.9746,8.2506,95.602
-0.94213,5.36,0,-8.8,7.6106,78.775
-1.1366,4.48,-0.95794,-8.8,6.9951,79.383
-1.2225,3.6,-0.91733,-8.8,6.4782,77.67
-1.2225,2.72,0,-8.8,6.0399,73.938
-1.2225,1.84,0,-8.8,5.6897,72.134
-1.2225,0.95998,0,-8.8,5.4274,70.33
-1.5717,0.07998,-0.86559,-0.86559,5.1923,87.733
-1.653,0,-0.8316,-0.8316,5.0337,87.736
-1.653,0,0,-8.8,4.8726,69.245
-1.817,0,-0.85378,-8.8,4.7263,71.375
-1.8992,0,-0.81852,-8.8,4.594,71.469
-1.9782,0,-0.80313,-8.8,4.4343,71.599
-2.0573,0,-0.84473,-8.8,4.2769,71.848
-2.1396,0,-0.85927,-8.8,4.1052,72.048
-2.2312,0,-0.82384,-8.8,3.9312,72.161
-2.3069,0,-0.80974,-8.8,3.7457,72.287
-2.3069,0,0,-8.8,3.559,70.585
-2.4669,0,-0.83179,-8.8,3.3589,72.661
-2.5436,0,-0.85067,-8.8,3.1569,72.858
-2.5436,0,0,-8.8,2.9466,71.07
-2.5436,0,0,-8.8,2.7362,71.07
-2.8125,0,-0.91417,-8.8,2.4797,73.542
-2.9057,0,-0.88027,-8.8,2.2475,73.662
-2.9862,0,-0.86999,-8.8,1.9919,73.806
-3.0789,0,-0.85801,-8.8,1.7362,73.971
-3.1638,0,-0.84643,-8.8,1.4701,74.12
-3.1638,0,0,-8.8,1.1977,72.342
-3.1638,0,0,-8.8,0.9253,72.342
-3.4118,0,-0.87624,-10.362,0.61354,71.409
-3.4118,0,0,-19.587,0.32418,50.184
-3.4118,0,0,-87.039,0.080937,0
-3.6912,0,-0.88049,-46.248,0.15016,0
-3.6912,0,0,-422.63,0.012282,0
-3.8649,0,-0.91347,-8.8,1.7396,75.698
-3.8649,0,0,-8.8,1.3971,73.779
-4.0326,0,-0.83997,-8.8,1.0329,75.888
-4.1124,0,-0.8857,-13.573,0.66649,66.118
-4.1965,0,-0.9123,-28.22,0.32245,35.569
-4.296,0,-0.90787,-211.69,0.043779,0
-4.3949,0,-0.94477,-15.383,0.66889,63.018
-4.3949,0,0,-33.942,0.30631,22.036
-4.6032,0,-0.97618,-559.88,0.018956,0
-4.6032,0,0,-8.8,2.3581,75.292
-4.6032,0,0,-8.8,1.9417,75.292
-4.6032,0,0,-8.9526,1.5254,74.972
-4.9669,0,-0.82889,-12.894,1.0224,69.178
-5.0435,0,-0.77343,-22.176,0.59425,49.714
-5.0435,0,0,-66.161,0.20078,0
-5.0435,0,0,-669.19,0.02723,0
-5.2584,0,-0.70792,-8.8,2.8347,78.123
-5.3337,0,-0.6724,-8.8,2.3473,78.203
-5.3938,0,-0.66821,-8.8,1.8526,78.317
-5.4596,0,-0.644,-11.589,1.3617,72.541
-5.5171,0,-0.59567,-17.899,0.87958,59.299
-5.5835,0,-0.52742,-38.422,0.41135,16.168
-5.5835,0,0,-306.35,0.045107,0
-5.6798,0,-0.3866,-16.195,1.0203,62.773
-5.7123,0,-0.29205,-30.876,0.53347,31.793
-5.7123,0,0,-141.55,0.11661,0
-5.7123,0,0,-66.754,0.25315,0
-5.7731,0,0.20439,-1656.9,0.010056,0
-5.7731,0,0,0.4984,7.7174,97.229
-5.7731,0.04984,0,0.79004,7.1376,97.944
-5.6285,0.12884,1.0411,1.0411,6.5505,96.149
-5.5334,0.23296,1.248,1.248,5.974,96.168
-5.5334,0.35776,0,1.3529,5.3912,99.267
-5.5334,0.49305,0,-8.8,4.7953,78.21
-5.5334,0,0,-8.8,4.2366,77.199
-5.5334,0,0,-8.8,3.7273,77.199
-4.8506,0,1.5008,-8.8,3.3879,72.646
-4.6981,0,1.5062,-8.8,2.954,72.322
-4.5547,0,1.5036,-8.8,2.5397,72.034
-4.4103,0,1.5073,-8.8,2.1261,71.73
-4.265,0,1.4816,-8.8,1.7272,71.486
-4.1111,0,1.4613,-8.8,1.3513,71.213
-3.9722,0,1.4592,-8.8,0.99142,70.933
-3.8212,0,1.469,-9.7301,0.65192,68.648
-3.6672,0,1.4405,-18.743,0.33315,49.453
-3.5265,0,1.4364,-85.577,0.07146,0
-3.3743,0,1.4601,-34.233,0.1595,16.263
-3.3743,0,0,-3184.2,-0.0067677,0
-3.3743,0,0,1.4402,15.577,94.291
-2.926,0.14402,1.4075,1.4075,15.294,90.64
-2.926,0.28478,0,1.3603,14.98,93.787
-2.6495,0.42081,1.2872,1.2872,14.679,90.641
-2.6495,0.54953,0,1.1911,14.366,93.408
-2.6495,0.66865,0,1.1438,14.04,93.552
-2.2725,0.78302,1.1177,1.1177,13.764,90.611
-2.2725,0.8948,0,-0.057654,13.453,90.719
-2.2725,0.88903,0,-0.057236,13.137,90.708
-1.9395,0.88331,1.0707,-0.056512,12.868,87.765
-1.9395,0.87766,0,1.0794,12.586,92.39
-1.7126,0.98559,1.077,-0.065282,12.325,87.478
-1.613,0.97906,1.0927,-0.064599,12.053,87.229
-1.613,0.9726,0,-0.06342,11.794,89.514
-1.613,0.96626,0,-0.062135,11.536,89.504
-1.613,0.96005,0,-0.060786,11.279,89.494
-1.1854,0.95397,1.1068,-0.059369,11.103,86.282
-1.1854,0.94803,0,-0.057222,10.889,88.6
-1.1854,0.94231,0,-0.055558,10.676,88.592
-1.1854,0.93675,0,-0.053565,10.464,88.585
-1.1854,0.9314,0,-0.051356,10.252,88.578
-0.68567,0.92626,0.7028,-0.049933,10.188,86.07
-0.61234,0.92127,0.64091,-0.04838,10.041,86.042
-0.55479,0.91643,0.61456,-0.04738,9.8818,85.972
-0.49424,0.91169,0.60211,-0.046159,9.734,85.867
-0.43947,0.90708,0.59663,-0.04496,9.6031,85.759
-0.38169,0.90258,0.56697,-0.043613,9.4743,85.697
-0.38169,0.89822,0,-0.041913,9.3461,86.883
-0.38169,0.89403,0,-0.040854,9.2183,86.876
-0.38169,0.88994,0,-0.03993,9.0909,86.87
-0.20016,0.88595,0.35546,-0.039173,9.0242,85.744
-0.1575,0.88203,0.35901,-0.037984,8.9274,85.644
-0.12929,0.87823,0.34813,0.34813,8.8318,86.412
-0.10115,0.91305,0.3422,-0.03983,8.7409,85.623
-0.10115,0.90906,0,-0.03895,8.6397,86.336
-0.10115,0.90517,0,-0.038093,8.5389,86.33
-0.011918,0.90136,0.34578,-0.037385,8.4525,85.414
0.015234,0.89762,0.48329,-0.036592,8.3636,0.7338
0.063595,0.89396,0.68665,-0.034937,8.2684,0.39759
0.1282,0.89047,0.82441,-0.03246,8.1873,0.25221
0.21373,0.88722,0.94354,-0.028984,8.1156,0.19299
0.31021,0.88432,1.0495,-0.024886,8.063,0.2127
0.42265,0.88184,1.0541,-0.020054,8.0115,0.17799
0.51871,0.87983,1.0044,1.0044,7.9805,0.79547
0.51871,0.98027,0,-0.017667,7.9394,1.0129
0.72627,0.9785,1.0039,-0.012602,7.9043,0.069949
0.72627,0.97724,0,-0.0078243,7.8791,0.53032
0.72627,0.97646,0,-0.0022665,7.8541,0.54334
1.0293,0.97623,1.0233,0.74528,7.877,0
1.1335,1.0508,1.0323,1.0281,7.8808,0
1.2267,1.1536,1.0462,0.77829,7.8836,0
1.3406,1.2314,1.049,1.0438,7.8963,0
1.4448,1.3358,1.06,0.90964,7.9015,0
1.5472,1.4267,1.082,0.90098,7.9058,0
1.6466,1.5168,1.1002,0.87749,7.918,0
1.7657,1.6046,1.1247,0.99325,7.9336,0
1.8735,1.7039,1.1514,0.94757,7.9482,0
1.8735,1.7987,0,0.94188,7.9605,3.5582
2.093,1.8929,1.1672,0.94149,7.9802,0
2.2079,1.987,1.1841,0.95997,7.9962,0
2.3199,2.083,1.1769,0.9543,8.0221,0
2.3199,2.1784,0,1.0096,8.041,3.6898
2.3199,2.2794,0,1.0038,8.0501,4.0444
2.6772,2.3798,1.1457,0.97017,8.1273,0
2.7964,2.4768,1.1329,0.97873,8.1607,0
2.9077,2.5747,1.1439,0.95957,8.1936,0
3.0143,2.6706,1.1389,0.9341,8.2213,0
3.0143,2.764,0,0.94349,8.2509,2.9172
3.2397,2.8584,1.1177,0.93332,8.2997,0
3.3495,2.9517,1.1092,0.92718,8.3446,0
3.3495,3.0444,0,0.91424,8.3798,2.5653
3.3495,3.1359,0,0.90293,8.4057,2.8335
3.3495,3.2261,0,0.89334,8.4226,3.1103
3.3495,3.3155,0,0.89237,8.4304,3.4349
3.3495,3.4047,0,0.84456,8.4294,3.5027
3.3495,3.4892,0,0.80275,8.4196,3.5858
3.992,3.5694,0.38635,0.73961,8.6397,0
4.0227,3.6434,0.35857,0.64367,8.6735,0
4.054,3.7078,0.49572,0.57328,8.7185,0
4.054,3.7651,0,0.55287,8.7503,0.96254
4.054,3.8204,0,0.55998,8.7764,1.1555
4.254,3.8764,1.0112,0.58685,8.8268,0
4.347,3.9351,1.1057,0.62637,8.8589,0
4.4484,3.9977,1.0728,0.67012,8.8985,0
4.4484,4.0647,0,0.70638,8.9402,1.3095
4.6574,4.1354,1.003,0.74076,8.9952,0
4.75,4.2094,1.006,0.74823,9.0441,0
4.8411,4.2843,1.0125,0.75316,9.1087,0
4.8411,4.3596,0,0.77042,9.1607,1.2803
4.8411,4.4366,0,0.78692,9.205,1.6025
5.1523,4.5153,1.0056,0.80218,9.2785,0
5.2613,4.5955,1.0152,0.81978,9.3495,0
5.3582,4.6775,1.004,0.8183,9.409,0
5.4641,4.7593,1.0034,0.82789,9.4713,0
5.5663,4.8421,1.0141,0.83141,9.533,0
5.665,4.9253,1.014,0.83115,9.6073,0
5.665,5.0084,0,0.84144,9.6772,1.038
5.8773,5.0925,1.0078,0.84636,9.7681,0
5.8773,5.1772,0,0.85118,9.8423,0.94355
5.8773,5.2623,0,0.8484,9.9081,1.2004
5.8773,5.3471,0,0.85195,9.9654,1.4908
6.2807,5.4323,1.0079,0.84447,10.078,0
6.3718,5.5168,1.0104,0.83606,10.168,0
6.3718,5.6004,0,0.83474,10.249,0.65511
6.5731,5.6838,1.0106,0.83943,10.336,0
6.6698,5.7678,1.0113,0.83725,10.425,0
6.7626,5.8515,1.0105,0.83193,10.516,0
6.7626,5.9347,0,0.8348,10.603,0.48561
6.7626,6.0182,0,0.83771,10.681,0.74969
6.7626,6.1019,0,0.84521,10.752,1.0418
7.1782,6.1865,1.0043,0.85212,10.902,0
7.2694,6.2717,1.0051,0.84408,10.993,0
7.2694,6.3561,0,0.8397,11.088,0.25338
7.4602,6.4401,1.0103,0.83993,11.205,0
7.5518,6.5241,1.0111,0.83488,11.309,0
7.6464,6.6075,1.0123,0.83325,11.417,0
7.6464,6.6909,0,0.83073,11.517,0.097446
7.8329,6.7739,1.0353,0.82771,11.621,0
7.8329,6.8567,0,0.83112,11.723,0.040277
8.0425,6.9398,1.2091,0.84076,11.827,0
8.1592,7.0239,1.2974,0.85591,11.944,0
8.293,7.1095,1.3896,0.88234,12.066,0
8.4254,7.1977,1.4548,0.90422,12.181,0
8.572,7.2881,1.4833,0.93451,12.306,0
8.7208,7.3816,1.4615,0.96351,12.44,0
8.8707,7.4779,1.459,0.9897,12.57,0
8.8707,7.5769,0,1.0152,12.705,0
9.1715,7.6784,1.4796,1.0361,12.862,0
9.3109,7.782,1.4842,1.048,13.009,0
9.4517,7.8868,1.5069,1.0603,13.167,0
9.4517,7.9929,0,1.0774,13.318,0
9.4517,8.1006,0,1.099,13.458,0
9.9117,8.2105,1.5024,1.1138,13.662,0
9.9117,8.3219,0,1.1251,13.827,0
9.9117,8.4344,0,1.1361,13.98,0
9.9117,8.548,0,1.1504,14.122,0.15942
10.511,8.663,1.4784,1.1565,14.364,0
10.661,8.7787,1.4639,1.1653,14.549,0
10.806,8.8952,1.4416,1.1712,14.745,0
10.944,9.0123,1.4367,1.1722,14.942,0
11.088,9.1296,1.4598,1.1769,15.139,0
11.23,9.2472,1.5455,1.1802,15.345,0
11.389,9.3653,1.749,1.1928,15.544,0
11.561,9.4845,2.0349,1.2122,15.745,0.16073
11.761,9.6058,2.3727,1.2472,15.964,1.5274
12.002,9.7305,2.7124,1.3023,16.186,3.0828
12.002,9.8607,0,1.3709,16.406,0
12.572,9.9978,3.0533,1.4479,16.668,4.6637
12.572,10.143,0,1.5208,16.918,0
12.572,10.295,0,1.5951,17.154,0
12.572,10.454,0,1.6645,17.374,0.041335
13.828,10.621,3.244,1.7286,17.798,5.4157
14.159,10.794,3.2779,1.7938,18.118,5.5816
14.159,10.973,0,1.8503,18.445,0
14.159,11.158,0,1.9006,18.754,0
14.159,11.348,0,1.95,19.045,0
15.436,11.543,3.0687,1.9864,19.566,4.3856
15.733,11.742,3.0021,2.0155,19.969,4.061
16.042,11.943,2.9295,2.0481,20.37,3.7034
16.33,12.148,2.8599,2.0673,20.782,3.4002
16.612,12.355,2.7948,2.0826,21.2,3.1354
16.612,12.563,0,2.0953,21.616,0
17.167,12.773,2.7243,2.108,22.069,2.9683
17.167,12.983,0,2.1177,22.498,0
17.706,13.195,2.6344,2.1228,22.963,2.7053
17.961,13.407,2.6221,2.1236,23.42,2.7789
18.218,13.62,2.6177,2.1249,23.877,2.9018
18.488,13.832,2.6076,2.1322,24.33,2.9847
18.747,14.045,2.5756,2.1346,24.799,2.9344
19.007,14.259,2.4978,2.1376,25.265,2.6053
19.007,14.473,0,2.1397,25.729,0
19.496,14.687,1.9361,2.1301,26.225,0
19.496,14.9,0,2.1009,26.695,0
19.496,15.11,0,2.0692,27.144,0
19.496,15.317,0,2.03,27.572,0
20.144,15.52,1.3135,1.9871,28.113,0
20.144,15.718,0,1.9446,28.565,0
20.144,15.913,0,1.9098,28.998,0
20.548,16.104,1.2065,1.8728,29.478,0
20.548,16.291,0,1.8326,29.913,0
20.764,16.474,0.97958,1.7871,30.366,0
20.764,16.653,0,1.7473,30.786,0
20.764,16.828,0,1.7021,31.189,0
20.764,16.998,0,1.6593,31.574,0
21.132,17.164,0.72822,1.6185,32.028,0
21.213,17.326,0.069687,1.5778,32.421,0
21.229,17.484,-1.2756,1.5134,32.808,1.411
21.229,17.635,0,1.3937,33.175,0
20.799,17.774,-4.2297,1.2107,33.486,169.39
20.799,17.895,0,0.98599,33.783,0
19.892,17.994,-4.4615,0.75413,33.97,215.58
19.892,18.069,0,0.5466,34.156,0
19.126,18.124,-1.5567,0.39652,34.27,9.529
18.976,18.164,-0.17461,0.32078,34.358,0
18.961,18.196,0.56015,0.30226,34.441,0
18.961,18.226,0,0.31502,34.516,0
18.961,18.257,0,0.33772,34.588,0
18.961,18.291,0,0.36504,34.657,0
19.318,18.328,0.94713,0.38969,34.803,0
19.42,18.367,0.94058,0.41425,34.895,0
19.42,18.408,0,0.43294,34.999,0
19.601,18.451,1.0333,0.45093,35.116,0
19.695,18.496,1.0579,0.46985,35.232,0
19.695,18.543,0,0.49211,35.349,0
19.919,18.593,1.1566,0.51868,35.48,0
20.031,18.645,1.2425,0.54129,35.616,0
20.031,18.699,0,0.56569,35.751,0
20.289,18.755,1.4663,0.5972,35.912,0.46327
20.438,18.815,1.6125,0.63134,36.066,1.0246
20.591,18.878,1.7055,0.66499,36.23,1.4057
20.591,18.945,0,0.70634,36.398,0
20.936,19.015,1.872,0.74356,36.601,2.1467
21.125,19.09,1.9868,0.7866,36.808,2.7161
21.125,19.168,0,0.83353,37.008,0
21.552,19.252,2.3589,0.88581,37.245,4.8225
21.791,19.34,2.4289,0.94199,37.482,5.2702
22.035,19.434,2.3797,0.99782,37.744,4.9828
22.265,19.534,2.3349,1.0454,38.01,4.7296
22.508,19.639,2.1051,1.0959,38.295,3.3623
22.72,19.748,1.8667,1.1322,38.591,2.0268
22.72,19.862,0,1.1595,38.883,0
23.088,19.977,1.5202,1.1786,39.196,0.27259
23.231,20.095,1.2277,1.1851,39.512,0
23.357,20.214,1.0347,1.1841,39.816,0
23.357,20.332,0,1.1744,40.124,0
23.544,20.45,0.84199,1.1598,40.455,0
23.544,20.566,0,1.1423,40.758,0
23.7,20.68,0.87219,1.126,41.071,0
23.789,20.793,0.88761,1.1143,41.375,0
23.789,20.904,0,1.1062,41.669,0
23.789,21.015,0,1.1022,41.952,0
23.789,21.125,0,1.097,42.224,0
23.789,21.234,0,1.089,42.485,0
24.289,21.343,1.1097,1.0827,42.885,0
24.41,21.452,1.0555,1.0849,43.187,0
24.515,21.56,1.016,1.0813,43.486,0
24.515,21.668,0,1.078,43.776,0
24.731,21.776,1.0427,1.0762,44.081,0
24.829,21.884,1.0009,1.0705,44.374,0
24.928,21.991,1.0183,1.0649,44.671,0
25.028,22.097,1.0692,1.0603,44.966,0
25.145,22.203,1.0934,1.0619,45.263,0
25.25,22.309,1.0541,1.0591,45.558,0
25.25,22.415,0,1.0576,45.847,0
25.25,22.521,0,1.0604,46.125,0
25.25,22.627,0,1.0576,46.392,0
25.699,22.733,0.90268,1.0592,46.741,0
25.699,22.839,0,1.0487,47.033,0
25.699,22.944,0,1.0361,47.313,0
25.699,23.047,0,1.0206,47.584,0
25.984,23.149,0.86462,1.0039,47.907,0
26.068,23.25,1.0374,0.99629,48.198,0
26.174,23.349,1.1401,0.99677,48.487,0
26.284,23.449,1.1686,0.99857,48.773,0
26.405,23.549,0.92429,1.0039,49.054,0
26.405,23.649,0,0.99737,49.335,0
26.569,23.749,0.97155,0.98752,49.638,0
26.569,23.848,0,0.98382,49.915,0
26.569,23.946,0,0.9844,50.182,0
26.569,24.045,0,0.98759,50.439,0
26.569,24.143,0,0.9957,50.687,0
27.148,24.243,1.712,1.008,51.048,2.0204
27.311,24.344,2.1661,1.0276,51.341,4.7685
27.534,24.447,2.7563,1.0674,51.651,8.9443
27.811,24.553,3.3301,1.1243,51.968,13.604
27.811,24.666,0,1.2015,52.289,0
28.529,24.786,3.7498,1.2869,52.677,17.832
28.896,24.915,3.5739,1.3662,53.069,16.651
29.259,25.051,3.2966,1.4406,53.478,14.59
29.588,25.195,3.1554,1.5002,53.906,13.672
29.588,25.345,0,1.5562,54.338,0
29.588,25.501,0,4.8,54.755,14.155
29.588,25.981,0,1.5148,55.139,0
29.588,26.132,0,4.8,55.493,17.731
31.22,26.612,3.4098,4.8,56.229,0
31.56,27.092,3.3809,1.4134,56.689,17.631
31.56,27.234,0,4.8,57.128,12.833
32.222,27.714,3.3886,1.3931,57.608,18.371
32.567,27.853,3.471,4.8,58.062,0
32.906,28.333,3.5432,1.3812,58.525,20.556
33.265,28.471,3.5963,4.8,58.99,0
33.265,28.951,0,4.8,59.445,12.902
33.98,29.431,3.5174,1.3167,59.915,21.336
34.324,29.563,3.3926,-2,60.39,209.22
34.324,29.363,0,-2,60.876,727.95
34.324,29.163,0,-2,61.382,1110.8
35.318,28.963,3.1009,4.8,62.067,0
35.634,29.443,3.0979,-2,62.691,341.85
35.936,29.243,3.0905,-2,63.338,413.51
36.254,29.043,3.0991,4.8,64.03,0
36.555,29.523,3.1054,-2,64.734,472.19
36.866,29.323,3.0714,-2,65.463,594.6
37.176,29.123,3.0342,-2,66.235,775.95
37.176,28.923,0,4.8,67.051,0
37.791,29.403,2.9474,-2,67.913,986.35
37.791,29.203,0,-2,68.762,0
38.374,29.003,2.9224,4.8,69.695,0
38.659,29.483,2.9026,-2,70.615,1908.2
38.943,29.283,2.8974,-2,71.556,3630.8
38.943,29.083,0,-2,72.532,0
39.524,28.883,2.817,4.8,73.582,1.0511
39.524,29.363,0,-2,74.622,0
40.076,29.163,2.7741,-2,75.701,0
40.358,28.963,2.8287,4.8,76.81,5.5198
40.639,29.443,2.8344,-2,77.947,0
