15.278,15.278,-0.36251,0,35.5,1.1138
15.244,15.278,-0.40841,-0.0027153,35.489,1.4001
15.244,15.278,0,-0.006695,35.486,0.053852
15.145,15.277,-0.48155,-0.010737,35.462,2.0326
15.145,15.276,0,-0.015152,35.449,0.24138
15.056,15.274,-0.19097,-0.017873,35.427,1.0114
15.043,15.272,0.028372,-0.018776,35.395,0.38129
15.039,15.271,0.21238,-0.018975,35.379,0.022069
15.068,15.269,0.30595,-0.016422,35.356,0
15.091,15.267,0.22233,-0.014447,35.331,0
15.106,15.266,0.089202,-0.013137,35.309,0.11415
15.124,15.264,-0.018216,-0.011542,35.289,0.31581
15.124,15.263,0,-0.011156,35.275,0.2699
15.124,15.262,0,-0.011175,35.261,0.26742
15.108,15.261,-0.089591,-0.01256,35.248,0.53223
15.108,15.26,0,-0.012442,35.233,0.29317
15.108,15.258,0,-0.012264,35.218,0.29087
15.11,15.257,0.10021,-0.012149,35.197,0.069621
15.124,15.256,0.10418,-0.010936,35.178,0.035709
15.136,15.255,0.11819,-0.0097848,35.169,0
15.157,15.254,0.076317,-0.0080255,35.16,0.025136
15.157,15.253,0,-0.0072597,35.15,0.18602
15.173,15.252,-0.087032,-0.0065344,35.136,0.36693
15.174,15.252,-0.1997,-0.0064728,35.122,0.70469
15.174,15.251,0,-0.0083394,35.115,0.14355
15.174,15.25,0,-0.010805,35.107,0.13626
15.174,15.249,0,-0.013385,35.099,0.12824
15.055,15.248,-0.27511,-0.016019,35.076,1.2639
15.055,15.246,0,-0.017495,35.057,0.37001
15.01,15.244,-0.39697,-0.019495,35.041,1.9128
15.01,15.243,0,-0.022347,35.018,0.45057
15.01,15.24,0,-0.025616,34.995,0.43722
14.886,15.238,-0.41699,-0.029306,34.946,2.3539
14.844,15.235,-0.41883,-0.032656,34.9,2.4814
14.8,15.232,-0.38185,-0.036154,34.855,2.4119
14.8,15.228,0,-0.038537,34.812,0.86713
14.8,15.224,0,-0.041299,34.77,0.8497
14.697,15.22,-0.5007,-0.044047,34.706,3.3573
14.653,15.216,-0.46025,-0.047496,34.653,3.2438
14.653,15.211,0,-0.050312,34.597,1.1557
14.58,15.206,-0.4929,-0.053062,34.538,3.6442
14.58,15.2,0,-0.057357,34.476,1.2942
14.58,15.195,0,-0.061351,34.414,1.2664
14.429,15.189,-0.42993,-0.065045,34.332,3.6962
14.382,15.182,-0.52487,-0.068768,34.247,4.4393
14.32,15.175,-0.49895,-0.073657,34.173,4.4508
14.276,15.168,-0.51485,-0.077106,34.086,4.6839
14.232,15.16,-0.54272,-0.080537,34.003,5.0053
14.232,15.152,0,-0.085453,33.911,2.0147
14.111,15.143,-0.40913,-0.090316,33.814,4.4566
14.111,15.134,0,-0.094017,33.711,2.2808
14.014,15.125,-0.52542,-0.098129,33.6,5.5271
13.971,15.115,-0.58751,-0.10155,33.485,6.1156
13.971,15.105,0,-0.10622,33.371,2.5617
13.855,15.094,-0.53495,-0.11117,33.245,6.0557
13.801,15.083,-0.57388,-0.11558,33.118,6.5119
13.754,15.072,-0.5654,-0.11953,32.982,6.5747
13.704,15.06,-0.55046,-0.12377,32.839,6.5935
13.704,15.047,0,-0.12765,32.704,3.1173
13.601,15.035,-0.52059,-0.13253,32.557,6.6378
13.601,15.021,0,-0.13707,32.414,3.3213
13.601,15.008,0,-0.14038,32.273,3.2627
13.476,14.994,-0.31874,-0.14305,32.115,5.4499
13.438,14.979,-0.30624,-0.1463,31.954,5.439
13.438,14.965,0,-0.14844,31.801,3.6126
13.363,14.95,-0.43475,-0.15272,31.644,6.496
13.325,14.935,-0.42145,-0.1561,31.48,6.4716
13.291,14.919,-0.44689,-0.15904,31.318,6.7225
13.254,14.903,-0.81216,-0.16228,31.157,10.066
13.254,14.887,0,-0.16948,30.993,3.8643
13.254,14.87,0,-0.18227,30.831,3.7482
13.254,14.852,0,-0.20119,30.67,3.6015
12.615,14.832,-2.9413,-0.22561,30.432,62.709
12.321,14.809,-3.2067,-0.25611,30.198,76.535
12.321,14.783,0,-0.29118,29.951,6.1858
11.645,14.754,-3.4732,-0.32878,29.639,94.181
11.29,14.721,-3.5481,-0.36867,29.31,100.17
10.936,14.685,-3.7022,-0.41003,28.943,111.07
10.936,14.644,0,-0.45476,28.57,10.232
10.936,14.598,0,-0.50237,28.202,9.7155
9.8046,14.548,-3.8537,-0.55288,27.681,125.16
9.4209,14.493,-3.7464,-0.60601,27.2,119.81
9.0393,14.432,-3.523,-0.66239,26.676,108.51
8.6886,14.366,-3.2341,-0.71826,26.123,95.437
8.3685,14.294,-2.8761,-0.77342,25.55,81.333
8.0819,14.217,-2.5017,-0.82845,24.94,68.726
8.0819,14.134,0,-0.88057,24.33,18.071
8.0819,14.046,0,-0.93313,23.73,17.201
7.4313,13.952,-1.724,-0.9833,23.043,47.804
7.2574,13.854,-1.6914,-1.0359,22.379,46.917
7.2574,13.75,0,-1.0898,21.724,18.573
6.9254,13.641,-1.8404,-1.1482,21.041,49.892
6.7387,13.527,-2.0139,-1.213,20.371,54.003
6.5454,13.405,-2.0396,-1.2844,19.687,54.272
6.3397,13.277,-2.0632,-1.3631,18.999,54.433
6.3397,13.141,0,-1.4488,18.313,17.201
5.9204,12.996,-2.1119,-1.542,17.595,54.391
5.9204,12.841,0,-1.6416,16.895,16.282
5.495,12.677,-2.1247,-1.7502,16.179,52.733
5.495,12.502,0,-1.8688,15.47,14.992
5.495,12.315,0,-2.0011,14.778,13.235
5.495,12.115,0,-2.149,14.106,11.449
5.495,11.9,0,-2.3157,13.455,9.6722
4.2503,11.669,-3.1642,-2.5177,12.537,22.512
4.2503,11.417,0,-2.7445,11.808,10.152
3.6163,11.143,-3.3286,-2.9947,11.046,19.661
3.2916,10.843,-3.275,-6.0435,10.299,9.6634
3.2916,10.239,0,-5.9547,9.5741,11.553
2.6388,9.6433,-3.0512,-5.8205,8.8583,8.5402
2.3422,9.0613,-2.9081,-5.6715,8.1688,7.9677
2.0594,8.4941,-2.7301,-5.4847,7.5158,7.4031
1.7861,7.9457,-2.5743,-5.3297,6.8846,6.8372
1.5213,7.4127,-2.4246,-5.2,6.2828,6.2456
1.2754,6.8927,-2.1976,-5.2,5.7069,5.2067
1.2754,6.3727,0,-5.2,5.1711,0.64499
1.2754,5.8527,0,-8.8,4.6874,0
1.2754,4.9727,0,-8.8,4.2737,0
1.2754,4.0927,0,-8.8,3.9479,0
0.44149,3.2127,-1.2284,-8.8,3.4849,0
0.44149,2.3327,0,-8.8,3.2517,0
0.44149,1.4527,0,-8.8,3.1066,0
0.44149,0.57269,0,-8.8,3.0495,0
0.44149,0,0,-8.8,3.0804,0
-0.10853,0,-0.43556,-8.8,3.0366,0
-0.16125,0,-0.24621,-8.8,3.0755,0
-0.16125,0,0,-8.8,3.1034,0
-0.19676,0,-0.019289,-8.8,3.1189,0
-0.19928,0,-0.11607,-8.8,3.1513,0
-0.20862,0,-0.14653,-8.8,3.1708,0
-0.22791,0,-0.097149,-8.8,3.186,0
-0.22791,0,0,-8.8,3.2072,0
-0.24032,0,-0.003124,-8.8,3.2253,0
-0.24032,0,0,-8.8,3.2453,0
-0.24032,0,0,-8.8,3.2653,0
-0.22523,0,0.15749,-8.8,3.2912,0
-0.20676,0,0.16459,-8.8,3.3216,0
-0.20676,0,0,-8.8,3.3449,0
-0.17008,0,0.22026,-8.8,3.3734,0
-0.17008,0,0,-8.8,3.4004,0
-0.1259,0,0.51629,-8.8,3.4276,0
-0.080232,0,0.77573,-8.8,3.4573,0
-0.00057414,0,1.0713,-8.8,3.5004,0
0.09963,0,1.3016,-8.8,3.5524,0
0.09963,0,0,-8.8,3.6064,0
0.09963,0,0,-8.8,3.6604,0
0.09963,0,0,-8.8,3.7143,0
0.09963,0,0,-8.8,3.7683,0
0.09963,0,0,-8.8,3.8223,0
0.89075,0,1.1466,-8.8,4.1186,0
1.0052,0,1.1098,-8.8,4.2485,0
1.1138,0,1.106,-8.8,4.3977,0
1.1138,0,0,-8.8,4.5531,0
1.1138,0,0,-8.8,4.7084,0
1.4687,0,1.239,-8.8,4.9273,0
1.4687,0,0,1.2908,5.1182,0.44229
1.7166,0.12908,1.3296,1.3296,5.2769,0
1.7166,0.26205,0,1.3381,5.429,0.70819
1.9839,0.39586,1.3478,1.3478,5.5811,0
2.1215,0.53064,1.3465,1.3465,5.737,0
2.2626,0.66529,1.3775,1.3775,5.8876,0
2.3953,0.80303,1.4309,1.4309,6.0538,0
2.5342,0.94612,1.5176,4.9,6.2166,11.914
2.6878,1.4361,1.6204,4.9,6.3683,12.571
2.6878,1.9261,0,3.4704,6.469,20.343
3.0072,2.2732,1.8068,2.1335,6.5508,0
3.1921,2.4865,1.8462,1.7811,6.6161,0
3.3744,2.6646,1.8201,1.6099,6.6795,0
3.5572,2.8256,1.7605,1.5202,6.7584,0
3.7412,2.9776,1.6828,1.468,6.833,0
3.9189,3.1244,1.6255,1.4254,6.9197,0
4.0859,3.267,1.5579,1.3771,6.9959,0
4.0859,3.4047,0,1.3206,7.0709,3.4128
4.0859,3.5367,0,1.2825,7.1324,3.7038
4.0859,3.665,0,1.2376,7.1809,3.9404
4.0859,3.7887,0,1.2095,7.2168,4.262
4.7916,3.9097,1.2272,1.1598,7.434,0
4.9175,4.0257,1.1821,1.1282,7.5184,0
4.9175,4.1385,0,1.087,7.602,1.782
5.137,4.2472,1.0772,1.0516,7.7013,0
5.2389,4.3524,1.1086,1.0161,7.79,0
5.3418,4.454,1.2571,0.99012,7.8882,0
5.4631,4.553,1.4031,0.98812,7.9768,0
5.5965,4.6518,1.6201,0.99936,8.0655,0
5.5965,4.7517,0,1.0437,8.155,1.3473
5.9446,4.8561,1.8731,1.0942,8.2554,0
6.1331,4.9655,1.8096,1.145,8.3725,0
6.3221,5.08,1.7243,1.1874,8.4911,0
6.489,5.1987,1.6369,1.2034,8.6251,0
6.653,5.3191,1.5582,1.2131,8.7521,0
6.653,5.4404,0,1.212,8.8794,0.91774
6.653,5.5616,0,1.2057,8.9946,1.2957
6.653,5.6822,0,1.2143,9.0977,1.7559
6.653,5.8036,0,1.2117,9.1887,2.1751
7.4239,5.9248,1.7487,1.2183,9.4431,0
7.6004,6.0466,1.8469,1.2373,9.5888,0
7.7757,6.1703,1.9258,1.2536,9.7436,0
7.7757,6.2957,0,1.279,9.8978,0.35268
8.1523,6.4236,1.9092,1.3005,10.076,0
8.1523,6.5536,0,1.3287,10.242,0.19445
8.1523,6.6865,0,1.3395,10.396,0.67713
8.1523,6.8205,0,1.3423,10.536,1.1437
8.1523,6.9547,0,1.3469,10.662,1.6363
8.1523,7.0894,0,1.3371,10.775,2.0688
9.1728,7.2231,1.4675,1.3255,11.207,0
9.1728,7.3556,0,1.3125,11.395,0
9.1728,7.4869,0,1.294,11.57,0
9.5895,7.6163,1.3231,1.2843,11.788,0
9.5895,7.7447,0,1.2647,11.979,0
9.8395,7.8712,1.3846,1.2493,12.19,0
9.8395,7.9961,0,1.2373,12.38,0
9.8395,8.1198,0,1.235,12.558,0
10.223,8.2434,1.0075,1.2135,12.785,0
10.328,8.3647,0.92738,1.1905,12.977,0
10.328,8.4838,0,1.1643,13.168,0
10.328,8.6002,0,1.1395,13.347,0
10.616,8.7141,0.90347,1.1188,13.547,0
10.616,8.826,0,1.0993,13.731,0
10.616,8.9359,0,1.0737,13.905,0
10.885,9.0433,0.71442,1.0549,14.098,0
10.962,9.1488,0.73566,1.0302,14.274,0
11.034,9.2518,0.89156,1.0054,14.458,0
11.034,9.3524,0,0.98858,14.631,0
11.034,9.4512,0,0.98128,14.794,0
11.034,9.5493,0,0.98181,14.948,0
11.034,9.6475,0,0.98074,15.091,0
11.034,9.7456,0,0.97062,15.225,0
11.594,9.8427,0.50797,0.94799,15.502,0
11.639,9.9375,0.4243,0.9157,15.684,0
11.677,10.029,0.36953,0.88126,15.842,0
11.717,10.117,0.39558,0.85084,16.006,0
11.717,10.202,0,0.82107,16.162,0
11.792,10.284,0.3632,0.79358,16.311,0
11.792,10.364,0,0.7662,16.458,0
11.857,10.44,0.3525,0.73803,16.59,0
11.857,10.514,0,0.71209,16.728,0
11.918,10.585,0.4176,0.68831,16.858,0
11.952,10.654,0.43985,0.66748,16.99,0
11.999,10.721,0.42616,0.65462,17.11,0
12.042,10.786,0.36193,0.64099,17.236,0
12.077,10.85,0.20641,0.62395,17.359,0
12.091,10.913,0.15491,0.59713,17.481,0
12.105,10.973,0.16265,0.57192,17.589,0
12.105,11.03,0,0.54807,17.699,0
12.105,11.085,0,0.52551,17.804,0
12.154,11.137,0.26153,0.50936,17.921,0
12.154,11.188,0,0.49263,18.02,0
12.199,11.237,0.18661,0.47911,18.103,0
12.199,11.285,0,0.45894,18.197,0
12.233,11.331,0.24593,0.44727,18.294,0
12.249,11.376,0.32764,0.43195,18.391,0
12.276,11.419,0.24287,0.42341,18.481,0
12.276,11.461,0,0.41635,18.564,0
12.32,11.503,-0.072663,0.40177,18.646,0
12.32,11.543,0,0.3807,18.726,0
12.31,11.581,-0.2701,0.35689,18.807,0.018489
12.31,11.617,0,0.32251,18.878,0
12.253,11.649,-0.23939,0.29509,18.947,0.035048
12.227,11.679,-0.26788,0.26742,19.009,0.1898
12.197,11.705,-0.30103,0.2395,19.066,0.36759
12.197,11.729,0,0.20966,19.114,0
12.124,11.75,-0.27168,0.18169,19.161,0.38033
12.124,11.769,0,0.15484,19.198,0
12.062,11.784,-0.17954,0.13468,19.215,0.17407
12.038,11.798,-0.23782,0.11651,19.232,0.39893
12.006,11.809,-0.29785,0.095341,19.261,0.65669
11.967,11.819,-0.40733,0.071826,19.276,1.1496
11.928,11.826,-0.46268,0.049486,19.29,1.4495
11.888,11.831,-0.43828,0.027464,19.306,1.3835
11.845,11.834,-0.4052,0.0054919,19.309,1.2829
11.803,11.834,-0.40647,-0.0052311,19.317,1.3737
11.803,11.834,0,-0.013349,19.314,0.034394
11.711,11.832,-0.29853,-0.020439,19.304,1.1307
11.711,11.83,0,-0.02655,19.292,0.19039
11.711,11.828,0,-0.032101,19.28,0.17233
11.711,11.824,0,-0.033397,19.268,0.16269
11.711,11.821,0,-0.031121,19.257,0.1607
11.711,11.818,0,-0.025289,19.246,0.1671
11.711,11.815,0,-0.016222,19.236,0.18217
11.811,11.814,1.0342,-0.00039962,19.208,0.12525
11.811,11.814,0,0.047225,19.208,0.10979
11.811,11.818,0,0.1056,19.207,0.26556
12.175,11.829,1.4245,0.16709,19.251,0.79097
12.326,11.846,1.4695,0.23163,19.292,0.8015
12.326,11.869,0,0.28926,19.339,0
12.61,11.898,1.499,0.34323,19.414,0.66941
12.756,11.932,1.5081,0.39627,19.486,0.59208
12.756,11.972,0,0.451,19.566,0
13.049,12.017,1.461,0.49459,19.665,0.23698
13.049,12.066,0,0.53814,19.766,0
13.335,12.12,1.317,0.57982,19.892,0
13.467,12.178,1.2993,0.61365,20.017,0
13.593,12.239,1.3475,0.64286,20.155,0
13.722,12.304,1.3869,0.6717,20.286,0
13.859,12.371,1.4368,0.70305,20.427,0
14.007,12.441,1.5104,0.73734,20.577,0
14.163,12.515,1.4355,0.77419,20.744,0
14.301,12.592,1.3361,0.79968,20.911,0
14.301,12.672,0,0.82206,21.077,0
14.301,12.755,0,0.84185,21.236,0
14.301,12.839,0,0.86659,21.386,0
14.852,12.925,1.4374,0.8903,21.645,0
14.852,13.014,0,0.9127,21.833,0
15.14,13.106,1.383,0.93348,22.041,0
15.28,13.199,1.2644,0.95194,22.249,0
15.4,13.294,1.1309,0.95967,22.462,0
15.4,13.39,0,0.96109,22.668,0
15.4,13.486,0,0.96924,22.864,0
15.4,13.583,0,0.97818,23.05,0
15.4,13.681,0,0.98294,23.227,0
15.4,13.779,0,0.98668,23.394,0
16.089,13.878,1.0017,0.98623,23.77,0
16.089,13.977,0,0.98326,23.986,0
16.279,14.075,0.60353,0.97639,24.214,0
16.279,14.173,0,0.95724,24.43,0
16.279,14.268,0,0.9307,24.636,0
16.388,14.361,-1.025,0.88843,24.853,2.5291
16.291,14.45,-2.7645,0.80421,25.055,38.219
16.291,14.531,0,0.64376,25.235,0
15.54,14.595,-6.4547,0.41018,25.347,0
14.902,14.636,-7.7828,0.1154,25.416,30.906
14.902,14.648,0,-0.071577,25.442,0
13.404,14.64,-5.6162,-0.16819,25.309,595.83
13.404,14.624,0,-0.24492,25.187,2.2721
12.466,14.599,-1.8329,-0.29634,24.947,27.218
12.282,14.569,-0.51553,-0.32186,24.72,9.0861
12.282,14.537,0,-0.32876,24.493,5.2205
12.282,14.504,0,-0.33162,24.269,5.089
12.198,14.471,-0.062339,-0.33296,24.022,5.6268
12.201,14.438,0.035315,-0.33184,23.802,4.9473
12.201,14.405,0,-0.32952,23.58,5.0355
12.201,14.372,0,-0.32732,23.361,4.931
12.201,14.339,0,-0.32379,23.145,4.8345
12.201,14.307,0,-0.32331,22.933,4.7245
12.201,14.274,0,-0.32447,22.724,4.6074
12.206,14.242,-0.16753,-0.32603,22.522,5.4183
12.183,14.209,-0.18099,-0.32852,22.315,5.4479
12.163,14.176,-0.099759,-0.33054,22.113,4.9094
12.158,14.143,-0.13937,-0.32981,21.922,5.0398
12.158,14.11,0,-0.33123,21.725,4.1644
12.158,14.077,0,-0.33405,21.532,4.0417
12.158,14.044,0,-0.33862,21.341,3.9115
12.053,14.01,-0.34491,-0.34212,21.126,6.1712
12.053,13.976,0,-0.34739,20.932,3.993
12.053,13.941,0,-0.35394,20.741,3.8503
12.053,13.906,0,-0.3608,20.554,3.7061
12.053,13.87,0,-0.36547,20.371,3.5714
11.85,13.833,-0.29116,-0.37039,20.126,5.7414
11.828,13.796,-0.30165,-0.37282,19.918,5.7365
11.828,13.759,0,-0.37675,19.723,3.8841
11.78,13.721,-0.027766,-0.37748,19.538,4.0507
11.777,13.683,0.19018,-0.3757,19.341,3.0082
11.777,13.646,0,-0.36722,19.152,3.7272
11.777,13.609,0,-0.35457,18.967,3.6663
11.934,13.574,1.0191,-0.33534,18.817,1.1266
12.03,13.54,1.1289,-0.31213,18.665,1.0459
12.139,13.509,1.1607,-0.28614,18.513,0.96631
12.139,13.48,0,-0.25884,18.378,2.5676
12.363,13.454,1.0659,-0.23183,18.282,0.69932
12.464,13.431,1.0353,-0.20682,18.189,0.58945
12.464,13.41,0,-0.18001,18.093,1.7512
12.665,13.392,0.93274,-0.15724,18.034,0.3379
12.749,13.377,0.91813,-0.13625,17.975,0.25719
12.841,13.363,0.91734,-0.11385,17.923,0.18785
12.942,13.352,0.91775,-0.089626,17.869,0.1195
13.039,13.343,0.8849,-0.066578,17.838,0.018864
13.039,13.336,0,-0.047081,17.808,0.53362
13.222,13.331,0.89222,-0.023965,17.798,0
13.222,13.329,0,-0.0025072,17.787,0.2194
13.222,13.329,0,0.029384,17.776,0.29614
13.222,13.332,0,0.058626,17.765,0.37808
13.222,13.338,0,0.092792,17.754,0.48524
13.695,13.347,1.2017,0.1283,17.85,0.29818
13.695,13.36,0,0.16781,17.884,0
13.695,13.376,0,0.20842,17.917,0
14.078,13.397,1.4306,0.2518,18.02,0.83588
14.218,13.422,1.394,0.29412,18.087,0.6578
14.218,13.452,0,0.33458,18.165,0
14.218,13.485,0,0.37002,18.24,0
14.61,13.522,1.2749,0.40317,18.378,0.11747
14.734,13.563,1.1864,0.43419,18.485,0
14.855,13.606,1.0975,0.46301,18.597,0
14.965,13.652,1.0211,0.48675,18.723,0
15.066,13.701,0.92483,0.50616,18.849,0
15.168,13.752,0.79699,0.52506,18.98,0
15.253,13.804,0.69323,0.53731,19.128,0
15.316,13.858,0.55817,0.54101,19.278,0
15.373,13.912,0.36779,0.54195,19.417,0
15.373,13.966,0,0.53291,19.561,0
15.425,14.02,-0.0046998,0.5216,19.7,0
15.426,14.072,-0.12847,0.50276,19.84,0
15.418,14.122,-0.18154,0.48107,19.974,0
15.418,14.17,0,0.45716,20.102,0
15.418,14.216,0,0.43127,20.224,0
15.418,14.259,0,0.40551,20.342,0
15.418,14.299,0,0.3807,20.456,0
15.308,14.338,-0.33143,0.35999,20.539,0
15.273,14.374,-0.39744,0.33355,20.639,0
15.273,14.407,0,0.30714,20.727,0
15.273,14.438,0,0.28194,20.812,0
15.273,14.466,0,0.25182,20.894,0
15.273,14.491,0,0.22154,20.973,0
15.043,14.513,-0.51735,0.19645,20.99,0.99237
15.043,14.533,0,0.17298,21.042,0
14.953,14.55,-0.22493,0.14914,21.083,0.044159
14.953,14.565,0,0.13315,21.122,0
14.931,14.578,0.08224,0.13068,21.154,0
14.937,14.591,0.13608,0.12798,21.195,0
14.937,14.604,0,0.12645,21.229,0
14.937,14.617,0,0.13,21.261,0
14.977,14.63,-0.12764,0.12855,21.305,0
14.977,14.643,0,0.12161,21.339,0
14.977,14.655,0,0.11456,21.372,0
14.977,14.666,0,0.11398,21.403,0
14.977,14.678,0,0.11366,21.434,0
15.01,14.689,0.44231,0.119,21.467,0
15.01,14.701,0,0.12982,21.499,0
15.091,14.714,0.46746,0.13979,21.535,0
15.091,14.728,0,0.15097,21.572,0
15.179,14.743,0.3641,0.1617,21.625,0
15.179,14.759,0,0.16645,21.668,0
15.235,14.776,0.094691,0.17019,21.727,0
15.235,14.793,0,0.16477,21.772,0
15.235,14.809,0,0.16079,21.815,0
15.232,14.825,-0.13833,0.15075,21.865,0
15.225,14.84,-0.10055,0.14268,21.907,0
15.225,14.855,0,0.13142,21.945,0
15.208,14.868,-0.14291,0.12638,21.994,0
15.208,14.881,0,0.11948,22.027,0
15.208,14.892,0,0.10602,22.059,0
15.108,14.903,-1.0091,0.076168,22.103,4.8137
15.108,14.911,0,0.038836,22.123,0
14.873,14.915,-1.7421,-0.0071207,22.121,14.604
14.703,14.914,-2.0767,-0.036508,22.107,22.005
14.703,14.91,0,-0.071537,22.086,0.27568
14.703,14.903,0,-0.11219,22.066,0.17399
13.981,14.892,-2.9885,-0.15984,21.928,55.678
13.675,14.876,-3.2497,-0.21239,21.814,70.185
13.357,14.855,-3.5141,-0.26712,21.683,87.408
12.996,14.828,-3.6413,-0.33046,21.508,97.339
12.996,14.795,0,-0.39668,21.326,3.3812
12.258,14.755,-3.7106,-0.46375,21.068,104.44
11.885,14.709,-3.6495,-0.53337,20.808,101.25
11.518,14.655,-3.5437,-0.6046,20.511,95.523
11.168,14.595,-3.3654,-0.67548,20.175,86.237
10.827,14.527,-3.1019,-0.74747,19.817,74.07
10.526,14.453,-2.9762,-0.81511,19.427,69.3
10.226,14.371,-2.6837,-0.88526,19.026,58.555
9.9667,14.283,-2.6459,-0.95094,18.594,57.632
9.9667,14.188,0,-1.0198,18.167,8.7395
9.9667,14.086,0,-1.0942,17.75,7.911
9.1627,13.976,-2.741,-1.1752,17.226,61.844
8.898,13.859,-2.9655,-1.2577,16.744,70.754
8.6001,13.733,-2.8522,-1.3557,16.236,66.094
8.3234,13.597,-3.1418,-1.4533,15.722,78.364
