19.444,19.444,-0.59454,0,35.5,2.2369
19.444,19.444,0,-0.0069195,35.5,0
19.313,19.444,-0.59998,-0.013847,35.491,2.6677
19.245,19.442,-0.58348,-0.020898,35.476,2.7762
19.245,19.44,0,-0.027649,35.456,0.35361
19.245,19.438,0,-0.03387,35.437,0.33248
19.245,19.434,0,-0.039121,35.417,0.31257
19.012,19.43,-0.582,-0.044581,35.337,3.4655
19.012,19.426,0,-0.050977,35.295,0.79765
19.012,19.421,0,-0.056353,35.254,0.77034
18.838,19.415,-0.54416,-0.061791,35.186,3.7317
18.838,19.409,0,-0.066496,35.128,1.1378
18.838,19.402,0,-0.071674,35.072,1.105
18.681,19.395,-0.61454,-0.077122,34.99,4.6606
18.625,19.387,-0.57981,-0.082599,34.922,4.5795
18.565,19.379,-0.60537,-0.088454,34.843,4.9349
18.565,19.37,0,-0.094778,34.762,1.6614
18.441,19.361,-0.54126,-0.10068,34.673,4.8359
18.396,19.351,-0.52824,-0.10496,34.577,4.8614
18.335,19.34,-0.57072,-0.11088,34.484,5.3336
18.286,19.329,-0.57278,-0.11559,34.377,5.4777
18.238,19.318,-0.55427,-0.12021,34.267,5.4642
18.184,19.306,-0.53034,-0.1254,34.16,5.4291
18.136,19.293,-0.55627,-0.13011,34.036,5.7408
18.136,19.28,0,-0.1366,33.921,2.4696
18.01,19.266,-0.5174,-0.14272,33.795,5.7867
17.951,19.252,-0.49513,-0.1485,33.676,5.7709
17.897,19.237,-0.51981,-0.15382,33.544,6.0839
17.845,19.222,-0.53141,-0.15905,33.403,6.2963
17.8,19.206,-0.52569,-0.16338,33.26,6.3468
17.8,19.19,0,-0.16805,33.121,3.0859
17.8,19.173,0,-0.17341,32.982,3.0107
17.8,19.155,0,-0.17862,32.846,2.9351
17.8,19.138,0,-0.18294,32.711,2.8623
17.555,19.119,-0.49201,-0.1876,32.535,6.6052
17.555,19.1,0,-0.19265,32.379,3.4723
17.555,19.081,0,-0.19841,32.226,3.3848
17.4,19.061,-0.50174,-0.20355,32.054,6.9941
17.341,19.041,-0.44516,-0.20996,31.88,6.6801
17.341,19.02,0,-0.21368,31.711,3.8121
17.341,18.999,0,-0.21852,31.544,3.7196
17.215,18.977,-0.33026,-0.22261,31.368,6.0186
17.173,18.955,-0.32636,-0.2268,31.199,6.0445
17.173,18.932,0,-0.22952,31.022,4.0003
17.102,18.909,-0.344,-0.23409,30.828,6.2281
17.102,18.886,0,-0.2375,30.648,4.0464
17.102,18.862,0,-0.24139,30.471,3.9491
16.999,18.838,-0.39799,-0.24404,30.302,6.6873
16.999,18.813,0,-0.24874,30.119,4.0953
16.999,18.788,0,-0.25315,29.939,3.9916
16.871,18.763,-0.59373,-0.25792,29.74,8.4149
16.804,18.737,-0.63631,-0.26593,29.547,8.9283
16.745,18.711,-0.62067,-0.27291,29.357,8.8878
16.679,18.683,-0.61089,-0.28079,29.169,8.9215
16.626,18.655,-0.62224,-0.28708,28.968,9.095
16.626,18.627,0,-0.29356,28.766,4.5093
16.505,18.597,-0.71207,-0.30199,28.56,10.139
16.429,18.567,-0.7432,-0.31178,28.35,10.598
16.429,18.536,0,-0.32056,28.138,4.7405
16.429,18.504,0,-0.33161,27.929,4.5754
16.193,18.471,-0.79939,-0.34301,27.705,11.635
16.193,18.436,0,-0.3554,27.479,5.0395
16.015,18.401,-0.85107,-0.36796,27.246,12.56
16.015,18.364,0,-0.38126,27.009,5.2828
16.015,18.326,0,-0.39376,26.776,5.084
15.743,18.286,-0.88202,-0.40772,26.507,13.407
15.743,18.246,0,-0.42086,26.255,5.6257
15.743,18.204,0,-0.43389,26.007,5.4065
15.504,18.16,-0.57462,-0.4437,25.732,10.444
15.444,18.116,-0.48073,-0.4526,25.476,9.5944
15.444,18.071,0,-0.46124,25.211,5.858
15.356,18.024,-0.3164,-0.46552,24.945,8.1338
15.329,17.978,-0.31826,-0.46898,24.682,8.0415
15.329,17.931,0,-0.47253,24.419,5.7107
15.329,17.884,0,-0.47845,24.162,5.5103
15.241,17.836,-0.21982,-0.48103,23.879,7.0217
15.228,17.788,-0.20403,-0.48184,23.616,6.7681
15.228,17.74,0,-0.48354,23.362,5.3305
15.228,17.691,0,-0.48349,23.113,5.1615
15.2,17.643,0.059529,-0.48132,22.848,4.791
15.21,17.595,0.15042,-0.47681,22.605,4.1893
15.21,17.547,0,-0.47205,22.369,4.7838
15.238,17.5,0.33449,-0.46534,22.141,3.1518
15.272,17.453,0.35817,-0.45505,21.913,2.8955
15.311,17.408,0.34063,-0.44337,21.702,2.7741
15.353,17.364,0.36041,-0.43064,21.497,2.5374
15.353,17.32,0,-0.42098,21.298,3.8061
15.413,17.278,0.38652,-0.40948,21.112,2.1805
15.413,17.237,0,-0.39632,20.928,3.4645
15.483,17.198,0.40828,-0.38515,20.755,1.8525
15.52,17.159,0.38848,-0.37226,20.59,1.7664
15.555,17.122,0.39067,-0.3597,20.422,1.6358
15.555,17.086,0,-0.34698,20.267,2.7803
15.638,17.051,0.39629,-0.33076,20.135,1.3738
15.638,17.018,0,-0.31627,19.996,2.4649
15.716,16.987,0.40393,-0.30262,19.871,1.1373
15.716,16.956,0,-0.28589,19.745,2.183
15.802,16.928,0.38734,-0.27223,19.64,0.94904
15.802,16.901,0,-0.25939,19.529,1.8885
15.864,16.875,0.38545,-0.24795,19.431,0.78549
15.9,16.85,0.38425,-0.23478,19.324,0.70141
15.936,16.826,0.34844,-0.22156,19.233,0.67025
15.98,16.804,0.29687,-0.20618,19.153,0.65649
16,16.784,0.21488,-0.19714,19.072,0.74318
16.028,16.764,0.15051,-0.1861,18.995,0.80255
16.028,16.745,0,-0.17758,18.922,1.1695
16.028,16.728,0,-0.17115,18.851,1.1448
16.054,16.71,0.04909,-0.16844,18.794,0.91489
16.054,16.694,0,-0.16578,18.729,1.0158
16.054,16.677,0,-0.15983,18.666,0.99286
16.054,16.661,0,-0.15126,18.604,0.97863
16.084,16.646,0.20629,-0.14674,18.541,0.42483
16.096,16.631,0.25539,-0.14041,18.478,0.30811
16.121,16.617,0.29812,-0.13069,18.417,0.19741
16.152,16.604,0.37307,-0.11971,18.369,0.064316
16.183,16.592,0.4042,-0.10871,18.32,0
16.183,16.581,0,-0.097478,18.279,0.63558
16.183,16.572,0,-0.084834,18.24,0.64605
16.183,16.563,0,-0.074466,18.201,0.65372
16.312,16.556,0.35314,-0.06515,18.188,0
16.343,16.549,0.346,-0.055287,18.162,0
16.37,16.544,0.25942,-0.046728,18.137,0
16.37,16.539,0,-0.040841,18.119,0.26496
16.392,16.535,0.0061313,-0.038418,18.096,0.19975
16.39,16.531,-0.076246,-0.03795,18.084,0.39738
16.391,16.527,-0.15152,-0.036733,18.079,0.6041
16.372,16.523,-0.16952,-0.040941,18.07,0.68606
16.372,16.519,0,-0.043027,18.055,0.21374
16.35,16.515,-0.13037,-0.044716,18.035,0.58866
16.334,16.511,-0.12707,-0.047866,18.021,0.59776
16.334,16.506,0,-0.04825,18.004,0.25362
16.313,16.501,-0.11541,-0.051265,17.983,0.58301
16.309,16.496,-0.080594,-0.050849,17.962,0.48189
16.301,16.491,-0.087928,-0.051773,17.935,0.5065
16.289,16.486,-0.077336,-0.053827,17.911,0.48877
16.279,16.48,-0.026989,-0.055224,17.895,0.36624
16.268,16.475,-0.030757,-0.056731,17.88,0.38363
16.268,16.469,0,-0.058706,17.86,0.29303
16.251,16.463,-0.0069417,-0.058303,17.835,0.33321
16.254,16.457,-0.011538,-0.056083,17.82,0.33135
16.248,16.452,-0.084601,-0.056221,17.796,0.5186
16.248,16.446,-0.12578,-0.054859,17.776,0.6277
16.225,16.441,-0.16926,-0.0596,17.759,0.79028
16.225,16.435,0,-0.063608,17.737,0.29941
16.169,16.428,-0.34118,-0.071891,17.717,1.5097
16.136,16.421,-0.31359,-0.07915,17.691,1.4414
16.136,16.413,0,-0.087456,17.663,0.38914
16.06,16.404,-0.32906,-0.096284,17.627,1.6167
16.06,16.395,0,-0.10372,17.593,0.47747
16.001,16.384,-0.30949,-0.10796,17.542,1.6044
15.97,16.374,-0.33387,-0.11383,17.504,1.7443
15.97,16.362,0,-0.12257,17.464,0.55799
15.97,16.35,0,-0.12888,17.426,0.51581
15.853,16.337,-0.30194,-0.13805,17.369,1.7526
15.853,16.323,0,-0.14585,17.322,0.67539
15.777,16.309,-0.32821,-0.15278,17.273,1.9515
15.777,16.293,0,-0.1605,17.22,0.74293
15.777,16.277,0,-0.16629,17.169,0.6922
15.669,16.261,-0.34147,-0.17224,17.102,2.1148
15.643,16.244,-0.34284,-0.17545,17.041,2.1328
15.643,16.226,0,-0.17832,16.982,0.84719
15.593,16.208,-0.32762,-0.18149,16.931,2.0862
15.553,16.19,-0.32075,-0.18883,16.861,2.0902
15.553,16.171,0,-0.19186,16.798,0.8935
15.489,16.152,-0.30935,-0.19851,16.727,2.0775
15.465,16.132,-0.32167,-0.20066,16.668,2.1364
15.465,16.112,0,-0.20836,16.602,0.91601
15.388,16.091,-0.33242,-0.21393,16.538,2.2436
15.354,16.07,-0.35611,-0.21861,16.476,2.3715
15.354,16.048,0,-0.22212,16.406,0.98871
15.298,16.026,-0.29644,-0.22484,16.329,2.1095
15.298,16.003,0,-0.22698,16.258,1.0016
15.234,15.981,-0.33124,-0.23361,16.174,2.2866
15.192,15.957,-0.33385,-0.24091,16.107,2.3274
15.192,15.933,0,-0.24464,16.032,1.0393
15.129,15.909,-0.35752,-0.24891,15.939,2.4487
15.094,15.884,-0.34282,-0.25389,15.858,2.3901
15.055,15.858,-0.29569,-0.25945,15.788,2.1933
15.03,15.832,-0.27949,-0.26097,15.71,2.1153
14.997,15.806,-0.28626,-0.26467,15.636,2.149
14.96,15.78,-0.27915,-0.2701,15.558,2.1304
14.96,15.753,0,-0.27001,15.478,1.0925
14.96,15.726,0,-0.27046,15.4,1.0289
14.96,15.699,0,-0.26935,15.324,0.97005
14.96,15.672,0,-0.26576,15.252,0.91831
14.876,15.645,-0.1357,-0.26201,15.159,1.4677
14.868,15.619,-0.1141,-0.25732,15.082,1.3627
14.868,15.593,0,-0.25679,15.009,0.96977
14.868,15.568,0,-0.25292,14.937,0.92134
14.837,15.542,-0.058038,-0.24626,14.873,1.112
14.837,15.518,0,-0.24439,14.804,0.90199
14.825,15.493,-0.026414,-0.23605,14.735,0.96353
14.825,15.47,0,-0.23297,14.669,0.84894
14.825,15.446,0,-0.22244,14.606,0.82299
14.823,15.424,0.088948,-0.21585,14.548,0.59283
14.823,15.403,0,-0.20784,14.489,0.76595
14.845,15.382,0.16289,-0.19434,14.441,0.37132
14.845,15.362,0,-0.18571,14.388,0.68084
14.845,15.344,0,-0.17136,14.338,0.67472
14.894,15.327,0.1888,-0.15901,14.29,0.20208
14.919,15.311,0.19137,-0.14446,14.239,0.14783
14.919,15.296,0,-0.13103,14.2,0.50485
14.919,15.283,0,-0.12254,14.163,0.4964
14.969,15.271,0.14264,-0.11239,14.143,0.11182
14.976,15.26,0.16983,-0.10581,14.116,0.048385
14.994,15.249,0.15946,-0.095369,14.085,0.028856
14.994,15.24,0,-0.084827,14.06,0.32811
14.994,15.231,0,-0.080626,14.036,0.31956
15.027,15.223,0.1997,-0.073684,14.014,0
15.044,15.216,0.15974,-0.064742,14,0
15.054,15.209,0.12903,-0.058495,13.992,0
15.054,15.203,0,-0.053704,13.976,0.19417
15.054,15.198,0,-0.046726,13.962,0.19829
15.079,15.193,0.14804,-0.04325,13.956,0
15.101,15.189,0.17183,-0.033288,13.938,0
15.101,15.186,0,-0.024371,13.929,0.12281
15.137,15.183,0.21021,-0.017511,13.921,0
15.137,15.181,0,-0.011986,13.916,0.066067
15.172,15.18,0.17017,-0.003037,13.926,0
15.189,15.18,0.17239,0.002093,13.932,0
15.206,15.18,0.16918,0.0061267,13.927,0
15.228,15.181,0.14142,0.011365,13.923,0
15.248,15.182,0.073363,0.015878,13.933,0
15.248,15.184,0,0.01941,13.939,0
15.248,15.185,0,0.020389,13.946,0
15.258,15.187,-0.17809,0.016802,13.944,0.33235
15.258,15.189,0,0.010382,13.951,0
15.258,15.19,0,0.0050185,13.957,0
15.258,15.191,0,-0.00045926,13.964,0
15.258,15.191,0,-0.0046429,13.971,0
15.258,15.19,0,-0.013151,13.978,0
15.258,15.189,0,-0.02165,13.984,0
15.111,15.187,-0.2416,-0.028721,13.92,0.7658
15.111,15.184,0,-0.038135,13.913,0.06911
15.111,15.18,0,-0.04357,13.906,0.050102
15.111,15.176,0,-0.048858,13.899,0.030571
15.111,15.171,0,-0.053553,13.893,0.011438
15.111,15.165,0,-0.058986,13.887,0
15.111,15.16,0,-0.06393,13.882,0
14.966,15.153,-0.25704,-0.071343,13.856,0.97429
14.966,15.146,0,-0.082084,13.838,0.19628
14.966,15.138,0,-0.087657,13.82,0.1677
14.882,15.129,-0.27081,-0.094622,13.795,1.1062
14.882,15.12,0,-0.10478,13.771,0.26629
14.819,15.109,-0.23259,-0.11181,13.751,1.028
14.799,15.098,-0.18493,-0.11534,13.721,0.87793
14.785,15.086,-0.14285,-0.11671,13.686,0.74901
14.771,15.075,-0.084114,-0.11782,13.662,0.58421
14.756,15.063,-0.020126,-0.11941,13.639,0.42686
14.756,15.051,0,-0.11291,13.609,0.36977
14.764,15.04,-0.020675,-0.10794,13.58,0.38778
14.754,15.029,0.0072552,-0.10789,13.547,0.32244
14.76,15.018,0.013639,-0.10164,13.529,0.28811
14.76,15.008,0,-0.095806,13.503,0.30951
14.766,14.998,0.046891,-0.091914,13.475,0.18679
14.766,14.989,0,-0.086033,13.452,0.27856
14.779,14.981,0.07675,-0.08017,13.429,0.092818
14.783,14.973,0.046437,-0.075462,13.4,0.13464
14.783,14.965,0,-0.06934,13.381,0.2284
14.795,14.958,0.060411,-0.06503,13.358,0.075218
14.795,14.952,0,-0.062154,13.342,0.19009
14.807,14.945,0.10817,-0.055391,13.328,0
14.82,14.94,0.14071,-0.047915,13.32,0
14.842,14.935,0.17194,-0.037426,13.302,0
14.842,14.931,0,-0.028223,13.292,0.12456
14.888,14.928,0.21542,-0.016369,13.28,0
14.888,14.927,0,-0.010832,13.276,0.057376
14.888,14.926,0,-0.0013735,13.272,0.075597
14.948,14.926,0.25224,0.0051847,13.268,0
14.963,14.926,0.26643,0.0087852,13.267,0
14.981,14.927,0.25095,0.012745,13.278,0
14.981,14.928,0,0.017972,13.283,0
15.038,14.93,0.30759,0.025504,13.297,0
15.071,14.933,0.27887,0.032676,13.302,0
15.095,14.936,0.27547,0.037393,13.31,0
15.095,14.94,0,0.040739,13.326,0
15.145,14.944,0.25087,0.047479,13.344,0
15.175,14.948,0.2466,0.053427,13.358,0
15.208,14.954,0.26895,0.060052,13.379,0
15.232,14.96,0.292,0.064364,13.403,0
15.254,14.966,0.26068,0.068149,13.431,0
15.254,14.973,0,0.073342,13.459,0
15.306,14.98,0.23635,0.077249,13.486,0
15.306,14.988,0,0.080277,13.518,0
15.306,14.996,0,0.084386,13.549,0
15.373,15.005,0.24499,0.087713,13.601,0
15.399,15.013,0.26205,0.09199,13.637,0
15.416,15.023,0.30036,0.094128,13.677,0
15.416,15.032,0,0.10009,13.716,0
15.416,15.042,0,0.10337,13.754,0
15.496,15.052,0.29456,0.10654,13.806,0
15.517,15.063,0.27936,0.10918,13.853,0
15.541,15.074,0.23087,0.11263,13.907,0
15.571,15.085,0.21422,0.11727,13.951,0
15.595,15.097,0.25015,0.12044,13.991,0
15.612,15.109,0.26899,0.1218,14.037,0
15.639,15.121,0.31066,0.1257,14.081,0
15.661,15.134,0.30967,0.12823,14.142,0
15.683,15.146,0.30887,0.13082,14.203,0
15.683,15.16,0,0.13487,14.256,0
15.683,15.173,0,0.137,14.308,0
15.758,15.187,0.32452,0.13999,14.362,0
15.785,15.201,0.34359,0.14344,14.415,0
15.824,15.215,0.36277,0.14976,14.469,0
15.824,15.23,0,0.15702,14.529,0
15.906,15.246,0.31489,0.16313,14.598,0
15.906,15.262,0,0.16955,14.663,0
15.906,15.279,0,0.17135,14.727,0
15.906,15.296,0,0.17512,14.789,0
16.019,15.314,0.20401,0.17567,14.854,0
16.031,15.331,0.18426,0.17471,14.932,0
16.048,15.349,0.13979,0.17488,14.996,0
16.067,15.366,0.15401,0.17571,15.059,0
16.067,15.384,0,0.17553,15.128,0
16.067,15.401,0,0.17675,15.195,0
16.101,15.419,0.0080452,0.17186,15.257,0
16.101,15.436,0,0.16836,15.324,0
16.101,15.453,0,0.16181,15.39,0
16.079,15.469,-0.17942,0.15478,15.452,0
16.067,15.485,-0.21291,0.14793,15.518,0
16.047,15.499,-0.24594,0.1393,15.578,0
16.018,15.513,-0.27971,0.12865,15.633,0
16.018,15.526,0,0.11973,15.683,0
16.018,15.538,0,0.11047,15.732,0
15.939,15.549,-0.30355,0.099763,15.756,0.17106
15.915,15.559,-0.32522,0.091101,15.795,0.30561
15.915,15.568,0,0.078773,15.83,0
15.915,15.576,0,0.070821,15.864,0
15.825,15.583,-0.24526,0.062044,15.882,0.24568
15.825,15.59,0,0.056652,15.906,0
15.788,15.595,-0.20234,0.049649,15.929,0.19912
15.765,15.6,-0.20868,0.042464,15.955,0.26603
15.765,15.604,0,0.034189,15.971,0
15.73,15.608,-0.13934,0.031517,15.973,0.14001
15.73,15.611,0,0.029133,15.985,0
15.709,15.614,-0.032623,0.024446,15.989,0
15.712,15.616,0.024548,0.024654,15.995,0
15.705,15.619,0.035939,0.022292,16.01,0
15.705,15.621,0,0.0247,16.018,0
15.705,15.624,0,0.023698,16.027,0
15.711,15.626,-0.77255,0.022028,16.023,3.1395
15.711,15.628,0,0.0026719,16.032,0
15.711,15.628,0,-0.061599,16.04,0
15.711,15.622,0,-0.15885,16.048,0
15.711,15.606,0,-0.28036,16.058,0
14.294,15.578,-3.7905,-0.40602,15.814,106.97
13.917,15.538,-2.5338,-0.51852,15.675,38.712
13.653,15.486,-1.3947,-0.59453,15.506,14.129
13.653,15.426,0,-0.63257,15.326,2.435
13.426,15.363,-0.48716,-0.64997,15.115,5.1991
13.384,15.298,-0.3939,-0.65378,14.913,4.53
13.352,15.233,-0.43648,-0.65308,14.72,4.6575
13.352,15.167,0,-0.65904,14.535,2.4598
13.352,15.102,0,-0.66395,14.357,2.278
13.215,15.035,-0.39532,-0.66423,14.162,4.1482
13.215,14.969,0,-0.66835,13.983,2.275
13.136,14.902,-0.39475,-0.66559,13.81,3.9525
13.094,14.835,-0.37161,-0.66744,13.629,3.7389
13.094,14.769,0,-0.66963,13.458,2.0793
13.021,14.702,-0.24807,-0.66568,13.278,2.9773
13.021,14.635,0,-0.65771,13.113,1.9669
12.976,14.569,-0.15445,-0.65168,12.946,2.4181
12.965,14.504,-0.16212,-0.63955,12.787,2.3412
12.948,14.44,-0.13416,-0.62929,12.634,2.1544
12.945,14.377,-0.12461,-0.61342,12.485,2.0213
12.945,14.316,0,-0.6017,12.344,1.5582
12.945,14.256,0,-0.58364,12.21,1.4693
12.945,14.197,0,-4.4,12.082,174.42
12.944,13.757,0.090516,-0.35491,11.994,0.73795
12.944,13.722,0,-0.33709,11.915,0.89156
12.944,13.688,0,-4.4,11.839,271.01
12.979,13.248,0.14037,-0.11627,11.779,0.051593
12.989,13.237,0.29638,-0.10731,11.748,0
13.009,13.226,0.44033,-0.094214,11.722,0
13.049,13.216,0.59512,-0.07288,11.703,0
13.107,13.209,0.76896,-0.044352,11.69,0
13.183,13.205,0.83393,-0.0094479,11.687,0
13.275,13.204,0.87348,0.018286,11.689,0
13.369,13.206,0.90018,0.04224,11.692,0
13.459,13.21,0.89505,0.064428,11.719,0
13.544,13.216,0.88558,0.084835,11.751,0
13.636,13.225,0.8897,0.1065,11.789,0
13.636,13.235,0,0.12907,11.83,0
13.827,13.248,0.93233,0.15056,11.878,0
13.918,13.263,0.99167,0.17054,11.933,0
14.017,13.28,1.0408,0.1926,12.001,0
14.116,13.3,1.03,0.21416,12.08,0
14.116,13.321,0,0.236,12.161,0
14.116,13.345,0,0.26019,12.239,0
14.429,13.371,1.0723,0.28088,12.361,0
14.537,13.399,1.0548,0.30313,12.466,0
14.648,13.429,1.0756,0.32617,12.579,0
14.648,13.462,0,0.34868,12.699,0
14.648,13.497,0,0.37308,12.816,0
14.648,13.534,0,0.39514,12.929,0
14.648,13.573,0,0.41704,13.039,0
14.648,13.615,0,0.44043,13.144,0
15.334,13.659,1.1024,0.46206,13.446,0.04614
15.44,13.705,1.105,0.48158,13.622,0.048879
15.556,13.753,1.1077,0.50313,13.801,0.053073
15.672,13.804,1.0684,0.52432,13.984,0
15.774,13.856,1.0488,0.54118,14.169,0
15.874,13.91,1.0337,0.55714,14.359,0
15.874,13.966,0,0.57604,14.553,0
15.874,14.024,0,0.5932,14.741,0
15.874,14.083,0,0.60964,14.923,0
16.298,14.144,1.0718,0.6251,15.192,0
16.41,14.206,1.0468,0.64247,15.402,0
16.522,14.271,1.0312,0.6596,15.618,0
16.624,14.337,1.0286,0.67351,15.844,0
16.736,14.404,1.0139,0.69033,16.074,0
16.832,14.473,0.99739,0.70179,16.315,0
16.931,14.543,0.99124,0.7136,16.55,0
17.033,14.615,1.0093,0.72665,16.797,0
17.129,14.687,0.99691,0.73668,17.038,0
17.229,14.761,0.99592,0.74802,17.289,0
17.33,14.836,1.0201,0.75953,17.544,0
17.442,14.912,1.0097,0.77366,17.797,0
17.535,14.989,0.98294,0.78136,18.042,0
17.626,15.067,1.0087,0.7879,18.288,0
17.729,15.146,1.0021,0.79838,18.542,0
17.824,15.226,0.92577,0.80608,18.808,0
17.917,15.306,0.88049,0.81241,19.06,0
17.917,15.388,0,0.81473,19.317,0
18.086,15.469,0.78301,0.8197,19.586,0
18.165,15.551,0.72746,0.82138,19.849,0
18.232,15.633,0.7459,0.81876,20.112,0
18.299,15.715,0.7301,0.81615,20.365,0
18.299,15.797,0,0.81624,20.619,0
18.299,15.878,0,0.81604,20.865,0
18.517,15.96,0.66021,0.81384,21.141,0
18.517,16.041,0,0.81358,21.393,0
18.517,16.123,0,0.80666,21.636,0
18.7,16.203,0.56839,0.79922,21.9,0
18.7,16.283,0,0.79582,22.145,0
18.7,16.363,0,0.79057,22.383,0
18.7,16.442,0,0.78073,22.613,0
18.907,16.52,0.49441,0.7692,22.875,0
18.955,16.597,0.51304,0.76107,23.11,0
18.997,16.673,0.50377,0.75076,23.338,0
18.997,16.748,0,0.74143,23.567,0
19.096,16.822,0.47043,0.7365,23.8,0
19.14,16.896,0.44509,0.7274,24.02,0
19.192,16.969,0.42335,0.7213,24.239,0
19.24,17.041,0.402,0.71415,24.453,0
19.24,17.112,0,0.70237,24.669,0
19.313,17.182,0.4045,0.69281,24.879,0
19.313,17.252,0,0.68314,25.088,0
19.313,17.32,0,0.67214,25.291,0
19.313,17.387,0,0.66411,25.487,0
19.313,17.454,0,0.6534,25.676,0
19.482,17.519,0.1793,0.64102,25.928,0
19.508,17.583,0.060392,0.62921,26.123,0
19.508,17.646,-0.017904,0.6088,26.313,0
19.514,17.707,-0.073542,0.5911,26.503,0
19.513,17.766,-0.14823,0.57177,26.678,0
19.506,17.823,-0.22377,0.55075,26.84,0
19.492,17.878,-0.23716,0.52837,27.012,0
19.492,17.931,0,0.50611,27.171,0
19.492,17.982,0,0.47847,27.324,0
