0,0,-0.012257,0,35.5,0.025756
0,0,0,7.8,35.5,59.103
0.0080312,0.78,-0.0092835,7.8,35.466,79.581
0.0051559,1.56,-0.0032022,7.8,35.346,85.227
0.0062307,2.34,-0.0020738,7.8,35.161,90.868
0.0091785,3.12,0.0076015,7.8,34.882,96.239
0.018611,3.9,0.0093611,7.8,34.54,101.76
0.023372,4.68,0.014618,7.8,34.112,107.26
0.034309,5.46,0.012567,7.8,33.604,112.91
0.034309,6.24,0,6.7,33.022,104.78
0.048399,6.91,0.015448,6.7,32.363,109.19
0.057743,7.58,0.011829,6.7,31.64,114.08
0.057743,8.25,0,-0.43258,30.854,34.127
0.057703,8.2067,0.002987,-0.44714,30.044,33.68
0.052239,8.162,0.00031993,-0.46284,29.231,33.326
0.052239,8.1157,0,-0.47905,28.423,32.893
0.042461,8.0678,0.0039419,-0.49658,27.623,32.438
0.042461,8.0182,0,-0.51523,26.823,32.013
0.042461,7.9667,0,-0.53429,26.028,31.521
0.042461,7.9132,0,-0.5548,25.238,31.006
0.042461,7.8577,0,-0.57519,24.454,30.482
0.038672,7.8002,0.018449,-0.598,23.658,29.704
0.035792,7.7404,0.0086061,-0.62157,22.891,29.276
0.031136,7.6783,0.0028211,-0.64666,22.131,28.779
0.030658,7.6136,-0.0011012,-0.67311,21.371,28.208
0.039462,7.5463,-0.0069435,-0.69982,20.625,27.595
0.043916,7.4763,-0.0075844,-0.72848,19.887,26.91
0.043916,7.4035,0,-0.75948,19.147,26.115
0.044444,7.3275,-0.0088707,-0.79288,18.417,25.487
0.047041,7.2482,-0.010358,-0.82832,17.686,24.724
0.047041,7.1654,0,-0.86511,16.97,23.812
0.045238,7.0789,0.0067125,-0.90545,16.266,22.912
0.046114,6.9883,0.0089345,-0.94744,15.568,22.025
0.041251,6.8936,0.0026588,-0.9929,14.88,21.222
0.03877,6.7943,0.0043842,-1.0415,14.195,20.278
0.032672,6.6902,0.001733,-1.0942,13.518,19.355
0.032672,6.5807,0,-1.1486,12.858,18.367
0.032672,6.4659,0,-1.2072,12.209,17.32
0.0057923,6.3452,-0.0052266,-1.2698,11.583,16.375
0.0057923,6.2182,0,-1.3387,10.955,15.231
0.0013812,6.0843,-0.0051066,-1.4061,10.332,14.13
-0.0076599,5.9437,0.00039997,-1.4799,9.7342,13.694
-0.0091849,5.7957,0.0016905,-1.5578,9.1428,13.227
-0.0080687,5.6399,-6.1289e-05,-1.6387,8.5663,12.739
-0.0062168,5.4761,-0.005106,-1.7225,8.0066,12.234
-0.0013263,5.3038,-0.0074146,-8.8,7.4667,0
-0.0013263,4.4238,0,-8.8,6.9802,0
-0.01351,3.5438,-0.01341,-8.8,6.5824,0
-0.014203,2.6638,-0.010539,-8.8,6.2652,0
-0.0083113,1.7838,-0.010579,-0.26668,6.0438,7.7394
-0.0083113,1.7571,0,-8.8,5.866,0
-0.0083113,0.87715,0,-0.0070489,5.7334,6.4041
-0.0083113,0.87644,0,-0.0070891,5.6449,6.4026
-0.021604,0.87573,-0.0080066,-0.0080066,5.5621,6.4433
-0.022485,0.87493,-0.0098493,-0.0098493,5.4806,6.4434
-0.022485,0.87395,0,-8.8,5.3909,0
-0.024114,0,-0.014346,-0.014346,5.3381,4.6532
-0.023357,0,-0.015275,-0.015275,5.3341,4.6516
-0.023357,0,0,-0.015784,5.3318,4.6184
-0.026009,0,-0.013442,-0.013442,5.3458,4.657
-0.026009,0,0,-0.012722,5.3433,4.6303
-0.026009,0,0,-0.0070337,5.3408,4.6423
-0.044569,0,-0.00078003,-0.00078003,5.3337,4.6951
-0.039085,0,0.0028759,0.0028759,5.336,4.6838
-0.039085,0.00028759,0,0.0034477,5.3321,4.6917
-0.038908,0.00063236,0.0039283,0.0039283,5.3318,4.6848
-0.034731,0.0010252,0.0039346,0.0039346,5.3364,4.677
-0.030229,0.0014186,0.0031757,0.0031757,5.3363,4.6686
-0.025753,0.0017362,0.0061927,0.0061927,5.3244,4.6601
-0.033068,0.0023555,0.0064594,0.0064594,5.3241,4.6763
-0.033411,0.0030014,0.0060988,0.0060988,5.3133,4.6784
-0.023274,0.0036113,0.0059581,0.0059581,5.309,4.6588
-0.014811,0.0042071,0.0040153,0.0040153,5.3028,4.6427
-0.014811,0.0046086,0,0.0018059,5.3009,4.6473
-0.016072,0.0047892,0.0042799,0.0042799,5.3118,4.6465
-0.0085997,0.0052172,0.0038942,0.0038942,5.3077,4.632
-0.0031253,0.0056066,0.0059651,0.0059651,5.3053,4.6216
-0.0097322,0.0062032,0.0069443,0.0069443,5.3025,4.6364
-0.0071306,0.0068976,0.0056151,0.0056151,5.2915,4.6325
-0.0071306,0.0074591,0,0.0030703,5.2901,4.6401
-0.0071306,0.0077661,0,0.003355,5.2886,4.6413
0.0077775,0.0081016,0.0014406,0.0014406,5.2876,0.00066453
0.017292,0.0082457,-0.0012947,-0.0012947,5.2916,0
0.020152,0.0081162,0.0030658,0.0030658,5.3022,0
0.013692,0.0084228,0.0035503,0.0035503,5.3118,0
0.0082055,0.0087778,0.0052123,0.0052123,5.3027,0.0011735
0.0078022,0.0092991,0.00011794,0.00011794,5.305,0.0030699
-0.00095393,0.0093109,-0.00050214,-0.00050214,5.2995,0.021044
-0.002823,0.0092606,-0.0025635,-0.0025635,5.299,0.024773
0.004312,0.0090043,-0.0049413,-0.0049413,5.289,0.0096192
0.004312,0.0085102,0,-0.010247,5.2886,0
0.004312,0.0074855,0,-0.0073,5.2882,0
0.004312,0.0067555,0,-0.01112,5.2879,0
0.004312,0.0056435,0,-0.0098032,5.2877,0
0.010663,0.0046632,-0.0055301,-0.0055301,5.3071,0
0.010663,0.0041102,0,-0.0058096,5.3077,0
0.014441,0.0035292,-0.010453,-0.010453,5.3245,0
0.021738,0.0024839,-0.010461,-0.010461,5.3353,0
0.023544,0.0014378,-0.0087294,-0.0087294,5.3408,0
0.023544,0.00056485,0,-0.0074527,5.3431,0
0.027474,0,-0.0061932,-0.0061932,5.3398,0
0.018775,0,-0.00015801,-0.00015801,5.3506,0
0.022127,0,0.0066555,0.0066555,5.3536,0
0.022127,0.00066555,0,0.0012293,5.3557,0
0.022127,0.00078849,0,0.0041824,5.3579,0
0.022127,0.0012067,0,0.0052334,5.36,0
0.044886,0.0017301,0.0044915,0.0044915,5.3764,0
0.046773,0.0021792,0.0041452,0.0041452,5.3741,0
0.049091,0.0025937,0.0052068,0.0052068,5.3836,0
0.052717,0.0031144,0.0022962,0.0022962,5.382,0
0.055109,0.003344,0.0012477,0.0012477,5.3783,0
0.05802,0.0034688,-0.0018558,-0.0018558,5.3876,0
0.05802,0.0032832,0,-0.0098375,5.3931,0
0.043272,0.0022995,-0.0098093,-0.0098093,5.393,0
0.043272,0.0013185,0,-0.013908,5.3971,0
0.042403,0,-0.015784,-0.015784,5.3949,0
0.042403,0,0,-0.014109,5.3992,0
0.042403,0,0,-0.0054263,5.4035,0
0.037698,0,-0.0030243,-0.0030243,5.3965,0
0.037698,0,0,-0.0022144,5.4002,0
0.043211,0,0.0018108,0.0018108,5.4142,0
0.043211,0.00018108,0,0.0046219,5.4186,0
0.043211,0.00064327,0,0.0075422,5.4228,0
0.048896,0.0013975,0.0056728,0.0056728,5.4146,0
0.039587,0.0019648,0.0070213,0.0070213,5.415,0
0.050003,0.0026669,0.0048435,0.0048435,5.4175,0
0.050003,0.0031512,0,0.0055175,5.4222,0
0.050003,0.003703,0,0.0014127,5.4269,0
0.039529,0.0038443,-0.00081647,-0.00081647,5.44,0
0.039529,0.0037626,0,-0.0051764,5.4436,0
0.04211,0.003245,-0.0023671,-0.0023671,5.4486,0
0.041112,0.0030083,-0.0050451,-0.0050451,5.4544,0
0.047802,0.0025038,-0.002792,-0.002792,5.4653,0
0.05066,0.0022246,-0.0025709,-0.0025709,5.4688,0
0.048806,0.0019675,0.003342,0.003342,5.4706,0
0.043183,0.0023017,-0.0059032,-0.0059032,5.4767,0
0.048524,0.0017113,-6.0413e-06,-6.0413e-06,5.4806,0
0.048524,0.0017107,0,-0.00021715,5.4853,0
0.055537,0.001689,0.0065,0.0065,5.5028,0
0.055537,0.002339,0,0.0064301,5.5081,0
0.05569,0.002982,0.011033,0.011033,5.5232,0
0.066457,0.0040853,0.0055458,0.0055458,5.5291,0
0.066457,0.0046399,0,0.0039874,5.5353,0
0.066457,0.0050386,0,0.0020587,5.5414,0
0.081223,0.0052445,0.0030188,0.0030188,5.5377,0
0.081223,0.0055464,0,0.0069042,5.5453,0
0.081223,0.0062368,0,0.010025,5.5528,0
0.081223,0.0072393,0,0.014604,5.5603,0
0.096036,0.0086997,0.010918,0.010918,5.5592,0
0.091441,0.0097915,0.0056925,0.0056925,5.5587,0
0.098578,0.010361,0.0071278,0.0071278,5.5574,0
0.098578,0.011074,0,0.0052038,5.5662,0
0.098578,0.011594,0,0.0019078,5.5749,0
0.1055,0.011785,0.0022304,0.0022304,5.5997,0
0.10616,0.012008,0.0098858,0.0098858,5.6124,0
0.10506,0.012996,0.0094486,0.0094486,5.6307,0
0.10506,0.013941,0,0.014783,5.6399,0
0.12134,0.015419,0.018499,0.018499,5.6546,0
0.12134,0.017269,0,0.020555,5.6651,0
0.13422,0.019325,0.012768,0.012768,5.6646,0
0.13858,0.020602,0.013092,0.013092,5.68,0
0.14619,0.021911,0.008866,0.008866,5.6882,0
0.14874,0.022797,0.0062656,0.0062656,5.6934,0
0.15786,0.023424,0.0059318,0.0059318,5.7128,0
0.15048,0.024017,0.012737,0.012737,5.7204,0
0.15048,0.025291,0,0.015312,5.733,0
0.15048,0.026822,0,0.015312,5.7454,0
0.15048,0.028353,0,0.015072,5.7577,0
0.17039,0.02986,0.015539,0.015539,5.765,0
0.16577,0.031414,0.011931,0.011931,5.7743,0
0.16577,0.032608,0,0.012276,5.7877,0
0.16577,0.033835,0,0.0086096,5.8009,0
0.16577,0.034696,0,0.0076618,5.8141,0
0.16328,0.035462,0.0068815,0.0068815,5.8194,0
0.16913,0.03615,0.0065804,0.0065804,5.8379,0
0.16913,0.036808,0,0.0058309,5.8511,0
0.16715,0.037391,0.011072,0.011072,5.8699,0
0.16777,0.038499,0.014194,0.014194,5.8831,0
0.16777,0.039918,0,0.018284,5.896,0
0.1629,0.041747,0.022523,0.022523,5.9129,0
0.16736,0.043999,0.021021,0.021021,5.922,0
0.16736,0.046101,0,0.017608,5.9343,0
0.16736,0.047862,0,0.016257,5.9463,0
0.16736,0.049487,0,0.01823,5.9582,0
0.17496,0.05131,0.01579,0.01579,5.9572,0
0.1746,0.052889,0.0050403,0.0050403,5.9744,0
0.18502,0.053393,0.002043,0.002043,5.989,0
0.18264,0.053598,0.0023473,0.0023473,6.0097,0
0.17619,0.053833,0.0030446,0.0030446,6.0198,0
0.17619,0.054137,0,0.003323,6.0321,0
0.17957,0.054469,0.0093808,0.0093808,6.0316,0
0.18111,0.055407,0.016342,0.016342,6.04,0
0.18851,0.057042,0.012408,0.012408,6.0472,0
0.18475,0.058282,0.009029,0.009029,6.0626,0
0.1945,0.059185,0.0086113,0.0086113,6.0689,0
0.1945,0.060046,0,0.0064712,6.0824,0
0.20138,0.060693,0.010376,0.010376,6.0951,0
0.20519,0.061731,0.011021,0.011021,6.1101,0
0.20519,0.062833,0,0.0023773,6.1243,0
0.20519,0.063071,0,0.0062904,6.1386,0
0.20758,0.0637,0.012349,0.012349,6.1439,0
0.20758,0.064935,0,0.0054541,6.1582,0
0.21402,0.06548,0.0036161,0.0036161,6.1698,0
0.20719,0.065842,0.010164,0.010164,6.1814,0
0.21388,0.066858,-0.0040037,-0.0040037,6.2054,0
0.20872,0.066458,-0.0093684,-0.0093684,6.2194,0
0.20872,0.065521,0,-0.013313,6.2336,0
0.2175,0.06419,-0.013694,-0.013694,6.243,0
0.2175,0.06282,0,-0.021477,6.2584,0
0.2175,0.060673,0,-0.012755,6.274,0
0.20711,0.059397,-0.0091493,-0.0091493,6.2604,0
0.20026,0.058482,-0.0087858,-0.0087858,6.268,0
0.20026,0.057604,0,-0.011876,6.2823,0
0.20026,0.056416,0,-0.00603,6.2966,0
0.19618,0.055813,-0.0099379,-0.0099379,6.3008,0
0.19773,0.054819,-0.012876,-0.012876,6.3164,0
0.19589,0.053532,-0.010966,-0.010966,6.3375,0
0.19552,0.052435,-0.0058023,-0.0058023,6.3449,0
0.19321,0.051855,-0.007948,-0.007948,6.3547,0
0.19321,0.05106,0,-0.0093171,6.3689,0
0.19847,0.050128,-0.0055847,-0.0055847,6.378,0
0.19847,0.04957,0,-0.0022768,6.3928,0
0.19953,0.049342,-0.0046875,-0.0046875,6.415,0
0.19953,0.048873,0,-0.0037075,6.4301,0
0.19953,0.048503,0,-0.0019484,6.4452,0
0.19953,0.048308,0,-0.0059239,6.4603,0
0.1912,0.047715,-0.012395,-0.012395,6.4764,0
0.1912,0.046476,0,-0.013668,6.4908,0
0.18598,0.045109,-0.015359,-0.015359,6.5086,0
0.18483,0.043573,-0.017523,-0.017523,6.5134,0
0.17831,0.041821,-0.016438,-0.016438,6.5211,0
0.17147,0.040177,-0.010063,-0.010063,6.5372,0
0.18011,0.039171,-0.011714,-0.011714,6.5595,0
0.1881,0.037999,-0.011738,-0.011738,6.5681,0
0.1881,0.036826,0,-0.0078779,6.5831,0
0.19363,0.036038,-0.0084885,-0.0084885,6.5921,0
0.18386,0.035189,-0.010465,-0.010465,6.6,0
0.18908,0.034143,-0.0034191,-0.0034191,6.6057,0
0.18908,0.033801,0,-0.0010346,6.6212,0
0.19594,0.033697,-0.0025621,-0.0025621,6.641,0
0.19594,0.033441,0,-0.0013548,6.6573,0
0.19594,0.033305,0,-0.0052286,6.6735,0
0.19839,0.032783,-0.0061831,-0.0061831,6.7018,0
0.20489,0.032164,-0.0081008,-0.0081008,6.7114,0
0.20489,0.031354,0,-0.0076329,6.7287,0
0.19813,0.030591,-0.01239,-0.01239,6.74,0
0.20312,0.029352,-0.011679,-0.011679,6.7523,0
0.20769,0.028184,-0.017747,-0.017747,6.7732,0
0.21404,0.026409,-0.017734,-0.017734,6.7973,0
0.21404,0.024636,0,-0.017231,6.8162,0
0.21159,0.022913,-0.013846,-0.013846,6.8315,0
0.21159,0.021528,0,-0.013743,6.8505,0
0.21159,0.020154,0,-0.0090037,6.8696,0
0.20136,0.019253,-0.0097085,-0.0097085,6.8993,0
0.20136,0.018283,0,-0.012856,6.9175,0
0.19326,0.016997,-0.014031,-0.014031,6.9329,0
0.19326,0.015594,0,-0.010516,6.9506,0
0.19326,0.014542,0,-0.013878,6.9684,0
0.18339,0.013155,-0.011742,-0.011742,6.9842,0
0.18444,0.01198,-0.0021079,-0.0021079,7.0069,0
0.18444,0.01177,0,0.0044249,7.0241,0
0.17616,0.012212,0.0056259,0.0056259,7.0442,0
0.17956,0.012775,0.011752,0.011752,7.0604,0
0.17956,0.01395,0,0.018758,7.077,0
0.1729,0.015826,0.017071,0.017071,7.0839,0
0.1729,0.017533,0,0.014697,7.0995,0
0.18405,0.019002,0.02003,0.02003,7.1175,0
0.18405,0.021005,0,0.023064,7.1339,0
0.18405,0.023312,0,0.019212,7.1501,0
0.19389,0.025233,0.012784,0.012784,7.1714,0
0.19389,0.026511,0,0.012967,7.1882,0
0.19473,0.027808,0.0083853,0.0083853,7.1889,0
0.19473,0.028647,0,0.0038818,7.2055,0
0.18222,0.029035,0.0053164,0.0053164,7.227,0
0.18447,0.029567,0.01296,0.01296,7.2377,0
0.18046,0.030863,0.013945,0.013945,7.252,0
0.18046,0.032257,0,0.014024,7.2669,0
0.18046,0.033659,0,0.018156,7.2816,0
0.18547,0.035475,0.014889,0.014889,7.2989,0
0.18547,0.036964,0,0.010406,7.3138,0
0.18547,0.038005,0,0.0083571,7.3286,0
0.1798,0.03884,0.0064424,0.0064424,7.3327,0
0.185,0.039485,0.0026662,0.0026662,7.3375,0
0.1839,0.039751,0.0082735,0.0082735,7.3555,0
0.1839,0.040579,0,0.0093728,7.3699,0
0.19513,0.041516,0.012779,0.012779,7.4033,0
0.18976,0.042794,0.011553,0.011553,7.4117,0
0.18976,0.043949,0,0.0099989,7.4264,0
0.18981,0.044949,0.0010936,0.0010936,7.4275,0
0.18981,0.045058,0,0.0013367,7.4419,0
0.18928,0.045192,0.0033653,0.0033653,7.4546,0
0.18928,0.045529,0,0.011985,7.469,0
0.18405,0.046727,0.012119,0.012119,7.4726,0
0.18405,0.047939,0,0.046374,7.4863,0
0.19068,0.052576,0.12258,0.12258,7.4879,0
0.19068,0.064834,0,0.20107,7.5011,0.21222
0.19068,0.084941,0,0.28311,7.5126,0.50678
0.23956,0.11325,0.37004,0.37004,7.5177,0
0.27289,0.15026,0.45533,0.45533,7.5224,0
0.27289,0.19579,0,0.51789,7.5324,1.4574
0.27289,0.24758,0,0.75656,7.5375,2.7429
0.27289,0.32323,0,1.2603,7.5362,6.0207
0.5823,0.44926,1.9877,1.9877,7.5908,0
0.78231,0.64804,2.7425,2.7425,7.5994,0
1.0635,0.92229,3.2654,2.1165,7.6151,0
1.3876,1.1339,3.3196,2.7015,7.6439,0
1.7252,1.4041,2.9118,2.404,7.6797,0
1.7252,1.6445,0,2.1176,7.6998,11.841
2.236,1.8563,1.6075,1.7987,7.7534,0
2.236,2.0361,0,1.4353,7.7823,6.1196
2.5366,2.1797,1.9723,1.3045,7.8319,0
2.7298,2.3101,2.5072,1.3966,7.8614,0
2.7298,2.4498,0,1.6232,7.8964,7.0713
2.7298,2.6121,0,1.7872,7.9163,9.0313
2.7298,2.7908,0,1.8576,7.9191,10.441
3.7408,2.9766,0.58287,1.7102,8.0981,1.8411
3.7951,3.1476,-1.1491,1.3298,8.1671,15.394
3.6899,3.2806,-2.7462,0.78826,8.2107,10.409
3.6899,3.3594,0,0.087894,8.2477,0
3.0215,3.3682,-4.3207,-0.061854,8.2079,10.949
3.0215,3.362,0,-0.14071,8.1736,0.40398
3.0215,3.3479,0,-0.21155,8.1402,0.23163
1.8742,3.3268,-2.189,-0.27143,7.9167,8.4989
1.6652,3.2996,-1.2114,-0.3123,7.7687,7.1079
1.545,3.2684,-0.57691,-0.33817,7.597,6.9382
1.4895,3.2346,-0.12226,-0.35111,7.4319,3.9953
1.4895,3.1995,0,-0.35465,7.2591,3.2859
1.5156,3.164,0.5237,-0.34956,7.0956,1.5545
1.5627,3.1291,0.63656,-0.3406,6.9379,1.2534
1.627,3.095,0.91363,-0.32682,6.7906,0.96382
1.627,3.0623,0,-0.30648,6.6454,2.6585
1.627,3.0317,0,-0.27066,6.5034,2.7086
2.078,3.0046,2.7793,-8.8,6.4266,6.5988
2.3539,2.1246,3.4564,0.73062,6.3975,5.6924
2.3539,2.1977,0,1.4951,6.4167,6.7211
3.0904,2.3472,4.2178,2.0316,6.4925,1.8477
3.5145,2.5503,4.363,2.3198,6.574,1.2484
3.5145,2.7823,0,2.4452,6.6588,11.255
4.3935,3.0268,4.4989,2.547,6.804,1.146
4.3935,3.2815,0,2.5849,6.9279,10.49
4.3935,3.54,0,2.6052,7.0262,11.974
4.3935,3.8005,0,2.6063,7.0985,13.336
4.3935,4.0612,0,2.5919,7.1448,14.588
6.564,4.3204,4.0531,2.5839,7.7244,0.63613
6.564,4.5787,0,2.5634,7.9359,6.1075
7.3514,4.8351,3.6916,2.533,8.2019,0
7.7299,5.0884,3.4526,2.5093,8.4577,0
8.0749,5.3393,3.2479,2.4636,8.7181,0
8.3926,5.5857,3.0691,2.4114,8.9986,0
8.6948,5.8268,3.0226,2.3595,9.2789,0
8.6948,6.0628,0,2.3242,9.5539,1.7218
9.2958,6.2952,3.034,2.2927,9.8727,0
9.5926,6.5245,3.0293,2.2697,10.181,0
9.5926,6.7514,0,2.2595,10.476,0.54532
9.5926,6.9774,0,2.2571,10.749,1.3896
9.5926,7.2031,0,2.2433,10.999,2.1971
10.813,7.4274,3.0438,2.2439,11.476,0.65605
10.813,7.6518,0,2.2403,11.803,0
10.813,7.8758,0,2.2369,12.108,0.070207
11.712,8.0995,2.8095,2.2386,12.518,0.13866
11.712,8.3234,0,2.2332,12.869,0
11.712,8.5467,0,2.2022,13.196,0
11.712,8.7669,0,2.1727,13.502,0
12.709,8.9842,2.0694,2.1414,13.98,0
12.92,9.1983,1.9368,2.1059,14.353,0
12.92,9.4089,0,2.0695,14.715,0
13.32,9.6159,1.8039,2.0358,15.099,0
13.507,9.8195,1.644,1.9999,15.471,0
13.663,10.019,1.5208,1.9503,15.832,0
13.824,10.214,1.4566,1.9085,16.187,0
13.962,10.405,1.3435,1.8596,16.55,0
13.962,10.591,0,1.8112,16.896,0
13.962,10.772,0,1.7699,17.224,0
13.962,10.949,0,1.7294,17.535,0
14.482,11.122,1.2504,1.6902,17.959,0
14.482,11.291,0,1.6565,18.286,0
14.482,11.457,0,1.6244,18.597,0
14.482,11.619,0,1.5862,18.892,0
14.949,11.778,0.77829,1.5421,19.254,0
15.029,11.932,0.56864,1.4955,19.573,0
15.029,12.082,0,1.4394,19.875,0
15.124,12.226,0.1585,1.381,20.176,0
15.14,12.364,0.01541,1.3138,20.45,0
15.14,12.495,0,1.2415,20.721,0
15.126,12.619,-0.14541,1.1732,20.985,0
15.107,12.737,-0.11861,1.1034,21.224,0
15.102,12.847,-0.03743,1.0445,21.457,0
15.096,12.952,0.013398,0.98935,21.684,0
15.096,13.05,0,0.94442,21.894,0
15.114,13.145,0.036286,0.90064,22.083,0
15.114,13.235,0,0.86184,22.275,0
15.114,13.321,0,0.82129,22.458,0
15.126,13.403,0.13653,0.77951,22.632,0
15.126,13.481,0,0.74943,22.8,0
15.157,13.556,0.31401,0.72029,22.969,0
15.18,13.628,0.3753,0.69653,23.132,0
15.209,13.698,0.426,0.67668,23.294,0
15.254,13.765,0.41382,0.66483,23.438,0
15.304,13.832,0.44499,0.65571,23.591,0
15.339,13.898,0.47237,0.64072,23.745,0
15.339,13.962,0,0.62998,23.886,0
15.437,14.025,0.54212,0.62461,24.016,0
15.487,14.087,0.548,0.61778,24.151,0
15.538,14.149,0.57279,0.61175,24.29,0
15.538,14.21,0,0.61133,24.425,0
15.649,14.271,0.49961,0.60409,24.566,0
15.649,14.332,0,0.59989,24.7,0
15.754,14.392,0.39712,0.59465,24.836,0
15.754,14.451,0,0.58735,24.969,0
15.754,14.51,0,0.57584,25.096,0
15.855,14.567,0.16487,0.55894,25.239,0
15.855,14.623,0,0.5398,25.365,0
15.878,14.677,0.018047,0.51891,25.482,0
15.872,14.729,-0.073045,0.4931,25.601,0
15.872,14.778,-0.14506,0.47106,25.711,0
15.863,14.826,-0.23468,0.44608,25.819,0
15.863,14.87,0,0.41891,25.92,0
15.822,14.912,-0.39308,0.3901,26.008,0.093687
15.781,14.951,-0.42901,0.35505,26.086,0.34104
15.746,14.987,-0.45773,0.32463,26.16,0.55335
15.694,15.019,-0.46399,0.28814,26.237,0.68905
15.694,15.048,0,0.25557,26.303,0
15.596,15.073,-0.4594,0.22251,26.355,0.86302
15.546,15.096,-0.48637,0.19179,26.394,1.08
15.546,15.115,0,0.16455,26.439,0
15.546,15.131,0,0.1377,26.481,0
15.408,15.145,-0.59835,0.11156,26.512,1.9036
15.358,15.156,-0.67546,0.085475,26.528,2.4357
15.289,15.165,-0.6986,0.052844,26.535,2.6851
15.224,15.17,-0.68533,0.023072,26.551,2.6993
15.153,15.172,-0.68865,-0.0025695,26.557,2.8557
15.093,15.172,-0.68246,-0.010367,26.542,3
15.017,15.171,-0.63649,-0.020207,26.521,2.9409
15.017,15.169,0,-0.028614,26.506,0.25743
14.884,15.166,-0.58459,-0.037074,26.461,3.0084
14.825,15.162,-0.56019,-0.044412,26.424,3.0259
14.825,15.158,0,-0.051096,26.391,0.60586
14.72,15.153,-0.50135,-0.05726,26.35,2.9613
14.674,15.147,-0.45421,-0.062577,26.313,2.8075
14.674,15.141,0,-0.06699,26.266,0.87829
14.604,15.134,-0.31625,-0.070582,26.216,2.2526
