0,0,1.8892,0,35.5,0
0.19295,0,1.9151,7.8,35.502,40.628
0.19295,0.78,0,7.8,35.482,78.385
0.571,1.56,2.0174,7.8,35.424,46.213
0.77724,2.34,2.0799,7.8,35.288,48.763
0.97856,3.12,2.1404,7.8,35.094,51.382
1.2025,3.9,2.1512,7.8,34.856,54.598
1.2025,4.68,0,7.8,34.548,99.051
1.2025,5.46,0,7.8,34.161,104.7
1.8348,6.24,2.0523,6.7,33.788,55.025
2.0435,6.91,2.0165,6.7,33.318,58.379
2.252,7.58,2.0076,6.7,32.81,61.37
2.252,8.25,0,6.7,32.243,103.28
2.6361,8.92,1.959,-0.34642,31.638,8.8031
2.829,8.8854,1.9242,-0.34354,31.017,8.2849
2.829,8.851,0,-0.34,30.413,22.6
2.829,8.817,0,-0.33636,29.812,22.448
3.3984,8.7834,1.8506,-0.33144,29.297,6.732
3.3984,8.7502,0,-0.32575,28.76,19.152
3.7839,8.7176,1.8083,-0.31946,28.272,5.7558
3.7839,8.6857,0,-0.31332,27.78,16.945
4.1445,8.6544,1.7744,-0.30626,27.336,4.8944
4.3298,8.6237,1.7575,-0.29841,26.894,4.485
4.3298,8.5939,0,-0.29017,26.466,13.985
4.3298,8.5649,0,-0.28208,26.041,13.908
4.8451,8.5367,1.7194,-0.27332,25.71,3.4382
5.0139,8.5093,1.6888,-0.26411,25.342,3.1596
5.0139,8.4829,0,-0.25371,24.994,10.574
5.3461,8.4576,1.6046,-0.24387,24.687,2.6737
5.3461,8.4332,0,-0.23306,24.377,9.0535
5.6757,8.4099,1.5014,-0.22158,24.103,2.2416
5.8245,8.3877,1.4451,-0.21088,23.841,2.0587
5.8245,8.3666,0,-0.19975,23.586,7.0254
6.1118,8.3467,1.3469,-0.18894,23.377,1.7079
6.2471,8.3278,1.2504,-0.17822,23.157,1.5746
6.3694,8.3099,1.178,-0.16832,22.95,1.4449
6.4863,8.2931,1.1444,-0.15848,22.765,1.2994
6.4863,8.2773,0,-0.14877,22.585,4.5063
6.4863,8.2624,0,-0.13921,22.407,4.5027
6.4863,8.2485,0,-0.1283,22.23,4.5093
6.9432,8.2356,1.2359,-0.11799,22.118,0.80774
6.9432,8.2238,0,-0.10693,21.99,3.0092
6.9432,8.2131,0,-0.095417,21.862,3.0256
6.9432,8.2036,0,-0.083956,21.736,3.0456
7.4322,8.1952,1.1864,-0.071523,21.696,0.48772
7.4322,8.188,0,-0.059225,21.621,1.6514
7.4322,8.1821,0,-0.047119,21.545,1.6779
7.8156,8.1774,1.2639,-0.034278,21.525,0.56839
7.935,8.174,1.3195,-0.022701,21.487,0.72192
7.935,8.1717,0,-0.010236,21.463,0.49104
8.1899,8.1707,1.4359,0.018927,21.468,1.1121
8.3295,8.1726,1.4709,0.15491,21.483,0.785
8.3295,8.1881,0,0.28319,21.498,0.4156
8.3295,8.2164,0,0.41099,21.51,0.92815
8.7917,8.2575,1.5409,0.52039,21.581,0
8.7917,8.3095,0,0.60686,21.632,0.60925
8.7917,8.3702,0,0.69224,21.677,1.1313
8.7917,8.4394,0,0.76798,21.716,1.6864
8.7917,8.5162,0,0.83607,21.747,2.2719
8.7917,8.5998,0,0.88539,21.771,2.8196
8.7917,8.6884,0,0.91936,21.785,3.3264
9.8472,8.7803,1.4843,0.96104,22.176,0
9.8472,8.8764,0,0.99639,22.278,0.72336
9.8472,8.9761,0,1.0223,22.37,1.1598
10.287,9.0783,1.5099,1.0442,22.519,0
10.287,9.1827,0,1.0691,22.634,0.61822
10.287,9.2896,0,1.0884,22.739,1.0504
10.734,9.3985,1.4753,1.1058,22.917,0
10.734,9.509,0,1.1165,23.045,0.44563
10.734,9.6207,0,1.1257,23.162,0.84382
10.734,9.7333,0,1.1418,23.268,1.2925
10.734,9.8474,0,1.1585,23.362,1.7673
11.475,9.9633,1.4651,1.1653,23.594,0
11.615,10.08,1.4482,1.1676,23.754,0
11.757,10.197,1.4294,1.1711,23.917,0
11.898,10.314,1.4318,1.1736,24.073,0
11.898,10.431,0,1.1769,24.225,0
11.898,10.549,0,1.1773,24.366,0.31847
11.898,10.666,0,1.1787,24.495,0.70065
12.449,10.784,1.3052,1.1715,24.721,0
12.577,10.901,1.25,1.1658,24.894,0
12.577,11.018,0,1.1599,25.056,0
12.577,11.134,0,1.1432,25.206,0
12.577,11.248,0,1.1316,25.345,0.18677
13.018,11.362,0.75085,1.1017,25.572,0
13.1,11.472,0.52939,1.0713,25.74,0
13.1,11.579,0,1.0235,25.898,0
13.1,11.681,0,0.96692,26.045,0
13.202,11.778,0.079123,0.9118,26.211,0
13.2,11.869,0.071164,0.84498,26.342,0
13.198,11.954,0.071789,0.78427,26.479,0
13.198,12.032,0,0.7287,26.6,0
13.198,12.105,0,0.67682,26.713,0
13.188,12.173,-0.025947,0.62782,26.82,0
13.181,12.235,-0.14724,0.58137,26.913,0
13.181,12.293,0,0.53968,27.005,0
13.155,12.347,-0.30141,0.49189,27.096,0.42572
13.12,12.397,-0.38544,0.43874,27.167,0.83553
13.087,12.44,-0.49474,0.39051,27.232,1.4118
13.087,12.48,0,0.33374,27.295,0
13.087,12.513,0,0.27907,27.354,0
12.932,12.541,-0.59115,0.23419,27.383,2.0465
12.866,12.564,-0.64706,0.1805,27.425,2.4161
12.792,12.582,-0.72576,0.12539,27.454,2.9545
12.724,12.595,-0.84198,0.077002,27.468,3.8043
12.724,12.603,0,0.020174,27.48,0
12.537,12.605,-0.97732,-0.0068677,27.471,5.1862
12.537,12.604,0,-0.017152,27.464,0.10242
12.333,12.602,-1.0387,-0.027199,27.45,6.5462
12.333,12.599,0,-0.036829,27.423,0.48928
12.141,12.596,-1.1088,-0.046204,27.374,8.0349
12.03,12.591,-1.3307,-0.057171,27.321,11.136
11.894,12.585,-1.5824,-0.070642,27.261,15.442
11.894,12.578,0,-0.086635,27.192,1.3661
11.894,12.57,0,-0.10601,27.124,1.2817
11.334,12.559,-2.3413,-0.12713,26.974,35.19
11.092,12.546,-2.3764,-0.15199,26.842,37.637
11.092,12.531,0,-0.17693,26.697,3.2029
11.092,12.513,0,-0.20215,26.554,3.0392
10.389,12.493,-2.1373,-0.22649,26.294,35.021
10.181,12.471,-1.9877,-0.24958,26.065,32.412
9.9907,12.446,-1.7878,-0.27088,25.837,28.864
9.8099,12.419,-1.5325,-0.29197,25.579,24.65
9.8099,12.389,0,-0.31136,25.32,6.515
9.5319,12.358,-0.99994,-0.3258,25.046,17.256
9.4304,12.326,-0.81589,-0.3391,24.762,15.172
9.4304,12.292,0,-0.34966,24.475,7.3878
9.3019,12.257,-0.43921,-0.3577,24.183,11.28
9.3019,12.221,0,-0.36363,23.889,7.5326
9.2156,12.185,-0.31793,-0.37177,23.601,10.142
9.2156,12.147,0,-0.37872,23.306,7.4921
9.1492,12.11,-0.50569,-0.3844,22.995,11.737
9.0949,12.071,-0.69147,-0.39358,22.694,13.68
9.0269,12.032,-0.91263,-0.40474,22.395,16.373
8.9272,11.991,-1.1339,-0.42042,22.096,19.603
8.9272,11.949,0,-0.43922,21.792,7.4853
8.9272,11.905,0,-0.46621,21.492,7.1534
8.9272,11.859,0,-0.49869,21.197,6.7865
8.2505,11.809,-2.0333,-0.53169,20.774,39.243
8.0374,11.756,-2.2048,-0.5696,20.402,44.472
7.8104,11.699,-2.1467,-0.61119,20.023,43.62
7.5945,11.638,-2.1353,-0.65321,19.625,43.927
7.379,11.572,-2.4663,-0.69689,19.221,54.193
7.379,11.503,0,-0.74912,18.805,10.047
6.8608,11.428,-2.8836,-0.80934,18.335,70.521
6.5787,11.347,-3.0386,-0.87536,17.864,77.632
6.271,11.259,-3.2093,-0.94987,17.384,26.283
6.271,11.164,0,-1.0346,16.89,11.439
6.271,11.061,0,-1.1277,16.406,10.38
5.2479,10.948,-3.7042,-1.2345,15.788,25.524
5.2479,10.825,0,-1.3543,15.224,12.233
4.5205,10.689,-3.3655,-1.4814,14.599,24.314
4.1823,10.541,-2.8535,-1.618,13.967,23.283
4.1823,10.379,0,-1.7573,13.339,12.193
3.6879,10.203,-1.1992,-1.8802,12.669,26.534
3.5587,10.015,-0.45907,-1.9892,12.029,15.671
3.5164,9.8165,0.16586,-2.0802,11.384,9.5878
3.5164,9.6085,0,-2.1525,10.764,9.4063
3.5831,9.3932,0.96516,-2.2052,10.165,5.469
3.5831,9.1727,0,-2.2302,9.5949,7.334
3.5831,8.9497,0,-5.2,9.047,12.27
3.9211,8.4297,1.5085,-5.2,8.5912,29.956
4.0656,7.9097,1.599,-5.2,8.1682,31.75
4.2184,7.3897,1.6639,-5.2,7.8259,33.504
4.3812,6.8697,1.6839,-5.2,7.5413,35.015
4.5566,6.3497,1.6663,-5.2,7.3267,36.416
4.7318,5.8297,1.5114,-8.8,7.1892,28.692
4.8835,4.9497,1.242,-8.8,7.1233,26.066
5.0039,4.0697,0.87853,1.1111,7.1594,0
5.1002,4.1808,0.52052,1.0575,7.2524,0
5.1002,4.2866,0,0.96692,7.3391,1.0938
5.188,4.3832,0.14035,0.87321,7.4231,0.14942
5.188,4.4706,0,0.78326,7.4992,0.60819
5.188,4.5489,0,0.68939,7.567,0.47098
5.2311,4.6178,0.13449,0.62659,7.6514,0
5.241,4.6805,0.082721,0.56416,7.7156,0
5.241,4.7369,0,0.50375,7.7689,0.18386
5.2411,4.7873,-0.097444,0.4447,7.811,0.46018
5.2332,4.8318,-0.1308,0.38902,7.8479,0.52861
5.2162,4.8707,-0.1326,0.33198,7.8916,0.48583
5.1931,4.9039,-0.14813,0.27612,7.9336,0.49948
5.1931,4.9315,0,0.22792,7.9612,0
5.1931,4.9543,0,0.19242,7.9862,0
5.1931,4.9735,0,0.17429,8.0091,0
5.1706,4.9909,0.10714,0.16814,8.0176,0
5.1858,5.0077,0.10019,0.16597,8.0354,0
5.1858,5.0243,0,0.16213,8.0523,0.026884
5.2071,5.0406,0.034175,0.15401,8.061,0
5.2071,5.056,0,0.14161,8.0769,0
5.2037,5.0701,0.043982,0.12275,8.0939,0
5.2124,5.0824,0.095841,0.11905,8.0996,0
5.2261,5.0943,0.092612,0.12046,8.1174,0
5.2347,5.1063,0.077081,0.1171,8.1378,0
5.2347,5.1181,0,0.11185,8.1501,0.0034734
5.2501,5.1292,0.095402,0.10983,8.1639,0
5.2543,5.1402,0.090902,0.10343,8.1799,0
5.2678,5.1506,0.10578,0.10617,8.2011,0
5.2825,5.1612,0.14346,0.10964,8.2144,0
5.2972,5.1721,0.14957,0.11291,8.2349,0
5.3113,5.1834,0.18123,0.11511,8.2457,0
5.3363,5.1949,0.12826,0.12704,8.2655,0
5.3492,5.2076,0.0030368,0.12703,8.2846,0
5.3492,5.2204,0,0.11733,8.2981,0
5.3342,5.2321,-0.29202,0.091142,8.3044,0.88703
5.3342,5.2412,0,0.063966,8.3141,0
5.3342,5.2476,0,0.023294,8.3231,0
5.2341,5.2499,-0.45688,-0.0044715,8.316,1.5596
5.1818,5.2495,-0.401,-0.019107,8.3111,1.4042
5.1818,5.2476,0,-0.0319,8.3044,0.067834
5.1818,5.2444,0,-0.042658,8.298,0.03906
5.0525,5.2401,-0.55082,-0.053285,8.27,2.3833
4.9948,5.2348,-0.68329,-0.068433,8.2438,3.288
4.9364,5.2279,-0.79133,-0.083529,8.2131,4.15
4.9364,5.2196,0,-0.10667,8.1844,0.35879
4.9364,5.2089,0,-0.13057,8.1566,0.28426
4.9364,5.1959,0,-0.15169,8.13,0.21469
4.5922,5.1807,-0.87052,-0.17312,8.0356,5.4468
4.5922,5.1634,0,-0.194,7.9776,0.78105
4.5922,5.144,0,-0.21817,7.9215,0.67925
4.3299,5.1222,-0.91824,-0.24072,7.8213,6.2937
4.2457,5.0981,-0.92168,-0.26241,7.7354,6.4425
4.2457,5.0719,0,-0.28536,7.6514,1.128
4.0806,5.0433,-0.64324,-0.30425,7.5596,4.4597
4.0806,5.0129,0,-8.8,7.4648,0.63588
4.0806,4.1329,0,-0.042712,7.4156,0.018173
4.0806,4.1286,0,-0.049466,7.4106,0
3.9258,4.1237,-0.14906,-0.052459,7.37,0.70389
3.9138,4.1184,-0.2152,-0.054549,7.341,0.93258
3.8889,4.113,-0.27495,-0.059959,7.3162,1.1855
3.8569,4.107,-0.3089,-0.067292,7.2846,1.3669
3.8246,4.1002,-0.27317,-0.074477,7.2601,1.2716
3.8062,4.0928,-0.24555,-0.077914,7.2239,1.1846
3.8062,4.085,0,-0.08511,7.1957,0.39918
3.8062,4.0765,0,-0.085878,7.1682,0.37893
3.7566,4.0679,-0.096088,-0.08591,7.1305,0.7259
3.75,4.0593,-0.065907,-0.085822,7.097,0.63533
3.7533,4.0507,-0.029137,-0.082809,7.0725,0.51786
3.7419,4.0425,0.034225,-0.084213,7.036,0.36929
3.7378,4.034,0.01924,-8.8,7.005,0
3.7378,3.154,0,1.0616,7.0194,2.3391
3.739,3.2602,-0.060426,0.81473,7.061,1.7887
3.7373,3.3417,-0.062242,0.6501,7.1119,1.311
3.7363,3.4067,-0.11498,0.52715,7.1533,1.2249
3.7363,3.4594,0,0.40983,7.1836,0.47321
3.7363,3.5004,0,0.33044,7.2093,0.32246
3.7206,3.5334,0.057909,0.28459,7.2363,0.13648
3.7212,3.5619,0.14072,0.23969,7.2599,0
3.7262,3.5858,0.1961,0.20931,7.28,0
3.741,3.6068,0.22371,0.19863,7.2986,0
3.7599,3.6266,0.24572,0.19584,7.3132,0
3.7772,3.6462,0.21662,0.19082,7.3182,0
3.8062,3.6653,0.16866,0.20362,7.3231,0
3.8259,3.6857,0.1532,0.20134,7.3445,0
3.846,3.7058,0.13557,0.19995,7.3646,0
3.8512,3.7258,0.14287,0.17748,7.3733,0
3.8512,3.7435,0,0.17875,7.385,0.1939
3.8918,3.7614,0.14377,0.18213,7.3988,0
3.8918,3.7796,0,0.16437,7.4109,0.14502
3.9164,3.7961,0.15302,0.16595,7.4162,0
3.9357,3.8127,0.21818,0.16847,7.4211,0
3.9507,3.8295,0.34465,0.16482,7.4282,0
3.9507,3.846,0,0.17546,7.4395,0.19207
3.9507,3.8635,0,0.22264,7.4491,0.36791
4.0916,3.8858,0.6974,0.27438,7.4634,0
4.1656,3.9132,0.73985,0.33306,7.4768,0
4.1656,3.9465,0,0.38632,7.5004,0.54837
4.1656,3.9852,0,0.42569,7.5203,0.79261
4.1656,4.0277,0,0.45371,7.5363,1.0184
4.4511,4.0731,0.51094,0.4746,7.6208,0
4.4511,4.1206,0,0.46018,7.6562,0.50098
4.524,4.1666,0.24629,0.4363,7.7045,0
4.552,4.2102,0.16482,0.41152,7.7353,0
4.552,4.2514,0,0.37241,7.7674,0.28861
4.552,4.2886,0,0.34152,7.7956,0.28693
4.5823,4.3228,0.10251,0.30172,7.8135,0
4.5823,4.3529,0,0.27064,7.838,0.15981
4.6037,4.38,0.41459,0.2557,7.8599,0
4.6037,4.4056,0,0.27179,7.881,0.23946
4.7051,4.4328,0.95315,0.30701,7.912,0
4.7051,4.4635,0,0.38171,7.9377,0.47259
4.9286,4.5016,1.3564,0.47262,7.9806,0
5.0556,4.5489,1.4027,0.55364,8.0198,0
5.0556,4.6043,0,0.6271,8.0677,0.77629
5.0556,4.667,0,0.6939,8.1097,1.24
5.0556,4.7364,0,0.74877,8.1451,1.7057
5.5825,4.8112,1.3094,0.78865,8.2711,0
5.7042,4.8901,1.3072,0.81746,8.3542,0
5.8273,4.9718,1.2932,0.84223,8.4294,0
5.8273,5.0561,0,0.86786,8.5107,0.79376
5.8273,5.1429,0,0.89074,8.5835,1.167
6.2043,5.2319,1.1324,0.90445,8.702,0
6.3195,5.3224,0.94504,0.91027,8.7993,0
6.4118,5.4134,0.72405,0.89574,8.9091,0
6.4848,5.503,0.51993,0.8662,9.0155,0
6.5332,5.5896,0.32877,0.81835,9.1064,0
6.5332,5.6714,0,0.76517,9.1967,0.12011
6.5332,5.7479,0,0.70113,9.2791,0.10209
6.603,5.8181,0.018953,0.65176,9.3492,0
6.603,5.8832,0,0.59431,9.4244,0
6.542,5.9427,-1.683,0.48659,9.4868,14.985
6.3813,5.9913,-2.9453,0.31357,9.5276,50.238
6.3813,6.0227,0,0.053751,9.565,0
5.6691,6.0281,-5.3776,-0.09401,9.5198,15.229
5.1343,6.0187,-5.7706,-0.23379,9.457,16.362
5.1343,5.9953,0,-0.38729,9.3697,0.95387
4.0021,5.9565,-4.9501,-0.53729,9.1728,15.817
3.5118,5.9028,-4.2136,-0.67834,8.9464,14.808
3.0971,5.835,-2.888,-0.80596,8.6825,12.745
2.8156,5.7544,-1.587,-0.90001,8.3999,10.853
2.664,5.6644,-0.75655,-0.95766,8.1079,9.8183
2.5836,5.5686,0.080558,-0.99685,7.8011,4.1806
2.5928,5.4689,0.77819,-8.8,7.5115,0
2.6644,4.5889,0.6255,-8.8,7.264,0
2.7369,3.7089,0.41208,-0.2429,7.1278,0.69009
2.7369,3.6846,0,-0.23245,7.0318,1.5814
2.7369,3.6614,0,-0.21887,6.9382,1.5647
2.7369,3.6395,0,-0.20801,6.8469,1.5428
2.7369,3.6187,0,-8.8,6.7577,0
2.8978,2.7387,0.34069,0.34921,6.7786,0
2.9232,2.7736,0.35074,0.32196,6.7909,0
2.9669,2.8058,0.36033,0.34105,6.8121,0
2.9669,2.8399,0,0.31907,6.8265,0.56805
3.0331,2.8718,0.342,0.33059,6.8607,0
3.0331,2.9049,0,0.31852,6.8752,0.56291
3.0331,2.9368,0,0.33852,6.8864,0.71529
3.0331,2.9706,0,0.3351,6.8944,0.79545
3.1839,3.0041,0.58551,0.34442,6.9179,0
3.2455,3.0386,0.67142,0.39,6.9423,0
3.3116,3.0776,0.74855,0.43306,6.9634,0
3.3116,3.1209,0,0.47954,6.9847,0.96434
3.4604,3.1688,0.73357,0.51789,7.026,0
3.5253,3.2206,0.75104,0.52913,7.0621,0
3.5253,3.2735,0,0.5453,7.0899,1.0423
3.5253,3.328,0,0.56729,7.1123,1.2959
3.7714,3.3848,1.2509,0.6261,7.1661,0
3.8893,3.4474,1.591,0.69772,7.2085,0
4.0415,3.5172,1.8969,0.80524,7.2553,0
4.2362,3.5977,2.0758,0.95036,7.3091,0
4.4512,3.6927,2.0702,1.0899,7.3785,0
4.6624,3.8017,1.9228,1.1909,7.4687,0
4.6624,3.9208,0,1.23,7.5488,2.6682
5.0197,4.0438,1.421,1.2446,7.651,0
5.1671,4.1683,1.1961,1.2235,7.741,0
5.2807,4.2906,1.0795,1.1688,7.8396,0
5.3789,4.4075,1.0244,1.1076,7.9298,0
5.3789,4.5183,0,1.0732,8.0214,1.4351
5.5837,4.6256,1.0626,1.0304,8.13,0
5.5837,4.7286,0,1.005,8.2206,1.133
5.5837,4.8291,0,1.0007,8.3011,1.445
5.9365,4.9292,1.3243,1.0053,8.4224,0
5.9365,5.0297,0,1.0109,8.5181,0.99189
5.9365,5.1308,0,1.0175,8.6037,1.3538
6.3158,5.2326,1.0876,1.012,8.7477,0
6.3158,5.3338,0,0.99265,8.851,0.67182
6.5047,5.433,0.64582,0.96099,8.9642,0
6.579,5.5291,0.388,0.92434,9.0747,0
6.6203,5.6216,0.12964,0.8632,9.1695,0
6.627,5.7079,-0.060977,0.78196,9.2696,0.25673
6.627,5.7861,0,0.70319,9.3576,0
6.6042,5.8564,-0.33483,0.61903,9.4328,1.3468
6.6042,5.9183,0,0.53792,9.5045,0
6.5351,5.9721,-0.36605,0.45695,9.5709,1.3496
6.5062,6.0178,-0.46529,0.39324,9.6214,1.8166
6.5062,6.0571,0,0.32125,9.6683,0
6.5062,6.0892,0,0.24149,9.7116,0
6.5062,6.1134,0,0.16822,9.7521,0
6.2597,6.1302,-0.61862,0.10227,9.7443,2.4521
6.2049,6.1404,-0.43539,0.050768,9.7516,1.4482
6.2049,6.1455,0,0.014825,9.7578,0
6.1458,6.147,-0.12097,-0.00030191,9.7688,0.29374
6.1314,6.147,-0.044031,-0.0040006,9.7676,0.12185
6.1178,6.1466,-0.12822,-0.0073722,9.7711,0.35964
6.1178,6.1458,0,-0.011679,9.7682,0.032937
6.0698,6.1447,-0.34775,-0.019225,9.7588,1.1986
6.0264,6.1427,-0.35982,-0.029898,9.7474,1.3296
6.0264,6.1397,0,-0.037253,9.7359,0.1548
6.0264,6.136,0,-0.0452,9.7248,0.12982
5.9102,6.1315,-0.80021,-0.057252,9.6999,4.092
5.8267,6.1258,-1.0129,-0.077583,9.6774,6.0578
5.7249,6.118,-1.4194,-0.10234,9.6486,10.894
5.5805,6.1078,-1.817,-0.13806,9.6042,17.66
5.5805,6.094,0,-0.18382,9.5522,0.67738
5.5805,6.0756,0,-0.23717,9.5017,0.51661
4.9716,6.0519,-2.2185,-0.29159,9.3721,28.527
4.7567,6.0227,-2.1855,-0.3467,9.2611,28.35
4.7567,5.988,0,-0.40296,9.1362,1.772
4.3244,5.9477,-2.0578,-0.46118,8.9832,26.417
4.1107,5.9016,-2.0496,-0.52011,8.8193,11.29
3.9067,5.8496,-2.0265,-0.57859,8.6359,11.17
3.9067,5.7918,0,-0.63737,8.4445,2.7142
3.9067,5.728,0,-0.69844,8.2592,2.3534
3.3085,5.6582,-2.0616,-0.76563,8.0013,10.757
3.0962,5.5816,-2.1264,-8.8,7.751,0
2.8887,4.7016,-2.1972,-0.53473,7.5289,9.6628
2.6719,4.6481,-2.2598,-0.60001,7.3428,9.7216
2.6719,4.5881,0,-8.8,7.1482,0
2.6719,3.7081,0,-0.39163,7.0006,1.3333
2.6719,3.669,0,-8.8,6.8989,0
2.6719,2.789,0,-0.21723,6.8432,0
1.497,2.7673,-2.1018,-0.266,6.5495,7.4627
1.2963,2.7407,-1.8292,-0.31066,6.4036,7.1273
1.1082,2.7096,-1.6202,-8.8,6.243,0
1.1082,1.8296,0,-0.13136,6.1268,1.32
0.80557,1.8165,-1.2202,-0.15463,6.0148,4.9362
0.68527,1.801,-1.0201,-0.17377,5.9162,4.6952
0.58072,1.7836,-0.8503,-8.8,5.7936,0
0.58072,0.90362,0,-0.032753,5.7173,0.6313
0.58072,0.90034,0,-0.038523,5.6852,0.60814
0.35043,0.89649,-0.53081,-0.043455,5.6295,2.4006
0.30506,0.89214,-0.49752,-0.04717,5.5791,2.4042
0.30506,0.88743,0,-0.051469,5.5207,1.2156
0.21161,0.88228,-0.53112,-0.055226,5.4568,2.6087
0.16563,0.87676,-0.57431,-8.8,5.3925,0
0.11744,0,-0.6286,-0.6286,5.3654,0
0.046831,0,-0.67251,-0.67251,5.3772,0
-0.024265,0,-0.71043,-0.71043,5.3758,0.049743
-0.024265,0,0,-0.65597,5.3769,0
-0.15752,0,-0.5811,-0.5811,5.3608,0.32291
-0.15752,0,0,-0.57746,5.3479,0
-0.15752,0,0,-0.63134,5.3351,0
-0.15752,0,0,-0.71493,5.3225,0
-0.42643,0,-0.76206,-0.76206,5.266,0.87419
-0.49617,0,-0.78975,-0.78975,5.23,1.0171
-0.49617,0,0,-0.74421,5.1843,0
-0.65597,0,-0.70944,-0.70944,5.1277,1.3447
-0.65597,0,0,-0.74776,5.0657,0
-0.80049,0,-0.77528,-8.8,4.9766,0
-0.888,0,-0.77378,-8.8,4.9308,0
-0.96425,0,-0.80068,-8.8,4.8731,0
-1.0397,0,-0.86741,-8.8,4.8203,0
-1.0397,0,0,-8.8,4.7603,0
-1.2171,0,-1.1098,-8.8,4.6874,0
-1.2171,0,0,-8.8,4.6097,0
