17.778,17.778,-2.0677,0,35.5,20.745
17.573,17.778,-1.5228,-0.019716,35.482,12.05
17.416,17.776,-1.2158,-0.034615,35.463,8.8196
17.286,17.772,-0.87528,-0.046867,35.416,5.9336
17.286,17.768,0,-0.05414,35.367,0.95303
17.13,17.762,-0.50235,-0.061171,35.3,3.6818
17.13,17.756,0,-0.065654,35.237,1.2822
17.039,17.75,-0.389,-0.069217,35.161,3.2545
16.994,17.743,-0.39404,-0.073077,35.098,3.3987
16.994,17.735,0,-0.077407,35.023,1.5487
16.906,17.728,-0.41305,-0.080794,34.929,3.7375
16.868,17.72,-0.41883,-0.084007,34.849,3.8662
16.868,17.711,0,-0.087487,34.765,1.7921
16.868,17.702,0,-0.090696,34.681,1.7565
16.868,17.693,0,-0.091579,34.598,1.7284
16.868,17.684,0,-0.091358,34.516,1.7041
16.868,17.675,0,-0.089575,34.435,1.6854
16.811,17.666,0.26115,-0.086251,34.311,1.0339
16.844,17.657,0.23326,-0.082315,34.227,1.0188
16.871,17.649,0.21091,-0.079078,34.139,1.0045
16.871,17.641,0,-0.076441,34.061,1.6308
16.905,17.634,0.23163,-0.074482,33.986,0.85539
16.905,17.626,0,-0.07238,33.914,1.5111
16.952,17.619,0.24858,-0.068655,33.844,0.70154
16.97,17.612,0.26477,-0.066205,33.777,0.6207
16.994,17.605,0.2597,-0.063208,33.713,0.57539
17.015,17.599,0.23328,-0.060597,33.648,0.58004
17.015,17.593,0,-0.058321,33.59,1.1826
17.015,17.587,0,-0.056494,33.532,1.1735
17.015,17.582,0,-0.053363,33.475,1.1688
17.09,17.576,0.22438,-0.050888,33.458,0.42252
17.102,17.571,0.26517,-0.049148,33.403,0.31774
17.102,17.566,0,-0.046185,33.356,0.93272
17.102,17.562,0,-0.043397,33.31,0.92957
17.172,17.557,0.27069,-0.040612,33.269,0.17114
17.172,17.553,0,-0.037803,33.231,0.75544
17.172,17.549,0,-0.034851,33.193,0.75468
17.241,17.546,0.24582,-0.032321,33.183,0.081146
17.241,17.543,0,-0.029535,33.153,0.59164
17.281,17.54,0.26011,-0.02746,33.116,0
17.281,17.537,0,-0.025369,33.09,0.49593
17.281,17.535,0,-0.023624,33.065,0.49465
17.334,17.532,0.20693,-0.021078,33.031,0
17.352,17.53,0.18333,-0.018998,33.019,0
17.361,17.528,0.19353,-0.017844,33.01,0
17.389,17.526,0.20701,-0.014646,32.989,0
17.389,17.525,0,-0.011699,32.976,0.26118
17.436,17.524,0.26124,-0.0094119,32.961,0
17.436,17.523,0,-0.0059092,32.952,0.16958
17.502,17.522,0.24105,-0.0021144,32.938,0
17.517,17.522,0.25854,-0.00054274,32.943,0
17.517,17.522,0,0.012059,32.943,0.036161
17.517,17.523,0,0.020975,32.942,0.058284
17.592,17.525,0.20522,0.026812,32.959,0
17.616,17.528,0.20693,0.035508,32.971,0
17.63,17.531,0.1945,0.039978,32.984,0
17.641,17.535,0.18543,0.04271,32.99,0
17.641,17.54,0,0.04916,33.001,0
17.641,17.545,0,0.057192,33.011,0
17.641,17.55,0,0.061209,33.02,0
17.728,17.556,0.22847,0.069105,33.047,0
17.75,17.563,0.20315,0.075377,33.055,0
17.75,17.571,0,0.076747,33.074,0
17.775,17.579,0.13281,0.07936,33.097,0
17.775,17.587,0,0.081909,33.117,0
17.798,17.595,0.020012,0.081794,33.121,0
17.802,17.603,-0.049203,0.080106,33.151,0
17.792,17.611,-0.094257,0.072925,33.17,0
17.792,17.618,0,0.064164,33.188,0
17.792,17.625,0,0.05279,33.205,0
17.792,17.63,0,0.039954,33.222,0
17.792,17.634,0,0.025816,33.238,0
17.681,17.636,-0.28815,0.018122,33.221,0.76524
17.681,17.638,0,0.0095076,33.225,0
17.625,17.639,-0.37525,-0.0014837,33.231,1.2025
17.625,17.639,0,-0.0056949,33.229,0.016381
17.625,17.639,0,-0.0093453,33.228,0.0075617
17.518,17.638,-0.38393,-0.012675,33.218,1.5157
17.479,17.636,-0.37157,-0.016699,33.212,1.561
17.479,17.635,0,-0.020856,33.196,0.28248
17.41,17.633,-0.36821,-0.023724,33.156,1.7208
17.41,17.63,0,-0.026954,33.134,0.41113
17.41,17.628,0,-0.030664,33.112,0.39588
17.41,17.624,0,-0.033323,33.09,0.38251
17.276,17.621,-0.41969,-0.036977,33.039,2.3106
17.241,17.617,-0.42491,-0.040348,33.006,2.4264
17.241,17.613,0,-0.044787,32.969,0.71487
17.149,17.609,-0.48871,-0.049524,32.929,3.0272
17.103,17.604,-0.49535,-0.053991,32.877,3.1895
17.048,17.599,-0.50168,-0.0595,32.834,3.3825
16.999,17.593,-0.50893,-0.064251,32.77,3.5589
16.999,17.586,0,-0.069099,32.711,1.1709
16.999,17.579,0,-0.075458,32.652,1.1337
16.828,17.572,-0.55165,-0.081357,32.564,4.3204
16.828,17.564,0,-0.087177,32.49,1.5018
16.714,17.555,-0.50785,-0.092556,32.415,4.3433
16.657,17.546,-0.47966,-0.098181,32.324,4.3104
16.657,17.536,0,-0.10283,32.235,1.8355
16.657,17.526,0,-0.10711,32.148,1.7918
16.515,17.515,-0.45336,-0.11188,32.047,4.4928
16.515,17.504,0,-0.11603,31.948,2.0974
16.515,17.492,0,-0.11987,31.849,2.0501
16.402,17.48,-0.34488,-0.12233,31.722,4.0486
16.402,17.468,0,-0.12518,31.615,2.2831
16.402,17.455,0,-0.12716,31.509,2.2392
16.321,17.443,-0.27668,-0.12928,31.386,3.7744
16.286,17.43,-0.32947,-0.13255,31.265,4.1443
16.246,17.416,-0.35372,-0.13638,31.15,4.3711
16.246,17.403,0,-0.13959,31.034,2.4952
16.17,17.389,-0.41958,-0.14352,30.921,4.9403
16.133,17.374,-0.42941,-0.14704,30.794,5.0747
16.133,17.36,0,-0.15084,30.671,2.6591
16.133,17.345,0,-0.15374,30.549,2.6021
16.133,17.329,0,-0.15832,30.428,2.5379
16.133,17.313,0,-0.16286,30.31,2.4731
15.936,17.297,-0.44865,-0.16613,30.149,5.5727
15.899,17.281,-0.51515,-0.16983,30.003,6.1211
15.85,17.264,-0.53864,-0.17483,29.87,6.4033
15.791,17.246,-0.49044,-0.1812,29.724,6.1701
15.745,17.228,-0.45437,-0.18587,29.586,5.9895
15.745,17.209,0,-0.19139,29.439,3.219
15.745,17.19,0,-0.19628,29.294,3.1378
15.61,17.171,-0.38761,-0.20011,29.121,5.7437
15.61,17.151,0,-0.20353,28.966,3.4085
15.535,17.13,-0.38215,-0.20774,28.805,5.7985
15.535,17.109,0,-0.21179,28.646,3.48
15.535,17.088,0,-0.2148,28.49,3.3989
15.535,17.067,0,-0.21961,28.335,3.3096
15.377,17.045,-0.39379,-0.22456,28.139,6.0726
15.347,17.022,-0.428,-0.22744,27.976,6.3336
15.347,17,0,-0.23316,27.809,3.6367
15.347,16.976,0,-0.23887,27.645,3.5358
15.347,16.952,0,-0.24295,27.483,3.4413
15.175,16.928,-0.4225,-0.24661,27.275,6.4921
15.13,16.903,-0.41019,-0.25188,27.091,6.4525
15.084,16.878,-0.38578,-0.25724,26.915,6.3287
15.041,16.853,-0.41815,-0.26212,26.738,6.6062
14.996,16.826,-0.39009,-0.2674,26.555,6.4441
14.996,16.8,0,-0.27299,26.373,3.9464
14.996,16.772,0,-0.2774,26.194,3.8365
14.877,16.745,-0.39763,-0.28073,26.018,6.5692
14.832,16.716,-0.37646,-0.2862,25.828,6.45
14.832,16.688,0,-0.29149,25.641,4.0331
14.76,16.659,-0.32651,-0.29417,25.457,6.1041
14.737,16.629,-0.30501,-0.29629,25.267,5.9196
14.705,16.6,-0.28587,-0.29971,25.08,5.7794
14.67,16.57,-0.28675,-0.30362,24.894,5.7817
14.67,16.539,0,-0.3081,24.705,3.9988
14.67,16.509,0,-0.31033,24.52,3.8876
14.58,16.477,-0.39594,-0.31304,24.329,6.4707
14.542,16.446,-0.47294,-0.31737,24.148,7.0475
14.49,16.414,-0.47471,-0.32461,23.948,7.1023
14.49,16.382,0,-0.33166,23.757,3.9649
14.383,16.349,-0.44655,-0.3392,23.56,6.9666
14.383,16.315,0,-0.34419,23.365,4.0386
14.309,16.28,-0.30948,-0.34829,23.157,5.9482
14.282,16.246,-0.23876,-0.35126,22.954,5.4434
14.267,16.211,-0.12901,-0.352,22.749,4.7144
14.245,16.175,-0.011198,-0.3538,22.555,4.0435
14.246,16.14,0.1089,-0.35123,22.362,3.3918
14.246,16.105,0,-0.3485,22.174,3.7809
14.274,16.07,0.29423,-0.34089,21.984,2.4726
14.312,16.036,0.29784,-0.33069,21.815,2.3116
14.345,16.003,0.32723,-0.32143,21.643,2.0908
14.345,15.971,0,-0.31254,21.479,3.203
14.418,15.939,0.34823,-0.30094,21.331,1.7744
14.418,15.909,0,-0.28927,21.18,2.8928
14.418,15.88,0,-0.28016,21.032,2.843
14.52,15.852,0.32779,-0.27084,20.906,1.48
14.52,15.825,0,-0.2623,20.774,2.4526
14.52,15.799,0,-0.25307,20.645,2.4122
14.52,15.774,0,-0.24096,20.518,2.3854
14.658,15.75,0.35902,-0.22896,20.428,1.0102
14.658,15.727,0,-0.21949,20.32,1.9467
14.658,15.705,0,-0.20763,20.214,1.9282
14.658,15.684,0,-0.19871,20.111,1.9027
14.8,15.664,0.40937,-0.186,20.036,0.58887
14.838,15.646,0.45231,-0.17476,19.953,0.45994
14.88,15.628,0.47178,-0.16261,19.877,0.36298
14.924,15.612,0.48747,-0.15026,19.81,0.27522
14.924,15.597,0,-0.13484,19.742,1.1862
15.036,15.583,0.46631,-0.1206,19.69,0.12157
15.036,15.571,0,-0.11003,19.636,0.92233
15.036,15.56,0,-0.098097,19.583,0.92971
15.036,15.55,0,-0.084103,19.531,0.94617
15.221,15.542,0.48309,-0.071535,19.507,0
15.221,15.535,0,-0.059013,19.475,0.54066
15.315,15.529,0.48285,-0.047931,19.458,0
15.372,15.524,0.50364,-0.034187,19.44,0
15.427,15.521,0.52745,-0.021103,19.428,0
15.486,15.519,0.52207,-0.0072884,19.418,0
15.54,15.518,0.50273,0.0068723,19.412,0
15.59,15.519,0.50394,0.021965,19.416,0
15.59,15.521,0,0.034932,19.423,0
15.59,15.524,0,0.049432,19.429,0
15.737,15.529,0.48559,0.064277,19.464,0
15.789,15.536,0.49369,0.078303,19.479,0
15.789,15.544,0,0.093562,19.504,0
15.789,15.553,0,0.10427,19.528,0
15.929,15.563,0.42308,0.11343,19.573,0
15.929,15.575,0,0.12232,19.609,0
15.929,15.587,0,0.12736,19.644,0
15.929,15.6,0,0.13053,19.678,0
16.026,15.613,0.053174,0.12827,19.743,0
16.026,15.626,0,0.127,19.784,0
16.026,15.638,0,0.12022,19.823,0
16.026,15.65,0,0.1117,19.861,0
15.988,15.661,-0.23274,0.10152,19.892,0.11468
15.988,15.672,0,0.093475,19.924,0
15.945,15.681,-0.37248,0.082332,19.953,0.70142
15.945,15.689,0,0.066927,19.979,0
15.855,15.696,-0.43516,0.049582,19.992,1.1447
15.822,15.701,-0.38962,0.037594,20.006,1.0172
15.775,15.705,-0.23909,0.022069,20.021,0.53851
15.775,15.707,0,0.014127,20.028,0
15.775,15.708,0,0.0080358,20.034,0
15.723,15.709,-0.026128,0.0045078,20.023,0.036098
15.729,15.709,-0.019452,0.0062261,20.023,0.0136
15.724,15.71,-0.10574,0.0043796,20.021,0.22988
15.724,15.71,0,0.0020798,20.022,0
15.704,15.711,-0.23535,-0.0014959,20.025,0.65299
15.678,15.711,-0.29692,-0.0070863,20.015,0.9234
15.645,15.71,-0.33181,-0.014097,20.016,1.1255
15.645,15.708,0,-0.020047,20.009,0.088941
15.645,15.706,0,-0.029047,20.003,0.065615
15.645,15.704,0,-0.035214,19.997,0.046806
15.509,15.7,-0.33449,-0.041551,19.964,1.4014
15.485,15.696,-0.32309,-0.045897,19.949,1.3955
15.485,15.691,0,-0.051943,19.928,0.32054
15.429,15.686,-0.32104,-0.056154,19.887,1.4834
15.388,15.68,-0.34484,-0.06392,19.857,1.6603
15.348,15.674,-0.33609,-0.07143,19.822,1.6935
15.317,15.667,-0.32661,-0.076791,19.788,1.7021
15.317,15.659,0,-0.081443,19.753,0.54759
15.317,15.651,0,-0.08727,19.719,0.51478
15.317,15.642,0,-0.087413,19.686,0.495
15.317,15.634,0,-0.08634,19.654,0.47824
15.317,15.625,0,-0.084468,19.623,0.46371
15.266,15.617,0.2301,-0.078482,19.526,0.11546
15.287,15.609,0.27407,-0.072138,19.485,0.016305
15.318,15.601,0.30721,-0.063787,19.457,0
15.318,15.595,0,-0.054429,19.429,0.47019
15.387,15.59,0.28724,-0.045836,19.399,0
15.407,15.585,0.29481,-0.040183,19.371,0
15.407,15.581,0,-0.031875,19.354,0.29576
15.46,15.578,0.22306,-0.02661,19.348,0
15.46,15.575,0,-0.019316,19.336,0.19803
15.46,15.573,0,-0.014506,19.325,0.20492
15.511,15.572,-0.029303,-0.013923,19.311,0.16309
15.511,15.57,0,-0.012853,19.305,0.096413
15.506,15.569,-0.19933,-0.014428,19.312,0.63965
15.506,15.568,0,-0.019983,19.306,0.085514
15.506,15.566,0,-0.026616,19.3,0.067231
15.414,15.563,-0.30835,-0.033923,19.284,1.1992
15.39,15.56,-0.33415,-0.038694,19.26,1.3463
15.35,15.556,-0.29196,-0.046944,19.236,1.2478
15.331,15.551,-0.16982,-0.050401,19.22,0.83455
15.331,15.546,0,-0.051449,19.199,0.34054
15.311,15.541,0.010801,-0.052733,19.188,0.34413
15.315,15.536,0.14323,-0.050596,19.168,0.062841
15.332,15.531,0.20174,-0.045496,19.152,0
15.347,15.526,0.15523,-0.041105,19.138,0
15.347,15.522,0,-0.03821,19.121,0.28333
15.379,15.518,0.045162,-0.03204,19.109,0.12313
15.375,15.515,-0.055873,-0.032135,19.103,0.35703
15.363,15.512,-0.13584,-0.034223,19.092,0.59512
15.354,15.508,-0.1524,-0.035588,19.069,0.65566
15.354,15.505,0,-0.040196,19.054,0.22683
15.354,15.501,0,-0.039144,19.039,0.22066
15.354,15.497,0,-0.036248,19.025,0.21888
15.354,15.493,0,-0.031427,19.01,0.22211
15.389,15.49,0.32396,-0.023587,18.974,0
15.389,15.488,0,-0.017425,18.964,0.16882
15.458,15.486,0.35632,-0.0064214,18.962,0
15.487,15.485,0.35833,0.00045891,18.954,0
15.487,15.485,0,0.011053,18.955,0.02049
15.487,15.486,0,0.024728,18.955,0.052733
15.487,15.489,0,0.037309,18.955,0.086399
15.487,15.493,0,0.049083,18.954,0.12183
15.68,15.497,0.37627,0.055514,19.016,0
15.68,15.503,0,0.063902,19.034,0
15.752,15.509,0.35925,0.073926,19.057,0
15.794,15.517,0.35145,0.084286,19.075,0
15.794,15.525,0,0.092763,19.102,0
15.856,15.535,0.30456,0.097787,19.129,0
15.856,15.544,0,0.10621,19.161,0
15.856,15.555,0,0.11317,19.192,0
15.856,15.566,0,0.12153,19.221,0
16.004,15.578,0.3339,0.12985,19.279,0
16.034,15.591,0.30991,0.13525,19.319,0
16.07,15.605,0.31478,0.14201,19.354,0
16.097,15.619,0.30362,0.14617,19.403,0
16.128,15.634,0.31643,0.15129,19.452,0
16.158,15.649,0.33918,0.15599,19.511,0
16.202,15.664,0.35458,0.16466,19.57,0
16.243,15.681,0.34048,0.17229,19.628,0
16.243,15.698,0,0.17781,19.684,0
16.307,15.716,0.34578,0.18149,19.731,0
16.351,15.734,0.33152,0.18979,19.8,0
16.351,15.753,0,0.19359,19.861,0
16.416,15.772,0.32105,0.19824,19.934,0
16.416,15.792,0,0.20515,19.997,0
16.488,15.813,0.28985,0.20816,20.047,0
16.523,15.834,0.28415,0.21275,20.108,0
16.544,15.855,0.28359,0.21261,20.172,0
16.544,15.876,0,0.21674,20.24,0
16.616,15.898,0.29476,0.22202,20.316,0
16.636,15.92,0.32682,0.22136,20.38,0
16.636,15.942,0,0.22357,20.45,0
16.69,15.964,0.31258,0.22466,20.518,0
16.718,15.987,0.29175,0.22648,20.593,0
16.718,16.01,0,0.22564,20.665,0
16.718,16.032,0,0.23013,20.735,0
16.802,16.055,0.2063,0.23197,20.811,0
16.802,16.078,0,0.2323,20.884,0
16.837,16.102,0.092262,0.22888,20.959,0
16.844,16.124,0.022289,0.22412,21.029,0
16.843,16.147,-0.1771,0.21672,21.094,0
16.835,16.169,-0.5925,0.20761,21.159,0.96386
16.774,16.189,-1.1529,0.18216,21.223,5.1366
16.657,16.208,-1.8113,0.1401,21.274,14.253
16.482,16.222,-2.4141,0.081381,21.313,28.679
16.243,16.23,-2.8236,0.0039983,21.317,43.713
16.243,16.23,0,-0.056332,21.318,0
16.243,16.224,0,-0.11035,21.319,0
15.472,16.213,-1.4839,-0.15104,21.194,13.385
15.332,16.198,-0.9091,-0.17717,21.122,7.0397
15.24,16.181,-0.41755,-0.19342,21.031,3.5877
15.197,16.161,-0.21179,-0.19949,20.944,2.5765
15.197,16.141,0,-0.20275,20.849,1.6686
15.197,16.121,0,-0.20441,20.755,1.61
15.137,16.101,-0.13024,-0.20335,20.636,2.2037
15.124,16.08,-0.056104,-0.20325,20.533,1.8957
15.112,16.06,-0.0077601,-0.20268,20.442,1.7039
15.121,16.04,0.049966,-0.19776,20.352,1.4592
15.134,16.02,0.10838,-0.19166,20.265,1.2264
15.134,16.001,0,-0.1883,20.178,1.5126
15.134,15.982,0,-0.18322,20.092,1.4802
15.161,15.964,0.24968,-0.17666,20.017,0.75322
15.161,15.946,0,-0.17016,19.938,1.3618
15.201,15.929,0.26636,-0.16191,19.859,0.60509
15.232,15.913,0.26509,-0.15202,19.797,0.53611
15.251,15.898,0.26505,-0.14504,19.731,0.48492
15.251,15.883,0,-0.13608,19.667,1.0822
15.313,15.869,0.26702,-0.12585,19.607,0.34967
15.331,15.857,0.27815,-0.11939,19.56,0.28982
15.331,15.845,0,-0.11232,19.508,0.86515
15.331,15.834,0,-0.10173,19.457,0.86784
15.42,15.823,0.28031,-0.092487,19.42,0.11724
15.42,15.814,0,-0.083328,19.381,0.66298
15.42,15.806,0,-0.075577,19.342,0.66417
15.507,15.798,0.29279,-0.067154,19.31,0
15.544,15.792,0.27783,-0.057335,19.284,0
15.573,15.786,0.28654,-0.049283,19.255,0
15.6,15.781,0.29306,-0.042086,19.227,0
15.6,15.777,0,-0.03249,19.209,0.30188
15.671,15.773,0.31951,-0.023778,19.205,0
15.705,15.771,0.33413,-0.015324,19.204,0
15.705,15.77,0,-0.0064799,19.197,0.11991
15.775,15.769,0.30614,0.0019109,19.203,0
15.813,15.769,0.27418,0.013159,19.205,0
15.843,15.77,0.26434,0.021667,19.202,0
15.861,15.773,0.26611,0.026383,19.21,0
15.896,15.775,0.24204,0.036027,19.218,0
15.926,15.779,0.25564,0.043835,19.228,0
15.926,15.783,0,0.052966,19.243,0
15.993,15.789,0.18085,0.061061,19.272,0
15.993,15.795,0,0.06297,19.292,0
15.993,15.801,0,0.066279,19.311,0
16.041,15.808,0.24716,0.069804,19.331,0
16.041,15.815,0,0.074961,19.354,0
16.041,15.822,0,0.079007,19.376,0
16.041,15.83,0,0.082588,19.398,0
16.128,15.838,0.23322,0.086632,19.441,0
16.143,15.847,0.25412,0.088584,19.465,0
16.174,15.856,0.27112,0.095141,19.494,0
16.174,15.865,0,0.098904,19.525,0
16.225,15.875,0.32402,0.10471,19.555,0
16.225,15.886,0,0.1085,19.59,0
16.225,15.896,0,0.1164,19.623,0
16.325,15.908,0.3542,0.125,19.66,0
16.325,15.921,0,0.13355,19.701,0
16.407,15.934,0.34851,0.14194,19.736,0
16.449,15.948,0.35286,0.15039,19.782,0
16.475,15.963,0.39668,0.15371,19.833,0
16.475,15.979,0,0.15942,19.883,0
16.541,15.994,0.40104,0.1647,19.948,0
16.582,16.011,0.41904,0.17204,19.998,0
16.582,16.028,0,0.17962,20.054,0
16.675,16.046,0.37606,0.1897,20.107,0
16.675,16.065,0,0.19472,20.169,0
16.675,16.085,0,0.20171,20.229,0
16.797,16.105,0.35014,0.20936,20.319,0
16.797,16.126,0,0.21338,20.387,0
16.797,16.147,0,0.21973,20.453,0
16.913,16.169,0.34159,0.22565,20.536,0
16.913,16.192,0,0.23222,20.609,0
16.913,16.215,0,0.23544,20.68,0
17.022,16.238,0.35558,0.23847,20.763,0
17.054,16.262,0.36047,0.24117,20.842,0
17.054,16.286,0,0.24238,20.92,0
17.126,16.311,0.35944,0.24899,21.02,0
17.126,16.335,0,0.25363,21.101,0
17.192,16.361,0.2924,0.25418,21.189,0
17.223,16.386,0.30377,0.25625,21.276,0
17.251,16.412,0.3268,0.25705,21.354,0
17.279,16.438,0.3396,0.25814,21.44,0
17.314,16.463,0.3567,0.26122,21.52,0
17.314,16.489,0,0.2661,21.604,0
17.383,16.516,0.34645,0.26648,21.679,0
17.421,16.543,0.32029,0.27012,21.77,0
17.444,16.57,0.30153,0.26929,21.862,0
17.467,16.597,0.2915,0.26821,21.954,0
17.467,16.623,0,0.27189,22.04,0
17.467,16.651,0,0.26989,22.123,0
17.467,16.678,0,0.27093,22.203,0
17.467,16.705,0,0.27177,22.281,0
17.467,16.732,0,0.27538,22.356,0
17.467,16.759,0,0.27388,22.428,0
17.467,16.787,0,0.27575,22.497,0
17.708,16.814,0.19877,0.2774,22.665,0
17.733,16.842,0.15496,0.27678,22.761,0
17.758,16.87,0.17424,0.27602,22.844,0
17.775,16.897,0.14937,0.27286,22.93,0
17.775,16.925,0,0.26641,23.016,0
17.775,16.951,0,0.26511,23.1,0
17.828,16.978,0.29347,0.26498,23.201,0
17.828,17.004,0,0.26559,23.285,0
17.889,17.031,0.25286,0.26792,23.374,0
17.909,17.058,0.26025,0.26594,23.45,0
17.938,17.084,0.23997,0.26661,23.528,0
17.938,17.111,0,0.26871,23.612,0
17.938,17.138,0,0.27116,23.693,0
17.938,17.165,0,0.27498,23.772,0
17.938,17.192,0,0.27724,23.847,0
18.097,17.22,0.19342,0.27482,23.966,0
18.121,17.248,0.14385,0.27371,24.048,0
18.121,17.275,0,0.26971,24.134,0
18.144,17.302,0.24007,0.2642,24.222,0
18.144,17.328,0,0.2622,24.305,0
