25.278,25.278,0.616,0,35.5,0
25.278,25.278,0,0.014773,35.5,0.03159
25.39,25.279,0.57906,0.02605,35.525,0
25.39,25.282,0,0.040059,35.536,0
25.39,25.286,0,0.050365,35.547,0
25.39,25.291,0,0.06027,35.557,0
25.39,25.297,0,0.071527,35.567,0
25.39,25.304,0,0.082297,35.576,0
25.39,25.312,0,0.091486,35.584,0.039186
25.39,25.321,0,0.10045,35.591,0.080761
25.39,25.332,0,0.10962,35.598,0.12574
25.39,25.342,0,0.11533,35.603,0.1649
25.882,25.354,0.39135,0.12419,35.855,0
25.882,25.366,0,0.12862,35.907,0
25.882,25.379,0,0.13562,35.958,0
25.882,25.393,0,0.14394,36.007,0
26.042,25.407,0.39886,0.14956,36.093,0
26.042,25.422,0,0.15426,36.156,0
26.042,25.438,0,0.16037,36.217,0
26.042,25.454,0,0.16628,36.277,0
26.186,25.47,0.26821,0.16904,36.354,0
26.212,25.487,0.24755,0.17129,36.426,0
26.212,25.504,0,0.17446,36.498,0
26.212,25.522,0,0.1749,36.568,0
26.212,25.539,0,0.17817,36.636,0
26.212,25.557,0,0.17869,36.702,0
26.339,25.575,0.27469,0.18116,36.807,0
26.339,25.593,0,0.18136,36.883,0
26.382,25.611,0.35189,0.18305,36.966,0
26.415,25.629,0.40816,0.1866,37.04,0
26.415,25.648,0,0.19237,37.117,0
26.506,25.667,0.45498,0.19945,37.186,0
26.559,25.687,0.45026,0.20763,37.281,0
26.609,25.708,0.40894,0.21477,37.362,0
26.646,25.73,0.35373,0.21852,37.447,0
26.646,25.751,0,0.22232,37.538,0
26.646,25.774,0,0.22755,37.626,0
26.646,25.796,0,0.23172,37.712,0
26.646,25.82,0,0.2341,37.796,0
26.646,25.843,0,0.23648,37.878,0
26.883,25.867,0.44004,0.24347,38.031,0
26.883,25.891,0,0.24833,38.132,0
26.883,25.916,0,0.25179,38.23,0
26.883,25.941,0,0.25754,38.325,0
26.883,25.967,0,0.26495,38.418,0
26.883,25.993,0,0.26856,38.508,0
26.883,26.02,0,0.27178,38.596,0
27.19,26.047,0.42592,0.27538,38.799,0
27.19,26.075,0,0.2797,38.912,0
27.19,26.103,0,0.28319,39.022,0
27.19,26.131,0,0.28519,39.129,0
27.365,26.16,0.44201,0.29162,39.259,0
27.365,26.189,0,0.2961,39.378,0
27.365,26.218,0,0.29764,39.494,0
27.365,26.248,0,0.29959,39.607,0
27.365,26.278,0,0.30349,39.717,0
27.365,26.308,0,0.30682,39.824,0
27.365,26.339,0,0.31122,39.929,0
27.365,26.37,0,0.31333,40.03,0
27.712,26.402,0.44419,0.31928,40.271,0
27.76,26.434,0.40737,0.32342,40.393,0
27.76,26.466,0,0.32564,40.524,0
27.76,26.498,0,0.32584,40.652,0
27.76,26.531,0,0.32581,40.777,0
27.76,26.564,0,0.32423,40.898,0
27.902,26.596,0.18449,0.31978,41.044,0
27.927,26.628,0.215,0.31814,41.174,0
27.927,26.66,0,0.31588,41.302,0
27.964,26.691,0.16291,0.31231,41.436,0
27.964,26.723,0,0.31108,41.562,0
27.964,26.754,0,0.30631,41.684,0
27.964,26.784,0,0.30379,41.804,0
28.034,26.815,0.15857,0.30028,41.953,0
28.034,26.845,0,0.29545,42.073,0
28.054,26.874,0.1458,0.29088,42.202,0
28.054,26.903,0,0.28897,42.319,0
28.054,26.932,0,0.28492,42.432,0
28.054,26.961,0,0.28041,42.543,0
28.126,26.989,0.22154,0.28103,42.665,0
28.153,27.017,0.27718,0.28092,42.771,0
28.153,27.045,0,0.27867,42.883,0
28.153,27.073,0,0.28014,42.993,0
28.153,27.101,0,0.28168,43.099,0
28.153,27.129,0,0.28478,43.203,0
28.311,27.158,0.41395,0.28604,43.326,0
28.311,27.186,0,0.28751,43.44,0
28.311,27.215,0,0.29275,43.551,0
28.311,27.244,0,0.29639,43.659,0
28.311,27.274,0,0.30144,43.764,0
28.311,27.304,0,0.30408,43.866,0
28.311,27.334,0,0.30652,43.966,0
28.311,27.365,0,0.30826,44.062,0
28.311,27.396,0,0.31015,44.155,0
28.311,27.427,0,0.31103,44.245,0
28.697,27.458,0.32268,0.30938,44.563,0
28.697,27.489,0,0.3081,44.685,0
28.697,27.52,0,0.30674,44.804,0
28.697,27.55,0,0.30792,44.92,0
28.697,27.581,0,0.30984,45.033,0
28.697,27.612,0,0.31173,45.143,0
28.697,27.643,0,0.31275,45.25,0
28.697,27.675,0,0.31234,45.354,0
28.951,27.706,0.38378,0.31234,45.566,0
28.997,27.737,0.40081,0.31625,45.686,0
28.997,27.769,0,0.31861,45.81,0
28.997,27.801,0,0.32239,45.931,0
28.997,27.833,0,0.32536,46.049,0
28.997,27.865,0,0.32682,46.164,0
28.997,27.898,0,0.32788,46.276,0
28.997,27.931,0,0.32871,46.384,0
29.279,27.964,0.38131,0.33141,46.594,0
29.279,27.997,0,0.33251,46.724,0
29.279,28.03,0,0.33196,46.851,0
29.37,28.063,0.10221,0.32976,46.983,0
29.37,28.096,0,0.32318,47.112,0
29.37,28.129,0,0.31372,47.238,0
29.37,28.16,0,0.30375,47.361,0
29.37,28.19,0,0.2919,47.48,0
29.37,28.22,0,0.27608,47.597,0
29.37,28.247,0,0.25824,47.71,0
29.37,28.273,0,0.23823,47.821,0
29.17,28.297,-0.56952,0.22119,47.882,0.25845
29.109,28.319,-0.6321,0.20019,47.97,0.71529
29.109,28.339,0,0.18029,48.048,0
28.991,28.357,-0.68295,0.16062,48.112,1.3134
28.991,28.373,0,0.14117,48.175,0
28.856,28.387,-0.6817,0.11878,48.209,1.6742
28.786,28.399,-0.68998,0.098158,48.243,1.9052
28.786,28.409,0,0.076913,48.281,0
28.642,28.417,-0.67851,0.057142,48.31,2.2084
28.642,28.422,0,0.03795,48.333,0
28.642,28.426,0,0.017428,48.354,0
28.418,28.428,-0.69242,-0.0009336,48.355,2.851
28.418,28.428,0,-0.0082832,48.354,0.0024285
28.276,28.427,-0.5715,-0.014444,48.34,2.571
28.227,28.425,-0.45862,-0.01905,48.316,2.1019
28.227,28.424,0,-0.022349,48.296,0.37002
28.227,28.421,0,-0.024487,48.276,0.3598
28.227,28.419,0,-0.027412,48.257,0.34724
28.123,28.416,-0.10525,-0.028221,48.204,0.88456
28.123,28.413,0,-0.029529,48.174,0.56462
28.123,28.41,0,-0.029037,48.145,0.55908
28.123,28.407,0,-0.028401,48.117,0.55405
28.123,28.405,0,-0.027881,48.088,0.54885
28.123,28.402,0,-0.026467,48.06,0.54614
28.123,28.399,0,-0.025505,48.033,0.54256
28.123,28.397,0,-0.02311,48.005,0.54298
28.123,28.394,0,-0.020998,47.978,0.54321
28.123,28.392,0,-0.018252,47.951,0.54562
28.224,28.39,0.21052,-0.016118,47.95,0
28.242,28.389,0.1159,-0.014219,47.925,0.035466
28.252,28.387,0.062045,-0.013164,47.917,0.12029
28.261,28.386,-0.061004,-0.012095,47.901,0.38848
28.261,28.385,0,-0.01304,47.889,0.23108
28.261,28.383,0,-0.014278,47.876,0.22538
28.261,28.382,0,-0.015435,47.864,0.21961
28.211,28.381,-0.157,-0.016475,47.841,0.76947
28.189,28.379,-0.11988,-0.01852,47.816,0.69838
28.173,28.377,-0.1175,-0.01986,47.789,0.72114
28.173,28.375,0,-0.020301,47.769,0.38633
28.16,28.373,-0.14096,-0.020758,47.742,0.81582
28.16,28.371,0,-0.021709,47.721,0.40258
28.16,28.369,0,-0.023029,47.7,0.39442
28.116,28.366,-0.15552,-0.024506,47.675,0.95156
28.116,28.364,0,-0.02671,47.651,0.47472
28.116,28.361,0,-0.02779,47.626,0.46588
28.116,28.359,0,-0.02901,47.601,0.45648
28.055,28.356,-0.16757,-0.029484,47.564,1.111
28.055,28.353,0,-0.031031,47.534,0.57689
28.021,28.35,-0.33879,-0.032286,47.511,1.8828
27.982,28.346,-0.43934,-0.03579,47.478,2.4822
27.982,28.343,0,-0.040141,47.441,0.69925
27.874,28.339,-0.60046,-0.045852,47.402,3.7573
27.874,28.334,0,-0.052292,47.356,0.90625
27.874,28.329,0,-0.058872,47.31,0.87438
27.874,28.323,0,-0.064436,47.264,0.8442
27.613,28.317,-0.70638,-0.069849,47.183,5.3505
27.613,28.31,0,-0.076291,47.113,1.4336
27.613,28.302,0,-0.083721,47.044,1.389
27.613,28.294,0,-0.089617,46.976,1.3479
27.613,28.285,0,-0.096422,46.908,1.3028
27.613,28.275,0,-0.10285,46.841,1.2577
27.18,28.265,-0.64011,-0.10948,46.656,6.218
27.112,28.254,-0.63751,-0.11562,46.548,6.4055
27.112,28.242,0,-0.12042,46.435,2.4923
27.112,28.23,0,-0.1257,46.322,2.4355
27.112,28.218,0,-0.13224,46.211,2.3727
27.112,28.204,0,-0.1372,46.101,2.3148
27.112,28.191,0,-0.14249,45.993,2.2546
27.112,28.176,0,-0.14775,45.886,2.1936
26.688,28.162,-0.47928,-0.1537,45.62,6.3457
26.646,28.146,-0.38242,-0.15724,45.474,5.7287
26.646,28.131,0,-0.16013,45.324,3.4226
26.646,28.115,0,-0.16203,45.177,3.3626
26.646,28.098,0,-0.1629,45.031,3.3069
26.646,28.082,0,-0.16195,44.886,3.2592
26.566,28.066,0.11862,-0.16121,44.707,2.9385
26.566,28.05,0,-0.15989,44.558,3.4222
26.597,28.034,0.25541,-0.15577,44.425,2.2625
26.597,28.018,0,-0.15206,44.282,3.2541
26.597,28.003,0,-0.14767,44.141,3.2252
26.597,27.988,0,-0.14325,44.001,3.1977
26.726,27.974,0.32844,-0.1378,43.879,1.6226
26.726,27.96,0,-0.13382,43.755,2.7507
26.726,27.947,0,-0.12897,43.633,2.73
26.726,27.934,0,-0.12537,43.511,2.7056
26.726,27.921,0,-0.1216,43.391,2.6831
26.726,27.909,0,-0.11896,43.272,2.6571
26.726,27.897,0,-0.11691,43.154,2.6295
26.726,27.886,0,-0.11544,43.038,2.6002
26.726,27.874,0,-0.1141,42.923,2.5709
26.852,27.863,-0.15226,-0.11555,42.853,2.8189
26.843,27.851,-0.20544,-0.11569,42.748,3.0699
26.829,27.839,-0.25108,-0.11639,42.637,3.3098
26.829,27.828,0,-0.11873,42.537,2.1151
26.829,27.816,0,-0.12001,42.438,2.0765
26.829,27.804,0,-0.12327,42.339,2.0303
26.829,27.792,0,-0.12626,42.243,1.9846
26.829,27.779,0,-0.12813,42.147,1.9424
26.829,27.766,0,-0.13019,42.053,1.8993
26.829,27.753,0,-0.13025,41.96,1.863
26.622,27.74,-0.17343,-0.13259,41.786,3.1942
26.615,27.727,-0.17273,-0.13244,41.671,3.1721
26.592,27.714,-0.16027,-0.13412,41.561,3.1348
26.592,27.7,0,-0.13526,41.45,2.3689
26.569,27.687,-0.05898,-0.13474,41.33,2.6476
26.569,27.673,0,-0.13424,41.219,2.3612
26.569,27.66,0,-0.13238,41.109,2.3292
26.569,27.647,0,-0.13059,41.001,2.2975
26.578,27.633,0.1069,-0.12917,40.891,1.8446
26.578,27.621,0,-0.12588,40.787,2.2127
26.578,27.608,0,-0.12313,40.683,2.1869
26.578,27.596,0,-0.12157,40.581,2.1574
26.617,27.584,0.092976,-0.12022,40.463,1.6885
26.624,27.571,0.099332,-0.11825,40.363,1.6239
26.624,27.56,0,-0.11691,40.268,1.9437
26.624,27.548,0,-0.11385,40.175,1.9221
26.648,27.537,0.11563,-0.11207,40.077,1.4418
26.648,27.525,0,-0.11072,39.988,1.8042
26.653,27.514,0.10151,-0.10935,39.892,1.4247
26.653,27.503,0,-0.10674,39.806,1.7436
26.668,27.493,0.084103,-0.10537,39.72,1.3988
26.672,27.482,0.10044,-0.10387,39.63,1.3172
26.691,27.472,0.09408,-0.10038,39.544,1.2732
26.691,27.462,0,-0.09686,39.466,1.5615
26.691,27.452,0,-0.095129,39.39,1.5414
26.691,27.443,0,-0.093978,39.314,1.5199
26.724,27.433,0.020212,-0.092041,39.269,1.347
26.731,27.424,0.04118,-0.090202,39.198,1.2455
26.74,27.415,0.078089,-0.088072,39.13,1.0969
26.74,27.406,0,-0.085408,39.063,1.3231
26.74,27.398,0,-0.082112,38.997,1.3115
26.783,27.389,0.10864,-0.079772,38.925,0.87468
26.801,27.381,0.10856,-0.076532,38.873,0.82448
26.809,27.374,0.10273,-0.074609,38.822,0.8088
26.828,27.366,0.095135,-0.071221,38.757,0.77556
26.828,27.359,0,-0.068294,38.703,1.033
26.847,27.352,0.12903,-0.067145,38.65,0.6296
26.847,27.346,0,-0.064604,38.6,0.96368
26.859,27.339,-0.00031164,-0.063953,38.561,0.92014
26.859,27.333,0,-0.062762,38.513,0.90706
26.859,27.326,0,-0.062909,38.466,0.89133
26.859,27.32,0,-0.063607,38.42,0.87402
26.859,27.314,0,-0.06565,38.374,0.85278
26.859,27.307,0,-0.064745,38.329,0.83952
26.812,27.301,-0.074888,-0.065806,38.283,1.1708
26.812,27.294,0,-0.065692,38.234,0.91952
26.809,27.288,0.025464,-0.064645,38.193,0.84065
26.817,27.281,0.077857,-0.062846,38.139,0.67306
26.817,27.275,0,-0.062315,38.093,0.87034
26.817,27.269,0,-0.060857,38.047,0.85942
26.855,27.263,0.32189,-0.055456,37.997,0.11605
26.855,27.257,0,-0.049087,37.957,0.77289
26.855,27.252,0,-0.044653,37.917,0.7736
26.855,27.248,0,-0.041549,37.878,0.77163
26.855,27.243,0,-0.03801,37.839,0.77164
26.855,27.24,0,-0.034904,37.8,0.77129
26.855,27.236,0,-0.031253,37.762,0.77324
27.031,27.233,0.32131,-0.02782,37.774,0
27.07,27.23,0.36086,-0.022031,37.759,0
27.07,27.228,0,-0.01604,37.743,0.29968
27.139,27.226,0.33191,-0.011975,37.738,0
27.181,27.225,0.33069,-0.0061568,37.729,0
27.181,27.225,0,-0.001494,37.725,0.088338
27.25,27.225,0.33618,0.0054709,37.724,0
27.25,27.225,0,0.013478,37.727,0
27.25,27.226,0,0.021532,37.729,0
27.25,27.229,0,0.027999,37.731,0.016569
27.393,27.231,0.32663,0.03538,37.753,0
27.393,27.235,0,0.040718,37.769,0
27.393,27.239,0,0.047615,37.785,0
27.393,27.244,0,0.050272,37.8,0
27.502,27.249,0.18868,0.055373,37.851,0
27.502,27.254,0,0.058237,37.876,0
27.502,27.26,0,0.062012,37.9,0
27.554,27.266,0.18919,0.062917,37.928,0
27.579,27.273,0.20586,0.067043,37.954,0
27.579,27.279,0,0.068525,37.984,0
27.579,27.286,0,0.07278,38.014,0
27.639,27.293,0.16171,0.075847,38.06,0
27.639,27.301,0,0.076251,38.094,0
27.639,27.309,0,0.0782,38.127,0
27.639,27.316,0,0.077227,38.16,0
27.668,27.324,0.087668,0.075507,38.205,0
27.669,27.332,0.082323,0.07398,38.242,0
27.681,27.339,0.075053,0.075041,38.283,0
27.678,27.347,0.058178,0.072941,38.326,0
27.678,27.354,0,0.072229,38.358,0
27.678,27.361,0,0.070799,38.39,0
27.678,27.368,0,0.068329,38.422,0
27.685,27.375,0.040282,0.068315,38.458,0
27.698,27.382,0.041106,0.069694,38.483,0
27.698,27.389,0,0.069928,38.514,0
27.719,27.396,0.031128,0.071089,38.545,0
27.719,27.403,0,0.07168,38.577,0
27.719,27.41,0,0.068629,38.608,0
27.719,27.417,0,0.067975,38.638,0
27.719,27.424,0,0.065466,38.668,0
27.707,27.43,-0.1434,0.060993,38.697,0
27.707,27.436,0,0.057902,38.724,0
27.707,27.442,0,0.051716,38.751,0
27.707,27.447,0,0.047563,38.777,0
27.707,27.452,0,0.044959,38.803,0
27.707,27.457,0,0.040574,38.828,0
27.603,27.461,-0.77829,0.031471,38.815,3.0087
27.603,27.464,0,0.015528,38.829,0
27.603,27.465,0,-0.0078104,38.843,0
27.223,27.465,-2.577,-0.031982,38.812,36.108
27.223,27.461,0,-0.065454,38.788,0.35689
27.223,27.455,0,-0.1086,38.764,0.24647
27.223,27.444,0,-0.1599,38.742,0.12332
27.223,27.428,0,-0.21799,38.72,0
27.223,27.406,0,-0.28214,38.701,0
27.223,27.378,0,-0.34682,38.684,0
27.223,27.343,0,-0.41442,38.67,0
27.223,27.302,0,-0.46718,38.66,0
27.223,27.255,0,-0.48903,38.655,0
23.791,27.206,0.66383,-0.4895,36.792,5.0659
23.791,27.157,0,-0.48042,36.453,8.6213
23.938,27.109,-0.41337,-0.46671,36.123,11.235
23.938,27.063,0,-0.47221,35.808,7.6947
23.938,27.015,0,-0.52197,35.498,7.2139
23.05,26.963,-5.3257,-0.59996,35.111,301.11
23.05,26.903,0,-0.684,34.723,9.3357
22.081,26.835,-3.3658,-0.75628,34.224,94.577
21.742,26.759,-2.8234,-0.81487,33.739,71.604
21.742,26.678,0,-0.86525,33.241,12.82
21.224,26.591,-1.8808,-0.91193,32.691,43.951
21.224,26.5,0,-0.95064,32.159,13.755
21.224,26.405,0,-1.0062,31.636,12.914
21.224,26.304,0,-1.0733,31.123,11.99
21.224,26.197,0,-1.1384,30.62,11.082
19.854,26.083,-3.9064,-1.2071,29.809,130.82
19.854,25.962,0,-1.3007,29.192,15.029
19.854,25.832,0,-1.4012,28.588,13.69
19.854,25.692,0,-1.5022,27.997,12.362
19.854,25.542,0,-1.5992,27.421,11.087
19.854,25.382,0,-1.6944,26.86,9.8594
17.727,25.213,-2.7269,-1.7933,25.638,73.658
17.727,25.033,0,-1.8902,24.898,16.217
17.727,24.844,0,-1.9923,24.177,14.602
17.727,24.645,0,-2.096,23.475,13.018
17.727,24.435,0,-2.1955,22.794,11.517
16.563,24.216,-1.6336,-2.2912,21.814,37.357
16.409,23.987,-1.4055,-2.3801,21.058,31.344
16.409,23.749,0,-2.4675,20.312,12.386
16.158,23.502,-1.1383,-2.548,19.563,23.642
16.158,23.247,0,-2.626,18.841,10.499
16.158,22.985,0,-2.7092,18.146,9.1606
16.158,22.714,0,-2.7873,17.476,7.9736
16.158,22.435,0,-2.8638,16.835,6.9459
15.614,22.149,-1.0839,-2.9,16.066,14.96
15.506,21.859,-1.0531,-2.9,15.42,13.692
15.409,21.569,-1.0375,-2.9,14.803,12.581
15.409,21.279,0,-2.9,14.202,5.9428
15.409,20.989,0,-2.9,13.629,5.4279
15.409,20.699,0,-2.9,13.086,5.0262
15.409,20.409,0,-2.9,12.571,4.749
14.91,20.119,-0.98883,-2.9,11.964,7.9764
14.91,19.829,0,-2.9,11.458,4.6955
14.91,19.539,0,-2.9,10.98,4.5962
14.91,19.249,0,-2.9,10.532,4.6532
14.91,18.959,0,-2.9,10.112,4.8838
14.91,18.669,0,-2.9,9.722,5.3081
14.91,18.379,0,-2.9,9.3607,5.9495
14.91,18.089,0,-4.4,9.0283,48.624
14.91,17.649,0,-4.4,8.7324,63.383
14.91,17.209,0,-4.4,8.4805,83.518
14.91,16.769,0,-4.4,8.2726,111.82
14.91,16.329,0,-4.4,8.1087,153.41
14.91,15.889,0,-4.4,7.9888,218.84
14.91,15.449,0,-4.4,7.913,333.85
14.91,15.009,0,-4.4,7.8811,582.05
14.91,14.569,0,-4.4,7.8932,1476.2
14.91,14.129,0,-4.4,7.9493,0
13.363,13.689,-0.83811,-4.4,6.6783,0
13.363,13.249,0,-4.4,6.6678,842.77
13.363,12.809,0,-4.4,6.7012,4113.6
13.118,12.369,-0.81394,-4.4,6.7484,0
13.118,11.929,0,-5.2,6.8453,0
13.118,11.409,0,-5.2,6.9903,0
12.873,10.889,-0.85094,-5.2,7.1655,0
12.785,10.369,-0.86007,-5.2,7.3928,0
12.785,9.8486,0,-5.2,7.6605,0
12.785,9.3286,0,-5.2,7.9801,0
12.785,8.8086,0,-5.2,8.3518,0
12.785,8.2886,0,-5.2,8.7755,0
12.785,7.7686,0,2.3126,9.2512,0
12.785,7.9999,0,2.1414,9.7413,0
12.785,8.214,0,1.9723,10.209,0
12.785,8.4113,0,1.8203,10.656,0
12.01,8.5933,-0.85952,1.6755,10.753,0.53026
12.01,8.7608,0,1.5451,11.087,0
11.834,8.9153,-0.85583,1.4173,11.4,0.91607
11.834,9.0571,0,1.3042,11.684,0
11.834,9.1875,0,1.1979,11.956,0
11.591,9.3073,-0.85176,1.0951,12.185,1.455
11.591,9.4168,0,0.99755,12.408,0
11.591,9.5165,0,0.90718,12.62,0
11.591,9.6073,0,0.82251,12.823,0
11.591,9.6895,0,0.74072,13.017,0
11.168,9.7636,-0.89181,0.66304,13.097,2.637
11.168,9.8299,0,0.58534,13.234,0
10.992,9.8884,-0.86304,0.51901,13.35,2.7428
10.992,9.9403,0,0.44871,13.457,0
10.815,9.9852,-0.86567,0.38839,13.534,3.0654
10.815,10.024,0,0.32548,13.615,0
10.815,10.057,0,0.27317,13.692,0
10.815,10.084,0,0.22302,13.767,0
10.815,10.106,0,0.17182,13.839,0
10.815,10.123,0,0.12045,13.909,0
10.815,10.135,0,0.077726,13.977,0
10.815,10.143,0,0.032581,14.045,0
10.127,10.146,-0.69314,-0.0048509,13.828,2.8705
10.062,10.146,-0.64274,-0.020812,13.825,2.7112
10,10.144,-0.557,-0.035676,13.821,2.3526
10,10.14,0,-0.050403,13.807,0.18203
9.8983,10.135,-0.46212,-0.059139,13.776,2.0568
9.8983,10.129,0,-0.069415,13.753,0.33261
9.8983,10.122,0,-0.079082,13.73,0.29568
9.8983,10.115,0,-0.088892,13.708,0.25725
9.8983,10.106,0,-0.10037,13.687,0.21423
9.6619,10.096,-0.4592,-0.10982,13.619,2.4615
9.6619,10.085,0,-0.11766,13.576,0.63876
9.6619,10.073,0,-0.12704,13.535,0.58893
9.6619,10.06,0,-0.1337,13.494,0.54465
9.6619,10.047,0,-0.13677,13.455,0.50814
9.6619,10.033,0,-0.13332,13.417,0.48655
9.5311,10.02,0.35483,-0.12713,13.33,0.127
9.5603,10.007,0.52218,-0.11664,13.291,0
9.6076,9.9954,0.64017,-0.10161,13.252,0
9.6076,9.9852,0,-0.082064,13.213,0.62734
9.7478,9.977,0.7204,-0.060415,13.188,0
9.8291,9.971,0.74497,-0.037448,13.172,0
9.8291,9.9672,0,-0.015438,13.158,0.25742
9.8291,9.9657,0,0.0059081,13.144,0.30544
9.8291,9.9663,0,0.042229,13.13,0.39924
9.8291,9.9705,0,0.07926,13.116,0.51003
9.8291,9.9784,0,0.10936,13.102,0.61638
9.8291,9.9894,0,0.14277,13.086,0.74595
9.8291,10.004,0,0.1736,13.07,0.88238
9.8291,10.021,0,0.20413,13.051,1.0323
