22.222,22.222,0.21862,0,35.5,0
22.253,22.222,0.14924,0.0089851,35.495,0
22.253,22.223,0,0.014359,35.498,0
22.282,22.225,0.15466,0.016634,35.506,0
22.282,22.226,0,0.020219,35.512,0
22.282,22.228,0,0.022233,35.517,0
22.282,22.23,0,0.023619,35.522,0
22.325,22.233,0.14109,0.026901,35.52,0
22.325,22.236,0,0.032609,35.529,0
22.325,22.239,0,0.034826,35.538,0
22.378,22.242,0.10559,0.039281,35.56,0
22.388,22.246,0.09691,0.041066,35.577,0
22.388,22.25,0,0.042359,35.591,0
22.388,22.255,0,0.041969,35.605,0
22.412,22.259,0.034033,0.044398,35.615,0
22.412,22.263,0,0.045924,35.63,0
22.418,22.268,0.01885,0.043738,35.638,0
22.418,22.272,0,0.04409,35.653,0
22.418,22.277,0,0.041509,35.667,0
22.418,22.281,0,0.040618,35.681,0
22.418,22.285,0,0.03337,35.695,0
22.386,22.288,-0.29359,0.028579,35.71,0.67512
22.386,22.291,0,0.020328,35.719,0
22.329,22.293,-0.40051,0.010468,35.723,1.2078
22.289,22.294,-0.41074,-0.00058767,35.722,1.3314
22.289,22.294,0,-0.0066084,35.721,0
22.19,22.293,-0.41456,-0.012549,35.711,1.6054
22.156,22.292,-0.40854,-0.016531,35.698,1.664
22.109,22.29,-0.39098,-0.022069,35.679,1.7025
22.109,22.288,0,-0.025737,35.661,0.32302
22.109,22.286,0,-0.029457,35.643,0.30847
22.109,22.283,0,-0.033771,35.626,0.29183
22.109,22.279,0,-0.038133,35.609,0.27431
22.109,22.275,0,-0.043565,35.592,0.25358
22.109,22.271,0,-0.047354,35.575,0.23567
22.109,22.266,0,-0.051127,35.559,0.21716
22.109,22.261,0,-0.054598,35.544,0.19871
22.109,22.256,0,-0.058272,35.529,0.17927
22.109,22.25,0,-0.062409,35.514,0.15828
22.109,22.244,0,-0.066938,35.501,0.13587
22.109,22.237,0,-0.072523,35.488,0.11066
21.603,22.23,-0.38284,-0.077772,35.177,2.8802
21.603,22.222,0,-0.081826,35.115,1.2137
21.522,22.214,-0.38366,-0.086344,35.05,3.0702
21.522,22.205,0,-0.089479,34.982,1.3561
21.448,22.196,-0.37767,-0.093885,34.907,3.1961
21.413,22.187,-0.38543,-0.097382,34.838,3.313
21.413,22.177,0,-0.10172,34.762,1.5281
21.341,22.167,-0.39035,-0.10456,34.68,3.489
21.341,22.157,0,-0.10866,34.598,1.641
21.341,22.146,0,-0.11174,34.517,1.6013
21.341,22.134,0,-0.11658,34.437,1.5551
21.191,22.123,-0.4119,-0.11978,34.329,3.9257
21.191,22.111,0,-0.12294,34.236,1.8782
21.191,22.099,0,-0.12672,34.145,1.8307
21.191,22.086,0,-0.13209,34.055,1.7771
21.191,22.073,0,-0.13653,33.966,1.7257
20.985,22.059,-0.38247,-0.14106,33.823,4.1604
20.985,22.045,0,-0.14536,33.717,2.1912
20.985,22.03,0,-0.1481,33.611,2.1394
20.985,22.016,0,-0.15288,33.508,2.0797
20.985,22,0,-0.15645,33.405,2.0236
20.789,21.985,-0.39199,-0.16078,33.257,4.567
20.789,21.969,0,-0.16479,33.139,2.4619
20.711,21.952,-0.41758,-0.16864,33.012,4.8624
20.711,21.935,0,-0.17391,32.889,2.5571
20.614,21.918,-0.40709,-0.17929,32.746,4.9771
20.614,21.9,0,-0.18333,32.617,2.7042
20.614,21.882,0,-0.18848,32.489,2.6286
20.485,21.863,-0.40341,-0.1928,32.354,5.1651
20.448,21.843,-0.37243,-0.19651,32.208,5.0063
20.448,21.824,0,-0.20096,32.07,2.9045
20.448,21.804,0,-0.20415,31.933,2.8302
20.448,21.783,0,-0.20735,31.798,2.7555
20.448,21.763,0,-0.2105,31.666,2.6808
20.448,21.741,0,-0.21591,31.536,2.5969
20.448,21.72,0,-0.22007,31.407,2.5172
20.448,21.698,0,-0.2232,31.281,2.4411
20.14,21.676,-0.3722,-0.22811,31.02,5.3658
20.14,21.653,0,-0.23122,30.868,3.1984
20.14,21.63,0,-0.23608,30.718,3.1059
20.14,21.606,0,-0.23843,30.57,3.0233
20.14,21.582,0,-0.24086,30.425,2.9405
20.14,21.558,0,-0.24411,30.282,2.8543
20.14,21.534,0,-0.24797,30.141,2.7655
20.14,21.509,0,-0.25225,30.003,2.675
20.14,21.484,0,-0.25477,29.868,2.5911
20.14,21.458,0,-0.256,29.735,2.5122
19.835,21.433,-0.058119,-0.25564,29.438,3.6337
19.835,21.407,0,-0.25406,29.28,3.2858
19.835,21.382,0,-0.25227,29.124,3.2142
19.835,21.356,0,-0.25125,28.97,3.1403
19.835,21.331,0,-0.24944,28.819,3.0705
19.835,21.306,0,-0.24578,28.671,3.0093
19.835,21.282,0,-0.24459,28.525,2.9394
19.835,21.257,0,-0.24114,28.382,2.8795
19.835,21.233,0,-0.23756,28.241,2.8214
19.828,21.209,-0.0090108,-0.23568,28.123,2.8168
19.828,21.186,0,-0.23377,27.986,2.7162
19.828,21.162,0,-0.23272,27.851,2.6511
19.828,21.139,0,-0.2288,27.719,2.5979
19.828,21.116,0,-0.22479,27.589,2.5465
19.828,21.094,0,-0.22315,27.461,2.4872
19.822,21.072,-0.043832,-0.22209,27.318,2.6227
19.822,21.049,0,-0.21929,27.194,2.3907
19.822,21.027,0,-0.21896,27.072,2.329
19.822,21.005,0,-0.22019,26.953,2.262
19.759,20.983,-0.34019,-0.22325,26.828,4.0126
19.759,20.961,0,-0.22685,26.706,2.2906
19.759,20.938,0,-0.22999,26.587,2.2149
19.759,20.915,0,-0.23551,26.47,2.1305
19.759,20.892,0,-0.2383,26.356,2.0554
19.759,20.868,0,-0.24286,26.244,1.9742
19.759,20.844,0,-0.24859,26.134,1.889
19.759,20.819,0,-0.25417,26.027,1.804
19.759,20.794,0,-0.25921,25.922,1.7206
19.759,20.768,0,-0.26175,25.82,1.6453
19.379,20.741,-0.41953,-0.26581,25.551,4.7774
19.379,20.715,0,-0.27067,25.416,2.5075
19.379,20.688,0,-0.27419,25.284,2.4167
19.379,20.66,0,-0.2806,25.154,2.3153
19.215,20.632,-0.4009,-0.28531,24.987,4.7577
19.215,20.604,0,-0.29087,24.847,2.5841
19.215,20.575,0,-0.29758,24.709,2.475
19.215,20.545,0,-0.30224,24.575,2.3734
19.215,20.515,0,-0.30579,24.444,2.2759
19.215,20.484,0,-0.31249,24.315,2.1678
19.215,20.453,0,-0.31812,24.19,2.0634
19.215,20.421,0,-0.32627,24.067,1.9511
19.215,20.388,0,-0.33068,23.948,1.8511
19.215,20.355,0,-0.33457,23.833,1.7533
18.781,20.322,-0.19616,-0.33772,23.493,3.7484
18.77,20.288,-0.037099,-0.33558,23.349,2.9405
18.766,20.255,0.082115,-0.33186,23.208,2.4063
18.766,20.221,0,-0.32722,23.06,2.6382
18.766,20.189,0,-0.31758,22.917,2.5805
18.766,20.157,0,-0.30695,22.776,2.5296
18.766,20.126,0,-0.29668,22.638,2.4805
18.766,20.097,0,-0.28729,22.504,2.431
18.883,20.068,0.14822,-0.27731,22.398,1.5894
18.902,20.04,0.12313,-0.26815,22.283,1.5733
18.923,20.013,0.084486,-0.25865,22.17,1.5973
18.923,19.987,0,-0.25299,22.062,1.819
18.923,19.962,0,-0.25043,21.957,1.7607
18.92,19.937,-0.13816,-0.24607,21.855,2.2267
18.92,19.912,0,-0.24732,21.754,1.6493
18.92,19.888,0,-0.24656,21.656,1.5879
18.92,19.863,0,-0.24602,21.561,1.5267
18.92,19.838,0,-0.23945,21.467,1.4846
18.92,19.815,0,-0.23081,21.377,1.4507
18.92,19.791,0,-0.21902,21.289,1.4287
18.92,19.77,0,-0.20516,21.202,1.416
18.92,19.749,0,-0.19503,21.119,1.3954
18.995,19.73,-0.039516,-0.18747,21.01,1.3026
18.995,19.711,0,-0.18354,20.938,1.1479
18.995,19.692,0,-0.18311,20.867,1.1046
18.949,19.674,-0.38599,-0.18766,20.8,2.6936
18.911,19.655,-0.46215,-0.19341,20.728,3.1371
18.911,19.636,0,-0.19953,20.655,1.1239
18.814,19.616,-0.59218,-0.21055,20.574,4.0449
18.814,19.595,0,-0.22127,20.495,1.1972
18.696,19.573,-0.65991,-0.23297,20.405,4.6702
18.696,19.55,0,-0.24448,20.318,1.3085
18.581,19.525,-0.55696,-0.25424,20.207,4.115
18.581,19.5,0,-0.26253,20.114,1.4159
18.481,19.473,-0.41433,-0.27036,20.023,3.3531
18.481,19.446,0,-0.27557,19.925,1.4914
18.481,19.419,0,-0.27798,19.83,1.4157
18.481,19.391,0,-0.28248,19.738,1.3346
18.481,19.363,0,-0.28942,19.648,1.2471
18.286,19.334,-0.36767,-0.29555,19.515,3.1689
18.258,19.304,-0.30694,-0.29729,19.411,2.8499
18.258,19.275,0,-0.3007,19.308,1.544
18.258,19.244,0,-0.29935,19.208,1.4733
18.258,19.215,0,-0.29288,19.11,1.4186
18.258,19.185,0,-0.28636,19.016,1.366
18.258,19.157,0,-0.2773,18.925,1.3225
18.226,19.129,0.21608,-0.26775,18.808,0.83949
18.24,19.102,0.167,-0.25743,18.713,0.8764
18.24,19.076,0,-0.24622,18.628,1.2619
18.24,19.052,0,-0.23529,18.545,1.2336
18.284,19.028,0.1504,-0.2257,18.483,0.73547
18.284,19.006,0,-0.21346,18.41,1.0774
18.317,18.984,0.06274,-0.20448,18.343,0.81495
18.32,18.964,0.0025904,-0.19813,18.278,0.9292
18.32,18.944,0,-0.1939,18.215,0.90139
18.32,18.925,0,-0.18869,18.153,0.87035
18.32,18.906,0,-0.18522,18.094,0.83607
18.32,18.887,0,-0.18274,18.036,0.80021
18.285,18.869,-0.16302,-0.1838,17.978,1.3306
18.273,18.851,-0.18526,-0.1826,17.911,1.3948
18.273,18.832,0,-0.18361,17.854,0.78002
18.229,18.814,-0.23181,-0.18675,17.788,1.5739
18.229,18.795,0,-0.18583,17.73,0.79081
18.229,18.777,0,-0.19096,17.675,0.73614
18.229,18.758,0,-0.19083,17.621,0.69404
18.149,18.739,-0.25983,-0.19181,17.546,1.6787
18.122,18.719,-0.29614,-0.19491,17.493,1.8366
18.094,18.7,-0.33323,-0.19886,17.43,2.0082
18.055,18.68,-0.35891,-0.20593,17.366,2.1514
18.021,18.659,-0.37088,-0.21165,17.296,2.2256
17.988,18.638,-0.40664,-0.21655,17.234,2.4125
17.952,18.617,-0.42099,-0.22268,17.161,2.5031
17.952,18.594,0,-0.23267,17.095,0.84498
17.952,18.571,0,-0.23691,17.032,0.78278
17.952,18.547,0,-0.23452,16.972,0.73649
17.952,18.524,0,-0.22686,16.913,0.70348
17.952,18.501,0,-0.21878,16.857,0.6732
17.952,18.479,0,-0.20635,16.803,0.6549
17.952,18.459,0,-0.19565,16.751,0.63524
17.952,18.439,0,-0.18255,16.702,0.62362
17.952,18.421,0,-0.16505,16.654,0.6255
17.973,18.404,0.26579,-0.15176,16.54,0.10981
17.973,18.389,0,-0.13746,16.497,0.57595
18.027,18.375,0.24845,-0.1231,16.463,0.030459
18.05,18.363,0.28984,-0.11094,16.434,0
18.05,18.352,0,-0.094972,16.404,0.42639
18.05,18.343,0,-0.077146,16.374,0.44822
18.05,18.335,0,-0.059474,16.345,0.4745
18.212,18.329,0.54156,-0.041907,16.336,0
18.262,18.325,0.55438,-0.022529,16.32,0
18.262,18.322,0,0.00050822,16.314,0.12787
18.262,18.323,0,0.010748,16.308,0.15129
18.262,18.324,0,0.020523,16.301,0.17636
18.262,18.326,0,0.028454,16.295,0.19967
18.262,18.328,0,0.034845,16.289,0.22137
18.262,18.332,0,0.040919,16.282,0.24401
18.262,18.336,0,0.047987,16.275,0.2708
18.621,18.341,0.43716,0.056436,16.433,0
18.665,18.347,0.4102,0.064351,16.466,0
18.665,18.353,0,0.070733,16.497,0
18.665,18.36,0,0.076338,16.528,0
18.665,18.368,0,0.082582,16.558,0
18.807,18.376,0.29606,0.087546,16.618,0
18.807,18.385,0,0.090167,16.661,0
18.807,18.394,0,0.09297,16.703,0
18.879,18.403,0.19945,0.097159,16.752,0
18.897,18.413,0.16934,0.098942,16.798,0
18.916,18.423,0.089848,0.10082,16.837,0
18.916,18.433,0,0.1004,16.886,0
18.916,18.443,0,0.101,16.934,0
18.916,18.453,0,0.098042,16.981,0
18.916,18.463,0,0.091185,17.026,0
18.916,18.472,0,0.083119,17.071,0
18.916,18.48,0,0.074349,17.115,0
18.793,18.487,-0.44755,0.063253,17.179,0.80984
18.757,18.494,-0.47655,0.054396,17.197,1.0283
18.757,18.499,0,0.043893,17.223,0
18.657,18.504,-0.51834,0.031689,17.232,1.4713
18.657,18.507,0,0.019122,17.247,0
18.534,18.509,-0.73881,0.0052453,17.258,3.051
18.534,18.509,0,-0.015342,17.26,0
18.534,18.508,0,-0.044005,17.263,0
18.534,18.503,0,-0.066923,17.266,0
18.534,18.497,0,-0.090315,17.269,0
18.534,18.488,0,-0.10612,17.273,0
18.534,18.477,0,-0.11902,17.278,0
18.534,18.465,0,-0.13201,17.285,0
18.534,18.452,0,-0.14794,17.292,0
17.942,18.437,-0.61935,-0.16606,17.038,3.2994
17.942,18.42,0,-0.17987,16.989,0.61046
17.942,18.402,0,-0.1966,16.942,0.53325
17.942,18.383,0,-0.21376,16.897,0.45491
17.686,18.361,-0.60961,-0.23063,16.808,3.5558
17.621,18.338,-0.65545,-0.24602,16.745,3.9205
17.56,18.314,-0.66521,-0.26018,16.674,4.0463
17.56,18.288,0,-0.27802,16.6,0.92339
17.56,18.26,0,-0.29461,16.528,0.82229
17.56,18.23,0,-0.31398,16.46,0.71612
17.56,18.199,0,-0.34067,16.394,0.59731
17.56,18.165,0,-0.37246,16.332,0.47381
17.56,18.128,0,-0.41625,16.273,0.34039
17.56,18.086,0,-0.46283,16.219,0.21867
17.56,18.04,0,-0.51016,16.168,0.11615
17.56,17.989,0,-0.55911,16.123,0.037702
17.56,17.933,0,-0.61467,16.083,0
17.56,17.871,0,-0.67283,16.048,0
17.56,17.804,0,-0.74732,16.021,0.076028
17.56,17.729,0,-0.84,16,0.30135
15.302,17.645,-3.1946,-0.94686,14.786,66.234
15.302,17.551,0,-1.0635,14.557,2.378
14.671,17.444,-2.8661,-1.1732,14.275,50.837
14.671,17.327,0,-1.2775,14.003,2.7621
14.671,17.199,0,-1.3797,13.744,2.3403
14.671,17.061,0,-4.4,13.498,78.755
13.575,16.621,-2.7514,-4.4,13.06,1.8682
13.296,16.181,-2.8601,-4.4,12.772,2.267
13.296,15.741,0,-4.4,12.506,76.097
12.708,15.301,-3.1539,-4.4,12.224,2.6939
12.402,14.861,-3.249,-4.4,11.97,2.5954
12.402,14.421,0,-4.4,11.746,100.3
12.402,13.981,0,-4.4,11.566,136.21
12.402,13.541,0,-4.4,11.43,191.13
12.402,13.101,0,-4.4,11.338,283.18
12.402,12.661,0,-4.4,11.29,464.34
10.54,12.221,-2.9004,-4.4,10.713,0
10.54,11.781,0,-5.2,10.567,1800.9
10.54,11.261,0,-5.2,10.468,0
9.6558,10.741,-2.9867,-5.2,10.298,0
9.6558,10.221,0,-0.35536,10.215,0.42895
9.6558,10.186,0,-0.47024,10.161,0.21664
9.6558,10.139,0,-5.2,10.11,11238
9.6558,9.6188,0,-0.4492,10.088,0
9.6558,9.5739,0,-5.2,10.094,11237
9.6558,9.0539,0,-0.40451,10.128,0
9.6558,9.0135,0,-0.49212,10.19,0
9.6558,8.9642,0,-5.2,10.257,11236
7.267,8.4442,-2.9429,-0.46542,9.249,51.541
7.267,8.3977,0,-5.2,9.1336,117.38
7.267,7.8777,0,-0.46756,9.0465,0.34473
7.267,7.831,0,-5.2,8.9877,116.21
6.1415,7.311,-2.3917,-0.43588,8.7222,31.975
5.911,7.2674,-2.2282,-5.2,8.5977,49.143
5.911,6.7474,0,-0.38168,8.488,0.91431
5.911,6.7092,0,-0.44789,8.4063,0.70393
5.911,6.6644,0,-5.2,8.3287,44.174
5.911,6.1444,0,-0.3661,8.2794,0
5.911,6.1078,0,-5.2,8.2579,43.033
5.911,5.5878,0,-0.30503,8.2642,0
5.911,5.5573,0,-0.37539,8.298,0
4.2043,5.5198,-1.75,-8.8,7.666,0
4.2043,4.6398,0,-0.17412,7.5784,0.53038
3.9386,4.6223,-0.1961,-0.1984,7.5194,1.6741
3.9107,4.6025,0.35842,-0.20252,7.4582,0.35502
3.9107,4.5822,0,-0.18604,7.39,1.0346
3.9107,4.5636,0,-0.15382,7.3238,1.0812
3.9107,4.5483,0,-0.12267,7.2593,1.135
3.9107,4.536,0,-8.8,7.1961,0
3.9107,3.656,0,0.83183,7.1776,2.3223
3.9107,3.7392,0,0.72919,7.1989,2.1037
3.9107,3.8121,0,0.59897,7.2124,1.7407
3.9107,3.872,0,0.44181,7.2193,1.2623
4.148,3.9162,-0.66035,0.30352,7.4212,3.5088
4.148,3.9465,0,0.17824,7.4428,0
4.148,3.9644,0,0.037875,7.4621,0
4.148,3.9681,0,-0.016746,7.4803,0
3.8214,3.9665,-0.67678,-0.036308,7.4416,3.0667
3.7549,3.9628,-0.52181,-0.052285,7.4147,2.3014
3.7061,3.9576,-0.37167,-0.063428,7.3957,1.6551
3.7061,3.9513,0,-0.071504,7.3709,0.35809
3.7061,3.9441,0,-0.076874,7.3467,0.33023
3.7061,3.9364,0,-0.074965,7.3233,0.31813
3.7061,3.9289,0,-0.069438,7.3006,0.31473
3.7053,3.922,0.69155,-0.05604,7.241,0
3.7053,3.9164,0,-0.034449,7.2196,0.372
3.7053,3.9129,0,-0.01048,7.1987,0.42403
3.7053,3.9119,0,0.061104,7.178,0.61572
4.0326,3.918,0.60106,0.14621,7.2113,0
4.0326,3.9326,0,0.20824,7.222,0.29446
4.1414,3.9534,0.50851,0.23709,7.2416,0
4.1414,3.9772,0,0.25817,7.2592,0.28258
4.2311,4.003,0.57694,0.2832,7.2812,0
4.285,4.0313,0.68925,0.31231,7.3109,0
4.285,4.0625,0,0.35559,7.3347,0.43723
4.285,4.0981,0,0.41419,7.3551,0.73311
4.285,4.1395,0,0.48609,7.3718,1.1221
4.285,4.1881,0,0.59087,7.3839,1.7104
4.285,4.2472,0,0.68474,7.3906,2.3412
4.9908,4.3157,1.4945,0.76409,7.5592,0
4.9908,4.3921,0,0.83886,7.6229,1.2101
5.2808,4.476,1.116,0.87197,7.7068,0
5.2808,4.5632,0,0.87443,7.7829,0.98936
5.2808,4.6506,0,0.86895,7.8503,1.2436
5.5743,4.7375,0.96642,0.84928,7.9674,0
5.6649,4.8224,1.0416,0.83836,8.0573,0
5.7625,4.9063,1.1269,0.83522,8.1373,0
5.7625,4.9898,0,0.84851,8.2188,0.70811
5.9893,5.0746,1.049,0.85958,8.3141,0
5.9893,5.1606,0,0.86324,8.4013,0.59876
5.9893,5.2469,0,0.85084,8.4798,0.81117
6.2714,5.332,0.78441,0.83695,8.5909,0
6.2714,5.4157,0,0.8255,8.6807,0.36629
6.4352,5.4982,0.80077,0.80787,8.7724,0
6.4352,5.579,0,0.79672,8.8621,0.25407
6.5998,5.6587,0.81975,0.78747,8.9518,0
6.5998,5.7375,0,0.7773,9.042,0.16331
6.5998,5.8152,0,0.77768,9.1243,0.38814
6.5998,5.893,0,0.76456,9.1989,0.56499
6.9321,5.9694,0.80816,0.7632,9.314,0
6.9321,6.0457,0,0.76214,9.4064,0.040407
7.0957,6.1219,0.82549,0.75398,9.5096,0
7.0957,6.1973,0,0.74836,9.6032,0
7.0957,6.2722,0,0.74633,9.6893,0.15863
7.0957,6.3468,0,0.73793,9.7679,0.33933
7.4089,6.4206,0.73122,0.7329,9.9069,0
7.4089,6.4939,0,0.73105,10.002,0
7.551,6.567,0.50024,0.71412,10.087,0
7.5931,6.6384,0.33656,0.68623,10.183,0
7.5931,6.707,0,0.65687,10.275,0
7.5931,6.7727,0,0.60751,10.361,0
7.6272,6.8335,-0.15503,0.55654,10.456,0.13035
7.6272,6.8891,0,0.50784,10.533,0
7.6272,6.9399,0,0.4488,10.604,0
7.5661,6.9848,-0.21595,0.4003,10.675,0.38492
7.5661,7.0248,0,0.35402,10.731,0
7.5661,7.0602,0,0.31157,10.783,0
7.5661,7.0914,0,0.28151,10.832,0
7.4891,7.1195,-0.12806,0.25002,10.846,0.13593
7.4728,7.1445,-0.12817,0.22141,10.882,0.15274
7.4592,7.1667,-0.13572,0.1969,10.921,0.19111
7.4388,7.1864,-0.20546,0.16959,10.953,0.43433
7.4226,7.2033,-0.27046,0.14706,10.978,0.67972
7.4226,7.218,0,0.11325,10.999,0
7.3539,7.2294,-0.5503,0.083216,11.013,1.9804
7.3539,7.2377,0,0.04441,11.025,0
7.2256,7.2421,-1.0226,-0.0041296,11.032,5.3667
7.2256,7.2417,0,-0.028307,11.031,0
7.2256,7.2389,0,-0.059155,11.029,0
7.2256,7.233,0,-0.097378,11.028,0
7.2256,7.2232,0,-0.13948,11.028,0
7.2256,7.2093,0,-0.18744,11.029,0
6.2826,7.1905,-1.7488,-0.23421,10.784,17.848
6.2826,7.1671,0,-0.27444,10.694,1.2967
5.9614,7.1397,-1.4126,-0.31205,10.564,13.339
5.9614,7.1085,0,-0.34531,10.448,1.7365
5.9614,7.0739,0,-0.37688,10.335,1.5557
5.5522,7.0362,-1.4318,-0.4127,10.159,14.424
5.5522,6.995,0,-0.44984,10.012,2.1666
5.5522,6.95,0,-0.49117,9.8701,1.9214
5.5522,6.9009,0,-0.53242,9.7328,1.6847
4.9489,6.8476,-1.557,-0.5743,9.4842,17.206
4.9489,6.7902,0,-0.61995,9.2972,2.6562
4.9489,6.7282,0,-0.66908,9.1161,2.3373
4.9489,6.6613,0,-0.70966,8.9415,2.058
4.9489,6.5903,0,-0.74487,8.7738,1.8076
4.9489,6.5158,0,-0.78078,8.6134,1.5724
4.1846,6.4378,-0.90259,-5.2,8.2084,3.3849
4.1846,5.9178,0,-0.6207,8.009,2.3701
4.1846,5.8557,0,-8.8,7.8388,3.3803
4.1846,4.9757,0,-0.34293,7.7157,0.90575
4.1846,4.9414,0,-0.38032,7.6383,0.75258
4.1846,4.9034,0,-8.8,7.5646,1.428
4.1846,4.0234,0,-0.15743,7.5367,0
4.1846,4.0076,0,-0.19417,7.5536,0
3.1027,3.9882,-1.6352,-0.23637,7.1816,7.4752
2.941,3.9646,-1.743,-0.27753,7.0864,7.6622
2.941,3.9368,0,-0.32359,6.9855,1.4256
2.941,3.9045,0,-8.8,6.8875,0
2.941,3.0245,0,-0.1392,6.8352,0
2.941,3.0105,0,-0.18561,6.8275,0
2.941,2.992,0,-0.23215,6.8215,0
1.7454,2.9688,-2.162,-8.8,6.4743,0
1.5281,2.0888,-1.9425,-0.090476,6.3801,5.8187
1.5281,2.0797,0,-0.12017,6.3245,0.9324
1.1952,2.0677,-1.0603,-0.14449,6.2395,4.6289
1.1952,2.0532,0,-0.16201,6.1529,1.5758
1.1952,2.037,0,-0.17438,6.068,1.4932
1.1952,2.0196,0,-8.8,5.9846,0
1.1952,1.1396,0,-0.015969,5.9462,0
0.97834,1.138,0.20419,-0.015425,5.8515,0
0.97834,1.1365,0,-0.012779,5.8356,0.3076
0.97834,1.1352,0,-0.0091174,5.8198,0.31367
1.1013,1.1343,0.76644,-0.0032176,5.805,0
1.1797,1.134,0.84484,0.38189,5.812,0
1.1797,1.1721,0,0.71866,5.8147,2.6128
1.1797,1.244,0,0.66813,5.8119,2.6091
1.1797,1.3108,0,0.65413,5.8021,2.7706
1.4597,1.3762,0.33565,0.50785,5.859,0.22842
1.4597,1.427,0,0.40051,5.8648,1.1189
1.4597,1.4671,0,0.31837,5.8661,0.92846
1.4597,1.4989,0,0.20477,5.8638,0.63114
