25,25,-0.33448,0,35.5,1.0011
24.968,25,-0.39273,-0.0043992,35.498,1.3191
24.968,25,0,-0.0091753,35.495,0.044903
24.968,24.999,0,-0.013861,35.492,0.033085
24.968,24.997,0,-0.019402,35.489,0.018669
24.968,24.995,0,-0.024876,35.486,0.0034638
24.782,24.993,-0.40695,-0.029347,35.447,1.8395
24.732,24.99,-0.37371,-0.035826,35.428,1.803
24.699,24.986,-0.35123,-0.039972,35.402,1.7748
24.699,24.982,0,-0.045156,35.374,0.50646
24.699,24.978,0,-0.050767,35.346,0.48201
24.699,24.973,0,-0.054827,35.318,0.46045
24.54,24.967,-0.40446,-0.059887,35.267,2.3995
24.493,24.961,-0.40867,-0.06571,35.222,2.5311
24.493,24.955,0,-0.0701,35.175,0.85783
24.411,24.948,-0.34395,-0.075538,35.13,2.3836
24.411,24.94,0,-0.079561,35.077,0.99395
24.34,24.932,-0.31367,-0.083772,35.023,2.3807
24.34,24.924,0,-0.086747,34.964,1.1093
24.289,24.915,-0.30039,-0.089049,34.885,2.4019
24.289,24.906,0,-0.091887,34.822,1.177
24.289,24.897,0,-0.093445,34.761,1.149
24.221,24.888,-0.20098,-0.095542,34.702,2.0476
24.221,24.878,0,-0.096579,34.636,1.2642
24.221,24.868,0,-0.096736,34.571,1.239
24.221,24.859,0,-0.097602,34.506,1.2117
24.221,24.849,0,-0.097928,34.443,1.186
24.221,24.839,0,-0.098238,34.381,1.1603
24.221,24.829,0,-0.096655,34.32,1.1404
24.221,24.82,0,-0.094103,34.259,1.1239
24.221,24.81,0,-0.090932,34.2,1.11
24.221,24.801,0,-0.087418,34.141,1.0979
24.221,24.792,0,-0.082901,34.084,1.0897
24.253,24.784,0.1677,-0.078512,33.986,0.57271
24.268,24.776,0.12453,-0.075244,33.937,0.62797
24.268,24.769,0,-0.072338,33.887,0.94665
24.268,24.762,0,-0.068466,33.837,0.94024
24.318,24.755,0.22797,-0.065111,33.778,0.29494
24.318,24.748,0,-0.061451,33.735,0.80711
24.364,24.742,0.18986,-0.056524,33.688,0.26604
24.382,24.736,0.19483,-0.053102,33.647,0.21889
24.407,24.731,0.23973,-0.048675,33.619,0.099195
24.407,24.726,0,-0.045692,33.586,0.58898
24.407,24.722,0,-0.041775,33.555,0.58875
24.454,24.718,0.22653,-0.039739,33.523,0.026388
24.454,24.714,0,-0.036585,33.497,0.47582
24.454,24.71,0,-0.033852,33.471,0.47449
24.454,24.706,0,-0.032006,33.446,0.47151
24.519,24.703,0.17176,-0.027923,33.424,0
24.519,24.701,0,-0.025722,33.406,0.32844
24.519,24.698,0,-0.024642,33.388,0.32538
24.519,24.695,0,-0.023851,33.37,0.32187
24.519,24.693,0,-0.023515,33.353,0.31743
24.519,24.691,0,-0.026264,33.335,0.30569
24.519,24.688,0,-0.028816,33.318,0.29388
24.519,24.685,0,-0.034237,33.302,0.27488
24.424,24.682,-0.39607,-0.039343,33.255,1.8945
24.424,24.678,0,-0.044058,33.229,0.44433
24.424,24.673,0,-0.048627,33.204,0.42317
24.308,24.669,-0.42684,-0.055247,33.149,2.3113
24.256,24.663,-0.41429,-0.062366,33.116,2.3676
24.256,24.657,0,-0.069353,33.075,0.71414
24.161,24.65,-0.378,-0.075218,33.022,2.3963
24.161,24.642,0,-0.080115,32.974,0.87585
24.161,24.634,0,-0.083848,32.926,0.84605
24.161,24.626,0,-0.088682,32.879,0.81258
24.023,24.617,-0.37279,-0.092373,32.799,2.6427
24.023,24.608,0,-0.09824,32.74,1.0773
24.023,24.598,0,-0.10385,32.682,1.0364
24.023,24.588,0,-0.10826,32.625,0.998
24.023,24.577,0,-0.1106,32.57,0.96494
24.023,24.566,0,-0.11308,32.515,0.93118
24.023,24.554,0,-0.11819,32.461,0.88977
24.023,24.543,0,-0.12345,32.408,0.84729
23.735,24.53,-0.34117,-0.12662,32.25,2.9954
23.735,24.518,0,-0.12898,32.171,1.4852
23.687,24.505,-0.30284,-0.13126,32.075,2.8511
23.687,24.492,0,-0.133,31.994,1.5306
23.687,24.478,0,-0.13491,31.914,1.4893
23.687,24.465,0,-0.13751,31.836,1.4456
23.687,24.451,0,-0.13917,31.759,1.4046
23.591,24.437,0.042396,-0.1385,31.641,1.4816
23.591,24.423,0,-0.13463,31.557,1.5986
23.591,24.41,0,-0.13336,31.475,1.5671
23.591,24.397,0,-0.13036,31.394,1.5418
23.591,24.383,0,-0.12846,31.314,1.5136
23.604,24.371,0.05091,-0.12763,31.261,1.287
23.604,24.358,0,-0.12651,31.185,1.4188
23.604,24.345,0,-0.12259,31.11,1.3986
23.604,24.333,0,-0.11984,31.037,1.3757
23.604,24.321,0,-0.11767,30.964,1.3517
23.604,24.309,0,-0.11527,30.893,1.329
23.604,24.298,0,-0.11448,30.823,1.3018
23.604,24.286,0,-0.11391,30.754,1.2744
23.604,24.275,0,-0.1144,30.687,1.2438
23.576,24.263,-0.25871,-0.11792,30.622,2.2754
23.576,24.252,0,-0.12238,30.554,1.2325
23.512,24.239,-0.31266,-0.12558,30.476,2.6267
23.471,24.227,-0.29736,-0.13095,30.396,2.6193
23.471,24.214,0,-0.13595,30.321,1.3599
23.471,24.2,0,-0.13774,30.247,1.3194
23.471,24.186,0,-0.1413,30.175,1.2734
23.341,24.172,-0.36359,-0.14616,30.078,3.1427
23.341,24.158,0,-0.15081,29.996,1.5033
23.341,24.143,0,-0.15597,29.915,1.4474
23.223,24.127,-0.33845,-0.16086,29.82,3.1854
23.223,24.111,0,-0.16434,29.731,1.6459
23.223,24.094,0,-0.16879,29.643,1.5877
23.223,24.078,0,-0.1701,29.557,1.5391
23.223,24.061,0,-0.17406,29.472,1.4822
23.223,24.043,0,-0.17874,29.389,1.4226
23.223,24.025,0,-0.18122,29.308,1.3693
23.223,24.007,0,-0.18541,29.229,1.3108
23.223,23.989,0,-0.19032,29.151,1.25
23.223,23.97,0,-0.1953,29.076,1.1885
23.223,23.95,0,-0.19918,29.002,1.1299
22.846,23.93,-0.29835,-0.20336,28.734,3.3831
22.846,23.91,0,-0.20586,28.627,1.9794
22.846,23.889,0,-0.20866,28.521,1.9132
22.755,23.868,-0.32236,-0.21237,28.402,3.5711
22.755,23.847,0,-0.21517,28.291,2.0254
22.755,23.826,0,-0.22034,28.183,1.9482
22.755,23.804,0,-0.22343,28.077,1.8778
22.755,23.781,0,-0.22612,27.973,1.8086
22.755,23.759,0,-0.22805,27.872,1.7421
22.755,23.736,0,-0.22924,27.773,1.6782
22.543,23.713,-0.2674,-0.23237,27.591,3.3712
22.543,23.69,0,-0.23626,27.475,2.1001
22.543,23.666,0,-0.23985,27.362,2.0223
22.543,23.642,0,-0.24273,27.251,1.947
22.543,23.618,0,-0.24538,27.142,1.8725
22.543,23.593,0,-0.24518,27.036,1.8078
22.543,23.569,0,-0.24878,26.932,1.7311
22.543,23.544,0,-0.2532,26.83,1.6521
22.303,23.518,-0.16362,-0.25372,26.636,2.9134
22.292,23.493,-0.1755,-0.25238,26.506,2.9276
22.292,23.468,0,-0.25205,26.387,2.125
22.292,23.443,0,-0.24822,26.271,2.0691
22.292,23.418,0,-0.24217,26.157,2.0223
22.281,23.394,0.017443,-0.2393,26.057,1.9339
22.281,23.37,0,-0.23558,25.947,1.9432
22.281,23.346,0,-0.22952,25.84,1.9003
22.281,23.323,0,-0.22501,25.734,1.8539
22.281,23.301,0,-0.22079,25.631,1.8079
22.281,23.279,0,-0.21677,25.53,1.7625
22.305,23.257,0.075979,-0.212,25.414,1.4193
22.305,23.236,0,-0.20762,25.32,1.6165
22.325,23.215,0.21245,-0.20021,25.231,0.95824
22.325,23.195,0,-0.19114,25.143,1.5121
22.325,23.176,0,-0.17969,25.057,1.4993
22.325,23.158,0,-0.16651,24.973,1.4951
22.325,23.141,0,-0.15472,24.891,1.4898
22.325,23.126,0,-0.14587,24.81,1.4782
22.325,23.111,0,-0.13692,24.731,1.4692
22.559,23.097,0.34223,-0.12428,24.762,0.21992
22.559,23.085,0,-0.11305,24.709,0.89118
22.626,23.074,0.32712,-0.10379,24.664,0.11708
22.626,23.063,0,-0.095491,24.62,0.72894
22.626,23.054,0,-0.087973,24.577,0.72681
22.626,23.045,0,-0.082413,24.534,0.72121
22.626,23.037,0,-0.078732,24.493,0.71184
22.702,23.029,-0.12368,-0.076612,24.481,0.87652
22.702,23.021,0,-0.076789,24.449,0.50829
22.702,23.014,0,-0.080941,24.417,0.48092
22.702,23.005,0,-0.084255,24.386,0.45495
22.628,22.997,-0.28376,-0.087176,24.348,1.537
22.628,22.988,0,-0.09209,24.312,0.56259
22.628,22.979,0,-0.09718,24.276,0.52931
22.628,22.969,0,-0.099461,24.242,0.50215
22.628,22.959,0,-0.10246,24.208,0.47302
22.499,22.949,-0.25004,-0.10767,24.137,1.5585
22.499,22.938,0,-0.11312,24.093,0.6888
22.499,22.927,0,-0.11857,24.049,0.64901
22.499,22.915,0,-0.12481,24.007,0.60663
22.499,22.903,0,-0.12954,23.966,0.56723
22.353,22.89,-0.14376,-0.13015,23.879,1.3181
22.353,22.877,0,-0.12977,23.826,0.83878
22.353,22.864,0,-0.13143,23.774,0.80398
22.315,22.851,0.023885,-0.13117,23.722,0.79988
22.315,22.838,0.032816,-0.12817,23.677,0.75347
22.321,22.825,0.017335,-0.12412,23.623,0.76267
22.321,22.812,0,-0.1221,23.574,0.78525
22.321,22.8,0,-0.11801,23.525,0.76776
22.329,22.788,-0.057748,-0.11416,23.476,0.89359
22.329,22.777,0,-0.11358,23.431,0.7073
22.329,22.766,0,-0.11148,23.387,0.6867
22.329,22.754,0,-0.11063,23.344,0.66341
22.329,22.743,0,-0.11106,23.302,0.63716
22.285,22.732,-0.086207,-0.11254,23.251,0.9532
22.285,22.721,0,-0.11371,23.207,0.67878
22.285,22.71,0,-0.11271,23.164,0.65543
22.285,22.698,0,-0.11215,23.122,0.63127
22.285,22.687,0,-0.10926,23.082,0.61324
22.285,22.676,0,-0.10732,23.042,0.59351
22.285,22.665,0,-0.10433,23.003,0.57689
22.285,22.655,0,-0.10383,22.966,0.55476
22.285,22.645,0,-0.10424,22.929,0.53063
22.285,22.634,0,-0.10153,22.894,0.51415
22.285,22.624,0,-0.10105,22.86,0.49287
22.285,22.614,0,-0.09576,22.826,0.48338
22.269,22.604,0.35489,-0.086886,22.778,0
22.269,22.596,0,-0.073215,22.745,0.53501
22.269,22.588,0,-0.059517,22.712,0.55331
22.409,22.582,0.45218,-0.044976,22.703,0
22.464,22.578,0.45169,-0.029703,22.68,0
22.464,22.575,0,-0.015965,22.669,0.19794
22.464,22.573,0,-0.0030652,22.658,0.22444
22.607,22.573,0.42495,0.0064728,22.678,0
22.607,22.574,0,0.016142,22.681,0
22.696,22.575,0.43959,0.022933,22.689,0
22.696,22.578,0,0.031705,22.701,0
22.696,22.581,0,0.041525,22.713,0
22.696,22.585,0,0.049101,22.724,0
22.696,22.59,0,0.056834,22.735,0
22.696,22.596,0,0.064237,22.745,0
22.696,22.602,0,0.074016,22.755,0
23.047,22.609,0.51071,0.083504,22.887,0
23.047,22.618,0,0.091944,22.931,0
23.047,22.627,0,0.10119,22.973,0
23.047,22.637,0,0.11005,23.015,0
23.047,22.648,0,0.11618,23.055,0
23.299,22.66,0.35782,0.12287,23.165,0
23.299,22.672,0,0.12919,23.229,0
23.379,22.685,0.39669,0.13382,23.302,0
23.379,22.698,0,0.14099,23.371,0
23.379,22.712,0,0.14776,23.438,0
23.379,22.727,0,0.15067,23.504,0
23.534,22.742,0.14818,0.15392,23.61,0
23.534,22.758,0,0.15567,23.688,0
23.534,22.773,0,0.15335,23.765,0
23.566,22.788,-0.070275,0.15191,23.848,0
23.55,22.804,-0.2694,0.14606,23.931,0
23.55,22.818,0,0.13843,24.005,0
23.55,22.832,0,0.12246,24.077,0
23.55,22.844,0,0.097493,24.148,0
23.55,22.854,0,0.065317,24.218,0
23.55,22.861,0,0.029134,24.288,0
23.55,22.864,0,-0.0086889,24.356,0
23.55,22.863,0,-0.04421,24.425,0
23.55,22.858,0,-0.069936,24.494,0
22.481,22.851,-0.70202,-0.0882,24.122,3.8089
22.481,22.842,0,-0.10455,24.085,0.534
22.33,22.832,-0.78769,-0.11993,24.052,4.7719
22.33,22.82,0,-0.13771,24.002,0.73928
22.33,22.806,0,-0.1548,23.954,0.66475
22.33,22.791,0,-0.17593,23.907,0.5797
21.96,22.773,-1.0475,-0.19739,23.789,7.961
21.96,22.753,0,-0.21892,23.708,1.2344
21.96,22.732,0,-0.23997,23.63,1.1221
21.96,22.708,0,-0.26244,23.554,1.006
21.551,22.681,-0.67979,-0.28046,23.421,5.5672
21.551,22.653,0,-0.29138,23.31,1.7931
21.444,22.624,-0.29201,-0.29684,23.188,3.2212
21.405,22.594,-0.18007,-0.3015,23.06,2.6984
21.405,22.564,0,-0.30062,22.943,1.9123
21.374,22.534,-0.20064,-0.29839,22.82,2.713
21.374,22.504,0,-0.29908,22.705,1.8415
21.374,22.474,0,-0.29996,22.594,1.7606
21.307,22.444,-0.22394,-0.29867,22.473,2.7452
21.289,22.415,-0.19466,-0.29766,22.358,2.5819
21.267,22.385,-0.17953,-0.2976,22.243,2.4916
21.267,22.355,0,-0.29578,22.132,1.7404
21.236,22.325,-0.1809,-0.29443,22.004,2.425
21.236,22.296,0,-0.29103,21.897,1.6835
21.216,22.267,-0.098584,-0.28788,21.79,2.0116
21.216,22.238,0,-0.28484,21.686,1.6066
21.216,22.21,0,-0.27717,21.585,1.5582
21.234,22.182,0.22943,-0.26446,21.495,0.90743
21.234,22.155,0,-0.252,21.401,1.4534
21.284,22.13,0.34228,-0.23871,21.321,0.57909
21.284,22.106,0,-0.2257,21.238,1.2863
21.284,22.084,0,-0.20971,21.157,1.2779
21.394,22.063,0.41309,-0.19148,21.094,0.27892
21.394,22.044,0,-0.17464,21.028,1.0151
21.394,22.026,0,-0.15349,20.964,1.0328
21.394,22.011,0,-0.13348,20.901,1.053
21.394,21.998,0,-0.11592,20.84,1.0717
21.652,21.986,0.49882,-0.096954,20.857,0
21.652,21.976,0,-0.077116,20.824,0.51862
21.759,21.969,0.52583,-0.060896,20.818,0
21.759,21.962,0,-0.045111,20.797,0.32881
21.873,21.958,0.63828,-0.024804,20.788,0
21.873,21.955,0,-0.0048422,20.779,0.16222
22.008,21.955,0.62347,0.0098113,20.778,0
22.008,21.956,0,0.019564,20.783,0
22.008,21.958,0,0.02953,20.789,0
22.008,21.961,0,0.039995,20.793,0
22.008,21.965,0,0.050709,20.798,0.019678
22.008,21.97,0,0.06027,20.802,0.052294
22.008,21.976,0,0.068806,20.806,0.085276
22.008,21.983,0,0.077508,20.809,0.12119
22.008,21.991,0,0.087347,20.811,0.16257
22.524,21.999,0.61489,0.097231,21.038,0
22.524,22.009,0,0.10561,21.09,0
22.524,22.02,0,0.11365,21.141,0
22.524,22.031,0,0.12327,21.191,0
22.524,22.043,0,0.12856,21.239,0
22.524,22.056,0,0.13424,21.287,0
22.524,22.07,0,0.13526,21.333,0
22.524,22.083,0,0.13554,21.378,0
22.524,22.097,0,0.13685,21.421,0
22.524,22.11,0,0.13836,21.463,0
22.524,22.124,0,0.14042,21.504,0
22.884,22.138,0.24103,0.14117,21.807,0
22.884,22.152,0,0.14305,21.881,0
22.884,22.167,0,0.145,21.954,0
22.884,22.181,0,0.14528,22.024,0
22.945,22.196,0.034801,0.14311,22.121,0
22.945,22.21,0,0.13942,22.195,0
22.945,22.224,0,0.13419,22.268,0
22.945,22.237,0,0.12957,22.339,0
22.945,22.25,0,0.11859,22.409,0
22.945,22.262,0,0.09623,22.478,0
22.945,22.272,0,0.063467,22.546,0
22.945,22.278,0,0.015536,22.613,0
22.945,22.28,0,-0.061487,22.68,0
21.675,22.274,-4.1337,-0.15638,22.43,143.91
21.675,22.258,0,-0.26235,22.371,0.64502
21.675,22.232,0,-0.37675,22.314,0.37813
21.675,22.194,0,-0.50107,22.261,0.17443
19.849,22.144,-4.3665,-0.62245,21.842,169.59
19.849,22.082,0,-0.73648,21.616,3.3204
19.053,22.008,-2.3918,-0.82922,21.31,40.387
18.824,21.925,-1.2788,-0.88785,21.003,17.104
18.695,21.836,-0.45516,-0.91854,20.681,8.1969
18.695,21.744,0,-0.92429,20.372,5.024
18.695,21.652,0,-0.91932,20.071,4.7516
18.635,21.56,0.069732,-0.90893,19.766,4.3906
18.635,21.469,0,-0.89795,19.478,4.4589
18.635,21.379,0,-0.88122,19.199,4.2543
18.635,21.291,0,-0.86138,18.929,4.0699
18.693,21.205,0.35118,-0.84289,18.663,2.6423
18.693,21.121,0,-0.81468,18.416,3.5834
18.693,21.039,0,-0.78735,18.177,3.4535
18.693,20.961,0,-0.7568,17.946,3.3437
18.693,20.885,0,-0.72223,17.723,3.2575
18.915,20.813,0.49595,-0.69048,17.556,1.549
18.915,20.744,0,-0.65663,17.369,2.5029
19.02,20.678,0.65357,-0.61865,17.215,1.1965
19.088,20.616,0.64239,-0.5772,17.055,1.0657
19.088,20.558,0,-0.53553,16.905,1.9694
19.211,20.505,0.62067,-0.49907,16.782,0.83137
19.211,20.455,0,-0.45731,16.655,1.6447
19.211,20.409,0,-0.41901,16.533,1.6435
19.211,20.367,0,-0.38361,16.415,1.6444
19.211,20.329,0,-0.35154,16.302,1.6451
19.211,20.294,0,-0.31133,16.192,1.6799
19.583,20.263,0.68311,-0.27454,16.183,0.25768
19.583,20.235,0,-0.23747,16.117,0.85316
19.583,20.212,0,-0.19954,16.053,0.89624
19.791,20.192,0.66728,-0.16409,16.01,0
19.868,20.175,0.63339,-0.12645,15.971,0
19.868,20.163,0,-0.097201,15.941,0.40571
19.868,20.153,0,-0.067439,15.912,0.45564
19.868,20.146,0,-0.043648,15.884,0.50004
19.868,20.142,0,-0.029578,15.856,0.52638
19.868,20.139,0,-0.024658,15.829,0.53245
20.091,20.136,0.13722,-0.018714,15.9,0
20.091,20.134,0,-0.010514,15.896,0.067173
20.091,20.133,0,0.00067161,15.892,0.089375
20.161,20.133,0.44466,0.0046827,15.896,0
20.161,20.134,0,0.013157,15.899,0
20.161,20.135,0,0.020266,15.901,0
20.161,20.137,0,0.030306,15.904,0.015045
20.161,20.14,0,0.040879,15.906,0.044952
20.161,20.144,0,0.05183,15.908,0.078732
20.161,20.15,0,0.063042,15.909,0.11635
20.161,20.156,0,0.072644,15.91,0.15343
20.161,20.163,0,0.081574,15.91,0.19176
20.726,20.171,0.73828,0.09375,16.112,0
20.726,20.181,0,0.10341,16.167,0
20.726,20.191,0,0.11767,16.221,0
20.98,20.203,1.0556,0.13246,16.318,0.26789
20.98,20.216,0,0.14831,16.395,0
20.98,20.231,0,0.16522,16.471,0
20.98,20.247,0,0.18242,16.545,0
20.98,20.266,0,0.2011,16.618,0
20.98,20.286,0,0.21816,16.688,0
21.643,20.307,1.1181,0.23362,16.959,0.81606
21.756,20.331,1.1186,0.25054,17.089,0.8897
21.756,20.356,0,0.26882,17.23,0
21.756,20.383,0,0.28474,17.369,0
21.756,20.411,0,0.3018,17.505,0
22.216,20.441,1.1298,0.31938,17.727,1.2554
22.216,20.473,0,0.33604,17.903,0
22.216,20.507,0,0.35286,18.075,0
22.563,20.542,1.1364,0.37077,18.284,1.5419
22.563,20.579,0,0.38803,18.484,0
22.563,20.618,0,0.40299,18.681,0
22.893,20.658,1.1108,0.4186,18.918,1.6336
22.893,20.7,0,0.43451,19.139,0
22.893,20.744,0,0.45082,19.357,0
22.893,20.789,0,0.46725,19.569,0
22.893,20.836,0,0.48257,19.777,0
22.893,20.884,0,0.49662,19.981,0
22.893,20.933,0,0.51271,20.179,0
22.893,20.985,0,0.52593,20.372,0
23.762,21.037,1.0345,0.54166,20.921,1.6915
23.762,21.092,0,0.5543,21.191,0
23.762,21.147,0,0.56924,21.455,0
23.762,21.204,0,0.58307,21.714,0
23.762,21.262,0,0.59694,21.967,0
23.762,21.322,0,0.60782,22.214,0
23.762,21.383,0,0.62287,22.455,0
24.487,21.445,1.0288,0.6355,22.932,1.885
24.583,21.508,1.0499,0.64647,23.23,2.0225
24.583,21.573,0,0.66012,23.534,0
24.583,21.639,0,0.67319,23.832,0
24.583,21.706,0,0.68316,24.123,0
24.583,21.775,0,0.69309,24.407,0
24.583,21.844,0,0.70299,24.685,0
24.583,21.914,0,0.71569,24.955,0
24.583,21.986,0,0.72475,25.218,0
24.583,22.058,0,0.7333,25.474,0
24.583,22.132,0,0.7412,25.723,0
25.546,22.206,0.86599,0.74775,26.464,0.93356
25.546,22.281,0,0.75388,26.794,0
25.546,22.356,0,0.76253,27.117,0
25.546,22.432,0,0.77009,27.432,0
25.546,22.509,0,0.77665,27.739,0
25.546,22.587,0,0.78217,28.039,0
25.546,22.665,0,0.79026,28.331,0
25.546,22.744,0,0.79795,28.615,0
25.546,22.824,0,0.8062,28.891,0
26.375,22.905,0.89819,0.81299,29.515,0.96957
26.375,22.986,0,0.81917,29.858,0
26.55,23.068,0.8941,0.82313,30.216,0.89419
26.55,23.15,0,0.83041,30.56,0
26.737,23.233,0.81968,0.83544,30.924,0.4369
26.737,23.317,0,0.84061,31.27,0
26.903,23.401,0.80455,0.84179,31.623,0.29647
26.903,23.485,0,0.84596,31.969,0
26.903,23.57,0,0.84424,32.306,0
26.903,23.654,0,0.84096,32.636,0
27.159,23.738,0.16834,0.83404,33.015,0
27.159,23.822,0,0.81961,33.353,0
27.159,23.903,0,0.79948,33.682,0
27.159,23.983,0,0.77983,34.004,0
27.159,24.061,0,0.76127,34.318,0
27.136,24.138,-0.14544,0.74166,34.616,0
27.136,24.212,0,0.7211,34.913,0
27.107,24.284,-0.053888,0.70148,35.195,0
27.107,24.354,0,0.68558,35.474,0
