15,15,1.0486,0,35.5,0.15418
15,15,0,0.059125,35.5,0.13293
15,15.006,0,0.12557,35.5,0.31643
15,15.018,0,0.16849,35.498,0.46836
15.41,15.035,0.84864,0.20926,35.582,0
15.41,15.056,0,0.24143,35.619,0
15.41,15.08,0,0.27162,35.653,0
15.41,15.108,0,0.31047,35.685,0.097448
15.41,15.139,0,0.34305,35.713,0.27193
15.866,15.173,0.97894,0.38372,35.842,0
15.956,15.211,0.90831,0.41161,35.905,0
15.956,15.252,0,0.43295,35.978,0
15.956,15.296,0,0.45999,36.046,0
15.956,15.342,0,0.48062,36.11,0
16.316,15.39,0.93383,0.50598,36.237,0
16.4,15.44,0.98131,0.52237,36.326,0
16.503,15.493,1.0176,0.54812,36.421,0
16.503,15.547,0,0.5714,36.519,0
16.503,15.605,0,0.5915,36.612,0
16.503,15.664,0,0.61421,36.699,0
16.503,15.725,0,0.62429,36.779,0
16.503,15.788,0,0.6405,36.854,0.081659
16.503,15.852,0,0.64639,36.922,0.27812
17.159,15.916,0.8341,0.65725,37.234,0
17.159,15.982,0,0.66223,37.354,0
17.159,16.048,0,0.66402,37.469,0
17.159,16.115,0,0.66739,37.577,0
17.159,16.181,0,0.66215,37.678,0
17.159,16.248,0,0.66122,37.772,0
17.159,16.314,0,0.65584,37.86,0
17.644,16.379,0.59489,0.65162,38.141,0
17.644,16.444,0,0.64288,38.265,0
17.644,16.509,0,0.63998,38.381,0
17.644,16.573,0,0.62853,38.492,0
17.848,16.636,0.46696,0.61578,38.627,0
17.901,16.697,0.52774,0.60926,38.748,0
17.957,16.758,0.56904,0.60443,38.859,0
17.957,16.819,0,0.59794,38.975,0
17.957,16.878,0,0.59181,39.086,0
18.123,16.937,0.60478,0.59249,39.234,0
18.123,16.997,0,0.592,39.349,0
18.123,17.056,0,0.58912,39.459,0
18.123,17.115,0,0.58544,39.563,0
18.346,17.173,0.31386,0.579,39.728,0
18.346,17.231,0,0.56565,39.842,0
18.346,17.288,0,0.54988,39.951,0
18.346,17.343,0,0.52671,40.054,0
18.346,17.396,0,0.50538,40.152,0
18.346,17.446,0,0.48158,40.244,0
18.346,17.494,0,0.46162,40.332,0
18.346,17.54,0,0.44302,40.415,0
18.346,17.585,0,0.42693,40.493,0
18.471,17.627,0.17478,0.40682,40.657,0
18.471,17.668,0,0.39752,40.739,0
18.471,17.708,0,0.38388,40.818,0
18.533,17.746,0.25175,0.37743,40.899,0
18.533,17.784,0,0.37535,40.976,0
18.587,17.821,0.20455,0.36564,41.055,0
18.61,17.858,0.15859,0.35861,41.135,0
18.627,17.894,0.13482,0.34886,41.207,0
18.636,17.929,0.11328,0.33615,41.271,0
18.636,17.962,0,0.32351,41.34,0
18.653,17.995,0.1372,0.31192,41.413,0
18.673,18.026,0.18279,0.30629,41.478,0
18.673,18.057,0,0.30141,41.541,0
18.673,18.087,0,0.29228,41.601,0
18.711,18.116,0.11654,0.28043,41.662,0
18.711,18.144,0,0.27242,41.72,0
18.711,18.171,0,0.2581,41.775,0
18.711,18.197,0,0.24819,41.828,0
18.72,18.222,-0.030233,0.23351,41.877,0
18.72,18.245,0,0.2187,41.926,0
18.705,18.267,0.0027835,0.20481,41.98,0
18.705,18.288,0,0.19695,42.022,0
18.713,18.307,0.0031529,0.1894,42.075,0
18.713,18.326,0,0.18516,42.115,0
18.713,18.345,0,0.17804,42.153,0
18.719,18.363,0.031361,0.16596,42.182,0
18.719,18.379,0,0.15522,42.216,0
18.719,18.395,0,0.15002,42.25,0
18.719,18.41,0,0.14648,42.281,0
18.736,18.424,0.024294,0.14461,42.314,0
18.736,18.439,0,0.14098,42.344,0
18.744,18.453,-0.11933,0.13508,42.384,0
18.741,18.466,-0.21363,0.12752,42.421,0.26492
18.741,18.479,0,0.11343,42.448,0
18.741,18.49,0,0.091311,42.474,0
18.741,18.5,0,0.065471,42.498,0
18.583,18.506,-0.67518,0.035771,42.52,2.6216
18.583,18.51,0,0.0049555,42.527,0
18.583,18.51,0,-0.0057797,42.535,0
18.583,18.51,0,-0.0133,42.542,0
18.583,18.508,0,-0.021243,42.549,0
18.583,18.506,0,-0.03041,42.557,0
18.583,18.503,0,-0.04098,42.565,0
18.583,18.499,0,-0.0513,42.573,0
17.682,18.494,-1.4272,-0.061022,42.271,13.918
17.541,18.488,-1.4281,-0.071345,42.186,14.646
17.541,18.481,0,-0.081422,42.092,2.0871
17.541,18.473,0,-0.091975,41.998,2.024
17.541,18.463,0,-0.10238,41.906,1.9594
17.541,18.453,0,-0.11332,41.814,1.8908
17.541,18.442,0,-0.12466,41.723,1.8189
17.541,18.429,0,-0.1363,41.634,1.744
17.541,18.416,0,-0.14932,41.546,1.6627
17.541,18.401,0,-0.16312,41.459,1.5769
16.148,18.384,-1.9026,-0.17692,40.802,30.987
15.967,18.367,-1.9641,-0.19143,40.573,33.418
15.967,18.348,0,-0.20663,40.334,6.3546
15.584,18.327,-2.0248,-0.22294,40.062,37.019
15.584,18.305,0,-0.24055,39.789,7.4901
15.584,18.281,0,-0.25851,39.518,7.2844
14.954,18.255,-2.0279,-0.2772,39.174,40.554
14.954,18.227,0,-0.29512,38.845,9.4349
14.954,18.197,0,-0.31409,38.519,9.1829
14.954,18.166,0,-0.33341,38.196,8.9234
14.159,18.133,-1.9373,-0.35249,37.729,42.327
14.159,18.097,0,-0.37269,37.334,11.84
14.159,18.06,0,-0.39363,36.942,11.52
14.159,18.021,0,-0.41485,36.554,11.191
14.159,17.979,0,-0.4341,36.169,10.871
14.159,17.936,0,-0.45307,35.79,10.548
14.159,17.891,0,-0.47034,35.414,10.232
14.159,17.844,0,-0.48663,35.043,9.9185
14.159,17.795,0,-0.5016,34.677,9.6107
14.159,17.745,0,-0.51217,34.316,9.3291
12.827,17.694,-0.037553,-0.52085,33.136,15.459
12.827,17.641,0,-0.52779,32.652,14.79
12.827,17.589,0,-0.53318,32.173,14.493
12.827,17.535,0,-0.53887,31.7,14.194
12.779,17.482,-0.52314,-0.54844,31.208,19.698
12.779,17.427,0,-0.5606,30.74,13.741
12.779,17.371,0,-0.57266,30.278,13.386
12.632,17.313,-0.28221,-0.5829,29.805,16.509
12.632,17.255,0,-0.59097,29.34,13.396
12.588,17.196,-0.1154,-0.60013,28.876,14.319
12.581,17.136,-0.1312,-0.60669,28.421,14.161
12.581,17.075,0,-0.61457,27.968,12.625
12.541,17.014,-0.19933,-0.62327,27.523,14.281
12.541,16.951,0,-0.63292,27.078,12.107
12.541,16.888,0,-0.64369,26.641,11.745
12.541,16.824,0,-0.66054,26.209,11.339
12.286,16.758,-1.491,-0.68434,25.746,31.899
12.286,16.689,0,-0.71422,25.302,11.497
11.944,16.618,-2.3661,-0.75216,24.836,54.042
11.944,16.543,0,-0.79988,24.373,11.765
11.435,16.463,-2.8359,-0.85542,23.867,71.599
11.435,16.377,0,-0.91503,23.368,12.49
10.856,16.286,-3.0019,-0.98237,22.83,79.689
10.856,16.187,0,-1.0533,22.292,13.258
10.286,16.082,-2.5094,-1.125,21.701,62.179
10.286,15.97,0,-1.1979,21.127,13.819
10.286,15.85,0,-1.2672,20.565,12.781
10.286,15.723,0,-1.3328,20.014,11.774
10.286,15.59,0,-1.3911,19.477,10.826
10.286,15.451,0,-1.4437,18.954,9.9283
9.3562,15.306,0.23642,-1.4785,18.088,11.244
9.3562,15.158,0,-1.5014,17.501,12.212
9.4455,15.008,1.0652,-1.5101,16.925,6.026
9.4455,14.857,0,-1.5053,16.376,10.546
9.4455,14.707,0,-1.4885,15.842,10.041
9.4455,14.558,0,-1.4626,15.324,9.6061
9.931,14.412,1.3458,-1.4305,14.938,3.9866
10.069,14.269,1.2759,-1.3939,14.495,3.7189
10.069,14.129,0,-1.3501,14.082,6.3698
10.069,13.994,0,-1.3074,13.683,6.1225
10.069,13.863,0,-1.26,13.297,5.913
10.069,13.737,0,-1.2157,12.924,5.7053
10.069,13.616,0,-1.1791,12.563,5.4785
10.069,13.498,0,-1.1452,12.214,5.2533
10.069,13.383,0,-1.1167,11.877,5.0176
10.708,13.272,0.23272,-1.0892,11.903,2.4899
10.726,13.163,0.24348,-1.0636,11.648,2.2824
10.758,13.057,0.19325,-4.4,11.418,84.471
10.77,12.617,0.13837,-4.4,11.21,111.66
10.77,12.177,0,-5.2,11.047,1096.9
10.77,11.657,0,-0.36466,10.932,1.0626
10.77,11.62,0,-0.3475,10.845,1.0237
10.77,11.585,0,-5.2,10.762,0
10.874,11.065,0.42317,-0.079445,10.718,0
10.874,11.057,0,-0.060561,10.699,0.2509
10.874,11.051,0,-0.040482,10.681,0.28387
11.001,11.047,0.60649,-0.019118,10.684,0
11.001,11.045,0,0.0055677,10.679,0.1037
11.126,11.046,0.74273,0.025519,10.682,0
11.126,11.048,0,0.047192,10.69,0
11.126,11.053,0,0.069264,10.698,9.7764e-05
11.126,11.06,0,0.085639,10.704,0.053006
11.37,11.069,0.2922,0.09706,10.769,0
11.37,11.078,0,0.1048,10.799,0
11.37,11.089,0,0.11019,10.827,0
11.37,11.1,0,0.11847,10.855,0
11.37,11.112,0,0.12564,10.881,0
11.549,11.124,0.52101,0.13732,10.942,0
11.549,11.138,0,0.1516,10.984,0
11.549,11.153,0,0.16397,11.024,0
11.549,11.17,0,0.17353,11.063,0
11.757,11.187,0.61262,0.18555,11.125,0
11.757,11.205,0,0.19978,11.181,0
11.757,11.225,0,0.21097,11.235,0
11.757,11.247,0,0.22648,11.287,0
12.001,11.269,0.61589,0.24023,11.393,0
12.068,11.293,0.51886,0.25503,11.468,0
12.068,11.319,0,0.26544,11.544,0
12.068,11.345,0,0.27061,11.618,0
12.068,11.372,0,0.27627,11.689,0
12.068,11.4,0,0.28461,11.757,0
12.068,11.428,0,0.28448,11.823,0
12.314,11.457,0.23782,0.28666,11.998,0
12.341,11.486,0.11285,0.28673,12.081,0
12.341,11.514,0,0.28095,12.165,0
12.341,11.542,0,0.27277,12.246,0
12.349,11.57,-0.16911,0.26267,12.326,0
12.349,11.596,0,0.24854,12.402,0
12.349,11.621,0,0.22765,12.476,0
12.349,11.643,0,0.19851,12.548,0
12.349,11.663,0,0.16406,12.618,0
12.349,11.68,0,0.12897,12.686,0
12.349,11.693,0,0.089664,12.752,0
11.866,11.702,-0.83767,0.055738,12.661,3.4854
11.784,11.707,-0.72171,0.025906,12.68,2.8616
11.784,11.71,0,0.0039693,12.687,0
11.784,11.71,0,-0.017903,12.694,0
11.607,11.708,-0.44406,-0.033994,12.684,1.6426
11.607,11.705,0,-0.048613,12.674,0.099454
11.607,11.7,0,-0.059042,12.665,0.068028
11.607,11.694,0,-0.069253,12.656,0.035795
11.607,11.687,0,-0.075018,12.647,0.010932
11.436,11.68,-0.20226,-0.08196,12.612,0.90004
11.436,11.672,0,-0.088004,12.588,0.29954
11.436,11.663,0,-0.090881,12.565,0.27462
11.436,11.654,0,-0.091156,12.543,0.255
11.436,11.645,0,-0.082293,12.522,0.25532
11.436,11.636,0,-0.06445,12.501,0.27776
11.495,11.63,0.60875,-0.04595,12.469,0
11.561,11.625,0.66495,-0.021912,12.459,0
11.561,11.623,0,0.00070427,12.452,0.1309
11.561,11.623,0,0.021001,12.446,0.17784
11.739,11.625,0.34863,0.038429,12.477,0
11.739,11.629,0,0.051997,12.488,0
11.739,11.634,0,0.056796,12.499,0
11.739,11.64,0,0.053291,12.509,0
11.739,11.645,0,0.046856,12.518,0
11.739,11.65,0,0.04495,12.528,0
11.739,11.655,0,0.039692,12.536,0
11.739,11.658,0,0.032406,12.544,0
11.739,11.662,0,0.029593,12.552,0
11.739,11.665,0,0.02482,12.56,0
11.727,11.667,-0.16307,0.020407,12.592,0.32353
11.727,11.669,0,0.015937,12.598,0
11.705,11.671,-0.19029,0.011567,12.599,0.44339
11.705,11.672,0,0.0042148,12.602,0
11.705,11.672,0,-0.0057175,12.605,0
11.705,11.672,0,-0.012847,12.609,0
11.611,11.671,-0.19979,-0.02,12.587,0.61261
11.611,11.669,0,-0.024209,12.582,0.066657
11.577,11.666,-0.17431,-0.030034,12.579,0.57671
11.577,11.663,0,-0.03765,12.57,0.097246
11.544,11.659,-0.098267,-0.038924,12.562,0.39481
11.544,11.655,0,-0.037739,12.55,0.14949
11.544,11.652,0,-0.042883,12.539,0.13049
11.544,11.647,0,-0.044532,12.529,0.11809
11.544,11.643,0,-0.05176,12.519,0.093719
11.544,11.638,0,-0.058723,12.509,0.068876
11.544,11.632,0,-0.065391,12.5,0.043688
11.544,11.625,0,-0.079,12.492,0.0043365
11.544,11.617,0,-0.094671,12.484,0
11.544,11.608,0,-0.11005,12.477,0
11.544,11.597,0,-0.1224,12.471,0
11.544,11.585,0,-0.13431,12.467,0
11.544,11.571,0,-0.14574,12.463,0
11.101,11.557,-0.47221,-0.1602,12.193,2.3585
11.101,11.541,0,-0.17376,12.149,0.54014
11.101,11.523,0,-0.18592,12.106,0.47585
11.101,11.505,0,-0.20075,12.064,0.40559
11.101,11.485,0,-0.20998,12.025,0.34633
11.101,11.464,0,-0.21934,11.988,0.28689
10.807,11.442,-0.62242,-0.23076,11.871,3.4801
10.745,11.419,-0.74275,-0.24643,11.813,4.3412
10.664,11.394,-0.93168,-0.269,11.738,5.9129
10.664,11.367,0,-0.29766,11.666,0.81996
10.664,11.337,0,-0.32917,11.598,0.68766
10.333,11.304,-1.3538,-0.36824,11.482,10.787
10.333,11.268,0,-0.41279,11.387,1.0529
10.333,11.226,0,-0.45618,11.296,0.87354
10.333,11.181,0,-0.49866,11.209,0.70832
10.333,11.131,0,-0.53979,11.127,0.56009
10.333,11.077,0,-0.58461,11.049,0.42619
10.333,11.018,0,-0.62928,10.978,0.3162
9.3492,10.955,-1.4573,-0.67669,10.553,12.827
9.3492,10.888,0,-5.2,10.396,822.59
9.3492,10.368,0,-0.53867,10.268,0.96062
8.935,10.314,-1.4956,-5.2,10.096,0
8.935,9.7939,0,-0.41707,9.9839,0.88436
8.935,9.7522,0,-5.2,9.9001,594.38
8.4528,9.2322,-1.7833,-0.31106,9.7491,16.721
8.4528,9.2011,0,-0.37344,9.6727,0.74955
8.0962,9.1638,-1.9559,-5.2,9.5618,0
8.0962,8.6438,0,-0.28736,9.481,0.5198
8.0962,8.615,0,-0.35281,9.4277,0.34789
7.5228,8.5798,-1.9363,-0.42168,9.2941,20.217
7.5228,8.5376,0,-5.2,9.1905,142
7.1262,8.0176,-1.9342,-0.3447,9.0609,19.959
7.1262,7.9831,0,-5.2,8.9735,105.36
6.7364,7.4631,-2.0284,-0.26892,8.879,21.71
6.7364,7.4362,0,-0.33954,8.8077,0.72113
6.3183,7.4023,-2.0782,-0.41098,8.7031,23.594
6.3183,7.3612,0,-5.2,8.5968,59.762
5.8796,6.8412,-2.3558,-0.34921,8.4836,30.536
5.6496,6.8063,-2.466,-5.2,8.371,23.206
5.6496,6.2863,0,-0.30807,8.2813,0.65793
5.1401,6.2554,-2.8166,-0.39267,8.1529,11.975
5.1401,6.2162,0,-5.2,8.0434,24.937
4.556,5.6962,-3.2121,-0.38205,7.9017,11.775
4.556,5.658,0,-8.8,7.7895,7.2099
4.556,4.778,0,-0.25624,7.7233,0
3.5555,4.7524,-3.6107,-0.35548,7.5501,11.509
3.5555,4.7168,0,-0.46351,7.4322,1.4329
3.5555,4.6705,0,-8.8,7.3184,0
3.5555,3.7905,0,-0.33119,7.2509,0
2.1918,3.7573,-3.1105,-0.41356,6.9504,10.193
2.1918,3.716,0,-8.8,6.7959,0
2.1918,2.836,0,-0.26903,6.6875,0.76027
2.1918,2.8091,0,-0.32684,6.6244,0.58024
2.1918,2.7764,0,-8.8,6.5643,0
2.1918,1.8964,0,-0.10632,6.5499,0
2.1918,1.8858,0,-0.10499,6.5799,0
1.2284,1.8753,0.059417,-0.10036,6.0888,1.0482
1.2284,1.8652,0,-0.099437,6.0246,1.2041
1.2284,1.8553,0,-0.11585,5.9615,1.129
1.2284,1.8437,0,-8.8,5.8993,0
0.90944,0.96369,-1.1346,-0.0043996,5.8353,2.755
0.90944,0.96325,0,-0.01386,5.8299,0.081581
0.90944,0.96187,0,-0.02535,5.8246,0.054211
0.90944,0.95933,0,-0.042488,5.8195,0.013834
0.90944,0.95509,0,-0.067751,5.8147,0
0.90944,0.94831,0,-0.093882,5.8105,0
-0.4366,0.93892,-2.4454,-0.11992,5.4905,7.7205
-0.4366,0.92693,0,-8.8,5.3536,0
-0.4366,0.04693,0,-1.9362,5.2612,0
-0.4366,0,0,-1.732,5.2225,0
-0.4366,0,0,-8.8,5.1875,0
-1.4454,0,-1.6486,-8.8,4.9114,0
-1.6185,0,-1.6837,-8.8,4.8088,0
-1.6185,0,0,-8.8,4.691,0
-1.6185,0,0,-8.8,4.5731,0
-1.6185,0,0,-8.8,4.4553,0
-1.6185,0,0,-8.8,4.3374,0
-1.6185,0,0,-8.8,4.2196,0
-1.6185,0,0,-8.8,4.1017,0
-1.6185,0,0,-8.8,3.9838,0
-1.6185,0,0,-8.8,3.866,0
-3.0917,0,-0.8851,-8.8,3.0947,0
-3.0917,0,0,-8.8,2.8295,0
-3.0917,0,0,-8.8,2.5643,0
-3.0917,0,0,-8.8,2.2992,0
-3.0917,0,0,-8.8,2.034,0
-3.0917,0,0,-8.8,1.7688,0
-3.0917,0,0,-8.8,1.5036,0
-3.0917,0,0,-8.8,1.2385,0
-3.0917,0,0,-8.8,0.9733,0
-3.555,0,-0.22964,-13.474,0.47713,0
-3.555,0,0,-36.032,0.18899,0
-3.555,0,0,9.8,1.0204,27.894
-3.555,0.98,0,-18.185,0.6159,0
-3.555,0,0,-29.888,0.25332,0
-3.7036,0,-0.91535,-904.23,0.0075926,0
-3.7036,0,0,-8.8,4.1584,0
-3.7036,0,0,-8.8,3.832,0
-3.7036,0,0,-8.8,3.5056,0
-3.7036,0,0,-8.8,3.1793,0
-3.7036,0,0,-8.8,2.8529,0
-4.2138,0,-0.10365,-8.8,2.3603,0
-4.2337,0,-0.023798,-8.8,1.9864,0
-4.2386,0,-0.11511,-8.8,1.613,0
-4.2386,0,0,-8.8,1.2332,0
-4.2386,0,0,-11.456,0.8533,0
-4.3513,0,-0.75967,-20.832,0.47163,0
-4.3513,0,0,-70.558,0.14066,0
-4.3513,0,0,-183.79,0.058323,0
-4.3513,0,0,-20.451,0.54213,0
-4.3513,0,0,-62.686,0.20926,0
-4.3513,0,0,-756.06,0.087558,0
-4.7384,0,-0.31108,-8.8,3.3281,0
-4.7384,0,0,-8.8,2.8983,0
-4.7384,0,0,-8.8,2.4684,0
-4.7384,0,0,-8.8,2.0386,0
-4.8837,0,-0.61009,-8.8,1.5773,0
-4.9387,0,-0.63456,-11.376,1.1354,0
-5.0031,0,-0.60709,-18.803,0.68784,0
-5.069,0,-0.54625,-46.956,0.27682,0
-5.069,0,0,-2232.3,0.004705,0
-5.069,0,0,-0.45973,10.659,9.4398
-5.2086,0,-0.46595,-0.46595,10.129,10.692
-5.2476,0,-0.49317,-0.49317,9.6068,10.772
-5.2476,0,0,-0.52619,9.0845,9.6663
-5.2476,0,0,-0.54386,8.5623,9.6292
-5.2476,0,0,-0.54216,8.0403,9.6328
-5.2476,0,0,-0.52625,7.5183,9.6662
-5.2476,0,0,-0.51398,6.9961,9.692
-5.5536,0,-0.50583,-0.50583,6.3439,11.399
-5.5959,0,-0.50252,-0.50252,5.7816,11.486
-5.646,0,-0.50818,-0.50818,5.2145,11.589
-5.646,0,0,-8.8,4.6525,0
-5.646,0,0,-8.8,4.1319,0
-5.646,0,0,-8.8,3.6113,0
-5.8684,0,-0.51976,-8.8,3.0531,0
-5.8684,0,0,-8.8,2.5103,0
-5.9708,0,-0.51556,-9.6156,1.9588,0
-6.017,0,-0.51393,-13.375,1.4076,0
-6.017,0,0,-21.861,0.87275,0
-6.017,0,0,-53.637,0.38035,0
-6.017,0,0,-4465.9,0.046828,0
-6.017,0,0,7.8,21.775,28.739
-6.017,0.78,0,-0.50182,21.134,12.894
-6.3512,0.72982,-0.50216,-0.50216,20.335,14.53
-6.3512,0.6796,0,-0.49797,19.63,13.381
-6.4514,0.6298,-0.50477,-0.50477,18.925,14.531
-6.4514,0.57933,0,-0.50611,18.22,13.364
-6.5578,0.52872,-0.49691,-0.49691,17.495,14.542
-6.5578,0.47902,0,-0.53411,16.789,13.317
