15.833,15.833,-0.29656,0,35.5,0.85608
15.795,15.833,0.54757,-0.0032695,35.504,0
15.795,15.833,0,0.0081192,35.5,0.097314
15.795,15.834,0,0.025724,35.496,0.13918
15.795,15.836,0,0.045925,35.492,0.19279
15.795,15.841,0,0.055056,35.488,0.22542
15.795,15.846,0,0.055458,35.483,0.23875
15.795,15.852,0,0.051215,35.477,0.2406
15.795,15.857,0,0.057225,35.471,0.26721
15.795,15.863,0,0.055138,35.465,0.27486
15.795,15.868,0,0.060745,35.458,0.3017
16.01,15.874,0.24729,0.068923,35.56,0
16.041,15.881,0.25702,0.081397,35.575,0
16.067,15.889,0.26215,0.090334,35.588,0
16.067,15.899,0,0.097405,35.606,0
16.067,15.908,0,0.10405,35.622,0
16.067,15.919,0,0.10516,35.637,0
16.067,15.929,0,0.11191,35.652,0
16.067,15.94,0,0.11754,35.665,0
16.067,15.952,0,0.11727,35.677,0.020821
16.067,15.964,0,0.1147,35.688,0.040418
16.067,15.975,0,0.11486,35.698,0.066185
16.067,15.987,0,0.11162,35.706,0.083768
16.067,15.998,0,0.11644,35.714,0.12069
16.067,16.01,0,0.11857,35.72,0.15236
16.067,16.021,0,0.1167,35.725,0.1745
16.264,16.033,0.066839,0.11665,35.906,0
16.264,16.045,0,0.11584,35.928,0
16.264,16.056,0,0.11065,35.949,0
16.263,16.067,-0.13998,0.09888,35.972,0.15346
16.263,16.077,0,0.087276,35.991,0
16.24,16.086,-0.21822,0.07791,36.013,0.43301
16.24,16.094,0,0.058163,36.028,0
16.24,16.1,0,0.039777,36.042,0
16.24,16.104,0,0.024772,36.056,0
16.24,16.106,0,0.016243,36.069,0
16.24,16.108,0,0.0076787,36.083,0
16.24,16.109,0,-0.00097141,36.096,0
16.24,16.108,0,-0.0035291,36.109,0
16.24,16.108,0,-0.0058665,36.122,0
16.018,16.108,-0.22616,-0.0075078,36.015,0.82038
16.003,16.107,-0.20192,-0.0087155,36.003,0.77109
16.003,16.106,0,-0.0099056,35.993,0.1933
15.981,16.105,-0.20634,-0.010502,35.965,0.83611
15.981,16.104,0,-0.012945,35.953,0.23112
15.981,16.103,0,-0.01497,35.941,0.22361
15.981,16.101,0,-0.015746,35.929,0.21858
15.981,16.099,0,-0.017186,35.917,0.21187
15.981,16.098,0,-0.019177,35.905,0.20361
15.981,16.096,0,-0.02024,35.893,0.19707
15.832,16.094,-0.23178,-0.022205,35.833,1.2674
15.832,16.092,0,-0.02482,35.807,0.50486
15.832,16.089,0,-0.027328,35.781,0.49269
15.832,16.086,0,-0.02895,35.755,0.48229
15.832,16.083,0,-0.03109,35.73,0.47024
15.832,16.08,0,-0.032208,35.705,0.46036
15.832,16.077,0,-0.03358,35.681,0.44961
15.832,16.074,0,-0.034916,35.656,0.43869
15.643,16.07,-0.18081,-0.036614,35.581,1.489
15.643,16.067,0,-0.038621,35.539,0.85497
15.643,16.063,0,-0.039165,35.496,0.84398
15.643,16.059,0,-0.04016,35.455,0.83158
15.584,16.055,-0.15371,-0.04071,35.401,1.4951
15.561,16.051,-0.18472,-0.042421,35.356,1.6659
15.561,16.047,0,-0.043085,35.307,0.99639
15.561,16.042,0,-0.043637,35.258,0.98398
15.561,16.038,0,-0.044785,35.21,0.96967
15.561,16.033,0,-0.045533,35.163,0.95631
15.561,16.029,0,-0.046211,35.116,0.94302
15.503,16.024,0.023201,-0.045706,35.056,1.0072
15.503,16.02,0,-0.045899,35.004,1.0662
15.497,16.015,0.093745,-0.045567,34.966,0.80003
15.516,16.01,0.02511,-0.043584,34.922,0.94157
15.527,16.006,0.062955,-0.042317,34.869,0.80089
15.525,16.002,0.098354,-0.04217,34.814,0.70168
15.525,15.998,0,-0.040331,34.767,0.97087
15.546,15.994,0.099202,-0.039705,34.736,0.63994
15.546,15.99,0,-0.038202,34.691,0.90531
15.546,15.986,0,-0.036714,34.647,0.90029
15.546,15.982,0,-0.035422,34.603,0.89506
15.597,15.979,-0.024956,-0.034139,34.565,0.84019
15.597,15.975,0,-0.033413,34.527,0.76124
15.586,15.972,-0.21927,-0.034599,34.492,1.5303
15.586,15.968,0,-0.036586,34.453,0.76172
15.586,15.965,0,-0.038323,34.415,0.74806
15.586,15.961,0,-0.040719,34.378,0.73221
15.586,15.957,0,-0.044051,34.34,0.71328
15.435,15.952,-0.30738,-0.046856,34.266,2.2759
15.435,15.948,0,-0.04891,34.214,1.0463
15.371,15.943,-0.2978,-0.052005,34.157,2.3827
15.371,15.938,0,-0.055051,34.1,1.1635
15.371,15.932,0,-0.058525,34.044,1.1386
15.371,15.926,0,-0.061811,33.988,1.1135
15.371,15.92,0,-0.0649,33.933,1.0884
15.172,15.914,-0.32606,-0.068425,33.827,3.0207
15.172,15.907,0,-0.07031,33.753,1.5559
15.172,15.9,0,-0.072095,33.68,1.5309
15.1,15.893,-0.29177,-0.0738,33.605,2.987
15.1,15.885,0,-0.075315,33.527,1.6751
15.1,15.878,0,-0.077523,33.448,1.6468
15.1,15.87,0,-0.080292,33.371,1.6161
15.1,15.862,0,-0.083712,33.294,1.5826
15.1,15.854,0,-0.0864,33.219,1.5509
15.1,15.845,0,-0.088995,33.144,1.519
15.1,15.836,0,-0.091326,33.07,1.4875
15.1,15.827,0,-0.093696,32.997,1.4554
15.1,15.817,0,-0.095374,32.924,1.4252
14.788,15.808,-0.28727,-0.098613,32.734,3.631
14.766,15.798,-0.3169,-0.10025,32.636,3.8369
14.732,15.788,-0.32739,-0.10301,32.531,3.9695
14.732,15.778,0,-0.10543,32.426,2.3019
14.664,15.767,-0.31519,-0.10868,32.317,4.0414
14.664,15.756,0,-0.1105,32.207,2.4204
14.664,15.745,0,-0.11229,32.098,2.3807
14.664,15.734,0,-0.11385,31.991,2.3415
14.664,15.723,0,-0.1159,31.884,2.3001
14.664,15.711,0,-0.11798,31.779,2.2583
14.664,15.699,0,-0.12005,31.675,2.2161
14.664,15.687,0,-0.12298,31.572,2.1703
14.664,15.675,0,-0.12474,31.47,2.1284
14.432,15.663,-0.31997,-0.12699,31.28,4.4423
14.432,15.65,0,-0.12991,31.157,2.7182
14.373,15.637,-0.37,-0.13201,31.015,4.8571
14.373,15.624,0,-0.13604,30.89,2.7921
14.373,15.61,0,-0.13989,30.765,2.7347
14.246,15.596,-0.60122,-0.14374,30.61,6.8391
14.246,15.582,0,-0.14984,30.476,2.9974
14.246,15.567,0,-0.1557,30.343,2.9261
14.246,15.551,0,-0.16339,30.212,2.8459
14.246,15.535,0,-0.16997,30.082,2.7689
14.246,15.518,0,-0.17664,29.954,2.6903
14.246,15.5,0,-0.18416,29.828,2.6073
13.766,15.482,-0.89119,-0.19197,29.55,10.997
13.766,15.462,0,-0.20247,29.379,3.9199
13.766,15.442,0,-0.21255,29.211,3.8057
13.484,15.421,-0.95901,-0.2225,29.018,12.688
13.382,15.399,-0.97739,-0.23378,28.823,13.238
13.382,15.375,0,-0.2453,28.623,4.7235
13.176,15.351,-0.94703,-0.25733,28.411,13.529
13.176,15.325,0,-0.26911,28.195,5.1524
12.988,15.298,-0.84897,-0.27956,27.964,12.912
12.988,15.27,0,-0.28984,27.735,5.5236
12.988,15.241,0,-0.29998,27.508,5.3644
12.75,15.211,-0.76047,-0.30904,27.243,12.464
12.75,15.18,0,-0.32002,26.998,5.9034
12.75,15.148,0,-0.32947,26.757,5.7336
12.516,15.115,-0.76027,-0.34005,26.468,12.922
12.516,15.081,0,-0.34949,26.209,6.246
12.516,15.046,0,-0.36013,25.955,6.056
12.299,15.01,-0.59019,-0.3703,25.667,11.451
12.299,14.973,0,-0.37865,25.398,6.492
12.299,14.936,0,-0.38825,25.132,6.2949
12.13,14.897,-0.54117,-0.39575,24.834,11.041
12.13,14.857,0,-0.40443,24.559,6.5465
12.13,14.817,0,-0.41207,24.289,6.3506
11.968,14.775,-0.58815,-0.42094,24.004,11.497
11.968,14.733,0,-0.43138,23.725,6.5365
11.968,14.69,0,-0.44117,23.451,6.3192
11.968,14.646,0,-0.45052,23.181,6.1037
11.968,14.601,0,-0.45787,22.915,5.8984
11.968,14.555,0,-0.46529,22.654,5.6927
11.968,14.509,0,-0.47078,22.398,5.4973
11.968,14.462,0,-0.4781,22.146,5.2931
11.968,14.414,0,-0.4843,21.899,5.0949
11.968,14.365,0,-0.49362,21.657,4.8823
11.968,14.316,0,-0.50227,21.42,4.6734
11.968,14.266,0,-0.51078,21.188,4.466
11.968,14.215,0,-0.52094,20.96,4.2521
11.968,14.163,0,-0.5287,20.738,4.05
11.968,14.11,0,-0.53758,20.522,3.8447
11.968,14.056,0,-0.54586,20.31,3.6435
11.968,14.001,0,-0.55517,20.104,3.4403
11.968,13.946,0,-0.56404,19.904,3.2411
11.15,13.89,-0.29649,-0.56956,18.91,7.5994
11.125,13.833,-0.24957,-0.57412,18.635,7.1066
11.099,13.775,-0.21194,-0.57848,18.369,6.7001
11.099,13.717,0,-0.57982,18.105,5.2161
11.099,13.659,0,-0.58295,17.846,5.0023
11.034,13.601,-0.30341,-0.58865,17.579,6.8251
11.034,13.542,0,-0.5955,17.325,4.7685
10.968,13.483,-0.37685,-0.60057,17.052,7.0531
10.968,13.423,0,-0.60879,16.803,4.5287
10.882,13.362,-0.73687,-0.61622,16.55,9.7816
10.882,13.3,0,-0.63032,16.305,4.3145
10.727,13.237,-1.0245,-0.64895,16.055,12.708
10.727,13.172,0,-0.6757,15.808,4.1984
10.493,13.105,-1.2606,-0.70484,15.541,15.777
10.493,13.034,0,-0.73345,15.284,4.2504
10.493,12.961,0,-0.76649,15.033,3.8888
10.493,12.884,0,-0.80342,14.79,3.5214
10.493,12.804,0,-0.84814,14.555,3.1398
10.493,12.719,0,-0.89753,14.328,2.7629
9.5716,12.629,-2.0449,-0.95757,13.862,30.217
9.5716,12.533,0,-1.019,13.561,4.3495
9.5716,12.432,0,-1.0891,13.27,3.7959
9.5716,12.323,0,-1.1691,12.99,3.2556
9.5716,12.206,0,-1.2488,12.72,2.7793
8.4596,12.081,-2.4404,-1.3358,12.193,40.027
8.4596,11.947,0,-1.4342,11.838,4.3059
8.4596,11.804,0,-1.5403,11.496,3.6395
8.4596,11.65,0,-1.6543,11.17,3.0885
8.4596,11.484,0,-5.2,10.859,159.11
8.4596,10.964,0,-5.2,10.582,243.88
8.4596,10.444,0,-5.2,10.358,327.51
8.4596,9.9244,0,-5.2,10.185,326.44
8.4596,9.4044,0,-5.2,10.065,325.38
8.4596,8.8844,0,-5.2,9.9965,324.31
8.4596,8.3644,0,-5.2,9.98,323.25
8.4596,7.8444,0,-5.2,10.016,322.18
8.4596,7.3244,0,-5.2,10.103,321.11
8.4596,6.8044,0,-5.2,10.243,320.05
4.8487,6.2844,-2.59,-5.2,7.9112,0
4.5985,5.7644,-2.6535,-8.8,7.7847,0
4.5985,4.8844,0,-0.16009,7.7121,0.25077
4.5985,4.8684,0,-0.23514,7.6843,0.086747
3.8175,4.8448,-2.6574,-0.31176,7.547,9.9667
3.5474,4.8137,-2.5446,-0.39191,7.4258,9.8705
3.5474,4.7745,0,-8.8,7.3012,0
3.0638,3.8945,-2.1356,-0.21738,7.1565,8.0262
2.8491,3.8727,-1.9138,-0.27252,7.0559,7.8064
2.6482,3.8455,-1.7922,-0.32396,6.955,7.7061
2.6482,3.8131,0,-8.8,6.8369,0
2.6482,2.9331,0,-0.13812,6.7644,0.29384
2.1299,2.9193,-1.5394,-0.17059,6.6544,6.0589
2.1299,2.9022,0,-0.20466,6.5764,1.2251
1.8112,2.8817,-1.4483,-0.23897,6.4702,6.1431
1.8112,2.8579,0,-8.8,6.3643,0
1.8112,1.9779,0,-0.068805,6.3036,0.19735
1.3974,1.971,-1.2878,-0.090422,6.2302,4.5443
1.3974,1.9619,0,-0.11169,6.1733,0.98792
1.3974,1.9508,0,-0.12973,6.1174,0.90995
1.3974,1.9378,0,-0.14514,6.0627,0.83739
1.3974,1.9233,0,-8.8,6.0094,0
0.91707,1.0433,-0.26223,-0.011057,5.8648,1.0411
0.91707,1.0422,0,-0.014016,5.8523,0.2325
0.88394,1.0408,0.057819,-0.013779,5.8456,0.17111
0.88394,1.0394,0,-0.012759,5.83,0.30175
0.88394,1.0381,0,-0.011773,5.8145,0.30132
0.88394,1.0369,0,-0.0079687,5.7992,0.30794
1.0402,1.0361,1.3671,0.03979,5.8061,0.80451
1.0402,1.0401,0,1.3718,5.8063,6.5558
1.0402,1.1773,0,1.6597,5.7995,9.2679
1.645,1.3433,3.1831,1.9093,5.8517,0
1.645,1.5342,0,2.1989,5.8724,12.365
1.645,1.7541,0,2.3823,5.8724,15.091
2.7296,1.9923,4.2037,2.4709,6.0027,0
2.7296,2.2394,0,-8.8,6.0641,0
2.7296,1.3594,0,4.9,6.1571,31.293
2.7296,1.8494,0,4.9,6.2696,34.372
2.7296,2.3394,0,4.9,6.3331,37.491
2.7296,2.8294,0,4.369,6.3476,34.802
2.7296,3.2663,0,3.4391,6.3158,27.681
2.7296,3.6102,0,3.0375,6.2449,25.658
2.7296,3.914,0,2.7996,6.1417,25.072
2.7296,4.1939,0,2.665,6.0093,25.378
2.7296,4.4604,0,2.596,5.8495,26.261
2.7296,4.72,0,2.5501,5.6634,27.34
2.7296,4.975,0,2.495,5.4516,28.303
7.8524,5.2245,3.4174,2.4517,8.7092,0
7.8524,5.4697,0,2.4189,8.9597,3.3403
7.8524,5.7116,0,2.3875,9.1859,4.1671
8.8708,5.9504,3.3662,2.3758,9.5302,0.27402
9.2024,6.1879,3.3331,2.3621,9.8343,0.39386
9.2024,6.4242,0,2.3494,10.124,1.2979
9.8671,6.6591,3.2494,2.3481,10.453,0.50902
10.196,6.8939,3.0643,2.3449,10.784,0
10.196,7.1284,0,2.3356,11.103,0.12651
10.196,7.3619,0,2.292,11.398,0.75482
10.196,7.5911,0,2.214,11.67,1.1817
10.196,7.8125,0,2.1052,11.919,1.4043
10.196,8.0231,0,1.9715,12.147,1.4436
10.196,8.2202,0,1.8299,12.354,1.3928
11.204,8.4032,0.056361,1.6909,13.03,0
11.204,8.5723,0,1.5676,13.301,0
11.204,8.729,0,1.4605,13.556,0
11.204,8.8751,0,1.3774,13.797,0
11.275,9.0128,0.3197,1.2991,14.047,0
11.312,9.1427,0.68017,1.2334,14.264,0
11.312,9.2661,0,1.1864,14.475,0
11.481,9.3847,1.4362,1.1713,14.695,0
11.481,9.5018,0,1.1814,14.899,0
11.481,9.62,0,1.2071,15.091,0
12.026,9.7407,1.9986,1.2476,15.35,0.18078
12.026,9.8655,0,1.2753,15.573,0
12.026,9.993,0,1.2965,15.782,0
12.585,10.123,1.5552,1.3131,16.068,0
12.75,10.254,1.5217,1.3199,16.306,0
12.75,10.386,0,1.3228,16.549,0
12.75,10.518,0,1.3214,16.779,0
12.75,10.65,0,1.3238,16.996,0
12.75,10.783,0,1.3335,17.199,0
12.75,10.916,0,1.3507,17.389,0
12.75,11.051,0,1.3802,17.566,0.10274
12.75,11.189,0,1.414,17.729,0.71318
12.75,11.331,0,1.448,17.878,1.3717
14.454,11.475,2.2954,1.4756,18.717,1.5542
14.454,11.623,0,1.5069,19.007,0
14.454,11.774,0,1.5319,19.283,0
14.454,11.927,0,1.5488,19.543,0
14.454,12.082,0,1.5607,19.788,0
15.504,12.238,1.4526,1.5605,20.277,0
15.504,12.394,0,1.5454,20.596,0
15.504,12.548,0,1.5242,20.899,0
15.88,12.701,1.0368,1.488,21.243,0
15.88,12.85,0,1.4584,21.553,0
15.88,12.995,0,1.4443,21.849,0
16.233,13.14,0.54348,1.421,22.178,0
16.278,13.282,-0.17476,1.3693,22.491,0
16.278,13.419,0,1.2924,22.784,0
16.278,13.548,0,1.1791,23.063,0
16.278,13.666,0,1.0032,23.33,0
16.278,13.766,0,0.77614,23.587,0
16.278,13.844,0,0.52024,23.834,0
14.44,13.896,-6.222,0.24175,23.701,0
14.44,13.92,0,-0.014704,23.754,0
13.209,13.919,-5.4963,-0.10207,23.669,613.75
13.209,13.908,0,-0.17961,23.598,1.1193
12.18,13.891,-4.255,-0.24995,23.417,153.58
11.763,13.866,-3.8406,-0.3109,23.225,113.64
11.369,13.834,-3.1575,-0.36977,22.992,72.484
11.369,13.797,0,-0.41679,22.747,5.381
10.836,13.756,-1.5589,-0.45284,22.444,25.35
10.836,13.71,0,-0.4799,22.155,6.6777
10.567,13.663,-0.64495,-0.49872,21.836,12.897
10.508,13.613,-0.79821,-0.50994,21.53,14.551
10.508,13.562,0,-0.52655,21.222,7.0949
10.508,13.509,0,-0.54529,20.919,6.7865
10.212,13.454,-1.015,-0.56662,20.577,17.512
10.106,13.398,-0.72586,-0.58785,20.255,14.037
10.106,13.339,0,-0.60196,19.928,7.3499
10.106,13.279,0,-0.61016,19.608,7.0714
10.106,13.218,0,-0.61522,19.294,6.8116
10.106,13.156,0,-0.6139,18.985,6.5887
10.106,13.095,0,-0.6158,18.683,6.3512
10.106,13.033,0,-0.61825,18.388,6.1133
10.003,12.971,-0.077631,-0.62013,18.032,6.7241
10.003,12.909,0,-0.62309,17.738,6.0123
9.9696,12.847,-0.1544,-0.62802,17.448,6.8172
9.9696,12.784,0,-0.63315,17.164,5.6318
9.9644,12.721,0.72527,-0.62788,16.893,2.808
9.9644,12.658,0,-0.60917,16.621,5.3314
9.9644,12.597,0,-0.579,16.354,5.2712
9.9644,12.539,0,-0.53082,16.094,5.3121
9.9644,12.486,0,-0.47591,15.839,5.4058
9.9644,12.439,0,-0.42099,15.589,5.522
10.95,12.397,1.7513,-0.36566,15.596,2.1968
10.95,12.36,0,-0.31446,15.453,2.556
10.95,12.329,0,-0.2654,15.313,2.6535
10.95,12.302,0,-0.22379,15.177,2.7401
10.95,12.28,0,-0.18265,15.043,2.8407
10.95,12.261,0,-0.14225,14.911,2.9542
10.95,12.247,0,-0.10461,14.78,3.0722
10.95,12.237,0,-0.063097,14.651,3.2232
10.95,12.23,0,-0.02363,14.523,3.3831
10.95,12.228,0,0.025618,14.395,3.6076
10.95,12.231,0,0.084857,14.267,3.907
12.62,12.239,1.5599,0.13941,15.028,1.4339
12.62,12.253,0,0.1907,15.066,0
12.928,12.272,1.441,0.24047,15.128,0.89398
12.928,12.296,0,0.28762,15.192,0
12.928,12.325,0,0.32709,15.254,0
12.928,12.358,0,0.36593,15.313,0
12.928,12.394,0,0.40083,15.368,0
13.6,12.434,0.97687,0.42985,15.612,0
13.6,12.477,0,0.4525,15.726,0
13.771,12.523,0.47804,0.46112,15.86,0
13.771,12.569,0,0.45908,15.983,0
13.832,12.615,0.12767,0.45046,16.105,0
13.852,12.66,0.079764,0.44159,16.23,0
13.852,12.704,0,0.42687,16.347,0
13.852,12.747,0,0.41378,16.459,0
13.852,12.788,0,0.40428,16.568,0
13.852,12.828,0,0.39809,16.672,0
13.91,12.868,0.1508,0.3866,16.772,0
13.91,12.907,0,0.37905,16.875,0
13.91,12.945,0,0.36846,16.973,0
13.91,12.982,0,0.35579,17.068,0
13.91,13.017,0,0.34788,17.159,0
13.91,13.052,0,0.34161,17.246,0
13.91,13.086,0,0.34792,17.33,0
14.105,13.121,1.0964,0.36615,17.445,0
14.21,13.157,1.3352,0.39149,17.541,0.32845
14.342,13.197,1.4129,0.42633,17.644,0.56087
14.342,13.239,0,0.46191,17.757,0
14.342,13.285,0,0.49621,17.865,0
14.342,13.335,0,0.52312,17.968,0
14.342,13.387,0,0.54371,18.066,0
14.342,13.442,0,0.56232,18.159,0
14.342,13.498,0,0.57144,18.246,0
14.342,13.555,0,0.57819,18.328,0
14.342,13.613,0,0.58299,18.403,0
14.342,13.671,0,0.58248,18.473,0.004216
14.342,13.729,0,0.57796,18.538,0.14373
15.305,13.787,0.24961,0.56703,19.245,0
15.305,13.844,0,0.55362,19.393,0
15.305,13.899,0,0.54002,19.537,0
15.363,13.953,0.093965,0.5266,19.678,0
15.363,14.006,0,0.51014,19.816,0
15.363,14.057,0,0.49123,19.949,0
15.363,14.106,0,0.47716,20.078,0
15.405,14.154,0.36981,0.46748,20.22,0
15.405,14.201,0,0.46604,20.343,0
15.405,14.247,0,0.46789,20.461,0
15.405,14.294,0,0.46738,20.574,0
15.591,14.341,0.62661,0.46742,20.719,0
15.591,14.387,0,0.47187,20.842,0
15.591,14.435,0,0.47789,20.96,0
15.591,14.482,0,0.48743,21.073,0
15.591,14.531,0,0.49285,21.182,0
15.591,14.58,0,0.50259,21.285,0
15.992,14.631,0.71789,0.50882,21.52,0
15.992,14.682,0,0.51504,21.653,0
16.137,14.733,0.72528,0.52445,21.78,0
16.137,14.786,0,0.53132,21.918,0
16.137,14.839,0,0.5373,22.05,0
16.354,14.892,0.72247,0.54564,22.218,0
16.354,14.947,0,0.55067,22.362,0
16.354,15.002,0,0.55419,22.499,0
16.354,15.057,0,0.56305,22.632,0
16.649,15.114,0.72377,0.57291,22.834,0
16.649,15.171,0,0.57976,22.984,0
16.787,15.229,0.7174,0.58124,23.151,0
16.787,15.287,0,0.589,23.304,0
16.787,15.346,0,0.58917,23.451,0
16.787,15.405,0,0.59008,23.592,0
17.046,15.464,0.71604,0.58904,23.778,0
17.046,15.523,0,0.59616,23.933,0
17.046,15.583,0,0.60318,24.083,0
17.046,15.643,0,0.60485,24.226,0
17.046,15.703,0,0.61299,24.363,0
17.423,15.765,0.73844,0.61613,24.587,0
17.504,15.826,0.74268,0.62287,24.75,0
17.504,15.889,0,0.62393,24.915,0
17.637,15.951,0.73094,0.62558,25.095,0
17.637,16.013,0,0.6302,25.26,0
17.637,16.077,0,0.63014,25.419,0
17.637,16.14,0,0.6337,25.572,0
17.637,16.203,0,0.63449,25.719,0
17.637,16.266,0,0.63895,25.859,0
17.637,16.33,0,0.64101,25.993,0
17.637,16.394,0,0.63788,26.12,0
17.637,16.458,0,0.63139,26.241,0
18.212,16.521,0.42696,0.62298,26.594,0
18.212,16.584,0,0.61366,26.76,0
18.212,16.645,0,0.60959,26.92,0
18.336,16.706,0.35206,0.59928,27.082,0
18.336,16.766,0,0.59032,27.242,0
18.336,16.825,0,0.58009,27.397,0
18.435,16.883,0.26891,0.5693,27.559,0
18.46,16.94,0.23566,0.55722,27.71,0
18.46,16.996,0,0.54726,27.859,0
18.46,17.05,0,0.53594,28.003,0
18.549,17.104,0.26864,0.52886,28.17,0
18.549,17.157,0,0.52095,28.311,0
18.549,17.209,0,0.50736,28.448,0
18.622,17.26,0.2766,0.49768,28.598,0
18.648,17.309,0.26195,0.4888,28.735,0
18.674,17.358,0.26205,0.48022,28.872,0
18.699,17.406,0.2949,0.47162,29.004,0
18.699,17.453,0,0.46285,29.131,0
18.762,17.5,0.29941,0.46002,29.268,0
18.782,17.546,0.30143,0.45032,29.384,0
18.782,17.591,0,0.44323,29.506,0
18.782,17.635,0,0.43501,29.623,0
18.782,17.679,0,0.4285,29.735,0
18.782,17.721,0,0.42606,29.843,0
18.937,17.764,0.34465,0.42583,29.981,0
18.937,17.807,0,0.42324,30.096,0
19.009,17.849,0.29912,0.42068,30.21,0
19.009,17.891,0,0.41741,30.323,0
19.009,17.933,0,0.41449,30.433,0
19.009,17.974,0,0.40321,30.539,0
