7.6891,7.6891,0.78618,0,35.5,0
7.6891,7.6891,0,6.7,35.5,60.872
7.8293,8.3591,0.88326,6.7,35.47,48.821
7.8293,9.0291,0,6.7,35.384,69.17
7.8293,9.6991,0,6.7,35.23,73.851
7.8293,10.369,0,6.7,35.01,78.562
8.2381,11.039,1.1996,-0.16618,34.791,2.8722
8.3679,11.022,1.137,-0.15926,34.523,2.7182
8.3679,11.007,0,-0.15287,34.258,7.7013
8.3679,10.991,0,-0.14611,33.995,7.6813
8.3679,10.977,0,-0.13916,33.734,7.6653
8.8566,10.963,1.4108,-0.13168,33.55,1.5457
9.0007,10.95,1.5175,-0.12289,33.351,1.3876
9.1586,10.937,1.542,-0.11304,33.17,1.2713
9.1586,10.926,0,-0.10329,32.993,4.6556
9.4656,10.916,1.4801,-0.093446,32.848,1.0394
9.4656,10.906,0,-0.084121,32.704,3.6289
9.7555,10.898,1.2364,-0.07445,32.591,0.6811
9.7555,10.89,0,-0.066634,32.477,2.728
9.7555,10.884,0,-0.059549,32.364,2.7374
10.079,10.878,1.1581,-0.052702,32.304,0.43671
10.079,10.873,0,-0.044425,32.224,1.8083
10.318,10.868,1.3555,-0.036539,32.168,0.69768
10.318,10.864,0,-0.027513,32.113,1.1999
10.318,10.862,0,-0.01737,32.058,1.2256
10.318,10.86,0,-0.0059638,32.004,1.2585
10.961,10.859,2.249,0.08883,32.057,4.1477
11.18,10.868,2.5354,0.27281,32.073,4.7519
11.18,10.896,0,0.47053,32.103,0.66546
11.18,10.943,0,0.67575,32.129,1.6402
11.18,11.01,0,0.86812,32.149,2.8089
11.18,11.097,0,1.053,32.162,4.1701
12.648,11.202,3.2951,1.22,32.539,4.4279
12.648,11.324,0,1.3838,32.678,1.3795
12.648,11.463,0,1.5204,32.803,2.6272
13.613,11.615,2.6562,1.6096,33.063,0.23365
13.888,11.776,2.3052,1.6724,33.273,0
14.114,11.943,1.9701,1.6889,33.491,0
14.114,12.112,0,1.6827,33.7,0.52213
14.114,12.28,0,1.6649,33.892,1.0226
14.114,12.447,0,1.6336,34.067,1.4566
14.114,12.61,0,1.5941,34.226,1.8421
14.114,12.769,0,1.5449,34.368,2.1633
14.114,12.924,0,1.5026,34.495,2.5075
14.114,13.074,0,1.4646,34.607,2.8635
14.114,13.221,0,1.4247,34.703,3.1974
14.114,13.363,0,1.384,34.785,3.5132
14.114,13.501,0,1.3448,34.854,3.8246
14.114,13.636,0,1.2988,34.908,4.0814
14.114,13.766,0,1.2588,34.95,4.3569
14.114,13.892,0,1.2254,34.978,4.6588
15.857,14.014,0.81007,1.1811,36.382,0
15.857,14.132,0,1.1451,36.561,0
15.857,14.247,0,1.1114,36.727,0
15.857,14.358,0,1.0771,36.883,0
15.857,14.466,0,1.0473,37.027,0
16.217,14.57,0.6579,1.0096,37.23,0
16.217,14.671,0,0.98327,37.389,0
16.217,14.77,0,0.95317,37.539,0
16.217,14.865,0,0.92819,37.679,0
16.217,14.958,0,0.90376,37.81,0
16.217,15.048,0,0.87764,37.931,0
16.585,15.136,0.39621,0.85237,38.173,0
16.585,15.221,0,0.81862,38.313,0
16.585,15.303,0,0.77941,38.446,0
16.658,15.381,0.065248,0.73848,38.573,0
16.658,15.455,0,0.69945,38.697,0
16.67,15.525,0.0053747,0.65569,38.832,0
16.67,15.59,0,0.62108,38.943,0
16.67,15.652,0,0.58368,39.048,0
16.675,15.711,-0.065055,0.54486,39.131,0
16.675,15.765,0,0.50336,39.225,0
16.675,15.816,0,0.47,39.313,0
16.675,15.863,0,0.43642,39.397,0
16.675,15.906,0,0.40522,39.476,0
16.675,15.947,0,0.37607,39.551,0
16.675,15.984,0,0.35376,39.622,0
16.621,16.02,-0.0059379,0.33304,39.659,0
16.621,16.053,0,0.31719,39.717,0
16.621,16.085,0,0.29798,39.772,0
16.629,16.115,-0.13135,0.28321,39.824,0
16.629,16.143,0,0.26262,39.874,0
16.608,16.169,-0.20226,0.24041,39.931,0.16709
16.594,16.193,-0.12241,0.21925,39.979,0
16.594,16.215,0,0.20309,40.018,0
16.594,16.235,0,0.19085,40.055,0
16.594,16.255,0,0.18188,40.09,0
16.613,16.273,0.34967,0.18541,40.134,0
16.613,16.291,0,0.19852,40.167,0
16.697,16.311,0.40434,0.20991,40.217,0
16.697,16.332,0,0.21638,40.254,0
16.774,16.354,0.37949,0.22814,40.31,0
16.774,16.377,0,0.23163,40.351,0
16.837,16.4,0.35586,0.23645,40.394,0
16.837,16.423,0,0.24497,40.437,0
16.837,16.448,0,0.25387,40.477,0
16.837,16.473,0,0.25508,40.515,0
16.837,16.499,0,0.25665,40.55,0
16.837,16.524,0,0.26396,40.582,0
16.837,16.551,0,0.26642,40.612,0.013326
16.837,16.577,0,0.27677,40.639,0.10529
16.837,16.605,0,0.29077,40.664,0.21303
17.198,16.634,0.6277,0.30051,40.829,0
17.198,16.664,0,0.31475,40.884,0
17.198,16.696,0,0.33141,40.936,0
17.39,16.729,0.58001,0.35072,40.997,0
17.39,16.764,0,0.36621,41.061,0
17.504,16.801,0.52186,0.37143,41.116,0
17.55,16.838,0.49817,0.37556,41.192,0
17.55,16.875,0,0.38497,41.262,0
17.659,16.914,0.55903,0.39082,41.338,0
17.718,16.953,0.56975,0.40049,41.409,0
17.718,16.993,0,0.4131,41.484,0
17.718,17.034,0,0.42206,41.554,0
17.898,17.076,0.65088,0.42727,41.65,0
17.898,17.119,0,0.43892,41.73,0
17.898,17.163,0,0.44382,41.806,0
17.898,17.207,0,0.45205,41.877,0
17.898,17.253,0,0.45922,41.944,0
18.217,17.299,0.71972,0.4714,42.082,0
18.217,17.346,0,0.48384,42.171,0
18.217,17.394,0,0.49736,42.256,0
18.217,17.444,0,0.50618,42.336,0
18.217,17.494,0,0.5189,42.411,0
18.217,17.546,0,0.52742,42.48,0
18.667,17.599,0.72919,0.53948,42.674,0
18.667,17.653,0,0.54905,42.778,0
18.667,17.708,0,0.55891,42.877,0
18.667,17.764,0,0.56097,42.97,0
18.951,17.82,0.65015,0.56459,43.123,0
19.021,17.876,0.63652,0.56976,43.24,0
19.021,17.933,0,0.57227,43.352,0
19.021,17.991,0,0.57076,43.458,0
19.021,18.048,0,0.57431,43.558,0
19.29,18.105,0.77142,0.58313,43.707,0
19.375,18.163,0.79239,0.59456,43.835,0
19.456,18.223,0.80592,0.60327,43.954,0
19.456,18.283,0,0.6108,44.074,0
19.456,18.344,0,0.61839,44.188,0
19.456,18.406,0,0.62834,44.297,0
19.456,18.469,0,0.63332,44.398,0
19.456,18.532,0,0.6364,44.494,0
19.938,18.596,0.71878,0.64456,44.704,0
19.938,18.66,0,0.6436,44.835,0
19.938,18.725,0,0.64196,44.959,0
19.938,18.789,0,0.62471,45.078,0
19.938,18.851,0,0.605,45.189,0
19.938,18.912,0,0.57671,45.295,0
19.938,18.97,0,0.54046,45.395,0
19.938,19.024,0,0.49669,45.489,0
19.938,19.073,0,0.45896,45.578,0
19.938,19.119,0,0.42064,45.662,0
19.938,19.161,0,0.38109,45.742,0
19.938,19.199,0,0.34756,45.818,0
19.938,19.234,0,0.32219,45.89,0
19.938,19.266,0,0.30374,45.959,0
19.926,19.297,0.18837,0.29232,46.155,0
19.948,19.326,0.38194,0.28828,46.218,0
19.948,19.355,0,0.29048,46.278,0
19.948,19.384,0,0.2997,46.336,0
19.948,19.414,0,4.8,46.391,35.479
19.948,19.894,0,0.11817,46.42,0.15889
20.248,19.906,0.78891,0.15207,46.505,0
20.248,19.921,0,0.18073,46.538,0
20.248,19.939,0,0.20887,46.57,0
20.469,19.96,0.6841,0.22564,46.637,0
20.469,19.982,0,0.24225,46.687,0
20.6,20.007,0.81354,0.26224,46.744,0
20.6,20.033,0,0.28592,46.802,0
20.6,20.061,0,0.31329,46.857,0
20.6,20.093,0,0.34648,46.909,0
20.6,20.127,0,0.37224,46.958,0
20.6,20.165,0,0.39212,47.003,0.010361
21.139,20.204,0.67763,0.41039,47.214,0
21.2,20.245,0.68723,0.41855,47.314,0
21.2,20.287,0,0.42989,47.408,0
21.2,20.33,0,0.44366,47.497,0
21.2,20.374,0,0.45962,47.582,0
21.2,20.42,0,0.47144,47.662,0
21.589,20.467,0.72525,0.48744,47.824,0
21.589,20.516,0,4.8,47.934,32.076
21.589,20.996,0,0.30578,48.017,0
21.768,21.026,0.43213,0.30949,48.09,0
21.813,21.057,0.37118,0.31488,48.169,0
21.813,21.089,0,0.31528,48.243,0
21.813,21.12,0,0.31156,48.313,0
21.813,21.152,0,0.30237,48.381,0
21.813,21.182,0,0.29451,48.446,0
21.813,21.211,0,0.27852,48.507,0
21.813,21.239,0,0.26034,48.566,0
21.861,21.265,-0.19226,0.24656,48.658,0
21.845,21.29,-0.16882,0.22938,48.71,0
21.845,21.313,0,0.21644,48.764,0
21.845,21.334,0,0.20303,48.816,0
21.845,21.355,0,0.19001,48.866,0
21.845,21.374,0,0.18739,48.914,0
21.837,21.392,0.18277,0.1831,48.944,0
21.837,21.411,0,0.18084,48.988,0
21.869,21.429,0.22544,0.18085,49.025,0
21.891,21.447,0.20003,0.18266,49.063,0
21.891,21.465,0,0.18176,49.107,0
21.899,21.483,-0.18145,0.17047,49.152,0
21.899,21.5,0,0.1545,49.192,0
21.899,21.516,0,0.14285,49.231,0
21.853,21.53,0.032587,0.13212,49.259,0
21.853,21.543,0,0.13103,49.29,0
21.853,21.556,0,0.13865,49.32,0
21.853,21.57,0,4.8,49.349,37.081
21.853,22.05,0,-0.006739,49.354,0.41116
21.853,22.05,0,-0.008628,49.334,0.40485
21.881,22.049,-0.43657,-0.0118,49.322,1.9217
21.83,22.048,-0.43781,-0.015367,49.299,2.0787
21.83,22.046,0,-0.01824,49.277,0.42445
21.75,22.044,-0.27707,-0.020776,49.256,1.5532
21.75,22.042,0,-0.022069,49.227,0.58871
21.75,22.04,0,-0.024019,49.198,0.57834
21.663,22.038,-0.34599,-0.026531,49.158,2.0911
21.663,22.035,0,-0.028653,49.121,0.75997
21.663,22.032,0,-0.030331,49.084,0.74833
21.663,22.029,0,-0.032545,49.047,0.73484
21.663,22.026,0,-0.033407,49.01,0.72464
21.537,22.022,-0.11441,-0.034548,48.975,1.41
21.537,22.019,0,-0.034764,48.927,1.0123
21.537,22.015,0,-0.034386,48.879,1.0047
21.537,22.012,0,-0.034883,48.831,0.99461
21.537,22.009,0,-0.035,48.784,0.98553
21.537,22.005,0,-0.035497,48.737,0.97528
21.505,22.001,-0.13939,-0.035644,48.676,1.5309
21.49,21.998,-0.1222,-0.036534,48.634,1.4954
21.49,21.994,0,-0.03739,48.584,1.0609
21.49,21.991,0,-0.038645,48.533,1.0476
21.45,21.987,0.098702,-0.038793,48.467,0.84834
21.45,21.983,0,-0.037976,48.414,1.1314
21.45,21.979,0,-0.036389,48.36,1.1267
21.45,21.975,0,-0.034258,48.308,1.1241
21.558,21.972,0.5664,-0.030062,48.273,0
21.619,21.969,0.54269,-0.025443,48.225,0
21.665,21.966,0.47843,-0.021984,48.189,0
21.709,21.964,0.41751,-0.018595,48.156,0
21.709,21.962,0,-0.015053,48.13,0.51605
21.709,21.961,0,-0.011771,48.105,0.52121
21.83,21.96,0.45636,-0.0094602,48.089,0
21.871,21.959,0.53333,-0.006408,48.073,0
21.871,21.958,0,-0.0030367,48.064,0.1758
21.983,21.958,0.68014,0.0099053,48.068,0
21.983,21.959,0,0.037478,48.071,0.030077
22.121,21.962,0.64668,0.061315,48.082,0
22.121,21.969,0,0.081854,48.097,0
22.227,21.977,0.4813,0.097131,48.117,0
22.227,21.986,0,0.10831,48.142,0
22.305,21.997,0.35836,0.11938,48.173,0
22.305,22.009,0,0.1322,48.203,0
22.305,22.022,0,0.1422,48.232,0
22.423,22.037,0.37384,0.14953,48.28,0
22.455,22.052,0.36767,0.15629,48.318,0
22.495,22.067,0.33115,0.16553,48.357,0
22.495,22.084,0,0.17568,48.399,0
22.495,22.101,0,0.17941,48.439,0
22.495,22.119,0,0.18532,48.478,0
22.495,22.138,0,0.19797,48.514,0
22.495,22.158,0,0.20753,48.549,0
22.495,22.178,0,0.21687,48.582,0
22.776,22.2,0.43603,0.22194,48.709,0
22.815,22.222,0.43581,0.22841,48.758,0
22.815,22.245,0,0.2391,48.817,0
22.91,22.269,0.48643,0.24646,48.879,0
22.91,22.294,0,0.2588,48.942,0
22.91,22.32,0,0.26743,49.002,0
22.91,22.346,0,0.27741,49.06,0
23.129,22.374,0.48042,0.2897,49.151,0
23.129,22.403,0,0.29666,49.225,0
23.129,22.433,0,0.30077,49.297,0
23.257,22.463,0.46089,0.30415,49.396,0
23.257,22.493,0,0.30948,49.474,0
23.356,22.524,0.50905,0.31791,49.56,0
23.401,22.556,0.5464,0.32254,49.646,0
23.461,22.588,0.57589,0.33304,49.733,0
23.523,22.622,0.63588,0.34366,49.821,0
23.523,22.656,0,0.35698,49.91,0
23.656,22.692,0.69861,0.36693,50.012,0
23.656,22.728,0,0.3788,50.107,0
23.795,22.766,0.74541,0.39047,50.204,0
23.795,22.805,0,0.40344,50.304,0
23.795,22.846,0,0.41715,50.401,0
24.009,22.887,0.67041,0.42463,50.533,0
24.076,22.93,0.70237,0.43335,50.648,0
24.076,22.973,0,0.44288,50.76,0
24.076,23.017,0,0.45478,50.868,0
24.076,23.063,0,0.47242,50.972,0
24.076,23.11,0,0.49571,51.071,0
24.076,23.16,0,0.51539,51.165,0
24.639,23.211,1.0317,0.53605,51.406,0
24.639,23.265,0,0.55549,51.546,0
24.85,23.32,0.92507,0.57252,51.69,0
24.85,23.378,0,4.8,51.84,29.594
25.027,23.858,0.962,0.42372,51.99,0
25.027,23.9,0,0.44109,52.105,0
25.027,23.944,0,0.45481,52.215,0
25.027,23.99,0,0.46815,52.321,0
25.027,24.036,0,0.48051,52.423,0
25.027,24.084,0,0.48846,52.52,0
25.504,24.133,0.74326,0.4935,52.758,0
25.504,24.183,0,4.8,52.892,30.529
25.504,24.663,0,0.35085,53,0
25.504,24.698,0,0.36401,53.083,0
25.822,24.734,0.71486,0.37887,53.228,0
25.822,24.772,0,0.39118,53.335,0
25.962,24.811,0.73117,0.40037,53.452,0
25.962,24.851,0,0.41272,53.566,0
25.962,24.892,0,0.42717,53.675,0
25.962,24.935,0,0.44507,53.779,0
26.324,24.98,1.1324,0.46599,53.931,0
26.429,25.026,1.296,4.8,54.077,14.091
26.429,25.506,0,0.35376,54.194,0
26.429,25.542,0,0.39574,54.284,0
26.429,25.581,0,0.44402,54.371,0
27.141,25.626,3.0321,0.50867,54.589,10.008
27.141,25.676,0,0.59554,54.738,0
27.141,25.736,0,0.70793,54.882,0
28.301,25.807,5.2176,4.8,55.157,0
28.825,26.287,5.5596,0.82758,55.413,33.7
28.825,26.37,0,0.98343,55.662,0
28.825,26.468,0,4.8,55.903,24.196
28.825,26.948,0,1.135,56.115,0
28.825,27.061,0,1.2678,56.297,0
28.825,27.188,0,4.8,56.467,28.579
28.825,27.668,0,1.329,56.606,1.6887
28.825,27.801,0,4.8,56.715,32.387
28.825,28.281,0,4.8,56.794,35.415
28.825,28.761,0,1.1778,56.824,5.0089
28.825,28.879,0,4.8,56.825,39.237
28.825,29.359,0,1.0274,56.795,6.5359
32.954,29.462,0.46035,1.0114,60.064,0
32.954,29.563,0,-2,60.408,136.35
32.954,29.363,0,-2,60.758,159.37
32.954,29.163,0,-2,61.127,187.83
32.954,28.963,0,4.8,61.516,14.689
32.954,29.443,0,-2,61.891,149.6
32.954,29.243,0,-2,62.252,175.68
32.954,29.043,0,4.8,62.633,15.138
33.195,29.523,0.1895,-2,63.123,160.99
33.195,29.323,0,-2,63.501,201.32
33.195,29.123,0,-2,63.898,241.06
33.254,28.923,0.19765,4.8,64.313,10.542
33.267,29.403,0.19052,-2,64.724,185.78
33.267,29.203,0,-2,65.12,239.23
33.267,29.003,0,4.8,65.537,13.172
33.267,29.483,0,-2,65.939,186.69
33.267,29.283,0,-2,66.328,222.29
33.267,29.083,0,-2,66.736,268.35
33.267,28.883,0,4.8,67.165,12.512
33.267,29.363,0,-2,67.579,207
33.267,29.163,0,-2,67.98,248.4
33.467,28.963,0.18532,4.8,68.504,9.7727
33.467,29.443,0,-2,68.93,230.45
33.467,29.243,0,-2,69.342,279.1
33.467,29.043,0,4.8,69.775,12.295
33.512,29.523,0.14673,-2,70.192,208.41
33.512,29.323,0,-2,70.601,269.66
33.542,29.123,0.13292,-2,71.025,307.72
33.542,28.923,0,4.8,71.477,11.233
33.542,29.403,0,-2,71.915,256.82
33.562,29.203,0.13437,-2,72.352,290.1
33.562,29.003,0,4.8,72.798,11.559
33.562,29.483,0,-2,73.23,242.53
33.625,29.283,0.52157,-2,73.652,235.9
33.625,29.083,0,-2,74.096,395.42
33.747,28.883,0.99786,4.8,74.564,1.0803
33.747,29.363,0,-2,75.027,330.07
33.747,29.163,0,-2,75.475,416.6
33.747,28.963,0,4.8,75.944,10.345
34.331,29.443,2.2705,-2,76.49,228.18
34.551,29.243,2.4852,-2,76.998,263.83
34.551,29.043,0,4.8,77.539,6.5666
34.551,29.523,0,-2,78.066,826.96
34.551,29.323,0,-2,78.578,1331.6
35.538,29.123,2.2797,-2,79.317,445.99
35.538,28.923,0,4.8,79.969,1.2001
35.955,29.403,1.5199,-2,80.644,712.63
35.955,29.203,0,-2,81.309,0
35.955,29.003,0,4.8,81.994,0
35.955,29.483,0,-2,82.666,0
36.401,29.283,0.8314,-2,83.435,0
36.401,29.083,0,-2,84.157,0
36.401,28.883,0,4.8,84.899,0
36.401,29.363,0,-2,85.627,0
36.401,29.163,0,-2,86.34,0
36.401,28.963,0,4.8,87.074,0
36.401,29.443,0,-2,87.794,0
36.401,29.243,0,-2,88.5,0
36.401,29.043,0,4.8,89.225,0
36.401,29.523,0,-2,89.937,0
36.888,29.323,-0.26484,-2,90.973,0
36.862,29.123,-0.29008,-2,91.745,0
36.862,28.923,0,4.8,92.529,0
36.862,29.403,0,-2,93.299,0
36.862,29.203,0,-2,94.055,0
36.862,29.003,0,4.8,94.831,0
36.862,29.483,0,-2,95.593,0
36.862,29.283,0,-2,96.341,0
36.653,29.083,-0.09317,-2,97.062,0
36.653,28.883,0,4.8,97.829,0
36.653,29.363,0,-2,98.582,0
36.653,29.163,0,-2,99.321,0
36.653,28.963,0,4.8,100.08,0
36.653,29.443,-0.0055868,-2,100.83,0
36.653,29.243,0.015461,-2,101.56,0
36.653,29.043,0,4.8,102.31,0
36.653,29.523,0,-2,103.05,0
36.653,29.323,0,-2,103.77,0
36.698,29.123,0.23516,-2,104.54,0
36.698,28.923,0,4.8,105.31,0
36.698,29.403,0,-2,106.06,0
36.698,29.203,0,-2,106.8,0
36.817,29.003,0.44847,4.8,107.59,0
36.817,29.483,0,-2,108.35,0
36.914,29.283,0.52246,-2,109.1,0
36.914,29.083,0,-2,109.87,0
37.026,28.883,0.5972,4.8,110.68,0
37.026,29.363,0,-2,111.47,0
37.026,29.163,0,-2,112.24,0
37.026,28.963,0,4.8,113.04,0
37.026,29.443,0,-2,113.82,0
37.026,29.243,0,-2,114.59,0
37.37,29.043,0.46571,4.8,115.47,0
37.41,29.523,0.44624,-2,116.28,0
37.458,29.323,0.43731,-2,117.08,0
37.458,29.123,0,-2,117.91,0
37.55,28.923,0.37942,4.8,118.77,0
37.586,29.403,0.42772,-2,119.62,0
37.586,29.203,0,-2,120.45,0
37.586,29.003,0,4.8,121.3,0
37.586,29.483,0,-2,122.13,0
37.741,29.283,0.41857,-2,122.99,0
37.775,29.083,0.36175,-2,123.85,0
37.809,28.883,0.29246,4.8,124.73,0
37.835,29.363,0.11786,-2,125.59,0
37.835,29.163,0,-2,126.45,0
37.835,28.963,0,4.8,127.33,0
37.835,29.443,0,-2,128.19,0
37.821,29.243,-0.2296,-2,129.06,0
37.8,29.043,-0.25779,4.8,129.93,0
37.773,29.523,-0.27847,-2,130.78,0
37.773,29.323,0,-2,131.62,0
37.773,29.123,0,-2,132.47,0
37.773,28.923,0,4.8,133.35,0
37.773,29.403,0,-2,134.21,0
37.773,29.203,0,-2,135.05,0
37.773,29.003,0,4.8,135.92,0
37.773,29.483,0,-2,136.77,0
37.773,29.283,0,-2,137.61,0
37.773,29.083,0,-2,138.47,0
37.684,28.883,0.39042,4.8,139.25,0
37.684,29.363,0,-2,140.1,0
37.684,29.163,0,-2,140.95,0
37.684,28.963,0,4.8,141.81,0
37.857,29.443,0.32676,-2,142.7,0
37.857,29.243,0,-2,143.55,0
37.857,29.043,0,4.8,144.42,0
37.857,29.523,0,-2,145.28,0
37.983,29.323,0.28891,-2,146.16,0
37.983,29.123,0,-2,147.04,0
37.983,28.923,0,4.8,147.93,0
37.983,29.403,0,-2,148.81,0
37.983,29.203,0,-2,149.68,0
38.118,29.003,0.3288,4.8,150.61,0
38.118,29.483,0,-2,151.5,0
38.118,29.283,0,-2,152.37,0
38.118,29.083,0,-2,153.27,0
38.264,28.883,0.39644,4.8,154.19,0
38.264,29.363,0,-2,155.1,0
38.264,29.163,0,-2,156,0
38.264,28.963,0,4.8,156.92,0
38.264,29.443,0,-2,157.83,0
38.454,29.243,0.37513,-2,158.77,0
38.454,29.043,0,4.8,159.7,0
38.454,29.523,0,-2,160.62,0
38.579,29.323,0.62138,-2,161.57,0
