31.111,31.111,-0.017877,0,35.5,0.03837
31.111,31.111,0,-0.00074785,35.5,0
31.111,31.111,0,0.001416,35.5,0.0028268
31.111,31.111,0,0.0027297,35.5,0.005892
31.111,31.111,0,0.0043665,35.5,0.0099234
31.111,31.112,0,0.0073026,35.5,0.017085
31.111,31.113,0,0.010671,35.5,0.025837
31.111,31.114,0,0.012315,35.5,0.031616
31.199,31.115,0.080504,0.013947,35.545,0
31.199,31.116,0,0.01627,35.553,0
31.213,31.118,0.095216,0.015684,35.559,0
31.213,31.12,0,0.016568,35.569,0
31.213,31.121,0,0.018768,35.578,0
31.213,31.123,0,0.018599,35.587,0
31.213,31.125,0,0.019153,35.596,0
31.213,31.127,0,0.020151,35.605,0
31.24,31.129,-0.029491,0.018391,35.61,0
31.242,31.131,0.0036028,0.018493,35.621,0
31.236,31.133,0.023139,0.017085,35.627,0
31.236,31.134,0,0.017241,35.637,0
31.236,31.136,0,0.017523,35.647,0
31.236,31.138,0,0.019157,35.657,0
31.236,31.14,0,0.0192,35.666,0
31.236,31.142,0,0.018195,35.676,0
31.236,31.143,0,0.018714,35.685,0
31.255,31.145,0.04383,0.018276,35.701,0
31.269,31.147,0.054644,0.020187,35.711,0
31.269,31.149,0,0.021968,35.723,0
31.285,31.151,0.03493,0.022301,35.731,0
31.295,31.154,0.016867,0.023501,35.747,0
31.295,31.156,0,0.021962,35.761,0
31.295,31.158,0,0.022851,35.775,0
31.302,31.16,0.049452,0.023556,35.8,0
31.302,31.163,0,0.024867,35.814,0
31.302,31.165,0,0.02718,35.828,0
31.336,31.168,0.10843,0.028005,35.868,0
31.336,31.171,0,0.028072,35.884,0
31.336,31.174,0,0.030323,35.901,0
31.336,31.177,0,0.031421,35.917,0
31.336,31.18,0,0.031741,35.933,0
31.336,31.183,0,0.030363,35.948,0
31.336,31.186,0,0.029542,35.963,0
31.336,31.189,0,0.028817,35.978,0
31.336,31.192,0,0.027329,35.993,0
31.336,31.194,0,0.022965,36.007,0
31.302,31.197,-0.31565,0.017633,36.032,0.69647
31.302,31.199,0,0.013642,36.043,0
31.237,31.2,-0.38504,0.0061994,36.035,1.1215
31.206,31.201,-0.37574,0.00086641,36.036,1.1566
31.206,31.201,0,-0.0053757,36.037,0
31.206,31.2,0,-0.012558,36.037,0
31.206,31.199,0,-0.016783,36.038,0
31.206,31.197,0,-0.021596,36.038,0
31.068,31.195,-0.029818,-0.021942,35.978,0.28978
31.067,31.193,-0.031772,-0.021631,35.973,0.29129
31.072,31.191,0.01783,-0.020447,35.951,0.16342
31.072,31.189,0,-0.019994,35.94,0.20008
31.074,31.187,-0.0016822,-0.019521,35.925,0.19764
31.067,31.185,-0.047802,-0.020331,35.909,0.31697
31.067,31.183,0,-0.021895,35.898,0.19391
31.055,31.18,0.023156,-0.021667,35.875,0.16306
31.055,31.178,0,-0.020973,35.863,0.21188
31.055,31.176,0,-0.018477,35.851,0.21311
31.055,31.174,0,-0.016094,35.839,0.21464
31.055,31.173,0,-0.01496,35.827,0.2138
31.055,31.171,0,-0.013716,35.815,0.21345
31.055,31.17,0,-0.012247,35.804,0.2139
31.055,31.169,0,-0.010796,35.792,0.21462
31.113,31.167,0.029025,-0.0094674,35.82,0.031352
31.122,31.167,0.047298,-0.0077108,35.811,0
31.123,31.166,-0.0015794,-0.0073917,35.801,0.075629
31.123,31.165,0,-0.0079748,35.796,0.069396
31.113,31.164,0.036399,-0.0088774,35.787,0.01066
31.113,31.163,0,-0.0088056,35.782,0.085059
31.113,31.162,0,-0.0072853,35.777,0.086537
31.113,31.162,0,-0.0056552,35.772,0.08858
31.113,31.161,0,-0.003871,35.768,0.091312
31.113,31.161,0,-0.0028171,35.763,0.092819
31.113,31.161,0,-0.0028892,35.758,0.092069
31.113,31.16,0,-0.0022704,35.753,0.092826
31.113,31.16,0,-0.0026285,35.749,0.09156
31.113,31.16,0,-0.0014657,35.744,0.093572
31.113,31.16,0,-0.00032425,35.739,0.095787
31.163,31.16,0.0090724,0.00060032,35.739,0
31.164,31.16,0.043635,0.00076421,35.736,0
31.164,31.16,0,0.0026955,35.736,0
31.164,31.16,0,0.0043013,35.736,0.00032856
31.164,31.16,0,0.003696,35.737,0
31.164,31.161,0,0.0049045,35.737,0.0032491
31.164,31.161,0,0.007087,35.737,0.0088945
31.164,31.162,0,0.0089251,35.738,0.014284
31.164,31.163,0,0.010154,35.738,0.018769
31.225,31.164,0.031993,0.010241,35.782,0
31.224,31.165,0.040986,0.0098579,35.795,0
31.238,31.166,0.053813,0.011988,35.808,0
31.238,31.167,0,0.013934,35.815,0
31.263,31.168,0.075333,0.015793,35.827,0
31.263,31.17,0,0.018419,35.836,0
31.298,31.172,0.093864,0.020979,35.845,0
31.298,31.174,0,0.020959,35.858,0
31.298,31.176,0,0.02058,35.87,0
31.298,31.178,0,0.021457,35.882,0
31.298,31.18,0,0.021768,35.894,0
31.298,31.182,0,0.021386,35.906,0
31.298,31.185,0,0.019628,35.917,0
31.298,31.187,0,0.018572,35.928,0
31.298,31.188,0,0.017613,35.939,0
31.298,31.19,0,0.014553,35.95,0
31.298,31.192,0,0.0097843,35.961,0
31.219,31.193,-0.26107,0.0044277,35.963,0.67163
31.184,31.193,-0.25111,-0.0016433,35.958,0.71327
31.152,31.193,-0.22616,-0.0069978,35.963,0.69265
31.152,31.192,0,-0.010033,35.959,0.060875
31.152,31.191,0,-0.013145,35.955,0.052141
31.152,31.19,0,-0.015758,35.951,0.043888
31.091,31.188,0.010679,-0.016844,35.921,0.14301
31.087,31.187,0.067189,-0.017239,35.911,0.030204
31.1,31.185,0.096734,-0.014599,35.903,0
31.1,31.183,0,-0.011234,35.895,0.14862
31.142,31.182,0.19624,-0.0070514,35.882,0
31.168,31.182,0.21796,-0.0024304,35.884,0
31.168,31.181,0,0.0012367,35.883,0.031052
31.168,31.181,0,0.005713,35.881,0.040945
31.168,31.182,0,0.01027,35.88,0.052053
31.168,31.183,0,0.014885,35.878,0.064364
31.168,31.185,0,0.020363,35.877,0.079718
31.168,31.187,0,0.026012,35.875,0.096823
31.37,31.189,0.22419,0.030152,35.94,0
31.39,31.192,0.2298,0.033009,35.967,0
31.39,31.196,0,0.037006,35.987,0
31.39,31.199,0,0.039017,36.006,0
31.39,31.203,0,0.043704,36.025,0
31.39,31.207,0,0.047291,36.043,0
31.511,31.212,0.27444,0.049997,36.08,0
31.511,31.217,0,0.053327,36.11,0
31.511,31.223,0,0.05529,36.139,0
31.58,31.228,0.26173,0.058835,36.182,0
31.58,31.234,0,0.062135,36.217,0
31.58,31.24,0,0.065964,36.251,0
31.58,31.247,0,0.069832,36.285,0
31.58,31.254,0,0.071638,36.318,0
31.703,31.261,0.22175,0.074118,36.376,0
31.703,31.268,0,0.077322,36.42,0
31.703,31.276,0,0.078377,36.463,0
31.763,31.284,0.069337,0.080633,36.51,0
31.763,31.292,0,0.080188,36.558,0
31.769,31.3,-0.048748,0.079008,36.594,0
31.769,31.308,0,0.077076,36.64,0
31.768,31.316,-0.059478,0.076341,36.692,0
31.769,31.323,-0.039921,0.075267,36.742,0
31.769,31.331,0,0.07266,36.786,0
31.769,31.338,0,0.070871,36.83,0
31.769,31.345,0,0.069503,36.873,0
31.754,31.352,0.0024216,0.067915,36.894,0
31.754,31.359,0,0.066951,36.934,0
31.758,31.366,-0.021126,0.066393,36.962,0
31.758,31.372,0,0.064191,37,0
31.754,31.379,-0.019624,0.063672,37.032,0
31.754,31.385,0,0.061709,37.069,0
31.75,31.391,-0.0078984,0.060941,37.11,0
31.75,31.397,0,0.059957,37.145,0
31.75,31.403,0,0.058013,37.18,0
31.75,31.409,0,0.058819,37.215,0
31.75,31.415,0.089531,0.056987,37.244,0
31.75,31.421,0,0.058971,37.278,0
31.783,31.427,0.14713,0.060707,37.32,0
31.783,31.433,0,0.061041,37.356,0
31.783,31.439,0,0.062408,37.39,0
31.823,31.445,0.16718,0.064491,37.423,0
31.823,31.451,0,0.066859,37.46,0
31.823,31.458,0,0.069913,37.497,0
31.823,31.465,0,0.070808,37.533,0
31.823,31.472,0,0.071485,37.569,0
31.823,31.479,0,0.075165,37.604,0
31.823,31.487,0,0.076184,37.638,0
31.823,31.494,0,0.078597,37.671,0
31.973,31.502,0.22394,0.080615,37.76,0
31.973,31.51,0,0.08255,37.806,0
31.973,31.519,0,0.084408,37.852,0
32.037,31.527,0.277,0.087439,37.889,0
32.037,31.536,0,0.092398,37.94,0
32.037,31.545,0,0.09422,37.989,0
32.037,31.554,0,0.096664,38.038,0
32.037,31.564,0,0.10065,38.086,0
32.187,31.574,0.24199,0.10563,38.156,0
32.187,31.585,0,0.10877,38.217,0
32.187,31.596,0,0.11029,38.276,0
32.187,31.607,0,0.10956,38.335,0
32.187,31.618,0,0.10457,38.392,0
32.187,31.628,0,0.09793,38.449,0
32.187,31.638,0,0.090535,38.504,0
32.187,31.647,0,0.079312,38.559,0
32.187,31.655,0,0.069797,38.613,0
32.187,31.662,0,0.063009,38.665,0
32.187,31.668,0,0.056629,38.718,0
32.187,31.674,0,0.049279,38.769,0
32.187,31.679,0,0.04447,38.82,0
32.187,31.683,0,0.040485,38.871,0
32.187,31.687,0,0.034188,38.921,0
32.187,31.691,0,0.030452,38.971,0
32.187,31.694,0,0.025553,39.021,0
31.816,31.696,-0.22542,0.020858,38.775,0.3641
31.816,31.698,0,0.018035,38.787,0
31.816,31.7,0,0.012785,38.799,0
31.816,31.701,0,0.0095086,38.81,0
31.816,31.702,0,0.0078048,38.822,0
31.816,31.703,0,0.0057675,38.833,0
31.816,31.704,0,0.0019109,38.844,0
31.816,31.704,0,-0.00232,38.856,0
31.661,31.704,-0.25774,-0.0065409,38.812,0.80821
31.661,31.703,0,-0.0092247,38.807,0.06621
31.661,31.702,0,-0.011862,38.803,0.058629
31.599,31.701,-0.13986,-0.015856,38.795,0.54785
31.599,31.699,0,-0.019187,38.785,0.16855
31.575,31.697,-0.023332,-0.019009,38.757,0.2706
31.575,31.695,0,-0.020599,38.745,0.20769
31.575,31.693,0,-0.018756,38.733,0.2075
31.575,31.692,0,-0.0163,38.721,0.20912
31.593,31.69,0.08245,-0.015135,38.709,0.00079809
31.593,31.688,0,-0.012748,38.699,0.17267
31.609,31.687,0.097934,-0.012198,38.694,0
31.609,31.686,0,-0.011558,38.686,0.13575
31.609,31.685,0,-0.011035,38.678,0.13448
31.609,31.684,0,-0.010498,38.671,0.13334
31.632,31.683,0.14616,-0.0079195,38.658,0
31.632,31.682,0,-0.0041123,38.653,0.095046
31.671,31.681,0.18161,-0.0016376,38.657,0
31.671,31.681,0,0.0015263,38.656,0.024543
31.708,31.681,0.24222,0.0046563,38.663,0
31.708,31.682,0,0.0079493,38.665,0
31.708,31.683,0,0.010607,38.668,0
31.708,31.684,0,0.015142,38.67,0
31.708,31.685,0,0.018108,38.673,0
31.708,31.687,0,0.022813,38.675,0.004819
31.708,31.689,0,0.027416,38.677,0.019605
31.708,31.692,0,0.031808,38.679,0.035058
31.895,31.695,0.11785,0.0346,38.735,0
31.895,31.699,0,0.035043,38.755,0
31.895,31.702,0,0.035496,38.775,0
31.895,31.706,0,0.035386,38.794,0
31.913,31.709,0.12607,0.035294,38.793,0
31.913,31.713,0,0.03711,38.813,0
31.94,31.717,0.13803,0.038795,38.826,0
31.94,31.72,0,0.041159,38.849,0
31.94,31.725,0,0.044836,38.87,0
31.94,31.729,0,0.047755,38.892,0
32.02,31.734,0.1555,0.049811,38.921,0
32.02,31.739,0,0.050473,38.95,0
32.042,31.744,0.12089,0.051961,38.982,0
32.042,31.749,0,0.052489,39.012,0
32.042,31.754,0,0.052451,39.041,0
32.042,31.76,0,0.048875,39.069,0
32.042,31.764,0,0.046124,39.097,0
32.042,31.769,0,0.038801,39.125,0
32.042,31.773,0,0.030912,39.152,0
32.042,31.776,0,0.024347,39.179,0
31.86,31.778,-0.48589,0.014192,39.193,1.4681
31.86,31.78,0,0.0047818,39.201,0
31.773,31.78,-0.30901,-0.0011536,39.19,0.91981
31.773,31.78,0,-0.0061537,39.19,0.0023328
31.773,31.78,0,-0.0083052,39.189,0
31.723,31.779,0.00069749,-0.0085712,39.188,0.096391
31.723,31.778,0,-0.0076419,39.183,0.098166
31.723,31.777,0,-0.0084577,39.177,0.094774
31.723,31.776,0,-0.0088555,39.172,0.092132
31.723,31.775,0,-0.010954,39.167,0.085703
31.723,31.774,0,-0.012178,39.161,0.080763
31.723,31.773,0,-0.013264,39.156,0.075882
31.723,31.772,0,-0.014706,39.151,0.070025
31.723,31.77,0,-0.016216,39.147,0.063746
31.653,31.769,-0.034192,-0.017702,39.109,0.28486
31.653,31.767,0,-0.018156,39.097,0.19859
31.653,31.765,0,-0.019091,39.086,0.19257
31.638,31.763,-0.046586,-0.019185,39.061,0.33348
31.638,31.761,0,-0.019611,39.048,0.2152
31.638,31.759,0,-0.020912,39.036,0.208
31.638,31.757,0,-0.021254,39.024,0.20274
31.616,31.755,0.025351,-0.021438,39.028,0.18885
31.616,31.753,0,-0.021421,39.014,0.24182
31.616,31.751,0,-0.019341,39.001,0.24203
31.616,31.749,0,-0.019255,38.987,0.23805
31.616,31.747,0,-0.019617,38.974,0.23305
31.616,31.745,0,-0.020665,38.961,0.22639
31.616,31.743,0,-0.019243,38.948,0.22523
31.617,31.741,0.041638,-0.019111,38.951,0.12662
31.617,31.739,0,-0.018432,38.938,0.21585
31.617,31.737,0,-0.017363,38.926,0.21435
31.622,31.735,-0.1223,-0.017569,38.907,0.51891
31.622,31.734,0,-0.019841,38.896,0.19111
31.577,31.732,-0.2048,-0.023841,38.892,0.86605
31.566,31.729,-0.2116,-0.025165,38.873,0.90793
31.566,31.727,0,-0.028301,38.857,0.27544
31.519,31.724,-0.21471,-0.031711,38.832,1.0105
31.519,31.721,0,-0.033577,38.811,0.35342
31.519,31.717,0,-0.036081,38.791,0.33999
31.519,31.714,0,-0.039054,38.772,0.32499
31.519,31.71,0,-0.04339,38.752,0.30624
31.401,31.706,-0.30141,-0.047383,38.698,1.5785
31.401,31.701,0,-0.050022,38.668,0.53252
31.343,31.696,-0.30982,-0.055084,38.635,1.7314
31.343,31.69,0,-0.059062,38.6,0.61895
31.343,31.684,0,-0.062672,38.566,0.59587
31.343,31.678,0,-0.064994,38.532,0.57548
31.343,31.672,0,-0.067727,38.499,0.55365
31.211,31.665,-0.17661,-0.071322,38.433,1.4201
31.211,31.658,0,-0.074535,38.388,0.8097
31.211,31.65,0,-0.076516,38.344,0.78645
31.211,31.643,0,-0.078169,38.3,0.76378
31.211,31.635,0,-0.079731,38.258,0.7411
31.211,31.627,0,-0.080824,38.216,0.71945
31.211,31.619,0,-0.081122,38.174,0.69979
31.211,31.611,0,-0.079685,38.134,0.68475
31.211,31.603,0,-0.077375,38.095,0.67239
31.211,31.595,0,-0.074241,38.056,0.66276
31.211,31.588,0,-0.071658,38.018,0.6524
31.211,31.58,0,-0.069511,37.98,0.64149
31.211,31.573,0,-0.067981,37.944,0.62946
31.148,31.567,0.00209,-0.067433,37.781,0.75658
31.148,31.56,0,-0.066197,37.739,0.7498
31.148,31.553,0,-0.06256,37.698,0.74414
31.148,31.547,0,-0.059131,37.658,0.73877
31.148,31.541,0,-0.056622,37.619,0.73167
31.148,31.535,0,-0.060971,37.58,0.7064
31.148,31.529,0,-0.072621,37.541,0.66086
30.977,31.522,-0.93362,-0.088829,37.495,6.415
30.878,31.513,-0.57004,-0.10362,37.434,3.8797
30.83,31.503,-0.15143,-0.11008,37.37,1.8027
30.818,31.492,0.17138,-0.11061,37.305,0.79487
30.818,31.481,0,-0.10768,37.238,1.2455
30.818,31.47,0,-0.099977,37.173,1.2421
30.818,31.46,0,-0.092767,37.108,1.2392
30.818,31.451,0,-0.086731,37.044,1.2344
30.818,31.442,0,-0.078445,36.981,1.2383
30.818,31.434,0,-0.066971,36.919,1.2546
30.818,31.428,0,-0.052272,36.858,1.2846
30.818,31.422,0,-0.040176,36.797,1.3104
31.251,31.418,0.64367,-0.027948,36.858,0
31.251,31.416,0,-0.017532,36.842,0.31047
31.251,31.414,0,-0.006226,36.825,0.33414
31.419,31.413,0.39277,0.00094089,36.839,0
31.419,31.413,0,0.0062624,36.84,0.0019285
31.419,31.414,0,0.010816,36.84,0.012928
31.419,31.415,0,0.015977,36.841,0.026312
31.521,31.417,0.18354,0.017648,36.85,0
31.521,31.418,0,0.020564,36.86,0
31.521,31.42,0,0.022395,36.87,0
31.521,31.423,0,0.026786,36.88,0
31.617,31.425,0.42881,0.032327,36.896,0
31.617,31.428,0,0.040344,36.915,0
31.715,31.433,0.53264,0.047603,36.952,0
31.715,31.437,0,0.054299,36.98,0
31.819,31.443,0.44452,0.063529,37.022,0
31.819,31.449,0,0.070542,37.06,0
31.819,31.456,0,0.076915,37.096,0
31.819,31.464,0,0.082761,37.132,0
31.994,31.472,0.28975,0.088375,37.213,0
31.994,31.481,0,0.093444,37.265,0
32.054,31.49,0.2679,0.09564,37.32,0
32.078,31.5,0.27323,0.098148,37.375,0
32.078,31.51,0,0.10133,37.432,0
32.078,31.52,0,0.10515,37.489,0
32.078,31.53,0,0.10722,37.544,0
32.078,31.541,0,0.10992,37.598,0
32.078,31.552,0,0.11398,37.651,0
32.078,31.563,0,0.11558,37.703,0
32.078,31.575,0,0.11636,37.754,0
32.078,31.587,0,0.11715,37.804,0
32.078,31.598,0,0.11796,37.852,0
32.078,31.61,0,0.11977,37.9,0
32.078,31.622,0,0.12131,37.946,0
32.358,31.634,0.22818,0.12426,38.13,0
32.358,31.647,0,0.12502,38.202,0
32.406,31.659,0.22864,0.1283,38.259,0
32.433,31.672,0.2379,0.13101,38.327,0
32.433,31.685,0,0.13158,38.402,0
32.433,31.698,0,0.13548,38.477,0
32.433,31.712,0,0.14037,38.549,0
32.567,31.726,0.38023,0.14544,38.645,0
32.567,31.74,0,0.14985,38.728,0
32.567,31.755,0,0.15393,38.81,0
32.567,31.771,0,0.15709,38.891,0
32.713,31.786,0.42715,0.16092,39.013,0
32.713,31.803,0,0.16596,39.105,0
32.713,31.819,0,0.17168,39.195,0
32.713,31.836,0,0.17642,39.284,0
32.713,31.854,0,0.18291,39.37,0
32.713,31.872,0,0.18918,39.455,0
33.005,31.891,0.43181,0.19505,39.614,0
33.005,31.911,0,0.198,39.724,0
33.073,31.93,0.37946,0.20075,39.84,0
33.073,31.951,0,0.20461,39.953,0
33.148,31.971,0.43667,0.20737,40.073,0
33.148,31.992,0,0.21347,40.19,0
33.148,32.013,0,0.21688,40.304,0
33.148,32.035,0,0.22026,40.417,0
33.148,32.057,0,0.22483,40.527,0
33.367,32.079,0.42426,0.22879,40.69,0
33.402,32.102,0.40163,0.23127,40.813,0
33.402,32.125,0,0.23318,40.942,0
33.402,32.149,0,0.2375,41.068,0
33.402,32.172,0,0.24115,41.192,0
33.402,32.196,0,0.24241,41.314,0
33.402,32.221,0,0.24441,41.433,0
33.621,32.245,0.35349,0.24721,41.612,0
33.651,32.27,0.38257,0.24854,41.757,0
33.651,32.295,0,0.25299,41.894,0
33.651,32.32,0,0.25364,42.028,0
33.651,32.345,0,0.25635,42.16,0
33.651,32.371,0,0.25758,42.29,0
33.651,32.397,0,0.26021,42.416,0
33.866,32.423,0.39132,0.26229,42.598,0
33.866,32.449,0,0.26593,42.741,0
33.866,32.476,0,0.26947,42.881,0
33.866,32.503,0,0.27071,43.019,0
33.866,32.53,0,0.27162,43.154,0
33.866,32.557,0,0.2739,43.286,0
33.866,32.584,0,0.27437,43.415,0
33.866,32.612,0,0.2729,43.542,0
33.866,32.639,0,0.27179,43.666,0
33.866,32.666,0,0.26754,43.788,0
33.866,32.693,0,0.26202,43.906,0
33.866,32.719,0,0.25057,44.022,0
34.039,32.744,-0.28503,0.2399,44.356,0
34.039,32.768,0,0.23046,44.484,0
34.039,32.791,0,0.2212,44.61,0
33.963,32.813,0.085364,0.21381,44.716,0
33.965,32.835,0.15215,0.2106,44.837,0
33.965,32.856,0,0.2094,44.949,0
33.965,32.877,0,0.20703,45.059,0
33.965,32.897,0,0.20482,45.167,0
33.965,32.918,0,0.20458,45.272,0
34.037,32.938,0.0874,0.206,45.418,0
34.037,32.959,0,0.20517,45.527,0
34.037,32.979,0,0.19987,45.634,0
34.037,32.999,0,0.19391,45.739,0
34.003,33.019,-0.31329,0.18511,45.821,0
34.003,33.037,0,0.17555,45.918,0
34.003,33.055,0,0.16688,46.014,0
34.003,33.072,0,0.15858,46.108,0
33.91,33.087,0.017279,0.15537,46.179,0
33.91,33.103,0,0.15128,46.261,0
33.91,33.118,0,0.1512,46.341,0
33.927,33.133,0.070361,0.15029,46.419,0
