10,10,1.4125,0,35.5,1.1005
10,10,0,6.7,35.5,60.872
10,10.67,0,6.7,35.466,65.492
10,11.34,0,6.7,35.366,70.147
10,12.01,0,-0.092886,35.198,5.5958
10,12.001,0,-0.083568,34.998,5.6129
10,11.992,0,-0.074074,34.798,5.6346
10,11.985,0,-0.065361,34.599,5.6556
11.115,11.978,1.4335,-0.055786,34.85,0.82434
11.261,11.973,1.4568,-0.046188,34.762,0.87685
11.261,11.968,0,-0.03694,34.691,1.5973
11.544,11.965,1.4433,-0.027413,34.653,0.92844
11.544,11.962,0,-0.017362,34.612,0.90487
11.842,11.96,1.4651,-0.0076928,34.599,1.1688
11.842,11.959,0,0.023787,34.587,0.30615
11.842,11.962,0,0.14168,34.575,0.63914
11.842,11.976,0,0.24584,34.563,1.019
11.842,12,0,0.32822,34.548,1.3951
12.533,12.033,1.1263,0.39588,34.692,0
12.533,12.073,0,0.4579,34.74,0.15014
12.533,12.119,0,0.49829,34.784,0.40601
12.836,12.168,0.8147,0.52119,34.857,0
12.921,12.221,0.77344,0.54441,34.925,0
12.921,12.275,0,0.56518,34.992,0.01212
13.084,12.332,0.85396,0.57828,35.073,0
13.084,12.389,0,0.59064,35.145,0
13.248,12.448,0.79238,0.60679,35.223,0
13.248,12.509,0,0.61318,35.3,0
13.396,12.57,0.7543,0.61881,35.372,0
13.471,12.632,0.69997,0.62452,35.453,0
13.471,12.695,0,0.62178,35.534,0
13.471,12.757,0,0.62464,35.608,0.031407
13.673,12.819,0.68965,0.62426,35.711,0
13.673,12.882,0,0.6259,35.793,0
13.806,12.944,0.67402,0.62301,35.875,0
13.806,13.007,0,0.6244,35.959,0
13.806,13.069,0,0.618,36.035,0
13.806,13.131,0,0.61252,36.106,0.092909
13.806,13.192,0,0.61532,36.171,0.26932
13.806,13.254,0,0.6171,36.229,0.4472
14.191,13.315,0.69635,0.61138,36.401,0
14.191,13.377,0,0.61728,36.486,0
14.191,13.438,0,0.62641,36.564,0
14.407,13.501,0.71055,0.62235,36.675,0
14.407,13.563,0,0.62342,36.763,0
14.407,13.626,0,0.6277,36.844,0
14.407,13.688,0,0.62011,36.919,0.003495
14.648,13.75,0.13393,0.6035,37.027,0
14.648,13.811,0,0.57494,37.114,0
14.648,13.868,0,0.51941,37.195,0
14.648,13.92,0,0.46139,37.27,0
14.648,13.966,0,0.40244,37.341,0
14.648,14.006,0,0.33264,37.407,0
14.453,14.04,-0.53659,0.27061,37.405,1.8473
14.408,14.067,-0.54692,0.22279,37.451,1.9141
14.408,14.089,0,0.16767,37.484,0
14.3,14.106,-0.56549,0.1264,37.502,2.04
14.25,14.118,-0.57667,0.085837,37.525,2.1131
14.25,14.127,0,0.039733,37.538,0
14.127,14.131,-0.53726,-0.00030162,37.537,1.9405
14.127,14.131,0,-0.0034489,37.536,0.0017434
14.034,14.131,-0.52995,-0.0066286,37.534,2.1891
13.977,14.13,-0.5144,-0.010484,37.52,2.2817
13.977,14.129,0,-0.014535,37.505,0.29049
13.977,14.127,0,-0.017571,37.49,0.28006
13.977,14.126,0,-0.021253,37.475,0.26751
13.977,14.124,0,-0.024349,37.46,0.25564
13.729,14.121,-0.51422,-0.026942,37.401,3.0493
13.729,14.118,0,-0.030152,37.362,0.79735
13.729,14.115,0,-0.034187,37.323,0.77855
13.729,14.112,0,-0.038638,37.285,0.75774
13.729,14.108,0,-0.043194,37.247,0.73575
13.729,14.104,0,-0.048998,37.209,0.70944
13.3,14.099,-1.0732,-0.055633,37.055,9.3643
13.195,14.093,-1.1734,-0.062809,36.966,11.007
13.195,14.087,0,-0.070968,36.876,1.9907
13.195,14.08,0,-0.079801,36.787,1.9377
12.81,14.072,-1.286,-0.089312,36.656,14.318
12.81,14.063,0,-0.098829,36.53,2.9588
12.547,14.053,-1.3512,-0.10783,36.365,16.554
12.547,14.042,0,-0.11787,36.214,3.6526
12.547,14.031,0,-0.12779,36.065,3.5678
12.547,14.018,0,-0.13707,35.918,3.4834
11.993,14.004,-1.4421,-0.14819,35.652,20.759
11.993,13.989,0,-0.15892,35.451,5.1851
11.714,13.973,-1.4945,-0.16941,35.23,23.056
11.714,13.957,0,-0.18148,35.005,5.975
11.406,13.938,-1.4446,-0.19358,34.756,23.701
11.406,13.919,0,-0.2054,34.504,6.8763
11.406,13.898,0,-0.21778,34.254,6.7227
11.406,13.877,0,-0.23059,34.006,6.5631
11.406,13.854,0,-0.24247,33.76,6.4055
11.406,13.829,0,-0.25293,33.516,6.2531
11.406,13.804,0,-0.26223,33.275,6.1047
11.406,13.778,0,-0.26727,33.037,5.978
10.572,13.751,0.10184,-0.26953,32.358,8.4579
10.579,13.724,0.36204,-0.27043,32.043,6.6628
10.606,13.697,0.66575,-0.26955,31.726,4.9727
10.681,13.67,0.96878,-0.26432,31.417,3.6261
10.681,13.644,0,-0.25726,31.12,8.3721
10.681,13.618,0,-0.24687,30.825,8.3319
11.064,13.593,1.7405,-0.23253,30.576,1.9562
11.24,13.57,1.6924,-0.21659,30.336,1.7832
11.414,13.548,1.7622,-0.20045,30.119,1.7055
11.414,13.528,0,-0.18449,29.906,5.4795
11.414,13.51,0,-0.16642,29.696,5.5101
11.908,13.493,0.64458,-0.15273,29.575,1.5754
11.908,13.478,0,-0.14636,29.417,3.765
11.908,13.463,0,-0.14188,29.261,3.7376
11.908,13.449,0,-0.14393,29.106,3.6811
11.908,13.435,0,-0.15429,28.953,3.5859
11.908,13.419,0,-0.16491,28.801,3.4872
11.676,13.403,-1.4042,-0.17399,28.658,18.04
11.676,13.385,0,-0.18759,28.486,4.0358
11.354,13.367,-1.7502,-0.20646,28.296,25.766
11.177,13.346,-1.8608,-0.2248,28.093,28.967
11.177,13.324,0,-0.24445,27.877,5.2737
11.177,13.299,0,-0.2691,27.664,5.0567
10.548,13.272,-1.4458,-0.29307,27.364,23.85
10.548,13.243,0,-0.31087,27.093,6.9629
10.548,13.212,0,-0.32687,26.825,6.7484
10.548,13.179,0,-0.34408,26.56,6.5236
10.548,13.145,0,-0.35998,26.299,6.3029
9.8832,13.109,-1.4546,-0.37585,25.862,26.394
9.7355,13.071,-1.7769,-0.3957,25.535,33.358
9.5604,13.032,-1.595,-0.41974,25.19,30.221
9.3922,12.99,-1.3582,-0.44384,24.832,26.361
9.3922,12.945,0,-0.46419,24.475,9.5058
9.3922,12.899,0,-0.48532,24.122,9.1713
9.3922,12.85,0,-0.50734,23.774,8.8273
9.3922,12.8,0,-0.52884,23.43,8.4829
9.3922,12.747,0,-0.54955,23.092,8.1405
9.3922,12.692,0,-0.57624,22.759,7.7597
8.4642,12.634,-1.35,-0.60444,22.116,28.167
8.3327,12.574,-1.3106,-0.63105,21.7,27.634
8.3327,12.511,0,-0.6602,21.279,10.879
8.3327,12.445,0,-0.69153,20.864,10.38
8.3327,12.375,0,-0.72402,20.457,9.8695
8.3327,12.303,0,-0.76348,20.056,9.3121
7.5624,12.227,-1.9127,-0.80567,19.464,40.908
7.5624,12.146,0,-0.853,19.002,11.331
7.5624,12.061,0,-0.90608,18.548,10.602
7.5624,11.97,0,-0.96454,18.103,9.8395
7.5624,11.874,0,-1.0262,17.667,9.0605
7.5624,11.771,0,-1.0922,17.241,8.2651
6.2965,11.662,-2.2604,-1.1623,16.451,50.612
6.2965,11.546,0,-1.24,15.921,11.588
6.2965,11.422,0,-1.324,15.402,10.514
6.2965,11.289,0,-1.4066,14.896,9.469
6.2965,11.149,0,-1.4953,14.404,8.4198
5.2246,10.999,-2.1785,-1.5962,13.659,45.537
5.2246,10.839,0,-1.7086,13.089,10.116
4.7796,10.669,-2.2764,-1.825,12.492,46.024
4.7796,10.486,0,-1.9518,11.912,9.079
4.7796,10.291,0,-2.0945,11.352,7.686
4.7796,10.081,0,-2.2456,10.811,6.4228
4.7796,9.8569,0,-2.3888,10.292,5.408
4.7796,9.618,0,-5.2,9.7962,25.964
4.7796,9.098,0,-5.2,9.3384,24.898
3.6732,8.578,-0.26084,-5.2,8.4586,9.8841
3.6732,8.058,0,-5.2,7.9941,11.069
3.6732,7.538,0,-5.2,7.5816,10.003
3.6023,7.018,-0.068346,-5.2,7.2232,7.8512
3.6023,6.498,0.067417,-5.2,6.9078,7.9665
3.6023,5.978,0,-8.8,6.6442,0
3.6023,5.098,0,-8.8,6.4507,0
3.6023,4.218,0,-8.8,6.3451,0
3.6023,3.338,0,-8.8,6.3276,0
3.7311,2.458,0.49683,3.1895,6.4195,9.6967
3.7311,2.7769,0,2.1055,6.5308,7.4975
3.7311,2.9875,0,1.5891,6.6157,4.8221
3.7311,3.1464,0,1.304,6.6821,3.692
3.7311,3.2768,0,1.1192,6.7341,3.1258
3.7311,3.3887,0,0.9891,6.7739,2.8263
3.7311,3.4876,0,0.87243,6.8032,2.5678
4.1158,3.5749,0.32114,0.7778,6.9473,0
4.1435,3.6527,0.24975,0.6858,7.0039,0
4.1763,3.7212,0.27566,0.61976,7.0481,0
4.2031,3.7832,0.33232,0.55954,7.0945,0
4.2418,3.8392,0.40106,0.52566,7.126,0
4.2808,3.8917,0.48126,0.49851,7.1568,0
4.328,3.9416,0.55646,0.48724,7.1986,0
4.3862,3.9903,0.52105,0.49116,7.2347,0
4.3862,4.0394,0,0.48786,7.2719,0.55382
4.4776,4.0882,0.41855,0.46745,7.2955,0
4.4776,4.1349,0,0.46035,7.3321,0.46862
4.567,4.181,0.24249,0.44982,7.3599,0
4.5873,4.226,0.17769,0.41543,7.3969,0
4.6121,4.2675,0.077669,0.39162,7.437,0.0038661
4.6121,4.3067,0,0.35808,7.4695,0.23178
4.6232,4.3425,-0.29552,0.31187,7.4903,1.265
4.6232,4.3737,0,0.2376,7.5169,0.020733
4.6232,4.3974,0,0.13558,7.5406,0
4.6232,4.411,0,0.009067,7.5625,0
4.6232,4.4119,0,-0.036164,7.5837,0
4.6232,4.4083,0,-0.078188,7.605,0
4.6232,4.4005,0,-0.12148,7.6269,0
4.6232,4.3883,0,-0.16485,7.6498,0
4.6232,4.3718,0,-0.20082,7.6741,0
4.6232,4.3517,0,-0.23653,7.7002,0
4.6232,4.3281,0,-0.27622,7.7285,0
4.6232,4.3005,0,-8.8,7.7594,5.3055
4.6232,3.4205,0,-0.081311,7.8357,0
4.6232,3.4123,0,-0.11638,7.9564,0
2.775,3.4007,-1.398,-0.1495,6.9196,6.2318
2.775,3.3857,0,-0.17917,6.8577,0.9101
2.5124,3.3678,-1.1896,-0.20922,6.779,9.626
2.5124,3.3469,0,-0.23522,6.6945,1.2881
2.5124,3.3234,0,-8.8,6.6122,0
2.1684,2.4434,-1.3076,-0.050577,6.5305,4.6221
2.1684,2.4383,0,-0.074403,6.5032,0.40509
2.1684,2.4309,0,-0.099247,6.4766,0.33156
2.1684,2.421,0,-0.12661,6.4509,0.25167
2.1684,2.4083,0,-0.15435,6.4263,0.17093
1.4843,2.3929,-1.1019,-0.17705,6.2208,4.9739
1.4843,2.3752,0,-8.8,6.1308,0
1.4843,1.4952,0,-0.025965,6.0857,0
1.4843,1.4926,0,-0.036032,6.0848,0
1.4843,1.489,0,-0.045555,6.0841,0
1.4843,1.4844,0,-0.053637,6.0839,0
1.4843,1.479,0,-0.059842,6.0841,0
1.4843,1.4731,0,-0.067685,6.0849,0
1.4843,1.4663,0,-0.071083,6.0864,0
1.4843,1.4592,0,-0.071316,6.0885,0
1.4843,1.452,0,-8.8,6.0914,0
1.0206,0.57205,0.86104,0.86104,5.7188,0
1.0206,0.65815,0,0.92845,5.7593,2.4355
1.0206,0.751,0,0.85029,5.7909,2.3633
1.2953,0.83603,0.7516,0.7516,5.8555,0
1.2953,0.91119,0,4.9,5.8977,37.53
1.2953,1.4012,0,0.33823,5.9116,1.2814
1.5388,1.435,0.81861,0.59508,5.9278,0
1.5388,1.4945,0,0.67046,5.9352,2.2503
1.5388,1.5616,0,0.68831,5.9362,2.566
1.7807,1.6304,0.80682,0.70101,5.9721,0
1.7807,1.7005,0,0.71624,5.9836,2.3504
1.9377,1.7721,0.79615,0.67653,6.0185,0
1.9377,1.8398,0,0.67397,6.0317,2.0873
1.9377,1.9072,0,0.692,6.0381,2.4013
1.9377,1.9764,0,0.68061,6.0377,2.5826
1.9377,2.0444,0,0.66563,6.0304,2.7435
1.9377,2.111,0,0.68057,6.0164,3.054
1.9377,2.179,0,0.70277,5.9957,3.416
2.4885,2.2493,0.77244,0.67091,6.1726,0
2.4885,2.3164,0,0.6811,6.1931,1.8758
2.6442,2.3845,0.76289,0.66602,6.2259,0
2.6442,2.4511,0,0.6806,6.2485,1.8046
2.7989,2.5192,0.80985,0.65799,6.2631,0
2.7989,2.585,0,-8.8,6.2878,0
2.7989,1.705,0,4.9,6.3532,33.024
2.7989,2.195,0,2.5546,6.4381,12.834
2.7989,2.4505,0,1.7093,6.4857,7.3797
2.7989,2.6214,0,1.3471,6.512,5.6256
3.2916,2.7561,0.80012,1.1473,6.6744,0
3.2916,2.8708,0,0.99226,6.7223,2.5594
3.2916,2.97,0,0.88864,6.7594,2.3757
3.2916,3.0589,0,0.81684,6.7871,2.3236
3.2916,3.1406,0,0.76964,6.8063,2.3707
3.2916,3.2176,0,0.75598,6.8175,2.5691
3.2916,3.2932,0,0.74012,6.8212,2.7532
3.2916,3.3672,0,0.72031,6.8173,2.9128
3.2916,3.4392,0,0.70197,6.8062,3.0737
3.2916,3.5094,0,0.70223,6.7879,3.3276
3.2916,3.5796,0,0.69775,6.7626,3.5595
3.2916,3.6494,0,0.70755,6.7303,3.8714
3.2916,3.7202,0,0.71604,6.691,4.1854
4.3041,3.7918,0.80822,0.69999,7.3261,0
4.3041,3.8618,0,0.70711,7.3738,1.1296
4.3041,3.9325,0,0.7015,7.4145,1.326
4.3041,4.0026,0,0.695,7.4482,1.5198
4.3041,4.0721,0,0.69983,7.4749,1.7659
4.3041,4.1421,0,0.69957,7.4946,1.995
4.3041,4.2121,0,0.70683,7.5073,2.2643
4.3041,4.2827,0,0.71922,7.513,2.5676
4.3041,4.3547,0,0.73837,7.5115,2.9175
4.3041,4.4285,0,0.75223,7.5028,3.2556
4.3041,4.5037,0,0.77836,7.4866,3.6742
4.3041,4.5816,0,0.80871,7.4627,4.1389
4.3041,4.6624,0,0.84625,7.4309,4.6719
4.3041,4.7471,0,0.90657,7.3909,5.3779
4.3041,4.8377,0,1.0183,7.342,6.4741
4.3041,4.9395,0,1.1467,7.2836,7.7974
4.3041,5.0542,0,1.3043,7.2143,9.4699
6.7518,5.1846,3.3842,1.4657,8.6082,3.3511
6.7518,5.3312,0,1.6047,8.7576,2.2147
7.4226,5.4917,2.9902,1.7017,8.9705,0.89078
7.4226,5.6619,0,1.7569,9.1551,1.7887
7.985,5.8375,2.5416,1.7759,9.3658,0
8.2311,6.0151,2.4469,1.778,9.5763,0
8.4775,6.1929,2.3317,1.7831,9.8053,0
8.7141,6.3712,2.217,1.7792,10.028,0
8.9397,6.5492,2.1183,1.7697,10.262,0
9.1424,6.7261,1.9154,1.7472,10.507,0
9.1424,6.9008,0,1.7238,10.74,0
9.1424,7.0732,0,1.679,10.955,0.27528
9.1424,7.2411,0,1.6244,11.154,0.58173
9.1424,7.4036,0,1.5758,11.336,0.90181
9.8678,7.5611,0.92991,1.5119,11.719,0
9.8678,7.7123,0,1.4485,11.942,0
10.043,7.8572,0.63553,1.3892,12.17,0
10.043,7.9961,0,1.3214,12.381,0
10.043,8.1282,0,1.2476,12.579,0
10.043,8.253,0,1.1809,12.765,0
10.043,8.3711,0,1.1137,12.938,0
10.221,8.4825,0.26379,1.0423,13.152,0
10.221,8.5867,0,0.99193,13.321,0
10.221,8.6859,0,0.95145,13.48,0
10.221,8.781,0,0.92168,13.628,0
10.221,8.8732,0,0.90263,13.768,0
10.221,8.9635,0,0.89708,13.898,0
10.221,9.0532,0,0.89951,14.019,0
10.221,9.1431,0,0.89779,14.132,0
10.221,9.2329,0,0.90405,14.235,0.2846
10.221,9.3233,0,0.89939,14.329,0.53695
10.221,9.4132,0,0.8937,14.415,0.78938
10.221,9.5026,0,0.89142,14.491,1.0604
10.221,9.5918,0,0.89276,14.559,1.3536
10.221,9.681,0,0.84677,14.617,1.4339
10.221,9.7657,0,0.75658,14.667,1.3015
10.221,9.8414,0,0.61788,14.709,0.9508
10.221,9.9032,0,0.43754,14.744,0.45635
10.221,9.9469,0,0.21745,14.773,0
10.221,9.9687,0,0.024285,14.8,0
10.221,9.9711,0,-0.044555,14.825,0
10.221,9.9666,0,-0.077939,14.85,0
9.4766,9.9588,-0.20412,-0.096334,15.583,1.5127
9.4766,9.9492,0,-0.098781,15.535,0.80381
9.4851,9.9393,0.55064,-0.091416,15.493,0
9.5378,9.9302,0.64552,-0.079211,15.456,0
9.5378,9.9223,0,-0.06422,15.417,0.69062
9.5378,9.9158,0,-0.049017,15.379,0.71695
9.5378,9.9109,0,-0.037655,15.342,0.73683
9.7843,9.9072,0.55575,-0.025049,15.338,0
9.7843,9.9047,0,-0.01236,15.326,0.22609
9.7843,9.9034,0,-0.0040024,15.314,0.24305
9.7843,9.903,0,0.011457,15.302,0.27936
9.7843,9.9042,0,0.02865,15.29,0.32466
9.9841,9.907,0.32826,0.040905,15.355,0
9.9841,9.9111,0,0.052445,15.362,0
9.9841,9.9164,0,0.065402,15.369,0.001215
9.9841,9.9229,0,0.083461,15.376,0.057106
10.131,9.9313,0.43009,0.10594,15.415,0
10.131,9.9419,0,0.1202,15.435,0
10.22,9.9539,0.57023,0.14095,15.445,0
10.267,9.968,0.58773,0.15838,15.478,0
10.32,9.9838,0.73777,0.17793,15.507,0
10.32,10.002,0,0.20978,15.539,0
10.32,10.023,0,0.2427,15.57,0
10.32,10.047,0,0.27559,15.599,0.067777
10.669,10.074,1.0456,0.31276,15.697,0
10.669,10.106,0,0.35576,15.755,0
10.669,10.141,0,0.39924,15.809,0
10.669,10.181,0,0.45087,15.86,0.057772
10.669,10.226,0,0.50992,15.906,0.36997
11.385,10.277,1.7478,0.57682,16.104,0.94829
11.385,10.335,0,0.63296,16.212,0
11.385,10.398,0,0.68,16.314,0
11.385,10.466,0,0.71783,16.409,0
11.985,10.538,0.79118,0.74381,16.633,0
11.985,10.612,0,0.73896,16.773,0
11.985,10.686,0,0.72129,16.907,0
11.985,10.758,0,0.67439,17.033,0
11.985,10.826,0,0.61383,17.152,0
11.985,10.887,0,0.53033,17.265,0
11.985,10.94,0,0.42281,17.372,0
11.985,10.983,0,0.30911,17.475,0
11.985,11.013,0,0.19437,17.573,0
11.182,11.033,-2.2605,0.074499,17.55,25.229
10.956,11.04,-2.2875,-0.015396,17.554,26.493
10.956,11.039,0,-0.056762,17.546,0.050307
10.956,11.033,0,-0.096804,17.538,0
10.956,11.023,0,-0.1348,17.531,0
10.956,11.01,0,-0.17215,17.524,0
10.956,10.993,0,-0.20284,17.52,0
10.956,10.972,0,-0.23062,17.517,0
10.956,10.949,0,-0.25474,17.517,0
10.956,10.924,0,-0.27697,17.519,0
10.956,10.896,0,-0.30019,17.524,0
9.2278,10.866,-1.5451,-0.32597,16.539,18.086
9.2278,10.834,0,-0.35432,16.377,2.9724
9.2278,10.798,0,-0.38691,16.218,2.7415
9.2278,10.76,0,-0.42468,16.063,2.4929
9.2278,10.717,0,-0.46453,15.912,2.2406
9.2278,10.671,0,-0.50652,15.765,1.9875
9.2278,10.62,0,-0.55014,15.624,1.7387
7.9116,10.565,-2.1162,-0.60032,15.02,33.638
7.9116,10.505,0,-0.65107,14.758,4.7882
7.4976,10.44,-1.9755,-0.69975,14.459,31.086
7.4976,10.37,0,-0.75204,14.169,5.2407
7.4976,10.295,0,-0.80199,13.885,4.7606
6.9573,10.214,-1.2242,-0.84505,13.522,17.699
6.8405,10.13,-0.98019,-0.88157,13.187,14.329
6.8405,10.042,0,-0.91185,12.862,5.5811
6.8405,9.9506,0,-0.94166,12.547,5.1403
6.8405,9.8564,0,-0.96762,12.241,4.7263
6.5315,9.7596,-0.49178,-0.98841,11.872,8.3822
6.5315,9.6608,0,-1.0045,11.554,4.9222
6.5315,9.5603,0,-1.0184,11.246,4.5529
6.5315,9.4585,0,-1.0249,10.948,4.2236
6.5315,9.356,0,-1.0154,10.66,3.9639
6.5315,9.2545,0,-0.99338,10.383,3.7586
6.59,9.1551,0.99249,-0.95899,10.087,2.1643
6.6872,9.0592,1.1174,-0.91402,9.8362,2.15
6.6872,8.9678,0,-0.86,9.6035,3.0207
6.9026,8.8818,0.99349,-5.2,9.3916,96.547
6.9026,8.3618,0,-0.53007,9.2197,1.9576
7.0923,8.3088,0.50091,-5.2,9.1039,102.59
7.1471,7.7888,0.0084362,-0.24314,9.0014,0.79629
7.1471,7.7645,0,-0.23778,8.9385,0.77607
7.1471,7.7407,0,-0.2546,8.8779,0.68507
7.1471,7.7153,0,-5.2,8.8198,106.39
6.9937,7.1953,-0.090307,-0.073304,8.7606,0.4827
6.9937,7.1879,0,-0.070896,8.7408,0.25059
7.0107,7.1809,0.53207,-0.062365,8.7071,0
7.0683,7.1746,-0.081235,-0.038991,8.7027,0.32937
7.0606,7.1707,-0.92311,-0.04035,8.6998,4.68
7.0606,7.1667,0,-0.07263,8.689,0.065876
7.0606,7.1594,0,-0.11526,8.6788,0
7.0606,7.1479,0,-0.16099,8.6695,0
7.0606,7.1318,0,-0.2065,8.6616,0
7.0606,7.1111,0,-5.2,8.6555,98.827
6.3855,6.5911,-1.1823,-0.072143,8.4554,7.3125
6.3855,6.5839,0,-0.11134,8.4352,0.17339
6.3855,6.5728,0,-0.17066,8.4159,0.041483
5.8625,6.5557,-2.4963,-0.24702,8.346,34.037
5.8625,6.531,0,-5.2,8.2779,42.46
5.8625,6.011,0,-0.22747,8.2371,0
5.0501,5.9883,-2.7872,-0.31761,8.1139,11.56
5.0501,5.9565,0,-0.41054,8.0217,0.9981
5.0501,5.9155,0,-8.8,7.9331,15.143
5.0501,5.0355,0,-0.23016,7.8905,0
5.0501,5.0125,0,-0.28364,7.8931,0
