20,20,0.5477,0,35.5,0
20,20,0,0.020129,35.5,0.043312
20.106,20.002,0.43945,0.03616,35.519,0
20.106,20.006,0,0.05126,35.529,0
20.106,20.011,0,0.063406,35.539,0
20.106,20.017,0,0.074022,35.548,0
20.267,20.024,0.4585,0.084111,35.602,0
20.312,20.033,0.47773,0.096514,35.619,0
20.312,20.043,0,0.11054,35.646,0
20.312,20.054,0,0.12321,35.673,0
20.457,20.066,0.49687,0.13528,35.711,0
20.513,20.079,0.50022,0.14995,35.744,0
20.513,20.094,0,0.16444,35.786,0
20.622,20.111,0.48493,0.17703,35.845,0
20.622,20.129,0,0.18828,35.895,0
20.622,20.147,0,0.19928,35.944,0
20.622,20.167,0,0.20888,35.99,0
20.622,20.188,0,0.2153,36.035,0
20.622,20.21,0,0.22477,36.077,0
20.622,20.232,0,0.23458,36.117,0
20.622,20.256,0,0.24459,36.155,0
20.622,20.28,0,0.25056,36.191,0
20.622,20.305,0,0.25643,36.224,0
20.622,20.331,0,0.2584,36.254,0
20.622,20.357,0,0.26183,36.282,0.048178
21.145,20.383,0.24457,0.26301,36.649,0
21.145,20.409,0,0.2626,36.724,0
21.145,20.435,0,0.2615,36.796,0
21.145,20.462,0,0.26329,36.866,0
21.145,20.488,0,0.25789,36.933,0
21.145,20.514,0,0.25501,36.997,0
21.265,20.539,0.038877,0.24981,37.088,0
21.265,20.564,0,0.24173,37.16,0
21.265,20.588,0,0.23633,37.229,0
21.272,20.612,-0.016024,0.22713,37.297,0
21.274,20.635,-0.025842,0.22003,37.364,0
21.274,20.657,0,0.21435,37.426,0
21.274,20.678,0,0.20296,37.487,0
21.252,20.698,-0.076385,0.19018,37.537,0
21.252,20.717,0,0.17811,37.592,0
21.252,20.735,0,0.17129,37.644,0
21.252,20.752,0,0.16122,37.695,0
21.252,20.769,0,0.14987,37.744,0
21.252,20.784,0,0.14342,37.792,0
21.184,20.798,-0.067002,0.13241,37.828,0
21.184,20.811,0,0.12832,37.866,0
21.183,20.824,-0.047123,0.12318,37.896,0
21.183,20.836,0,0.11449,37.931,0
21.183,20.848,0,0.10938,37.965,0
21.183,20.859,0,0.10568,37.998,0
21.183,20.869,0,0.10191,38.03,0
21.156,20.879,-0.00047343,0.094995,38.058,0
21.149,20.889,0.027299,0.089119,38.084,0
21.149,20.898,0,0.088384,38.11,0
21.149,20.907,0,0.082819,38.135,0
21.149,20.915,0,0.076404,38.158,0
21.149,20.923,0,0.073279,38.181,0
21.149,20.93,0,0.066562,38.204,0
21.149,20.937,0,0.055618,38.225,0
21.149,20.942,0,0.040357,38.246,0
21.004,20.946,-0.59973,0.019816,38.226,2.1629
21.004,20.948,0,-0.00056457,38.231,0
21.004,20.948,0,-0.0079196,38.237,0
21.004,20.947,0,-0.015973,38.242,0
21.004,20.946,0,-0.024828,38.248,0
21.004,20.943,0,-0.03478,38.254,0
21.004,20.94,0,-0.044609,38.26,0
21.004,20.935,0,-0.054776,38.267,0
21.004,20.93,0,-0.06436,38.274,0
20.204,20.923,-1.0508,-0.073708,37.969,8.5515
20.089,20.916,-1.0289,-0.085,37.883,8.7776
19.985,20.907,-1.0394,-0.095139,37.8,9.2999
19.873,20.898,-1.0318,-0.10607,37.701,9.6579
19.769,20.887,-1.0422,-0.1163,37.591,10.181
19.769,20.876,0,-0.12554,37.479,2.4029
19.769,20.863,0,-0.13469,37.369,2.3303
19.484,20.85,-0.8391,-0.14418,37.208,9.0671
19.484,20.835,0,-0.15143,37.072,3.0396
19.484,20.82,0,-0.15882,36.938,2.9609
19.484,20.804,0,-0.16395,36.805,2.8903
19.226,20.788,-0.33747,-0.1687,36.613,5.5947
19.187,20.771,-0.32248,-0.17213,36.461,5.561
19.187,20.754,0,-0.17528,36.304,3.6198
19.187,20.736,0,-0.17695,36.148,3.5551
19.187,20.719,0,-0.17821,35.994,3.4921
19.104,20.701,-0.168,-0.17801,35.829,4.608
19.082,20.683,-0.14655,-0.17965,35.662,4.4893
19.066,20.665,-0.16167,-0.18052,35.51,4.5642
19.066,20.647,0,-0.18109,35.351,3.6396
19.066,20.629,0,-0.18163,35.194,3.5781
19.014,20.611,-0.22829,-0.18404,35.009,4.935
18.991,20.592,-0.23527,-0.18579,34.851,4.9863
18.991,20.574,0,-0.18732,34.692,3.6182
18.952,20.555,-0.17464,-0.18855,34.518,4.6116
18.952,20.536,0,-0.18957,34.359,3.6115
18.952,20.517,0,-0.19157,34.201,3.5409
18.952,20.498,0,-0.19412,34.046,3.4676
18.85,20.479,-0.44694,-0.19665,33.887,6.4753
18.803,20.459,-0.47982,-0.20126,33.731,6.812
18.803,20.439,0,-0.20549,33.566,3.7054
18.803,20.418,0,-0.20933,33.404,3.6209
18.803,20.397,0,-0.21267,33.243,3.538
18.803,20.376,0,-0.21779,33.085,3.4468
18.803,20.354,0,-0.22393,32.929,3.3504
18.803,20.332,0,-0.23142,32.775,3.2472
18.456,20.309,-0.66804,-0.23728,32.526,9.0577
18.397,20.285,-0.72385,-0.24375,32.342,9.7111
18.397,20.261,0,-0.25316,32.154,4.2395
18.397,20.235,0,-0.26249,31.969,4.1097
18.15,20.209,-0.84983,-0.27294,31.752,11.647
18.063,20.182,-0.52427,-0.28346,31.548,8.6667
18.063,20.153,0,-0.29037,31.338,4.8362
17.989,20.124,-0.034952,-0.29141,31.112,5.1855
17.989,20.095,0,-0.29148,30.9,4.8857
17.989,20.066,0,-0.29126,30.691,4.7849
17.989,20.037,0,-0.29047,30.485,4.6876
17.989,20.008,0,-0.29361,30.281,4.5717
17.989,19.979,0,-0.29725,30.081,4.4533
17.892,19.949,-0.11375,-0.29749,29.864,5.3274
17.892,19.919,0,-0.29641,29.66,4.5863
17.892,19.889,0,-0.29609,29.459,4.4863
17.873,19.86,-0.071044,-0.2958,29.26,4.8356
17.869,19.83,-0.069873,-0.29473,29.067,4.7442
17.852,19.801,-0.063246,-0.2954,28.881,4.6583
17.852,19.771,0,-0.29376,28.688,4.2311
17.852,19.742,0,-0.29408,28.498,4.1313
17.852,19.712,0,-0.29521,28.31,4.0284
17.852,19.683,0,-0.29612,28.126,3.927
17.852,19.653,0,-0.29708,27.944,3.8259
17.772,19.624,-0.16708,-0.29691,27.756,4.8929
17.772,19.594,0,-0.29869,27.572,3.8879
17.772,19.564,0,-0.29799,27.391,3.7938
17.772,19.534,0,-0.29535,27.214,3.7094
17.772,19.505,0,-0.29344,27.039,3.6231
17.772,19.475,0,-0.29057,26.867,3.5422
17.772,19.446,0,-0.29041,26.698,3.4509
17.772,19.417,0,-0.28801,26.532,3.37
17.772,19.388,0,-0.28671,26.369,3.2856
17.772,19.36,0,-0.28742,26.209,3.1938
17.772,19.331,0,-0.28559,26.051,3.1131
17.772,19.302,0,-0.28593,25.897,3.0246
17.772,19.274,0,-0.28375,25.745,2.9471
17.772,19.246,0,-0.2803,25.596,2.8759
17.772,19.217,0,-0.27476,25.45,2.8144
17.772,19.19,0,-0.27059,25.307,2.7494
17.772,19.163,0,-0.2629,25.167,2.6999
17.756,19.137,0.22958,-0.25662,24.967,1.8879
17.756,19.111,0,-0.24968,24.83,2.6459
17.809,19.086,0.24437,-0.24093,24.696,1.6409
17.824,19.062,0.24601,-0.2351,24.578,1.5611
17.824,19.038,0,-0.22662,24.455,2.3265
17.824,19.016,0,-0.21923,24.335,2.2896
17.824,18.994,0,-0.20964,24.217,2.263
17.935,18.973,0.2606,-0.20212,24.128,1.1592
17.935,18.953,0,-0.19537,24.025,1.8896
17.935,18.933,0,-0.18697,23.925,1.8657
17.935,18.914,0,-0.17997,23.826,1.8391
17.935,18.896,0,-0.17439,23.729,1.8096
17.935,18.879,0,-0.16676,23.634,1.7887
17.935,18.862,0,-0.16012,23.54,1.7665
17.935,18.846,0,-0.15425,23.448,1.7434
18.082,18.831,0.084937,-0.15159,23.45,1.0768
18.082,18.816,0,-0.14732,23.376,1.3006
18.097,18.801,0.16486,-0.14377,23.311,0.79803
18.118,18.787,0.17772,-0.13707,23.235,0.70886
18.118,18.773,0,-0.13257,23.168,1.1478
18.118,18.76,0,-0.12643,23.104,1.1333
18.118,18.747,0,-0.11891,23.04,1.1244
18.198,18.735,0.1351,-0.11175,22.997,0.58329
18.205,18.724,0.14395,-0.1082,22.949,0.53359
18.205,18.713,0,-0.10113,22.897,0.88122
18.205,18.703,0,-0.094414,22.847,0.87588
18.262,18.694,0.21722,-0.090722,22.817,0.26024
18.262,18.685,0,-0.084512,22.774,0.72491
18.262,18.676,0,-0.078953,22.733,0.72012
18.262,18.668,0,-0.071554,22.692,0.72163
18.262,18.661,0,-0.064825,22.651,0.7231
18.262,18.655,0,-0.056925,22.612,0.72944
18.262,18.649,0,-0.051953,22.573,0.72966
18.262,18.644,0,-0.04551,22.534,0.73516
18.454,18.639,0.23011,-0.039387,22.603,0
18.479,18.635,0.22932,-0.03336,22.585,0
18.479,18.632,0,-0.028359,22.57,0.25994
18.479,18.629,0,-0.020634,22.555,0.27192
18.479,18.627,0,-0.014422,22.54,0.28217
18.594,18.625,0.26747,-0.0068229,22.532,0
18.594,18.625,0,-0.0020178,22.529,0.060233
18.594,18.625,0,0.002527,22.526,0.069713
18.659,18.625,0.22074,0.0089915,22.538,0
18.659,18.626,0,0.017036,22.542,0
18.659,18.627,0,0.023836,22.545,0
18.659,18.63,0,0.028731,22.548,0.00029706
18.759,18.633,0.26935,0.032787,22.58,0
18.759,18.636,0,0.039557,22.593,0
18.759,18.64,0,0.047528,22.605,0
18.858,18.645,0.31643,0.055613,22.631,0
18.899,18.65,0.31146,0.064886,22.658,0
18.925,18.657,0.30259,0.070078,22.687,0
18.925,18.664,0,0.07481,22.713,0
18.925,18.671,0,0.077842,22.739,0
18.925,18.679,0,0.082327,22.764,0
18.925,18.687,0,0.085717,22.788,0
18.925,18.696,0,0.089875,22.812,0
19.048,18.705,0.15922,0.089808,22.882,0
19.06,18.714,0.15399,0.090594,22.908,0
19.06,18.723,0,0.093763,22.942,0
19.06,18.732,0,0.096109,22.975,0
19.115,18.742,0.10057,0.098041,23.018,0
19.117,18.752,0.072673,0.095975,23.064,0
19.122,18.761,0.067308,0.094858,23.108,0
19.122,18.771,0,0.094716,23.144,0
19.138,18.78,0.10379,0.094202,23.188,0
19.151,18.79,0.08522,0.095232,23.231,0
19.151,18.799,0,0.092842,23.266,0
19.167,18.808,0.047411,0.094511,23.309,0
19.167,18.818,0,0.094374,23.344,0
19.167,18.827,0,0.092528,23.379,0
19.175,18.837,0.039914,0.089478,23.422,0
19.185,18.845,0.028276,0.089704,23.464,0
19.185,18.854,0,0.090045,23.497,0
19.185,18.863,0,0.087501,23.53,0
19.185,18.872,0,0.088111,23.562,0
19.185,18.881,0,0.087,23.592,0
19.185,18.89,0,0.082595,23.622,0
19.185,18.898,0,0.077982,23.651,0
19.185,18.906,0,0.077278,23.68,0
19.185,18.914,0,0.076174,23.707,0
19.19,18.921,-0.12247,0.071547,23.766,0
19.19,18.928,0,0.068574,23.792,0
19.19,18.935,0,0.062035,23.818,0
19.123,18.941,-0.55688,0.048336,23.834,1.6466
19.123,18.946,0,0.034301,23.852,0
19.123,18.95,0,0.014175,23.869,0
19.123,18.951,0,-0.0020954,23.887,0
19.123,18.951,0,-0.018266,23.904,0
19.123,18.949,0,-0.036166,23.921,0
19.123,18.945,0,-0.053781,23.939,0
19.123,18.94,0,-0.071725,23.957,0
19.123,18.933,0,-0.093081,23.975,0
18.35,18.924,-1.122,-0.11485,23.687,8.2079
18.35,18.912,0,-0.13559,23.63,0.9143
18.122,18.898,-1.1483,-0.15672,23.551,9.1979
18.001,18.883,-1.1068,-0.17907,23.46,9.1008
18.001,18.865,0,-0.2008,23.372,1.4671
17.769,18.845,-1.1153,-0.2209,23.264,9.8545
17.769,18.823,0,-0.24166,23.158,1.8286
17.769,18.799,0,-0.26106,23.053,1.701
17.769,18.772,0,-0.28551,22.952,1.5572
17.769,18.744,0,-0.30979,22.853,1.4141
17.769,18.713,0,-0.33806,22.757,1.2611
17.769,18.679,0,-0.3665,22.664,1.1102
17.769,18.642,0,-0.39763,22.575,0.95684
17.769,18.603,0,-0.43019,22.49,0.80628
17.769,18.56,0,-0.46426,22.409,0.66094
17.769,18.513,0,-0.50392,22.332,0.51814
17.769,18.463,0,-0.54044,22.26,0.3939
17.769,18.409,0,-0.58126,22.193,0.28348
17.769,18.351,0,-0.62038,22.132,0.19591
17.769,18.289,0,-0.66345,22.077,0.13439
15.363,18.222,-1.8583,-0.7037,20.395,27.838
15.363,18.152,0,-0.74939,20.113,4.9765
15.363,18.077,0,-0.79462,19.837,4.5295
15.363,17.998,0,-0.83977,19.57,4.0938
15.363,17.914,0,-0.88636,19.311,3.6669
15.363,17.825,0,-0.93044,19.06,3.2671
15.363,17.732,0,-0.97887,18.818,2.876
15.363,17.634,0,-1.0263,18.586,2.5162
15.363,17.531,0,-1.0783,18.364,2.1811
15.363,17.424,0,-1.1292,18.153,1.8917
15.363,17.311,0,-1.1838,17.952,1.6503
15.363,17.192,0,-1.2352,17.764,1.474
15.363,17.069,0,-1.2947,17.587,1.3738
15.363,16.939,0,-1.3513,17.423,1.3658
15.363,16.804,0,-1.409,17.272,1.4686
15.363,16.663,0,-1.4666,17.135,1.7
15.363,16.517,0,-1.5283,17.012,2.1023
15.363,16.364,0,-1.5888,16.904,2.6867
12.167,16.205,-1.7503,-1.6501,13.888,22.378
12.167,16.04,0,-1.7198,13.493,4.3951
12.167,15.868,0,-1.7867,13.114,3.8331
12.167,15.689,0,-4.4,12.753,39.757
12.167,15.249,0,-4.4,12.423,51.504
12.167,14.809,0,-4.4,12.136,67.275
12.167,14.369,0,-4.4,11.894,88.91
12.167,13.929,0,-4.4,11.696,119.57
12.167,13.489,0,-4.4,11.542,165.2
12.167,13.049,0,-4.4,11.432,238.42
12.167,12.609,0,-4.4,11.365,371.56
12.167,12.169,0,-5.2,11.343,0
12.167,11.649,0,-5.2,11.369,0
12.167,11.129,0,-5.2,11.447,0
12.167,10.609,0,-5.2,11.577,0
9.5517,10.089,-1.5452,-5.2,9.7689,0
9.5517,9.5692,0,-5.2,9.7411,3472.5
9.5517,9.0492,0,0.080301,9.7654,0
9.1146,9.0572,-1.2967,0.023571,9.732,8.0232
9.1146,9.0596,0,-0.031903,9.7376,0
8.864,9.0564,-1.1166,-0.075603,9.7171,6.5449
8.864,9.0488,0,-0.1177,9.6982,0.13346
8.6544,9.037,-0.98967,-0.15145,9.6618,5.683
8.5491,9.0219,-0.97714,-0.18832,9.614,5.7177
8.5491,9.0031,0,-0.22388,9.5677,0.46012
8.5491,8.9807,0,-0.25691,9.5234,0.35028
8.2399,8.955,-0.97528,-5.2,9.4442,0
8.2399,8.435,0,-0.11244,9.3987,0.16447
8.2399,8.4237,0,-0.15,9.3797,0.071031
8.2399,8.4087,0,-0.18002,9.3621,0
8.2399,8.3907,0,-0.21299,9.3461,0
8.2399,8.3694,0,-0.24667,9.3321,0
8.2399,8.3448,0,-5.2,9.3203,258.9
8.2399,7.8248,0,-0.10474,9.3359,0
7.4435,7.8143,-1.0285,-0.13972,9.0507,6.0663
7.4435,7.8003,0,-0.17502,9.0143,0.36371
7.4435,7.7828,0,-0.21403,8.9795,0.25184
7.4435,7.7614,0,-0.25033,8.9466,0.14902
7.4435,7.7364,0,-5.2,8.9161,132.18
6.8089,7.2164,-1.8448,-0.14818,8.7779,17.247
6.8089,7.2016,0,-0.20958,8.7379,0.36533
6.8089,7.1806,0,-0.2773,8.6997,0.20293
6.8089,7.1529,0,-0.3534,8.6639,0.052789
6.8089,7.1175,0,-5.2,8.6313,82.812
5.7021,6.5975,-2.6371,-0.31857,8.3886,39.287
5.7021,6.5657,0,-5.2,8.3007,38.081
5.1614,6.0457,-2.855,-0.29849,8.1789,11.717
5.1614,6.0158,0,-0.39057,8.092,0.93261
5.1614,5.9768,0,-8.8,8.0085,17.277
5.1614,5.0968,0,-0.25277,7.9709,0
5.1614,5.0715,0,-0.35187,7.9787,0
5.1614,5.0363,0,-0.45614,7.9894,0
5.1614,4.9907,0,-8.8,8.0042,15.255
5.1614,4.1107,0,-0.34094,8.0653,0
5.1614,4.0766,0,-0.44328,8.172,0
5.1614,4.0323,0,-8.8,8.2827,13.29
1.8113,3.1523,-3.0449,-0.30462,6.7892,9.5252
1.5049,3.1218,-2.804,-0.37622,6.6489,9.3501
1.5049,3.0842,0,-8.8,6.4891,0
1.5049,2.2042,0,-0.21491,6.3751,1.021
0.72219,2.1827,-2.1319,-0.26036,6.1821,7.4845
0.72219,2.1567,0,-8.8,6.0373,0
0.33366,1.2767,-1.0497,-0.10161,5.9046,4.2722
0.33366,1.2665,0,-0.11411,5.8109,1.9456
0.33366,1.2551,0,-0.12016,5.7181,1.8918
0.33366,1.2431,0,-8.8,5.6266,0
0.20518,0.36307,0.51441,0.51441,5.5485,0.33602
0.20518,0.41451,0,0.55422,5.5301,2.5462
0.20518,0.46994,0,0.58994,5.5064,2.9126
0.20518,0.52893,0,0.67575,5.477,3.5715
0.44245,0.59651,0.70108,0.70108,5.4825,0.32693
0.51529,0.66661,0.69977,0.69977,5.4587,0.32093
0.51529,0.73659,0,0.68391,5.44,3.2433
0.6586,0.80498,0.67141,0.67141,5.4169,0.3102
0.6586,0.87212,0,-8.8,5.3989,0
0.7872,0,0.66673,0.66673,5.4497,0
0.7872,0.066673,0,0.66559,5.525,0.15445
0.91255,0.13323,0.65493,0.65493,5.6057,0
0.98685,0.19872,0.63713,0.63713,5.6817,0
0.98685,0.26244,0,0.6118,5.7573,0
1.109,0.32362,0.59205,0.59205,5.8301,0
1.1734,0.38282,0.57219,0.57219,5.9177,0
1.1734,0.44004,0,0.55576,5.9939,0
1.1734,0.49562,0,0.5412,6.0645,0
1.1734,0.54974,0,0.53377,6.1295,0
1.3992,0.60312,0.51745,0.51745,6.2571,0
1.3992,0.65486,0,0.49536,6.3341,0
1.3992,0.7044,0,0.48329,6.4061,0
1.3992,0.75273,0,0.48127,6.4732,0
1.3992,0.80085,0,0.49726,6.5354,0
1.3992,0.85058,0,0.55734,6.5928,0.24552
1.3992,0.90631,0,4.9,6.6448,36.834
1.3992,1.3963,0,2.4753,6.6696,15.315
1.3992,1.6438,0,1.0865,6.6575,5.7019
1.3992,1.7525,0,0.94347,6.6276,5.2433
1.3992,1.8468,0,0.9612,6.5876,5.7416
1.3992,1.943,0,1.0778,6.538,6.9171
2.3728,2.0507,1.5559,1.1711,6.9461,0
2.5334,2.1678,1.6009,1.2169,6.979,0
2.6986,2.2895,1.6386,1.248,7.011,0
2.6986,2.4143,0,1.2483,7.0456,4.5517
2.6986,2.5392,0,1.2541,7.0678,5.0989
2.6986,2.6646,0,1.2564,7.0775,5.637
2.6986,2.7902,0,1.2803,7.0746,6.3315
3.5381,2.9182,1.7004,1.3004,7.2566,0
3.5381,3.0483,0,1.303,7.3121,4.061
3.8757,3.1786,1.6732,1.2864,7.3762,0
4.052,3.3072,1.6534,1.2982,7.4532,0
4.052,3.437,0,1.2903,7.5212,3.4924
4.052,3.5661,0,1.2727,7.5763,3.8938
4.5367,3.6933,1.5656,1.2583,7.6992,0
4.5367,3.8192,0,1.2577,7.7772,2.9124
4.5367,3.9449,0,1.247,7.8427,3.3303
4.5367,4.0696,0,1.2197,7.8956,3.6531
5.1591,4.1916,1.5131,1.2181,8.0663,0
5.1591,4.3134,0,1.2133,8.157,2.1963
5.4599,4.4347,1.4931,1.1982,8.2482,0
5.6182,4.5545,1.4768,1.2017,8.3465,0
5.7638,4.6747,1.4277,1.1927,8.4635,0
5.7638,4.794,0,1.1794,8.5665,1.5829
5.7638,4.9119,0,1.1759,8.6576,1.9788
5.7638,5.0295,0,1.1735,8.7369,2.3884
5.7638,5.1469,0,1.1639,8.8044,2.7667
5.7638,5.2633,0,1.1418,8.8603,3.0785
6.6011,5.3774,1.2959,1.1373,9.1542,0
6.6011,5.4912,0,1.1168,9.2709,0.81466
6.6011,5.6029,0,1.0979,9.3763,1.0927
6.6011,5.7126,0,1.0745,9.4706,1.3478
6.6011,5.8201,0,1.0546,9.5541,1.6151
7.1641,5.9256,1.1528,1.0377,9.7741,0
7.1641,6.0293,0,1.0254,9.8928,0.33808
7.1641,6.1319,0,1.0211,10.001,0.6372
7.5181,6.234,1.2999,1.0228,10.157,0
7.5181,6.3363,0,1.035,10.28,0.23463
7.5181,6.4398,0,1.0422,10.393,0.58399
7.5181,6.544,0,1.0384,10.496,0.89866
8.026,6.6478,1.2331,1.033,10.702,0
8.1531,6.7511,1.237,1.0366,10.848,0
8.1531,6.8548,0,1.0393,10.983,0
8.1531,6.9587,0,1.0411,11.108,0.22172
8.1531,7.0628,0,1.0385,11.222,0.53112
8.1531,7.1667,0,1.0387,11.326,0.86064
8.7687,7.2705,1.2238,1.0359,11.564,0
8.7687,7.3741,0,1.0325,11.708,0
8.7687,7.4774,0,1.0382,11.843,0
8.7687,7.5812,0,1.0401,11.966,0.23834
8.7687,7.6852,0,1.0344,12.08,0.53466
9.3634,7.7887,1.1384,1.0277,12.33,0
9.4731,7.8914,1.1351,1.0215,12.489,0
9.4731,7.9936,0,1.0198,12.642,0
9.4731,8.0956,0,1.0135,12.785,0
9.8054,8.1969,1.0728,1.0091,12.982,0
9.8054,8.2978,0,0.99925,13.137,0
10.025,8.3977,1.1056,1.001,13.292,0
10.13,8.4978,1.1044,0.99568,13.461,0
10.249,8.5974,1.1223,0.99816,13.617,0
10.249,8.6972,0,0.99682,13.777,0
10.458,8.7969,1.0414,0.98687,13.942,0
10.458,8.8956,0,0.97746,14.103,0
10.458,8.9933,0,0.96999,14.254,0
10.458,9.0903,0,0.97053,14.396,0
10.86,9.1874,1.0334,0.96365,14.614,0
10.86,9.2838,0,0.9642,14.776,0
10.86,9.3802,0,0.9621,14.929,0
10.86,9.4764,0,0.96042,15.072,0
10.86,9.5724,0,0.95572,15.206,0
10.86,9.668,0,0.94065,15.33,0
10.86,9.7621,0,0.92755,15.444,0.055688
11.523,9.8548,0.80057,0.91518,15.778,0
11.603,9.9463,0.80285,0.90316,15.936,0
11.603,10.037,0,0.89142,16.097,0
