32.5,32.5,-0.48037,0,35.5,1.6408
32.446,32.5,-0.14645,-0.010028,35.49,0.4665
32.446,32.499,0,-0.011169,35.485,0.086584
32.41,32.498,-0.28607,-0.016185,35.483,1.0041
32.41,32.496,0,-0.020618,35.475,0.13451
32.41,32.494,0,-0.026739,35.466,0.11678
32.41,32.492,0,-0.031668,35.458,0.10059
32.41,32.488,0,-0.036662,35.45,0.083451
32.253,32.485,-0.3237,-0.042795,35.432,1.4718
32.253,32.48,0,-0.048952,35.409,0.37293
32.253,32.476,0,-0.051949,35.386,0.35502
32.253,32.47,0,-0.053795,35.364,0.33931
32.169,32.465,-0.18316,-0.054937,35.319,1.0658
32.169,32.459,0,-0.056792,35.289,0.49424
32.169,32.454,0,-0.061184,35.261,0.4705
32.107,32.448,-0.35718,-0.063399,35.216,1.8678
32.107,32.441,0,-0.068115,35.182,0.56353
32.036,32.435,-0.68341,-0.074435,35.143,3.8779
32.036,32.427,0,-0.087519,35.104,0.64354
31.865,32.418,-1.2475,-0.10382,35.045,9.615
31.865,32.408,0,-0.12521,34.99,0.89746
31.591,32.395,-1.7264,-0.15177,34.908,17.709
31.591,32.38,0,-0.18265,34.828,1.3324
31.591,32.362,0,-0.2164,34.75,1.1873
31.026,32.34,-1.9887,-0.25145,34.59,25.293
31.026,32.315,0,-0.28445,34.46,2.3249
31.026,32.287,0,-0.31838,34.332,2.1253
30.45,32.255,-1.8138,-0.35195,34.12,23.819
30.274,32.22,-1.6002,-0.38265,33.931,20.395
30.274,32.181,0,-0.41076,33.738,3.6612
30.274,32.14,0,-0.43423,33.549,3.4337
30.274,32.097,0,-0.44923,33.365,3.2404
29.799,32.052,-0.37675,-0.45974,33.061,6.8674
29.799,32.006,0,-0.46251,32.838,4.3926
29.799,31.96,0,-0.46405,32.62,4.2334
29.712,31.913,-0.38405,-0.46224,32.403,6.6915
29.712,31.867,0,-0.46463,32.185,4.2129
29.712,31.821,0,-0.46817,31.972,4.0464
29.712,31.774,0,-0.471,31.763,3.8843
29.712,31.727,0,-0.46997,31.559,3.7404
29.712,31.68,0,-0.47247,31.36,3.5836
29.511,31.633,-0.25513,-0.47221,31.099,5.4581
29.489,31.585,-0.35951,-0.47128,30.878,6.0388
29.489,31.538,0,-0.47238,30.671,3.8376
29.401,31.491,-0.9151,-0.47942,30.443,10.741
29.401,31.443,0,-0.49302,30.237,3.7258
29.401,31.394,0,-0.51502,30.035,3.4821
29.03,31.342,-1.895,-0.54715,29.78,26.676
29.03,31.287,0,-0.58631,29.552,3.9965
29.03,31.229,0,-0.62665,29.329,3.6471
28.452,31.166,-1.8287,-0.66634,29.017,26.644
28.27,31.1,-1.6698,-0.70427,28.739,23.842
28.27,31.029,0,-0.7386,28.459,4.9271
28.27,30.955,0,-0.76457,28.187,4.5694
28.27,30.879,0,-0.78363,27.922,4.2468
28.27,30.8,0,-0.79692,27.665,3.9537
27.695,30.721,-0.85421,-0.81207,27.239,12.107
27.695,30.64,0,-0.82453,26.94,5.14
27.695,30.557,0,-0.83596,26.65,4.8188
27.695,30.474,0,-0.84899,26.368,4.4967
27.695,30.389,0,-0.86378,26.094,4.1742
27.695,30.302,0,-0.87925,25.829,3.857
27.695,30.214,0,-0.89384,25.573,3.5517
27.085,30.125,-1.0466,-0.913,25.118,13.465
27.085,30.034,0,-0.93456,24.819,4.6589
26.862,29.94,-1.1769,-0.95744,24.491,14.884
26.862,29.844,0,-0.98316,24.188,4.5576
26.862,29.746,0,-1.009,23.895,4.1601
26.476,29.645,-1.3493,-1.0395,23.564,16.972
26.476,29.541,0,-1.0672,23.252,4.4649
26.476,29.435,0,-1.0876,22.951,4.0763
26.476,29.326,0,-1.1072,22.661,3.7064
26.476,29.215,0,-1.1227,22.381,3.3664
26.476,29.103,0,-1.1375,22.113,3.0458
26.476,28.989,0,-1.1524,21.856,2.7441
26.476,28.874,0,-1.1807,21.61,2.4352
25.571,28.756,-1.3833,-1.2187,21.035,15.711
25.571,28.634,0,-1.2471,20.722,3.8029
25.305,28.509,-1.3077,-1.2776,20.402,14.21
25.305,28.381,0,-1.3102,20.088,3.6401
25.305,28.25,0,-1.3388,19.787,3.2475
25.305,28.116,0,-1.3667,19.499,2.8908
25.305,27.98,0,-1.4026,19.225,2.5599
24.602,27.84,-1.6275,-2,18.777,11.58
24.602,27.64,0,-2,18.463,2.7841
24.602,27.44,0,-2.0141,18.169,2.7374
24.602,27.238,0,-2.1235,17.896,3.0881
24.602,27.026,0,-2.0455,17.643,2.9647
24.602,26.821,0,-2,17.411,2.9754
23.584,26.621,-1.5199,-2,16.906,9.1791
23.434,26.421,-1.2881,-2,16.608,6.711
23.301,26.221,-1.1192,-2,16.306,5.2104
23.301,26.021,0,-2,16.024,2.7036
23.301,25.821,0,-2,15.762,2.75
23.301,25.621,0,-2,15.52,2.878
22.818,25.421,-1.0299,-2,15.209,3.6328
22.818,25.221,0,-2,14.959,2.8147
22.639,25.021,-0.68539,-2,14.71,2.2033
22.639,24.821,0,-2,14.482,3.0178
22.639,24.621,0,-2,14.274,3.2989
22.459,24.421,-0.50435,-2,14.047,1.9289
22.407,24.221,-0.58318,-2.9,13.855,9.6646
22.351,23.931,-0.60618,-2.9,13.691,11.416
22.351,23.641,0,-2.9,13.547,21.504
22.351,23.351,0,-2.9,13.433,25.832
22.351,23.061,0,-2.9,13.348,31.017
22.351,22.771,0,-2.9,13.291,37.238
22.351,22.481,0,-2.9,13.264,44.727
22.351,22.191,0,-2.9,13.265,53.791
22.351,21.901,0,-2.9,13.296,64.843
22.351,21.611,0,-2.9,13.355,78.457
22.351,21.321,0,-2.9,13.444,95.449
22.351,21.031,0,-2.9,13.561,117.02
22.351,20.741,0,-2.9,13.708,145.04
21.76,20.451,-0.47198,-2.9,13.534,128.2
21.715,20.161,-0.46446,-2.9,13.682,162.83
21.715,19.871,0,-2.9,13.852,174.3
21.636,19.581,-0.38979,-2.9,14.051,270.69
21.636,19.291,0,-2.9,14.271,271.53
21.636,19.001,0,0.43462,14.52,0
21.636,19.045,0,0.42815,14.781,0
21.636,19.088,0,0.42051,15.038,0
21.636,19.13,0,0.40968,15.291,0
21.413,19.171,-0.52457,0.3987,15.503,0
21.413,19.21,0,0.38624,15.725,0
21.413,19.249,0,0.37396,15.944,0
21.266,19.286,-0.45203,0.361,16.137,0
21.22,19.323,-0.37907,0.34858,16.327,0
21.22,19.357,0,0.33892,16.515,0
21.159,19.391,-0.43964,0.32939,16.702,0
21.106,19.424,-0.59269,0.31559,16.882,0
21.046,19.456,-0.49966,0.30007,17.042,0
21.046,19.486,0,0.28753,17.2,0
21.046,19.515,0,0.27454,17.354,0
21.046,19.542,0,0.26215,17.506,0
20.866,19.568,-0.25054,0.24973,17.604,0
20.866,19.593,0,0.24305,17.733,0
20.866,19.617,0,0.23362,17.859,0
20.796,19.641,-0.29015,0.2249,17.969,0
20.796,19.663,0,0.21737,18.083,0
20.796,19.685,0,0.2095,18.195,0
20.796,19.706,0,0.20359,18.305,0
20.796,19.726,0,0.19904,18.413,0
20.796,19.746,0,0.19363,18.519,0
20.796,19.766,0,0.183,18.623,0
20.796,19.784,0,0.17106,18.725,0
20.569,19.801,-0.95135,0.15329,18.754,2.4333
20.481,19.816,-1.1366,0.13294,18.816,4.222
20.367,19.83,-1.4241,0.10759,18.869,7.6694
20.367,19.84,0,0.077759,18.922,0
20.367,19.848,0,0.04434,18.975,0
20.367,19.853,0,0.011304,19.026,0
19.744,19.854,-1.8059,-0.033312,18.959,15.872
19.744,19.85,0,-0.090155,18.948,0.031738
19.744,19.841,0,-0.1397,18.938,0
19.216,19.827,-1.6266,-0.18757,18.861,14.37
19.216,19.809,0,-0.2353,18.8,0.72808
18.873,19.785,-1.7046,-0.28293,18.711,16.543
18.873,19.757,0,-0.33073,18.621,1.1427
18.873,19.724,0,-0.37796,18.534,0.95417
18.873,19.686,0,-0.4252,18.451,0.77602
18.15,19.643,-2.0449,-0.48012,18.22,24.934
18.15,19.595,0,-0.5357,18.073,1.9079
18.15,19.542,0,-0.59666,17.932,1.6169
18.15,19.482,0,-0.66254,17.795,1.3398
18.15,19.416,0,-0.7362,17.665,1.0851
18.15,19.342,0,-0.80888,17.542,0.88157
18.15,19.261,0,-0.87774,17.427,0.73955
18.15,19.174,0,-0.94891,17.32,0.66708
18.15,19.079,0,-1.0162,17.223,0.6751
18.15,18.977,0,-1.0861,17.135,0.78433
18.15,18.869,0,-1.1554,17.058,1.0103
18.15,18.753,0,-1.2285,16.992,1.3932
18.15,18.63,0,-1.3056,16.937,1.9758
18.15,18.5,0,-1.3844,16.896,2.7968
14.947,18.361,-2.2454,-1.4685,14.612,31.104
14.727,18.214,-2.2896,-1.5451,14.277,31.798
14.727,18.06,0,-4.4,13.936,44.394
14.727,17.62,0,-4.4,13.625,57.698
14.727,17.18,0,-4.4,13.357,75.704
14.727,16.74,0,-4.4,13.134,100.72
13.622,16.3,-1.941,-4.4,12.661,140.65
13.43,15.86,-1.8481,-4.4,12.411,341.12
13.43,15.42,0,-4.4,12.19,102.27
13.43,14.98,0,-4.4,12.013,139.13
12.877,14.54,-1.7261,-4.4,11.778,0
12.877,14.1,0,-4.4,11.634,178.68
12.877,13.66,0,-4.4,11.534,261.38
12.877,13.22,0,-4.4,11.478,417.95
12.877,12.78,0,-4.4,11.465,814.64
11.953,12.34,-1.9399,-0.16641,11.255,18.725
11.953,12.323,0,-0.24488,11.218,0.25396
11.953,12.299,0,-4.4,11.182,416.56
11.953,11.859,0,-0.2022,11.169,0
11.953,11.838,0,-0.26729,11.18,0
11.048,11.812,-1.6319,-0.32804,10.957,13.891
10.889,11.779,-1.6091,-5.2,10.881,0
10.889,11.259,0,-0.21871,10.818,0.30291
10.889,11.237,0,-0.27616,10.782,0.16275
10.889,11.209,0,-0.33852,10.748,0.032864
10.236,11.176,-1.736,-0.40166,10.595,15.912
10.236,11.135,0,-5.2,10.503,0
9.8906,10.615,-1.7793,-0.30228,10.401,16.388
9.8906,10.585,0,-0.36612,10.33,0.65659
9.5354,10.549,-1.6112,-5.2,10.225,0
9.5354,10.029,0,-0.26693,10.149,0.45191
9.5354,10.002,0,-0.32161,10.101,0.30326
9.5354,9.9697,0,-5.2,10.056,3125.7
9.5354,9.4497,0,-0.23374,10.039,0
9.5354,9.4264,0,-0.3105,10.049,0
9.5354,9.3953,0,-0.39157,10.061,0
9.5354,9.3562,0,-5.2,10.077,3124.5
7.9157,8.8362,-2.6984,-0.36454,9.5176,41.037
7.9157,8.7997,0,-0.4625,9.4274,0.84294
7.9157,8.7535,0,-5.2,9.3413,194.49
7.9157,8.2335,0,-0.44233,9.2835,0
7.9157,8.1892,0,-5.2,9.254,193.34
7.9157,7.6692,0,-0.4294,9.2526,0
7.9157,7.6263,0,-5.2,9.2794,192.18
7.9157,7.1063,0,-0.41444,9.3343,0
7.9157,7.0648,0,-0.51166,9.4173,0
7.9157,7.0137,0,-5.2,9.505,190.93
7.9157,6.4937,0,-5.2,9.6212,189.86
7.9157,5.9737,0,-0.38143,9.7894,1.3976
7.9157,5.9355,0,-0.47614,9.9855,2.47
7.9157,5.8879,0,-8.8,10.186,181.06
3.9911,5.0079,-2.7803,-0.30903,7.7055,10.349
3.9911,4.977,0,-0.39123,7.6054,1.219
3.9911,4.9379,0,-8.8,7.5088,0
3.9911,4.0579,0,-0.23395,7.4581,0
2.8992,4.0345,-2.5325,-0.30326,7.2329,9.0457
2.6484,4.0042,-2.4577,-0.36992,7.1055,9.0496
2.6484,3.9672,0,-8.8,6.9718,0
2.1833,3.0872,-2.3266,-0.19848,6.8363,7.6756
2.1833,3.0673,0,-0.25155,6.7469,1.362
2.1833,3.0422,0,-0.30512,6.6597,1.1514
2.1833,3.0117,0,-8.8,6.5754,0
1.2814,2.1317,-2.1425,-0.14187,6.336,6.6353
1.2814,2.1175,0,-0.17676,6.2517,1.4706
1.2814,2.0998,0,-0.21495,6.169,1.3082
1.2814,2.0783,0,-8.8,6.0882,0
0.44584,1.1983,-2.0418,-0.07601,5.8909,5.9071
0.23849,1.1907,-2.1084,-0.097986,5.8009,6.3836
0.23849,1.1809,0,-0.12138,5.7062,1.9459
0.23849,1.1688,0,-8.8,5.6125,0
-0.42678,0.28876,-2.6658,-2.6658,5.4686,1.5018
-0.42678,0.022181,0,-2.8683,5.4104,0
-0.98731,0,-2.8894,-2.8894,5.326,2.0589
-0.98731,0,0,-2.943,5.2417,0
-0.98731,0,0,-2.8872,5.1577,0
-0.98731,0,0,-8.8,5.0734,0
-0.98731,0,0,-8.8,5.0187,0
-0.98731,0,0,-8.8,4.9639,0
-0.98731,0,0,-8.8,4.9092,0
-0.98731,0,0,-8.8,4.8545,0
-3.5305,0,-3.5967,-8.8,3.8391,0
-3.5305,0,0,-8.8,3.5301,0
-3.5305,0,0,-8.8,3.221,0
-3.5305,0,0,-8.8,2.912,0
-4.9617,0,-3.5993,-8.931,2.3087,0
-4.9617,0,0,-11.292,1.8572,0
-4.9617,0,0,-15.459,1.4175,0
-4.9617,0,0,-24.997,0.99859,0
-4.9617,0,0,-61.742,0.6274,0
-4.9617,0,0,-11871,0.43994,0
-4.9617,0,0,7.8,59.301,26.596
-7.4432,0.78,-3.5535,7.8,57.9,40.749
-7.4432,1.56,0,7.8,57.039,34.881
-7.4432,2.34,0,7.8,56.1,36.48
-7.4432,3.12,0,7.8,55.083,38.079
-7.4432,3.9,0,7.8,53.987,39.678
-7.4432,4.68,0,7.8,52.814,41.277
-7.4432,5.46,0,7.8,51.563,42.876
-7.4432,6.24,0,6.7,50.233,42.164
-10.38,6.91,-3.6443,6.7,47.681,57.215
-10.38,7.58,0,6.7,45.918,50.931
-10.38,8.25,0,6.7,44.089,52.305
-10.38,8.92,0,6.7,42.192,53.678
-10.38,9.59,0,6.7,40.229,55.052
-10.38,10.26,0,6.7,38.198,56.425
-10.38,10.93,0,6.7,36.101,57.799
-12.507,11.6,-1.4219,-1.6358,33.129,49.004
-12.507,11.436,0,-1.8229,30.726,45.288
-12.507,11.254,0,-2.0413,28.341,44.455
-12.507,11.05,0,-2.298,25.975,43.497
-12.507,10.82,0,-2.6082,23.631,42.374
-12.507,10.559,0,-2.9871,21.312,41.043
-12.507,10.261,0,-3.4625,19.02,39.432
-12.772,9.9144,-0.059276,-4.0705,16.582,38.113
-12.783,9.5074,-0.12381,-4.8633,14.33,35.772
-12.783,9.021,0,-5.9359,12.126,32.261
-12.783,8.4275,0,-7.4142,9.975,27.938
-12.783,7.686,0,-26.653,7.891,0
-12.808,5.0208,0.16993,-26.533,5.9518,0
-12.808,2.3675,0,-26.396,4.3016,0
-12.808,0,0,-27.533,2.916,0
-12.714,0,0.43445,-45.268,1.7683,0
-12.714,0,0,-109.91,0.72332,0
-12.636,0,0.40948,-4153.2,0.019219,0
-12.602,0,0.40231,0.40231,19.522,25.868
-12.602,0.040231,0,0.40886,18.259,26.81
-12.602,0.081117,0,0.46732,16.993,27.017
-12.602,0.12785,0,0.49668,15.723,27.174
-12.419,0.17752,0.4218,0.4218,14.477,25.858
-12.419,0.2197,0,0.35012,13.215,26.68
-12.419,0.25471,0,0.33924,11.95,26.729
-12.419,0.28863,0,0.3175,10.68,26.753
-12.278,0.32038,0.34967,0.34967,9.4635,25.861
-12.278,0.35535,0,0.4198,8.2019,26.815
-12.211,0.39733,0.48022,0.48022,6.9452,25.882
-12.161,0.44535,0.49858,0.49858,5.6882,25.878
-12.161,0.49521,0,-17.453,4.425,0
-12.066,0,0.47923,-21.864,3.2581,0
-12.017,0,0.50879,-32.783,2.169,0
-11.964,0,0.54412,-62.463,1.1359,0
-11.904,0,0.61373,-277.57,0.2547,0
-11.904,0,0,-154.19,0.45213,0
-11.802,0,-0.43681,-1505,0.04629,0
-11.802,0,0,-1.1489,6.3911,21.816
-11.802,0,0,-0.79807,5.2166,22.553
-11.802,0,0,-19.047,4.0404,0
-11.802,0,0,-26.416,2.9554,0
-11.802,0,0,-41.989,1.9073,0
-11.802,0,0,-95.244,0.93698,0
-12.321,0,-1.2234,-1580,0.048079,0
-12.321,0,0,-2.0139,6.7158,21.061
-12.648,0,-2.5054,-2.5054,5.4827,25.964
-12.907,0,-2.8193,-22.533,4.2256,0
-12.907,0,0,-31.544,3.0475,0
-12.907,0,0,-51.024,1.9145,0
-12.907,0,0,-125.65,0.87886,0
-13.907,0,-1.2706,-6100.4,0.015855,0
-13.907,0,0,7.8,29.127,44.934
-13.907,0.78,0,7.8,27.697,46.533
-13.907,1.56,0,7.8,26.19,48.132
-13.907,2.34,0,7.8,24.604,49.731
-13.907,3.12,0,-0.52847,22.94,33.83
-13.907,3.0672,0,-0.59109,21.24,33.59
-13.907,3.008,0,-0.66649,19.546,33.31
-13.907,2.9414,0,-0.75696,17.858,32.983
-14.373,2.8657,0.17571,-0.86826,15.893,33.18
-14.373,2.7789,0,-1.0087,14.173,33.076
-14.373,2.678,0,-1.1869,12.463,32.495
-14.373,2.5593,0,-1.4251,10.764,31.751
-14.373,2.4168,0,-1.7539,9.0781,30.768
-14.373,2.2414,0,-2.2207,7.4079,29.427
-14.373,2.0193,0,-22.045,5.7576,0
-14.373,0,0,-22.658,4.2287,0
-14.373,0,0,-32.417,2.9047,0
-14.373,0,0,-54.973,1.6295,0
-14.373,0,0,-151.37,0.46712,0
-14.373,0,0,-16212,-0.21328,0
-14.373,0,0,7.8,79.408,45.889
-14.373,0.78,0,7.8,77.932,47.488
-13.804,1.56,0.39561,7.8,76.743,47.09
-13.804,2.34,0,7.8,75.168,49.521
-13.804,3.12,0,7.8,73.515,51.12
-13.804,3.9,0,7.8,71.783,52.719
-13.804,4.68,0,7.8,69.974,54.318
-13.804,5.46,0,7.8,68.086,55.917
-13.6,6.24,0.22346,6.7,66.174,54.315
-13.6,6.91,0,6.7,64.156,56.158
-13.6,7.58,0,6.7,62.072,57.532
-13.6,8.25,0,6.7,59.921,58.905
-13.6,8.92,0,6.7,57.702,60.279
-13.515,9.59,-0.048894,6.7,55.429,61.581
-13.515,10.26,0,6.7,53.085,62.852
-13.515,10.93,0,6.7,50.674,64.225
-13.533,11.6,0.043596,6.7,48.202,65.545
-13.531,12.27,0.14009,4.8,45.656,62.718
-13.531,12.75,0,4.8,43.052,63.996
-13.488,13.23,0.20731,4.8,40.403,64.458
-13.461,13.71,0.24446,-1.783,37.717,51.476
-13.461,13.532,0,-1.9722,35.009,51.227
-13.409,13.334,0.23058,-2.1973,32.321,49.758
-13.409,13.115,0,-2.4641,29.657,49.232
-13.409,12.868,0,-2.7847,27.017,48.053
-13.336,12.59,0.20072,-3.1773,24.428,46.084
-13.336,12.272,0,-3.6655,21.851,44.829
-13.304,11.906,0.2746,-4.2839,19.319,42.136
-13.282,11.477,0.36069,-5.087,16.811,39.345
-13.282,10.969,0,-6.1441,14.361,36.839
-13.191,10.354,0.44325,-7.5816,11.969,31.441
-13.191,9.5959,0,-26.327,9.6524,0
-13.191,6.9633,0,-26.401,7.5053,0
-13.191,4.3231,0,-26.435,5.6219,0
-13.191,1.6796,0,-26.454,4.0026,0
-13.191,0,0,-30.889,2.6478,0
-13.191,0,0,-53.408,1.4831,0
-13.191,0,0,-156.58,0.43101,0
-13.191,0,0,-2648.6,-0.10524,0
-12.845,0,0.37828,0.37828,11.983,26.368
-12.802,0.037828,0.38578,0.38578,10.696,26.357
-12.76,0.076406,0.45069,0.45069,9.4097,26.35
-12.76,0.12148,0,0.50049,8.1238,27.494
-12.76,0.17152,0,0.54174,6.8331,27.683
-12.76,0.2257,0,0.57283,5.5372,27.86
-12.76,0.28298,0,-18.647,4.2358,0
-12.76,0,0,-24.641,3.0247,0
-12.76,0,0,-38.578,1.8719,0
-12.76,0,0,-82.856,0.78874,0
-12.76,0,0,-853.99,-0.073004,0
-12.254,0,0.69355,-23.231,3.1381,0
-12.254,0,0,-35.687,2.0289,0
-12.254,0,0,-72.63,0.98193,0
-12.254,0,0,-484.34,0.11969,0
-12.254,0,0,-51.807,1.316,0
-12.254,0,0,-165.11,0.34964,0
-11.841,0,0.69941,-1015.5,0.068979,0
-11.841,0,0,-16.797,3.9626,0
-11.695,0,0.59394,-23.233,2.8701,0
-11.695,0,0,-36.541,1.8168,0
-11.59,0,0.40436,-78.376,0.85255,0
-11.552,0,0.15866,-711.86,0.093703,0
-11.528,0,0.084275,-26.517,2.4979,0
-11.528,0,0,-44.513,1.4777,0
-11.528,0,0,-119.43,0.54746,0
-11.528,0,0,9.8,0.99357,44.26
-11.528,0.98,0,9.8,0.98595,46.269
-11.528,1.96,0,9.8,0.9783,48.278
-11.528,2.94,0,9.8,0.96181,50.287
-11.288,3.92,0.28715,9.8,1,51.2
-11.288,4.9,0,9.8,0.99703,53.813
-11.245,5.88,0.40892,9.8,1,54.874
-11.245,6.86,0,9.8,1.0033,57.742
-11.165,7.84,0.47687,9.8,1,58.585
-11.165,8.82,0,9.8,0.99161,61.596
-11.165,9.8,0,9.8,0.98028,63.605
-11.165,10.78,0,9.8,0.96148,65.614
-11.165,11.76,0,9.8,0.9447,67.623
-11.165,12.74,0,9.8,0.91881,69.632
-11.165,13.72,0,9.8,0.89347,71.641
-11.165,14.7,0,9.8,0.85838,73.65
