0,0,2.1279,0,35.5,0
0,0,0,7.8,35.5,59.103
0,0.78,0,7.8,35.461,63.94
0,1.56,0,7.8,35.344,68.834
0,2.34,0,7.8,35.149,73.779
0,3.12,0,7.8,34.876,78.774
0,3.9,0,7.8,34.525,83.814
0,4.68,0,7.8,34.096,88.898
0,5.46,0,7.8,33.589,94.022
1.53,6.24,1.3942,6.7,33.748,67.273
1.53,6.91,0,6.7,33.243,98.82
1.8022,7.58,1.2049,6.7,32.701,77.586
1.8022,8.25,0,6.7,32.089,106.54
1.8022,8.92,0,-0.38433,31.411,28.313
1.8022,8.8816,0,-0.39118,30.701,28.027
2.1051,8.8424,0.025536,-0.40017,30.068,25.684
2.1007,8.8024,-0.23852,-0.41127,29.391,28.81
2.1007,8.7613,0,-0.42406,28.723,25.348
2.0232,8.7189,-0.60469,-0.43951,28.041,33.882
1.9584,8.6749,-0.71254,-0.45631,27.372,35.576
1.9584,8.6293,0,-0.47444,26.702,24.935
1.796,8.5819,-1.1076,-0.49514,26.028,27.956
1.796,8.5324,0,-0.51896,25.352,24.885
1.796,8.4805,0,-0.54561,24.681,24.352
1.796,8.4259,0,-0.57663,24.015,23.768
1.796,8.3682,0,-0.61252,23.355,23.127
1.0002,8.307,-2.4313,-0.6539,22.514,26.544
1.0002,8.2416,0,-0.70034,21.787,26.009
0.50503,8.1716,-2.8897,-0.75457,21.025,26.688
0.22433,8.0961,-3.0335,-0.81647,20.244,26.748
-0.084879,8.0145,-3.155,-0.88722,19.456,27.321
-0.40855,7.9257,-3.1758,-0.96862,18.634,27.675
-0.72246,7.8289,-3.1619,-1.0587,17.79,27.902
-0.72246,7.723,0,-1.1603,16.941,20.827
-0.72246,7.607,0,-1.276,16.102,20.346
-0.72246,7.4794,0,-1.4069,15.275,19.81
-0.72246,7.3387,0,-1.5584,14.462,19.203
-0.72246,7.1829,0,-1.7313,13.664,18.52
-0.72246,7.0097,0,-1.933,12.882,17.741
-0.72246,6.8164,0,-2.1715,12.118,16.844
-0.72246,6.5993,0,-2.4489,11.375,15.816
-3.4113,6.3544,-2.165,-2.7695,9.3907,24.702
-3.4113,6.0774,0,-3.14,8.428,18.806
-3.4113,5.7634,0,-8.8,7.4948,6.2693
-3.4113,4.8834,0,-8.8,6.6214,4.4653
-3.9923,4.0034,-0.24689,-8.8,5.6818,4.3713
-4.0107,3.1234,0.058012,-8.8,4.924,1.9643
-4.0107,2.2434,0,-8.8,4.2546,0.2822
-4.0107,1.3634,0,-8.8,3.6732,0
-4.0107,0.48343,0,-8.8,3.1797,0
-3.9223,0,-0.043432,-8.8,2.7842,0
-3.9182,0,-0.24537,-8.8,2.4373,0
-3.9182,0,0,-8.8,2.0895,0
-3.9182,0,0,-8.8,1.7416,0
-3.9182,0,0,-8.8,1.3938,0
-3.9182,0,0,-9.494,1.046,0
-3.9182,0,0,-15.219,0.70164,0
-3.9182,0,0,-33.944,0.38591,0
-4.4926,0,-1.1752,-442.72,0.022855,0
-4.4926,0,0,-8.8,1.7872,0
-4.4926,0,0,-9.2698,1.3819,0
-4.4926,0,0,-13.506,0.97903,0
-4.4926,0,0,-25.143,0.5973,0
-4.4926,0,0,-107.28,0.27376,0
-4.4926,0,0,-84.444,0.3609,0
-5.1051,0,-0.25535,-194.02,0.067251,0
-5.1356,0,-0.089759,-24.715,0.53551,0
-5.1356,0,0,-89.293,0.14553,0
-5.137,0,0.15191,-167,0.078935,0
-5.137,0,0,-32.891,0.40025,0
-5.137,0,0,-218.87,0.051002,0
-5.137,0,0,-19.512,0.63163,0
-5.137,0,0,-53.657,0.21549,0
-5.137,0,0,-54916,-0.02992,0
-5.137,0,0,7.8,274.04,32.873
-4.8222,0.78,0.82381,7.8,273.56,32.095
-4.7392,1.56,0.80649,7.8,272.97,33.561
-4.6634,2.34,0.69756,7.8,272.3,35.233
-4.6634,3.12,0,7.8,271.56,38.298
-4.6634,3.9,0,7.8,270.74,39.897
-4.6634,4.68,0,7.8,269.84,41.496
-4.6634,5.46,0,7.8,268.87,43.095
-4.6634,6.24,0,6.7,267.82,42.383
-4.6634,6.91,0,6.7,266.69,43.756
-4.6634,7.58,0,6.7,265.5,45.13
-4.3098,8.25,0.21267,6.7,264.42,45.331
-4.3098,8.92,0,6.7,263.13,47.152
-4.2699,9.59,0.20429,6.7,261.79,48.014
-4.2699,10.26,0,6.7,260.37,49.817
-4.2699,10.93,0,6.7,258.88,51.19
-4.1888,11.6,0.20587,6.7,257.36,51.965
-4.1888,12.27,0,4.8,255.75,49.779
-4.1888,12.75,0,4.8,254.08,50.763
-4.1888,13.23,0,4.8,252.36,51.747
-4.0796,13.71,0.45571,4.8,250.61,51.549
-4.0796,14.19,0,4.8,248.8,53.491
-4.0796,14.67,0,4.8,246.95,54.475
-4.0796,15.15,0,4.8,245.05,55.459
-4.0796,15.63,0,4.8,243.11,56.443
-3.731,16.11,0.93238,4.8,241.2,54.753
-3.6378,16.59,0.91389,4.8,239.19,55.585
-3.6378,17.07,0,4.8,237.14,58.489
-3.6378,17.55,0,4.8,235.05,59.473
-3.6378,18.03,0,4.8,232.9,60.457
-3.6378,18.51,0,4.8,230.71,61.441
-3.2002,18.99,0.8833,4.8,228.6,59.672
-3.2002,19.47,0,4.8,226.36,62.512
-3.2002,19.95,0,4.8,224.06,63.496
-3.2002,20.43,0,4.8,221.73,64.48
-3.2002,20.91,0,4.8,219.34,65.464
-2.6799,21.39,1.2544,4.8,217.03,62.746
-2.6799,21.87,0,4.8,214.6,66.365
-2.6799,22.35,0,4.8,212.12,67.349
-2.6799,22.83,0,4.8,209.59,68.333
-2.6799,23.31,0,4.8,207.02,69.317
-2.6799,23.79,0,4.8,204.39,70.301
-2.6799,24.27,0,4.8,201.72,71.285
-2.6799,24.75,0,4.8,199,72.269
-2.6799,25.23,0,4.8,196.24,73.253
-2.6799,25.71,0,4.8,193.42,74.237
-2.6799,26.19,0,4.8,190.56,75.221
-1.6202,26.67,0.74405,4.8,188.32,72.47
-1.6202,27.15,0,4.8,185.46,75.017
-1.6202,27.63,0,4.8,182.56,76.001
-1.6202,28.11,0,4.8,179.61,76.985
-1.1718,28.59,1.8469,4.8,176.68,73.169
-1.1718,29.07,0,-2,173.68,63.745
-0.77346,28.87,2.2784,4.8,170.68,72.02
-0.77346,29.35,0,-2,167.7,63.503
-0.31261,29.15,1.9219,-2,164.75,58.11
-0.31261,28.95,0,4.8,161.81,76.027
0.0067896,29.43,0.50483,-2,158.88,150.75
0.05233,29.23,-0.26134,-2,155.96,155.62
0.032751,29.03,-0.91946,4.8,153.04,228.61
-0.049921,29.51,-1.3393,-2,150.11,216.36
-0.17629,29.31,-1.461,-2,147.15,216.46
-0.32016,29.11,-1.3472,-2,144.21,216.11
-0.44999,28.91,-1.1852,4.8,141.27,229.91
-0.44999,29.39,0,-2,138.31,214.12
-0.44999,29.19,0,-2,135.34,213.71
-0.44999,28.99,0,4.8,132.38,227.59
-0.85253,29.47,-0.65058,-2,129.35,216.47
-0.85253,29.27,0,-2,126.32,214.7
-0.85253,29.07,0,-2,123.32,214.29
-0.85253,28.87,0,4.8,120.34,228.16
-0.85253,29.35,0,-2,117.34,214.86
-0.85253,29.15,0,-2,114.33,214.45
-0.85253,28.95,0,4.8,111.34,228.33
-0.85253,29.43,0,-2,108.34,215.02
-0.85253,29.23,0,-2,105.32,214.61
-0.85253,29.03,0,4.8,102.32,228.49
-0.458,29.51,-0.61314,-2,99.384,215.67
-0.458,29.31,0,-2,96.397,213.97
-0.64935,29.11,-1.793,-2,93.42,217.72
-0.82393,28.91,-2.1134,4.8,90.44,232.63
-0.82393,29.39,0,-2,87.442,214.88
-1.2578,29.19,-2.2693,-2,84.384,220.13
-1.2578,28.99,0,4.8,81.349,229.24
-1.2578,29.47,0,-2,78.3,215.94
-1.2578,29.27,0,-2,75.238,215.53
-1.2578,29.07,0,-2,72.195,215.12
-1.2578,28.87,0,4.8,69.172,229
-1.2578,29.35,0,-2,66.135,215.69
-2.3052,29.15,-0.5305,-2,62.663,218.54
-2.3618,28.95,-0.47718,4.8,59.525,232.43
-2.4132,29.43,-0.42383,-2.4573,56.366,218.15
-2.4132,29.184,0,-2.6635,53.194,216.33
-2.4132,28.918,0,-2.8967,50.047,215.29
-2.4132,28.628,0,-3.1617,46.929,214.14
-2.4132,28.312,0,-3.4671,43.84,212.85
-2.4132,27.965,0,-3.823,40.785,211.39
-2.4132,27.583,0,-4.2352,37.766,209.74
-2.4132,27.16,0,-4.7164,34.788,207.86
-2.4132,26.688,0,-5.2849,31.854,205.7
-2.8135,26.159,-0.30761,-5.9627,28.797,204.66
-2.8135,25.563,0,-6.7813,25.929,201.07
-2.8135,24.885,0,-7.7723,23.126,197.6
-2.9068,24.108,-0.40712,-7.84,20.391,196.91
-2.9068,23.324,0,-7.84,17.728,194.45
-2.9068,22.54,0,-22.142,15.145,162.79
-3.0509,20.326,-0.73702,-22.286,12.679,159.79
-3.1166,18.097,-0.86021,-22.405,10.444,155.36
-3.1166,15.856,0,-22.538,8.4343,148.68
-3.2968,13.603,-1.0776,-22.636,6.6238,146.49
-3.4032,11.339,-1.1833,-22.763,5.0356,142.03
-3.4032,9.0628,0,-22.81,3.6752,134.77
-3.644,6.7818,-1.3576,-22.954,2.5166,133.14
-3.7728,4.4864,-1.4567,-23.142,1.5728,128.51
-3.9207,2.1722,-1.5103,-22.975,0.86476,124.54
-3.9207,0,0,-24.87,0.37035,112.93
-3.9207,0,0,-137.71,0.10263,0
-3.9207,0,0,-31.36,0.39909,99.291
-3.9207,0,0,-402.16,0.16382,0
-3.9207,0,0,-8.8,1.7826,146.69
-3.9207,0,0,-11.732,1.4345,140.53
-4.9991,0,-1.6759,-18.981,0.72209,131.03
-4.9991,0,0,-45.699,0.31708,71.371
-4.9991,0,0,-985.71,0.045664,0
-4.9991,0,0,-8.8,4.4743,148.9
-5.7871,0,-2.3175,-8.8,3.8697,155.39
-5.7871,0,0,-8.8,3.335,150.52
-5.7871,0,0,-9.4055,2.8003,149.25
-5.7871,0,0,-11.988,2.2686,143.82
-5.7871,0,0,-16.628,1.7498,134.07
-6.9696,0,-2.3865,-26.926,0.98975,119.87
-6.9696,0,0,-65.042,0.42742,34.765
-6.9696,0,0,-1970.6,0.055674,0
-6.9696,0,0,-2.298,9.2119,166.61
-6.9696,0,0,-2.2504,8.5264,166.71
-6.9696,0,0,-2.1349,7.8407,166.95
-6.9696,0,0,-2.0311,7.1544,167.17
-6.9696,0,0,-1.9867,6.4676,167.26
-6.9696,0,0,-1.9339,5.7806,167.37
-6.9696,0,0,-11.277,5.0933,147.74
-6.9696,0,0,-13.958,4.4527,142.11
-6.9696,0,0,-18.501,3.8255,132.56
-6.9696,0,0,-27.588,3.2211,113.47
-9.4828,0,-0.7524,-52.992,0.86067,66.818
-9.4828,0,0,-272.36,0.17736,0
-9.4828,0,0,-81.75,0.59088,4.8105
-9.6568,0,-0.47215,-2019.9,0.023089,0
-9.6568,0,0,-0.39611,9.1568,176.11
-9.7398,0,-0.41919,-0.41919,8.1806,177.11
-9.7398,0,0,-0.58626,7.2087,175.88
-9.7398,0,0,-0.69471,6.2377,175.65
-9.8927,0,-0.72039,-0.72039,5.2544,177.43
-9.9586,0,-0.78685,-12.423,4.2616,153.11
-9.9586,0,0,-16.113,3.3279,143.71
-10.139,0,-0.96418,-22.482,2.3889,132.72
-10.231,0,-0.90294,-36.301,1.4784,103.74
-10.231,0,0,-84.207,0.63687,1.1804
-10.231,0,0,-1790.2,0.034832,0
-10.231,0,0,-0.89824,7.9627,176.23
-10.231,0,0,-0.80482,6.9442,176.43
-10.231,0,0,-0.78035,5.9251,176.48
-10.735,0,-0.84954,-12.977,4.7514,153.67
-10.823,0,-0.82009,-16.525,3.7293,146.33
-10.911,0,-0.7185,-22.563,2.725,133.61
-10.911,0,0,-35.095,1.7467,105.77
-10.911,0,0,-75.29,0.83103,21.311
-10.911,0,0,-711.25,0.11638,0
-10.911,0,0,-24.774,2.5815,127.46
-11.17,0,-0.24272,-40.694,1.5421,95.046
-11.193,0,-0.24561,-101.65,0.61776,0
-11.193,0,0,9.8,1.0084,200.69
-11.193,0.98,0,9.8,1.008,202.7
-11.193,1.96,0,9.8,1.0194,204.7
-11.193,2.94,0,9.8,1.0312,206.71
-11.193,3.92,0,9.8,1.0335,208.72
-11.193,4.9,0,9.8,1.0492,210.73
-11.193,5.88,0,9.8,1.0694,212.74
-11.193,6.86,0,9.8,1.0768,214.75
-11.293,7.84,0.23327,9.8,1,216.47
-11.276,8.82,0.22634,9.8,1,218.46
-11.276,9.8,0,9.8,0.99052,220.95
-11.276,10.78,0,9.8,0.98588,222.95
-11.276,11.76,0,9.8,0.9745,224.96
-11.276,12.74,0,9.8,0.96923,226.97
-11.276,13.72,0,9.8,0.9669,228.98
-11.276,14.7,0,9.8,0.96251,230.99
-11.276,15.68,0,9.8,0.94278,233
-11.276,16.66,0,9.8,0.94128,235.01
-11.208,17.64,-0.34714,9.8,1,237.61
-11.208,18.62,0,9.8,0.99935,238.89
-11.208,19.6,0,9.8,1.0134,240.9
-11.208,20.58,0,9.8,1.0253,242.9
-11.208,21.56,0,9.8,1.0354,244.91
-11.208,22.54,0,9.8,1.0548,246.92
-11.208,23.52,0,9.8,1.0742,248.93
-11.208,24.5,0,9.8,1.0975,250.94
-11.532,25.48,-0.46368,9.8,1,254.59
-11.532,26.46,0,9.8,0.99506,255.62
-11.629,27.44,-0.29226,9.8,1,258.45
-11.666,28.42,-0.26194,9.8,1,260.47
-11.666,29.4,0,9.8,0.99272,261.93
-11.695,30.38,-0.13464,9.8,1,264.28
-11.695,31.36,0,9.8,0.99935,266
-11.695,32.34,0,9.8,1.0042,268.01
-11.695,33.32,0,9.8,1.011,270.02
-11.74,34.3,0.077546,9.8,1,271.96
-11.74,35.28,0,9.8,0.9922,274.13
-11.74,36.26,0,9.8,0.99273,276.14
-11.74,37.24,0,9.8,0.97953,278.15
-11.74,38.22,0,9.8,0.97782,280.16
-11.627,39.2,0.3307,9.8,1,281.24
-11.627,40.18,0,9.8,0.99278,283.94
-11.57,41.16,0.2509,9.8,1,285.31
-11.545,42.14,0.31007,9.8,1,287.14
-11.545,43.12,0,9.8,0.99894,289.8
-11.545,44.1,0,9.8,1.0022,291.81
-11.545,45.08,0,9.8,0.9893,293.82
-11.545,46.06,0,9.8,0.97009,295.83
-11.545,47.04,0,9.8,0.93689,297.84
-11.545,48.02,0,9.8,0.89462,299.85
-11.545,49,0,9.8,0.83776,301.86
-11.545,49.98,0,9.8,0.76858,303.87
-10.531,50.96,1.1741,9.8,1,301.33
-10.531,51.94,0,9.8,1.0007,305.81
-10.531,52.92,0,9.8,0.99078,307.81
-10.531,53.9,0,9.8,0.97549,309.82
-10.531,54.88,0,9.8,0.95538,311.83
-10.468,55.86,-1.6344,9.8,1,317.15
-10.468,56.84,0,9.8,1.0026,315.72
-10.468,57.82,0,9.8,1.0375,317.73
-10.468,58.8,0,9.8,1.078,319.74
-10.468,59.78,0,9.8,1.1583,321.75
-10.468,60.76,0,9.8,1.2588,323.76
-10.468,61.74,0,9.8,1.3738,325.77
-10.468,62.72,0,9.8,1.5065,327.78
-10.468,63.7,0,9.8,1.6528,329.78
-10.468,64.68,0,9.8,1.8024,331.79
-10.468,65.66,0,9.8,1.9596,333.8
-10.468,66.64,0,9.8,2.1284,335.81
-12.206,67.62,-0.83498,9.8,1,343.14
-12.294,68.6,-1.0596,9.8,1,345.8
-12.294,69.58,0,9.8,1.0131,345.58
-12.294,70.56,0,9.8,1.0367,347.59
-12.65,71.54,-1.4168,9.8,1,353.31
-12.65,72.52,0,9.8,1.0125,352.34
-12.65,73.5,0,9.8,1.0273,354.35
-12.65,74.48,0,9.8,1.0611,356.36
-12.65,75.46,0,9.8,1.1193,358.36
-12.65,76.44,0,9.8,1.2028,360.37
-12.65,77.42,0,9.8,1.3038,362.38
-12.65,78.4,0,9.8,1.4425,364.39
-12.65,79.38,0,9.8,1.6052,366.4
-14.581,80.36,-2.1519,9.8,1,376.89
-14.581,81.34,0,9.8,1.019,374.38
-14.581,82.32,0,9.8,1.042,376.39
-15.096,83.3,-0.93332,9.8,1,381.41
-15.183,84.28,-0.7711,9.8,1,383.26
-15.265,85.26,-0.5172,9.8,1,384.9
-15.265,86.24,0,9.8,1.012,385.83
-15.265,87.22,0,9.8,1.0198,387.83
-15.265,88.2,0,9.8,1.0374,389.84
-15.398,89.18,0.021814,9.8,1,392.08
-15.398,90.16,0,9.8,1.0069,394.13
-15.398,91.14,0,9.8,0.99825,396.14
-15.398,92.12,0,9.8,0.99679,398.15
-15.481,93.1,-0.93482,9.8,1,402.3
-15.481,94.08,0,9.8,1.0121,402.34
-15.481,95.06,0,9.8,1.0267,404.35
-15.481,96.04,0,9.8,1.0697,406.36
-15.481,97.02,0,9.8,1.1275,408.37
-15.481,98,0,9.8,1.2059,410.38
-15.481,98.98,0,9.8,1.3109,412.39
-15.481,99.96,0,9.8,1.4441,414.39
-15.481,100.94,0,9.8,1.5901,416.4
-17.237,101.92,-0.87926,9.8,1,423.86
-17.328,102.9,-0.86723,9.8,1,426.03
-17.414,103.88,-1.0098,9.8,1,428.51
-17.518,104.86,-1.3396,9.8,1,431.43
-17.518,105.84,0,9.8,0.99683,430.62
-17.805,106.82,-2.0194,9.8,1,437.46
-18.014,107.8,-2.2323,9.8,1,440.35
-18.241,108.78,-2.2283,9.8,1,442.81
-18.241,109.76,0,9.8,1.0086,440.14
-18.241,110.74,0,9.8,1.0334,442.15
-18.241,111.72,0,9.8,1.0986,444.16
-18.241,112.7,0,9.8,1.1786,446.17
-18.241,113.68,0,9.8,1.2862,448.18
-18.241,114.66,0,9.8,1.408,450.19
-18.241,115.64,0,9.8,1.5423,452.2
-18.241,116.62,0,9.8,1.7058,454.2
-20.009,117.6,-0.69384,9.8,1,461.3
-20.079,118.58,-0.39362,9.8,1,462.82
-20.079,119.56,0,9.8,1.0045,464
-20.147,120.54,0.04135,9.8,1,466.06
-20.147,121.52,0,9.8,1.0041,468.16
-20.147,122.5,0,9.8,0.99502,470.17
-20.098,123.48,0.23293,9.8,1,471.58
-20.098,124.46,0,9.8,1.0041,474.08
-20.054,125.44,0.11742,9.8,1,475.76
-20.045,126.42,-0.013509,9.8,1,478.02
-20.045,127.4,0,9.8,0.99752,480
-20.045,128.38,0,9.8,0.99095,482.01
-20.056,129.36,-0.10634,9.8,1,484.27
-20.056,130.34,0,9.8,1.0092,486.05
-20.056,131.32,0,9.8,1.0084,488.06
-20.057,132.3,-0.010085,9.8,1,490.09
-20.05,133.28,-0.026648,9.8,1,492.12
-20.05,134.26,0,9.8,0.99916,494.08
-20.062,135.24,-0.089865,9.8,1,496.3
-20.062,136.22,0,9.8,0.99107,498.12
-20.062,137.2,0,9.8,0.98775,500.13
-20.08,138.18,-0.039863,9.8,1,502.26
-20.08,139.16,0,9.8,1.0022,504.18
-20.064,140.14,0.18705,9.8,1,505.77
-20.064,141.12,0,9.8,1.0015,508.17
-20.064,142.1,0,9.8,1.005,510.18
-20.064,143.08,0,9.8,1.0104,512.19
-20.064,144.06,0,9.8,1.0105,514.19
-20.064,145.04,0,9.8,1.0029,516.2
-20.064,146.02,0,9.8,0.99835,518.21
-20.064,147,0,9.8,1.0054,520.22
-20.064,147.98,0,9.8,1.005,522.23
-20.163,148.96,-0.19756,9.8,1,524.86
-20.175,149.94,-0.18573,9.8,1,526.87
-20.175,150.92,0,9.8,1.0038,528.48
-20.212,151.9,-0.17834,9.8,1,530.94
-20.212,152.88,0,9.8,1.0032,532.58
-20.212,153.86,0,9.8,1.0132,534.59
-20.212,154.84,0,9.8,1.0195,536.6
-20.212,155.82,0,9.8,1.0202,538.61
-20.212,156.8,0,9.8,1.021,540.61
-20.212,157.78,0,9.8,1.024,542.62
-20.212,158.76,0,9.8,1.0419,544.63
-20.212,159.74,0,9.8,1.0539,546.64
-20.426,160.72,-0.57858,9.8,1,550.31
-20.426,161.7,0,9.8,1.0092,551.1
-20.426,162.68,0,9.8,1.0093,553.11
-20.426,163.66,0,9.8,1.0229,555.12
-20.426,164.64,0,9.8,1.0499,557.13
-20.426,165.62,0,9.8,1.0792,559.13
-20.798,166.6,-0.68044,9.8,1,563.34
-20.798,167.58,0,9.8,0.99552,563.92
-20.798,168.56,0,9.8,1.0011,565.92
-20.798,169.54,0,9.8,1.0205,567.93
-20.798,170.52,0,9.8,1.0489,569.94
-20.798,171.5,0,9.8,1.0649,571.95
-20.798,172.48,0,9.8,1.0987,573.96
-20.798,173.46,0,9.8,1.1396,575.97
-20.798,174.44,0,9.8,1.1826,577.98
-21.238,175.42,-0.29965,9.8,1,581.52
-21.238,176.4,0,9.8,1.0081,582.9
-21.238,177.38,0,9.8,1.0067,584.91
-21.238,178.36,0,9.8,1.0194,586.91
-21.238,179.34,0,9.8,1.0374,588.92
-21.238,180.32,0,9.8,1.0542,590.93
-21.238,181.3,0,9.8,1.0737,592.94
-21.238,182.28,0,9.8,1.0944,594.95
-21.238,183.26,0,9.8,1.1262,596.96
-21.238,184.24,0,9.8,1.1426,598.97
-21.238,185.22,0,9.8,1.1678,600.98
-21.524,186.2,-0.20674,9.8,1,604.01
-21.524,187.18,0,9.8,1.0005,605.58
-21.566,188.16,-0.17464,9.8,1,608.05
-21.566,189.14,0,9.8,1.0078,609.69
-21.614,190.12,-0.20996,9.8,1,612.24
-21.642,191.1,-0.2171,9.8,1,614.32
-21.659,192.08,-0.24049,9.8,1,616.41
-21.659,193.06,0,9.8,0.99838,617.91
-21.659,194.04,0,9.8,0.99586,619.92
-21.712,195.02,-0.10686,9.8,1,622.27
-21.712,196,0,9.8,0.99989,624.05
-21.712,196.98,0,9.8,0.9978,626.06
-21.74,197.96,-0.07804,9.8,1,628.29
-21.756,198.94,-0.22494,9.8,1,630.64
-21.778,199.92,-0.24378,9.8,1,632.73
-21.778,200.9,0,9.8,0.99956,634.23
-21.778,201.88,0,9.8,1.005,636.24
-21.85,202.86,-0.25534,9.8,1,638.93
-21.85,203.84,0,9.8,0.99833,640.4
-21.85,204.82,0,9.8,0.99553,642.41
-21.85,205.8,0,9.8,1.0079,644.42
-21.85,206.78,0,9.8,1.0084,646.43
-21.85,207.76,0,9.8,1.0246,648.44
-21.951,208.74,-0.014082,9.8,1,650.69
-21.951,209.72,0,9.8,0.99146,652.66
