0,0,0.52716,0,35.5,0
0,0,0,7.8,35.5,59.103
0.11297,0.78,0.34086,7.8,35.467,72.06
0.14756,1.56,0.23473,7.8,35.356,79.36
0.16118,2.34,0.17485,7.8,35.178,85.993
0.16118,3.12,0,7.8,34.921,95.312
0.16118,3.9,0,7.8,34.586,100.94
0.16118,4.68,0,7.8,34.173,106.59
0.16118,5.46,0,7.8,33.682,112.27
0.16118,6.24,0,6.7,33.113,103.87
0.0438,6.91,-0.78318,6.7,32.467,97.529
0.0438,7.58,0,6.7,31.747,114.45
-0.10974,8.25,-0.83617,-0.43933,30.946,102.9
-0.10974,8.2061,0,-0.459,30.112,101.01
-0.10974,8.1602,0,-0.48038,29.283,100.87
-0.10974,8.1121,0,-0.50247,28.459,100.73
-0.42396,8.0619,-0.76685,-0.52629,27.571,102.83
-0.42396,8.0093,0,-0.55195,26.725,101.05
-0.58515,7.9541,-1.0414,-0.57994,25.866,103.4
-0.58515,7.8961,0,-0.6118,25.015,101.03
-0.82925,7.8349,-1.4292,-0.6484,24.149,104.33
-0.82925,7.77,0,-0.68822,23.285,101.11
-0.82925,7.7012,0,-0.73396,22.429,100.87
-0.82925,7.6278,0,-0.78376,21.58,100.62
-1.418,7.5494,-1.1195,-0.83675,20.619,103.9
-1.5279,7.4658,-0.78936,-0.89191,19.727,103.15
-1.5279,7.3766,0,-0.94905,18.833,101.19
-1.5279,7.2817,0,-1.0095,17.947,100.86
-1.723,7.1807,-0.686,-1.0769,17.051,102.36
-1.723,7.073,0,-1.1518,16.166,100.54
-1.864,6.9579,-0.6192,-1.2356,15.282,101.72
-1.864,6.8343,0,-1.3271,14.406,99.969
-1.864,6.7016,0,-1.4228,13.542,99.496
-1.864,6.5593,0,-1.5159,12.693,99.009
-1.864,6.4077,0,-1.6062,11.858,98.508
-1.864,6.2471,0,-1.6942,11.039,97.994
-1.864,6.0777,0,-1.7789,10.237,97.469
-1.864,5.8998,0,-1.867,9.4512,96.919
-1.2562,5.7131,1.0382,-1.9627,8.7961,92.908
-1.2562,5.5168,0,-2.0702,8.109,94.461
-1.0745,5.3098,0.81357,-8.8,7.4472,77.813
-1.0745,4.4298,0,-8.8,6.8528,77.719
-1.0745,3.5498,0,-8.8,6.3463,75.915
-0.86089,2.6698,0.40213,-8.8,5.9589,72.828
-0.86089,1.7898,0,-8.8,5.6498,71.869
-0.86089,0.90978,0,-8.8,5.4288,70.065
-0.86089,0.02978,0,-0.18995,5.2957,86.353
-0.81536,0.010785,-0.27562,-0.27562,5.2066,86.62
-0.84299,0,-0.23905,-0.23905,5.1161,86.654
-0.84299,0,0,-0.23642,5.033,86.158
-0.89199,0,-0.19829,-8.8,4.9505,68.68
-0.89199,0,0,-8.8,4.9053,68.264
-0.91343,0,0.046722,-8.8,4.8728,68.21
-0.90356,0,0.17828,-8.8,4.8173,67.913
-0.90356,0,0,-8.8,4.7709,68.287
-0.90356,0,0,-8.8,4.7246,68.287
-0.8045,0,0.49709,-8.8,4.6965,67.04
-0.74632,0,0.56031,-8.8,4.671,66.788
-0.74632,0,0,-8.8,4.6404,67.965
-0.74632,0,0,-8.8,4.6097,67.965
-0.74632,0,0,-8.8,4.5791,67.965
-0.74632,0,0,-8.8,4.5485,67.965
-0.74632,0,0,-8.8,4.5178,67.965
-0.74632,0,0,-8.8,4.4872,67.965
-0.74632,0,0,-8.8,4.4566,67.965
-0.74632,0,0,-8.8,4.4259,67.965
-0.74632,0,0,-8.8,4.3953,67.965
-0.74632,0,0,-8.8,4.3647,67.965
-0.74632,0,0,-8.8,4.334,67.965
-0.74632,0,0,-8.8,4.3034,67.965
-0.74632,0,0,-8.8,4.2728,67.965
-0.74632,0,0,-8.8,4.2421,67.965
-0.74632,0,0,-8.8,4.2115,67.965
-0.74632,0,0,-8.8,4.1809,67.965
-0.74632,0,0,-8.8,4.1502,67.965
0.32089,0,2.0902,-8.8,4.7933,0
0.32089,0,0,-8.8,4.8694,0
0.72768,0,1.8905,-8.8,4.9941,0
0.72768,0,0,1.6332,5.1109,5.179
0.72768,0.16332,0,1.3297,5.1755,3.9266
0.72768,0.29629,0,1.0493,5.2253,2.8257
0.72768,0.40122,0,0.84964,5.2632,2.1635
0.72768,0.48619,0,0.67372,5.2916,1.6169
1.4665,0.55356,0.58465,0.58465,5.5774,0
1.4665,0.61202,0,0.46893,5.6658,0
1.4665,0.65892,0,0.40677,5.7489,0
1.4665,0.69959,0,0.3755,5.8277,0
1.6418,0.73714,0.2369,0.2369,5.9434,0
1.6418,0.76083,0,0.021538,6.0327,0
1.6418,0.76299,0,-0.12384,6.1207,0
1.651,0.7506,-0.20622,-0.20622,6.2148,0
1.6229,0.72998,-0.27177,-0.27177,6.3019,0
1.6229,0.7028,0,-0.3301,6.3925,0
1.6229,0.66979,0,-0.32069,6.4862,0
1.6229,0.63773,0,-0.26494,6.5831,0
1.6229,0.61123,0,-0.26401,6.6829,0
1.6229,0.58483,0,-0.33179,6.7854,0
1.4362,0.55165,-0.30237,-0.30237,6.8289,0
1.4362,0.52142,0,-0.24572,6.9189,0
1.3834,0.49684,-0.28124,-0.28124,7.0224,0
1.3534,0.46872,-0.30784,-0.30784,7.1168,0
1.3534,0.43793,0,-0.2701,7.2068,0
1.3534,0.41093,0,-0.27993,7.2997,0
1.3534,0.38293,0,-0.3046,7.3953,0
1.3534,0.35247,0,-0.27672,7.4939,0
1.3534,0.3248,0,-0.27286,7.5954,0
1.3534,0.29751,0,-0.29461,7.6996,0
1.1697,0.26805,-0.27807,-0.27807,7.7392,0
1.1697,0.24025,0,-0.2752,7.8308,0
1.1697,0.21273,0,-0.29562,7.9251,0
1.0767,0.18316,-0.29116,-0.29116,8.0077,0
1.0521,0.15405,-0.28754,-0.28754,8.088,0
1.0247,0.12529,-0.30226,-0.30226,8.1808,0
0.99456,0.095069,-0.29247,-0.29247,8.2766,0
0.97148,0.065822,-0.28547,-0.28547,8.3717,0
0.97148,0.037274,0,-0.29574,8.4637,0
0.97148,0.0077007,0,-0.28955,8.5586,0
0.89948,0,-0.28493,-0.28493,8.659,0
0.89948,0,0,-0.29198,8.7504,0
0.84508,0,-0.28618,-0.28618,8.8281,0
0.84508,0,0,-0.2809,8.9141,0
0.78416,0,-0.28848,-0.28848,9.0049,0
0.78416,0,0,-0.28249,9.0847,0
0.71318,0,-0.27921,-0.27921,9.1587,0
0.71318,0,0,-0.28659,9.2315,0
0.71318,0,0,-0.28214,9.3042,0
0.71318,0,0,-0.27908,9.3769,0
0.71318,0,0,-0.28258,9.4496,0
0.71318,0,0,-0.28029,9.5224,0
0.54078,0,-0.27765,-0.27765,9.5309,0
0.54078,0,0,-0.28185,9.5864,0
0.47971,0,-0.27919,-0.27919,9.6394,0
0.47971,0,0,-0.27925,9.6888,0
0.47971,0,0,-0.28224,9.7382,0
0.47971,0,0,-0.28066,9.7875,0
0.36089,0,-0.28209,-0.28209,9.8161,0
0.36089,0,0,-0.28516,9.8536,0
0.36089,0,0,-0.28316,9.8911,0
0.36089,0,0,-0.28368,9.9286,0
0.36089,0,0,-0.28658,9.9662,0
0.22707,0,-0.28302,-0.28302,9.9733,0
0.22707,0,0,-0.28149,9.9974,0
0.22707,0,0,-0.28583,10.022,0
0.14005,0,-0.28497,-0.28497,10.04,0
0.10871,0,-0.28456,-0.28456,10.048,0
0.10871,0,0,-0.28765,10.061,0
0.10871,0,0,-0.28921,10.073,0
0.039921,0,-0.28792,-0.28792,10.066,0
0.039921,0,0,-0.28928,10.071,0
0.039921,0,0,-0.28825,10.077,0
0.039921,0,0,-0.28763,10.082,0
0.039921,0,0,-0.28756,10.087,0
0.039921,0,0,-0.28777,10.093,0
-0.14735,0,-0.28503,-0.28503,10.038,0.30303
-0.17338,0,-0.28686,-0.28686,10.013,0.35639
-0.17338,0,0,-0.28803,9.9972,0
-0.2302,0,-0.28656,-0.28656,9.9872,0.47288
-0.26718,0,-0.28686,-0.28686,9.9584,0.54867
-0.26718,0,0,-0.28794,9.9331,0
-0.32743,0,-0.28956,-0.28956,9.8875,0.67219
-0.32743,0,0,-0.28874,9.8562,0.065488
-0.32743,0,0,-0.30189,9.8249,0.037841
-0.32743,0,0,-0.31892,9.7936,0.0020649
-0.32743,0,0,-0.34864,9.7625,0
-0.32743,0,0,-0.37345,9.7315,0
-0.53816,0,-0.39451,-0.39451,9.639,1.1042
-0.58229,0,-0.40765,-0.40765,9.5783,1.1947
-0.63077,0,-0.41719,-0.41719,9.5206,1.294
-0.67131,0,-0.41208,-0.41208,9.4484,1.3771
-0.71134,0,-0.4256,-0.4256,9.3811,1.4592
-0.71134,0,0,-0.4811,9.3121,0.44828
-0.7931,0,-0.55306,-0.55306,9.2545,1.6268
-0.84381,0,-0.65102,-0.65102,9.1797,1.7308
-0.90342,0,-0.76856,-0.76856,9.099,1.853
-0.90342,0,0,-0.88807,9.0125,0
-1.0678,0,-0.96131,-0.96131,8.9135,2.19
-1.1603,0,-0.98269,-0.98269,8.8069,2.3796
-1.2509,0,-1.0069,-1.0069,8.698,2.5652
-1.2509,0,0,-1.081,8.5779,0.29383
-1.447,0,-1.1594,-1.1594,8.424,2.9673
-1.447,0,0,-1.2223,8.2851,0.39908
-1.447,0,0,-1.3066,8.1465,0.22186
-1.8164,0,-1.3349,-1.3349,7.9677,3.7245
-1.8164,0,0,-1.2702,7.7928,1.0554
-1.8164,0,0,-1.1613,7.6175,1.2844
-1.8164,0,0,-1.0655,7.4416,1.4856
-1.8164,0,0,-0.95819,7.2653,1.7111
-1.8164,0,0,-0.85348,7.0885,1.9311
-1.8164,0,0,-0.77912,6.9111,2.0874
-2.5783,0,-0.74715,-0.74715,6.4246,5.2866
-2.5783,0,0,-0.7153,6.1705,3.7835
-2.5783,0,0,-0.71287,5.9163,3.7886
-2.5783,0,0,-0.65422,5.662,3.9119
-2.5783,0,0,-0.61839,5.4074,3.9872
-2.9216,0,-0.59942,-0.59942,5.0777,5.9902
-2.9216,0,0,-8.8,4.7886,0
-2.9216,0,0,-8.8,4.5404,0
-2.9216,0,0,-8.8,4.2923,0
-2.9216,0,0,-8.8,4.0441,0
-2.9216,0,0,-8.8,3.7959,0
-2.9216,0,0,-8.8,3.5478,0
-2.9216,0,0,-8.8,3.2996,0
-3.4852,0,-0.99625,-8.8,2.8509,0
-3.4852,0,0,-8.8,2.5464,0
-3.4852,0,0,-8.8,2.2419,0
-3.8073,0,-1.1816,-8.8,1.8933,0
-3.9281,0,-1.1442,-8.8,1.556,0
-3.9281,0,0,-8.8,1.2072,0
-4.1532,0,-1.1817,-11.482,0.83732,0
-4.1532,0,0,-20.582,0.47941,0
-4.1532,0,0,-74.488,0.167,0
-4.1532,0,0,-177.98,0.12412,0
