19.444,19.444,0.40116,0,35.5,0
19.48,19.444,0.22834,0.012902,35.506,0
19.506,19.446,0.14499,0.021924,35.511,0
19.506,19.448,0,0.024558,35.517,0
19.506,19.45,0,0.026803,35.522,0
19.506,19.453,0,0.026816,35.528,0
19.506,19.456,0,0.030084,35.533,0
19.575,19.459,0.24985,0.042214,35.54,0
19.575,19.463,0,0.048256,35.551,0
19.575,19.468,0,0.058336,35.562,0
19.68,19.474,0.56669,0.074727,35.586,0
19.735,19.481,0.62997,0.092096,35.601,0
19.797,19.49,0.69078,0.11116,35.62,0
19.797,19.501,0,0.1319,35.65,0
19.797,19.515,0,0.15484,35.679,0
19.797,19.53,0,0.17178,35.706,0
20.077,19.547,0.55943,0.19207,35.794,0
20.13,19.566,0.47811,0.20409,35.841,0
20.13,19.587,0,0.21453,35.897,0
20.224,19.608,0.53908,0.22261,35.943,0
20.224,19.631,0,0.23179,36.003,0
20.345,19.654,0.84964,0.24984,36.07,0
20.439,19.679,1.0437,0.27485,36.135,0
20.535,19.706,0.96317,0.29952,36.218,0
20.535,19.736,0,0.32325,36.299,0
20.713,19.769,0.45535,0.34111,36.395,0
20.753,19.803,0.079254,0.34283,36.496,0
20.753,19.837,0,0.33398,36.589,0
20.753,19.87,0,0.30355,36.679,0
20.753,19.901,0,0.25954,36.766,0
20.753,19.927,0,0.2089,36.85,0
20.394,19.948,-1.066,0.16049,36.886,4.8238
20.297,19.964,-0.749,0.11986,36.916,2.5919
20.221,19.976,-0.32132,0.088167,36.947,0.58281
20.189,19.984,0.1263,0.073661,36.975,0
20.189,19.992,0,0.073551,36.995,0
20.189,19.999,0,0.084522,37.015,0
20.293,20.008,0.53047,0.10274,37.051,0
20.293,20.018,0,0.12129,37.079,0
20.293,20.03,0,0.13082,37.106,0
20.293,20.043,0,0.13495,37.132,0
20.293,20.057,0,0.1325,37.156,0
20.293,20.07,0,0.1241,37.179,0
20.389,20.082,-0.48891,0.11004,37.249,1.1887
20.389,20.093,0,0.087137,37.279,0
20.389,20.102,0,0.055575,37.309,0
20.161,20.107,-0.98408,0.019109,37.309,4.8782
20.06,20.109,-0.86815,-0.0050112,37.3,4.221
20.06,20.109,0,-0.013007,37.295,0.073569
20.06,20.108,0,-0.02087,37.29,0.054096
20.06,20.105,0,-0.026996,37.285,0.036986
20.06,20.103,0,-0.033638,37.281,0.017844
20.06,20.099,0,-0.042964,37.277,0
20.06,20.095,0,-0.055144,37.273,0
20.06,20.09,0,-0.065987,37.27,0
20.06,20.083,0,-0.076055,37.267,0
19.256,20.075,-0.77174,-0.084101,36.912,6.2962
19.188,20.067,-0.77321,-0.090613,36.817,6.536
19.188,20.058,0,-0.097614,36.73,1.8307
19.188,20.048,0,-0.10489,36.643,1.7777
18.947,20.038,-0.86984,-0.11368,36.534,8.2531
18.947,20.026,0,-0.12159,36.425,2.3382
18.947,20.014,0,-0.12954,36.318,2.2718
18.947,20.001,0,-0.13718,36.212,2.2052
18.947,19.987,0,-0.14292,36.107,2.1442
18.582,19.973,-0.6985,-0.14857,35.922,7.8245
18.582,19.958,0,-0.15516,35.783,3.1011
18.582,19.943,0,-0.16223,35.647,3.0222
18.352,19.927,-0.83501,-0.17131,35.467,9.8526
18.352,19.909,0,-0.18004,35.31,3.5696
18.352,19.891,0,-0.18717,35.156,3.479
18.352,19.873,0,-0.19424,35.003,3.3873
18.042,19.853,-0.88788,-0.20274,34.777,11.374
18.042,19.833,0,-0.21113,34.597,4.1986
17.838,19.812,-1.6221,-0.22435,34.404,22.811
17.679,19.79,-1.8432,-0.24199,34.195,27.952
17.487,19.765,-1.9782,-0.26365,33.98,31.922
17.487,19.739,0,-0.28542,33.753,5.4378
17.487,19.71,0,-0.30924,33.529,5.2093
16.876,19.679,-2.3972,-0.33548,33.202,46.206
16.626,19.646,-2.4769,-0.36588,32.915,49.961
16.626,19.609,0,-0.39599,32.615,7.5917
16.626,19.57,0,-0.43215,32.319,7.2191
15.829,19.527,-2.6546,-0.46845,31.908,59.837
15.829,19.48,0,-0.50475,31.541,9.652
15.299,19.429,-2.5317,-0.54262,31.114,57.987
15.041,19.375,-1.9932,-0.58072,30.688,43.4
15.041,19.317,0,-0.61325,30.258,11.643
15.041,19.256,0,-0.64197,29.833,11.168
14.472,19.191,-1.9206,-0.67384,29.343,43.237
14.472,19.124,0,-0.70864,28.874,12.657
14.061,19.053,-2.6965,-0.7484,28.355,67.594
14.061,18.978,0,-0.79817,27.859,13.223
14.061,18.898,0,-0.85672,27.372,12.433
13.189,18.813,-2.4692,-0.91502,26.758,62.442
13.189,18.721,0,-0.97056,26.2,14.808
13.189,18.624,0,-1.0213,25.652,13.97
12.53,18.522,-2.296,-1.0726,24.998,57.742
12.53,18.415,0,-1.1325,24.404,15.247
12.056,18.302,-3.0417,-1.1988,23.778,84.71
12.056,18.182,0,-1.2824,23.159,15.249
12.056,18.053,0,-1.3822,22.553,13.915
12.056,17.915,0,-1.504,21.96,12.442
12.056,17.765,0,-1.645,21.382,10.884
10.002,17.6,-4.135,-1.8048,20.369,148.89
10.002,17.42,0,-1.9609,19.618,16.212
10.002,17.224,0,-2.0952,18.886,14.346
10.002,17.014,0,-2.199,18.175,12.742
10.002,16.794,0,-2.2534,17.484,11.502
9.3857,16.569,2.0323,-2.2678,16.478,6.6881
9.3857,16.342,0,-2.2551,15.771,12.153
9.3857,16.117,0,-2.2308,15.087,11.393
9.3857,15.894,0,-2.1983,14.425,10.712
9.3857,15.674,0,-2.1583,13.785,10.101
10.364,15.458,1.9356,-2.0949,13.415,6.2576
10.364,15.248,0,-2.0192,12.916,6.0789
10.364,15.047,0,-4.4,12.437,20.737
10.364,14.607,0,-4.4,11.991,26.389
11.059,14.167,1.5776,-4.4,11.723,70.579
11.216,13.727,1.5334,-4.4,11.436,88.271
11.216,13.287,0,-4.4,11.207,96.947
11.216,12.847,0,-4.4,11.022,131.28
11.674,12.407,1.5139,-4.4,10.945,184.61
11.674,11.967,0,-5.2,10.894,0
11.674,11.447,0,0.15944,10.89,0
12.116,11.463,1.3356,0.20166,10.969,0.71638
12.242,11.483,1.1643,0.23473,11.039,0.14243
12.242,11.506,0,0.26469,11.114,0
12.242,11.533,0,0.29339,11.186,0
12.242,11.562,0,0.315,11.256,0
12.646,11.593,0.70574,0.32998,11.415,0
12.646,11.626,0,0.34539,11.519,0
12.646,11.661,0,0.35878,11.619,0
12.869,11.697,0.61703,0.37148,11.748,0
12.869,11.734,0,0.37814,11.863,0
12.993,11.772,0.62205,0.39019,12,0
12.993,11.811,0,0.39863,12.121,0
13.117,11.851,0.55158,0.40781,12.253,0
13.164,11.892,0.51701,0.41148,12.388,0
13.164,11.933,0,0.4173,12.514,0
13.164,11.974,0,0.42422,12.635,0
13.164,12.017,0,0.4294,12.751,0
13.164,12.06,0,0.43281,12.864,0
13.424,12.103,0.1445,0.4333,13.019,0
13.448,12.146,-0.14591,0.42825,13.15,0
13.433,12.189,-0.40539,0.41036,13.278,0
13.399,12.23,-0.57679,0.38618,13.389,0.077991
13.399,12.269,0,0.35764,13.504,0
13.399,12.305,0,0.32107,13.615,0
13.399,12.337,0,0.27869,13.723,0
13.399,12.365,0,0.22712,13.828,0
13.399,12.387,0,0.17079,13.93,0
12.749,12.404,-1.5761,0.11477,13.859,10.878
12.597,12.416,-1.5644,0.060171,13.878,11.139
12.448,12.422,-1.4012,0.0088477,13.885,9.3214
12.448,12.423,0,-0.033542,13.887,0
12.203,12.419,-1.0489,-0.066462,13.867,6.0813
12.203,12.413,0,-0.097898,13.846,0.22396
12.001,12.403,-0.93319,-0.12441,13.803,5.4808
12.001,12.391,0,-0.15176,13.764,0.48384
11.793,12.375,-1.0866,-0.182,13.694,7.3242
11.793,12.357,0,-0.20861,13.637,0.72873
11.793,12.336,0,-0.23213,13.581,0.62825
11.532,12.313,-0.27076,-0.24912,13.487,2.0628
11.532,12.288,0,-0.24966,13.41,1.0611
11.511,12.263,0.12754,-0.24383,13.316,0.76153
11.511,12.239,0,-0.23449,13.242,1.0348
11.528,12.215,-0.19033,-0.22575,13.183,1.5643
11.528,12.193,0,-0.22554,13.116,0.91404
11.528,12.17,0,-0.22812,13.05,0.85626
11.528,12.147,0,-0.23883,12.987,0.77899
11.528,12.124,0,-0.24485,12.926,0.71259
11.528,12.099,0,-0.24419,12.868,0.66153
11.528,12.075,0,-0.23645,12.812,0.62707
11.387,12.051,0.17101,-0.22855,12.691,0.53471
11.387,12.028,0,-0.2163,12.626,0.88201
11.428,12.006,0.17245,-0.20179,12.562,0.41974
11.447,11.986,0.13137,-0.18899,12.514,0.44033
11.454,11.967,0.17676,-0.18079,12.47,0.32958
11.464,11.949,0.30726,-0.17143,12.422,0.12681
11.464,11.932,0,-0.15619,12.374,0.64349
11.464,11.917,0,-0.14108,12.328,0.646
11.464,11.902,0,-0.11939,12.284,0.66897
11.606,11.891,0.39445,-0.10205,12.277,0
11.606,11.88,0,-0.080991,12.249,0.39928
11.606,11.872,0,-0.074065,12.222,0.39803
11.606,11.865,0,-0.062949,12.195,0.40841
11.606,11.859,0,-0.048902,12.17,0.42875
11.606,11.854,0,-0.03575,12.145,0.45057
11.8,11.85,0.71596,-0.018068,12.165,0
11.863,11.848,0.96104,0.0046531,12.16,0
11.863,11.849,0,0.032892,12.161,0.041945
11.863,11.852,0,0.064759,12.162,0.12276
11.863,11.858,0,0.098313,12.163,0.22057
11.863,11.868,0,0.13036,12.163,0.32857
12.376,11.881,0.85566,0.15915,12.3,0
12.376,11.897,0,0.18104,12.349,0
12.535,11.915,0.77919,0.20024,12.421,0
12.535,11.935,0,0.21623,12.482,0
12.535,11.957,0,0.23557,12.54,0
12.535,11.981,0,0.25491,12.597,0
12.535,12.006,0,0.27699,12.651,0
12.955,12.034,1.0125,0.30072,12.8,0
12.955,12.064,0,0.32427,12.891,0
12.955,12.096,0,0.34911,12.979,0
13.26,12.131,1.1051,0.37083,13.101,0
13.26,12.168,0,0.39878,13.212,0
13.26,12.208,0,0.42196,13.319,0
13.26,12.25,0,0.45287,13.422,0
13.26,12.296,0,0.4911,13.52,0
13.26,12.345,0,0.53891,13.614,0
14.167,12.399,2.138,0.59214,13.941,4.3759
14.167,12.458,0,0.64695,14.115,0
14.167,12.523,0,0.69548,14.283,0
14.167,12.592,0,0.74347,14.444,0
14.984,12.666,2.0197,0.78696,14.741,3.7908
14.984,12.745,0,0.83164,14.969,0
14.984,12.828,0,0.88076,15.188,0
14.984,12.916,0,0.92689,15.399,0
14.984,13.009,0,0.97214,15.602,0
14.984,13.106,0,1.0126,15.794,0
14.984,13.208,0,1.0408,15.977,0
14.984,13.312,0,1.0593,16.149,0
14.984,13.418,0,1.0777,16.311,0
16.633,13.525,1.3477,1.0891,17.268,0.079692
16.633,13.634,0,1.101,17.574,0
16.897,13.744,1.3224,1.1104,17.898,0
16.897,13.855,0,1.1196,18.207,0
16.897,13.967,0,1.1305,18.506,0
16.897,14.08,0,1.1357,18.793,0
16.897,14.194,0,1.1408,19.069,0
16.897,14.308,0,1.1489,19.334,0
17.677,14.423,1.3618,1.1585,19.83,0.010753
17.822,14.539,1.445,1.1706,20.163,0.40491
17.822,14.656,0,1.1836,20.485,0
17.822,14.774,0,1.1989,20.796,0
17.822,14.894,0,1.2142,21.095,0
17.822,15.015,0,1.227,21.381,0
18.598,15.138,1.4086,1.2386,21.85,0.17835
18.598,15.262,0,1.2458,22.19,0
18.598,15.387,0,1.2466,22.518,0
18.598,15.511,0,1.2506,22.833,0
18.598,15.636,0,1.248,23.135,0
18.598,15.761,0,1.2499,23.425,0
19.38,15.886,1.1809,1.2515,23.933,0
19.503,16.011,1.1967,1.2499,24.278,0
19.625,16.136,1.2444,1.2488,24.63,0
19.625,16.261,0,1.2453,24.972,0
19.625,16.386,0,1.2461,25.302,0
19.625,16.51,0,1.2456,25.62,0
20.094,16.635,0.86954,1.2356,26.013,0
20.187,16.758,0.5913,1.2237,26.354,0
20.249,16.881,0.3986,1.2008,26.684,0
20.249,17.001,0,1.1677,27.014,0
20.249,17.118,0,1.1371,27.333,0
20.307,17.231,-0.1766,1.0935,27.652,0
20.307,17.341,0,1.0461,27.954,0
20.307,17.445,0,0.99993,28.245,0
20.307,17.545,0,0.95599,28.526,0
20.307,17.641,0,0.91791,28.798,0
20.307,17.733,0,0.87972,29.06,0
20.307,17.821,0,0.84394,29.313,0
20.307,17.905,0,0.80794,29.557,0
20.307,17.986,0,0.76853,29.793,0
20.307,18.063,0,0.72748,30.021,0
20.307,18.135,0,0.68719,30.242,0
20.307,18.204,0,0.65544,30.456,0
20.307,18.27,0,0.63362,30.663,0
20.307,18.333,0,0.61971,30.863,0
20.307,18.395,0,0.60769,31.058,0
20.307,18.456,0,0.60168,31.246,0
20.204,18.516,0.17322,0.59338,31.237,0
20.218,18.575,0.0077897,0.57702,31.406,0
20.218,18.633,0,0.55736,31.567,0
20.22,18.689,-0.082601,0.53718,31.712,0
20.219,18.742,-0.2949,0.5175,31.865,0
20.199,18.794,-0.58006,0.49196,31.999,0
20.199,18.843,0,0.45141,32.137,0
20.199,18.889,0,0.4083,32.271,0
20.199,18.929,0,0.35087,32.4,0
20.199,18.964,0,0.29001,32.525,0
20.199,18.993,0,0.22396,32.647,0
19.444,19.016,-2.3306,0.1493,32.576,25.977
19.209,19.031,-2.8043,0.061995,32.612,42.452
18.928,19.037,-3.1564,-0.012921,32.616,59.996
18.928,19.036,0,-0.049514,32.605,0.11614
18.928,19.031,0,-0.090936,32.595,0.023188
18.928,19.022,0,-0.13393,32.585,0
18.928,19.008,0,-0.17839,32.576,0
17.145,18.99,-4.0172,-0.2243,32.134,128.47
17.145,18.968,0,-0.27181,31.951,4.0162
17.145,18.941,0,-0.32181,31.77,3.6984
17.145,18.909,0,-0.37374,31.592,3.3716
17.145,18.871,0,-0.42827,31.417,3.0363
15.092,18.828,-3.8429,-0.48393,30.744,119.67
15.092,18.78,0,-0.53745,30.373,9.5952
14.354,18.726,-3.3204,-0.58878,29.92,91.647
14.354,18.667,0,-0.63854,29.486,11.631
13.718,18.604,-3.1419,-0.68767,29.002,85.65
13.399,18.535,-3.1084,-0.74138,28.495,85.33
13.399,18.461,0,-0.79503,27.985,13.92
13.399,18.381,0,-0.85037,27.482,13.141
13.399,18.296,0,-0.90885,26.988,12.332
13.399,18.205,0,-0.97001,26.503,11.503
13.399,18.108,0,-1.0348,26.027,10.649
13.399,18.005,0,-1.0984,25.562,9.8074
13.399,17.895,0,-1.1602,25.106,8.9853
13.399,17.779,0,-1.2301,24.663,8.1318
13.399,17.656,0,-1.3088,24.231,7.2548
10.588,17.525,-3.725,-1.4023,22.398,121.66
10.588,17.385,0,-1.5144,21.711,16.67
10.588,17.233,0,-1.6573,21.039,14.877
10.588,17.068,0,-1.8248,20.383,12.955
8.7162,16.885,-5.4633,-2.0145,19.377,38.331
8.1692,16.684,-5.6502,-2.2299,18.538,37.407
7.5982,16.461,-5.721,-2.4774,17.663,36.284
7.5982,16.213,0,-2.7533,16.789,15.923
6.4466,15.938,-5.6221,-3.0679,15.836,33.263
6.4466,15.631,0,-3.4227,14.903,13.937
5.3374,15.289,-5.3976,-3.8226,13.88,29.077
5.3374,14.906,0,-4.2761,12.904,10.988
5.3374,14.479,0,-9.5071,11.969,36.694
5.3374,13.528,0,-9.3036,11.102,35.173
5.3374,12.598,0,-8.8998,10.33,34.114
5.3374,11.708,0,-8.3707,9.6482,33.401
2.4055,10.871,-3.4756,-7.8844,8.1266,8.0894
2.0481,10.082,-2.9835,-7.4033,7.3019,7.1827
2.0481,9.3418,0,-7.0715,6.5355,3.2788
1.4808,8.6347,-2.4677,-6.8971,5.777,5.358
1.4808,7.945,0,-6.433,5.0961,1.2846
1.4808,7.3017,0,-5.4211,4.4818,2.0921
1.4808,6.7596,0,-5.2,3.9268,1.4453
1.4808,6.2396,0,-5.2,3.425,0.3793
1.4808,5.7196,0,-8.8,2.9751,0
1.4808,4.8396,0,-8.8,2.5952,0
1.4808,3.9596,0,-8.8,2.3033,0
1.4808,3.0796,0,-8.8,2.0995,0
1.6706,2.1996,1.2767,-8.8,1.714,0
1.6706,1.3196,0,-8.8,1.7051,0
1.9343,0.43956,1.4301,-8.8,1.8116,0
2.0696,0,1.3922,-8.8,2.0064,0
2.0696,0,0,-8.8,2.2574,0
2.0696,0,0,-8.8,2.5083,0
2.0696,0,0,-8.8,2.7593,0
2.6128,0,1.4161,-8.8,3.1076,0
2.7501,0,1.4009,-8.8,3.4126,0
2.7501,0,0,-8.8,3.7316,0
2.7501,0,0,-8.8,4.0506,0
2.7501,0,0,-8.8,4.3696,0
2.7501,0,0,-8.8,4.6886,0
2.7501,0,0,1.3929,5.0076,0
2.7501,0.13929,0,1.3976,5.2757,0
2.7501,0.27905,0,1.3883,5.5298,0
2.7501,0.41788,0,1.39,5.7699,0
2.7501,0.55688,0,1.4001,5.9962,0
4.1313,0.69688,1.3995,1.3995,6.8883,0
4.1313,0.83684,0,1.3983,7.2248,0
4.409,0.97667,1.4021,4.9,7.572,4.6872
4.409,1.4667,0,4.9,7.8908,21.716
4.409,1.9567,0,4.9,8.1605,24.646
4.409,2.4467,0,4.9,8.3813,27.628
4.409,2.9367,0,4.9,8.553,30.656
5.13,3.4267,1.3874,3.2597,8.8477,2.0084
5.13,3.7526,0,2.5377,9.0018,8.7958
5.13,4.0064,0,2.136,9.1268,6.9389
5.13,4.22,0,1.8763,9.2285,6.0432
5.13,4.4076,0,1.7145,9.3101,5.7496
5.13,4.5791,0,1.5875,9.3738,5.6314
5.13,4.7378,0,1.4837,9.4209,5.6172
6.117,4.8862,1.3988,1.4258,9.7949,0
6.117,5.0288,0,1.3626,9.9109,2.1135
6.117,5.165,0,1.3195,10.013,2.3803
6.5294,5.297,1.4615,1.2891,10.162,0
6.5294,5.4259,0,1.2728,10.279,1.5883
6.5294,5.5532,0,1.2693,10.383,2.0222
6.9863,5.6801,1.6267,1.2581,10.56,0
7.1566,5.8059,1.7197,1.2685,10.695,0
7.1566,5.9328,0,1.2761,10.824,1.1884
7.1566,6.0604,0,1.2926,10.94,1.7156
7.1566,6.1896,0,1.3234,11.043,2.3469
7.1566,6.322,0,1.3729,11.133,3.1247
7.1566,6.4593,0,1.4322,11.209,4.0196
7.1566,6.6025,0,1.489,11.272,4.9669
8.6981,6.7514,2.5668,1.5512,11.801,0.13425
8.9606,6.9065,2.4932,1.6005,12.009,0
9.2073,7.0666,2.4057,1.6301,12.216,0
9.2073,7.2296,0,1.6548,12.422,0.46892
9.2073,7.3951,0,1.6613,12.612,1.082
9.2073,7.5612,0,1.6767,12.785,1.7709
10.13,7.7288,2.1624,1.6787,13.128,0
10.13,7.8967,0,1.6858,13.359,0
10.566,8.0653,2.0036,1.683,13.626,0
10.566,8.2336,0,1.6692,13.868,0
10.566,8.4005,0,1.6542,14.093,0
10.566,8.566,0,1.6374,14.301,0.30657
11.305,8.7297,1.5591,1.6194,14.647,0
11.305,8.8916,0,1.588,14.896,0
11.305,9.0504,0,1.5686,15.13,0
11.305,9.2073,0,1.5524,15.348,0
11.305,9.3625,0,1.5447,15.55,0.060107
11.305,9.517,0,1.5518,15.736,0.61106
12.365,9.6722,2.1774,1.5601,16.193,0
12.365,9.8282,0,1.5718,16.455,0
12.789,9.9854,2.2381,1.5861,16.735,0.12564
12.789,10.144,0,1.5997,17.008,0
12.789,10.304,0,1.6164,17.264,0
13.436,10.466,2.1846,1.6262,17.62,0
13.644,10.628,2.2228,1.633,17.911,0.19797
13.861,10.791,2.2659,1.6444,18.215,0.43103
13.861,10.956,0,1.6576,18.513,0
13.861,11.122,0,1.6717,18.796,0
13.861,11.289,0,1.6842,19.061,0
13.861,11.457,0,1.698,19.31,0
13.861,11.627,0,1.7113,19.542,0
13.861,11.798,0,1.7204,19.757,0.50279
13.861,11.97,0,1.719,19.954,1.1047
13.861,12.142,0,1.7175,20.135,1.7268
13.861,12.314,0,1.7114,20.298,2.3421
13.861,12.485,0,1.7114,20.444,3.0097
13.861,12.656,0,1.707,20.573,3.6686
13.861,12.827,0,1.7107,20.685,4.395
13.861,12.998,0,1.7162,20.78,5.154
16.84,13.17,2.2931,1.7305,22.924,1.4823
17.079,13.343,2.3808,1.7476,23.286,2.0147
17.079,13.517,0,1.7604,23.65,0
17.079,13.693,0,1.7789,23.998,0
17.079,13.871,0,1.8002,24.327,0
17.079,14.051,0,1.8236,24.639,0
