1.1111,1.1111,0.78517,0,35.5,0
1.1937,1.1111,0.81502,7.8,35.512,58.272
1.1937,1.8911,0,7.8,35.481,79.166
1.1937,2.6711,0,7.8,35.373,84.704
1.1937,3.4511,0,7.8,35.186,90.276
1.5156,4.2311,0.72798,7.8,34.988,78.656
1.5956,5.0111,0.67391,7.8,34.674,84.524
1.6636,5.7911,0.59651,7.8,34.304,91.024
1.6636,6.5711,0,6.7,33.852,95.421
1.7721,7.2411,0.34375,6.7,33.343,92.101
1.7721,7.9111,0,6.7,32.763,104.3
1.7721,8.5811,0,6.7,32.115,109.16
1.7721,9.2511,0,-0.42934,31.401,29.959
1.8602,9.2082,0.1196,-0.44078,30.692,27.559
1.878,9.1641,0.14205,-0.45254,29.957,26.824
1.878,9.1188,0,-0.46429,29.231,28.247
1.878,9.0724,0,-0.47707,28.509,27.859
1.878,9.0247,0,-0.48969,27.792,27.466
1.878,8.9757,0,-0.50352,27.08,27.057
1.878,8.9254,0,-0.51829,26.373,26.632
1.878,8.8736,0,-0.53339,25.671,26.198
1.878,8.8202,0,-0.54759,24.974,25.766
1.878,8.7655,0,-0.56058,24.282,25.339
1.878,8.7094,0,-0.57219,23.596,24.919
2.1738,8.6522,0.82619,-0.58328,23.038,14.908
2.1738,8.5939,0,-0.59374,22.393,22.472
2.1738,8.5345,0,-0.60283,21.754,22.07
2.1738,8.4742,0,-0.61287,21.121,21.658
2.1738,8.4129,0,-0.62272,20.494,21.244
2.1738,8.3506,0,-0.63196,19.873,20.833
2.1738,8.2874,0,-0.64114,19.258,20.419
2.7518,8.2233,0.97562,-0.64894,18.856,9.5317
2.8493,8.1584,1.1747,-0.65462,18.322,7.9479
2.8493,8.093,0,-0.65642,17.794,15.865
2.8493,8.0273,0,-0.65489,17.273,15.556
3.2762,7.9618,1.9177,-0.64857,16.811,4.3322
3.2762,7.897,0,-0.63575,16.346,13.051
3.2762,7.8334,0,-0.6175,15.887,12.891
3.2762,7.7717,0,-0.59417,15.434,12.778
3.2762,7.7122,0,-0.56323,14.988,12.731
4.417,7.6559,2.773,-0.5287,14.827,4.137
4.417,7.603,0,-0.48936,14.506,7.8337
4.9755,7.5541,2.9389,-0.44389,14.232,5.0251
5.2779,7.5097,2.9424,-0.39271,13.99,5.3338
5.2779,7.4705,0,-0.34111,13.769,4.9357
5.2779,7.4363,0,-0.28798,13.551,5.0878
5.2779,7.4075,0,-0.23385,13.337,5.2688
5.2779,7.3842,0,-0.17777,13.125,5.4853
6.7295,7.3664,2.997,-0.11997,13.256,7.6453
6.7295,7.3544,0,-0.061888,13.192,1.2924
7.3282,7.3482,2.8736,-0.0037788,13.19,7.9956
7.611,7.3478,2.7706,0.20128,13.21,6.4774
7.611,7.3679,0,0.39149,13.236,0.50171
8.1518,7.4071,2.5913,0.56577,13.31,3.9684
8.1518,7.4637,0,0.7206,13.381,0.44842
8.1518,7.5357,0,0.84588,13.447,1.1859
8.1518,7.6203,0,0.94802,13.504,1.9451
8.1518,7.7151,0,1.0426,13.552,2.7697
8.1518,7.8194,0,1.1268,13.591,3.6323
8.1518,7.9321,0,1.1933,13.618,4.4728
9.8239,8.0514,2.2375,1.2446,14.247,0.26254
10.057,8.1759,2.2116,1.3023,14.431,0.033322
10.278,8.3061,2.1231,1.3456,14.63,0
10.278,8.4406,0,1.3724,14.82,0
10.278,8.5779,0,1.3928,14.997,0.15689
10.881,8.7172,1.9564,1.4139,15.255,0
11.07,8.8586,1.8054,1.4243,15.467,0
11.07,9.001,0,1.4224,15.681,0
11.07,9.1432,0,1.4185,15.881,0
11.545,9.2851,1.1425,1.3972,16.136,0
11.669,9.4248,0.91625,1.3697,16.359,0
11.758,9.5618,0.79126,1.325,16.589,0
11.845,9.6943,0.78859,1.2831,16.812,0
11.845,9.8226,0,1.2398,17.021,0
11.845,9.9466,0,1.2006,17.217,0
11.845,10.067,0,1.1658,17.4,0
11.845,10.183,0,1.1372,17.572,0
11.845,10.297,0,1.1123,17.733,0
11.845,10.408,0,1.0841,17.882,0
12.391,10.517,0.60322,1.0481,18.207,0
12.391,10.621,0,1.0173,18.389,0
12.507,10.723,0.37253,0.98271,18.573,0
12.507,10.821,0,0.94459,18.746,0
12.507,10.916,0,0.89677,18.91,0
12.507,11.006,0,0.84245,19.065,0
12.507,11.09,0,0.78875,19.211,0
12.53,11.169,-0.31952,0.7269,19.362,0
12.503,11.241,-0.35754,0.67028,19.488,0.024275
12.503,11.308,0,0.61638,19.61,0
12.503,11.37,0,0.56112,19.727,0
12.503,11.426,0,0.49864,19.837,0
12.503,11.476,0,0.43919,19.942,0
12.248,11.52,-0.75556,0.37976,19.98,2.6354
12.172,11.558,-0.763,0.31937,20.051,2.7756
12.172,11.59,0,0.25893,20.111,0
12.172,11.616,0,0.21043,20.168,0
12.172,11.637,0,0.15534,20.222,0
12.172,11.652,0,0.11327,20.275,0
11.798,11.664,-0.83791,0.069532,20.244,3.7021
11.798,11.671,0,0.025597,20.257,0
11.798,11.673,0,-0.0079559,20.27,0
11.798,11.672,0,-0.022103,20.282,0
11.432,11.67,-0.90444,-0.036764,20.22,5.125
11.432,11.666,0,-0.051181,20.196,0.38345
11.432,11.661,0,-0.067138,20.173,0.33449
11.432,11.655,0,-0.08128,20.15,0.28788
11.038,11.646,-1.0621,-0.094887,20.066,7.9258
11.038,11.637,0,-0.10995,20.006,1.0781
11.038,11.626,0,-0.1253,19.946,1.0063
11.038,11.613,0,-0.14057,19.888,0.93301
10.622,11.599,-1.0435,-0.15569,19.752,9.1112
10.515,11.584,-1.0585,-0.17162,19.641,9.617
10.515,11.567,0,-0.1872,19.535,2.0133
10.515,11.548,0,-0.20144,19.431,1.9114
10.515,11.528,0,-0.21638,19.329,1.8055
10.515,11.506,0,-0.23323,19.228,1.6922
10.515,11.483,0,-0.24959,19.13,1.5793
10.515,11.458,0,-0.26385,19.035,1.472
10.515,11.431,0,-0.28269,18.942,1.3511
9.6699,11.403,-1.3679,-0.30116,18.53,16.168
9.6699,11.373,0,-0.32557,18.358,3.3883
9.6699,11.341,0,-0.34943,18.19,3.1875
9.6699,11.306,0,-0.37554,18.024,2.9766
9.6699,11.268,0,-0.40535,17.863,2.7513
8.9206,11.228,-1.3878,-0.43345,17.493,18.63
8.9206,11.184,0,-0.46123,17.265,4.5877
8.6616,11.138,-0.94723,-0.48293,17.014,13.124
8.5598,11.09,-0.79157,-0.50355,16.757,11.496
8.5598,11.039,0,-0.51938,16.507,5.0387
8.5598,10.987,0,-0.53339,16.261,4.7936
8.3352,10.934,-0.83803,-0.55077,15.983,11.946
8.3352,10.879,0,-0.56961,15.726,5.0116
8.3352,10.822,0,-0.59115,15.474,4.7167
8.3352,10.763,0,-0.61207,15.229,4.4262
8.3352,10.702,0,-0.63515,14.989,4.1285
7.8699,10.638,-0.98612,-0.65734,14.653,13.592
7.7789,10.573,-0.93943,-0.67941,14.383,12.982
7.6932,10.505,-0.75847,-0.7007,14.112,10.948
7.6932,10.435,0,-0.72077,13.834,4.9516
7.6932,10.362,0,-0.73476,13.563,4.6515
7.6932,10.289,0,-0.73874,13.3,4.3992
7.6932,10.215,0,-0.73004,13.044,4.2053
7.6932,10.142,0,-0.70827,12.796,4.0718
7.6932,10.071,0,-0.67044,12.554,4.0131
7.6932,10.004,0,-0.62418,12.32,4.002
7.6932,9.9418,0,-0.56438,12.092,4.0653
8.2772,9.8853,2.0516,-0.49672,11.908,3.5303
8.2772,9.8357,0,-0.42321,11.75,2.5726
8.2772,9.7934,0,-0.34671,11.596,2.7384
8.9376,9.7587,2.4203,-0.26363,11.534,5.2167
8.9376,9.7323,0,-0.17576,11.453,1.3681
8.9376,9.7147,0,-0.093982,11.374,1.5887
9.6696,9.7053,2.4594,-0.011617,11.403,5.6315
9.6696,9.7042,0,0.085695,11.399,0.27682
10.154,9.7128,2.4908,0.18627,11.444,5.6076
10.399,9.7314,2.4842,0.28248,11.507,5.4624
10.399,9.7596,0,0.37589,11.572,0
10.89,9.7972,2.446,0.46345,11.69,5.0407
10.89,9.8436,0,0.54587,11.796,0
10.89,9.8981,0,0.6232,11.898,0
11.598,9.9605,2.2778,0.69718,12.104,3.8263
11.598,10.03,0,0.76267,12.264,0
11.598,10.106,0,0.82912,12.417,0
12.275,10.189,2.2587,0.88972,12.663,3.4803
12.509,10.278,2.2473,0.95192,12.87,3.3439
12.509,10.374,0,1.0103,13.089,0
12.964,10.475,2.1081,1.0624,13.337,2.4566
12.964,10.581,0,1.1037,13.581,0
12.964,10.691,0,1.141,13.814,0
13.575,10.805,2.0989,1.1799,14.113,2.2754
13.575,10.923,0,1.2173,14.384,0
13.575,11.045,0,1.2545,14.643,0
14.193,11.17,2.057,1.2845,14.979,1.9461
14.193,11.299,0,1.3154,15.275,0
14.193,11.43,0,1.3418,15.557,0
14.193,11.565,0,1.3682,15.827,0
14.193,11.701,0,1.3902,16.083,0
14.193,11.84,0,1.4183,16.325,0
14.193,11.982,0,1.4419,16.553,0
14.193,12.126,0,1.4707,16.767,0
14.193,12.274,0,1.4904,16.967,0
14.193,12.423,0,1.5104,17.151,0.47072
14.193,12.574,0,1.5265,17.321,1.0695
14.193,12.726,0,1.5397,17.475,1.6849
14.193,12.88,0,1.552,17.614,2.324
16.805,13.035,1.9278,1.5636,19.476,1.1879
16.805,13.192,0,1.5748,19.845,0
17.19,13.349,1.9119,1.5848,20.243,1.1431
17.382,13.508,1.9329,1.5938,20.63,1.2827
17.382,13.667,0,1.6028,21.01,0
17.382,13.827,0,1.6149,21.373,0
17.382,13.989,0,1.626,21.721,0
18.182,14.151,1.9343,1.6373,22.194,1.4141
18.182,14.315,0,1.6444,22.589,0
18.182,14.48,0,1.6484,22.967,0
18.182,14.645,0,1.6546,23.329,0
18.182,14.81,0,1.6542,23.675,0
19.119,14.975,1.7768,1.6577,24.262,0.72143
19.119,15.141,0,1.6563,24.668,0
19.48,15.307,1.762,1.659,25.097,0.72161
19.48,15.473,0,1.656,25.507,0
19.48,15.638,0,1.6533,25.899,0
20.008,15.804,1.7853,1.6543,26.341,0.98964
20.008,15.969,0,1.65,26.753,0
20.345,16.134,1.7336,1.6458,27.182,0.79395
20.522,16.299,1.7205,1.6455,27.605,0.76408
20.698,16.463,1.6233,1.6448,28.028,0.27605
20.698,16.628,0,1.6378,28.444,0
21.019,16.791,1.6988,1.6312,28.878,0.77793
21.019,16.955,0,1.6292,29.292,0
21.366,17.117,1.6599,1.6288,29.72,0.65067
21.366,17.28,0,1.6257,30.136,0
21.708,17.443,1.7124,1.624,30.558,1.0387
21.708,17.605,0,1.6205,30.977,0
22.035,17.767,1.6363,1.6152,31.416,0.69624
22.035,17.929,0,1.6075,31.834,0
22.035,18.09,0,1.607,32.237,0
22.035,18.25,0,1.5999,32.623,0
22.035,18.41,0,1.5956,32.994,0
22.832,18.57,1.6231,1.589,33.554,0.83382
22.832,18.729,0,1.5871,33.973,0
22.832,18.887,0,1.5827,34.375,0
23.313,19.046,1.5848,1.5771,34.847,0.73696
23.313,19.203,0,1.5739,35.266,0
23.313,19.361,0,1.5689,35.669,0
23.313,19.518,0,1.567,36.056,0
23.313,19.674,0,1.5588,36.428,0
24.101,19.83,1.5236,1.5548,36.966,0.59642
24.101,19.986,0,1.5485,37.385,0
24.101,20.141,0,1.5416,37.789,0
24.101,20.295,0,1.5356,38.177,0
24.101,20.448,0,1.5312,38.55,0
24.101,20.602,0,1.5261,38.907,0
24.101,20.754,0,1.5185,39.25,0
25.15,20.906,1.5129,1.5161,39.955,0.78885
25.293,21.058,1.5344,1.509,40.374,0.94825
25.293,21.208,0,1.5047,40.79,0
25.604,21.359,1.5436,1.5048,41.229,1.0718
25.604,21.509,0,1.5061,41.646,0
25.927,21.66,1.5259,1.5049,42.084,1.0434
26.086,21.811,1.5116,1.504,42.515,0.99598
26.086,21.961,0,1.5,42.935,0
26.086,22.111,0,1.4968,43.34,0
26.086,22.261,0,1.4913,43.73,0
26.086,22.41,0,1.485,44.105,0
26.086,22.558,0,1.4796,44.465,0
26.086,22.706,0,1.4787,44.811,0
27.111,22.854,1.4487,1.4712,45.492,0.86774
27.261,23.001,1.4539,1.4685,45.917,0.93056
27.261,23.148,0,1.4639,46.336,0
27.261,23.294,0,1.4613,46.74,0
27.693,23.441,1.4168,1.4554,47.192,0.80956
27.833,23.586,1.3984,1.4503,47.624,0.73121
27.833,23.731,0,1.443,48.041,0
27.833,23.875,0,1.4382,48.444,0
28.243,24.019,1.3376,1.4321,48.887,0.47029
28.243,24.162,0,1.4274,49.302,0
28.518,24.305,1.3386,1.4219,49.726,0.53051
28.518,24.447,0,1.4164,50.14,0
28.518,24.589,0,1.4103,50.54,0
28.518,24.73,0,1.4015,50.926,0
29.011,24.87,0.85925,1.3851,51.393,0
29.011,25.009,0,1.3665,51.801,0
29.174,25.145,0.65167,1.3416,52.215,0
29.235,25.28,0.66703,1.3147,52.615,0
29.235,25.411,0,1.2905,53.004,0
29.379,25.54,0.67454,1.2707,53.394,0
29.379,25.667,0,1.2473,53.772,0
29.509,25.792,0.67121,1.2256,54.137,0
29.509,25.914,0,1.202,54.503,0
29.509,26.035,0,1.1822,54.857,0
29.509,26.153,0,1.1613,55.198,0
29.509,26.269,0,1.1366,55.528,0
29.784,26.383,0.39465,4.8,55.927,13.267
29.826,26.863,0.40484,0.9441,56.237,0
29.826,26.957,0,0.92268,56.528,0
29.826,27.049,0,4.8,56.811,21.695
29.826,27.529,0,0.74564,57.064,0
29.826,27.604,0,0.73425,57.29,0
29.826,27.677,0,0.72628,57.509,0
30.064,27.75,0.39952,4.8,57.778,19.135
30.064,28.23,0,0.56463,57.985,0
30.134,28.286,0.31204,0.55676,58.185,0
30.134,28.342,0,0.55078,58.367,0
30.189,28.397,0.03601,0.53942,58.542,0
30.197,28.451,-0.13481,4.8,58.728,29.959
30.179,28.931,-0.28146,0.36586,58.875,0
30.179,28.968,0,0.34493,58.998,0
30.097,29.002,-0.53372,0.32102,59.124,0
30.035,29.034,-0.58842,0.29315,59.22,0.25423
30.035,29.064,0,0.26509,59.318,0
29.898,29.09,-0.71535,0.23653,59.401,1.2688
29.829,29.114,-0.77444,0.20944,59.48,1.807
29.829,29.135,0,0.17875,59.551,0
29.829,29.153,0,0.14615,59.619,0
29.829,29.167,0,0.1155,59.686,0
29.829,29.179,0,0.082084,59.752,0
29.357,29.187,-1.2003,-2,59.698,3.4129
29.227,28.987,-1.2583,4.8,59.72,62.16
29.227,29.467,0,-0.02521,59.72,0.45875
29.227,29.464,0,-0.035182,59.696,0.4279
28.819,29.461,-1.619,-0.04522,59.613,16.007
28.659,29.456,-1.8715,-0.056277,59.535,21.561
28.465,29.451,-2.1789,-0.069707,59.449,29.756
28.465,29.444,0,-0.084261,59.35,2.1881
28.465,29.435,0,-0.10174,59.253,2.0971
27.75,29.425,-2.7858,-0.11965,59.062,53.677
27.75,29.413,0,-0.13968,58.895,4.1103
27.185,29.399,-2.8648,-0.15969,58.684,60.444
27.185,29.383,0,-0.17969,58.463,5.8163
27.185,29.365,0,-0.2007,58.244,5.633
26.319,29.345,-3.0332,-0.22264,57.913,72.932
26.009,29.323,-3.1187,-0.24587,57.589,78.628
26.009,29.298,0,-0.26926,57.259,9.6792
25.364,29.271,-3.5314,-0.29556,56.855,103.18
25.364,29.242,0,-0.3237,56.465,11.921
25.364,29.21,0,-0.3543,56.079,11.551
25.364,29.174,0,-0.38661,55.696,11.161
25.364,29.135,0,-0.42034,55.317,10.752
23.442,29.093,-4.0521,-0.45574,54.471,144.2
23.035,29.048,-4.0811,-0.49267,53.89,147.76
22.621,28.999,-4.0792,-0.53173,53.267,149.29
22.621,28.945,0,-0.57112,52.632,22.157
22.621,28.888,0,-0.61256,52.002,21.483
22.621,28.827,0,-0.65672,51.379,20.77
22.621,28.761,0,-0.70554,50.761,20.002
22.621,28.691,0,-0.75859,50.151,19.183
19.998,28.615,-5.4343,-0.81816,48.806,268.57
19.451,28.533,-5.89,-0.88608,47.918,320.24
19.451,28.445,0,-0.96146,47.014,33.558
18.239,28.348,-6.5996,-1.0472,46.012,414.78
18.239,28.244,0,-1.1414,45.006,37.773
18.239,28.13,0,-1.2426,44.012,36.052
16.354,28.005,-5.2184,-1.3451,42.745,251.2
16.354,27.871,0,-1.4482,41.587,43.843
16.354,27.726,0,-1.5489,40.442,41.88
16.354,27.571,0,-1.6454,39.313,39.924
14.771,27.406,-2.4635,-1.7436,37.826,105.69
14.771,27.232,0,-1.842,36.572,45.525
14.31,27.048,-1.8155,-1.9436,35.285,84.108
14.31,26.854,0,-2.0467,34.021,43.857
13.969,26.649,-1.2522,-2.1539,32.744,66.869
13.969,26.433,0,-2.2626,31.487,41.113
13.741,26.207,-0.72944,-2.3719,30.236,51.945
13.741,25.97,0,-2.4818,29.001,37.456
13.741,25.722,0,-2.5926,27.791,34.895
13.741,25.463,0,-2.6994,26.606,32.365
13.741,25.193,0,-2.8044,25.447,29.855
13.741,24.912,0,-2.9073,24.316,27.378
13.741,24.622,0,-3.0016,23.213,25.001
13.741,24.321,0,-3.1007,22.14,22.621
13.741,24.011,0,-3.2001,21.098,20.295
13.741,23.691,0,-3.2923,20.087,18.096
13.924,23.362,0.49389,-3.3827,19.106,12.195
13.971,23.024,0.50362,-3.466,18.183,10.608
13.971,22.677,0,-3.537,17.295,11.52
14.065,22.323,0.48717,-3.6049,16.458,8.3405
14.065,21.963,0,-2.9,15.65,12.001
14.152,21.673,0.48976,-2.9,14.883,8.4519
14.152,21.383,0,-2.9,14.145,9.6036
14.152,21.093,0,-2.9,13.437,8.6733
14.152,20.803,0,-2.9,12.757,7.8183
14.152,20.513,0,-2.9,12.107,7.0449
14.152,20.223,0,-2.9,11.485,6.3605
14.441,19.933,0.56039,-2.9,11.007,5.4564
14.441,19.643,0,-2.9,10.472,4.9285
14.441,19.353,0,-2.9,9.9666,4.6914
14.441,19.063,0,-2.9,9.4899,4.5957
14.729,18.773,1.0016,-2.9,9.0925,9.7424
14.832,18.483,1.0352,-2.9,8.709,11.703
14.832,18.193,0,-4.4,8.3584,43.672
14.832,17.753,0,-4.4,8.0443,56.731
14.832,17.313,0,-4.4,7.7742,74.383
14.832,16.873,0,-4.4,7.5481,98.853
14.832,16.433,0,-4.4,7.366,134.08
15.447,15.993,1.0906,-4.4,7.4122,212.74
15.55,15.553,1.3214,-4.4,7.382,271.71
15.678,15.113,1.6911,-4.4,7.4108,333.95
15.839,14.673,2.1307,-4.4,7.5061,400.68
16.042,14.233,2.5551,-4.4,7.6622,482.67
16.305,13.793,2.8994,-4.4,7.8868,602.88
16.305,13.353,0,-4.4,8.1599,0
16.305,12.913,0,-4.4,8.4771,0
16.305,12.473,0,-4.4,8.8383,0
16.305,12.033,0,-5.2,9.2435,0
17.79,11.513,2.9766,-5.2,10.068,0
17.79,10.993,0,2.304,10.722,0
17.79,11.223,0,2.3774,11.39,0
17.79,11.461,0,2.4514,12.035,0
19.027,11.706,3.275,2.5191,12.904,19.058
19.027,11.958,0,2.5832,13.623,0
19.027,12.216,0,2.6419,14.317,0
19.027,12.481,0,2.6891,14.985,0
19.027,12.75,0,2.736,15.626,0
20.694,13.023,3.4054,2.7743,16.668,18.308
21.03,13.301,3.4231,2.8099,17.441,18.283
21.03,13.582,0,2.8433,18.2,0
21.03,13.866,0,2.8682,18.93,0
21.03,14.153,0,2.8897,19.632,0
21.03,14.442,0,2.9045,20.305,0
21.03,14.732,0,2.9168,20.95,0
22.975,15.024,2.9653,2.9181,22.153,13.688
22.975,15.316,0,2.9179,22.933,0
22.975,15.607,0,2.9111,23.685,0
22.975,15.899,0,2.9012,24.407,0
22.975,16.189,0,2.8908,25.1,0
22.975,16.478,0,2.8777,25.764,0
22.975,16.766,0,2.8702,26.4,0
22.975,17.053,0,2.8623,27.006,0
22.975,17.339,0,2.8555,27.584,0
25.528,17.624,2.863,2.8458,29.255,13.674
25.821,17.909,2.8794,2.8399,30.045,13.997
25.821,18.193,0,2.8357,30.822,0
25.821,18.476,0,2.825,31.571,0
26.678,18.759,2.775,2.8149,32.417,13.536
26.957,19.04,2.7397,2.8044,33.208,13.376
26.957,19.321,0,2.7948,33.986,0
27.505,19.6,2.6191,2.7806,34.791,12.579
27.759,19.878,2.5882,2.762,35.574,12.444
28.021,20.155,2.6425,2.7465,36.352,13.124
28.021,20.429,0,2.7332,37.125,0
28.542,20.703,2.566,2.7181,37.932,12.709
28.542,20.974,0,2.7037,38.702,0
28.542,21.245,0,2.6844,39.446,0
28.542,21.513,0,2.6698,40.162,0
29.543,21.78,2.3869,2.6537,41.061,11.603
29.543,22.046,0,2.6331,41.824,0
30.013,22.309,2.3221,2.6141,42.593,11.257
30.252,22.57,2.3024,2.5975,43.369,11.195
30.485,22.83,2.2906,2.5792,44.133,11.206
30.485,23.088,0,2.5584,44.886,0
30.485,23.344,0,2.5434,45.612,0
30.485,23.598,0,2.5261,46.314,0
30.485,23.851,0,2.5094,46.99,0
30.485,24.102,0,2.4928,47.641,0
30.485,24.351,0,2.4765,48.266,0
30.485,24.599,0,2.4588,48.867,0
30.485,24.845,0,2.4377,49.444,0
30.485,25.088,0,2.4228,49.996,0
32.706,25.331,2.0988,2.4026,51.637,10.438
32.706,25.571,0,2.3836,52.363,0
32.706,25.809,0,2.3674,53.064,0
32.706,26.046,0,2.3501,53.742,0
32.706,26.281,0,2.3326,54.396,0
33.73,26.514,2.0218,2.3137,55.263,10.089
33.73,26.746,0,2.2988,55.973,0
33.73,26.975,0,4.8,56.66,0.56534
33.73,27.455,0,4.8,57.312,2.7915
34.531,27.935,1.952,4.8,58.082,0
34.723,28.415,1.9322,4.8,58.733,0
34.907,28.895,1.9284,4.8,59.34,0
34.907,29.375,0,1.6644,59.917,0
34.907,29.542,0,-2,60.462,2170
35.471,29.342,1.7397,-2,61.113,464.85
35.651,29.142,1.6902,-2,61.74,611.47
35.651,28.942,0,4.8,62.401,0.77162
35.651,29.422,0,-2,63.048,0
35.651,29.222,0,-2,63.681,0
35.651,29.022,0,4.8,64.334,1.1365
35.651,29.502,0,-2,64.973,0
35.651,29.302,0,-2,65.598,0
35.651,29.102,0,-2,66.243,0
35.651,28.902,0,4.8,66.908,0.59042
37.098,29.382,1.5713,-2,68.19,3091.9
37.098,29.182,0,-2,68.971,0
37.098,28.982,0,4.8,69.773,0
37.098,29.462,0,-2,70.561,0
37.098,29.262,0,-2,71.334,0
37.891,29.062,1.4902,-2,72.298,0
