14.722,14.722,0.30013,0,35.5,0
14.722,14.722,0,0.019665,35.5,0.04229
14.722,14.724,0,0.050941,35.5,0.11778
14.722,14.729,0,0.063428,35.499,0.15886
14.722,14.736,0,0.065933,35.498,0.17904
14.855,14.742,-0.10996,0.065299,35.558,0.17321
14.855,14.749,0,0.054401,35.569,0
14.855,14.754,0,0.034094,35.58,0
14.855,14.758,0,0.013364,35.59,0
14.855,14.759,0,-0.0016642,35.599,0
14.855,14.759,0,-0.0050173,35.609,0
14.855,14.758,0,-0.0090705,35.619,0
14.579,14.757,-0.64889,-0.013932,35.583,3.1449
14.512,14.756,-0.53848,-0.01909,35.568,2.6928
14.512,14.754,0,-0.02394,35.544,0.46769
14.405,14.752,-0.24786,-0.027243,35.493,1.5619
14.405,14.749,0,-0.029345,35.459,0.69105
14.405,14.746,0,-0.030254,35.424,0.68157
14.405,14.743,0,-0.030752,35.39,0.67303
14.334,14.74,-0.12133,-0.032024,35.348,1.2234
14.314,14.737,-0.13934,-0.03339,35.314,1.3299
14.314,14.733,0,-0.034004,35.272,0.85775
14.314,14.73,0,-0.034603,35.23,0.84769
14.314,14.727,0,-0.035822,35.189,0.83572
14.314,14.723,0,-0.036115,35.148,0.82616
14.314,14.719,0,-0.036288,35.107,0.81689
14.314,14.716,0,-0.036046,35.067,0.80879
14.26,14.712,-0.011189,-0.036263,34.99,0.9677
14.259,14.708,-0.027396,-0.036088,34.936,1.0104
14.259,14.705,0,-0.035345,34.891,0.91956
14.259,14.701,0,-0.035061,34.847,0.91167
14.259,14.698,0,-0.035419,34.803,0.90196
14.263,14.694,-0.045376,-0.034909,34.76,1.0257
14.263,14.691,0,-0.03556,34.717,0.87531
14.254,14.687,-0.048804,-0.03514,34.676,1.0394
14.254,14.684,0,-0.034629,34.633,0.88129
14.254,14.68,0,-0.034794,34.59,0.87231
14.267,14.677,0.33134,-0.033459,34.523,0.13563
14.267,14.673,0,-0.030874,34.483,0.83544
14.267,14.67,0,-0.026439,34.442,0.84079
14.427,14.668,0.82407,-0.019751,34.434,0
14.427,14.666,0,-0.012584,34.41,0.48971
14.427,14.664,0,-0.0053517,34.386,0.50578
14.691,14.664,0.93729,0.015281,34.415,0
14.691,14.665,0,0.061869,34.418,0.08384
14.691,14.672,0,0.11713,34.42,0.23512
14.691,14.683,0,0.16407,34.421,0.39182
14.691,14.7,0,0.20981,34.421,0.56936
15.166,14.721,1.0357,0.25074,34.535,0
15.166,14.746,0,0.29708,34.578,0
15.166,14.776,0,0.34219,34.618,0
15.166,14.81,0,0.3755,34.656,0.15806
15.166,14.847,0,0.40481,34.689,0.3471
15.656,14.888,0.84437,0.42831,34.855,0
15.656,14.931,0,0.44764,34.929,0
15.806,14.975,0.72325,0.46037,35.005,0
15.806,15.021,0,0.47467,35.086,0
15.806,15.069,0,0.48463,35.162,0
16.001,15.117,0.41852,0.48522,35.264,0
16.001,15.166,0,0.47727,35.35,0
16.001,15.214,0,0.46482,35.431,0
16.001,15.26,0,0.44807,35.508,0
16.001,15.305,0,0.42839,35.579,0
16.001,15.348,0,0.40976,35.647,0
16.001,15.389,0,0.38565,35.71,0
16.001,15.427,0,0.35906,35.769,0
16.001,15.463,0,0.33088,35.825,0
16.001,15.496,0,0.30231,35.877,0
16.001,15.526,0,0.27262,35.926,0
16.001,15.554,0,0.23853,35.972,0
16.001,15.578,0,0.2128,36.016,0
15.956,15.599,-0.055074,0.19022,36.159,0
15.956,15.618,0,0.17623,36.194,0
15.951,15.636,0.005238,0.168,36.23,0
15.951,15.652,0,0.15451,36.261,0
15.951,15.668,0.003037,0.15038,36.291,0
15.951,15.683,0,0.14013,36.318,0
15.951,15.697,0,0.1292,36.345,0
15.951,15.71,0,0.11625,36.369,0
15.951,15.721,0,0.10435,36.393,0
15.951,15.732,0,0.094168,36.415,0
15.901,15.741,-0.26183,0.084681,36.421,0.58886
15.901,15.75,0,0.066142,36.436,0
15.901,15.756,0,0.046024,36.451,0
15.901,15.761,0,0.023654,36.466,0
15.764,15.763,-0.508,0.00037461,36.467,1.7765
15.764,15.763,0,-0.0034468,36.467,0
15.764,15.763,0,-0.0071904,36.467,0
15.627,15.762,-0.43677,-0.01093,36.443,1.821
15.627,15.761,0,-0.013742,36.43,0.25307
15.627,15.76,0,-0.016487,36.416,0.24364
15.522,15.758,-0.16353,-0.019135,36.388,0.95924
15.522,15.756,0,-0.019804,36.365,0.46133
15.522,15.754,0,-0.021041,36.342,0.45367
15.522,15.752,0,-0.021237,36.318,0.44839
15.522,15.75,0,-0.021777,36.295,0.44221
15.483,15.748,-0.033185,-0.021534,36.283,0.61696
15.484,15.746,-0.025477,-0.021324,36.249,0.58908
15.484,15.744,0,-0.0206,36.223,0.51739
15.488,15.741,-0.018702,-0.020659,36.205,0.55213
15.488,15.739,0,-0.020659,36.18,0.49763
15.488,15.737,0,-0.019739,36.155,0.49528
15.488,15.735,0,-0.017929,36.13,0.49546
15.488,15.734,0,-0.014963,36.105,0.49907
15.488,15.732,0,-0.010855,36.081,0.50639
15.488,15.731,0,-0.0055302,36.056,0.51793
15.488,15.73,0,0.0024277,36.032,0.53788
15.488,15.731,0,0.042314,36.008,0.64931
15.488,15.735,0,0.082896,35.983,0.7802
15.488,15.743,0,0.12186,35.958,0.9245
15.488,15.755,0,0.15637,35.932,1.072
15.488,15.771,0,0.18819,35.905,1.2264
16.201,15.79,0.75615,0.21531,36.223,0
16.201,15.811,0,0.24396,36.263,0
16.201,15.836,0,0.27209,36.301,0
16.201,15.863,0,0.2984,36.336,0
16.519,15.893,0.7738,0.32566,36.427,0
16.596,15.925,0.73386,0.34826,36.486,0
16.596,15.96,0,0.37219,36.552,0
16.596,15.997,0,0.39203,36.614,0
16.596,16.037,0,0.40599,36.672,0
16.596,16.077,0,0.41371,36.725,0
16.596,16.119,0,0.42194,36.775,0
16.596,16.161,0,0.42213,36.821,0.10028
16.596,16.203,0,0.42057,36.862,0.20316
16.596,16.245,0,0.41658,36.9,0.29932
17.095,16.287,0.18986,0.41128,37.2,0
17.095,16.328,0,0.40222,37.279,0
17.095,16.368,0,0.37913,37.354,0
17.095,16.406,0,0.34891,37.425,0
17.095,16.441,0,0.30783,37.492,0
17.095,16.472,0,0.26104,37.556,0
17.095,16.498,0,0.21116,37.617,0
16.824,16.519,-0.90168,0.15341,37.654,4.0196
16.824,16.534,0,0.097154,37.684,0
16.629,16.544,-1.0076,0.042748,37.685,5.1087
16.629,16.548,0,-0.0018035,37.693,0
16.629,16.548,0,-0.0089947,37.701,0
16.629,16.547,0,-0.017141,37.71,0
16.247,16.545,-0.82899,-0.024088,37.653,4.8665
16.247,16.543,0,-0.030425,37.624,0.57569
16.081,16.54,-0.78784,-0.037118,37.595,5.1527
16.081,16.536,0,-0.043084,37.549,0.92155
15.923,16.532,-0.78849,-0.049351,37.505,5.7348
15.923,16.527,0,-0.054817,37.444,1.2603
15.793,16.522,-0.54603,-0.059347,37.367,4.3516
15.793,16.516,0,-0.063318,37.295,1.5455
15.793,16.509,0,-0.066386,37.223,1.5179
15.793,16.503,0,-0.068477,37.152,1.493
15.793,16.496,0,-0.069761,37.081,1.4704
15.793,16.489,0,-0.071562,37.011,1.4458
15.59,16.482,-0.22864,-0.074043,36.893,2.996
15.59,16.474,0,-0.075671,36.804,1.9502
15.59,16.467,0,-0.07617,36.716,1.927
15.59,16.459,0,-0.076835,36.629,1.903
15.521,16.451,-0.12572,-0.078429,36.5,2.6025
15.521,16.444,0,-0.078883,36.407,2.0456
15.521,16.436,0,-0.07979,36.316,2.0197
15.521,16.428,0,-0.081087,36.225,1.9921
15.464,16.42,-0.074783,-0.081712,36.14,2.4396
15.459,16.411,-0.065174,-0.081802,36.049,2.3905
15.459,16.403,0,-0.08161,35.954,2.0998
15.459,16.395,0,-0.080941,35.86,2.0788
15.459,16.387,0,-0.080934,35.766,2.0556
15.459,16.379,0,-0.081244,35.674,2.0313
15.459,16.371,0,-0.081889,35.582,2.0057
15.459,16.363,0,-0.081419,35.492,1.9842
15.459,16.354,0,-0.082308,35.402,1.9578
15.459,16.346,0,-0.082371,35.312,1.9342
15.459,16.338,0,-0.082289,35.224,1.9113
15.401,16.33,-0.063276,-0.082903,35.099,2.3061
15.393,16.321,-0.021719,-0.083139,35.006,2.132
15.393,16.313,0,-0.082385,34.914,2.0257
15.393,16.305,0,-0.082632,34.823,2.0012
15.393,16.297,0,-0.082653,34.732,1.9777
15.393,16.288,0,-0.082986,34.642,1.953
15.378,16.28,-0.030285,-0.082411,34.544,2.0945
15.378,16.272,0,-0.082391,34.454,1.953
15.378,16.264,0,-0.08311,34.365,1.9271
15.378,16.255,0,-0.082134,34.277,1.9073
15.378,16.247,0,-0.082035,34.19,1.8845
15.378,16.239,0,-0.081378,34.103,1.8639
15.378,16.231,0,-0.081965,34.017,1.8391
15.34,16.222,-0.068647,-0.082733,33.913,2.1894
15.34,16.214,0,-0.081973,33.825,1.8973
15.34,16.206,0,-0.082649,33.738,1.8719
15.328,16.198,-0.089249,-0.082452,33.665,2.2404
15.328,16.189,0,-0.082196,33.578,1.8625
15.328,16.181,0,-0.081904,33.492,1.8406
15.328,16.173,0,-0.081416,33.407,1.8195
15.319,16.165,-0.078843,-0.081345,33.337,2.131
15.321,16.157,-0.078431,-0.080633,33.259,2.102
15.321,16.149,0,-0.080026,33.176,1.7768
15.321,16.141,0,-0.080859,33.093,1.7517
15.298,16.133,-0.043114,-0.081319,33.016,1.9531
15.294,16.125,-0.010682,-0.08124,32.939,1.8197
15.294,16.116,0,-0.080161,32.856,1.7616
15.291,16.108,-0.028373,-0.080502,32.77,1.8506
15.291,16.1,0,-0.080514,32.689,1.723
15.291,16.092,0,-0.081302,32.608,1.6981
15.291,16.084,0,-0.081162,32.528,1.6763
15.291,16.076,0,-0.079545,32.45,1.6598
15.291,16.068,0,-0.074192,32.371,1.6568
15.291,16.061,0,-0.068421,32.294,1.6568
15.291,16.054,0,-0.060795,32.217,1.6648
15.291,16.048,0,-0.051693,32.141,1.6803
15.291,16.043,0,-0.040557,32.066,1.7058
15.291,16.039,0,-0.028495,31.991,1.738
15.884,16.036,1.2009,-0.015448,32.05,0.46618
15.997,16.034,1.1492,-0.0038005,32.048,0.36928
15.997,16.034,0,0.036971,32.044,0.16107
15.997,16.037,0,0.082638,32.041,0.28296
15.997,16.046,0,0.12865,32.036,0.42744
15.997,16.059,0,0.1675,32.031,0.57312
15.997,16.075,0,0.19949,32.024,0.71586
15.997,16.095,0,0.22592,32.015,0.85534
16.663,16.118,0.57632,0.2485,32.272,0
16.719,16.143,0.54043,0.26279,32.332,0
16.719,16.169,0,0.27615,32.388,0
16.719,16.197,0,0.28081,32.442,0
16.719,16.225,0,0.28389,32.493,0
16.864,16.253,0.089988,0.27698,32.579,0
16.864,16.281,0,0.2649,32.639,0
16.867,16.307,-0.20298,0.25328,32.696,0
16.867,16.333,0,0.23009,32.751,0
16.799,16.356,-0.4916,0.2003,32.793,1.1667
16.799,16.376,0,0.1709,32.837,0
16.799,16.393,0,0.13647,32.878,0
16.799,16.406,0,0.098412,32.918,0
16.539,16.416,-0.8984,0.055105,32.903,4.1196
16.454,16.422,-1.0384,0.014521,32.902,5.4208
16.36,16.423,-1.2542,-0.006337,32.899,7.9195
16.36,16.423,0,-0.018579,32.892,0.09003
16.36,16.421,0,-0.034142,32.886,0.053203
16.36,16.417,0,-0.053674,32.88,0.006776
16.36,16.412,0,-0.076277,32.875,0
16.36,16.404,0,-0.10154,32.87,0
16.36,16.394,0,-0.12661,32.866,0
16.36,16.381,0,-0.15253,32.863,0
16.36,16.366,0,-0.17821,32.862,0
16.36,16.348,0,-0.2043,32.862,0
14.126,16.328,-2.4077,-0.23047,31.868,43.299
13.878,16.305,-2.3218,-0.25671,31.636,42.129
13.878,16.279,0,-0.28257,31.395,6.0045
13.878,16.251,0,-0.30692,31.156,5.7652
13.216,16.22,-1.811,-0.32974,30.831,32.559
13.216,16.187,0,-0.3505,30.532,7.8242
13.216,16.152,0,-0.36951,30.236,7.5673
13.216,16.115,0,-0.38726,29.945,7.3139
13.216,16.077,0,-0.40421,29.657,7.0619
12.513,16.036,-1.1301,-0.41843,29.17,22.4
12.513,15.994,0,-0.43436,28.82,9.3979
12.284,15.951,-1.1568,-0.45091,28.461,23.368
12.164,15.906,-1.0689,-0.46874,28.091,22.288
12.164,15.859,0,-0.48424,27.72,9.9785
12.164,15.81,0,-0.50004,27.353,9.6656
12.164,15.76,0,-0.51401,26.99,9.3617
12.164,15.709,0,-0.52505,26.633,9.0746
12.164,15.657,0,-0.53549,26.281,8.7901
12.164,15.603,0,-0.54314,25.935,8.5221
11.731,15.549,-0.33208,-0.55027,25.421,12.937
11.731,15.494,0,-0.55847,25.042,9.7728
11.731,15.438,0,-0.56763,24.668,9.4759
11.731,15.381,0,-0.57704,24.301,9.177
11.592,15.323,-0.2602,-0.58609,23.902,11.582
11.592,15.265,0,-0.59469,23.532,9.1585
11.592,15.205,0,-0.60139,23.167,8.8697
11.531,15.145,-0.076668,-0.60555,22.808,9.4091
11.531,15.085,0,-0.60859,22.449,8.5786
11.531,15.024,0,-0.61243,22.097,8.3085
11.531,14.963,0,-0.61601,21.751,8.0416
11.531,14.901,0,-0.61633,21.411,7.7958
11.531,14.839,0,-0.61802,21.077,7.5444
11.529,14.777,0.02188,-0.61968,20.75,7.1676
11.529,14.716,0,-0.62104,20.428,7.0614
11.529,14.653,0,-0.6203,20.113,6.8303
11.529,14.591,0,-0.61905,19.803,6.6051
11.529,14.529,0,-0.61859,19.5,6.3786
11.529,14.468,0,-0.61911,19.203,6.1496
11.529,14.406,0,-0.61717,18.912,5.9364
11.529,14.344,0,-0.61402,18.627,5.7327
11.529,14.283,0,-0.61063,18.349,5.5335
11.569,14.222,0.12175,-0.60859,18.091,4.5886
11.574,14.161,0.04966,-0.60568,17.822,4.7343
11.574,14.1,0,-0.60165,17.566,4.7991
11.574,14.04,0,-0.59728,17.316,4.6201
11.574,13.98,0,-0.5932,17.073,4.4434
11.574,13.921,0,-0.5907,16.835,4.2632
11.574,13.862,0,-0.5858,16.603,4.0969
11.574,13.803,0,-0.58151,16.377,3.9315
11.574,13.745,0,-0.57636,16.157,3.7732
11.574,13.687,0,-0.57114,15.943,3.6188
11.574,13.63,0,-0.57253,15.734,3.4414
11.508,13.573,-0.54935,-0.57741,15.567,6.5918
11.457,13.515,-0.72242,-0.585,15.37,7.8961
11.389,13.457,-0.82201,-0.59772,15.168,8.7367
11.306,13.397,-0.95512,-0.61555,14.96,10.023
11.218,13.335,-1.0467,-0.63427,14.758,10.986
11.218,13.272,0,-0.65779,14.549,3.1067
10.996,13.206,-1.3646,-0.68742,14.334,15.021
10.852,13.138,-1.4857,-0.72611,14.104,16.877
10.852,13.065,0,-0.76659,13.879,3.1581
10.852,12.988,0,-0.81,13.661,2.8077
10.852,12.907,0,-0.84999,13.451,2.485
10.268,12.822,-1.5654,-0.89021,13.123,18.06
10.119,12.733,-2.0141,-0.93344,12.873,26.581
10.119,12.64,0,-0.99726,12.616,3.2024
10.119,12.54,0,-1.0765,12.369,2.7287
9.4328,12.433,-2.6461,-1.1675,12.028,44.251
9.1736,12.316,-2.4386,-1.2635,11.719,37.244
8.9232,12.189,-1.7946,-1.361,11.392,21.385
8.9232,12.053,0,-1.4298,11.072,3.4357
8.9232,11.91,0,-5.2,10.766,163.72
8.9232,11.39,0,-5.2,10.494,252.38
8.5296,10.87,-0.27905,-5.2,10.169,367.77
8.5023,10.35,-0.46976,-5.2,9.9506,737.98
8.4606,9.8304,-0.85109,-5.2,9.7956,0
8.4606,9.3104,0,-0.38311,9.6847,0.93957
8.4606,9.2721,0,-5.2,9.6016,325.43
8.4606,8.7521,0,-0.25886,9.5465,0.088775
8.4606,8.7262,0,-0.31526,9.5186,0
8.4606,8.6946,0,-0.37162,9.4936,0
8.4606,8.6575,0,-5.2,9.4721,324.17
8.4606,8.1375,0,-0.26405,9.4784,0
8.4606,8.1111,0,-0.31557,9.512,0
8.4606,8.0795,0,-5.2,9.5485,322.99
8.4606,7.5595,0,-0.19068,9.6126,0
6.9434,7.5405,-0.74662,-0.22428,8.8584,4.194
6.9434,7.518,0,-0.24404,8.7998,0.66848
6.9434,7.4936,0,-5.2,8.7436,91.736
6.9434,6.9736,0,-0.075428,8.7146,0
6.715,6.9661,-0.44082,-0.089621,8.6743,1.8576
6.715,6.9571,0,-0.1001,8.6497,0.28673
6.715,6.9471,0,-0.11431,8.626,0.23554
6.715,6.9357,0,-0.12958,8.6033,0.18124
6.715,6.9227,0,-0.13848,8.5819,0.13825
6.715,6.9089,0,-0.14069,8.5618,0.10714
6.5249,6.8948,0.28837,-0.13581,8.4703,0.0083975
6.5588,6.8812,0.5346,-0.11877,8.4423,0
6.5588,6.8693,0,-5.2,8.4107,69.231
6.5588,6.3493,0,0.23018,8.4056,0.09437
6.5588,6.3724,0,0.27772,8.4254,0.28578
6.5588,6.4001,0,0.33872,8.4427,0.54931
6.5588,6.434,0,0.39947,8.4569,0.85285
6.5588,6.4739,0,0.46316,8.4673,1.2104
6.5588,6.5203,0,0.52841,8.4735,1.6215
7.4791,6.5731,1.3278,0.58104,8.7934,0
7.4791,6.6312,0,0.62185,8.8811,0
7.7363,6.6934,1.1981,0.66173,8.9891,0
7.7363,6.7596,0,0.6907,9.0901,0
7.9626,6.8286,0.92727,0.71008,9.1957,0
7.9626,6.8996,0,0.71811,9.3055,0
7.9626,6.9715,0,0.71798,9.4082,0
7.9626,7.0433,0,0.71604,9.5037,0
8.2704,7.1149,0.52206,0.7049,9.6452,0
8.2704,7.1853,0,0.68758,9.7573,0
8.2704,7.2541,0,0.67548,9.8623,0
8.2704,7.3217,0,0.66246,9.9606,0
8.4672,7.3879,0.37938,0.64342,10.087,0
8.4672,7.4522,0,0.62856,10.192,0
8.4672,7.5151,0,0.60757,10.29,0
8.4672,7.5759,0,0.5908,10.382,0
8.4672,7.6349,0,0.57531,10.468,0
8.4672,7.6925,0,0.55907,10.549,0
8.4672,7.7484,0,0.55007,10.623,0
8.4672,7.8034,0,0.5487,10.693,0
8.8132,7.8583,0.48078,0.54905,10.875,0
8.8132,7.9132,0,0.53832,10.967,0
8.8132,7.967,0,0.52503,11.055,0
8.8132,8.0195,0,0.51222,11.137,0
8.8132,8.0707,0,0.48682,11.213,0
8.8132,8.1194,0,0.46418,11.285,0
8.8132,8.1658,0,0.43535,11.352,0
8.8132,8.2093,0,0.41333,11.415,0
8.8132,8.2507,0,0.38633,11.473,0
8.8132,8.2893,0,0.36546,11.527,0
8.9535,8.3259,0.14031,0.34934,11.685,0
8.9535,8.3608,0,0.33787,11.746,0
8.9535,8.3946,0,0.32692,11.804,0
8.9535,8.4273,0,0.3199,11.858,0
8.9535,8.4593,0,0.31739,11.909,0
8.9535,8.491,0,0.31894,11.957,0
8.9535,8.5229,0,0.31115,12.002,0
8.9535,8.554,0,0.30381,12.043,0
9.1329,8.5844,0.32193,0.30071,12.168,0
9.1329,8.6145,0,0.30155,12.221,0
9.2059,8.6446,0.36105,0.30659,12.278,0
9.2059,8.6753,0,0.31402,12.332,0
9.2059,8.7067,0,0.3149,12.384,0
9.2059,8.7382,0,0.30594,12.432,0
9.2059,8.7688,0,0.29135,12.477,0
9.3025,8.7979,-0.11219,0.27296,12.551,0
9.3025,8.8252,0,0.25369,12.6,0
9.3025,8.8506,0,0.23269,12.647,0
9.2747,8.8738,-0.1759,0.21566,12.675,0.10011
9.2747,8.8954,0,0.18962,12.714,0
9.224,8.9144,-0.29582,0.16625,12.759,0.59161
9.2034,8.931,-0.38831,0.14614,12.788,0.99721
9.2034,8.9456,0,0.1159,12.815,0
9.1083,8.9572,-0.59854,0.080908,12.828,2.1419
9.0429,8.9653,-0.53116,0.041513,12.837,1.8334
8.993,8.9694,-0.39683,0.012614,12.844,1.2387
8.993,8.9707,0,-0.0031335,12.846,0
8.9291,8.9704,-0.014541,-0.010144,12.834,0.095362
8.936,8.9694,0.15132,-0.0082167,12.828,0
8.9587,8.9685,0.16445,-0.0024223,12.831,0
8.9587,8.9683,0,0.0043552,12.83,0.029059
8.9741,8.9687,-0.023802,0.0028564,12.843,0.046526
8.9739,8.969,-0.067931,0.0026011,12.842,0.15006
8.9739,8.9693,0,0.00099049,12.843,0
8.9617,8.9694,-0.11818,-0.0018806,12.837,0.29707
8.9617,8.9692,0,-0.0056711,12.836,0.0034008
8.9617,8.9686,0,-0.0087006,12.835,0
8.9617,8.9678,0,-0.013057,12.835,0
8.9617,8.9665,0,-0.015956,12.834,0
8.9617,8.9649,0,-0.021081,12.834,0
8.9617,8.9627,0,-0.026048,12.833,0
8.9617,8.9601,0,-0.030274,12.833,0
8.8248,8.9571,-0.16665,-0.032722,12.774,0.65397
8.8248,8.9538,0,-0.036789,12.761,0.18895
8.8248,8.9502,0,-0.040441,12.748,0.1731
8.8248,8.9461,0,-0.042844,12.736,0.15935
8.8248,8.9418,0,-0.043642,12.724,0.14868
8.8248,8.9375,0,-0.042804,12.713,0.14141
8.7551,8.9332,-0.077071,-0.044429,12.686,0.46988
8.7551,8.9287,0,-0.043434,12.669,0.26906
8.7551,8.9244,0,-0.042115,12.652,0.26277
8.7582,8.9202,0.056528,-0.040655,12.626,0.12869
8.7582,8.9161,0,-0.039366,12.61,0.24457
8.7726,8.9122,0.14487,-0.035148,12.593,0
8.7726,8.9087,0,-0.032773,12.579,0.21287
8.7888,8.9054,0.22249,-0.029495,12.55,0
8.7888,8.9024,0,-0.02267,12.538,0.18795
8.7888,8.9002,0,-0.014089,12.527,0.20269
8.7888,8.8988,0,-0.0037482,12.516,0.22369
8.7888,8.8984,0,0.013854,12.505,0.26495
8.7888,8.8998,0,0.03679,12.494,0.32516
8.7888,8.9035,0,0.063436,12.483,0.40326
9.0965,8.9098,0.75011,0.098701,12.529,0
9.0965,8.9197,0,0.12941,12.547,0
9.0965,8.9326,0,0.1644,12.564,0.027228
9.0965,8.9491,0,0.19843,12.58,0.15404
9.0965,8.9689,0,0.22526,12.593,0.27653
9.0965,8.9914,0,0.2489,12.605,0.40213
9.0965,9.0163,0,0.26501,12.614,0.51522
9.5701,9.0428,0.58779,0.2769,12.782,0
9.5701,9.0705,0,0.28948,12.833,0
9.6834,9.0995,0.62966,0.3059,12.898,0
9.6834,9.13,0,0.3268,12.954,0
