2.2222,2.2222,-0.17987,0,35.5,0.46192
2.1949,2.2222,-0.21665,7.8,35.501,78.996
2.1762,3.0022,-0.28918,7.8,35.466,86.322
2.1762,3.7822,0,7.8,35.344,85.621
2.0987,4.5622,-0.46795,7.8,35.141,102.38
2.0493,5.3422,-0.60344,7.8,34.856,111.8
2.0493,6.1222,0,6.7,34.488,89.444
2.0493,6.7922,0,6.7,34.047,94.239
2.0493,7.4622,0,6.7,33.539,99.057
2.0493,8.1322,0,6.7,32.965,103.9
2.0493,8.8022,0,6.7,32.323,108.75
1.6539,9.4722,-0.48421,-0.46334,31.496,38.823
1.6539,9.4259,0,-0.48059,30.716,31.162
1.6539,9.3778,0,-0.49745,29.941,30.714
1.6539,9.3281,0,-0.51465,29.171,30.256
1.6539,9.2766,0,-0.53266,28.406,29.781
1.6539,9.2234,0,-0.55105,27.647,29.295
1.6539,9.1682,0,-0.56863,26.893,28.807
1.6539,9.1114,0,-0.58639,26.144,28.31
1.6539,9.0527,0,-0.60361,25.401,27.811
1.6539,8.9924,0,-0.62002,24.664,27.312
1.6539,8.9304,0,-0.63605,23.934,26.81
1.7634,8.8668,0.81771,-0.65105,23.158,17.274
1.7634,8.8017,0,-0.66573,22.451,25.2
1.7634,8.7351,0,-0.6802,21.751,24.697
2.0172,8.6671,0.96324,-0.69396,21.09,13.881
2.1229,8.5977,0.99825,-0.70581,20.432,12.855
2.1229,8.5271,0,-0.71856,19.788,21.279
2.1229,8.4552,0,-0.72881,19.151,20.809
2.1229,8.3824,0,-0.73892,18.521,20.338
2.1229,8.3085,0,-0.74645,17.899,19.887
2.6612,8.2338,1.1579,-0.75419,17.421,8.4243
2.6612,8.1584,0,-0.76073,16.867,16.279
2.8694,8.0823,0.82684,-0.76897,16.335,8.8266
2.8694,8.0054,0,-0.77815,15.817,14.397
3.011,7.9276,0.28865,-0.78941,15.322,10.976
3.011,7.8487,0,-0.80702,14.834,12.793
3.0327,7.768,-0.10326,-0.82792,14.358,13.067
3.0327,7.6852,0,-0.85034,13.889,11.652
3.015,7.6002,-0.38567,-0.87603,13.414,14.646
3.015,7.5126,0,-0.90849,12.959,10.583
2.9245,7.4217,-0.68605,-0.94083,12.5,16.911
2.8653,7.3276,-0.83794,-0.97892,12.045,18.221
2.782,7.2297,-0.90375,-1.0227,11.604,18.564
2.782,7.1275,0,-1.0742,11.164,8.9057
2.782,7.02,0,-1.1222,10.735,8.2049
2.522,6.9078,-0.59921,-1.1725,10.28,13.377
2.522,6.7906,0,-1.2192,9.8471,7.7753
2.522,6.6687,0,-1.2612,9.4263,7.1084
2.3975,6.5425,-0.20378,-1.3028,8.9936,8.1064
2.3975,6.4123,0,-1.342,8.5856,6.2571
2.3975,6.2781,0,-1.3813,8.1908,5.6475
2.3301,6.1399,-0.13365,-5.2,7.7948,0.59803
2.3301,5.6199,0,-8.8,7.4398,0
2.3085,4.7399,-0.10218,-8.8,7.1501,0
2.3002,3.8599,-0.082946,-0.42513,6.9411,2.8959
2.2908,3.8174,-0.066529,-8.8,6.7848,0
2.2847,2.9374,-0.0036455,-0.14157,6.6671,1.1274
2.2863,2.9233,0.095418,-0.13968,6.6019,0.82547
2.2975,2.9093,0.29855,-0.13562,6.538,0.3846
2.2975,2.8957,0,-0.12807,6.4775,1.0224
2.3786,2.8829,0.93885,-8.8,6.4334,0
2.4753,2.0029,1.27,1.6696,6.4354,0
2.605,2.1699,1.593,1.3547,6.4861,0
2.7548,2.3054,1.8034,1.2715,6.5253,0
2.7548,2.4325,0,1.3319,6.5638,4.9216
2.7548,2.5657,0,1.3468,6.5894,5.575
2.7548,2.7004,0,1.3643,6.6016,6.2682
2.7548,2.8368,0,1.3748,6.6002,6.9375
2.7548,2.9743,0,1.3515,6.5851,7.3849
2.7548,3.1094,0,1.3096,6.5564,7.6933
2.7548,3.2404,0,1.2973,6.5144,8.1973
4.1528,3.3701,1.4761,1.2575,7.0459,0
4.1528,3.4959,0,1.2293,7.1179,2.9809
4.1528,3.6188,0,1.1962,7.1774,3.2594
4.1528,3.7384,0,1.1246,7.2248,3.3064
4.1528,3.8509,0,1.0208,7.2606,3.148
4.1528,3.953,0,0.90087,7.2857,2.8726
4.1528,4.0431,0,0.777,7.3012,2.5507
4.6484,4.1208,-0.2136,0.64419,7.5468,1.5881
4.6484,4.1852,0,0.52096,7.5963,0.35118
4.6484,4.2373,0,0.42236,7.6401,0.16288
4.6484,4.2795,0,0.34916,7.6791,0.046946
4.6484,4.3144,0,0.31978,7.7142,0.047143
4.6113,4.3464,0.38032,0.30273,7.7439,0
4.6113,4.3767,0,0.29824,7.7688,0.2275
4.6113,4.4065,0,0.33614,7.7908,0.42023
4.7752,4.4401,0.6758,0.37325,7.8313,0
4.7752,4.4774,0,0.41321,7.8629,0.42887
4.7752,4.5188,0,0.42449,7.8906,0.57843
4.9722,4.5612,0.46994,0.44335,7.9464,0
4.9722,4.6055,0,0.4363,7.9853,0.32342
4.9722,4.6492,0,0.41675,8.0198,0.37389
4.9722,4.6908,0,0.40449,8.05,0.44341
4.9722,4.7313,0,0.39745,8.0761,0.52762
4.9722,4.771,0,0.37765,8.0982,0.56696
4.9722,4.8088,0,0.36422,8.1164,0.62266
4.9722,4.8452,0,0.34684,8.1309,0.66133
4.9722,4.8799,0,0.33734,8.1419,0.72231
5.2531,4.9136,0.3982,0.33559,8.2847,0
5.2531,4.9472,0,0.34186,8.3169,0.18111
5.2531,4.9814,0,0.3531,8.3458,0.30204
5.2531,5.0167,0,0.37525,8.3712,0.46521
5.2531,5.0542,0,0.39922,8.393,0.6474
5.2531,5.0941,0,0.40864,8.4109,0.79088
5.5518,5.135,0.13907,0.3915,8.4966,0
5.5618,5.1742,-0.019303,0.36121,8.5406,0.094238
5.5618,5.2103,0,0.31672,8.5776,0
5.536,5.242,-0.22881,0.26983,8.6009,0.76621
5.536,5.2689,0,0.23054,8.629,0
5.536,5.292,0,0.18881,8.6546,0
5.536,5.3109,0,0.14058,8.678,0
5.536,5.3249,0,0.10785,8.6998,0
5.536,5.3357,0,0.065713,8.7204,0
5.536,5.3423,0,0.032738,8.7401,0
5.536,5.3456,0,0.0036798,8.7593,0
5.536,5.3459,0,-0.0083947,8.7783,0
5.536,5.3451,0,-0.015511,8.7974,0
5.26,5.3435,-0.18217,-0.022451,8.6626,0.61085
5.26,5.3413,0,-0.028127,8.6544,0.10792
5.2201,5.3385,0.010233,-0.031844,8.6515,0.15488
5.2201,5.3353,0,-0.030784,8.6398,0.17309
5.2408,5.3322,0.13376,-0.024694,8.6201,0
5.2408,5.3297,0,-0.019523,8.6111,0.14265
5.2691,5.3278,0.14213,-0.015847,8.6179,0
5.2876,5.3262,0.13856,-0.010451,8.6096,0
5.2876,5.3252,0,-0.0054039,8.6057,0.066133
5.2876,5.3246,0,-0.0016345,8.602,0.073204
5.3304,5.3245,0.25351,0.0053147,8.5923,0
5.3304,5.325,0,0.025073,8.5929,0.042836
5.3973,5.3275,0.59521,0.062354,8.5982,0
5.3973,5.3337,0,0.11716,8.6049,0.13414
5.3973,5.3455,0,0.17641,8.6106,0.32003
5.3973,5.3631,0,0.24656,8.615,0.57476
5.3973,5.3878,0,0.32455,8.6171,0.90362
5.3973,5.4202,0,0.37742,8.6165,1.1913
5.9217,5.4579,0.45852,0.40373,8.7467,0
5.9605,5.4983,0.15244,0.39923,8.7903,0
5.9826,5.5382,-0.060039,0.38097,8.8366,0.13941
5.9668,5.5763,-0.22534,0.3327,8.8883,0.71488
5.9668,5.6096,0,0.27962,8.9257,0
5.9668,5.6376,0,0.22306,8.96,0
5.9668,5.6599,0,0.1648,8.9918,0
5.9668,5.6764,0,0.098383,9.0217,0
5.9668,5.6862,0,0.048268,9.0502,0
5.9668,5.691,0,6.0345e-05,9.078,0
5.6543,5.691,-0.35166,-0.0099179,9.0058,1.1388
5.6543,5.69,0,-0.019814,9.0021,0.031716
5.5785,5.6881,-0.29531,-0.029574,8.9973,1.0512
5.5785,5.6851,0,-0.038029,8.9865,0.13904
5.5785,5.6813,0,-0.043144,8.976,0.12013
5.5785,5.677,0,-0.052351,8.966,0.091861
5.5785,5.6717,0,-0.061873,8.9564,0.061755
5.5785,5.6656,0,-0.073722,8.9474,0.025971
5.3329,5.6582,-1.1412,-0.089329,8.8752,7.3491
5.3329,5.6493,0,-0.1202,8.8431,0.39885
5.0365,5.6372,-2.2658,-0.1672,8.7822,27.798
4.8062,5.6205,-2.7647,-0.22928,8.7039,11.179
4.5374,5.5976,-3.0131,-0.30203,8.6189,11.595
4.2396,5.5674,-2.9707,-0.38485,8.4991,11.636
4.2396,5.5289,0,-0.46765,8.3683,1.7237
4.2396,5.4821,0,-0.54882,8.2417,1.4021
4.2396,5.4273,0,-0.6199,8.1202,1.1362
3.2624,5.3653,-1.3001,-0.67723,7.7826,13.6
3.1294,5.2975,-0.89469,-8.8,7.5718,0
3.1294,4.4175,0,-0.39251,7.399,1.9493
3.1294,4.3783,0,-0.40498,7.2722,1.8098
3.1294,4.3378,0,-8.8,7.1493,0
3.1294,3.4578,0,-0.12629,7.0725,0.41064
2.8958,3.4452,-0.2871,-0.13252,6.9383,1.9092
2.8958,3.4319,0,-0.13913,6.884,0.84336
2.8958,3.418,0,-0.14519,6.8311,0.79487
2.8958,3.4035,0,-0.15176,6.7796,0.74446
2.8958,3.3883,0,-0.15395,6.7296,0.70449
2.8958,3.3729,0,-8.8,6.6811,0
2.8958,2.4929,0,0.58786,6.6774,0.76536
2.8958,2.5517,0,0.36703,6.7148,0.16158
2.6904,2.5884,-0.12718,0.24198,6.6511,0.81847
2.6792,2.6126,-0.017764,0.15579,6.6611,0.27706
2.6792,2.6282,0,0.093523,6.667,0.10355
2.6792,2.6375,0,0.070912,6.6716,0.069897
2.6864,2.6446,0.33902,0.095909,6.6793,0
2.6864,2.6542,0,0.13773,6.683,0.26001
2.6864,2.668,0,0.19304,6.6855,0.45004
2.8018,2.6873,0.39768,0.25609,6.6777,0
2.8465,2.7129,0.34756,0.29447,6.6901,0
2.8465,2.7423,0,0.3229,6.702,0.64126
2.9208,2.7746,0.11482,0.31136,6.7173,0.15032
2.9271,2.8058,-0.012026,0.25429,6.7331,0.41478
2.9271,2.8312,0,0.21153,6.7439,0.31387
2.9271,2.8523,0,0.15758,6.7525,0.21387
2.9271,2.8681,0,0.11709,6.7591,0.14433
2.9271,2.8798,0,0.13114,6.7645,0.20735
2.988,2.8929,0.73904,0.19051,6.7842,0
2.988,2.912,0,0.30897,6.7927,0.66951
3.1672,2.9429,1.245,0.43942,6.8276,0
3.1672,2.9868,0,0.59247,6.8478,1.4543
3.1672,3.0461,0,0.73545,6.8629,2.305
3.1672,3.1196,0,0.82338,6.8713,3.0117
3.1672,3.2019,0,0.90275,6.872,3.7516
3.1672,3.2922,0,0.91887,6.864,4.1901
3.1672,3.3841,0,0.92954,6.8469,4.6127
4.0514,3.4771,0.54133,0.88635,7.1411,0
4.1016,3.5657,0.22304,0.79946,7.206,0.32969
4.1282,3.6456,-0.034343,0.69789,7.2555,1.1186
4.1282,3.7154,0,0.56764,7.3002,0.66023
4.1282,3.7722,0,0.45488,7.3387,0.41405
4.1282,3.8177,0,0.33856,7.372,0.15969
4.1282,3.8515,0,0.24691,7.4014,0
4.1282,3.8762,0,0.18943,7.4278,0
4.1282,3.8952,0,0.13316,7.452,0
3.9754,3.9085,-0.15873,0.087594,7.3919,0.49711
3.9647,3.9173,-0.18429,0.061924,7.39,0.54813
3.9647,3.9234,0,0.033478,7.3944,0
3.9215,3.9268,-0.24701,-0.0013126,7.3908,0.68878
3.9215,3.9267,0,-0.0070379,7.3902,0
3.8816,3.926,-0.15439,-0.011128,7.3776,0.462
3.8816,3.9248,0,-0.016065,7.3732,0.054898
3.8816,3.9232,0,-0.016211,7.369,0.051277
3.8423,3.9216,-0.079325,-0.01993,7.3689,0.31189
3.8423,3.9196,0,-0.020549,7.3611,0.1161
3.8289,3.9176,-0.17557,-0.022372,7.3463,0.60339
3.8289,3.9153,0,-0.023825,7.3375,0.12803
3.8289,3.9129,0,-0.029703,7.329,0.11027
3.7634,3.91,-0.226,-0.037104,7.3215,0.87353
3.7317,3.9063,-0.22933,-0.044285,7.3056,0.93596
3.7317,3.9018,0,-0.050887,7.2884,0.24434
3.7317,3.8967,0,-0.055118,7.2716,0.22406
3.7317,3.8912,0,-0.061474,7.2554,0.19846
3.7317,3.8851,0,-0.064019,7.2397,0.18013
3.7317,3.8787,0,-0.069087,7.2247,0.15608
3.7317,3.8718,0,-0.076035,7.2104,0.12745
3.7317,3.8642,0,-0.081428,7.1967,0.1011
3.5216,3.856,-0.24006,-0.087403,7.1157,1.2636
3.5216,3.8473,0,-0.089556,7.0827,0.49144
3.5216,3.8383,0,-0.095155,7.0506,0.45815
3.5216,3.8288,0,-0.096887,7.0194,0.43323
3.4455,3.8191,-0.31097,-0.099766,6.9791,1.6132
3.4068,3.8092,-0.36228,-0.10787,6.9504,1.8929
3.4068,3.7984,0,-0.11535,6.9107,0.57444
3.3359,3.7868,-0.48499,-8.8,6.8527,0
3.3359,2.9068,0,0.76965,6.8517,1.4444
3.3359,2.9838,0,0.48816,6.8907,0.54007
3.3359,3.0326,0,0.29021,6.9235,0.037412
3.1438,3.0616,-0.36701,0.15262,6.9253,1.5248
3.1438,3.0769,0,0.046666,6.9328,0
3.1438,3.0816,0,-0.0013035,6.9392,0
3.1438,3.0814,0,-0.0090306,6.9454,0
3.1438,3.0805,0,-0.013876,6.9517,0
3.1438,3.0791,0,-0.017364,6.9581,0
3.1438,3.0774,0,-0.024543,6.9647,0
3.1438,3.075,0,-0.029701,6.9714,0
2.9177,3.072,-0.25001,-0.033313,6.8834,0.99342
2.9177,3.0687,0,-0.036008,6.8681,0.23727
2.9177,3.0651,0,-0.042234,6.8532,0.21546
2.9177,3.0608,0,-0.046828,6.8387,0.19628
2.9177,3.0561,0,-0.052066,6.8246,0.17495
2.9177,3.0509,0,-0.060883,6.811,0.14519
2.7201,3.0448,-0.53066,-0.07182,6.7453,2.6612
2.6703,3.0377,-0.52543,-0.08192,6.702,2.7314
2.6703,3.0295,0,-0.09084,6.6657,0.56313
2.6703,3.0204,0,-0.098127,6.6302,0.52468
2.6703,3.0106,0,-0.10238,6.5957,0.49259
2.6703,3.0003,0,-0.10822,6.5621,0.45622
2.6703,2.9895,0,-8.8,6.5297,0
2.6703,2.1095,0,1.2456,6.5417,3.4417
2.6703,2.2341,0,0.67601,6.5916,1.0184
2.6703,2.3017,0,0.402,6.6318,0.20785
2.6703,2.3419,0,0.32783,6.6667,0.084016
2.6703,2.3747,0,0.35404,6.6979,0.24413
2.6703,2.4101,0,0.5538,6.7257,1.0512
2.6703,2.4654,0,0.81383,6.7489,2.4053
2.6703,2.5468,0,1.1093,6.7653,4.3463
2.6703,2.6578,0,1.3495,6.7721,6.3496
3.517,2.7927,2.6713,1.5329,6.7491,0
3.517,2.946,0,1.6403,6.8138,5.9019
3.517,3.11,0,1.7025,6.8627,7.0649
3.517,3.2803,0,1.7103,6.8949,7.8986
3.517,3.4513,0,1.7027,6.91,8.6375
3.517,3.6216,0,1.6957,6.9081,9.3886
3.517,3.7911,0,1.6703,6.8892,10.005
3.517,3.9582,0,1.612,6.8534,10.357
3.517,4.1194,0,1.5031,6.8012,10.287
3.517,4.2697,0,1.364,6.7335,9.9339
5.4823,4.4061,0.19916,1.21,7.8009,0.42237
5.4823,4.5271,0,1.0617,7.9025,1.0665
5.4823,4.6333,0,0.93166,7.9927,0.82487
5.5398,4.7264,0.45493,0.83835,8.0712,0
5.5398,4.8103,0,0.78928,8.1483,0.59626
5.5398,4.8892,0,0.74645,8.2173,0.65981
5.7099,4.9638,0.46073,0.72662,8.3029,0
5.7099,5.0365,0,0.68699,8.3739,0.36391
5.7099,5.1052,0,0.64236,8.4378,0.39323
5.7099,5.1694,0,0.59321,8.495,0.39425
5.8223,5.2288,-0.056128,0.54526,8.5725,0.2814
5.8223,5.2833,0,0.48306,8.6291,0.026735
5.8223,5.3316,0,0.41254,8.6806,0
5.776,5.3728,-0.27486,0.35945,8.7232,0.99425
5.776,5.4088,0,0.29851,8.7617,0
5.776,5.4386,0,0.25059,8.7969,0
5.776,5.4637,0,0.20479,8.8294,0
5.776,5.4842,0,0.16209,8.8596,0
5.6446,5.5004,-0.30191,0.12552,8.8681,0.93625
5.6446,5.5129,0,0.096531,8.8819,0
5.5841,5.5226,-0.32211,0.053193,8.8767,0.9781
5.5841,5.5279,0,0.028353,8.8826,0
5.5841,5.5307,0,-0.0022261,8.888,0
5.5841,5.5305,0,-0.010672,8.8934,0
5.5841,5.5295,0,-0.018462,8.8988,0
5.5841,5.5276,0,-0.028832,8.9044,0
5.5841,5.5247,0,-0.043268,8.9101,0
5.5841,5.5204,0,-0.073933,8.9163,0
5.064,5.513,-2.5726,-0.12164,8.7974,10.613
4.8009,5.5008,-3.4354,-0.19137,8.7363,11.849
4.8009,5.4817,0,-0.2848,8.6673,0.80286
4.8009,5.4532,0,-0.39634,8.6006,0.52014
4.8009,5.4136,0,-0.52291,8.5374,0.28995
4.8009,5.3613,0,-0.65056,8.4787,0.1711
4.8009,5.2962,0,-0.77653,8.4259,0.19596
2.434,5.2186,-2.4757,-0.89014,7.6773,11.081
2.434,5.1296,0,-8.8,7.4033,0
2.434,4.2496,0,-8.8,7.1777,0
2.434,3.3696,0,-0.33976,7.0402,1.2374
2.434,3.3356,0,-0.35448,6.9483,1.1214
2.434,3.3002,0,-0.36327,6.8599,1.021
2.434,3.2638,0,-8.8,6.7751,0
2.434,2.3838,0,-0.11576,6.7361,0
2.434,2.3722,0,-0.1211,6.7417,0
2.434,2.3601,0,-0.12477,6.7485,0
2.434,2.3477,0,-0.13151,6.7565,0
2.434,2.3345,0,-8.8,6.7658,0
1.5914,1.4545,-0.2925,0.78766,6.1058,4.3319
1.5914,1.5333,0,0.20478,6.1155,0.38672
1.5606,1.5538,-0.024115,0.03538,6.1085,0.11886
1.5606,1.5573,0,0.042104,6.109,0.085749
1.5879,1.5615,0.73764,0.13483,6.1111,0
1.5879,1.575,0,0.4589,6.1131,1.4087
1.5879,1.6209,0,0.78959,6.1121,3.1235
1.96,1.6998,2.0934,1.1618,6.1517,0
1.96,1.816,0,1.3852,6.1719,6.0225
1.96,1.9545,0,1.5969,6.1794,8.1315
1.96,2.1142,0,1.6566,6.1719,9.3259
2.8788,2.2799,2.3922,1.6814,6.3352,0
3.1231,2.448,2.3148,1.6977,6.3977,0
3.3533,2.6178,2.2512,1.6679,6.4599,0
3.5754,2.7846,2.1821,1.6341,6.5344,0
3.7842,2.948,2.121,1.5906,6.6256,0
3.9989,3.107,2.1196,1.5735,6.72,0
3.9989,3.2644,0,1.5437,6.8013,4.5677
4.4136,3.4188,2.1136,1.5306,6.8941,0
4.6313,3.5718,2.1319,1.5364,7.0033,0
4.8457,3.7255,2.1041,1.536,7.1162,0
4.8457,3.8791,0,1.539,7.2205,3.5934
4.8457,4.033,0,1.5124,7.3095,4.0493
4.8457,4.1842,0,1.4866,7.3832,4.5052
4.8457,4.3329,0,1.472,7.4419,5.0293
5.8204,4.4801,1.9167,1.4562,7.7448,0
5.8204,4.6257,0,1.455,7.8715,2.2258
5.8204,4.7712,0,1.4494,7.9837,2.7425
5.8204,4.9161,0,1.4654,8.0814,3.3974
5.8204,5.0627,0,1.487,8.1645,4.1144
5.8204,5.2114,0,1.5067,8.2328,4.8519
7.0706,5.362,2.1753,1.5157,8.6409,0
7.2804,5.5136,2.1576,1.523,8.8156,0
7.4987,5.6659,2.1528,1.5366,8.9928,0
7.4987,5.8196,0,1.5514,9.1684,0.9869
7.4987,5.9747,0,1.5603,9.3285,1.5871
8.1537,6.1307,1.9911,1.5715,9.5707,0
8.1537,6.2879,0,1.5713,9.7651,0.44252
8.5404,6.445,1.9029,1.5552,9.9865,0
8.7249,6.6005,1.9226,1.5427,10.191,0
8.7249,6.7548,0,1.5396,10.396,0
8.7249,6.9088,0,1.5339,10.585,0.4298
8.7249,7.0621,0,1.5402,10.759,0.98782
8.7249,7.2162,0,1.5368,10.917,1.5175
8.7249,7.3698,0,1.5307,11.061,2.0476
8.7249,7.5229,0,1.5196,11.188,2.5612
10.023,7.6749,1.7607,1.509,11.79,0
10.023,7.8258,0,1.5088,12.017,0
10.023,7.9767,0,1.5076,12.229,0
10.569,8.1274,1.7308,1.5036,12.51,0
10.569,8.2778,0,1.5,12.747,0
10.569,8.4278,0,1.4897,12.969,0
10.569,8.5768,0,1.4868,13.176,0
10.569,8.7254,0,1.4833,13.367,0.10041
10.569,8.8738,0,1.4813,13.544,0.58288
10.569,9.0219,0,1.4711,13.707,1.0403
11.752,9.169,1.6432,1.464,14.29,0
11.752,9.3154,0,1.4626,14.541,0
12.088,9.4617,1.6241,1.4579,14.81,0
12.088,9.6075,0,1.4542,15.065,0
12.421,9.7529,1.6492,1.4512,15.322,0
12.421,9.898,0,1.4478,15.581,0
12.745,10.043,1.5933,1.4429,15.854,0
12.745,10.187,0,1.4357,16.117,0
13.052,10.331,1.5722,1.4286,16.403,0
13.201,10.473,1.548,1.4203,16.682,0
13.201,10.616,0,1.4202,16.948,0
13.201,10.758,0,1.4154,17.199,0
13.201,10.899,0,1.4056,17.437,0
13.201,11.04,0,1.3986,17.66,0
13.964,11.18,1.5543,1.3957,18.063,0
13.964,11.319,0,1.3916,18.334,0
14.275,11.458,1.6235,1.3917,18.613,0
14.275,11.597,0,1.3982,18.887,0
14.275,11.737,0,1.3991,19.148,0
14.275,11.877,0,1.3945,19.395,0
14.275,12.017,0,1.3874,19.628,0
14.275,12.155,0,1.3831,19.847,0
14.275,12.294,0,1.3806,20.052,0
14.275,12.432,0,1.3799,20.243,0
14.275,12.57,0,1.38,20.42,0.082938
14.275,12.708,0,1.3756,20.584,0.51146
14.275,12.845,0,1.3725,20.734,0.95849
15.925,12.983,0.88143,1.3586,21.802,0
15.925,13.118,0,1.3295,22.089,0
15.925,13.251,0,1.2855,22.363,0
15.925,13.38,0,1.2301,22.624,0
15.925,13.503,0,1.1575,22.873,0
15.925,13.619,0,1.0859,23.109,0
15.925,13.727,0,1.0114,23.334,0
15.934,13.828,-0.51205,0.93974,23.618,0
15.934,13.922,0,0.8676,23.824,0
15.934,14.009,0,0.80593,24.021,0
15.774,14.09,-0.55864,0.74371,24.18,0
15.774,14.164,0,0.68778,24.345,0
15.774,14.233,0,0.63604,24.503,0
15.624,14.296,-0.53255,0.58145,24.619,0.22936
15.624,14.355,0,0.53042,24.749,0
15.528,14.408,-0.49533,0.48893,24.876,0.30378
15.475,14.457,-0.48078,0.44377,24.984,0.36048
15.475,14.501,0,0.40384,25.083,0
15.475,14.541,0,0.36478,25.179,0
