16.944,16.944,-0.83993,0,35.5,3.8294
16.944,16.944,0,-0.0085373,35.5,0
16.769,16.944,-0.77143,-0.015904,35.47,3.9515
16.769,16.942,0,-0.022679,35.452,0.31565
16.769,16.94,0,-0.029933,35.435,0.29339
16.55,16.937,-0.72364,-0.03541,35.377,4.3602
16.55,16.933,0,-0.041092,35.338,0.75037
16.55,16.929,0,-0.048508,35.3,0.71997
16.313,16.924,-0.74827,-0.056336,35.221,5.3684
16.313,16.919,0,-0.062591,35.16,1.2389
16.313,16.912,0,-0.06854,35.1,1.2039
16.313,16.905,0,-0.074552,35.04,1.1676
16.033,16.898,-0.57196,-0.080787,34.929,4.9556
15.984,16.89,-0.55498,-0.084867,34.838,4.9739
15.932,16.881,-0.54886,-0.089327,34.742,5.082
15.932,16.873,0,-0.094058,34.648,2.0414
15.932,16.863,0,-0.098889,34.554,1.9966
15.932,16.853,0,-0.10224,34.462,1.9563
15.932,16.843,0,-0.10528,34.37,1.9165
15.932,16.832,0,-0.10858,34.28,1.8751
15.667,16.822,-0.46563,-0.11166,34.085,5.1906
15.667,16.81,0,-0.115,33.97,2.5532
15.57,16.799,-0.6185,-0.12001,33.851,6.6048
15.57,16.787,0,-0.12545,33.729,2.732
15.57,16.774,0,-0.13194,33.608,2.6671
15.57,16.761,0,-0.13875,33.488,2.5997
15.57,16.747,0,-0.14334,33.369,2.5397
15.268,16.733,-0.45811,-0.14738,33.17,6.1931
15.268,16.718,0,-0.15215,33.024,3.3486
15.268,16.703,0,-0.156,32.879,3.2828
15.268,16.687,0,-0.15779,32.737,3.2253
15.268,16.672,0,-0.15954,32.596,3.1678
15.268,16.656,0,-0.16186,32.456,3.1075
15.268,16.64,0,-0.16393,32.318,3.048
15.268,16.623,0,-0.16425,32.182,2.9957
15.268,16.607,0,-0.16373,32.047,2.947
15.268,16.59,0,-0.16198,31.914,2.904
15.091,16.574,-0.025899,-0.15987,31.611,3.5437
15.091,16.558,0,-0.15988,31.463,3.3676
15.075,16.542,0.13562,-0.16014,31.333,2.7758
15.075,16.526,0,-0.15756,31.187,3.327
15.075,16.51,0,-0.15457,31.042,3.29
15.075,16.495,0,-0.15078,30.899,3.2575
15.075,16.48,0,-0.14521,30.758,3.2341
15.219,16.465,0.21254,-0.14039,30.647,1.9579
15.219,16.451,0,-0.13791,30.523,2.7286
15.241,16.438,0.065276,-0.13642,30.395,2.3626
15.241,16.424,0,-0.134,30.276,2.5964
15.241,16.41,0,-0.13357,30.158,2.558
15.241,16.397,0,-0.13375,30.042,2.5174
15.241,16.384,0,-0.13325,29.927,2.4797
15.241,16.37,0,-0.13413,29.813,2.4367
15.241,16.357,0,-0.13675,29.701,2.3869
15.18,16.343,-0.34411,-0.1381,29.55,4.277
15.139,16.33,-0.42132,-0.14205,29.436,4.8483
15.103,16.315,-0.45985,-0.14549,29.317,5.1755
15.058,16.301,-0.54633,-0.15003,29.19,5.8958
15.013,16.286,-0.53419,-0.15464,29.068,5.9039
15.013,16.27,0,-0.16028,28.942,2.7133
14.904,16.254,-0.48237,-0.16616,28.798,5.7682
14.904,16.238,0,-0.17184,28.664,2.8959
14.904,16.22,0,-0.17691,28.532,2.8223
14.904,16.203,0,-0.18337,28.401,2.7421
14.904,16.184,0,-0.18861,28.272,2.6659
14.904,16.166,0,-0.19271,28.145,2.5933
14.609,16.146,-0.48302,-0.19768,27.924,6.3549
14.609,16.127,0,-0.20358,27.771,3.3346
14.516,16.106,-0.51941,-0.20777,27.613,6.7959
14.47,16.085,-0.54136,-0.21285,27.443,7.0436
14.47,16.064,0,-0.2195,27.283,3.5075
14.344,16.042,-0.55671,-0.22776,27.109,7.435
14.344,16.019,0,-0.23374,26.941,3.7082
14.344,15.996,0,-0.24039,26.774,3.6023
14.344,15.972,0,-0.24709,26.61,3.4951
14.344,15.947,0,-0.2535,26.449,3.3884
14.074,15.922,-0.46001,-0.25975,26.216,7.0946
14.074,15.896,0,-0.26509,26.032,4.0435
14.074,15.869,0,-0.26983,25.851,3.9335
14.074,15.842,0,-0.27652,25.673,3.8142
14.074,15.815,0,-0.28234,25.497,3.698
14.074,15.787,0,-0.28781,25.325,3.5829
14.074,15.758,0,-0.29527,25.155,3.4587
14.074,15.728,0,-0.30042,24.988,3.3437
14.074,15.698,0,-0.30514,24.824,3.2304
13.664,15.668,-0.23427,-0.3103,24.459,5.8029
13.664,15.637,0,-0.31311,24.26,4.318
13.664,15.605,0,-0.31104,24.064,4.2228
13.667,15.574,0.37654,-0.30582,23.855,2.6049
13.698,15.544,0.47974,-0.29944,23.66,2.1777
13.75,15.514,0.56067,-0.28936,23.471,1.8303
13.75,15.485,0,-0.27654,23.296,3.7056
13.75,15.457,0,-0.2655,23.124,3.6662
13.75,15.431,0,-0.25126,22.954,3.6448
13.75,15.405,0,-0.23959,22.787,3.6164
13.75,15.382,0,-0.22477,22.623,3.606
13.75,15.359,0,-0.21155,22.461,3.5932
14.202,15.338,0.59621,-0.19773,22.471,0.7834
14.202,15.318,0,-0.18484,22.358,2.2018
14.202,15.3,0,-0.17644,22.248,2.1806
14.202,15.282,0,-0.17075,22.139,2.1516
14.202,15.265,0,-0.16827,22.032,2.1125
14.202,15.248,0,-0.16894,21.926,2.0627
14.265,15.231,-0.46034,-0.17456,21.877,4.0461
14.21,15.214,-0.4688,-0.18242,21.778,4.1961
14.21,15.195,0,-0.19046,21.679,1.8203
14.21,15.176,0,-0.19564,21.581,1.7515
14.062,15.157,-0.48357,-0.20284,21.471,4.5233
14.062,15.137,0,-0.20946,21.363,1.9964
14.062,15.116,0,-0.21734,21.256,1.9116
14.062,15.094,0,-0.22507,21.152,1.8265
14.062,15.071,0,-0.23312,21.05,1.7397
14.062,15.048,0,-0.23818,20.95,1.6621
13.759,15.024,-0.38172,-0.24555,20.76,4.2892
13.759,15,0,-0.24938,20.635,2.317
13.691,14.975,-0.38093,-0.25327,20.507,4.3091
13.691,14.949,0,-0.25872,20.379,2.3316
13.609,14.924,-0.37754,-0.26399,20.243,4.3446
13.609,14.897,0,-0.26919,20.113,2.3775
13.533,14.87,-0.28444,-0.27346,19.978,3.8386
13.533,14.843,0,-0.27574,19.845,2.4157
13.533,14.815,0,-0.27611,19.716,2.3361
13.533,14.788,0,-0.27452,19.589,2.2643
13.466,14.76,-0.0084969,-0.27498,19.419,2.4046
13.472,14.733,0.091918,-0.27045,19.288,1.9714
13.472,14.706,0,-0.26317,19.163,2.2463
13.503,14.679,0.27219,-0.25685,19.039,1.3055
13.528,14.654,0.34586,-0.24757,18.93,1.0652
13.528,14.629,0,-0.23744,18.819,1.9706
13.604,14.605,0.4038,-0.22369,18.714,0.77819
13.638,14.583,0.34708,-0.21246,18.62,0.78363
13.638,14.562,0,-0.20185,18.526,1.6177
13.638,14.541,0,-0.19244,18.435,1.5956
13.638,14.522,0,-0.18012,18.346,1.5855
13.762,14.504,0.13003,-0.17138,18.255,0.89681
13.762,14.487,0,-0.16366,18.182,1.2298
13.762,14.471,0,-0.16242,18.11,1.1929
13.762,14.454,0,-0.15709,18.04,1.1685
13.813,14.439,0.27814,-0.14754,17.975,0.4223
13.813,14.424,0,-0.13748,17.913,1.0266
13.813,14.41,0,-0.12622,17.852,1.0257
13.813,14.398,0,-0.11348,17.793,1.0318
13.959,14.386,0.26934,-0.10225,17.773,0.15811
13.959,14.376,0,-0.095837,17.73,0.68234
13.959,14.366,0,-0.090684,17.689,0.67378
13.959,14.357,0,-0.08518,17.649,0.66732
13.959,14.349,0,-0.084233,17.609,0.65017
13.987,14.34,-0.20522,-0.085839,17.573,1.1931
13.987,14.332,0,-0.087318,17.538,0.5396
13.987,14.323,0,-0.093519,17.504,0.50477
13.987,14.314,0,-0.10287,17.471,0.46159
13.987,14.303,0,-0.10991,17.439,0.42269
13.987,14.292,0,-0.12175,17.408,0.37223
13.749,14.28,-0.44879,-0.1314,17.329,2.634
13.749,14.267,0,-0.13752,17.277,0.80532
13.671,14.253,-0.49164,-0.14554,17.213,2.9783
13.671,14.239,0,-0.1568,17.156,0.87123
13.581,14.223,-0.40491,-0.16202,17.086,2.6352
13.581,14.207,0,-0.16663,17.023,0.98091
13.581,14.19,0,-0.17656,16.961,0.91456
13.581,14.173,0,-0.18405,16.901,0.8538
13.581,14.154,0,-0.18803,16.842,0.80149
13.378,14.135,-0.46064,-0.19585,16.757,3.163
13.378,14.116,0,-0.20311,16.682,1.145
13.29,14.096,-0.24627,-0.21102,16.597,2.1879
13.29,14.074,0,-0.21426,16.517,1.2266
13.29,14.053,0,-0.21458,16.44,1.1736
13.29,14.032,0,-0.21438,16.365,1.1225
13.29,14.01,0,-0.21156,16.292,1.0792
13.29,13.989,0,-0.20577,16.221,1.045
13.29,13.968,0,-0.19928,16.152,1.0141
13.29,13.948,0,-0.19005,16.085,0.99236
13.29,13.929,0,-0.17963,16.02,0.97604
13.314,13.912,0.33937,-0.16526,15.929,0.27072
13.341,13.895,0.35672,-0.15377,15.877,0.1971
13.385,13.88,0.41611,-0.13794,15.828,0.076097
13.385,13.866,0,-0.12255,15.779,0.76003
13.456,13.854,0.33839,-0.11145,15.741,0.022806
13.456,13.842,0,-0.10012,15.702,0.60022
13.456,13.832,0,-0.08944,15.664,0.60473
13.456,13.823,0,-0.077092,15.627,0.61616
13.456,13.816,0,-0.065146,15.59,0.62969
13.456,13.809,0,-0.052531,15.555,0.64811
13.645,13.804,0.22947,-0.045154,15.585,0
13.645,13.799,0,-0.036886,15.569,0.24268
13.645,13.796,0,-0.03258,15.554,0.24466
13.645,13.793,0,-0.035024,15.539,0.23206
13.635,13.789,-0.35904,-0.04383,15.534,1.3819
13.635,13.785,0,-0.05523,15.519,0.19059
13.546,13.779,-0.3714,-0.066708,15.495,1.5826
13.546,13.772,0,-0.073937,15.472,0.31188
13.49,13.765,-0.14001,-0.079007,15.441,0.78803
13.49,13.757,0,-0.083311,15.414,0.37722
13.466,13.749,0.059255,-0.081636,15.383,0.28287
13.466,13.741,0,-0.078618,15.355,0.40453
13.477,13.733,0.2303,-0.074436,15.319,0
13.477,13.725,0,-0.065096,15.294,0.38068
13.477,13.719,0,-0.057445,15.269,0.3847
13.477,13.713,0,-0.050715,15.245,0.38828
13.477,13.708,0,-0.05067,15.222,0.37722
13.477,13.703,0,-0.049871,15.199,0.368
13.508,13.698,-0.34091,-0.055748,15.189,1.3654
13.472,13.692,-0.35967,-0.064831,15.177,1.5004
13.472,13.686,0,-0.075671,15.155,0.28135
13.472,13.678,0,-0.087993,15.134,0.23829
13.472,13.67,0,-0.099461,15.114,0.19578
13.29,13.66,-0.3981,-0.11008,15.055,1.9464
13.29,13.649,0,-0.12045,15.019,0.49039
13.208,13.637,-0.3787,-0.12831,14.971,1.9604
13.208,13.624,0,-0.1373,14.928,0.57346
13.208,13.61,0,-0.14283,14.888,0.53012
13.208,13.596,0,-0.15276,14.848,0.47623
13.052,13.58,-0.54336,-0.16102,14.776,2.9949
12.988,13.564,-0.53169,-0.17638,14.731,3.0204
12.988,13.547,0,-0.18983,14.674,0.76339
12.988,13.528,0,-0.20364,14.619,0.68735
12.988,13.507,0,-0.21624,14.566,0.61374
12.988,13.486,0,-0.22461,14.515,0.54922
12.711,13.463,-0.48044,-0.23724,14.391,3.0416
12.67,13.44,-0.46972,-0.24427,14.316,3.007
12.67,13.415,0,-0.25631,14.241,1.0162
12.67,13.389,0,-0.26323,14.167,0.9399
12.67,13.363,0,-0.27003,14.097,0.86417
12.473,13.336,-0.65339,-0.28254,13.984,4.2631
12.473,13.308,0,-0.30014,13.899,1.1088
12.473,13.278,0,-0.31853,13.817,0.99396
12.473,13.246,0,-0.34018,13.738,0.87298
12.473,13.212,0,-0.3624,13.663,0.75317
12.046,13.176,-1.0255,-0.38897,13.456,7.7636
11.937,13.137,-1.0657,-0.41812,13.333,8.28
11.937,13.095,0,-0.44859,13.215,1.4646
11.937,13.05,0,-0.48228,13.102,1.2778
11.572,13.002,-1.4087,-0.51672,12.953,12.715
11.572,12.95,0,-0.56031,12.813,1.6781
11.572,12.894,0,-0.6035,12.678,1.446
11.131,12.834,-1.5828,-0.64521,12.483,15.606
11.131,12.769,0,-0.69357,12.316,1.9294
11.131,12.7,0,-0.74329,12.155,1.6565
11.131,12.626,0,-0.79818,12.002,1.3997
11.131,12.546,0,-0.857,11.857,1.1728
11.131,12.46,0,-0.91839,11.719,0.99008
10.082,12.368,-1.694,-0.98126,11.296,17.448
10.082,12.27,0,-4.4,11.072,89.745
10.082,11.83,0,-5.2,10.875,575.93
10.082,11.31,0,-0.72357,10.726,1.0367
9.4878,11.238,-1.1864,-5.2,10.503,0
9.3746,10.718,-1.1293,-5.2,10.352,0
9.2532,10.198,-1.0658,-0.38783,10.228,7.2561
9.2532,10.159,0,-0.42383,10.136,0.96742
9.2532,10.117,0,-5.2,10.047,1095
8.9745,9.5967,-0.63546,-0.25118,9.9306,3.3986
8.9745,9.5716,0,-0.27111,9.8696,0.65546
8.9745,9.5445,0,-0.28459,9.8113,0.57066
8.9745,9.516,0,-5.2,9.7557,632.06
8.9745,8.996,0,-0.099123,9.7275,0
8.9745,8.9861,0,-0.11371,9.7259,0
8.6418,8.9747,-0.58586,-0.13234,9.5942,2.6864
8.6418,8.9615,0,-0.15443,9.5616,0.33096
8.5117,8.9461,-0.76134,-0.17389,9.5316,3.9496
8.4428,8.9287,-0.90026,-0.19577,9.4828,5.0742
8.4428,8.9091,0,-5.2,9.4352,318.64
8.2588,8.3891,-1.3237,-0.049801,9.3996,8.6972
8.2588,8.3841,0,-0.095162,9.3868,0.059872
8.2588,8.3746,0,-0.14851,9.3748,0
7.8168,8.3597,-2.001,-0.21065,9.2938,20.541
7.6074,8.3387,-2.1368,-0.28659,9.2218,23.976
7.6074,8.31,0,-5.2,9.1501,151
7.6074,7.79,0,-0.22609,9.1058,0
7.6074,7.7674,0,-0.29881,9.0887,0
7.6074,7.7375,0,-0.3724,9.0742,0
6.5665,7.7003,-1.9385,-5.2,8.8155,3513.5
6.5665,7.1803,0,-0.2934,8.7281,0.64193
6.5665,7.151,0,-0.35071,8.6682,0.47225
6.0305,7.1159,-1.7271,-5.2,8.523,35.515
6.0305,6.5959,0,-0.25668,8.4404,0.62066
5.6982,6.5702,-1.7682,-0.31095,8.3543,17.069
5.5183,6.5391,-1.8322,-5.2,8.2551,9.6863
5.3303,6.0191,-1.8762,-0.23187,8.1694,18.771
5.3303,5.9959,0,-0.28802,8.1016,0.76277
5.3303,5.9671,0,-0.34651,8.0365,0.58072
4.7759,5.9325,-1.9314,-8.8,7.8967,0
4.7759,5.0525,0,-0.13955,7.8251,0.27377
4.7759,5.0385,0,-0.19252,7.7981,0.14439
4.7759,5.0193,0,-0.24042,7.7728,0.031964
4.7759,4.9952,0,-0.28045,7.7497,0
3.9826,4.9672,-0.71893,-0.31013,7.5001,5.0493
3.9826,4.9362,0,-8.8,7.4032,0
3.9826,4.0562,0,-0.047575,7.3518,0.051261
3.9826,4.0514,0,-0.053401,7.3447,0.029915
3.8338,4.0461,-0.13883,-0.056147,7.2897,0.69734
3.827,4.0405,-0.12148,-0.056733,7.2624,0.64623
3.8113,4.0348,-0.11607,-0.05966,7.236,0.64616
3.8113,4.0288,0,-0.059061,7.2139,0.32731
3.8113,4.0229,0,-0.061602,7.1925,0.30867
3.8113,4.0168,0,-0.068636,7.1716,0.27943
3.8113,4.0099,0,-0.073667,7.1514,0.25365
3.8113,4.0025,0,-0.085814,7.1319,0.21181
3.6408,3.9939,-0.5694,-0.096731,7.0773,2.854
3.6408,3.9843,0,-0.10918,7.0425,0.48325
3.5269,3.9734,-0.75976,-8.8,6.9821,0
3.4507,3.0934,-0.87227,0.65743,6.9855,7.3145
3.4507,3.1591,0,0.35498,7.0179,0.25718
3.4507,3.1946,0,0.11716,7.0453,0
3.4507,3.2063,0,-0.01171,7.0704,0
3.0252,3.2051,-1.3046,-0.039401,7.0186,8.8364
3.0252,3.2012,0,-0.068077,7.0008,0.21859
2.7585,3.1944,-1.4189,-0.096509,6.9561,5.8473
2.7585,3.1847,0,-0.1247,6.913,0.62898
2.7585,3.1723,0,-0.15806,6.871,0.52095
2.3056,3.1565,-1.5909,-0.1944,6.7714,6.4381
2.3056,3.137,0,-0.23224,6.6873,1.2894
2.3056,3.1138,0,-8.8,6.6053,0
2.3056,2.2338,0,-0.078543,6.5685,0
2.3056,2.2259,0,-0.12231,6.576,0
1.1974,2.2137,-3.5453,-0.17747,6.3182,9.6601
1.1974,2.196,0,-0.24003,6.2175,1.6889
1.1974,2.172,0,-8.8,6.1188,0
1.1974,1.292,0,-0.12342,6.0654,0
1.1974,1.2796,0,-0.15228,6.0565,0
1.1974,1.2644,0,-0.17161,6.0491,0
1.1974,1.2472,0,-8.8,6.0432,0
1.1974,0.36723,0,0.018352,6.0822,0
1.1974,0.36907,0,0.18674,6.1651,0
1.1974,0.38774,0,0.33651,6.247,0
1.1974,0.42139,0,-8.8,6.3263,0
-0.22156,0,0.40359,0.40359,5.1458,1.4341
-0.22156,0.040359,0,0.39093,5.1216,2.3383
-0.22156,0.079452,0,0.37044,5.0935,2.3753
-0.22156,0.1165,0,0.34403,5.0615,2.3958
-0.22156,0.1509,0,-8.8,5.026,0
-0.22156,0,0,0.32906,5.0327,2.1255
0.0082512,0.032906,0.34788,0.34788,5.0881,0.050864
0.0082512,0.067694,0,0.36319,5.0839,1.2426
0.0082512,0.10401,0,0.40508,5.0761,1.5167
0.0082512,0.14452,0,0.47431,5.0645,1.9368
0.18488,0.19195,0.54872,-8.8,5.0775,0
0.18488,0,0,0.6429,5.1207,1.6607
0.3041,0.06429,0.77442,0.77442,5.1406,0
0.3041,0.14173,0,0.95588,5.1607,3.3084
0.3041,0.23732,0,1.1549,5.1722,4.8534
0.62151,0.35281,1.3539,1.3539,5.2221,0
0.62151,0.4882,0,1.531,5.2422,7.0754
0.62151,0.6413,0,-8.8,5.2479,0
0.62151,0,0,1.5706,5.2899,5.2163
0.62151,0.15706,0,1.4182,5.3442,4.8843
0.62151,0.29888,0,1.1886,5.3835,4.0348
0.62151,0.41774,0,0.85776,5.4099,2.6327
0.62151,0.50352,0,0.52085,5.426,1.3448
0.62151,0.5556,0,0.23346,5.4351,0.45332
0.62151,0.57895,0,-0.050036,5.4406,0
0.62151,0.57395,0,-0.35873,5.4451,0
0.62151,0.53807,0,-0.61981,5.4516,0
0.62151,0.47609,0,-0.84395,5.4631,0
1.4868,0.3917,-1.0131,-1.0131,6.4599,0
1.3929,0.29039,-1.0544,-1.0544,6.5595,0
1.2942,0.18495,-0.92765,-0.92765,6.6766,0
1.195,0.092188,-0.68932,-0.68932,6.7924,0
1.195,0.023256,0,-0.4452,6.9061,0
1.195,0,0,-0.11762,7.0255,0
1.0804,0,0.13001,0.13001,7.1321,0
1.0804,0.013001,0,0.20083,7.2395,0
1.0804,0.033084,0,0.19493,7.3452,0
1.0804,0.052577,0,0.093844,7.449,0
1.0804,0.061961,0,-0.15163,7.5513,0
1.0804,0.046798,0,-0.35571,7.6539,0
1.0804,0.011228,0,-0.30603,7.759,0
1.0804,0,0,-0.1199,7.8675,0
1.0252,0,0.20579,0.20579,8.0003,0
1.0252,0.020579,0,0.56588,8.1018,0
1.0252,0.077168,0,0.92048,8.1995,0.47214
1.0252,0.16922,0,1.0954,8.2897,1.5585
1.3052,0.27875,1.3402,1.3402,8.4146,0
1.3052,0.41277,0,1.5505,8.5105,3.9625
1.3052,0.56782,0,1.7403,8.592,5.8607
1.3052,0.74185,0,1.8179,8.6571,7.1864
1.3052,0.92364,0,4.9,8.7043,37.546
1.3052,1.4136,0,4.9,8.718,40.702
2.3205,1.9036,2.0228,2.1514,8.9514,0
2.5258,2.1188,2.0212,1.7654,9.001,0
2.5258,2.2953,0,1.6433,9.0329,7.4393
2.5258,2.4597,0,1.5513,9.0477,7.5223
2.5258,2.6148,0,1.5213,9.0466,8.0123
2.5258,2.7669,0,1.465,9.0301,8.299
2.5258,2.9134,0,1.422,8.9987,8.6582
3.6287,3.0556,1.796,1.391,9.3203,0
3.6287,3.1947,0,1.3949,9.3707,4.8615
3.6287,3.3342,0,1.3655,9.4071,5.253
3.6287,3.4708,0,1.3573,9.4297,5.7765
4.2981,3.6065,1.4191,1.3037,9.5745,0
4.2981,3.7369,0,1.2568,9.6372,3.5048
4.5815,3.8625,1.3585,1.2242,9.7147,0
4.5815,3.985,0,1.1831,9.7804,2.9496
4.8413,4.1033,1.3263,1.1512,9.8611,0
4.9718,4.2184,1.3236,1.1296,9.9339,0
5.0998,4.3314,1.2982,1.109,10.001,0
5.2277,4.4423,1.2553,1.0941,10.078,0
5.3616,4.5517,1.211,1.0911,10.16,0
5.3616,4.6608,0,1.0635,10.236,1.9356
5.5986,4.7671,1.1539,1.0527,10.334,0
5.7143,4.8724,1.081,1.0345,10.41,0
5.7143,4.9758,0,1.0164,10.489,1.574
5.9364,5.0775,1.0287,0.99951,10.581,0
6.0462,5.1774,0.93445,0.9864,10.676,0
6.0462,5.2761,0,0.95261,10.758,1.1699
6.0462,5.3713,0,0.91757,10.83,1.3198
6.0462,5.4631,0,0.88518,10.893,1.4709
6.387,5.5516,0.78071,0.86752,11.009,0
6.4627,5.6384,0.76756,0.84014,11.097,0
6.4627,5.7224,0,0.82721,11.175,0.71839
6.4627,5.8051,0,0.80247,11.245,0.86831
6.4627,5.8853,0,0.78971,11.307,1.0627
6.7657,5.9643,0.57719,0.76275,11.418,0
6.7657,6.0406,0,0.72693,11.495,0.36595
6.7657,6.1133,0,0.68812,11.564,0.42781
6.7657,6.1821,0,0.64209,11.625,0.45173
6.7657,6.2463,0,0.5902,11.68,0.44198
6.7657,6.3053,0,0.54923,11.729,0.45855
6.9304,6.3602,0.02457,0.50324,11.836,0
6.9348,6.4106,-0.080515,0.45818,11.881,0.25322
6.9343,6.4564,-0.17807,0.41408,11.923,0.58637
6.9343,6.4978,0,0.35442,11.969,0
6.9343,6.5332,0,0.29497,12.011,0
6.9343,6.5627,0,0.24663,12.05,0
6.9343,6.5874,0,0.19561,12.086,0
6.9343,6.607,0,0.15757,12.119,0
6.9343,6.6227,0,0.10821,12.151,0
6.9343,6.6335,0,0.076537,12.182,0
