23.889,23.889,-0.1477,0,35.5,0.36666
23.889,23.889,0,-0.0022875,35.5,0
23.889,23.889,0,-0.0042496,35.5,0
23.889,23.888,0,-0.0050855,35.5,0
23.889,23.888,0,-0.0055435,35.5,0
23.889,23.887,0,-0.0074987,35.5,0
23.821,23.886,-0.098044,-0.0087043,35.476,0.36024
23.821,23.886,0,-0.0091773,35.47,0.11515
23.821,23.885,0,-0.01086,35.464,0.1095
23.821,23.884,0,-0.012623,35.457,0.10335
23.821,23.882,0,-0.014133,35.451,0.097407
23.821,23.881,0,-0.015549,35.445,0.091377
23.764,23.879,0.057956,-0.015249,35.429,0.082861
23.764,23.878,0,-0.013549,35.418,0.20874
23.764,23.876,0,-0.011923,35.406,0.20958
23.806,23.875,0.10127,-0.0091645,35.422,0
23.806,23.874,0,-0.0068283,35.415,0.12732
23.806,23.874,0,-0.006107,35.409,0.12749
23.835,23.873,0.096133,-0.0049742,35.429,0
23.835,23.873,0,-0.0047316,35.425,0.066476
23.837,23.872,0.06313,-0.0047115,35.406,0
23.85,23.872,0.042987,-0.0029226,35.403,0
23.844,23.871,-0.020344,-0.0036397,35.392,0.093626
23.844,23.871,0,-0.0031895,35.389,0.049047
23.853,23.871,0.033353,-0.0023534,35.386,0
23.85,23.87,0.004962,-0.002678,35.391,0.025342
23.85,23.87,0,-0.0021463,35.389,0.036468
23.85,23.87,0,-0.0032136,35.387,0.033744
23.85,23.87,0,-0.0044834,35.385,0.030377
23.828,23.869,-0.063068,-0.005473,35.374,0.22085
23.828,23.869,0,-0.0050483,35.37,0.073332
23.828,23.868,0,-0.0072207,35.366,0.067567
23.828,23.867,0,-0.0096141,35.362,0.060906
23.783,23.866,-0.13952,-0.011081,35.363,0.51419
23.766,23.865,-0.14002,-0.013144,35.347,0.54779
23.751,23.864,-0.12586,-0.015047,35.333,0.53506
23.748,23.862,-0.13593,-0.015267,35.327,0.56852
23.748,23.861,0,-0.01627,35.315,0.20178
23.727,23.859,-0.16834,-0.017553,35.304,0.70575
23.727,23.858,0,-0.018336,35.291,0.23322
23.727,23.856,0,-0.020903,35.278,0.22332
23.727,23.854,0,-0.023589,35.265,0.21266
23.658,23.851,-0.1315,-0.025737,35.264,0.71932
23.658,23.849,0,-0.028136,35.245,0.34172
23.658,23.846,0,-0.028403,35.226,0.33488
23.658,23.843,0,-0.028654,35.207,0.32802
23.621,23.84,-0.0043767,-0.02934,35.186,0.41391
23.621,23.837,0,-0.02899,35.164,0.39728
23.621,23.834,0,-0.028688,35.142,0.39155
23.621,23.831,0.048485,-0.028176,35.131,0.27146
23.621,23.829,0,-0.02848,35.111,0.37838
23.62,23.826,0.023609,-0.027577,35.089,0.31938
23.62,23.823,0,-0.026657,35.069,0.37226
23.62,23.82,0,-0.02765,35.049,0.36391
23.603,23.818,-0.068556,-0.028826,35.047,0.57502
23.589,23.815,-0.1047,-0.030434,35.018,0.70512
23.589,23.812,0,-0.031169,34.996,0.40648
23.566,23.809,-0.13594,-0.032736,34.961,0.8381
23.545,23.805,-0.16742,-0.035146,34.943,0.98192
23.545,23.802,0,-0.03798,34.917,0.46517
23.545,23.798,0,-0.040806,34.891,0.4495
23.545,23.794,0,-0.042304,34.866,0.4366
23.455,23.79,-0.24358,-0.045446,34.822,1.4367
23.455,23.785,0,-0.047901,34.788,0.60776
23.455,23.78,0,-0.050687,34.756,0.58933
23.381,23.775,-0.20598,-0.053859,34.704,1.4295
23.381,23.77,0,-0.055455,34.665,0.72599
23.381,23.764,0,-0.057127,34.627,0.70831
23.381,23.759,0,-0.057142,34.588,0.69483
23.327,23.753,-0.034519,-0.058524,34.547,0.90624
23.327,23.747,0,-0.057858,34.505,0.79301
23.327,23.741,0,-0.057009,34.463,0.78154
23.327,23.736,0,-0.057606,34.422,0.76627
23.321,23.73,-0.03856,-0.056595,34.352,0.8809
23.321,23.724,0,-0.05682,34.311,0.75472
23.311,23.718,-0.038415,-0.056541,34.273,0.87634
23.307,23.713,-0.041788,-0.056515,34.228,0.88421
23.307,23.707,0,-0.056312,34.188,0.74977
23.306,23.702,-0.03802,-0.05527,34.154,0.85147
23.306,23.696,0,-0.056434,34.115,0.72563
23.306,23.69,0,-0.05574,34.076,0.71419
23.306,23.685,0,-0.055508,34.038,0.70168
23.306,23.679,0,-0.055267,34,0.68928
23.306,23.674,0,-0.05423,33.963,0.67912
23.306,23.668,0,-0.055231,33.927,0.66371
23.306,23.663,0,-0.05423,33.891,0.6535
23.306,23.657,0,-0.05434,33.855,0.64057
23.306,23.652,0,-0.053285,33.82,0.63074
23.306,23.647,0,-0.054277,33.786,0.61575
23.306,23.641,0,-0.053254,33.752,0.60589
23.306,23.636,0,-0.054761,33.719,0.58964
23.306,23.63,0,-0.054504,33.686,0.57772
23.254,23.625,-0.065429,-0.052926,33.627,0.87907
23.254,23.62,0,-0.051956,33.59,0.67926
23.252,23.614,-0.1164,-0.051855,33.554,1.0235
23.252,23.609,0,-0.053573,33.518,0.65494
23.252,23.604,0,-0.055528,33.483,0.63723
23.252,23.598,0,-0.057264,33.448,0.61974
23.191,23.593,-0.22297,-0.057837,33.4,1.5002
23.178,23.587,-0.23662,-0.058973,33.364,1.572
23.178,23.581,0,-0.062109,33.323,0.73909
23.178,23.575,0,-0.065488,33.283,0.7152
23.102,23.568,-0.34118,-0.067576,33.244,2.1761
23.06,23.561,-0.3099,-0.072835,33.199,2.118
23.06,23.554,0,-0.077678,33.149,0.91383
22.979,23.546,-0.27245,-0.082809,33.106,2.1119
22.979,23.538,0,-0.086899,33.05,1.0474
22.918,23.529,-0.29336,-0.089671,32.983,2.3179
22.918,23.52,0,-0.092422,32.922,1.1382
22.918,23.511,0,-0.095212,32.862,1.1065
22.918,23.502,0,-0.09683,32.803,1.0779
22.918,23.492,0,-0.10066,32.746,1.0426
22.918,23.482,0,-0.10288,32.689,1.0113
22.918,23.472,0,-0.10473,32.633,0.98079
22.918,23.461,0,-0.10726,32.578,0.9481
22.918,23.45,0,-0.10999,32.524,0.91451
22.918,23.439,0,-0.11064,32.472,0.88635
22.682,23.428,-0.21382,-0.11276,32.3,2.2764
22.682,23.417,0,-0.11585,32.226,1.4035
22.682,23.405,0,-0.11636,32.153,1.3718
22.682,23.394,0,-0.11732,32.081,1.3386
22.682,23.382,0,-0.11935,32.011,1.3021
22.682,23.37,0,-0.11897,31.942,1.2728
22.682,23.358,0,-0.12025,31.873,1.2386
22.554,23.346,-0.18472,-0.12272,31.751,2.248
22.531,23.334,-0.19404,-0.1248,31.666,2.3124
22.531,23.322,0,-0.12574,31.587,1.5162
22.489,23.309,-0.21268,-0.12851,31.505,2.4366
22.489,23.296,0,-0.13095,31.424,1.5453
22.489,23.283,0,-0.13208,31.344,1.507
22.489,23.27,0,-0.13198,31.265,1.4727
22.489,23.257,0,-0.13506,31.187,1.4283
22.374,23.243,-0.25757,-0.1389,31.067,2.7597
22.352,23.229,-0.26373,-0.14074,30.973,2.8067
22.335,23.215,-0.30317,-0.14174,30.894,3.0124
22.335,23.201,0,-0.14573,30.807,1.6505
22.335,23.186,0,-0.15069,30.721,1.595
22.335,23.171,0,-0.15302,30.637,1.5476
22.335,23.156,0,-0.1555,30.554,1.4994
22.171,23.14,-0.29632,-0.15975,30.417,3.1956
22.171,23.124,0,-0.16141,30.321,1.835
22.171,23.108,0,-0.16309,30.226,1.7852
22.093,23.092,-0.30937,-0.16691,30.122,3.3316
22.093,23.075,0,-0.17019,30.023,1.8831
22.093,23.058,0,-0.17281,29.925,1.8275
22.093,23.041,0,-0.17485,29.83,1.7736
22.093,23.024,0,-0.17616,29.736,1.7222
22.093,23.006,0,-0.17933,29.643,1.6646
22.093,22.988,0,-0.1805,29.553,1.6133
22.093,22.97,0,-0.18287,29.464,1.5582
22.093,22.952,0,-0.1859,29.377,1.501
22.093,22.933,0,-0.18995,29.292,1.4404
22.093,22.914,0,-0.19202,29.209,1.3857
22.093,22.895,0,-0.19341,29.128,1.3331
21.76,22.876,-0.29432,-0.1979,28.859,3.4979
21.76,22.856,0,-0.19906,28.748,2.0923
21.72,22.836,-0.2655,-0.20004,28.638,3.3338
21.72,22.816,0,-0.2031,28.528,2.0771
21.661,22.796,-0.30303,-0.20568,28.413,3.5715
21.661,22.775,0,-0.20809,28.301,2.1098
21.61,22.754,-0.3122,-0.20986,28.178,3.634
21.61,22.733,0,-0.21265,28.064,2.1187
21.544,22.712,-0.52482,-0.21666,27.953,5.0059
21.544,22.69,0,-0.22456,27.838,2.1404
21.417,22.668,-0.75601,-0.23487,27.722,7.0397
21.417,22.644,0,-0.24628,27.598,2.2904
21.253,22.62,-0.94559,-0.26002,27.463,9.2013
21.253,22.594,0,-0.27419,27.328,2.5095
21.253,22.566,0,-0.29229,27.195,2.3636
20.924,22.537,-1.2855,-0.31376,27.024,14.132
20.924,22.506,0,-0.33746,26.864,2.9665
20.64,22.472,-1.4667,-0.36268,26.693,17.648
20.64,22.436,0,-0.38758,26.512,3.4121
20.64,22.397,0,-0.41691,26.334,3.1729
20.64,22.355,0,-0.44547,26.161,2.9371
20.64,22.311,0,-0.4717,25.991,2.7113
20.64,22.263,0,-0.50259,25.827,2.4717
20.64,22.213,0,-0.52985,25.667,2.248
20.64,22.16,0,-0.55979,25.512,2.0212
19.421,22.104,-1.5158,-0.58659,24.865,21.458
19.271,22.046,-1.4948,-0.61587,24.594,21.365
19.271,21.984,0,-0.6449,24.32,5.2215
18.985,21.92,-1.516,-0.67298,24.021,22.129
18.985,21.852,0,-0.70396,23.73,5.4582
18.985,21.782,0,-0.73446,23.447,5.0717
18.985,21.708,0,-0.7665,23.171,4.6831
18.985,21.632,0,-0.79992,22.903,4.2953
18.257,21.552,-1.1614,-0.82803,22.475,17.215
18.148,21.469,-0.94557,-0.85127,22.152,14.369
18.052,21.384,-0.72356,-0.8721,21.815,11.804
18.052,21.297,0,-0.88508,21.487,5.8603
18.052,21.208,0,-0.89258,21.167,5.5223
18.052,21.119,0,-0.89745,20.855,5.2027
17.854,21.029,-0.37579,-0.90264,20.524,7.8508
17.854,20.939,0,-0.90375,20.211,5.2324
17.854,20.848,0,-0.9071,19.907,4.9238
17.854,20.758,0,-0.91098,19.612,4.6201
17.854,20.667,0,-0.91305,19.326,4.3312
17.854,20.575,0,-0.91503,19.05,4.0504
17.854,20.484,0,-0.91625,18.782,3.7803
17.596,20.392,-0.44057,-0.91784,18.434,6.6667
17.596,20.3,0,-0.92157,18.16,3.9737
17.596,20.208,0,-0.92246,17.894,3.7057
17.596,20.116,0,-0.92407,17.637,3.4435
17.596,20.024,0,-0.92638,17.39,3.1877
17.596,19.931,0,-0.92654,17.152,2.9475
17.596,19.838,0,-0.93319,16.923,2.6977
17.596,19.745,0,-0.94022,16.703,2.4576
17.596,19.651,0,-0.95671,16.493,2.2067
17.596,19.555,0,-0.98288,16.293,1.9524
17.596,19.457,0,-1.0101,16.102,1.7188
17.596,19.356,0,-1.0463,15.921,1.5012
17.596,19.251,0,-1.0778,15.75,1.3233
16.542,19.144,-1.0463,-1.1105,15.088,9.4528
16.542,19.033,0,-1.1322,14.833,2.7445
16.542,18.919,0,-1.1465,14.589,2.4657
16.542,18.805,0,-2.9,14.357,11.634
16.542,18.515,0,-2.9,14.146,13.953
16.189,18.225,-0.32925,-4.4,13.851,101.38
16.189,17.785,0,-4.4,13.67,134.63
16.189,17.345,0,-4.4,13.532,188.62
16.093,16.905,-0.33314,-4.4,13.424,336.88
16.051,16.465,-0.31521,-0.18338,13.356,1.4191
16.024,16.446,-0.30855,-0.18826,13.311,1.401
16.024,16.427,0,-0.19754,13.269,0.4128
15.947,16.408,-0.26982,-0.20689,13.232,1.2952
15.912,16.387,-0.24317,-4.4,13.183,483.26
15.912,15.947,0,-0.027331,13.157,0.014289
15.865,15.944,-0.25211,-0.034782,13.15,0.79091
15.865,15.941,0,-0.040649,13.142,0.069744
15.865,15.937,0,-0.045079,13.135,0.052328
15.865,15.932,0,-0.052549,13.128,0.028122
15.795,15.927,-0.21188,-0.058331,13.123,0.71816
15.775,15.921,-0.21091,-0.064582,13.113,0.73137
15.745,15.915,-0.20985,-0.075092,13.099,0.75537
15.718,15.907,-0.23598,-0.083931,13.077,0.86489
15.718,15.899,0,-0.090053,13.058,0.18249
15.67,15.89,-0.26614,-0.097819,13.033,1.0048
15.67,15.88,0,-0.10904,13.011,0.20223
15.619,15.869,-0.25491,-0.11176,12.98,0.99815
15.594,15.858,-0.24607,-0.1184,12.953,0.98263
15.594,15.846,0,-4.4,12.927,468.5
15.594,15.406,0,0.034379,12.924,0
15.552,15.41,-0.22291,0.030985,12.938,0.33189
15.552,15.413,0,0.025949,12.952,0
15.552,15.415,0,0.020994,12.966,0
15.496,15.417,-0.26409,0.017107,12.976,0.58647
15.496,15.419,0,0.0097084,12.984,0
15.433,15.42,-0.22947,0.0028696,12.979,0.59499
15.433,15.42,0,-0.0049812,12.981,0
15.433,15.42,0,-0.012132,12.982,0
15.433,15.419,0,-0.025602,12.983,0
15.433,15.416,0,-0.032749,12.985,0
15.321,15.413,-0.28451,-0.039848,12.945,0.92305
15.321,15.409,0,-0.05335,12.936,0.067898
15.321,15.403,0,-0.067333,12.928,0.029165
15.321,15.397,0,-0.078967,12.92,0
15.321,15.389,0,-0.095279,12.913,0
15.144,15.379,-0.36077,-0.10315,12.87,1.3949
15.112,15.369,-0.39358,-0.11308,12.842,1.5602
15.112,15.358,0,-0.12148,12.816,0.24933
15.112,15.346,0,-0.13125,12.792,0.20465
15,15.332,-0.47005,-0.14766,12.743,1.9992
15,15.318,0,-0.16232,12.711,0.31101
14.906,15.301,-0.46137,-0.17668,12.669,2.0279
14.906,15.284,0,-4.4,12.63,400.6
14.828,14.844,-0.45409,-0.0068232,12.599,1.5353
14.828,14.843,0,-0.028961,12.598,0
14.828,14.84,0,-0.047189,12.597,0
14.828,14.835,0,-0.063896,12.596,0
14.828,14.829,0,-0.083191,12.595,0
14.595,14.821,-0.44431,-0.0991,12.527,1.7488
14.543,14.811,-0.44374,-0.11832,12.496,1.7972
14.543,14.799,0,-0.13256,12.47,0.24678
14.543,14.786,0,-0.15119,12.445,0.18303
14.543,14.771,0,-0.16708,12.421,0.12392
14.333,14.754,-0.61929,-4.4,12.376,2925.3
14.333,14.314,0,-0.019406,12.356,0
14.333,14.312,0,-0.043819,12.358,0
14.14,14.308,-0.73606,-0.07279,12.318,3.3244
14.072,14.3,-0.76895,-0.099758,12.299,3.6294
14.072,14.29,0,-0.13163,12.277,0.17325
14.072,14.277,0,-0.16309,12.256,0.088657
13.814,14.261,-0.88386,-0.19695,12.196,4.762
13.814,14.241,0,-0.22903,12.152,0.39479
13.814,14.218,0,-4.4,12.111,388.33
13.814,13.778,0,-0.098606,12.092,0
13.814,13.768,0,-0.12733,12.097,0
13.414,13.756,-0.49262,-0.14836,12.023,2.1362
13.414,13.741,0,-0.16816,11.989,0.31655
13.414,13.724,0,-0.17271,11.957,0.2735
13.414,13.707,0,-0.17275,11.927,0.23912
13.414,13.689,0,-0.1729,11.899,0.2049
13.414,13.672,0,-0.17822,11.872,0.16147
13.414,13.654,0,-4.4,11.847,476.17
13.414,13.214,0,0.002407,11.845,0
13.414,13.215,0,-0.0083327,11.865,0
13.178,13.214,-0.2537,-0.015305,11.791,0.74587
13.161,13.212,-0.332,-0.021837,11.783,1.0546
13.161,13.21,0,-0.038663,11.778,0.018968
13.161,13.206,0,-0.056808,11.773,0
13.006,13.2,-1.1713,-0.083905,11.748,7.0403
13.006,13.192,0,-0.1323,11.729,0.10769
13.006,13.179,0,-0.19824,11.711,0
13.006,13.159,0,-0.28802,11.695,0
13.006,13.13,0,-4.4,11.681,560.34
13.006,12.69,0,-0.32555,11.691,0
11.598,12.658,-3.7828,-0.463,11.345,106
11.217,12.611,-4.2086,-4.4,11.223,1.2168
10.787,12.171,-4.6562,-5.2,11.079,1.635
10.331,11.651,-5.0061,-0.56033,10.936,363.38
10.331,11.595,0,-5.437,10.807,0
10.331,11.052,0,-0.74118,10.708,0.3361
10.331,10.978,0,-6.1698,10.64,0
10.331,10.361,0,-6.4242,10.606,0
7.5228,9.7181,-6.5104,-0.8961,9.9453,21.498
7.5228,9.6285,0,-7.0335,9.7302,140.38
7.5228,8.9252,0,-6.9134,9.5548,139.19
7.5228,8.2338,0,-1.0461,9.4492,0.70392
7.5228,8.1292,0,-6.7897,9.3833,137.82
7.5228,7.4503,0,-6.5829,9.3566,136.86
7.5228,6.792,0,-6.1985,9.3968,136.32
7.5228,6.1721,0,-5.7781,9.5008,135.94
2.6177,5.5943,-4.7785,-8.8,7.6494,0
2.6177,4.7143,0,-0.79006,7.3957,2.7679
2.6177,4.6353,0,-8.8,7.19,0
2.6177,3.7553,0,-8.8,7.0322,0
1.0614,2.8753,-3.7352,-0.3887,6.6227,11.355
1.0614,2.8364,0,-8.8,6.4432,0
0.30447,1.9564,-3.8795,-0.25877,6.224,11.276
-0.075712,1.9306,-3.6737,-0.32624,6.0317,11.428
-0.075712,1.8979,0,-8.8,5.8327,0
-0.76285,1.0179,-2.3723,-0.16353,5.6092,8.573
-0.99159,1.0016,-1.4094,-8.8,5.4296,0
-0.99159,0.12158,0,-0.96747,5.2742,0.53039
-1.229,0.024837,-0.61628,-0.61628,5.1245,2.8516
-1.229,0,0,-0.28002,5.0022,2.2123
-1.229,0,0,-8.8,4.8807,0
-1.229,0,0,-8.8,4.8018,0
-1.229,0,0,-8.8,4.7229,0
-1.229,0,0,-8.8,4.644,0
-1.229,0,0,-8.8,4.5651,0
-1.229,0,0,-8.8,4.4862,0
-1.2697,0,0.17002,-8.8,4.3665,0
-1.2578,0,0.18169,-8.8,4.281,0
-1.2462,0,0.1863,-8.8,4.1999,0
-1.2462,0,0,-8.8,4.1193,0
-1.2462,0,0,-8.8,4.0387,0
-1.2462,0,0,-8.8,3.9581,0
-1.2462,0,0,-8.8,3.8775,0
-1.1073,0,0.51162,-8.8,3.8259,0
-1.0643,0,0.64837,-8.8,3.7533,0
-0.99426,0,0.70677,-8.8,3.6947,0
-0.99426,0,0,-8.8,3.6392,0
-0.99426,0,0,-8.8,3.5838,0
-0.79974,0,0.48575,-8.8,3.562,0
-0.79974,0,0,-8.8,3.526,0
-0.79974,0,0,-8.8,3.49,0
-0.79974,0,0,-8.8,3.454,0
-0.70511,0,-0.0084411,-8.8,3.4403,0
-0.70526,0,-0.09558,-8.8,3.4165,0
-0.70526,0,0,-8.8,3.39,0
-0.71731,0,-0.12694,-8.8,3.3544,0
-0.71731,0,0,-8.8,3.3267,0
-0.73786,0,-0.090195,-8.8,3.2954,0
-0.75004,0,-0.04401,-8.8,3.2687,0
-0.74766,0,0.0075809,-8.8,3.2276,0
-0.74766,0,0,-8.8,3.1968,0
-0.73541,0,0.079249,-8.8,3.1684,0
-0.71773,0,0.090768,-8.8,3.1393,0
-0.69977,0,0.1042,-8.8,3.1157,0
-0.68015,0,0.11084,-8.8,3.0945,0
-0.66199,0,0.11655,-8.8,3.0752,0
-0.66199,0,0,-8.8,3.053,0
-0.62953,0,0.11435,-8.8,3.0232,0
-0.62953,0,0,-8.8,3.0043,0
-0.62118,0,0.086673,-8.8,2.9764,0
-0.61328,0,0.062747,-8.8,2.9568,0
-0.59985,0,0.057818,-8.8,2.9352,0
-0.59985,0,0,-8.8,2.9192,0
-0.59985,0,0,-8.8,2.9032,0
-0.59985,0,0,-8.8,2.8872,0
-0.59985,0,0,-8.8,2.8712,0
-0.52704,0,0.48063,-8.8,2.8621,0
-0.52704,0,0,-8.8,2.8534,0
-0.52704,0,0,-8.8,2.8447,0
-0.52704,0,0,-8.8,2.836,0
-0.2336,0,0.97191,-8.8,2.8972,0
-0.2336,0,0,-8.8,2.9178,0
-0.2336,0,0,-8.8,2.9385,0
-0.2336,0,0,-8.8,2.9591,0
-0.2336,0,0,-8.8,2.9798,0
-0.2336,0,0,-8.8,3.0004,0
-0.2336,0,0,-8.8,3.021,0
-0.2336,0,0,-8.8,3.0417,0
-0.2336,0,0,-8.8,3.0623,0
0.65323,0,0.67536,-8.8,3.4929,0
0.72627,0,0.48772,-8.8,3.6026,0
0.72627,0,0,-8.8,3.7192,0
0.72627,0,0,-8.8,3.8359,0
0.72627,0,0,-8.8,3.9525,0
0.81764,0,-0.091055,-8.8,4.1065,0
0.81764,0,0,-8.8,4.2323,0
0.81764,0,0,-8.8,4.358,0
0.76145,0,-0.31716,-8.8,4.4791,0
0.76145,0,0,-8.8,4.5992,0
0.76145,0,0,-8.8,4.7194,0
0.76145,0,0,-8.8,4.8395,0
0.76145,0,0,-8.8,4.9596,0
0.76145,0,0,-0.071468,5.0798,0
0.76145,0,0,-0.056804,5.1563,0
0.76145,0,0,-0.055876,5.2327,0
0.76145,0,0,-0.049742,5.3091,0
0.76145,0,0,-0.0019882,5.3855,0
0.76145,0,0,0.091984,5.4617,0
0.76145,0.0091984,0,0.22846,5.5374,0
0.76145,0.032044,0,0.37956,5.6115,0
0.76145,0.07,0,0.55035,5.6825,0
0.76145,0.12503,0,0.72237,5.7489,0.60628
0.82432,0.19727,0.88812,0.88812,5.6774,0
0.82432,0.28608,0,1.0373,5.7357,2.3752
1.0094,0.38982,1.1903,1.1903,5.7878,0
1.0094,0.50885,0,1.3442,5.8439,4.2707
1.0094,0.64327,0,1.486,5.8872,5.744
1.0094,0.79187,0,1.6125,5.9164,7.2763
1.0094,0.95312,0,4.9,5.9301,39.637
1.0094,1.4431,0,1.8093,5.9112,11.897
1.0094,1.624,0,1.4893,5.8588,10.238
1.0094,1.773,0,1.4971,5.7899,11.02
2.3197,1.9227,1.965,1.4534,6.2005,0
2.5255,2.068,1.9661,1.4901,6.2344,0
2.7207,2.217,1.9596,1.4686,6.273,0
2.7207,2.3639,0,1.4852,6.316,5.7791
3.1211,2.5124,1.8751,1.4636,6.3875,0
3.3033,2.6588,1.8504,1.4219,6.449,0
3.3033,2.801,0,1.4145,6.5064,4.7039
3.3033,2.9424,0,1.4035,6.5495,5.2216
3.8498,3.0828,1.6021,1.3633,6.6764,0
3.8498,3.2191,0,1.3269,6.7463,3.647
3.8498,3.3518,0,1.2811,6.8028,3.8962
3.8498,3.4799,0,1.246,6.8462,4.1933
3.8498,3.6045,0,1.2227,6.8769,4.5509
3.8498,3.7268,0,1.1793,6.8954,4.7766
3.8498,3.8447,0,1.163,6.9018,5.1565
3.8498,3.961,0,1.1555,6.8965,5.5908
3.8498,4.0765,0,1.1552,6.8796,6.0753
