30,30,0.21576,0,35.5,0
30,30,0,0.0030979,35.5,0.0065336
30,30,0,0.0065847,35.5,0.014585
30.056,30.001,0.16588,0.0096472,35.524,0
30.077,30.002,0.18691,0.013156,35.523,0
30.077,30.003,0,0.015526,35.53,0
30.077,30.005,0,0.018415,35.537,0
30.135,30.007,0.14582,0.022577,35.561,0
30.135,30.009,0,0.02453,35.573,0
30.135,30.011,0,0.027158,35.586,0
30.135,30.014,0,0.027673,35.598,0
30.135,30.017,0,0.028529,35.61,0
30.135,30.02,0,0.028719,35.622,0
30.183,30.023,-0.046679,0.028279,35.658,0
30.171,30.025,-0.049554,0.025671,35.666,0
30.16,30.028,-0.038743,0.023257,35.682,0
30.16,30.03,0,0.020849,35.695,0
30.16,30.032,0,0.018852,35.708,0
30.16,30.034,0,0.01653,35.721,0
30.16,30.036,0,0.016504,35.733,0
30.16,30.038,0,0.014588,35.746,0
30.16,30.039,0,0.012988,35.758,0
30.16,30.04,0,0.012113,35.77,0
30.16,30.042,0,0.012123,35.782,0
30.16,30.043,0,0.011543,35.794,0
30.101,30.044,-0.01948,0.010166,35.749,0
30.101,30.045,0,0.0092942,35.755,0
30.101,30.046,0,0.0097436,35.761,0
30.101,30.047,0,0.0090728,35.766,0
30.101,30.048,0,0.0088534,35.772,0
30.104,30.049,-0.055743,0.0097267,35.759,0.028457
30.104,30.05,0,0.009341,35.764,0
30.104,30.051,0,0.0082389,35.769,0
30.104,30.051,0,0.0045542,35.775,0
30.064,30.052,-0.18755,0.002224,35.768,0.46065
30.038,30.052,-0.17474,-0.0023971,35.76,0.47483
30.038,30.052,0,-0.0036105,35.758,0.021332
30.038,30.051,0,-0.0069171,35.757,0.013617
30.038,30.051,0,-0.0099792,35.756,0.0057982
29.976,30.05,-0.054906,-0.012275,35.736,0.25543
29.976,30.048,0,-0.012686,35.728,0.1224
29.976,30.047,0,-0.011728,35.721,0.12185
29.976,30.046,0,-0.012473,35.714,0.11774
29.976,30.045,0,-0.013794,35.707,0.11221
29.976,30.043,0,-0.015846,35.701,0.10482
29.976,30.042,0,-0.014918,35.694,0.10353
29.976,30.04,0,-0.015766,35.687,0.098567
29.976,30.039,0,-0.016316,35.681,0.09408
29.976,30.037,0,-0.017345,35.675,0.088454
29.976,30.035,0,-0.015808,35.669,0.088171
29.976,30.034,0,-0.016149,35.663,0.084144
29.976,30.032,0,-0.016168,35.658,0.080748
29.976,30.031,0,-0.016953,35.652,0.075702
29.976,30.029,0,-0.015435,35.647,0.075452
29.936,30.027,0.044228,-0.015435,35.593,0.063099
29.936,30.026,0,-0.014492,35.584,0.15647
29.936,30.024,0,-0.01436,35.575,0.15369
29.956,30.023,0.050793,-0.011348,35.584,0.0096772
29.956,30.022,0,-0.01057,35.577,0.11477
29.956,30.021,0,-0.008596,35.571,0.11691
29.969,30.02,0.079064,-0.008642,35.572,0
29.969,30.019,0,-0.0084766,35.567,0.086209
29.986,30.018,0.13379,-0.005367,35.573,0
29.986,30.018,0,-0.0016563,35.57,0.061189
29.986,30.017,0,-0.0010241,35.567,0.062216
30.027,30.017,0.13776,0.0016744,35.555,0
30.039,30.018,0.1265,0.0038269,35.563,0
30.039,30.018,0,0.0058873,35.565,0
30.039,30.018,0,0.0092697,35.568,0
30.039,30.019,0,0.010954,35.57,0
30.039,30.021,0,0.012348,35.571,0
30.039,30.022,0,0.013395,35.573,0
30.039,30.023,0,0.016601,35.575,0.0019232
30.039,30.025,0,0.01881,35.577,0.010125
30.039,30.027,0,0.020205,35.578,0.017061
30.039,30.029,0,0.022576,35.579,0.02645
30.039,30.031,0,0.023351,35.58,0.032878
30.157,30.033,-0.12538,0.021763,35.671,0.075826
30.157,30.035,0,0.017489,35.683,0
30.157,30.037,0,0.013695,35.695,0
30.157,30.039,0,0.0086731,35.707,0
30.157,30.039,0,0.0057819,35.719,0
30.045,30.04,-0.19801,0.00093896,35.709,0.50755
30.045,30.04,0,-0.00085065,35.709,0
30.045,30.04,0,-0.0032452,35.71,0
30.045,30.04,0,-0.0056529,35.71,0
30.045,30.039,0,-0.0098431,35.711,0
30.045,30.038,0,-0.012896,35.712,0
30.045,30.037,0,-0.016526,35.712,0
30.045,30.035,0,-0.018325,35.713,0
30.045,30.033,0,-0.018229,35.714,0
30.045,30.032,0,-0.018355,35.716,0
30.045,30.03,0,-0.018708,35.717,0
29.923,30.028,0.10291,-0.017695,35.626,0
29.935,30.026,0.13168,-0.015274,35.607,0
29.935,30.025,0,-0.012067,35.598,0.16007
29.935,30.023,0,-0.0091616,35.589,0.16408
29.935,30.022,0,-0.007018,35.58,0.167
30,30.022,0.18394,-0.003721,35.59,0
30.012,30.021,0.1714,-0.0016012,35.589,0
30.012,30.021,0,0.00096767,35.588,0.021276
30.046,30.021,0.15692,0.0044049,35.584,0
30.046,30.022,0,0.0066276,35.586,0
30.073,30.022,0.14725,0.0089945,35.59,0
30.097,30.023,0.14556,0.013076,35.6,0
30.097,30.025,0,0.015542,35.607,0
30.126,30.026,0.14717,0.017639,35.617,0
30.126,30.028,0,0.01935,35.627,0
30.145,30.03,0.13383,0.020386,35.638,0
30.145,30.032,0,0.023077,35.65,0
30.145,30.034,0,0.023856,35.661,0
30.145,30.037,0,0.024692,35.672,0
30.145,30.039,0,0.028495,35.683,0
30.145,30.042,0,0.029639,35.693,0
30.145,30.045,0,0.032917,35.703,0
30.239,30.048,0.085722,0.033654,35.734,0
30.249,30.051,0.030913,0.034847,35.756,0
30.249,30.055,0,0.034305,35.776,0
30.249,30.058,0,0.032494,35.795,0
30.249,30.062,0,0.030574,35.814,0
30.249,30.065,0,0.026539,35.832,0
30.249,30.067,0,0.02409,35.851,0
30.249,30.07,0,0.02132,35.869,0
30.188,30.072,-0.070759,0.020498,35.859,0
30.187,30.074,-0.075286,0.019945,35.871,0
30.187,30.076,0,0.017821,35.882,0
30.187,30.078,0,0.017677,35.893,0
30.187,30.08,0,0.018142,35.904,0
30.187,30.081,0,0.01737,35.915,0
30.188,30.083,0.0034444,0.018509,35.917,0
30.188,30.085,0,0.019856,35.927,0
30.188,30.087,0,0.020096,35.937,0
30.207,30.089,0.02462,0.02088,35.94,0
30.21,30.091,0.027023,0.021003,35.959,0
30.21,30.093,0,0.019559,35.971,0
30.214,30.095,0.073395,0.021039,35.982,0
30.219,30.097,0.091987,0.02167,35.992,0
30.237,30.099,0.092054,0.02436,36.004,0
30.244,30.102,0.13134,0.025267,36.016,0
30.244,30.104,0,0.028111,36.03,0
30.244,30.107,0,0.030084,36.044,0
30.244,30.11,0,0.032421,36.057,0
30.244,30.113,0,0.034166,36.071,0
30.244,30.117,0,0.034705,36.084,0
30.244,30.12,0,0.035416,36.096,0
30.244,30.124,0,0.032854,36.108,0
30.295,30.127,-0.075791,0.029887,36.152,0
30.295,30.13,-0.11204,0.029313,36.173,0
30.295,30.133,0,0.025497,36.189,0
30.295,30.136,0,0.022715,36.205,0
30.295,30.138,0,0.01905,36.221,0
30.295,30.14,0,0.014487,36.237,0
30.295,30.141,0,0.0088306,36.252,0
30.295,30.142,0,0.0062684,36.268,0
30.295,30.143,0,0.00094419,36.283,0
30.295,30.143,0,-0.003571,36.298,0
30.295,30.142,0,-0.0073342,36.313,0
30.072,30.142,-0.21054,-0.011492,36.241,0.70301
30.072,30.141,0,-0.013994,36.234,0.11275
30.072,30.139,0,-0.015922,36.227,0.10559
30.072,30.138,0,-0.018629,36.221,0.096375
30.072,30.136,0,-0.022212,36.214,0.084774
30.072,30.133,0,-0.023209,36.208,0.078041
29.976,30.131,-0.12765,-0.025436,36.183,0.61209
29.976,30.129,0,-0.028519,36.167,0.25706
29.976,30.126,0,-0.028555,36.152,0.25082
29.95,30.123,-0.022208,-0.02855,36.126,0.35691
29.95,30.12,0,-0.028417,36.109,0.29686
29.944,30.117,0.0073193,-0.028609,36.1,0.28576
29.944,30.114,0,-0.026595,36.083,0.30159
29.944,30.112,0,-0.027191,36.066,0.29436
29.94,30.109,0.0065229,-0.027881,36.045,0.27896
29.943,30.106,0.021412,-0.026972,36.034,0.2349
29.943,30.103,0,-0.026541,36.017,0.27951
29.943,30.101,0,-0.025727,36.002,0.27565
29.943,30.098,0,-0.024597,35.986,0.27272
29.943,30.096,0,-0.026233,35.971,0.26354
29.943,30.093,0,-0.026474,35.955,0.2573
29.943,30.09,0,-0.030369,35.941,0.24256
29.943,30.087,0,-0.033262,35.926,0.2294
29.849,30.084,-0.36678,-0.039089,35.891,1.6858
29.849,30.08,0,-0.046099,35.868,0.38763
29.849,30.076,0,-0.051201,35.845,0.36517
29.725,30.07,-0.3306,-0.05769,35.79,1.7875
29.725,30.065,0,-0.062155,35.755,0.5916
29.725,30.059,0,-0.065124,35.722,0.56968
29.725,30.052,0,-0.068917,35.689,0.54516
29.725,30.045,0,-0.072248,35.656,0.52117
29.725,30.038,0,-0.075589,35.625,0.49664
29.725,30.03,0,-0.079283,35.594,0.47072
29.535,30.022,-0.23909,-0.082397,35.512,1.7235
29.535,30.014,0,-0.084286,35.464,0.86017
29.535,30.006,0,-0.086623,35.417,0.83344
29.491,29.997,-0.045333,-0.086065,35.358,1.0562
29.491,29.988,0,-0.086186,35.308,0.89851
29.491,29.98,0,-0.087135,35.259,0.87504
29.462,29.971,-0.014228,-0.086999,35.213,0.9648
29.462,29.962,0,-0.087523,35.162,0.90052
29.462,29.954,0,-0.087737,35.113,0.87881
29.462,29.945,0,-0.08468,35.064,0.86636
29.446,29.936,-0.011977,-0.084467,35.022,0.92
29.443,29.928,-0.048533,-0.083836,34.968,1.0204
29.435,29.92,-0.058301,-0.08396,34.921,1.0501
29.435,29.911,0,-0.08419,34.873,0.854
29.418,29.903,-0.13109,-0.084293,34.826,1.293
29.418,29.894,0,-0.083981,34.778,0.85458
29.418,29.886,0,-0.086718,34.731,0.82684
29.418,29.877,0,-0.089275,34.684,0.79916
29.418,29.868,0,-0.089115,34.639,0.77851
29.346,29.859,-0.21196,-0.090174,34.559,1.6571
29.346,29.85,0,-0.091772,34.508,0.89867
29.346,29.841,0,-0.093446,34.458,0.87188
29.273,29.832,-0.38228,-0.098963,34.393,2.5422
29.273,29.822,0,-0.10309,34.338,0.9759
29.201,29.812,-0.47625,-0.10851,34.275,3.1841
29.151,29.801,-0.51868,-0.11577,34.217,3.542
29.151,29.789,0,-0.12493,34.153,1.1293
29.151,29.777,0,-0.13271,34.089,1.0755
28.982,29.764,-0.49812,-0.1406,33.995,3.7726
28.982,29.749,0,-0.14822,33.918,1.3846
28.982,29.735,0,-0.15553,33.842,1.3239
28.982,29.719,0,-0.15961,33.767,1.2721
28.982,29.703,0,-0.16431,33.694,1.218
28.764,29.687,-0.34551,-0.16914,33.566,3.2501
28.764,29.67,0,-0.17186,33.475,1.6707
28.764,29.653,0,-0.17484,33.385,1.6152
28.764,29.635,0,-0.17806,33.297,1.5587
28.764,29.617,0,-0.18009,33.211,1.5059
28.764,29.599,0,-0.18172,33.126,1.4542
28.764,29.581,0,-0.18538,33.043,1.3963
28.566,29.563,-0.29499,-0.18807,32.878,3.1407
28.545,29.544,-0.30621,-0.18919,32.787,3.2009
28.545,29.525,0,-0.19318,32.688,1.7948
28.545,29.506,0,-0.19527,32.591,1.736
28.545,29.486,0,-0.19595,32.496,1.6819
28.545,29.466,0,-0.19951,32.403,1.6185
28.545,29.446,0,-0.20252,32.312,1.5568
28.381,29.426,-0.28229,-0.20345,32.175,3.1665
28.381,29.406,0,-0.20392,32.072,1.8808
28.381,29.385,0,-0.20496,31.97,1.8221
28.381,29.365,0,-0.2061,31.871,1.7633
28.381,29.344,0,-0.2101,31.774,1.6952
28.381,29.323,0,-0.214,31.678,1.6273
28.381,29.302,0,-0.21785,31.585,1.5594
28.381,29.28,0,-0.21943,31.494,1.4985
28.167,29.258,-0.25398,-0.22058,31.318,3.0928
28.167,29.236,0,-0.22274,31.21,1.934
28.167,29.214,0,-0.2261,31.104,1.8622
28.167,29.191,0,-0.23033,31,1.7874
28.038,29.168,-0.29224,-0.23343,30.865,3.3623
28.038,29.145,0,-0.23602,30.753,1.9929
28.038,29.121,0,-0.23947,30.644,1.9169
27.936,29.097,-0.30149,-0.2437,30.521,3.4677
27.936,29.073,0,-0.24454,30.406,2.0455
27.936,29.049,0,-0.24879,30.293,1.964
27.936,29.024,0,-0.25182,30.183,1.8866
27.936,28.998,0,-0.25238,30.075,1.8175
27.936,28.973,0,-0.25516,29.97,1.7418
27.936,28.948,0,-0.25898,29.868,1.663
27.936,28.922,0,-0.25962,29.768,1.5944
27.936,28.896,0,-0.26092,29.671,1.5243
27.67,28.87,-0.3085,-0.26426,29.479,3.5343
27.67,28.843,0,-0.26632,29.361,2.0675
27.67,28.817,0,-0.26961,29.245,1.9837
27.67,28.79,0,-0.26972,29.131,1.9109
27.67,28.763,0,-0.27079,29.021,1.8355
27.67,28.736,0,-0.27214,28.913,1.7599
27.497,28.708,-0.49034,-0.27603,28.769,4.5901
27.497,28.681,0,-0.28501,28.649,2.03
27.497,28.652,0,-0.29181,28.532,1.9303
27.324,28.623,-0.70283,-0.30171,28.388,6.3348
27.324,28.593,0,-0.31299,28.26,2.1654
27.324,28.562,0,-0.32557,28.135,2.0374
27.324,28.529,0,-0.33717,28.012,1.9125
27.324,28.495,0,-0.34991,27.894,1.7844
27.324,28.46,0,-0.36374,27.778,1.6535
26.87,28.424,-0.88092,-0.3768,27.526,8.5375
26.786,28.386,-0.86503,-0.39156,27.36,8.4981
26.786,28.347,0,-0.40425,27.202,2.6514
26.786,28.307,0,-0.42044,27.048,2.4791
26.786,28.265,0,-0.4339,26.898,2.3171
26.786,28.221,0,-0.44918,26.752,2.1505
26.786,28.176,0,-0.46505,26.611,1.984
26.266,28.13,-0.96165,-0.4809,26.335,10.06
26.166,28.082,-0.95647,-0.49945,26.138,10.114
26.077,28.032,-0.9567,-0.51515,25.939,10.186
26.077,27.98,0,-0.53232,25.746,3.1485
26.077,27.927,0,-0.5489,25.558,2.9329
25.801,27.872,-0.95838,-0.56366,25.343,10.393
25.801,27.816,0,-0.57933,25.139,3.2916
25.801,27.758,0,-0.59429,24.94,3.0673
25.801,27.699,0,-0.61276,24.748,2.8341
25.438,27.637,-0.92731,-0.6271,24.5,10.19
25.346,27.575,-0.92555,-0.64317,24.282,10.184
25.346,27.51,0,-0.65922,24.063,3.416
25.346,27.444,0,-0.67571,23.85,3.1648
25.346,27.377,0,-0.6982,23.643,2.898
24.925,27.307,-1.3436,-0.726,23.343,15.356
24.925,27.234,0,-0.75849,23.108,3.456
24.638,27.159,-1.6014,-0.79074,22.855,19.546
24.638,27.079,0,-0.83096,22.607,3.5608
24.317,26.996,-1.6271,-0.86831,22.327,20.158
24.317,26.91,0,-0.90982,22.063,3.6992
24.317,26.819,0,-0.95115,21.809,3.3034
23.827,26.723,-1.4616,-0.98734,21.509,17.523
23.683,26.625,-1.3878,-1.0217,21.213,16.334
23.683,26.523,0,-1.0563,20.924,3.8559
23.419,26.417,-1.2286,-1.0826,20.613,13.888
23.419,26.309,0,-1.1112,20.318,3.8001
23.419,26.197,0,-1.1402,20.035,3.4121
23.419,26.083,0,-1.1653,19.763,3.0582
23.419,25.967,0,-1.1878,19.502,2.7354
23.419,25.848,0,-1.215,19.253,2.4294
23.419,25.727,0,-1.2429,19.017,2.1548
23.419,25.602,0,-1.2749,18.792,1.9133
23.419,25.475,0,-1.3071,18.58,1.7173
23.419,25.344,0,-1.3421,18.381,1.5736
22.142,25.21,-1.4221,-2,17.54,8.3101
22.142,25.01,0,-2,17.243,2.7186
21.84,24.81,-1.6477,-2,16.941,10.315
21.678,24.61,-1.9135,-2.1718,16.639,12.052
21.491,24.393,-2.3762,-2.9,16.348,11.716
21.491,24.103,0,-3.1471,16.072,13.36
21.491,23.788,0,-3.6975,15.827,33.646
20.619,23.418,-3.9113,-4.1641,15.492,0
20.619,23.002,0,-4.545,15.233,96.294
20.619,22.547,0,-4.7227,15.018,173.22
20.619,22.075,0,-4.8311,14.848,323.18
20.619,21.592,0,-4.8862,14.727,712.24
20.619,21.103,0,-4.9142,14.654,4680.9
20.619,20.612,0,-4.8891,14.63,0
17.521,20.123,-4.4853,-4.7344,13.59,0
17.069,19.65,-4.1533,-4.403,13.332,0
16.649,19.209,-3.6635,-3.9143,13.074,0
16.649,18.818,0,-3.3693,12.837,23.645
15.968,18.481,-2.6134,-2.9,12.568,15.026
15.968,18.191,0,-4.4,12.331,87.731
15.486,17.751,-1.8559,-4.4,12.081,0
15.486,17.311,0,-4.4,11.876,114.44
15.486,16.871,0,-4.4,11.716,157.38
15.486,16.431,0,-4.4,11.599,225.39
14.864,15.991,-1.1379,-4.4,11.393,0
14.864,15.551,0,-4.4,11.303,286.62
14.647,15.111,-0.99503,-4.4,11.228,0
14.548,14.671,-0.95925,-4.4,11.204,0
14.548,14.231,0,-4.4,11.214,1371.2
14.354,13.791,-0.87593,-4.4,11.231,0
14.354,13.351,0,-4.4,11.309,0
14.354,12.911,0,-4.4,11.431,0
14.354,12.471,0,0.45587,11.598,0
14.354,12.517,0,0.41868,11.784,0
13.908,12.558,-0.81213,0.38325,11.868,0.64637
13.908,12.597,0,0.34845,12.001,0
13.908,12.632,0,0.31684,12.13,0
13.661,12.663,-0.75652,0.28689,12.225,1.0859
13.661,12.692,0,0.25489,12.323,0
13.508,12.717,-0.76882,0.22847,12.398,1.5995
13.508,12.74,0,0.2018,12.476,0
13.508,12.761,0,0.17741,12.552,0
13.309,12.778,-0.7114,0.15433,12.58,1.8086
13.229,12.794,-0.70269,0.12661,12.632,1.9595
13.229,12.806,0,0.10538,12.675,0
13.229,12.817,0,0.083661,12.717,0
13.229,12.825,0,0.06375,12.758,0
13.229,12.832,0,0.04453,12.798,0
12.939,12.836,-0.46079,0.029957,12.751,1.3528
12.939,12.839,0,0.015682,12.761,0
12.939,12.841,0,0.0021112,12.771,0
12.939,12.841,0,-0.0067894,12.781,0
12.939,12.84,0,-0.016257,12.791,0
12.785,12.839,-0.17114,-0.019498,12.754,0.5096
12.785,12.837,0,-0.028714,12.749,0.044987
12.785,12.834,0,-0.038801,12.744,0.018452
12.685,12.83,-0.41918,-0.053071,12.72,1.5796
12.685,12.825,0,-0.062922,12.706,0.15334
12.611,12.818,-0.56141,-0.07643,12.696,2.394
12.557,12.811,-0.58237,-0.093432,12.681,2.5863
12.499,12.801,-0.59797,-0.11164,12.66,2.7558
12.448,12.79,-0.62491,-0.12691,12.623,2.9796
12.448,12.777,0,-0.14262,12.589,0.37723
12.448,12.763,0,-0.16034,12.557,0.31002
12.268,12.747,-0.66226,-0.17949,12.511,3.4304
12.268,12.729,0,-0.20197,12.464,0.52224
12.268,12.709,0,-0.22131,12.419,0.43898
12.052,12.687,-0.70086,-0.24253,12.328,3.9197
11.983,12.663,-0.72843,-0.26149,12.262,4.1722
11.983,12.636,0,-0.28285,12.195,0.74939
11.983,12.608,0,-0.30087,12.131,0.65034
11.983,12.578,0,-0.31935,12.07,0.55189
11.983,12.546,0,-0.33429,12.012,0.46192
11.983,12.513,0,-0.35219,11.958,0.36928
11.983,12.477,0,-0.36821,11.906,0.28251
11.983,12.441,0,-0.38744,11.859,0.19515
11.983,12.402,0,-0.40698,11.815,0.11231
11.348,12.361,-0.6882,-0.42146,11.508,4.2553
11.348,12.319,0,-0.43732,11.409,1.0748
11.348,12.275,0,-0.45333,11.314,0.94816
11.348,12.23,0,-0.46871,11.223,0.82669
11.348,12.183,0,-5.2,11.137,0
11.348,11.663,0,-0.26784,11.08,0.11655
11.348,11.636,0,-0.28296,11.05,0.048849
10.914,11.608,-0.56769,-0.2976,10.848,3.0122
10.914,11.578,0,-5.2,10.78,0
10.914,11.058,0,-0.10982,10.74,0.069903
10.73,11.047,-0.62042,-0.13146,10.71,2.8334
10.665,11.034,-0.63623,-0.15396,10.67,2.9983
10.605,11.019,-0.6533,-0.17301,10.637,3.1618
10.605,11.001,0,-0.19204,10.597,0.40872
10.605,10.982,0,-0.21669,10.558,0.32027
10.605,10.961,0,-0.23506,10.521,0.24424
10.605,10.937,0,-5.2,10.487,0
10.605,10.417,0,-0.059515,10.48,0
10.198,10.411,-0.69143,-0.087517,10.363,3.1253
10.198,10.402,0,-0.11587,10.342,0.17593
10.056,10.391,-0.6064,-0.13885,10.292,2.7769
10.056,10.377,0,-0.15976,10.259,0.3223
10.056,10.361,0,-0.17906,10.228,0.25129
10.056,10.343,0,-0.18957,10.198,0.19642
10.056,10.324,0,-5.2,10.17,0
10.056,9.8041,0,0.013245,10.169,0
9.8173,9.8054,-0.15274,0.004424,10.122,0.36512
9.8173,9.8058,0,-0.0037942,10.123,0
9.7897,9.8055,-0.018816,-0.0063013,10.121,0.059588
9.7917,9.8048,0.051828,-0.0052791,10.119,0
9.7896,9.8043,0.11759,-0.0058871,10.11,0
9.7896,9.8037,0,-0.00038732,10.108,0.028175
9.7896,9.8037,0,0.006279,10.107,0.04243
9.7896,9.8043,0,0.015368,10.106,0.063656
9.7896,9.8058,0,0.025821,10.104,0.090341
9.9094,9.8084,0.27092,0.037618,10.123,0
9.9094,9.8122,0,0.049892,10.133,0
9.9094,9.8172,0,0.059022,10.143,0
9.9992,9.8231,0.18219,0.065694,10.163,0
9.9992,9.8296,0,0.072683,10.181,0
10.05,9.8369,0.16997,0.079511,10.199,0
10.05,9.8449,0,0.079341,10.22,0
10.05,9.8528,0,0.085736,10.24,0
10.05,9.8614,0,0.087567,10.26,0
10.05,9.8701,0,0.090088,10.278,0
10.05,9.8791,0,0.090007,10.296,0
10.05,9.8881,0,0.089922,10.312,0
10.138,9.8971,0.17665,0.090564,10.383,0
10.138,9.9062,0,0.092607,10.407,0
10.183,9.9154,0.24254,0.10042,10.438,0
10.183,9.9255,0,0.1096,10.464,0
10.236,9.9365,0.29751,0.11286,10.503,0
10.236,9.9477,0,0.12037,10.533,0
