0,0,-0.14915,0,35.5,0.3134
0,0,0,7.8,35.5,59.103
0,0.78,0,7.8,35.461,63.94
0,1.56,0,7.8,35.344,68.834
0,2.34,0,7.8,35.149,73.779
0,3.12,0,7.8,34.876,78.774
0,3.9,0,7.8,34.525,83.814
-0.11632,4.68,-0.15296,7.8,34.047,85.973
-0.11632,5.46,0,7.8,33.529,87.251
-0.11632,6.24,0,6.7,32.932,86.538
-0.11632,6.91,0,6.7,32.263,87.912
-0.11632,7.58,0,6.7,31.527,89.285
-0.11632,8.25,0,-0.44952,30.724,75.636
-0.11632,8.205,0,-0.46661,29.889,75.508
-0.11632,8.1584,0,-0.4839,29.06,75.376
-0.2444,8.11,-0.14168,-0.50311,28.177,75.797
-0.25483,8.0597,-0.14364,-0.52259,27.344,75.678
-0.25483,8.0074,0,-0.54384,26.516,75.224
-0.25483,7.953,0,-0.56649,25.692,75.065
-0.25483,7.8964,0,-0.58977,24.874,74.9
-0.25483,7.8374,0,-0.61494,24.062,74.726
-0.32465,7.7759,-0.14651,-0.64087,23.233,74.997
-0.3381,7.7118,-0.14465,-0.66874,22.434,74.831
-0.3381,7.645,0,-0.69858,21.632,74.327
-0.3381,7.5751,0,-0.73191,20.838,74.114
-0.38582,7.5019,-0.14806,-0.76645,20.036,74.3
-0.39611,7.4253,-0.14713,-0.8024,19.258,74.086
-0.40746,7.345,-0.14622,-0.84215,18.47,73.86
-0.40746,7.2608,0,-0.88423,17.699,73.291
-0.40746,7.1724,0,-0.92944,16.936,73.015
-0.40746,7.0794,0,-0.97919,16.183,72.72
-0.46675,6.9815,-0.15015,-1.0323,15.414,72.845
-0.46675,6.8783,0,-1.09,14.674,72.196
-0.50318,6.7693,-0.14722,-1.1502,13.944,72.231
-0.50318,6.6543,0,-1.217,13.222,71.545
-0.50318,6.5326,0,-1.287,12.513,71.149
-0.50318,6.4039,0,-1.3627,11.816,70.725
-0.50318,6.2676,0,-1.4439,11.132,70.276
-0.50318,6.1232,0,-1.5309,10.462,69.797
-0.50318,5.9701,0,-1.6275,9.8068,69.28
-0.50318,5.8074,0,-1.7282,9.1676,68.735
-0.50318,5.6346,0,-1.8361,8.5452,68.154
-0.62662,5.4509,-0.14851,-1.95,7.8817,68.103
-0.62662,5.2559,0,-8.8,7.2837,52.998
-0.62662,4.3759,0,-8.8,6.7394,51.194
-0.62662,3.4959,0,-8.8,6.2832,49.39
-0.62662,2.6159,0,-8.8,5.9149,47.586
-0.62662,1.7359,0,-8.8,5.6347,45.782
-0.70837,0.85595,-0.15325,-0.15325,5.4323,62.636
-0.70837,0.84062,0,-8.8,5.2767,44.114
-0.73812,0,-0.14421,-0.14421,5.1684,60.943
-0.73812,0,0,-0.15277,5.0953,60.622
-0.73812,0,0,-0.15129,5.0223,60.625
-0.78292,0,-0.14655,-8.8,4.9563,42.851
-0.79443,0,-0.15142,-8.8,4.9306,42.885
-0.79443,0,0,-8.8,4.8952,42.567
-0.79443,0,0,-8.8,4.8597,42.567
-0.79443,0,0,-8.8,4.8243,42.567
-0.79443,0,0,-8.8,4.7888,42.567
-0.79443,0,0,-8.8,4.7534,42.567
-0.79443,0,0,-8.8,4.7179,42.567
-0.79443,0,0,-8.8,4.6825,42.567
-0.79443,0,0,-8.8,4.6471,42.567
-0.93824,0,0.00080457,-8.8,4.5416,42.86
-0.93824,0,0,-8.8,4.4917,42.862
-0.93824,0,0,-8.8,4.4419,42.862
-0.93824,0,0,-8.8,4.3921,42.862
-0.93824,0,0,-8.8,4.3423,42.862
-0.93824,0,0,-8.8,4.2924,42.862
-0.93824,0,0,-8.8,4.2426,42.862
-0.93824,0,0,-8.8,4.1928,42.862
-0.93824,0,0,-8.8,4.143,42.862
-0.5382,0,0.61405,-8.8,4.221,40.751
-0.5382,0,0,-8.8,4.2112,42.042
-0.5382,0,0,-8.8,4.2014,42.042
-0.35414,0,0.71429,-8.8,4.2276,40.164
-0.35414,0,0,-8.8,4.2362,41.664
-0.35414,0,0,-8.8,4.2448,41.664
-0.35414,0,0,-8.8,4.2533,41.664
-0.35414,0,0,-8.8,4.2619,41.664
0.23017,0,1.8698,-8.8,4.392,0
0.23017,0,0,-8.8,4.459,0
0.23017,0,0,-8.8,4.5261,0
0.23017,0,0,-8.8,4.5931,0
0.23017,0,0,-8.8,4.6601,0
0.23017,0,0,-8.8,4.7271,0
1.323,0,1.6098,1.6098,5.1297,0
1.323,0.16098,0,1.6316,5.254,3.3767
1.323,0.32414,0,1.7087,5.362,4.5289
1.323,0.49501,0,1.7426,5.4533,5.4818
1.9814,0.66927,1.7654,1.7654,5.6508,0
1.9814,0.84581,0,1.7153,5.7732,4.0027
1.9814,1.0173,0,4.9,5.8782,33.842
1.9814,1.5073,0,4.9,5.9501,36.954
1.9814,1.9973,0,2.1329,5.973,12.459
2.7752,2.2106,1.5136,1.6227,6.1392,0
2.7752,2.3729,0,1.4053,6.1875,5.0602
2.7752,2.5134,0,-8.8,6.2207,0
2.7752,1.6334,0,4.9,6.2909,32.723
2.7752,2.1234,0,3.935,6.3806,25.605
2.7752,2.5169,0,2.2912,6.4261,12.385
2.7752,2.746,0,1.7279,6.4404,9.0001
2.7752,2.9188,0,1.4405,6.4347,7.6771
2.7752,3.0629,0,1.2979,6.4131,7.3119
2.7752,3.1927,0,1.2365,6.3779,7.4584
4.0643,3.3163,1.6711,1.2217,6.9643,0
4.0643,3.4385,0,1.2294,7.033,3.0995
4.3873,3.5614,1.604,1.2228,7.1296,0
4.3873,3.6837,0,1.2243,7.206,2.7781
4.3873,3.8062,0,1.2025,7.2703,3.1163
4.8368,3.9264,1.347,1.1826,7.3912,0
4.9811,4.0447,1.293,1.1695,7.4768,0
5.1048,4.1616,1.2904,1.1352,7.5664,0
5.1048,4.2751,0,1.1199,7.6551,1.7714
5.1048,4.3871,0,1.1041,7.7325,2.0834
5.1048,4.4975,0,1.0823,7.7987,2.3638
5.1048,4.6058,0,1.0683,7.854,2.6809
5.7487,4.7126,1.2584,1.0707,8.0498,0
5.7487,4.8197,0,1.059,8.1481,1.1397
5.7487,4.9256,0,1.0516,8.2357,1.4577
6.1177,5.0307,1.0675,1.0442,8.3836,0
6.1177,5.1352,0,1.0207,8.4871,0.79308
6.3213,5.2372,0.94575,0.99433,8.5832,0
6.3213,5.3367,0,0.9626,8.6866,0.53576
6.3213,5.4329,0,0.94421,8.7803,0.75607
6.3213,5.5273,0,0.90709,8.8644,0.89152
6.3213,5.618,0,0.87401,8.9392,1.0332
6.7159,5.7055,0.78099,0.84706,9.1099,0
6.7159,5.7902,0,0.83527,9.2067,0.20022
6.7159,5.8737,0,0.83234,9.2951,0.43319
7.0053,5.9569,1.2375,0.84276,9.4235,0
7.134,6.0412,1.2616,0.86644,9.5259,0
7.2504,6.1278,1.1932,0.87741,9.6283,0
7.2504,6.2156,0,0.88585,9.7362,0.078424
7.4692,6.3042,0.97456,0.88636,9.8517,0
7.5636,6.3928,0.86488,0.87933,9.967,0
7.5636,6.4807,0,0.8624,10.08,0
7.5636,6.567,0,0.8427,10.184,0.025177
7.7816,6.6512,0.58201,0.81902,10.312,0
7.7816,6.7331,0,0.788,10.421,0
7.7816,6.8119,0,0.76321,10.522,0
7.9203,6.8883,0.32281,0.72537,10.642,0
7.9513,6.9608,0.25481,0.68953,10.737,0
7.9513,7.0298,0,0.65051,10.833,0
7.9513,7.0948,0,0.61235,10.922,0
8.0107,7.156,0.23356,0.58113,11.014,0
8.0386,7.2142,0.31076,0.55687,11.099,0
8.0386,7.2698,0,0.54233,11.179,0
8.0386,7.3241,0,0.52697,11.253,0
8.1625,7.3768,0.48314,0.52053,11.324,0
8.1625,7.4288,0,0.51656,11.4,0
8.1625,7.4805,0,0.50344,11.471,0
8.1625,7.5308,0,0.48694,11.537,0
8.1625,7.5795,0,0.46909,11.597,0
8.3311,7.6264,0.28267,0.4542,11.688,0
8.3529,7.6718,0.30614,0.43671,11.751,0
8.3529,7.7155,0,0.42436,11.817,0
8.3529,7.758,0,0.41364,11.878,0
8.3529,7.7993,0,0.41175,11.936,0
8.4817,7.8405,0.33826,0.4043,12.011,0
8.4817,7.8809,0,0.39846,12.074,0
8.4817,7.9208,0,0.39665,12.132,0
8.5882,7.9604,0.24973,0.3911,12.192,0
8.5882,7.9995,0,0.38059,12.253,0
8.5882,8.0376,0,0.36221,12.31,0
8.5882,8.0738,0,0.35323,12.363,0
8.5882,8.1091,0,0.34097,12.413,0
8.5882,8.1432,0,0.32837,12.459,0
8.5882,8.1761,0,0.30828,12.502,0
8.5882,8.2069,0,0.29867,12.542,0
8.5882,8.2368,0,0.28801,12.578,0
8.5882,8.2656,0,0.27753,12.612,0
8.7406,8.2933,0.2064,0.27054,12.738,0
8.7576,8.3204,0.13562,0.26401,12.792,0
8.7576,8.3468,0,0.25941,12.834,0
8.7576,8.3727,0,0.24294,12.874,0
8.7884,8.397,0.070125,0.2349,12.924,0
8.7884,8.4205,0,0.23055,12.962,0
8.8215,8.4436,0.19551,0.22619,13.017,0
8.8373,8.4662,0.2452,0.22172,13.056,0
8.8373,8.4884,0,0.21996,13.092,0
8.8373,8.5104,0,0.22388,13.126,0
8.9084,8.5327,0.064906,0.22337,13.179,0
8.9084,8.5551,0,0.21722,13.216,0
8.9084,8.5768,0,0.21127,13.25,0
8.9395,8.5979,0.022719,0.20219,13.301,0
8.9455,8.6181,0.049547,0.19344,13.335,0
8.9455,8.6375,0,0.18594,13.367,0
8.9646,8.6561,0.16388,0.18183,13.403,0
8.9712,8.6743,0.21475,0.17462,13.428,0
8.9712,8.6917,0,0.18108,13.456,0
8.9712,8.7098,0,0.1776,13.483,0
9.0307,8.7276,0.16488,0.17772,13.536,0
9.0307,8.7454,0,0.17238,13.565,0
9.0307,8.7626,0,0.16862,13.593,0
9.0307,8.7795,0,0.17009,13.619,0
9.0307,8.7965,0,0.17675,13.643,0
9.0307,8.8142,0,0.18301,13.665,0
9.0307,8.8325,0,0.18159,13.686,0
9.1784,8.8506,0.24148,0.19042,13.75,0
9.1784,8.8697,0,0.18942,13.782,0
9.2135,8.8886,0.24268,0.18814,13.814,0
9.2135,8.9074,0,0.19019,13.845,0
9.2135,8.9264,0,0.19968,13.875,0
9.2135,8.9464,0,0.19904,13.902,0
9.2135,8.9663,0,0.2024,13.928,0
9.3385,8.9865,0.25418,0.20244,13.994,0
9.3385,9.0068,0,0.20146,14.028,0
9.3385,9.0269,0,0.2044,14.06,0
9.405,9.0474,0.18953,0.20483,14.105,0
9.405,9.0679,0,0.19821,14.14,0
9.405,9.0877,0,0.19864,14.173,0
9.4522,9.1075,0.10318,0.19661,14.217,0
9.4522,9.1272,0,0.19034,14.251,0
9.4522,9.1462,0,0.1911,14.282,0
9.4522,9.1653,0,0.18175,14.312,0
9.4522,9.1835,0,0.1738,14.34,0
9.4522,9.2009,0,0.17464,14.366,0
9.5301,9.2184,0.15578,0.17651,14.422,0
9.5301,9.236,0,0.1728,14.452,0
9.5301,9.2533,0,0.16946,14.481,0
9.5301,9.2702,0,0.16707,14.508,0
9.5793,9.287,0.057133,0.16459,14.531,0
9.5793,9.3034,0,0.15296,14.559,0
9.5793,9.3187,0,0.14979,14.586,0
9.5793,9.3337,0,0.14567,14.611,0
9.6032,9.3483,0.013772,0.14278,14.624,0
9.6032,9.3625,0,0.13149,14.649,0
9.6032,9.3757,0,0.12691,14.672,0
9.6032,9.3884,0,0.12018,14.694,0
9.6032,9.4004,0,0.10974,14.715,0
9.5997,9.4114,-0.017398,0.10515,14.755,0
9.5997,9.4219,0,0.10377,14.774,0
9.6104,9.4323,-0.15472,0.099207,14.782,0.24041
9.6104,9.4422,0,0.082868,14.799,0
9.6104,9.4505,0,0.059411,14.815,0
9.6104,9.4564,0,0.033166,14.831,0
9.6104,9.4597,0,0.015682,14.846,0
9.6104,9.4613,0,0.0077161,14.861,0
9.6104,9.4621,0,0.0076198,14.876,0
9.4902,9.4628,0.16071,0.01522,14.808,0
9.4902,9.4643,0,0.027636,14.81,0.0055267
9.4902,9.4671,0,0.030472,14.813,0.017511
9.4902,9.4702,0,0.03023,14.815,0.023372
9.4902,9.4732,0,0.027775,14.817,0.024313
9.5181,9.476,-0.18348,0.023381,14.829,0.43827
9.5181,9.4783,0,0.008705,14.833,0
9.5181,9.4792,0,-0.0019875,14.837,0
9.4626,9.479,-0.080959,-0.0033553,14.827,0.21519
9.4509,9.4786,-0.018016,-0.0057037,14.83,0.084451
9.4509,9.4781,0,-0.0056286,14.827,0.044046
9.4509,9.4775,0,-0.0039259,14.825,0.04653
9.4509,9.4771,0,-0.0018135,14.822,0.050261
9.4509,9.4769,0,0.00080503,14.819,0.055546
9.4509,9.477,0,-0.00031521,14.817,0.053287
9.4713,9.477,0.079628,-0.0011562,14.832,0
9.4713,9.4769,0,-0.0015026,14.832,0.0081471
9.4903,9.4767,0.26168,0.0075601,14.837,0
9.4903,9.4775,0,0.02009,14.838,0.016293
9.4903,9.4795,0,0.039329,14.84,0.063255
9.5754,9.4834,0.17612,0.050959,14.845,0
9.5754,9.4885,0,0.05315,14.854,0
9.5754,9.4938,0,0.053848,14.862,0
9.5934,9.4992,0.13807,0.052149,14.883,0
9.5934,9.5044,0,0.059636,14.893,0
9.6248,9.5104,0.21458,0.063282,14.897,0
9.6248,9.5167,0,0.073697,14.909,0
9.6248,9.5241,0,0.084306,14.919,0
9.6248,9.5325,0,0.089035,14.929,0.0027971
9.7239,9.5414,0.20295,0.10072,14.945,0
9.7239,9.5515,0,0.11117,14.963,0
9.7239,9.5626,0,0.12045,14.979,0
9.7239,9.5746,0,0.12312,14.995,0
9.7239,9.587,0,0.12859,15.009,0
9.8478,9.5998,0.26033,0.13653,15.08,0
9.8686,9.6135,0.2471,0.14039,15.113,0
9.8686,9.6275,0,0.14358,15.138,0
9.9048,9.6419,0.27681,0.1445,15.175,0
9.9048,9.6563,0,0.14844,15.201,0
9.9048,9.6712,0,0.15847,15.225,0
9.9048,9.687,0,0.16793,15.248,0
9.9048,9.7038,0,0.17432,15.269,0
9.9048,9.7212,0,0.17702,15.288,0.014669
10.083,9.7389,0.29522,0.18764,15.347,0
10.083,9.7577,0,0.19789,15.38,0
10.083,9.7775,0,0.19817,15.412,0
10.083,9.7973,0,0.19896,15.441,0
10.189,9.8172,0.37669,0.20207,15.5,0
10.189,9.8374,0,0.21409,15.536,0
10.189,9.8588,0,0.21957,15.57,0
10.189,9.8808,0,0.22695,15.602,0
10.189,9.9035,0,0.2357,15.632,0
10.189,9.927,0,0.23548,15.659,0
10.189,9.9506,0,0.24153,15.684,0.057263
10.189,9.9747,0,0.24688,15.707,0.1291
10.189,9.9994,0,0.24408,15.727,0.18036
10.189,10.024,0,0.24284,15.745,0.23581
10.189,10.048,0,0.23832,15.76,0.28193
10.189,10.072,0,0.22873,15.773,0.31229
10.189,10.095,0,0.19353,15.783,0.26682
10.189,10.114,0,0.12619,15.792,0.13169
10.165,10.127,-2.7413,0.020418,16.041,40.499
10.165,10.129,0,-0.047725,16.044,0
9.5067,10.124,-4.525,-0.12028,15.992,205.38
9.5067,10.112,0,-0.20802,15.931,0.82264
9.5067,10.091,0,-0.31077,15.872,0.54693
9.5067,10.06,0,-0.42816,15.815,0.30008
9.5067,10.017,0,-0.55512,15.762,0.13246
6.6677,9.9618,-6.7025,-0.69658,15.058,25.284
6.6677,9.8922,0,-0.8499,14.732,5.966
6.6677,9.8072,0,-1.0204,14.414,4.8854
6.6677,9.7051,0,-1.2075,14.105,3.8682
6.6677,9.5844,0,-1.418,13.807,2.9997
3.2091,9.4426,-6.5735,-1.6526,12.677,26.248
2.5574,9.2773,-5.9608,-1.9046,12.035,24.982
2.5574,9.0869,0,-2.1782,11.372,10.914
2.5574,8.8691,0,-2.4665,10.73,8.5923
2.5574,8.6224,0,-2.7692,10.111,6.7015
0.64819,8.3455,-3.0688,-6.3232,9.1026,8.941
0.34287,7.7132,-2.7833,-6.0334,8.3569,8.2799
0.056267,7.1098,-2.4962,-5.753,7.6383,7.6164
0.056267,6.5345,0,-5.4534,6.9617,1.8235
0.056267,5.9892,0,-8.8,6.3411,0
0.056267,5.1092,0,-8.8,5.7918,0
0.056267,4.2292,0,-8.8,5.3305,0
-0.74134,3.3492,-0.0075799,-8.8,4.6882,0
-0.74134,2.4692,0,-8.8,4.3232,0
-0.74134,1.5892,0,-8.8,4.0461,0
-0.74134,0.7092,0,-8.8,3.8571,0
-0.74134,0,0,-8.8,3.756,0
-0.74134,0,0,-8.8,3.7259,0
-0.74134,0,0,-8.8,3.6958,0
-0.74134,0,0,-8.8,3.6656,0
-0.60377,0,0.29805,-8.8,3.721,0
-0.57016,0,0.4241,-8.8,3.7151,0
-0.57016,0,0,-8.8,3.702,0
-0.4728,0,0.62467,-8.8,3.6989,0
-0.4728,0,0,-8.8,3.6957,0
-0.4728,0,0,-8.8,3.6924,0
-0.4728,0,0,-8.8,3.6891,0
-0.4728,0,0,-8.8,3.6858,0
-0.4728,0,0,-8.8,3.6825,0
-0.4728,0,0,-8.8,3.6793,0
0.13478,0,1.3549,-8.8,3.8521,0
0.13478,0,0,-8.8,3.9096,0
0.13478,0,0,-8.8,3.9671,0
0.61421,0,2.1259,-8.8,4.084,0
0.81806,0,2.2225,-8.8,4.1956,0
0.81806,0,0,-8.8,4.3215,0
1.271,0,2.2349,-8.8,4.4862,0
1.4987,0,2.2046,-8.8,4.6712,0
1.4987,0,0,-8.8,4.865,0
1.4987,0,0,2.1219,5.0589,5.1506
1.4987,0.21219,0,2.0759,5.1982,5.7689
2.3647,0.41978,2.0372,2.0372,5.471,0
2.3647,0.6235,0,2.018,5.6553,3.4284
2.3647,0.8253,0,1.9998,5.8193,4.1533
2.9607,1.0253,2.0202,4.9,6.0578,6.428
2.9607,1.5153,0,4.9,6.2269,30.823
2.9607,2.0053,0,4.7862,6.3469,32.668
3.5823,2.4839,2.0098,2.7312,6.4924,0
3.7815,2.757,1.9717,2.1705,6.5955,0
3.7815,2.9741,0,1.8975,6.6871,6.6522
3.7815,3.1638,0,1.7484,6.7584,6.4457
3.7815,3.3387,0,1.6339,6.8114,6.4202
3.7815,3.502,0,1.5524,6.8475,6.5756
3.7815,3.6573,0,1.4891,6.8677,6.8211
3.7815,3.8062,0,1.4429,6.8727,7.159
3.7815,3.9505,0,1.4187,6.863,7.6348
3.7815,4.0924,0,1.3828,6.839,8.02
3.7815,4.2306,0,1.3542,6.801,8.4435
5.5486,4.3661,1.5843,1.3272,7.6538,0
5.7124,4.4988,1.6137,1.3142,7.7767,0
5.8812,4.6302,1.5754,1.3085,7.8948,0
5.8812,4.7611,0,1.2911,8.0134,1.6232
5.8812,4.8902,0,1.2815,8.119,2.0337
5.8812,5.0183,0,1.2747,8.2117,2.4645
5.8812,5.1458,0,1.2621,8.2916,2.8699
6.6641,5.272,1.6687,1.2596,8.5585,0
6.6641,5.398,0,1.2577,8.6914,0.95586
6.6641,5.5237,0,1.271,8.8117,1.4504
6.6641,5.6508,0,1.2796,8.9194,1.9437
6.6641,5.7788,0,1.2898,9.0143,2.4643
7.5115,5.9078,1.5689,1.2961,9.3332,0
7.5115,6.0374,0,1.2985,9.4871,0.45959
7.8262,6.1672,1.4544,1.2869,9.6624,0
7.8262,6.2959,0,1.2745,9.8218,0.17257
7.8262,6.4234,0,1.27,9.9685,0.56127
7.8262,6.5504,0,1.2597,10.102,0.93293
8.4141,6.6763,1.3568,1.2537,10.336,0
8.5445,6.8017,1.2726,1.2377,10.515,0
8.6783,6.9255,1.2501,1.2263,10.696,0
8.8131,7.0481,1.2465,1.2168,10.873,0
8.937,7.1698,1.2687,1.2017,11.055,0
8.937,7.29,0,1.188,11.226,0
8.937,7.4088,0,1.1816,11.384,0
8.937,7.5269,0,1.1789,11.531,0.13652
8.937,7.6448,0,1.1835,11.666,0.52761
8.937,7.7632,0,1.1791,11.79,0.89199
8.937,7.8811,0,1.1709,11.901,1.2468
8.937,7.9982,0,1.1431,12.001,1.5098
9.9049,8.1125,0.63449,1.1076,12.517,0
9.9049,8.2232,0,1.0681,12.691,0
9.9049,8.33,0,1.0198,12.854,0
10.052,8.432,0.54028,0.97196,13.021,0
10.052,8.5292,0,0.93248,13.178,0
10.16,8.6225,0.45309,0.9078,13.333,0
10.196,8.7132,0.33417,0.86836,13.477,0
10.196,8.8001,0,0.8355,13.621,0
10.196,8.8836,0,0.79411,13.756,0
10.281,8.963,0.36514,0.75752,13.913,0
10.281,9.0388,0,0.73422,14.041,0
10.375,9.1122,0.46616,0.71792,14.177,0
10.375,9.184,0,0.69724,14.3,0
10.455,9.2537,0.36321,0.67589,14.424,0
10.455,9.3213,0,0.65339,14.541,0
10.455,9.3866,0,0.63642,14.651,0
10.455,9.4503,0,0.61765,14.754,0
10.599,9.5121,0.33013,0.60056,14.876,0
10.599,9.5721,0,0.58322,14.982,0
10.599,9.6304,0,0.56524,15.082,0
10.599,9.687,0,0.54371,15.176,0
10.599,9.7413,0,0.52137,15.264,0
10.599,9.7935,0,0.49826,15.347,0
10.599,9.8433,0,0.47951,15.425,0
10.599,9.8912,0,0.4679,15.499,0
10.599,9.938,0,0.45931,15.567,0
10.599,9.984,0,0.43599,15.631,0
10.807,10.028,0.028933,0.4157,15.78,0
10.81,10.069,-0.0084634,0.39358,15.847,0
10.81,10.108,0,0.3744,15.919,0
10.81,10.146,0,0.36549,15.987,0
10.864,10.182,0.26015,0.35986,16.064,0
10.864,10.218,0,0.35749,16.131,0
10.902,10.254,0.030756,0.34028,16.191,0
10.902,10.288,0,0.32352,16.254,0
10.902,10.321,0,0.3114,16.314,0
10.902,10.352,0,0.3055,16.371,0
10.902,10.382,0,0.30882,16.424,0
10.902,10.413,0,0.31618,16.475,0
11.052,10.445,0.29543,0.31556,16.569,0
11.052,10.476,0,0.30966,16.628,0
11.052,10.507,0,0.30787,16.684,0
11.052,10.538,0,0.30521,16.737,0
11.201,10.569,0.67662,0.32633,16.792,0
