15.278,15.278,-0.17252,0,35.5,0.43965
15.278,15.278,0,-0.0018171,35.5,0
15.233,15.278,-0.093279,-0.0036277,35.489,0.31115
15.233,15.277,0,-0.0039673,35.484,0.082879
15.223,15.277,-0.063281,-0.0044083,35.474,0.25284
15.224,15.276,-0.059609,-0.004253,35.466,0.23963
15.224,15.276,0,-0.0045404,35.461,0.097456
15.224,15.276,0,-0.0041024,35.456,0.097468
15.224,15.275,0,-0.0041388,35.45,0.096526
15.228,15.275,0.038882,-0.0038378,35.444,0.0074967
15.228,15.274,0,-0.0031777,35.439,0.089779
15.228,15.274,0,-0.0031032,35.435,0.089276
15.228,15.274,0,-0.003043,35.43,0.088758
15.228,15.273,0,-0.0025723,35.425,0.089155
15.228,15.273,0,-0.0020001,35.421,0.089874
15.228,15.273,0,-0.00096391,35.416,0.091738
15.228,15.273,0,-0.0008555,35.412,0.091775
15.228,15.273,0,0.0082809,35.407,0.11196
15.228,15.274,0,0.023542,35.403,0.1487
15.344,15.276,0.25338,0.036924,35.446,0
15.369,15.28,0.30326,0.04862,35.457,0
15.369,15.284,0,0.065645,35.466,0
15.369,15.291,0,0.076844,35.474,0.004823
15.463,15.299,0.29003,0.088955,35.485,0
15.463,15.308,0,0.10242,35.501,0
15.463,15.318,0,0.1133,35.516,0
15.463,15.329,0,0.12499,35.53,0
15.602,15.342,0.4209,0.14076,35.588,0
15.602,15.356,0,0.1517,35.613,0
15.674,15.371,0.32919,0.16349,35.641,0
15.711,15.387,0.17761,0.1746,35.665,0
15.711,15.405,0,0.17944,35.697,0
15.711,15.423,0,0.1735,35.726,0
15.711,15.44,0,0.15556,35.754,0
15.711,15.456,0,0.13213,35.781,0
15.711,15.469,0,0.11768,35.806,0
15.711,15.481,0,0.10795,35.829,0
15.711,15.491,0,0.10687,35.852,0
15.711,15.502,0,0.11014,35.873,0
15.746,15.513,0.37263,0.12438,35.902,0
15.746,15.526,0,0.13591,35.925,0
15.746,15.539,0,0.14684,35.946,0
15.746,15.554,0,0.15888,35.966,0
15.878,15.57,0.22512,0.16418,36.034,0
15.893,15.586,0.13619,0.16325,36.065,0
15.901,15.602,0.031566,0.15875,36.094,0
15.901,15.618,0,0.14963,36.123,0
15.901,15.633,0,0.14109,36.15,0
15.901,15.647,0,0.1331,36.176,0
15.897,15.661,-0.10292,0.12522,36.206,0.027803
15.897,15.673,0,0.11504,36.229,0
15.897,15.685,0,0.10023,36.251,0
15.897,15.695,0,0.097775,36.272,0
15.877,15.704,-0.025801,0.091069,36.284,0
15.877,15.714,0,0.081149,36.3,0
15.869,15.722,0.0077451,0.077695,36.323,0
15.869,15.729,0,0.073038,36.337,0
15.869,15.737,0,0.067669,36.351,0
15.857,15.744,0.018899,0.059635,36.358,0
15.864,15.75,0.0086207,0.060382,36.376,0
15.864,15.756,0,0.058924,36.387,0
15.864,15.761,0,0.054855,36.398,0
15.871,15.767,0.0031394,0.054689,36.403,0
15.865,15.772,-0.030073,0.048559,36.404,0
15.865,15.777,0,0.046182,36.413,0
15.858,15.782,0.047706,0.040208,36.428,0
15.858,15.786,0,0.042928,36.435,0
15.858,15.79,0,0.049182,36.442,0
15.884,15.795,0.069415,0.046503,36.467,0
15.884,15.8,0,0.049489,36.476,0
15.902,15.805,0.042122,0.051262,36.493,0
15.902,15.81,0,0.053249,36.502,0
15.902,15.815,0,0.047447,36.511,0
15.902,15.82,0,0.044357,36.52,0
15.902,15.824,0,0.042627,36.528,0
15.899,15.829,-0.12402,0.037136,36.523,0.23479
15.899,15.832,0,0.026236,36.53,0
15.899,15.835,0,0.013258,36.536,0
15.84,15.836,-0.18945,0.0021179,36.539,0.4877
15.84,15.836,0,-0.0019327,36.539,0
15.84,15.836,0,-0.0029337,36.539,0
15.84,15.836,0,-0.0044321,36.54,0
15.84,15.836,0,-0.0047379,36.54,0
15.84,15.835,0,-0.0052691,36.541,0
15.84,15.835,0,-0.0052932,36.541,0
15.76,15.834,-0.036107,-0.0059926,36.492,0.22606
15.76,15.833,-0.035936,-0.005972,36.483,0.22507
15.76,15.833,0,-0.0057363,36.476,0.14013
15.76,15.832,0,-0.0054713,36.468,0.13951
15.76,15.832,0,-0.0047119,36.461,0.14006
15.76,15.831,0,-0.0039451,36.454,0.14078
15.76,15.831,0,-0.0018471,36.447,0.14469
15.845,15.831,0.32399,0.007726,36.439,0
15.845,15.831,0,0.020732,36.441,0.01539
15.845,15.834,0,0.039123,36.442,0.060572
15.845,15.837,0,0.0449,36.443,0.082153
15.923,15.842,-0.045193,0.042469,36.479,0.02378
15.923,15.846,0,0.039141,36.487,0
15.9,15.85,-0.16456,0.026369,36.488,0.36948
15.9,15.853,0,0.013596,36.493,0
15.858,15.854,-0.14496,0.0020853,36.492,0.35511
15.858,15.854,0,-0.0010256,36.492,0
15.858,15.854,0,-0.0019959,36.492,0
15.827,15.854,-5.3194e-05,-0.0021475,36.489,0.050192
15.837,15.854,-0.015165,-0.0013889,36.495,0.065309
15.837,15.854,0,-0.0018389,36.494,0.031082
15.819,15.853,-0.0013485,-0.0027546,36.499,0.067303
15.819,15.853,0,-0.002342,36.495,0.064693
15.819,15.853,0,-0.0018103,36.492,0.06536
15.819,15.853,0,-0.0014969,36.489,0.065664
15.819,15.853,0,-0.0019559,36.485,0.064354
15.819,15.852,0,-0.003297,36.482,0.061037
15.795,15.852,-0.1088,-0.0046462,36.481,0.38081
15.778,15.852,-0.073779,-0.0059509,36.466,0.32004
15.778,15.851,0,-0.0058572,36.459,0.139
15.778,15.85,0,-0.0066121,36.451,0.13606
15.778,15.85,0,-0.0072767,36.444,0.13317
15.762,15.849,-0.037418,-0.0070851,36.438,0.25587
15.762,15.848,0,-0.0066693,36.429,0.16647
15.762,15.848,0,-0.0068631,36.42,0.1646
15.762,15.847,0,-0.0064178,36.412,0.16415
15.762,15.846,0,-0.006548,36.403,0.16249
15.755,15.846,-0.10249,-0.0073747,36.415,0.43516
15.755,15.845,0,-0.0077431,36.406,0.17142
15.755,15.844,0,-0.0083086,36.397,0.16848
15.735,15.843,-0.042989,-0.0088361,36.374,0.31323
15.735,15.842,0,-0.009157,36.364,0.20605
15.735,15.842,0,-0.0089399,36.353,0.20458
15.735,15.841,0,-0.0093859,36.342,0.20162
15.735,15.84,0,-0.0089039,36.332,0.20072
15.735,15.839,0,-0.0081903,36.321,0.20045
15.735,15.838,0,-0.0075749,36.311,0.20011
15.744,15.837,-0.083171,-0.0075685,36.328,0.38604
15.744,15.836,0,-0.007902,36.319,0.17545
15.736,15.836,-0.10678,-0.0081174,36.319,0.46629
15.736,15.835,0,-0.0081655,36.309,0.18908
15.736,15.834,0,-0.0091979,36.299,0.18496
15.713,15.833,-0.063288,-0.0098352,36.284,0.39072
15.697,15.832,-0.043673,-0.011009,36.273,0.36893
15.697,15.831,0,-0.01066,36.259,0.25878
15.697,15.83,0,-0.010481,36.246,0.25688
15.697,15.829,0,-0.010582,36.233,0.25436
15.699,15.828,-0.1036,-0.010582,36.218,0.52188
15.699,15.827,0,-0.01161,36.205,0.24464
15.678,15.826,-0.14533,-0.012154,36.182,0.69095
15.667,15.824,-0.12357,-0.012927,36.176,0.64449
15.659,15.823,-0.075362,-0.013522,36.161,0.51828
15.66,15.822,-0.046529,-0.013262,36.147,0.43216
15.651,15.82,0.026705,-0.01395,36.127,0.26669
15.651,15.819,0,-0.013033,36.11,0.32931
15.67,15.818,0.14844,-0.012186,36.108,0
15.694,15.817,0.13946,-0.010078,36.09,0
15.694,15.816,0,-0.0096503,36.078,0.23464
15.713,15.815,0.26551,-0.0083889,36.072,0
15.713,15.814,0,-0.0057901,36.062,0.1995
15.713,15.813,0,-0.0042526,36.051,0.20182
15.713,15.813,0,-0.0017712,36.041,0.20668
15.713,15.813,0,0.0015104,36.031,0.21398
15.713,15.813,0,0.01783,36.021,0.25331
15.87,15.814,0.35295,0.029101,36.06,0
15.912,15.817,0.40069,0.049037,36.066,0
15.912,15.822,0,0.064881,36.076,0
15.912,15.829,0,0.086332,36.084,0.016551
15.912,15.837,0,0.10447,36.092,0.078657
16.071,15.848,0.38012,0.11586,36.126,0
16.071,15.859,0,0.12857,36.148,0
16.152,15.872,0.33393,0.14465,36.17,0
16.189,15.887,0.29444,0.15651,36.191,0
16.189,15.902,0,0.16063,36.221,0
16.236,15.919,0.042682,0.16411,36.269,0
16.235,15.935,-0.043376,0.1548,36.301,0
16.237,15.95,-0.090615,0.14797,36.322,0
16.225,15.965,-0.10436,0.13392,36.355,0
16.212,15.979,-0.062502,0.12042,36.385,0
16.205,15.991,-0.028615,0.11042,36.409,0
16.205,16.002,0,0.10602,36.43,0
16.205,16.012,0,0.096469,36.45,0
16.184,16.022,-0.10228,0.083067,36.457,0.086837
16.184,16.03,0,0.077102,36.473,0
16.175,16.038,-0.11417,0.070353,36.478,0.14203
16.162,16.045,-0.10051,0.060144,36.489,0.12447
16.162,16.051,0,0.048352,36.501,0
16.162,16.056,0,0.044237,36.512,0
16.137,16.06,-0.05784,0.039257,36.513,0.055954
16.137,16.064,0,0.037109,36.52,0
16.123,16.068,-0.06867,0.028328,36.524,0.10285
16.123,16.071,0,0.028155,36.529,0
16.123,16.074,0,0.02677,36.534,0
16.124,16.076,-0.087358,0.024568,36.539,0.15675
16.124,16.079,0,0.015513,36.544,0
16.11,16.08,-0.050247,0.015207,36.541,0.083175
16.11,16.082,0,0.0095824,36.544,0
16.11,16.083,0,0.006621,36.547,0
16.11,16.083,0,0.0071957,36.549,0
16.095,16.084,-0.072697,0.0057263,36.543,0.15539
16.095,16.085,0,0.006196,36.545,0
16.082,16.085,-0.14957,-0.00029238,36.554,0.37982
16.082,16.085,0,-0.0019804,36.554,0.0030781
16.04,16.085,-0.42572,-0.0037387,36.549,1.5124
15.997,16.085,-0.53278,-0.0072191,36.533,2.1696
15.997,16.084,0,-0.011572,36.524,0.15665
15.997,16.083,0,-0.015729,36.516,0.14487
15.997,16.081,0,-0.020143,36.507,0.13176
15.792,16.079,-0.30191,-0.023668,36.449,1.6249
15.766,16.077,-0.10437,-0.025679,36.421,0.93538
15.766,16.074,0,-0.026592,36.39,0.6141
15.766,16.072,0,-0.025815,36.359,0.60997
15.766,16.069,0,-0.023488,36.329,0.61021
15.766,16.067,0,-0.021083,36.299,0.61121
15.766,16.065,0,-0.017718,36.269,0.61539
15.766,16.063,0,-0.014808,36.239,0.61915
15.766,16.061,0,-0.011307,36.209,0.62524
15.979,16.06,0.50188,-0.0067629,36.238,0
16.024,16.06,0.53349,-0.0029115,36.238,0
16.024,16.059,0,0.010963,36.234,0.096161
16.128,16.06,0.53511,0.03423,36.254,0
16.128,16.064,0,0.061927,36.261,0.0016318
16.128,16.07,0,0.090878,36.267,0.082576
16.128,16.079,0,0.11447,36.272,0.16136
16.128,16.09,0,0.135,36.276,0.24119
16.128,16.104,0,0.16164,36.279,0.34625
16.487,16.12,0.59165,0.18617,36.393,0
16.487,16.139,0,0.20866,36.429,0
16.487,16.16,0,0.22603,36.462,0
16.487,16.182,0,0.2383,36.494,0
16.487,16.206,0,0.25679,36.523,0
16.487,16.232,0,0.26567,36.55,0.083692
16.796,16.258,0.29013,0.27086,36.689,0
16.796,16.285,0,0.27627,36.741,0
16.844,16.313,0.10925,0.26689,36.792,0
16.864,16.34,0.08318,0.26286,36.852,0
16.864,16.366,0,0.25202,36.903,0
16.866,16.391,0.039526,0.23737,36.959,0
16.866,16.415,0,0.23065,37.005,0
16.866,16.438,0,0.22541,37.049,0
16.866,16.461,0,0.21798,37.091,0
16.866,16.482,0,0.20871,37.13,0
16.866,16.503,0,0.20152,37.167,0
16.866,16.523,0,0.18725,37.203,0
16.866,16.542,0,0.17945,37.236,0
16.866,16.56,0,0.16749,37.267,0
16.866,16.577,0,0.16101,37.297,0
16.866,16.593,0,0.15304,37.325,0
16.866,16.608,0,0.13622,37.352,0
16.866,16.622,0,0.11686,37.377,0
16.866,16.633,0,0.094199,37.4,0
16.866,16.643,0,0.071127,37.423,0
16.866,16.65,0,0.051696,37.445,0
16.866,16.655,0,0.047288,37.466,0
16.866,16.66,0,0.048688,37.487,0
16.787,16.665,0.2481,0.06038,37.487,0
16.787,16.671,0,0.068914,37.499,0
16.832,16.678,0.29767,0.076087,37.512,0
16.832,16.685,0,0.088487,37.527,0
16.889,16.694,0.34417,0.095719,37.555,0
16.918,16.704,0.35714,0.1056,37.574,0
16.945,16.714,0.35865,0.11344,37.591,0
16.945,16.726,0,0.1234,37.613,0
16.945,16.738,0,0.13762,37.635,0
16.945,16.752,0,0.14699,37.655,0
16.945,16.766,0,0.15618,37.673,0
16.945,16.782,0,0.16993,37.69,0.043256
16.945,16.799,0,0.17797,37.706,0.10286
16.945,16.817,0,0.18118,37.72,0.1526
16.945,16.835,0,0.18553,37.732,0.20689
16.945,16.854,0,0.17769,37.742,0.22922
16.945,16.871,0,0.16754,37.75,0.24337
16.945,16.888,0,0.15731,37.756,0.25492
16.945,16.904,0,0.14873,37.761,0.26858
17.196,16.919,-0.018067,0.13518,38.016,0
17.194,16.932,-0.027563,0.12718,38.046,0
17.194,16.945,0,0.11493,38.071,0
17.194,16.956,0,0.10285,38.096,0
17.194,16.967,0,0.095009,38.119,0
17.159,16.976,-0.036783,0.088917,38.123,0
17.165,16.985,-0.076504,0.087452,38.137,0
17.156,16.994,-0.07549,0.078477,38.158,0.0059439
17.147,17.002,-0.064718,0.0705,38.173,0
17.151,17.009,-0.14525,0.068761,38.184,0.21268
17.151,17.016,0,0.054288,38.198,0
17.151,17.021,0,0.035135,38.211,0
17.151,17.025,0,0.01754,38.224,0
17.151,17.026,0,-0.00024257,38.237,0
17.151,17.026,0,-0.0036541,38.249,0
17.151,17.026,0,-0.0062496,38.261,0
16.918,17.025,-0.19459,-0.0086877,38.194,0.75604
16.918,17.024,0,-0.010599,38.183,0.19947
16.918,17.023,0,-0.010862,38.172,0.19659
16.89,17.022,-0.063855,-0.010759,38.136,0.4173
16.89,17.021,-0.054957,-0.010689,38.123,0.39154
16.89,17.02,0,-0.011038,38.11,0.25053
16.88,17.019,-0.025375,-0.011324,38.089,0.3309
16.873,17.018,0.066369,-0.011798,38.082,0.13242
16.873,17.017,0,-0.011465,38.068,0.27853
16.873,17.016,0,-0.011241,38.054,0.27656
16.873,17.014,0,-0.010462,38.039,0.27596
16.873,17.013,0,-0.0086617,38.025,0.27797
16.944,17.012,0.41758,-0.0056348,38.031,0
16.944,17.012,0,-0.002174,38.024,0.13806
16.944,17.012,0,0.014153,38.017,0.17509
17.099,17.013,0.50634,0.041457,38.043,0
17.099,17.017,0,0.06121,38.051,0
17.099,17.023,0,0.075974,38.059,0.0083501
17.188,17.031,-0.32425,0.075696,38.098,0.79698
17.188,17.039,0,0.052494,38.113,0
17.188,17.044,0,0.031099,38.128,0
17.036,17.047,-1.4142,-0.0009289,38.132,9.6102
17.036,17.047,0,-0.012789,38.131,0
16.648,17.046,-2.9255,-0.03249,38.083,50.688
16.648,17.042,0,-0.0556,38.043,0.73745
16.648,17.037,0,-0.085974,38.004,0.64294
15.654,17.028,-2.3858,-0.11354,37.806,37.826
15.654,17.017,0,-0.13383,37.669,3.1517
15.654,17.003,0,-0.14665,37.533,3.0538
15.085,16.989,-1.6775,-0.16045,37.297,24.139
15.085,16.973,0,-0.17396,37.108,4.7188
14.75,16.955,-1.9323,-0.18893,36.88,31.288
14.75,16.936,0,-0.20583,36.66,5.6291
14.383,16.916,-1.4035,-0.22102,36.412,22.682
14.383,16.894,0,-0.23333,36.159,6.7024
14.383,16.87,0,-0.24325,35.909,6.554
14.015,16.846,-1.4189,-0.25534,35.591,24.516
14.015,16.821,0,-0.26882,35.309,7.6557
14.015,16.794,0,-0.28202,35.03,7.4666
14.015,16.765,0,-0.29186,34.753,7.2946
13.567,16.736,-0.52387,-0.30053,34.382,13.669
13.567,16.706,0,-0.30583,34.067,8.7965
13.567,16.676,0,-0.31205,33.755,8.6283
13.567,16.644,0,-0.32147,33.445,8.4383
13.32,16.612,-0.80869,-0.32987,33.094,17.397
13.32,16.579,0,-0.3396,32.766,9.0827
13.137,16.545,-0.90529,-0.35144,32.433,19.129
13.047,16.51,-0.66645,-0.36269,32.088,16.292
12.984,16.474,-0.3559,-0.37127,31.74,12.988
12.984,16.437,0,-0.37812,31.393,9.6524
12.984,16.399,0,-0.3815,31.05,9.468
12.984,16.361,0,-0.38243,30.71,9.2995
12.984,16.323,0,-0.38424,30.374,9.1257
12.984,16.284,0,-0.38575,30.042,8.9543
12.984,16.246,0,-0.38713,29.714,8.7841
12.984,16.207,0,-0.38818,29.39,8.6164
12.936,16.168,0.030304,-0.38984,29.052,8.4239
12.936,16.129,0,-0.39176,28.731,8.4679
12.936,16.09,0,-0.39322,28.414,8.2978
12.937,16.051,0.07852,-0.3936,28.102,7.5947
12.937,16.011,0,-0.39424,27.792,7.9662
12.95,15.972,0.012654,-0.39388,27.496,7.6712
12.95,15.932,0,-0.39456,27.196,7.5959
12.945,15.893,0.0052355,-0.39593,26.915,7.4161
12.949,15.853,-0.014709,-0.39594,26.632,7.3792
12.949,15.814,0,-0.39734,26.344,7.1178
12.949,15.774,0,-0.39782,26.059,6.9605
12.944,15.734,0.0030078,-0.39796,25.786,6.8066
12.935,15.694,-0.011703,-0.39976,25.501,6.7721
12.936,15.654,0.012134,-0.39943,25.237,6.4646
12.936,15.615,0,-0.39835,24.967,6.395
12.936,15.575,0,-0.39716,24.701,6.252
12.936,15.535,0,-0.39827,24.44,6.0977
12.936,15.495,0,-0.40016,24.182,5.9401
12.936,15.455,0,-0.40335,23.928,5.7762
12.878,15.415,-0.42508,-0.40696,23.693,8.8334
12.878,15.374,0,-0.4127,23.441,5.6457
12.878,15.333,0,-0.42058,23.193,5.4557
12.878,15.291,0,-0.43011,22.95,5.2571
12.878,15.248,0,-0.44237,22.711,5.0443
12.878,15.204,0,-0.45528,22.476,4.8278
12.878,15.158,0,-0.46717,22.246,4.6158
12.878,15.111,0,-0.47992,22.02,4.3999
12.878,15.063,0,-0.49458,21.799,4.1757
12.878,15.014,0,-0.50833,21.583,3.9559
12.203,14.963,-0.6315,-0.52103,21.05,10.886
12.203,14.911,0,-0.53296,20.776,5.7705
12.203,14.858,0,-0.54184,20.508,5.5343
12.061,14.803,-0.14946,-0.54705,20.218,6.7357
12.045,14.749,0.0043578,-0.54955,19.938,5.6441
12.045,14.694,0,-0.54894,19.671,5.477
12.045,14.639,0,-0.54773,19.409,5.2911
12.045,14.584,0,-0.54642,19.152,5.1081
12.045,14.529,0,-0.54817,18.901,4.9129
12.045,14.475,0,-0.55221,18.655,4.709
11.973,14.419,-0.40777,-0.55381,18.403,7.2939
11.929,14.364,-0.50952,-0.561,18.167,7.9888
11.929,14.308,0,-0.56747,17.926,4.4727
11.833,14.251,-0.88809,-0.57715,17.69,11.323
11.833,14.193,0,-0.59382,17.451,4.293
11.652,14.134,-1.2082,-0.61492,17.2,15.194
11.652,14.073,0,-0.63992,16.955,4.2789
11.652,14.009,0,-0.67367,16.716,3.9339
11.183,13.941,-1.7749,-0.72669,16.421,25.117
11.183,13.869,0,-0.77192,16.149,4.5368
11.183,13.791,0,-0.82399,15.884,4.077
11.183,13.709,0,-0.89189,15.627,3.5751
11.183,13.62,0,-0.97337,15.379,3.0608
10.031,13.522,-3.1558,-1.0489,14.868,71.142
9.7155,13.418,-3.2707,-1.1474,14.514,77.324
9.7155,13.303,0,-1.2584,14.15,5.2611
9.7155,13.177,0,-1.3555,13.797,4.5088
8.8572,13.041,-2.4033,-1.4495,13.317,41.709
8.8572,12.896,0,-1.5437,12.906,5.4573
8.8572,12.742,0,-1.6456,12.51,4.6552
8.8572,12.578,0,-1.7456,12.129,3.9707
7.9256,12.403,-2.1426,-1.8504,11.58,31.405
7.9256,12.218,0,-1.9532,11.141,4.7435
7.9256,12.023,0,-5.2,10.722,77.198
7.9256,11.503,0,-5.2,10.338,107.69
7.9256,10.983,0,-5.2,10.006,155.3
7.9256,10.463,0,-5.2,9.7268,199.63
7.9256,9.9426,0,-5.2,9.4991,198.56
6.8113,9.4226,-0.61451,-5.2,8.8784,89.948
6.8113,8.9026,0,-5.2,8.6432,86.608
6.8113,8.3826,0,-5.2,8.4601,85.542
6.6832,7.8626,-0.070459,-5.2,8.3033,77.148
6.6832,7.3426,0,-5.2,8.2113,76.393
6.6942,6.8226,0.56741,-5.2,8.1718,79.598
6.6942,6.3026,0,0.28445,8.1849,0
6.6942,6.3311,0,0.31633,8.2227,0
6.6942,6.3627,0,0.36546,8.2574,0.18862
6.6942,6.3993,0,0.42161,8.2887,0.46475
6.6942,6.4414,0,0.47794,8.3161,0.78067
7.3322,6.4892,1.5539,0.53612,8.5041,0.1356
7.3322,6.5428,0,0.60377,8.5857,0
7.6613,6.6032,1.6502,0.66591,8.6837,0.10315
7.8207,6.6698,1.5748,0.72033,8.7938,0
7.8207,6.7418,0,0.77455,8.9053,0
7.8207,6.8193,0,0.80965,9.0093,0
7.8207,6.9002,0,0.82163,9.1054,0.16357
8.3418,6.9824,0.90605,0.82725,9.2857,0
8.4377,7.0651,0.90488,0.83006,9.4264,0
8.5351,7.1481,0.95176,0.83253,9.5546,0
8.6246,7.2314,0.99029,0.83029,9.6863,0
8.6246,7.3144,0,0.83572,9.8215,0
8.8357,7.398,1.0048,0.84638,9.9711,0
8.8357,7.4826,0,0.8541,10.111,0
9.0505,7.568,1.0671,0.86167,10.257,0
9.0505,7.6542,0,0.86429,10.401,0
