13.009,13.009,0.28425,0,35.5,0
13.044,13.009,0.11502,0.02515,35.511,0
13.044,13.011,0,0.035801,35.514,0.0087803
13.044,13.015,0,0.028664,35.517,0.00066199
13.044,13.018,0,0.012061,35.52,0
13.005,13.019,-0.4762,-0.0009424,35.517,1.6611
13.005,13.019,0,-0.0048275,35.516,0.017864
12.891,13.018,-0.70921,-0.0087455,35.506,3.3727
12.891,13.018,0,-0.013341,35.493,0.23753
12.738,13.016,-0.9269,-0.019109,35.459,5.6269
12.738,13.014,0,-0.025772,35.431,0.54141
12.738,13.012,0,-0.032292,35.404,0.51844
12.738,13.009,0,-0.040549,35.376,0.48984
12.738,13.004,0,-0.048544,35.35,0.46051
12.173,13,-1.3224,-0.057489,35.167,12.564
12.173,12.994,0,-0.066387,35.084,1.8058
12.173,12.987,0,-0.075799,35.003,1.7536
12.173,12.98,0,-0.085242,34.922,1.6993
12.173,12.971,0,-0.093408,34.841,1.6475
12.173,12.962,0,-0.10094,34.762,1.5964
11.439,12.952,-0.83385,-0.10843,34.451,10.049
11.352,12.941,-0.67585,-0.1146,34.296,8.8137
11.278,12.929,-0.53542,-0.11994,34.128,7.8126
11.219,12.917,-0.42163,-0.12419,33.969,7.0647
11.219,12.905,0,-0.12745,33.799,4.248
11.219,12.892,0,-0.13064,33.632,4.1885
11.219,12.879,0,-0.13297,33.465,4.1324
11.084,12.866,-0.19902,-0.13417,33.289,5.7476
11.084,12.852,0,-0.13494,33.112,4.4984
11.059,12.839,-0.12952,-0.13608,32.934,5.2842
11.059,12.825,0,-0.13755,32.757,4.4762
11.017,12.812,-0.24119,-0.13922,32.596,6.0482
11.017,12.798,0,-0.14128,32.417,4.507
10.967,12.784,-0.42071,-0.14318,32.245,7.4448
10.919,12.769,-0.50502,-0.14706,32.054,8.2638
10.873,12.755,-0.52564,-0.15076,31.874,8.56
10.873,12.739,0,-0.1551,31.687,4.7393
10.769,12.724,-0.66339,-0.15928,31.5,10.124
10.769,12.708,0,-0.16551,31.305,4.9421
10.769,12.691,0,-0.17293,31.112,4.8444
10.769,12.674,0,-0.18312,30.921,4.7306
10.769,12.656,0,-0.19543,30.731,4.6038
10.16,12.636,-2.1776,-0.21204,30.433,39.095
10.16,12.615,0,-0.23098,30.187,6.5024
10.16,12.592,0,-0.25249,29.942,6.2902
10.16,12.567,0,-0.27583,29.7,6.0627
9.202,12.539,-2.6765,-0.30186,29.288,60.12
8.9253,12.509,-2.766,-0.32989,28.933,64.95
8.6554,12.476,-2.9135,-0.35825,28.561,72.166
8.6554,12.44,0,-0.39027,28.181,11.021
8.6554,12.401,0,-0.42455,27.805,10.608
7.7441,12.359,-3.2269,-0.46118,27.31,90.549
7.7441,12.313,0,-0.50187,26.851,13.811
7.7441,12.262,0,-0.54338,26.396,13.261
6.8073,12.208,-2.7251,-0.58505,25.8,74.135
6.8073,12.15,0,-0.62775,25.263,16.582
6.8073,12.087,0,-0.66809,24.732,15.948
6.8073,12.02,0,-0.70658,24.207,15.318
6.8073,11.949,0,-0.74357,23.689,14.69
5.802,11.875,-0.999,-0.77777,22.892,32.614
5.6945,11.797,-0.77289,-0.81105,22.288,28.791
5.6075,11.716,-0.58986,-0.84342,21.68,25.818
5.6075,11.632,0,-0.87443,21.074,17.983
5.5004,11.544,-0.49586,-0.90358,20.461,23.575
5.5004,11.454,0,-0.93621,19.861,17.125
5.5004,11.36,0,-0.97137,19.271,16.383
5.5004,11.263,0,-1.012,18.69,15.593
5.5004,11.162,0,-1.0596,18.118,14.746
5.5004,11.056,0,-1.1184,17.558,13.813
5.5004,10.944,0,-1.1844,17.008,12.828
5.5004,10.826,0,-1.2597,16.469,11.784
5.5004,10.7,0,-1.3451,15.943,10.687
5.5004,10.565,0,-1.4423,15.43,9.5397
5.5004,10.421,0,-1.5438,14.93,8.4077
5.5004,10.267,0,-1.6594,14.446,7.2623
3.531,10.101,-2.5,-1.7847,13.055,21.662
3.531,9.9222,0,-1.9276,12.407,11.902
3.531,9.7295,0,-2.0872,11.777,10.165
3.531,9.5208,0,-2.2695,11.168,8.4522
3.531,9.2938,0,-2.4746,10.58,6.8804
3.531,9.0464,0,-2.7084,10.016,5.6164
3.531,8.7755,0,-5.3781,9.4782,11.193
3.531,8.2377,0,-5.2295,8.9806,10.403
3.531,7.7148,0,-5.2,8.5361,9.3927
3.531,7.1948,0,-5.2,8.1437,8.3267
0.92252,6.6748,-1.9141,-5.2,6.4548,4.8876
0.73015,6.1548,-1.6474,-5.2,5.9042,3.6556
0.56099,5.6348,-1.4006,-8.8,5.3847,0
0.56099,4.7548,0,-8.8,4.9214,0
0.29639,3.8748,-0.86489,-8.8,4.5238,0
0.29639,2.9948,0,-8.8,4.21,0
0.29639,2.1148,0,-8.8,3.9841,0
0.29639,1.2348,0,-8.8,3.8463,0
0.29639,0.35476,0,-8.8,3.7965,0
-0.0060408,0,-0.34456,-8.8,3.7457,0
-0.0060408,0,0,-8.8,3.7891,0
-0.073292,0,-0.33752,-8.8,3.8346,0
-0.073292,0,0,-8.8,3.8712,0
-0.073292,0,0,-8.8,3.9079,0
-0.17174,0,-0.33995,-8.8,3.937,0
-0.17174,0,0,-8.8,3.9638,0
-0.17174,0,0,-8.8,3.9907,0
-0.28233,0,-0.31229,-8.8,3.9948,0
-0.28233,0,0,-8.8,4.0106,0
-0.28233,0,0,-8.8,4.0263,0
-0.28233,0,0,-8.8,4.0421,0
-0.35876,0,0.00035114,-8.8,4.0483,0
-0.35876,0,0,-8.8,4.0564,0
-0.35815,0,0.18429,-8.8,4.059,0
-0.35815,0,0,-8.8,4.0672,0
-0.35815,0,0,-8.8,4.0754,0
-0.35815,0,0,-8.8,4.0836,0
-0.35815,0,0,-8.8,4.0918,0
-0.35815,0,0,-8.8,4.1,0
-0.35815,0,0,-8.8,4.1081,0
-0.12525,0,0.53126,-8.8,4.1979,0
-0.12525,0,0,-8.8,4.2294,0
-0.0053267,0,0.5128,-8.8,4.2742,0
0.052994,0,0.48382,-8.8,4.3233,0
0.052994,0,0,-8.8,4.3726,0
0.052994,0,0,-8.8,4.4219,0
0.17866,0,0.31243,-8.8,4.4951,0
0.21864,0,0.22537,-8.8,4.554,0
0.21864,0,0,-8.8,4.6199,0
0.25809,0,0.0579,-8.8,4.6872,0
0.25809,0,0,-8.8,4.757,0
0.25809,0,0,-8.8,4.8268,0
0.25809,0,0,-8.8,4.8966,0
0.25809,0,0,-8.8,4.9664,0
0.25809,0,0,-0.026458,5.0362,0
0.25492,0,-0.02736,-0.02736,5.0776,0
0.24704,0,-0.014645,-0.014645,5.1093,0
0.24704,0,0,-0.019466,5.1341,0
0.24704,0,0,-0.03824,5.1589,0
0.24704,0,0,-0.058105,5.1838,0
0.24704,0,0,-0.069941,5.2088,0
0.24704,0,0,-0.10888,5.2339,0
0.24704,0,0,-0.14545,5.2591,0
0.17362,0,-0.18662,-0.18662,5.2596,0
0.17362,0,0,-0.23057,5.2779,0
0.17362,0,0,-0.26838,5.2964,0
0.17362,0,0,-0.28305,5.3152,0
0.17362,0,0,-0.28934,5.3339,0
0.17362,0,0,-0.27959,5.3527,0
0.030924,0,-0.26307,-0.26307,5.3201,0
-0.0034408,0,-0.25238,-0.25238,5.3224,0.0070537
-0.0034408,0,0,-0.23238,5.3233,0
-0.05175,0,-0.1882,-0.1882,5.3159,0.10609
-0.062828,0,-0.080367,-0.080367,5.3087,0.1288
-0.062828,0,0,0.00084033,5.3028,0.13056
-0.062828,8.4033e-05,0,0.051303,5.2966,0.23677
-0.058078,0.0052143,0.11054,0.11054,5.2962,0.12975
-0.058078,0.016268,0,0.16389,5.2893,0.49678
-0.058078,0.032657,0,0.1269,5.2811,0.45265
-0.058078,0.045347,0,0.10492,5.2714,0.43249
-0.058078,0.055839,0,0.13794,5.2605,0.52337
-0.058078,0.069633,0,0.15038,5.2484,0.57778
-0.058078,0.08467,0,0.1197,5.2349,0.54416
0.049811,0.096641,0.12158,0.12158,5.2392,0.097251
0.064852,0.1088,0.14319,0.14319,5.2281,0.091184
0.070876,0.12312,0.12816,0.12816,5.2257,0.10865
0.070876,0.13593,0,0.1066,5.2198,0.40417
0.084759,0.14659,0.12711,0.12711,5.2127,0.12893
0.084759,0.1593,0,0.13541,5.2059,0.50903
0.084759,0.17284,0,0.11597,5.1978,0.4858
0.084759,0.18444,0,0.11942,5.1884,0.52396
0.12845,0.19638,0.13522,0.13522,5.198,0.14187
0.14525,0.20991,0.12353,0.12353,5.1868,0.13493
0.14525,0.22226,0,0.112,5.1797,0.4478
0.16723,0.23346,0.12335,0.12335,5.169,0.13827
0.16723,0.24579,0,0.12593,5.1617,0.49132
0.16723,0.25839,0,0.11371,5.1533,0.48678
0.21657,0.26976,0.12034,0.12034,5.1426,0.11065
0.21657,0.28179,0,-8.8,5.1367,0
0.21657,0,0,0.12539,5.1741,0
0.21657,0.012539,0,0.12103,5.1952,0
0.21657,0.024643,0,0.12947,5.215,0
0.26946,0.037589,0.12263,0.12263,5.2646,0
0.29164,0.049853,0.10873,0.10873,5.2789,0
0.30239,0.060726,0.10723,0.10723,5.2981,0
0.30239,0.071449,0,0.1123,5.3217,0
0.30239,0.082679,0,0.11058,5.3442,0
0.3351,0.093737,0.1142,0.1142,5.3764,0
0.34519,0.10516,0.12534,0.12534,5.3933,0
0.34519,0.11769,0,0.12757,5.4167,0
0.34519,0.13045,0,0.12302,5.4388,0
0.34519,0.14275,0,0.12067,5.4596,0
0.39667,0.15482,0.11859,0.11859,5.4738,0
0.39667,0.16668,0,0.11274,5.4974,0
0.39667,0.17795,0,0.11285,5.5199,0
0.39667,0.18923,0,0.11604,5.5412,0
0.39667,0.20084,0,0.11912,5.5613,0
0.4622,0.21275,0.1203,0.1203,5.6008,0
0.4622,0.22478,0,0.12212,5.6251,0
0.4622,0.23699,0,0.12161,5.6483,0
0.4622,0.24915,0,0.11824,5.6702,0
0.50138,0.26098,0.11814,0.11814,5.7138,0
0.50138,0.27279,0,0.12008,5.7372,0
0.51683,0.2848,0.1227,0.1227,5.7588,0
0.51683,0.29707,0,0.12475,5.7814,0
0.51683,0.30954,0,0.13083,5.8027,0
0.51683,0.32263,0,0.13421,5.8228,0
0.51683,0.33605,0,0.13267,5.8416,0
0.51683,0.34932,0,0.13007,5.859,0
0.59604,0.36232,0.13256,0.13256,5.8943,0
0.59604,0.37558,0,0.12619,5.917,0
0.61534,0.3882,0.1217,0.1217,5.942,0
0.61534,0.40037,0,0.1235,5.9641,0
0.61534,0.41272,0,0.12586,5.985,0
0.61534,0.4253,0,0.12108,6.0046,0
0.61534,0.43741,0,0.12407,6.023,0
0.61534,0.44982,0,0.12762,6.0402,0
0.68113,0.46258,0.12424,0.12424,6.0777,0
0.68113,0.475,0,0.12314,6.0989,0
0.70697,0.48732,0.12339,0.12339,6.1241,0
0.72303,0.49966,0.12007,0.12007,6.1416,0
0.73633,0.51166,0.11985,0.11985,6.1597,0
0.73633,0.52365,0,0.12576,6.1815,0
0.73633,0.53622,0,0.12326,6.2022,0
0.73633,0.54855,0,0.12755,6.2216,0
0.73633,0.56131,0,0.13815,6.2397,0
0.73633,0.57512,0,0.15289,6.2565,0.0044433
0.73633,0.59041,0,0.20798,6.2719,0.18368
0.846,0.61121,0.3165,0.3165,6.3067,0
0.88715,0.64286,0.45337,0.45337,6.3311,0
0.88715,0.6882,0,0.59437,6.3533,1.4046
0.88715,0.74763,0,0.73017,6.3702,2.2166
0.88715,0.82065,0,0.82299,6.3805,2.9414
0.88715,0.90295,0,3.325,6.3831,23.431
0.88715,1.2355,0,0.049857,6.3649,0.93498
1.3259,1.2404,0.83773,0.67514,6.4647,0
1.3259,1.308,0,0.67133,6.4699,2.3434
1.4758,1.3751,0.80483,0.67227,6.4904,0
1.5554,1.4423,0.77408,0.69792,6.5044,0
1.5554,1.5121,0,0.73412,6.5123,2.5664
1.5554,1.5855,0,0.64739,6.5129,2.3905
1.5554,1.6503,0,0.65329,6.5067,2.6409
1.5554,1.7156,0,0.68007,6.4939,3.0052
1.9228,1.7836,0.69252,0.60875,6.5756,0
1.9228,1.8445,0,0.59506,6.5864,1.7883
1.9228,1.904,0,0.61165,6.5913,2.0573
2.1329,1.9651,0.67247,0.62609,6.6031,0
2.1329,2.0277,0,0.62614,6.6167,1.8422
2.2662,2.0904,0.66272,0.59529,6.6452,0
2.2662,2.1499,0,0.60288,6.6598,1.7018
2.2662,2.2102,0,0.58564,6.6684,1.8179
2.4673,2.2687,0.63616,0.5905,6.6967,0
2.4673,2.3278,0,0.5722,6.7136,1.4946
2.4673,2.385,0,0.5431,6.7247,1.5482
2.4673,2.4393,0,0.51971,6.7303,1.6172
2.4673,2.4913,0,0.52492,6.7305,1.8033
2.4673,2.5438,0,0.50765,6.7254,1.894
2.4673,2.5945,0,0.54734,6.7152,2.2393
2.9386,2.6493,1.5955,0.68057,6.8833,0
2.9386,2.7173,0,0.872,6.9088,2.6443
2.9386,2.8045,0,1.0837,6.9266,4.1506
3.5608,2.9129,3.0661,1.3236,7.0195,1.205
3.5608,3.0453,0,1.5555,7.0777,5.5684
3.5608,3.2008,0,1.7759,7.1215,7.8123
3.5608,3.3784,0,1.9203,7.1486,9.7495
3.5608,3.5704,0,2.0349,7.1572,11.615
5.261,3.7739,3.4575,2.1073,7.5659,0
5.6143,3.9846,3.4087,2.1488,7.727,0
5.6143,4.1995,0,2.1687,7.8792,5.8509
5.6143,4.4164,0,2.1655,8.0098,6.8133
5.6143,4.6329,0,2.1806,8.1188,7.9349
5.6143,4.851,0,2.1828,8.206,8.9916
5.6143,5.0693,0,2.1918,8.2714,10.127
7.6316,5.2885,3.1642,2.1872,8.9151,0
7.6316,5.5072,0,2.1808,9.1385,2.8829
7.6316,5.7253,0,2.1678,9.34,3.7054
7.6316,5.942,0,2.1544,9.5198,4.5412
8.8507,6.1575,2.9966,2.1468,9.9326,0
8.8507,6.3722,0,2.1406,10.191,1.2426
8.8507,6.5862,0,2.1381,10.428,2.0578
8.8507,6.8,0,2.1255,10.644,2.838
8.8507,7.0126,0,2.1136,10.839,3.6396
10.273,7.224,2.5426,2.0988,11.366,0
10.273,7.4338,0,2.0817,11.661,0
10.273,7.642,0,2.0683,11.934,0.28221
10.273,7.8488,0,2.0513,12.187,0.94615
10.273,8.054,0,2.0398,12.419,1.656
10.273,8.2579,0,2.0178,12.631,2.3211
10.273,8.4597,0,1.9979,12.822,3.0072
11.972,8.6595,2.241,1.9761,13.6,0
12.198,8.8571,2.193,1.9609,13.931,0
12.198,9.0532,0,1.9414,14.256,0
12.198,9.2474,0,1.9308,14.56,0
12.198,9.4404,0,1.9242,14.846,0
12.198,9.6329,0,1.9173,15.112,0
12.198,9.8246,0,1.9153,15.359,0.40527
12.198,10.016,0,1.9108,15.587,1.0731
12.198,10.207,0,1.9056,15.795,1.7598
12.198,10.398,0,1.9062,15.985,2.5021
12.198,10.588,0,1.902,16.155,3.2388
14.455,10.779,2.1597,1.8998,17.449,0
14.455,10.969,0,1.8962,17.807,0
14.455,11.158,0,1.8811,18.147,0
14.455,11.346,0,1.8428,18.467,0
14.455,11.531,0,1.7736,18.769,0
15.106,11.708,-0.95018,1.67,19.263,1.3011
15.106,11.875,0,1.5268,19.594,0
15.106,12.028,0,1.3483,19.91,0
15.106,12.162,0,1.1391,20.211,0
15.106,12.276,0,0.91953,20.499,0
15.106,12.368,0,0.71178,20.778,0
15.106,12.439,0,0.51947,21.048,0
13.24,12.491,-2.3911,0.35296,20.75,27.975
13.003,12.527,-1.8857,0.22412,20.813,16.414
13.003,12.549,0,0.12891,20.86,0
13.003,12.562,0,0.051139,20.905,0
13.003,12.567,0,-0.0029376,20.948,0
13.003,12.567,0,-0.017545,20.992,0
12.396,12.565,-0.23228,-0.02681,20.841,0.99183
12.377,12.562,-0.0074772,-0.02942,20.831,0.34476
12.377,12.559,0,-0.028214,20.812,0.32307
12.377,12.557,0,-0.025514,20.794,0.32336
12.377,12.554,0,-0.020385,20.777,0.33013
12.377,12.552,0,-0.01631,20.759,0.33554
12.471,12.55,0.37575,-0.012714,20.764,0
12.471,12.549,0,-0.0063021,20.756,0.1499
12.563,12.549,0.69291,0.0066205,20.763,0
12.563,12.549,0,0.043234,20.764,0.066555
12.563,12.554,0,0.080213,20.765,0.16398
12.83,12.562,1.335,0.12543,20.807,0.61408
12.83,12.574,0,0.18512,20.834,0
12.83,12.593,0,0.25006,20.858,0.08395
12.83,12.618,0,0.31134,20.881,0.32401
12.83,12.649,0,0.3782,20.9,0.62355
12.83,12.687,0,0.44659,20.917,0.97644
12.83,12.731,0,0.51381,20.929,1.3755
12.83,12.783,0,0.57118,20.936,1.7822
12.83,12.84,0,0.62927,20.938,2.2362
12.83,12.903,0,0.68427,20.934,2.7204
14.573,12.971,1.8207,0.7386,21.735,1.2014
14.755,13.045,1.8238,0.78638,21.902,1.1349
14.755,13.124,0,0.83084,22.069,0
14.755,13.207,0,0.87272,22.228,0
14.755,13.294,0,0.91212,22.378,0
14.755,13.385,0,0.94825,22.52,0
14.755,13.48,0,0.98639,22.652,0
14.755,13.579,0,1.0226,22.774,0.20071
14.755,13.681,0,1.0613,22.887,0.68153
14.755,13.787,0,1.0921,22.989,1.1666
14.755,13.896,0,1.119,23.08,1.6665
14.755,14.008,0,1.1453,23.161,2.1944
14.755,14.123,0,1.1713,23.23,2.751
16.954,14.24,1.858,1.1963,24.605,0.79209
17.132,14.359,1.8371,1.217,24.887,0.6865
17.311,14.481,1.7719,1.2371,25.171,0.37977
17.311,14.605,0,1.2547,25.447,0
17.311,14.73,0,1.2698,25.712,0
17.311,14.857,0,1.2826,25.963,0
17.311,14.985,0,1.2954,26.202,0
17.311,15.115,0,1.3116,26.428,0
18.359,15.246,1.7243,1.3275,26.962,0.19499
18.359,15.379,0,1.3355,27.267,0
18.359,15.512,0,1.3429,27.558,0
18.359,15.647,0,1.3512,27.836,0
19.025,15.782,1.7765,1.3607,28.242,0.52681
19.201,15.918,1.7578,1.3721,28.574,0.45399
19.201,16.055,0,1.3856,28.896,0
19.201,16.194,0,1.3923,29.203,0
19.716,16.333,1.7276,1.397,29.583,0.37952
19.716,16.473,0,1.404,29.914,0
19.716,16.613,0,1.4102,30.231,0
19.716,16.754,0,1.415,30.535,0
19.716,16.896,0,1.4184,30.824,0
19.716,17.037,0,1.4178,31.099,0
20.701,17.179,1.5776,1.4205,31.675,0
20.701,17.321,0,1.4205,32.02,0
20.701,17.463,0,1.427,32.351,0
20.701,17.606,0,1.4275,32.668,0
20.701,17.749,0,1.431,32.97,0
20.701,17.892,0,1.4404,33.258,0
20.701,18.036,0,1.4464,33.532,0
20.701,18.181,0,1.4541,33.791,0
22.041,18.326,1.6519,1.454,34.57,0.45502
22.041,18.471,0,1.4562,34.935,0
22.376,18.617,1.6528,1.4605,35.323,0.53102
22.376,18.763,0,1.4651,35.691,0
22.376,18.91,0,1.4715,36.045,0
22.884,19.057,1.6124,1.4711,36.462,0.43025
22.884,19.204,0,1.4707,36.837,0
22.884,19.351,0,1.4674,37.198,0
22.884,19.498,0,1.4659,37.544,0
23.502,19.644,1.5842,1.4631,38.023,0.43404
23.502,19.791,0,1.4615,38.401,0
23.502,19.937,0,1.4643,38.765,0
23.502,20.083,0,1.461,39.114,0
24.133,20.229,1.5471,1.4611,39.579,0.38839
24.285,20.375,1.5382,1.4585,39.967,0.38048
24.285,20.521,0,1.4558,40.35,0
24.578,20.667,1.4443,1.4495,40.751,0
24.578,20.812,0,1.4462,41.135,0
24.873,20.956,1.3101,1.4423,41.522,0
24.997,21.101,1.2693,1.43,41.907,0
25.121,21.244,1.2617,1.419,42.303,0
25.24,21.385,1.2576,1.4066,42.695,0
25.24,21.526,0,1.3983,43.073,0
25.24,21.666,0,1.3918,43.437,0
25.629,21.805,1.3249,1.383,43.837,0
25.76,21.943,1.3871,1.3765,44.221,0
25.76,22.081,0,1.372,44.596,0
25.76,22.218,0,1.367,44.957,0
25.76,22.355,0,1.369,45.304,0
26.338,22.492,1.5646,1.3724,45.766,1.0493
26.338,22.629,0,1.3759,46.144,0
26.338,22.767,0,1.3796,46.508,0
26.338,22.905,0,1.3861,46.858,0
26.338,23.043,0,1.3894,47.195,0
26.338,23.182,0,1.3905,47.517,0
26.338,23.321,0,1.3936,47.826,0
26.338,23.461,0,1.3958,48.121,0
26.338,23.6,0,1.3989,48.401,0
26.338,23.74,0,1.4032,48.668,0
26.338,23.88,0,1.4079,48.921,0
26.338,24.021,0,1.4071,49.16,0
28.24,24.162,1.4917,1.4108,50.555,1.0575
28.24,24.303,0,1.4085,50.956,0
28.535,24.444,1.409,1.4076,51.359,0.65706
28.677,24.585,1.3749,1.4048,51.778,0.49619
28.812,24.725,1.3404,1.3993,52.185,0.335
28.954,24.865,1.3294,1.3965,52.597,0.304
29.08,25.005,1.333,1.3885,53.004,0.3499
29.08,25.143,0,1.382,53.405,0
29.336,25.282,1.3108,1.3746,53.817,0.28047
29.336,25.419,0,1.369,54.215,0
29.336,25.556,0,1.365,54.6,0
29.731,25.693,1.3604,4.8,55.041,1.9292
29.731,26.173,0,1.2153,55.421,0
29.731,26.294,0,4.8,55.77,17.838
29.731,26.774,0,1.077,56.09,0
29.731,26.882,0,1.0852,56.38,0
30.421,26.99,1.3885,4.8,56.828,4.1557
30.568,27.47,1.394,0.96437,57.147,1.2415
30.712,27.567,1.383,0.97813,57.453,1.2117
30.712,27.665,0,4.8,57.763,20.102
30.712,28.145,0,0.85797,58.044,0
31.116,28.23,1.3696,0.87448,58.357,1.2186
31.116,28.318,0,4.8,58.641,21.568
