8.3333,8.3333,1.407,0,35.5,1.0833
8.3333,8.3333,0,6.7,35.5,60.872
8.6261,9.0033,1.5355,6.7,35.509,38.209
8.7852,9.6733,1.5862,6.7,35.438,40.53
8.9396,10.343,1.6034,6.7,35.332,43.361
9.1025,11.013,1.6057,6.7,35.172,46.382
9.1025,11.683,0,-0.1515,34.947,7.475
9.4193,11.668,1.5815,-0.142,34.74,1.6634
9.5697,11.654,1.5658,-0.13279,34.526,1.5127
9.7213,11.641,1.571,-0.12327,34.332,1.3843
9.8828,11.628,1.561,-0.11301,34.141,1.2643
9.8828,11.617,0,-0.10324,33.967,4.5389
9.8828,11.607,0,-0.092945,33.794,4.5553
10.355,11.597,1.5423,-0.082038,33.685,1.0436
10.507,11.589,1.4996,-0.071772,33.578,0.95401
10.65,11.582,1.4831,-0.062051,33.473,0.91625
10.801,11.576,1.4848,-0.051787,33.385,0.92861
10.95,11.571,1.4682,-0.041611,33.319,0.92353
10.95,11.567,0,-0.031111,33.257,1.3718
11.241,11.563,1.4513,-0.021713,33.22,0.9983
11.388,11.561,1.4689,-0.01169,33.19,1.14
11.542,11.56,1.4742,-0.0012259,33.184,1.2811
11.694,11.56,1.4796,0.1092,33.191,0.9809
11.851,11.571,1.4782,0.22754,33.204,0.62834
11.851,11.594,0,0.33618,33.23,0.28697
12.153,11.627,1.43,0.42519,33.287,0
12.153,11.67,0,0.50725,33.337,0.25115
12.446,11.72,1.3702,0.58097,33.411,0
12.591,11.779,1.3183,0.64609,33.48,0
12.591,11.843,0,0.69702,33.558,0.19266
12.851,11.913,1.2226,0.73587,33.648,0
12.851,11.986,0,0.76523,33.738,0.11227
12.851,12.063,0,0.78936,33.821,0.4232
12.851,12.142,0,0.81614,33.895,0.76736
13.334,12.224,1.2259,0.8436,34.057,0
13.334,12.308,0,0.86605,34.164,0.027471
13.579,12.395,1.386,0.88432,34.287,0
13.726,12.483,1.4311,0.91965,34.415,0
13.873,12.575,1.5174,0.95204,34.545,0
14.028,12.67,1.5012,0.98686,34.671,0
14.028,12.769,0,1.0201,34.802,0
14.322,12.871,1.3307,1.0348,34.944,0
14.447,12.974,1.3195,1.0401,35.092,0
14.589,13.078,1.3167,1.0564,35.251,0
14.716,13.184,1.4139,1.0614,35.408,0
14.861,13.29,1.6119,1.0785,35.566,0
15.022,13.398,1.6992,1.1042,35.719,0
15.022,13.508,0,1.1376,35.876,0
15.38,13.622,1.8144,1.1724,36.063,0
15.564,13.739,1.8675,1.2051,36.244,0
15.564,13.86,0,1.2406,36.42,0
15.564,13.984,0,1.2725,36.585,0.0067478
15.564,14.111,0,1.2985,36.736,0.52803
15.564,14.241,0,1.3299,36.875,1.1118
16.538,14.374,2.134,1.3573,37.225,0
16.538,14.51,0,1.3975,37.435,0
16.982,14.649,2.1849,1.4326,37.681,0
17.2,14.793,2.1652,1.4628,37.923,0
17.2,14.939,0,1.4955,38.157,0
17.648,15.089,2.121,1.5227,38.424,0
17.853,15.241,2.1892,1.5372,38.693,0
17.853,15.395,0,1.5538,38.947,0
18.277,15.55,2.1612,1.5717,39.237,0
18.492,15.707,2.0469,1.5879,39.516,0
18.696,15.866,1.7681,1.5974,39.801,0
18.881,16.026,1.291,1.5948,40.079,0
19.02,16.185,0.80288,1.567,40.356,0
19.02,16.342,0,1.5103,40.632,0
19.142,16.493,0.088957,1.4362,40.903,0
19.142,16.636,0,1.3516,41.161,0
19.142,16.772,0,1.2683,41.405,0
19.144,16.898,-0.15651,1.1873,41.641,0
19.13,17.017,-0.1927,1.1096,41.862,0
19.13,17.128,0,1.0346,42.068,0
19.13,17.232,0,0.96148,42.263,0
19.036,17.328,-0.73541,0.88141,42.462,1.6368
19.036,17.416,0,0.79793,42.628,0
18.875,17.496,-1.1527,0.70485,42.765,5.4104
18.765,17.566,-1.3415,0.6102,42.884,7.6539
18.765,17.627,0,0.50689,43.001,0
18.491,17.678,-1.4198,0.41092,43.09,8.9327
18.491,17.719,0,0.31782,43.17,0
18.199,17.751,-1.5068,0.22552,43.216,10.404
18.199,17.773,0,0.13656,43.259,0
18.199,17.787,0,0.051976,43.301,0
17.752,17.792,-1.5463,-0.0028163,43.263,11.569
17.591,17.792,-1.562,-0.013918,43.253,12.662
17.436,17.791,-1.522,-0.024617,43.223,12.898
17.276,17.788,-1.5166,-0.035597,43.173,13.669
17.131,17.784,-1.5399,-0.045584,43.113,14.806
17.131,17.78,0,-0.056531,43.047,1.3741
16.823,17.774,-1.5163,-0.066735,42.938,16.081
16.677,17.768,-1.5932,-0.076783,42.836,18.131
16.52,17.76,-1.6774,-0.087601,42.72,20.483
16.353,17.751,-1.7245,-0.099257,42.587,22.306
16.172,17.741,-1.7923,-0.11197,42.444,24.676
16.172,17.73,0,-0.12445,42.288,3.8301
15.806,17.718,-1.8774,-0.13807,42.096,28.578
15.616,17.704,-1.8815,-0.15184,41.893,29.762
15.431,17.689,-1.9043,-0.16553,41.669,31.332
15.431,17.672,0,-0.17929,41.444,5.9817
15.059,17.654,-1.8974,-0.19354,41.183,33.269
14.878,17.635,-1.9024,-0.20748,40.925,34.386
14.681,17.614,-1.9003,-0.22303,40.639,35.427
14.483,17.592,-1.8719,-0.23912,40.33,35.854
14.483,17.568,0,-0.25532,40.02,8.899
14.105,17.542,-1.7093,-0.27092,39.664,34.192
13.943,17.515,-1.5211,-0.28509,39.322,31.09
13.781,17.487,-1.2858,-0.29965,38.967,27.453
13.654,17.457,-1.0235,-0.31189,38.592,23.639
13.654,17.426,0,-0.32187,38.213,11.447
13.484,17.393,-0.5747,-0.33039,37.808,17.943
13.42,17.36,-0.49682,-0.33805,37.421,17.12
13.376,17.326,-0.48559,-0.34408,37.03,16.988
13.322,17.292,-0.53002,-0.35137,36.625,17.549
13.322,17.257,0,-0.35889,36.23,11.924
13.206,17.221,-0.76028,-0.36709,35.815,20.568
13.206,17.184,0,-0.37733,35.415,11.989
13.029,17.147,-0.97297,-0.38939,34.991,24.002
12.929,17.108,-1.0789,-0.40193,34.58,25.906
12.827,17.067,-1.1718,-0.41522,34.157,27.689
12.827,17.026,0,-0.43089,33.735,12.613
12.582,16.983,-1.2478,-0.44708,33.293,29.697
12.457,16.938,-1.2329,-0.46408,32.85,29.769
12.343,16.892,-1.1175,-0.4807,32.395,28.045
12.238,16.844,-0.9855,-0.49657,31.942,26.094
12.143,16.794,-0.85384,-0.51201,31.481,24.213
12.143,16.743,0,-0.52806,31.018,13.761
12.143,16.69,0,-0.54304,30.561,13.399
12.143,16.636,0,-0.55561,30.109,13.051
11.855,16.58,-0.3726,-0.56868,29.575,17.855
11.855,16.523,0,-0.57992,29.105,13.69
11.794,16.465,-0.15932,-0.58877,28.629,15.145
11.785,16.406,-0.04243,-0.5963,28.159,13.731
11.789,16.347,0.051213,-0.60157,27.708,12.567
11.791,16.287,0.12701,-0.60727,27.258,11.626
11.791,16.226,0,-0.61139,26.811,12.376
11.817,16.165,0.28566,-0.61551,26.363,9.7633
11.817,16.103,0,-0.61563,25.931,11.672
11.891,16.042,0.14434,-0.61511,25.513,9.9626
11.904,15.98,-0.15687,-0.61803,25.097,12.033
11.89,15.918,-0.66738,-0.62459,24.699,17.007
11.824,15.856,-1.3985,-0.63949,24.297,27.708
11.688,15.792,-2.1534,-0.66612,23.899,44.705
11.466,15.725,-2.7719,-0.70816,23.486,65.182
11.195,15.655,-3.3155,-0.76107,23.05,89.84
10.867,15.578,-3.7444,-0.82708,22.586,115.27
10.483,15.496,-3.8926,-0.9065,22.105,126.08
10.483,15.405,0,-0.99346,21.609,11.846
9.707,15.306,-3.9145,-1.0839,21.041,129.1
9.707,15.197,0,-1.1822,20.487,13.053
8.9162,15.079,-3.8274,-1.2913,19.862,124.47
8.5422,14.95,-3.8519,-1.4028,19.233,126.4
8.5422,14.81,0,-1.5269,18.599,14.096
7.7658,14.657,-3.8434,-1.6643,17.888,32.964
7.7658,14.491,0,-1.8135,17.207,14.111
7.0018,14.309,-3.9517,-1.9715,16.466,31.055
6.6033,14.112,-3.9069,-2.1528,15.727,29.904
6.2076,13.897,-4.023,-2.3545,14.96,28.68
5.796,13.661,-4.2895,-2.5794,14.192,27.52
5.796,13.403,0,-2.838,13.418,11.252
4.9208,13.12,-4.5072,-3.1352,12.592,24.67
4.4729,12.806,-4.7724,-3.4691,11.773,23.351
3.9939,12.459,-4.8765,-8.155,10.929,10.465
3.5135,11.644,-5.083,-8.354,10.104,9.7935
2.9989,10.808,-5.2668,-8.5433,9.3066,9.1244
2.9989,9.9539,0,-8.8469,8.5684,3.4666
2.9989,9.0692,0,-8.9926,7.9171,1.3469
1.3518,8.17,-5.8104,-9.0701,7.1305,7.1277
0.77933,7.263,-5.7344,-8.9843,6.4676,6.4627
0.77933,6.3645,0,-9.0415,5.8641,0
-0.38321,5.4604,-5.6594,-8.9246,5.2291,5.5141
-0.95725,4.5679,-5.4738,-8.8,4.6583,4.733
-1.5039,3.6879,-5.3106,-8.8,4.1247,3.7068
-1.5039,2.8079,0,-8.8,3.6495,0
-1.5039,1.9279,0,-8.8,3.2623,0
-2.9597,1.0479,-3.4975,-8.8,2.7305,0
-3.3027,0.16794,-2.61,-8.8,2.3562,0
-3.5722,0,-1.7171,-8.8,2.0413,0
-3.7418,0,-0.95463,-8.8,1.7148,0
-3.8446,0,-0.26065,-8.8,1.3794,0
-3.8653,0,0.17303,-8.8,1.0378,0
-3.8542,0,0.40054,-10.194,0.70109,0
-3.8206,0,0.53801,-19.712,0.36042,0
-3.7697,0,0.75488,-79.613,0.088411,0
-3.6923,0,0.92589,-61.301,0.10954,0
-3.6088,0,1.1948,-113.26,0.056891,0
-3.4877,0,1.5387,-21.467,0.26437,0
-3.3376,0,1.7892,-135.67,0.040519,0
-3.1624,0,1.7978,-10.851,0.39533,0
-3.1624,0,0,-28.921,0.13334,0
-2.8324,0,1.3274,-1401.6,0.002859,0
-2.7032,0,0.98346,0.98346,6.736,5.9372
-2.7032,0.098346,0,0.74838,6.4608,7.7114
-2.5425,0.17318,0.56459,0.56459,6.2085,5.9627
-2.5425,0.22964,0,0.42182,5.9341,6.9648
-2.4414,0.27183,0.2917,0.2917,5.653,5.9579
-2.4109,0.301,0.1939,0.1939,5.3773,5.9551
-2.3863,0.32039,0.087665,-8.8,5.1096,0
-2.3863,0,0,-8.8,4.883,0
-2.3944,0,-0.12725,-8.8,4.6937,0
-2.3944,0,0,-8.8,4.4983,0
-2.3944,0,0,-8.8,4.3028,0
-2.4475,0,-0.37575,-8.8,4.0952,0
-2.4819,0,-0.4028,-8.8,3.8884,0
-2.5194,0,-0.38443,-8.8,3.6766,0
-2.5528,0,-0.33151,-8.8,3.4611,0
-2.5823,0,-0.28713,-8.8,3.2477,0
-2.6205,0,-0.25332,-8.8,3.0367,0
-2.6405,0,-0.2217,-8.8,2.8247,0
-2.6617,0,-0.17486,-8.8,2.5955,0
-2.6844,0,-0.17266,-8.8,2.3672,0
-2.6947,0,-0.19042,-8.8,2.1347,0
-2.7169,0,-0.23083,-8.8,1.9106,0
-2.74,0,-0.28227,-8.8,1.6867,0
-2.7588,0,-0.42471,-8.8,1.465,0
-2.7964,0,-0.59083,-8.8,1.2358,0
-2.8529,0,-0.73126,-8.8,1.006,0
-2.9303,0,-0.8257,-8.8,0.76609,0
-3.0122,0,-0.88988,-9.6375,0.51863,0
-3.0122,0,0,-19.986,0.26559,0
-3.212,0,-1.0808,-177.85,0.029182,0
-3.3278,0,-1.1965,-10.47,0.59713,0
-3.4398,0,-1.3809,-20.78,0.30496,0
-3.4398,0,0,-116.93,0.064885,0
-3.4398,0,0,-27.36,0.30558,0
-3.8954,0,-1.6526,-217.4,0.035165,0
-4.0677,0,-1.6714,-13.199,0.7177,0
-4.2273,0,-1.6498,-25.61,0.37291,0
-4.397,0,-1.6441,-130.53,0.075005,0
-4.397,0,0,-39.368,0.28793,0
-4.397,0,0,-796.09,0.045077,0
-4.8976,0,-1.6105,-8.8,3.508,0
-4.8976,0,0,-8.8,3.0622,0
-4.8976,0,0,-8.8,2.6164,0
-5.3926,0,-1.9223,-8.8452,2.1003,0
-5.5893,0,-2.1281,-11.968,1.5875,0
-5.8008,0,-2.3211,-17.965,1.0755,0
-5.8008,0,0,-34.782,0.58522,0
-5.8008,0,0,-176.59,0.17906,0
-5.8008,0,0,-61.265,0.48195,0
-6.7941,0,-2.6801,9.8,1,40.547
-7.0653,0.98,-2.739,-131.99,0.25038,0
-7.3299,0,-2.8556,-318.07,0.085224,0
-7.3299,0,0,-33.829,0.94257,0
-7.9028,0,-2.9565,-98.432,0.32707,0
-8.2042,0,-2.9771,-1859,0.018133,0
-8.4979,0,-3.0294,-3.0294,8.4843,17.816
-8.7989,0,-3.0508,-3.0508,7.6307,18.433
-8.7989,0,0,-3.1291,6.766,11.858
-9.4271,0,-3.1654,-3.1654,5.8457,19.721
-9.734,0,-3.2131,-12.893,4.8942,0.010238
-9.734,0,0,-16.06,3.9852,0
-10.388,0,-3.3931,-21.254,3.0208,0
-10.723,0,-3.503,-31.234,2.0734,0
-11.066,0,-3.6131,-57.142,1.1438,0
-11.418,0,-3.7262,-217.09,0.3055,0
-11.786,0,-3.811,-312.39,0.22507,0
-12.16,0,-3.8772,-130.42,0.58423,0
-12.16,0,0,-19602,0.020353,0
-12.93,0,-3.9434,7.8,96.747,51.578
-13.32,0.78,-3.9432,7.8,95.394,53.977
-13.32,1.56,0,7.8,93.945,47.29
-14.112,2.34,-3.9456,7.8,92.323,58.803
-14.508,3.12,-4.006,7.8,90.622,61.34
-14.908,3.9,-3.9964,7.8,88.804,63.739
-15.301,4.68,-4.0442,7.8,86.868,66.244
-15.698,5.46,-3.9608,7.8,84.803,68.483
-16.103,6.24,-3.7872,6.7,82.623,68.236
-16.477,6.91,-3.5959,6.7,80.344,69.973
-16.833,7.58,-3.4331,6.7,77.957,71.734
-17.171,8.25,-3.2912,6.7,75.466,73.502
-17.499,8.92,-3.2802,6.7,72.883,75.525
-17.829,9.59,-3.3081,6.7,70.198,77.634
-17.829,10.26,0,6.7,67.423,72.057
-17.829,10.93,0,6.7,64.58,73.43
-17.829,11.6,0,6.7,61.671,74.804
-17.829,12.27,0,4.8,58.694,72.185
-17.829,12.75,0,4.8,55.66,73.169
-19.671,13.23,-2.2477,4.8,52.007,82.651
-19.889,13.71,-1.889,4.8,48.688,83.329
-20.082,14.19,-1.6183,4.8,45.288,84.14
-20.238,14.67,-1.4424,4.8,41.838,85.073
-20.391,15.15,-1.2423,-2.5313,38.315,70.547
-20.506,14.897,-1.1308,-2.9056,34.774,69.241
-20.506,14.606,0,-3.3764,31.248,65.281
-20.506,14.269,0,-3.981,27.754,63.318
-20.843,13.871,-1.0212,-4.7784,24.258,63.664
-20.843,13.393,0,-5.8598,20.811,58.266
-21.037,12.807,-0.8545,-7.3918,17.405,56.04
-21.037,12.068,0,-7.84,14.057,51.787
-21.175,11.284,-0.37335,-7.84,10.765,51.246
-21.175,10.5,0,-66.61,7.5579,0
-21.233,3.8386,0.355,-66.315,4.7142,0
-21.233,0,0,-87.888,2.5386,0
-21.122,0,1.2012,-259.77,0.85474,0
-21,0,1.4376,-4890.1,0.045079,0
-20.864,0,1.6707,7.8,22.395,56.045
-20.698,0.78,1.8943,1.8943,20.269,44.427
-20.698,0.96943,0,-0.27034,18.111,44.247
-20.311,0.9424,2.1461,-0.3189,15.988,38.785
-20.099,0.91051,2.1949,-0.38387,13.873,38.047
-19.878,0.87212,2.1866,2.1866,11.78,42.934
-19.651,1.0908,2.1411,-0.82977,9.7109,36.673
-19.651,1.0078,0,-1.1127,7.6409,40.408
-19.217,0.89653,2.143,-1.602,5.6269,33.759
-18.999,0.73634,2.2201,-51.415,3.6308,0
-18.783,0,2.2587,-89.13,1.9302,0
-18.565,0,2.281,-330.82,0.51733,0
-18.337,0,2.2888,-505.47,0.33113,0
-18.337,0,0,-155.62,1.0247,0
-17.885,0,2.2236,-20630,0.0077517,0
-17.653,0,2.2255,7.8,101.38,48.297
-17.653,0.78,0,7.8,99.573,54.572
-17.204,1.56,2.2119,7.8,97.722,50.603
-17.204,2.34,0,7.8,95.807,56.85
-16.751,3.12,2.1888,7.8,93.85,52.922
-16.535,3.9,2.1108,7.8,91.843,54.242
-16.535,4.68,0,7.8,89.761,60.276
-16.204,5.46,-0.16824,7.8,87.641,61.549
-16.22,6.24,-2.0307,6.7,85.434,64.784
-16.428,6.91,-3.6012,6.7,83.144,69.884
-16.786,7.58,-3.874,6.7,80.752,72.565
-17.173,8.25,-3.2546,6.7,78.253,73.43
-17.506,8.92,-2.2785,6.7,75.668,73.434
-17.506,9.59,0,6.7,72.992,70.02
-17.844,10.26,-0.23411,6.7,70.201,72.578
-17.87,10.93,-0.59159,6.7,67.35,74.757
-17.87,11.6,0,6.7,64.436,74.887
-17.87,12.27,0,4.8,61.456,72.268
-17.87,12.75,0,4.8,58.418,73.252
-18.223,13.23,-0.7501,4.8,55.288,76.537
-18.223,13.71,0,4.8,52.118,75.945
-18.364,14.19,-0.62011,4.8,48.901,78.521
-18.423,14.67,-0.59881,4.8,45.618,79.58
-18.483,15.15,-0.59896,4.8,42.287,80.688
-18.552,15.63,-0.58706,-2.4566,38.892,66.54
-18.608,15.384,-0.48339,-2.7936,35.486,65.225
-18.608,15.105,0,-3.2096,32.1,62.762
-18.696,14.784,-0.31185,-3.7333,28.736,61.841
-18.721,14.411,-0.25907,-4.4038,25.406,59.607
-18.739,13.97,-0.21796,-5.2897,22.105,56.793
-18.769,13.441,-0.19143,-6.496,18.854,53.179
-18.769,12.792,0,-7.84,15.665,48.621
-18.794,12.008,-0.25255,-7.84,12.544,47.597
-18.794,11.224,0,-47.776,9.5032,0
-18.851,6.4461,-0.27355,-47.771,6.7366,0
-18.87,1.669,-0.28336,-47.718,4.4468,0
-18.894,0,-0.25336,-67.943,2.6368,0
-18.922,0,-0.19438,-164.21,1.0915,0
-18.934,0,-0.18951,-18474,0.0097029,0
-18.934,0,0,7.8,90.486,55.6
-18.972,0.78,-0.23182,7.8,88.551,57.764
-19,1.56,-0.26131,7.8,86.537,59.483
-19.023,2.34,-0.1773,7.8,84.441,60.951
-19.041,3.12,-0.086569,7.8,82.267,62.397
-19.052,3.9,0.043157,7.8,80.008,63.746
-19.052,4.68,0,7.8,77.674,65.436
-19.033,5.46,0.31552,7.8,75.257,66.333
-18.994,6.24,0.27373,6.7,72.766,65.629
-18.966,6.91,0.19136,6.7,70.205,67.118
-18.944,7.58,0.034521,6.7,67.576,68.776
-18.939,8.25,-0.13891,6.7,64.894,70.504
-18.954,8.92,-0.20357,6.7,62.144,72.043
-18.954,9.59,0,6.7,59.323,72.988
-18.985,10.26,-0.2442,6.7,56.432,74.939
-18.985,10.93,0,6.7,53.474,75.799
-19.036,11.6,-0.17864,6.7,50.432,77.652
-19.058,12.27,-0.30087,4.8,47.325,75.336
-19.085,12.75,-0.4326,4.8,44.169,76.653
-19.129,13.23,-0.47366,4.8,40.962,77.812
-19.17,13.71,-0.5213,-2.1585,37.708,64.36
-19.222,13.494,-0.55595,-2.4537,34.424,63.475
-19.281,13.249,-0.53989,-2.8177,31.17,62.294
-19.281,12.967,0,-3.2783,27.931,59.615
-19.281,12.639,0,-3.869,24.722,57.701
-19.465,12.252,-0.77299,-4.6489,21.531,57.273
-19.465,11.787,0,-5.7185,18.382,52.448
-19.624,11.216,-1.0601,-7.2477,15.264,50.614
-19.624,10.491,0,-7.84,12.216,45.656
-19.624,9.7068,0,-48.814,9.2438,0
-19.987,4.8254,-1.7947,-49.092,6.5085,0
-20.174,0,-2.0847,-49.758,4.2687,0
-20.389,0,-2.3423,-85.801,2.4906,0
-20.389,0,0,-249.52,0.88068,0
-20.864,0,-2.5666,-6552.6,0.03323,0
-20.864,0,0,7.8,30.71,59.557
-21.376,0.78,-2.5572,7.8,28.532,67.579
-21.376,1.56,0,7.8,26.277,63.805
-21.887,2.34,-2.5768,7.8,23.896,71.866
-22.147,3.12,-2.5768,-0.85308,21.412,55.814
-22.147,3.0347,0,-1.0255,18.889,49.862
-22.658,2.9321,-2.722,-1.2621,16.34,55.923
-22.922,2.8059,-2.6872,-1.6059,13.764,55.41
-22.922,2.6453,0,-2.1285,11.199,48.336
-22.922,2.4325,0,-3.0033,8.6534,46.062
-22.922,2.1322,0,-58.223,6.1329,0
-22.922,0,0,-80.095,3.9186,0
-24.259,0,-2.6382,-175.67,1.7005,0
-24.523,0,-2.6295,-2177.4,0.13826,0
-24.792,0,-2.5871,-2.5871,8.5694,51.218
-25.051,0,-2.4884,-2.4884,6.0829,51.751
-25.051,0,0,-92.077,3.5902,0
-25.547,0,-2.3542,-221.15,1.4914,0
-25.547,0,0,-11783,0.042503,0
-26.003,0,-2.1754,7.8,56.361,74.662
-26.003,0.78,0,7.8,53.722,71.69
-26.003,1.56,0,7.8,51.005,73.289
-26.634,2.34,-1.9312,7.8,48.124,80.239
-26.83,3.12,-1.8208,7.8,45.18,82.009
-27.02,3.9,-1.7579,7.8,42.141,83.864
-27.192,4.68,-1.6842,7.8,38.994,85.663
-27.354,5.46,-1.671,7.8,35.756,87.564
-27.515,6.24,-1.6233,6.7,32.427,87.083
-27.515,6.91,0,-1.6707,29.018,67.457
-27.845,6.7429,-1.6075,-2.005,25.553,70.465
-28.001,6.5424,-1.5828,-2.4641,22.094,69.358
-28.16,6.296,-1.5256,-3.1215,18.64,67.677
-28.306,5.9839,-1.5004,-4.1199,15.194,65.186
-28.458,5.5719,-1.4963,-5.7549,11.787,61.208
-28.458,4.9964,0,-7.84,8.4131,52.503
-28.749,4.2124,-1.4732,-108.4,5.0803,0
-28.903,0,-1.4295,-182.1,2.3119,0
-29.053,0,-1.394,-1311.4,0.32218,0
-29.053,0,0,-108.93,3.9737,0
-29.341,0,-1.2833,-274.1,1.5777,0
-29.463,0,-1.2245,-1.0863e+05,0.0039953,0
-29.583,0,-1.202,7.8,540.22,79.957
-29.704,0.78,-1.1785,7.8,537.21,81.754
-29.828,1.56,-1.1672,7.8,534.11,83.584
-29.938,2.34,-1.1354,7.8,530.93,85.342
-30.06,3.12,-1.1224,7.8,527.66,87.162
-30.06,3.9,0,7.8,524.3,86.402
-30.263,4.68,-0.73502,7.8,520.84,89.963
-30.339,5.46,-0.49165,7.8,517.31,91.207
-30.397,6.24,-0.25187,6.7,513.69,90.108
-30.397,6.91,0,6.7,509.99,90.952
-30.428,7.58,0.097533,6.7,506.23,92.185
-30.41,8.25,0.18141,6.7,502.4,93.345
-30.4,8.92,0.19371,6.7,498.51,94.674
-30.4,9.59,0,6.7,494.54,96.454
