27.778,27.778,-0.3789,0,35.5,1.1819
27.778,27.778,0,-0.0044376,35.5,0
27.715,27.777,-0.37354,-0.0096845,35.504,1.3076
27.679,27.776,-0.40032,-0.01521,35.49,1.5113
27.629,27.775,-0.42999,-0.02268,35.484,1.7686
27.591,27.773,-0.43205,-0.02832,35.467,1.8702
27.543,27.77,-0.43583,-0.035359,35.438,2.0037
27.543,27.766,0,-0.04298,35.416,0.37828
27.543,27.762,0,-0.049803,35.393,0.35242
27.392,27.757,-0.40512,-0.057091,35.356,2.2069
27.343,27.751,-0.43224,-0.064011,35.311,2.4588
27.343,27.745,0,-0.069486,35.271,0.71773
27.343,27.738,0,-0.075276,35.231,0.68589
27.343,27.73,0,-0.079394,35.192,0.65751
27.191,27.722,-0.33565,-0.08387,35.119,2.2874
27.155,27.714,-0.29082,-0.088444,35.066,2.1443
27.155,27.705,0,-0.092407,35.011,1.0084
27.105,27.696,-0.1511,-0.094035,34.944,1.6276
27.105,27.687,0,-0.09551,34.886,1.0778
27.105,27.677,0,-0.097466,34.828,1.0483
27.105,27.667,0,-0.099217,34.771,1.0191
27.043,27.657,-0.084436,-0.098751,34.688,1.4285
27.03,27.647,-0.11796,-0.099605,34.623,1.5569
27.03,27.637,0,-0.1011,34.562,1.1262
27.03,27.627,0,-0.10284,34.502,1.0957
26.977,27.617,-0.19429,-0.10403,34.423,1.9046
26.954,27.607,-0.21504,-0.10641,34.356,2.0215
26.927,27.596,-0.23601,-0.10941,34.29,2.1517
26.927,27.585,0,-0.11078,34.224,1.2237
26.927,27.574,0,-0.11439,34.158,1.1846
26.927,27.563,0,-0.11781,34.094,1.1455
26.809,27.551,-0.35506,-0.12256,34.033,2.9063
26.766,27.539,-0.37554,-0.12803,33.957,3.0947
26.731,27.526,-0.35942,-0.13229,33.871,3.0654
26.702,27.513,-0.3751,-0.13532,33.781,3.1881
26.668,27.499,-0.39439,-0.13927,33.707,3.3499
26.668,27.485,0,-0.14362,33.625,1.5296
26.591,27.471,-0.41721,-0.14838,33.54,3.6066
26.554,27.456,-0.40764,-0.15268,33.453,3.6083
26.554,27.441,0,-0.15901,33.364,1.6609
26.459,27.425,-0.37225,-0.1648,33.271,3.5715
26.459,27.408,0,-0.1677,33.175,1.8002
26.459,27.391,0,-0.17038,33.081,1.7457
26.459,27.374,0,-0.17279,32.989,1.6919
26.34,27.357,-0.2519,-0.17634,32.893,3.0449
26.31,27.339,-0.26568,-0.17937,32.789,3.1436
26.28,27.322,-0.23015,-0.18234,32.683,2.9912
26.255,27.303,-0.23725,-0.18432,32.575,3.0382
26.255,27.285,0,-0.18462,32.472,1.961
26.21,27.266,-0.21836,-0.1876,32.358,2.9577
26.21,27.248,0,-0.19019,32.254,1.9636
26.21,27.229,0,-0.19162,32.151,1.9064
26.21,27.209,0,-0.19196,32.05,1.853
26.121,27.19,-0.18718,-0.19363,31.915,2.8219
26.095,27.171,-0.14183,-0.19575,31.817,2.6272
26.095,27.151,0,-0.19697,31.71,1.9915
26.072,27.132,-0.042499,-0.19459,31.596,2.1675
26.073,27.112,0.018587,-0.19183,31.493,1.8959
26.073,27.093,0,-0.19073,31.39,1.9136
26.073,27.074,0,-0.18734,31.289,1.8734
26.073,27.055,0,-0.18191,31.189,1.8413
26.1,27.037,0.27608,-0.17603,31.095,0.97068
26.1,27.019,0,-0.16678,31.002,1.7226
26.153,27.003,0.19321,-0.16087,30.916,1.0053
26.166,26.987,0.13666,-0.15604,30.828,1.0939
26.178,26.971,0.12557,-0.15137,30.744,1.0716
26.188,26.956,0.1201,-0.1471,30.668,1.0395
26.205,26.941,0.10531,-0.14153,30.6,1.0209
26.22,26.927,0.096063,-0.13626,30.537,0.99124
26.22,26.913,0,-0.13372,30.467,1.2413
26.22,26.9,0,-0.12926,30.399,1.2213
26.22,26.887,0,-0.12479,30.331,1.2025
26.22,26.875,0,-0.12289,30.265,1.1769
26.257,26.862,0.058432,-0.11849,30.199,0.90242
26.258,26.85,0.079261,-0.11624,30.142,0.82383
26.265,26.839,0.10305,-0.11302,30.083,0.73263
26.27,26.828,0.088937,-0.11,30.033,0.73759
26.279,26.817,0.07588,-0.10624,29.982,0.73384
26.286,26.806,0.070169,-0.103,29.93,0.71669
26.293,26.796,0.059538,-0.099847,29.884,0.71306
26.303,26.786,0.067893,-0.096066,29.841,0.65707
26.303,26.776,0,-0.092726,29.793,0.82129
26.303,26.767,0,-0.090676,29.747,0.80496
26.303,26.758,0,-0.087048,29.701,0.79348
26.321,26.749,0.023655,-0.085851,29.667,0.67078
26.328,26.74,0.00075457,-0.083018,29.62,0.70393
26.325,26.732,-0.0012732,-0.082003,29.58,0.69853
26.325,26.724,0,-0.078531,29.54,0.68531
26.33,26.716,0.0078057,-0.078187,29.495,0.63709
26.335,26.708,-0.018437,-0.075714,29.458,0.6838
26.329,26.701,-0.038194,-0.075467,29.422,0.73485
26.329,26.693,0,-0.074161,29.385,0.61684
26.331,26.686,-0.061606,-0.072154,29.357,0.76954
26.319,26.678,-0.088295,-0.073417,29.315,0.85919
26.302,26.671,-0.081866,-0.075459,29.28,0.85683
26.302,26.664,0,-0.075659,29.244,0.60714
26.302,26.656,0,-0.074472,29.208,0.5929
26.302,26.649,0,-0.077177,29.173,0.56901
26.302,26.641,0,-0.080179,29.139,0.54395
26.302,26.633,0,-0.080191,29.105,0.52589
26.229,26.625,-0.09138,-0.081773,29.059,0.93395
26.229,26.617,0,-0.082961,29.02,0.64786
26.199,26.608,-0.057071,-0.084919,28.982,0.8541
26.199,26.6,0,-0.082825,28.942,0.67914
26.195,26.592,-0.052308,-0.082489,28.919,0.81563
26.193,26.583,-0.054715,-0.08131,28.876,0.81022
26.194,26.575,-0.085118,-0.079663,28.841,0.88517
26.194,26.567,0,-0.08182,28.803,0.61868
26.17,26.559,-0.11451,-0.081592,28.763,0.99167
26.153,26.551,-0.15709,-0.083456,28.731,1.1504
26.147,26.543,-0.17086,-0.083161,28.686,1.1937
26.122,26.534,-0.17014,-0.086933,28.656,1.2253
26.109,26.526,-0.21253,-0.08793,28.609,1.3888
26.089,26.517,-0.24842,-0.09053,28.557,1.5519
26.089,26.508,0,-0.093109,28.515,0.69259
26.089,26.498,0,-0.096036,28.473,0.66345
26.014,26.489,-0.31286,-0.10125,28.409,1.9244
25.992,26.479,-0.30796,-0.10405,28.366,1.9283
25.952,26.468,-0.2706,-0.11056,28.313,1.8269
25.929,26.457,-0.23592,-0.1134,28.266,1.7064
25.929,26.446,0,-0.11788,28.213,0.85522
25.929,26.434,0,-0.1225,28.162,0.81487
25.848,26.422,-0.20222,-0.1243,28.096,1.6623
25.848,26.409,0,-0.12506,28.039,0.94179
25.848,26.397,0,-0.12777,27.984,0.90435
25.848,26.384,0,-0.13223,27.929,0.86182
25.848,26.371,0,-0.13324,27.876,0.82806
25.739,26.358,-0.23608,-0.13606,27.79,1.8857
25.715,26.344,-0.21376,-0.1388,27.722,1.8128
25.689,26.33,-0.2621,-0.14214,27.652,2.0423
25.66,26.316,-0.3449,-0.1457,27.596,2.4552
25.632,26.301,-0.40806,-0.14921,27.537,2.8063
25.594,26.286,-0.38501,-0.15495,27.461,2.7361
25.556,26.271,-0.33521,-0.16061,27.384,2.5333
25.532,26.255,-0.28938,-0.16306,27.312,2.3306
25.532,26.239,0,-0.16628,27.24,1.1771
25.475,26.222,-0.26065,-0.16967,27.161,2.2447
25.441,26.205,-0.30097,-0.17429,27.087,2.4656
25.441,26.187,0,-0.17813,27.011,1.2403
25.369,26.17,-0.43967,-0.18401,26.937,3.2614
25.327,26.151,-0.39345,-0.19044,26.85,3.0592
25.292,26.132,-0.42558,-0.19485,26.767,3.2672
25.241,26.113,-0.47659,-0.20326,26.675,3.6326
25.241,26.092,0,-0.2097,26.589,1.4078
25.16,26.071,-0.42603,-0.21453,26.482,3.4202
25.122,26.05,-0.44955,-0.21968,26.383,3.5893
25.078,26.028,-0.45513,-0.22601,26.281,3.6665
25.038,26.005,-0.41766,-0.23141,26.18,3.4844
24.999,25.982,-0.4123,-0.23649,26.089,3.4866
24.95,25.959,-0.41072,-0.24396,25.987,3.53
24.9,25.934,-0.40211,-0.25151,25.877,3.5313
24.9,25.909,0,-0.25747,25.775,1.6594
24.815,25.883,-0.40937,-0.26273,25.665,3.6348
24.782,25.857,-0.41314,-0.26623,25.549,3.6642
24.744,25.83,-0.42131,-0.27045,25.447,3.7288
24.712,25.803,-0.45634,-0.27345,25.337,3.9391
24.712,25.776,0,-0.2813,25.23,1.7268
24.621,25.748,-0.38471,-0.2858,25.109,3.5856
24.581,25.719,-0.39271,-0.29046,25.002,3.6479
24.544,25.69,-0.42894,-0.29438,24.889,3.8646
24.502,25.661,-0.40431,-0.29929,24.776,3.7389
24.502,25.631,0,-0.3029,24.661,1.8238
24.434,25.601,-0.44781,-0.30513,24.556,3.992
24.434,25.57,0,-0.31112,24.441,1.8173
24.434,25.539,0,-0.31832,24.329,1.7141
24.295,25.507,-0.46207,-0.32315,24.219,4.1487
24.245,25.475,-0.47826,-0.33007,24.09,4.2725
24.245,25.442,0,-0.33427,23.968,1.8989
24.245,25.408,0,-0.34125,23.85,1.7898
24.104,25.374,-0.44145,-0.34831,23.718,4.0985
24.064,25.339,-0.43478,-0.35228,23.596,4.0574
24.02,25.304,-0.38713,-0.35722,23.473,3.7879
23.975,25.269,-0.38514,-0.36257,23.348,3.7838
23.942,25.232,-0.3818,-0.36411,23.225,3.7439
23.901,25.196,-0.35287,-0.36845,23.087,3.5798
23.865,25.159,-0.28426,-0.37119,22.949,3.2088
23.865,25.122,0,-0.37103,22.822,1.9362
23.821,25.085,-0.23155,-0.36824,22.691,2.8745
23.821,25.048,0,-0.36766,22.567,1.8701
23.78,25.011,-0.13878,-0.36396,22.456,2.3971
23.762,24.975,-0.11398,-0.36099,22.341,2.2583
23.743,24.939,-0.097186,-0.35859,22.217,2.1552
23.743,24.903,0,-0.35173,22.099,1.7494
23.743,24.868,0,-0.34439,21.985,1.683
23.729,24.833,-0.035142,-0.33821,21.868,1.7607
23.731,24.799,-0.049199,-0.32927,21.766,1.7425
23.721,24.766,-0.072874,-0.32471,21.657,1.7788
23.721,24.734,0,-0.32038,21.554,1.4781
23.695,24.702,-0.056956,-0.31671,21.451,1.6502
23.691,24.67,-0.042392,-0.31022,21.344,1.5536
23.696,24.639,-0.044763,-0.30056,21.241,1.4978
23.696,24.609,0,-0.29484,21.148,1.3071
23.678,24.58,-0.052119,-0.29067,21.057,1.4459
23.682,24.551,-0.051069,-0.28152,20.976,1.388
23.681,24.523,-0.080428,-0.27447,20.881,1.4333
23.681,24.495,0,-0.27062,20.798,1.1392
23.659,24.468,-0.092251,-0.26685,20.708,1.4116
23.641,24.441,-0.11307,-0.26535,20.634,1.4629
23.638,24.415,-0.19655,-0.25871,20.563,1.7167
23.612,24.389,-0.23127,-0.26002,20.479,1.8443
23.597,24.363,-0.28756,-0.25793,20.399,2.0524
23.597,24.337,0,-0.26224,20.323,0.99093
23.597,24.311,0,-0.26315,20.25,0.92908
23.504,24.285,-0.32393,-0.26666,20.171,2.2177
23.504,24.258,0,-0.27209,20.095,0.99579
23.437,24.231,-0.25206,-0.27437,20.01,1.923
23.437,24.203,0,-0.27663,19.932,1.014
23.437,24.176,0,-0.27559,19.856,0.95393
23.36,24.148,-0.3208,-0.2769,19.766,2.1853
23.36,24.12,0,-0.28192,19.689,0.9867
23.297,24.092,-0.34297,-0.28227,19.615,2.2837
23.253,24.064,-0.40913,-0.28905,19.543,2.6156
23.211,24.035,-0.41602,-0.29528,19.464,2.6639
23.165,24.006,-0.40252,-0.30298,19.386,2.6173
23.165,23.975,0,-0.31103,19.303,1.0256
23.075,23.944,-0.39539,-0.31676,19.214,2.61
23.075,23.912,0,-0.31972,19.129,1.0633
23.007,23.88,-0.39392,-0.32219,19.051,2.5943
22.962,23.848,-0.39739,-0.32882,18.966,2.6224
22.962,23.815,0,-0.33149,18.879,1.0711
22.893,23.782,-0.37925,-0.33382,18.789,2.5203
22.854,23.749,-0.34385,-0.33794,18.708,2.3577
22.811,23.715,-0.32086,-0.34354,18.625,2.2617
22.811,23.681,0,-0.34488,18.536,1.0742
22.811,23.646,0,-0.34183,18.451,1.005
22.717,23.612,-0.3495,-0.34633,18.362,2.347
22.717,23.577,0,-0.34657,18.274,1.048
22.717,23.543,0,-0.34729,18.19,0.96986
22.717,23.508,0,-0.35078,18.109,0.88675
22.584,23.473,-0.3539,-0.35322,17.998,2.318
22.556,23.438,-0.2994,-0.35252,17.916,2.0653
22.525,23.402,-0.23305,-0.35272,17.837,1.7909
22.494,23.367,-0.22852,-0.35325,17.755,1.7613
22.479,23.332,-0.22296,-0.34737,17.662,1.7049
22.458,23.297,-0.18177,-0.34427,17.575,1.5353
22.458,23.263,0,-0.33683,17.492,0.95011
22.458,23.229,0,-0.33358,17.414,0.88466
22.412,23.196,-0.1009,-0.3275,17.325,1.1914
22.393,23.163,-0.083907,-0.32365,17.248,1.1209
22.394,23.13,-0.074303,-0.31158,17.167,1.0488
22.394,23.099,0,-0.30487,17.095,0.80918
22.365,23.069,-0.18087,-0.30082,17.028,1.3186
22.365,23.039,0,-0.29999,16.96,0.75245
22.322,23.009,-0.21706,-0.29705,16.876,1.4076
22.31,22.979,-0.23597,-0.29093,16.808,1.447
22.289,22.95,-0.27274,-0.28876,16.747,1.5666
22.265,22.921,-0.23676,-0.28804,16.68,1.4242
22.232,22.892,-0.22045,-0.29187,16.608,1.3674
22.232,22.863,0,-0.28633,16.543,0.6938
22.194,22.834,-0.26522,-0.28601,16.469,1.4911
22.175,22.806,-0.3078,-2.9,16.397,28.592
22.147,22.516,-0.36078,-0.16427,16.355,1.5478
22.147,22.499,0,-0.1703,16.319,0.36503
22.093,22.482,-0.31193,-0.17445,16.277,1.371
22.061,22.465,-0.30842,-0.1813,16.244,1.3725
22.03,22.447,-0.33149,-2.9,16.211,32.988
22.03,22.157,0,-0.07414,16.184,0.10517
21.949,22.149,-0.33593,-0.089195,16.168,1.2443
21.917,22.14,-0.27908,-0.099531,16.15,1.0535
21.88,22.13,-0.20234,-0.1121,16.118,0.82041
21.868,22.119,-0.14557,-0.11277,16.102,0.64715
21.868,22.108,0,-0.11785,16.077,0.24516
21.845,22.096,-0.17318,-0.11302,16.055,0.72802
21.845,22.085,0,-2.9,16.031,41.717
21.845,21.795,0,0.0030753,16.021,0
21.781,21.795,-0.31294,-0.0061313,16.025,0.93403
21.781,21.795,0,-0.01663,16.024,0
21.724,21.793,-0.2713,-0.030785,16.032,0.8458
21.724,21.79,0,-0.044339,16.025,0.042994
21.724,21.785,0,-0.057528,16.019,0.0077243
21.724,21.78,0,-0.071013,16.013,0
21.577,21.773,-0.36092,-0.087316,15.979,1.3404
21.531,21.764,-0.30335,-0.10399,15.95,1.1545
21.531,21.753,0,-0.11515,15.928,0.21351
21.531,21.742,0,-0.12148,15.906,0.17738
21.453,21.73,-0.23591,-0.12465,15.873,0.96023
21.439,21.717,-0.25169,-2.9,15.838,37.471
21.418,21.427,-0.28685,-0.0042349,15.819,0.83146
21.418,21.427,0,-0.014184,15.818,0
21.368,21.425,-0.34669,-0.025822,15.821,1.1185
21.368,21.423,0,-0.035888,15.815,0.038273
21.307,21.419,-0.30257,-0.050211,15.788,1.0104
21.273,21.414,-0.3136,-0.063339,15.771,1.0863
21.232,21.408,-0.32053,-0.07886,15.762,1.1535
21.197,21.4,-0.32635,-0.091049,15.734,1.2068
21.174,21.391,-0.34971,-0.097622,15.72,1.3168
21.174,21.381,0,-0.11175,15.699,0.19057
21.098,21.37,-0.42091,-2.9,15.662,35.469
21.053,21.08,-0.38915,-0.012189,15.641,1.258
21.053,21.079,0,-0.030871,15.639,0
20.967,21.076,-0.38885,-0.048614,15.619,1.3537
20.924,21.071,-0.36396,-0.065949,15.598,1.294
20.924,21.064,0,-0.077646,15.583,0.12526
20.924,21.056,0,-0.086477,15.57,0.091769
20.831,21.048,-0.40824,-0.097316,15.558,1.565
20.787,21.038,-0.42571,-0.11292,15.531,1.6829
20.787,21.027,0,-0.12866,15.506,0.22069
20.691,21.014,-0.3962,-2.9,15.489,34.474
20.647,20.724,-0.372,-0.034396,15.474,1.2451
20.647,20.721,0,-0.048765,15.467,0.04902
20.579,20.716,-0.28283,-0.060771,15.47,0.96566
20.558,20.71,-0.31296,-0.067703,15.465,1.0969
20.558,20.703,0,-0.076084,15.45,0.13748
20.558,20.695,0,-0.089283,15.436,0.095323
20.465,20.686,-0.27282,-0.09903,15.413,1.0271
20.465,20.676,0,-0.1057,15.392,0.2108
20.415,20.666,-0.25363,-0.11308,15.357,0.99181
20.393,20.654,-0.23145,-2.9,15.327,38.172
20.363,20.364,-0.25449,-0.00078082,15.318,0.70708
20.363,20.364,0,-0.015533,15.318,0
20.363,20.363,0,-0.024019,15.318,0
20.289,20.36,-0.23507,-0.031787,15.314,0.72202
20.268,20.357,-0.42231,-0.039984,15.304,1.4786
20.228,20.353,-0.91101,-0.055648,15.296,4.5409
20.142,20.348,-1.4505,-0.091769,15.28,10.322
20,20.339,-2.1102,-0.15153,15.249,22.223
20,20.323,0,-0.23776,15.216,0.17959
19.517,20.3,-3.4301,-3.4503,15.138,0.054708
19.171,19.955,-3.7165,-0.35071,15.063,99.611
18.799,19.919,-3.9458,-0.50575,14.969,122.94
18.406,19.869,-3.8432,-3.9153,14.838,0
18.028,19.477,-3.1421,-3.2135,14.7,0
17.711,19.156,-2.338,-2.9,14.565,2.131
17.468,18.866,-1.5597,-2.9,14.419,4.058
17.309,18.576,-0.87296,-0.57231,14.294,5.6877
17.223,18.519,-0.416,-2.9,14.167,16.551
17.182,18.229,-0.31778,-4.4,14.042,249.46
17.144,17.789,-0.11717,-0.28927,13.949,1.0117
17.134,17.76,0.17641,-0.28245,13.881,0.37562
17.143,17.732,0.55762,-4.4,13.818,236.18
17.143,17.292,0,-0.045177,13.781,0.21158
17.143,17.287,0,-0.003348,13.766,0.29947
17.399,17.287,1.3017,0.021282,13.786,0.79073
17.399,17.289,0,0.047591,13.797,0
17.675,17.294,1.2662,0.072742,13.846,0.7482
17.803,17.301,1.1058,0.096144,13.892,0.28847
17.911,17.311,0.86114,0.11515,13.951,0
17.992,17.322,0.63917,0.12898,14.007,0
18.06,17.335,0.53825,0.14001,14.083,0
18.119,17.349,0.60676,0.14924,14.16,0
18.119,17.364,0,0.15808,14.236,0
18.119,17.38,0,0.17052,14.311,0
18.369,17.397,1.5112,0.19057,14.413,2.0421
18.515,17.416,1.7394,0.21636,14.516,3.2868
18.687,17.437,1.9134,0.24712,14.627,4.442
18.877,17.462,2.0614,0.28151,14.767,5.5874
18.877,17.49,0,0.31969,14.907,0
19.293,17.522,2.0961,0.35698,15.082,6.4584
19.504,17.558,2.0399,0.39517,15.263,6.4201
19.71,17.597,1.9728,0.43224,15.456,6.2866
19.913,17.641,1.8768,0.46898,15.68,5.9318
20.111,17.688,1.8402,0.50419,15.907,5.9552
20.304,17.738,1.8804,0.53896,16.163,6.4906
20.304,17.792,0,0.57172,16.417,0
20.304,17.849,0,0.60772,16.666,0
20.891,17.91,1.9811,0.64445,16.996,8.0134
21.088,17.974,1.9796,0.67998,17.307,8.2532
21.282,18.042,1.9797,0.7146,17.629,8.4864
21.473,18.114,1.9774,0.74817,17.954,8.6871
21.473,18.189,0,0.7851,18.286,0
21.87,18.267,1.9638,0.81844,18.651,9.015
22.074,18.349,1.9512,0.85429,19.008,9.1335
22.074,18.434,0,0.88964,19.376,0
22.471,18.523,1.8619,0.9233,19.778,8.7562
22.663,18.616,1.7792,0.956,20.187,8.2108
22.836,18.711,1.7221,0.98293,20.587,7.8227
23.01,18.81,1.672,1.0104,21.012,7.4742
23.167,18.911,1.5969,1.033,21.435,6.8861
23.333,19.014,1.5176,1.0571,21.862,6.2845
23.491,19.12,1.4728,1.079,22.305,5.9265
23.491,19.228,0,1.0981,22.737,0
23.791,19.337,1.3475,1.1165,23.18,4.9183
23.927,19.449,1.3333,1.1305,23.618,4.7587
24.054,19.562,1.3149,1.1419,24.066,4.5435
24.183,19.676,1.3004,1.1532,24.507,4.3707
24.183,19.792,0,1.165,24.952,0
24.434,19.908,1.2177,1.1725,25.403,3.6184
24.552,20.025,1.172,1.1799,25.862,3.2056
24.552,20.143,0,1.1862,26.309,0
24.552,20.262,0,1.1906,26.744,0
24.887,20.381,1.0226,1.1929,27.203,1.9297
24.989,20.5,1,1.1938,27.644,1.6973
25.086,20.62,0.96399,1.1937,28.096,1.374
25.177,20.739,0.95664,1.191,28.541,1.2368
25.177,20.858,0,1.1897,28.979,0
25.36,20.977,0.83892,1.1861,29.431,0.34966
25.449,21.096,0.80535,1.1827,29.876,0.078553
25.449,21.214,0,1.1746,30.306,0
25.593,21.331,0.68138,1.166,30.751,0
25.652,21.448,0.65271,1.1535,31.167,0
25.713,21.563,0.66708,1.1423,31.593,0
25.779,21.678,0.64729,1.1322,32.01,0
25.779,21.791,0,1.1221,32.415,0
25.779,21.903,0,1.112,32.808,0
25.779,22.014,0,1.0989,33.19,0
25.779,22.124,0,1.0886,33.561,0
26.083,22.233,0.52082,1.0753,34.008,0
26.083,22.34,0,1.0638,34.388,0
26.193,22.447,0.49001,1.0503,34.774,0
26.235,22.552,0.47028,1.0341,35.136,0
26.235,22.655,0,1.0216,35.499,0
26.235,22.757,0,1.0055,35.852,0
26.235,22.858,0,0.9921,36.195,0
26.409,22.957,0.42212,0.97473,36.56,0
26.443,23.055,0.4292,0.9579,36.902,0
26.489,23.15,0.44469,0.94484,37.234,0
26.53,23.245,0.49954,0.93061,37.57,0
26.53,23.338,0,0.92149,37.893,0
26.629,23.43,0.43096,0.90843,38.229,0
26.672,23.521,0.4018,0.89576,38.553,0
26.672,23.611,0,0.88147,38.863,0
26.754,23.699,0.31424,0.87009,39.188,0
26.795,23.786,0.35693,0.85752,39.486,0
26.833,23.871,0.30593,0.8448,39.791,0
26.857,23.956,0.27842,0.82797,40.084,0
26.885,24.039,0.26291,0.81293,40.371,0
26.885,24.12,0,0.79795,40.652,0
26.885,24.2,0,0.77885,40.924,0
26.885,24.278,0,0.75802,41.189,0
26.933,24.354,0.036886,0.7383,41.473,0
26.933,24.427,0,0.72073,41.727,0
26.933,24.499,0,0.70198,41.974,0
26.945,24.57,0.0019589,0.68088,42.232,0
26.945,24.638,0,0.66092,42.466,0
26.936,24.704,-0.023304,0.64007,42.695,0
26.941,24.768,-0.025564,0.62328,42.908,0
26.931,24.83,-0.051883,0.60257,43.12,0
26.935,24.89,-0.032314,0.5866,43.328,0
26.935,24.949,-0.070684,0.56993,43.532,0
26.935,25.006,0,0.55204,43.728,0
26.935,25.061,0,0.53413,43.918,0
26.935,25.115,0,0.51605,44.103,0
26.907,25.166,-0.15946,0.4999,44.263,0
26.907,25.216,0,0.47963,44.434,0
26.907,25.264,0,0.45798,44.601,0
26.907,25.31,0,0.43709,44.763,0
26.809,25.354,-0.29597,0.41834,44.931,0
26.777,25.396,-0.33352,0.39686,45.064,0
26.777,25.435,0,0.37832,45.201,0
26.714,25.473,-0.36865,0.35638,45.311,0
26.714,25.509,0,0.3374,45.433,0
26.655,25.542,-0.41056,0.31961,45.553,0
26.607,25.574,-0.40143,0.29678,45.668,0
26.607,25.604,0,0.27433,45.769,0
26.52,25.632,-0.34332,0.2553,45.853,0
26.483,25.657,-0.30221,0.23727,45.929,0
26.461,25.681,-0.24135,0.22426,46.009,0
26.436,25.703,-0.20318,0.21047,46.076,0
26.417,25.724,-0.16528,0.19902,46.151,0
26.403,25.744,-0.13078,0.18916,46.21,0
26.397,25.763,-0.13655,0.18205,46.278,0
26.397,25.781,0,0.17524,46.341,0
26.397,25.799,0,0.16335,46.402,0
26.397,25.815,0,0.15347,46.461,0
26.338,25.831,-0.11014,0.14574,46.511,0
26.335,25.845,-0.095093,0.1408,46.568,0
26.335,25.859,0,0.13275,46.616,0
26.321,25.872,-0.081341,0.12888,46.647,0
26.317,25.885,-0.085607,0.12406,46.692,0
26.31,25.898,-0.0431,0.11828,46.733,0
26.312,25.91,0.0088548,0.1157,46.776,0
26.312,25.921,0.037302,0.11231,46.814,0
26.317,25.932,0.077254,0.11061,46.848,0
26.334,25.943,0.12101,0.11208,46.883,0
26.342,25.955,0.15271,0.11123,46.918,0
26.361,25.966,0.17506,0.1135,46.96,0
26.381,25.977,0.20603,0.11598,46.999,0
26.394,25.989,0.22943,0.11646,47.038,0
26.394,26,0,0.12219,47.078,0
26.394,26.013,0,0.12357,47.117,0
26.394,26.025,0,0.1291,47.155,0
26.5,26.038,0.25603,0.13265,47.215,0
26.528,26.051,0.24752,0.13694,47.255,0
26.557,26.065,0.22523,0.14144,47.301,0
26.585,26.079,0.20403,0.14542,47.344,0
26.611,26.093,0.19554,0.1485,47.386,0
