0,0,-0.042907,0,35.5,0.090159
0,0,0,7.8,35.5,59.103
-0.0069338,0.78,-0.035778,7.8,35.468,60.791
-0.00060246,1.56,-0.028133,7.8,35.352,62.361
0.0036354,2.34,-0.030848,7.8,35.152,90.319
-0.0083444,3.12,-0.027941,7.8,34.884,91.937
-0.0045269,3.9,0.0063775,7.8,34.522,93.456
-0.0092019,4.68,-0.030352,7.8,34.088,95.142
-0.020974,5.46,-0.025053,7.8,33.584,96.754
-0.020974,6.24,0,6.7,32.997,95.989
-0.020974,6.91,0,6.7,32.337,97.362
-0.018933,7.58,-0.052478,6.7,31.6,98.842
-0.025845,8.25,-0.018731,-0.43834,30.8,85.159
-0.025845,8.2062,0,-0.45351,29.974,84.998
-0.044434,8.1608,-0.02736,-0.47005,29.162,84.966
-0.038825,8.1138,-0.013809,-0.48653,28.341,84.795
-0.04293,8.0652,-0.017895,-0.50438,27.528,84.675
-0.050426,8.0147,-0.013881,-0.52342,26.72,84.538
-0.050426,7.9624,0,-0.5433,25.917,84.36
-0.067962,7.908,-0.015922,-0.56474,25.125,84.273
-0.059691,7.8516,-0.020006,-0.5858,24.338,84.104
-0.065796,7.793,-0.022617,-0.60908,23.559,83.953
-0.072799,7.7321,-0.026416,-0.63385,22.783,83.799
-0.085402,7.6687,-0.027587,-0.66071,22.011,83.641
-0.083888,7.6026,-0.024771,-0.68837,21.236,83.438
-0.077397,7.5338,-0.027594,-0.71759,20.463,83.228
-0.077397,7.462,0,-0.74841,19.705,82.958
-0.077397,7.3872,0,-0.78158,18.955,82.735
-0.077397,7.309,0,-0.81718,18.212,82.5
-0.088051,7.2273,-0.040747,-0.8551,17.481,82.36
-0.097852,7.1418,-0.046335,-0.89688,16.745,82.129
-0.10179,7.0521,-0.039167,-0.94014,16.024,81.847
-0.10243,6.9581,-0.027579,-0.98497,15.319,81.538
-0.10243,6.8596,0,-1.0341,14.618,81.174
-0.10243,6.7562,0,-1.0861,13.927,80.853
-0.10243,6.6476,0,-1.1424,13.247,80.512
-0.10522,6.5333,-0.024556,-1.2012,12.557,80.212
-0.10185,6.4132,-0.029145,-1.2622,11.902,79.84
-0.10387,6.287,-0.027815,-1.3302,11.248,79.44
-0.10722,6.154,-0.022229,-1.4018,10.612,79.012
-0.11931,6.0138,-0.022683,-1.4784,9.996,78.589
-0.11385,5.866,-0.018412,-1.5575,9.3835,78.1
-0.12292,5.7102,-0.017475,-1.64,8.8023,77.624
-0.11872,5.5462,-0.022786,-1.7243,8.2301,77.113
-0.11116,5.3738,-0.025969,-8.8,7.6738,61.883
-0.11116,4.4938,0,-8.8,7.1693,60.024
-0.11116,3.6138,0,-8.8,6.7528,58.22
-0.11149,2.7338,-0.02981,-0.60578,6.4327,73.698
-0.11071,2.6732,-0.024621,-8.8,6.1533,56.343
-0.11071,1.7932,0,-0.29721,5.919,72.354
-0.13331,1.7635,-0.031905,-8.8,5.7277,54.54
-0.14181,0.88349,-0.030333,-0.081604,5.5755,71.069
-0.15003,0.87533,-0.03521,-0.03521,5.4828,71.177
-0.15131,0.87181,-0.034564,-8.8,5.3762,52.754
-0.16355,0,-0.018738,-0.018738,5.3223,69.41
-0.16879,0,-0.00088536,-0.00088536,5.3065,69.421
-0.16079,0,0.0090894,0.0090894,5.297,69.405
-0.16978,0.00090894,0.025466,0.025466,5.2868,69.425
-0.16978,0.0034556,0,0.051301,5.2696,69.538
-0.16978,0.0085857,0,0.073741,5.252,69.596
-0.15359,0.01596,0.1062,0.1062,5.2322,69.423
-0.14086,0.026579,0.13592,0.13592,5.2058,69.418
-0.14086,0.040171,0,0.16275,5.1884,69.788
-0.14086,0.056446,0,0.16922,5.1695,69.835
-0.14086,0.073368,0,0.16293,5.1489,69.857
-0.14086,0.089661,0,0.15159,5.1267,69.866
-0.072838,0.10482,0.14302,0.14302,5.1254,69.439
-0.053543,0.11912,0.12691,0.12691,5.1137,69.429
-0.035545,0.13181,0.11492,0.11492,5.1034,69.418
-0.033095,0.1433,0.11808,0.11808,5.0946,69.437
-0.015835,0.15511,0.10633,-8.8,5.0735,50.711
-0.015145,0,0.096344,0.096344,5.0923,69.106
-0.0084289,0.0096344,0.089424,0.089424,5.0881,69.112
-0.0072689,0.018577,0.096048,0.096048,5.0852,69.128
0.0083588,0.028182,0.10985,0.10985,5.0833,0.040863
0.026202,0.039166,0.11054,0.11054,5.0898,0.026674
0.026202,0.05022,0,0.11835,5.0879,0.33937
0.046008,0.062055,0.15625,0.15625,5.0783,0.033042
0.053614,0.07768,0.23177,0.23177,5.0768,0.049654
0.084099,0.10086,0.37783,0.37783,5.0749,0.034501
0.084099,0.13864,0,0.63562,5.0713,2.4161
0.18797,0.2022,0.96917,-8.8,5.0874,0
0.29481,0,1.3574,1.3574,5.1359,0
0.43034,0.13574,1.7193,1.7193,5.1694,0
0.43034,0.30767,0,1.9887,5.1903,10.583
0.80295,0.50654,2.1817,-8.8,5.2385,0
0.80295,0,0,2.3151,5.3121,9.8419
1.2532,0.23151,2.3735,2.3735,5.4254,0
1.2532,0.46886,0,2.3968,5.5157,10.594
1.727,0.70854,2.4253,2.4253,5.6419,0
1.9704,0.95106,2.4351,4.9,5.7486,7.2654
1.9704,1.4411,0,4.3259,5.826,30.411
2.4536,1.8736,2.3743,-8.8,5.9204,3.4555
2.4536,0.99365,0,4.9,6.0224,30.733
2.4536,1.4836,0,4.9,6.1439,33.805
3.1383,1.9736,2.2345,4.1538,6.3247,3.805
3.3605,2.389,2.2435,2.5571,6.4335,0
3.5901,2.6447,2.2773,2.126,6.5241,0
3.5901,2.8573,0,1.9149,6.608,7.1173
4.0453,3.0488,2.4069,1.8127,6.7124,0
4.2771,3.2301,2.4445,1.7551,6.8242,0
4.522,3.4056,2.4275,1.7372,6.9319,0
4.7691,3.5793,2.4105,1.7298,7.0509,0
5.0099,3.7523,2.3671,1.714,7.1644,0
5.243,3.9237,2.3196,1.6953,7.2921,0
5.4837,4.0932,2.2817,1.6918,7.4244,0
5.7138,4.2624,2.234,1.6787,7.5678,0
5.9349,4.4303,2.1058,1.6616,7.7244,0
6.1392,4.5965,1.9317,1.632,7.8863,0
6.1392,4.7596,0,1.5925,8.0324,2.301
6.4982,4.9189,1.6037,1.5442,8.1987,0
6.4982,5.0733,0,1.5038,8.3489,1.6456
6.8003,5.2237,1.2662,1.4422,8.5155,0
6.8003,5.3679,0,1.381,8.666,0.98976
7.0447,5.506,1.1974,1.3319,8.8339,0
7.1562,5.6392,1.1061,1.2806,8.9826,0
7.2608,5.7673,1.0598,1.2331,9.1385,0
7.3684,5.8906,0.95844,1.1956,9.2939,0
7.4644,6.0101,0.84924,1.153,9.4346,0
7.5589,6.1255,0.72741,1.1159,9.578,0
7.5589,6.237,0,1.0735,9.7158,0
7.7104,6.3444,0.62499,1.0292,9.8618,0
7.7765,6.4473,0.58252,0.98607,9.9887,0
7.7765,6.5459,0,0.93807,10.117,0
7.7765,6.6397,0,0.89157,10.235,0
7.905,6.7289,0.19313,0.83981,10.368,0
7.9337,6.8129,-0.0088292,0.79174,10.484,0
7.9337,6.892,0,0.73145,10.592,0
7.9189,6.9652,-0.28022,0.66096,10.696,0.59585
7.8919,7.0313,-0.32523,0.59142,10.785,0.79469
7.8497,7.0904,-0.35748,0.51772,10.86,0.9428
7.8212,7.1422,-0.33819,0.46025,10.936,0.85184
7.7842,7.1882,-0.34482,0.40191,11.006,0.88935
7.7487,7.2284,-0.37033,0.34927,11.064,1.0154
7.7141,7.2633,-0.38251,0.30153,11.122,1.0822
7.6758,7.2935,-0.37419,0.25466,11.155,1.0551
7.6758,7.319,0,0.20857,11.192,0
7.5943,7.3398,-0.37318,0.16869,11.226,1.0807
7.5943,7.3567,0,0.13484,11.25,0
7.519,7.3702,-0.332,0.098275,11.267,0.93811
7.4853,7.38,-0.35345,0.069528,11.287,1.0407
7.45,7.387,-0.35187,0.04158,11.305,1.0485
7.4178,7.3911,-0.35183,0.017622,11.304,1.0609
7.3786,7.3929,-0.33775,-0.0035013,11.314,1.0419
7.3544,7.3925,-0.32918,-0.0093534,11.319,1.0546
7.3544,7.3916,0,-0.018145,11.315,0.038092
7.2859,7.3898,-0.31834,-0.025529,11.304,1.1401
7.2536,7.3872,-0.28661,-0.032928,11.286,1.0739
7.2225,7.3839,-0.16769,-0.03987,11.268,0.70918
7.2089,7.3799,0.043872,-0.042307,11.252,0.16959
7.2188,7.3757,0.29786,-0.038834,11.244,0
7.2424,7.3718,0.5095,-0.03212,11.222,0
7.2424,7.3686,0,-0.017139,11.209,0.22768
7.37,7.3669,0.75121,0.002033,11.207,0
7.4468,7.3671,0.73413,0.052416,11.208,0
7.4468,7.3723,0,0.1006,11.215,0.069046
7.4468,7.3824,0,0.14427,11.222,0.20249
7.4468,7.3968,0,0.18631,11.228,0.35292
7.756,7.4155,0.75757,0.22318,11.3,0
7.756,7.4378,0,0.25897,11.333,0
7.9182,7.4637,0.83424,0.29684,11.392,0
7.9965,7.4934,0.85767,0.32782,11.447,0
8.0812,7.5261,0.87531,0.36054,11.502,0
8.1664,7.5622,0.85045,0.3914,11.568,0
8.2558,7.6013,0.80278,0.42227,11.63,0
8.3356,7.6436,0.76242,0.44485,11.702,0
8.3356,7.6881,0,0.466,11.769,0
8.5014,7.7347,0.80673,0.48892,11.856,0
8.5738,7.7835,0.84928,0.50188,11.944,0
8.6649,7.8337,0.88173,0.52548,12.027,0
8.6649,7.8863,0,0.54349,12.108,0
8.8328,7.9406,0.91532,0.55844,12.199,0
8.9158,7.9965,0.91524,0.57262,12.293,0
8.9158,8.0537,0,0.59287,12.382,0
8.9158,8.113,0,0.60768,12.465,0
9.1951,8.1738,0.95811,0.62606,12.581,0
9.2924,8.2364,0.95341,0.6439,12.688,0
9.2924,8.3008,0,0.65442,12.79,0
9.2924,8.3662,0,0.66527,12.886,0
9.5525,8.4328,0.69801,0.67128,13.01,0
9.5525,8.4999,0,0.66926,13.118,0
9.6738,8.5668,0.23602,0.65671,13.245,0
9.6738,8.6325,0,0.62604,13.352,0
9.6738,8.6951,0,0.58118,13.453,0
9.6728,8.7532,-0.28951,0.53736,13.558,0.22347
9.6347,8.8069,-0.38659,0.48182,13.654,0.69851
9.5964,8.8551,-0.45872,0.42956,13.725,1.0912
9.5596,8.8981,-0.49086,0.38213,13.802,1.2972
9.5139,8.9363,-0.54552,0.33262,13.865,1.6344
9.4593,8.9696,-0.5554,0.28126,13.92,1.7355
9.4033,8.9977,-0.5423,0.23249,13.97,1.7102
9.3511,9.0209,-0.50256,0.18876,14,1.5435
9.2938,9.0398,-0.46292,0.14494,14.024,1.3924
9.2513,9.0543,-0.45164,0.11232,14.05,1.3747
9.2513,9.0655,0,0.08236,14.069,0
9.2513,9.0738,0,0.049464,14.087,0
9.123,9.0787,-0.4273,0.025192,14.089,1.3628
9.123,9.0812,0,0.0042383,14.094,0
9.123,9.0817,0,-0.0083809,14.098,0
8.9995,9.0808,-0.35782,-0.017367,14.088,1.267
8.9656,9.0791,-0.36564,-0.024249,14.08,1.369
8.9254,9.0767,-0.37514,-0.032387,14.063,1.492
8.8925,9.0734,-0.40117,-0.038824,14.039,1.674
8.8501,9.0695,-0.42129,-0.047171,14.021,1.8544
8.8501,9.0648,0,-0.057126,13.999,0.3258
8.7586,9.0591,-0.37783,-0.064907,13.97,1.8306
8.7297,9.0526,-0.41375,-0.070011,13.931,2.0505
8.6974,9.0456,-0.43745,-0.075811,13.888,2.2245
8.6517,9.038,-0.49773,-0.084466,13.846,2.6309
8.6517,9.0296,0,-0.094476,13.808,0.59611
8.5456,9.0201,-0.68452,-0.1046,13.76,4.007
8.4759,9.0097,-0.74807,-0.11809,13.719,4.6218
8.4035,8.9979,-0.81633,-0.13221,13.662,5.3172
8.4035,8.9846,0,-0.14767,13.603,0.92618
8.4035,8.9699,0,-0.16706,13.546,0.83937
8.1251,8.9532,-1.0234,-0.18791,13.453,7.8705
8.1251,8.9344,0,-0.20738,13.372,1.3083
7.9294,8.9136,-1.0687,-0.22737,13.27,8.8054
7.8246,8.8909,-0.98431,-0.24856,13.176,8.1751
7.7163,8.8661,-0.85291,-0.27068,13.073,7.1583
7.7163,8.839,0,-0.28863,12.96,1.8553
7.5529,8.8101,-0.6071,-0.3026,12.846,5.4157
7.4869,8.7799,-0.50669,-0.31533,12.715,4.7847
7.4869,8.7483,0,-0.32556,12.587,2.101
7.3944,8.7158,-0.41247,-0.33043,12.463,4.2134
7.3944,8.6827,0,-0.33909,12.333,2.1272
7.316,8.6488,-0.38176,-0.34266,12.194,4.0087
7.316,8.6146,0,-0.34827,12.063,2.1233
7.316,8.5797,0,-0.35581,11.934,2.005
7.1924,8.5441,-0.37162,-0.36193,11.803,3.9173
7.1924,8.508,0,-0.3657,11.67,2.1097
7.1924,8.4714,0,-0.37166,11.54,1.993
7.089,8.4342,-0.38599,-0.3755,11.412,3.9042
7.0419,8.3967,-0.40344,-0.38348,11.283,3.9962
7.0419,8.3583,0,-0.388,11.149,2.0377
7.0419,8.3195,0,-0.39758,11.019,1.9061
6.9046,8.2798,-0.43204,-0.40778,10.869,4.1067
6.8611,8.239,-0.38598,-0.41531,10.727,3.8137
6.8132,8.1974,-0.27098,-0.42408,10.587,3.197
6.78,8.155,-0.11622,-0.42757,10.456,2.4797
6.7657,8.1123,0.042301,-0.42491,10.328,1.8644
6.7657,8.0698,0,-0.41789,10.195,1.9098
6.7965,8.028,0.34587,-0.40093,10.065,1.0042
6.8319,7.9879,0.42022,-0.38213,9.9404,0.81308
6.8826,7.9497,0.46446,-0.35754,9.8284,0.66617
6.9326,7.9139,0.4992,-0.33274,9.729,0.54569
6.9754,7.8807,0.53342,-0.31028,9.639,0.44766
7.0216,7.8496,0.55021,-0.2869,9.5515,0.36186
7.0216,7.821,0,-0.26165,9.4701,1.1293
7.0216,7.7948,0,-0.2353,9.3915,1.1399
7.1893,7.7713,0.59179,-0.20728,9.3314,0.11359
7.251,7.7505,0.54698,-0.17913,9.277,0.028867
7.3069,7.7326,0.53247,-0.15368,9.2249,0
7.3611,7.7172,0.56779,-0.12913,9.1885,0
7.4155,7.7043,0.59967,-0.10516,9.1561,0
7.4809,7.6938,0.63336,-0.077901,9.1216,0
7.4809,7.686,0,-0.051192,9.1007,0.31899
7.62,7.6809,0.6526,-0.022374,9.0894,0
7.6834,7.6787,0.59694,0.0024027,9.0832,0
7.6834,7.6789,0,0.032554,9.0836,0.061529
7.7907,7.6822,0.38316,0.055224,9.0864,0
7.7907,7.6877,0,0.075072,9.097,0
7.7907,7.6952,0,0.079383,9.1069,0
7.8605,7.7031,-0.10805,0.080117,9.137,0.10458
7.8477,7.7111,-0.24569,0.069465,9.1482,0.54441
7.8258,7.7181,-0.346,0.054799,9.1616,0.94515
7.7936,7.7236,-0.40445,0.035656,9.18,1.2258
7.7495,7.7271,-0.42618,0.011364,9.1853,1.3668
7.7088,7.7283,-0.42805,-0.0070656,9.1819,1.4264
7.6676,7.7276,-0.44736,-0.021823,9.1791,1.5788
7.616,7.7254,-0.44191,-0.039893,9.1646,1.6309
7.616,7.7214,0,-0.056686,9.1539,0.097092
7.616,7.7157,0,-0.067479,9.1436,0.063618
7.484,7.709,-0.45186,-0.082645,9.1092,1.8576
7.484,7.7007,0,-0.096363,9.0871,0.24192
7.388,7.6911,-0.45283,-0.11186,9.0706,1.9831
7.3429,7.6799,-0.45929,-0.12486,9.0408,2.0658
7.2872,7.6674,-0.44825,-0.1415,9.007,2.0766
7.2872,7.6533,0,-0.15452,8.9696,0.42724
7.1984,7.6378,-0.46117,-0.16562,8.9147,2.2229
7.15,7.6212,-0.46819,-0.17856,8.8737,2.3029
7.0976,7.6034,-0.43337,-0.1932,8.8169,2.177
7.0976,7.5841,0,-5.2,8.7672,102.44
7.0107,7.0641,-0.20628,-0.01913,8.7305,0.62091
6.9904,7.0622,-0.027817,-0.025754,8.7277,0.155
6.9824,7.0596,0.15779,-0.027724,8.7187,0
6.998,7.0568,0.31205,-0.021106,8.7202,0
7.029,7.0547,0.38841,-0.0092272,8.7191,0
7.029,7.0538,0,0.0036903,8.7166,0.0592
7.029,7.0541,0,0.023117,8.7141,0.10328
7.1252,7.0565,0.3626,0.038886,8.7284,0
7.1521,7.0603,0.37079,0.05192,8.7323,0
7.1521,7.0655,0,0.068007,8.7412,0
7.2262,7.0723,0.35086,0.086964,8.7503,0
7.2643,7.081,0.27793,0.10346,8.7603,0
7.2643,7.0914,0,0.11367,8.7781,0
7.2643,7.1027,0,0.11793,8.7948,0
7.2643,7.1145,0,0.11177,8.8104,0
7.2802,7.1257,-0.46605,0.087162,8.8616,1.4674
7.2297,7.1344,-0.67358,0.053691,8.8709,2.6448
7.2297,7.1398,0,0.016657,8.8802,0
7.0851,7.1415,-0.93219,-0.019927,8.8695,4.6588
6.9857,7.1395,-1.0849,-0.054502,8.8542,6.214
6.8776,7.134,-1.3254,-0.091121,8.8351,9.032
6.7442,7.1249,-1.5025,-0.13595,8.8019,11.626
6.6011,7.1113,-1.6487,-0.18316,8.7631,14.129
6.4419,7.093,-1.7652,-0.23572,8.7033,16.416
6.2674,7.0694,-1.782,-0.29357,8.6269,17.052
6.0848,7.0401,-1.6416,-0.35447,8.5324,14.971
5.9147,7.0046,-1.5503,-5.2,8.4215,28.344
5.7577,6.4846,-1.4991,-0.25656,8.3346,12.425
5.6069,6.459,-1.3703,-0.30378,8.2625,10.937
5.4643,6.4286,-1.265,-5.2,8.1763,15.497
5.4643,5.9086,0,-0.1923,8.1059,0.5082
5.2078,5.8894,-1.1341,-0.23048,8.031,7.9142
5.0871,5.8663,-0.98037,-0.26607,7.9637,6.6004
4.9954,5.8397,-0.86438,-8.8,7.8901,3.2811
4.9008,4.9597,-0.70724,-0.017204,7.8419,3.0406
4.8336,4.958,-0.51698,-0.03633,7.8408,2.0676
4.8336,4.9544,0,-0.051479,7.8286,0.13947
4.7185,4.9492,-0.64332,-0.067894,7.7968,3.0025
4.7185,4.9424,0,-0.084368,7.774,0.2833
4.5663,4.934,-1.1334,-0.10913,7.7403,7.3191
4.5663,4.9231,0,-0.14235,7.704,0.43469
4.3059,4.9088,-1.7083,-0.18237,7.6269,15.718
4.1264,4.8906,-2.0056,-0.23375,7.5572,21.927
3.9329,4.8672,-2.2735,-0.28975,7.4711,9.3926
3.6997,4.8382,-2.5187,-8.8,7.3768,0
3.4457,3.9582,-2.745,-0.13224,7.2949,8.7828
3.4457,3.945,0,-0.20035,7.2443,0.60723
2.8901,3.925,-2.9981,-0.27457,7.1331,9.6232
2.5816,3.8975,-2.9232,-0.3555,7.0231,9.7076
2.5816,3.862,0,-8.8,6.8933,0
2.5816,2.982,0,-0.20646,6.8093,0.38728
1.7939,2.9613,-1.7937,-0.25703,6.642,6.9261
1.6172,2.9356,-1.552,-0.2972,6.5104,6.6294
1.6172,2.9059,0,-8.8,6.38,0
1.6172,2.0259,0,-0.11362,6.2952,0.6173
1.1439,2.0145,-2.0341,-0.14191,6.1934,6.3861
0.94029,2.0004,-2.2628,-0.17553,6.1061,7.0918
0.94029,1.9828,0,-0.21405,6.001,1.8929
0.47159,1.9614,-2.4538,-8.8,5.8625,0
0.2321,1.0814,-2.4462,-0.080166,5.7392,6.8751
0.2321,1.0734,0,-0.10374,5.6547,1.729
-0.24605,1.063,-2.3963,-0.12868,5.5372,7.6708
-0.24605,1.0501,0,-8.8,5.407,0
-0.72618,0.17014,-2.1847,-2.1847,5.2835,2.0598
-0.93751,0,-1.9915,-1.9915,5.1945,2.1442
-1.1356,0,-1.694,-1.694,5.0988,2.5503
-1.1356,0,0,-8.8,4.9937,0
-1.4352,0,-0.9634,-8.8,4.9018,0
-1.4352,0,0,-8.8,4.8023,0
-1.4352,0,0,-8.8,4.7028,0
-1.661,0,-0.27801,-8.8,4.5511,0
-1.6938,0,-0.21372,-8.8,4.4374,0
-1.7181,0,-0.19515,-8.8,4.302,0
-1.7374,0,-0.17945,-8.8,4.1818,0
-1.7643,0,-0.16722,-8.8,4.0492,0
-1.7643,0,0,-8.8,3.9168,0
-1.8008,0,-0.069148,-8.8,3.7784,0
-1.8117,0,0.025872,-8.8,3.6385,0
-1.8046,0,0.16988,-8.8,3.511,0
-1.8046,0,0,-8.8,3.3746,0
-1.7673,0,0.51766,-8.8,3.2373,0
-1.7673,0,0,-8.8,3.1046,0
-1.6525,0,0.72994,-8.8,2.9676,0
-1.5771,0,0.73022,-8.8,2.859,0
-1.514,0,0.74497,-8.8,2.7567,0
-1.4373,0,0.73058,-8.8,2.6573,0
-1.3732,0,0.69563,-8.8,2.5595,0
-1.3732,0,0,-8.8,2.4662,0
-1.2446,0,0.75148,-8.8,2.3868,0
-1.1735,0,0.76833,-8.8,2.3083,0
-1.0949,0,0.73371,-8.8,2.2468,0
-1.0949,0,0,-8.8,2.1813,0
-0.94501,0,0.83336,-8.8,2.1296,0
-0.85584,0,0.79506,-8.8,2.0743,0
-0.7787,0,0.6265,-8.8,2.0321,0
-0.72282,0,0.45824,-8.8,2.0063,0
-0.72282,0,0,-8.8,1.978,0
-0.66005,0,0.13595,-8.8,1.9439,0
-0.66005,0,0,-8.8,1.9219,0
-0.66005,0,0,-8.8,1.8999,0
-0.66005,0,0,-8.8,1.8779,0
-0.67817,0,-0.27317,-8.8,1.8532,0
-0.70244,0,-0.43009,-8.8,1.8277,0
-0.73825,0,-0.47819,-8.8,1.7982,0
-0.79595,0,-0.46794,-8.8,1.7723,0
-0.84303,0,-0.4415,-8.8,1.7392,0
-0.88984,0,-0.39122,-8.8,1.6933,0
-0.93011,0,-0.35067,-8.8,1.6531,0
-0.96583,0,-0.38155,-8.8,1.6071,0
-1.0079,0,-0.42888,-8.8,1.5514,0
-1.0589,0,-0.44229,-8.8,1.4952,0
-1.0589,0,0,-8.8,1.4333,0
-1.145,0,-0.39781,-8.8,1.3678,0
-1.1751,0,-0.37014,-8.8,1.3003,0
-1.213,0,-0.39292,-8.8,1.2343,0
-1.2457,0,-0.42724,-8.8,1.1512,0
-1.2883,0,-0.4089,-8.8,1.0752,0
-1.3311,0,-0.43088,-8.8,0.98055,0
-1.3311,0,0,-8.8,0.89144,0
-1.4279,0,-0.33954,-8.8,0.79354,0
-1.4521,0,-0.26931,-8.8,0.69158,0
-1.4865,0,-0.26786,-8.8,0.5866,0
-1.5168,0,-0.30914,-8.8,0.47501,0
-1.5537,0,-0.36489,-8.8,0.36338,0
-1.5988,0,-0.37344,-8.8,0.24066,0
-1.5988,0,0,-10.612,0.12477,0
-1.6573,0,-0.34583,-69.246,0.019933,0
-1.6573,0,0,-8.8,0.20043,0
-1.7151,0,-0.063532,-19.4,0.076064,0
-1.7151,0,0,9.8,1.01,24.331
-1.7151,0.98,0.24841,-8.8,0.77823,0
-1.7151,0.1,0,-8.8,0.55272,0
-1.6405,0,0.51082,-8.8,0.41963,0
-1.5853,0,0.5947,-8.8,0.30556,0
-1.5173,0,0.66997,-8.8,0.18431,0
-1.5173,0,0,-11.474,0.076579,0
-1.3868,0,0.76356,-90.526,0.010533,0
-1.3173,0,0.76033,-8.8,0.32899,0
-1.2347,0,0.77644,-8.8,0.23823,0
-1.2347,0,0,-8.8,0.15876,0
-1.0602,0,0.80894,-8.8,0.10668,0
-0.97507,0,0.78926,-8.8,0.051061,0
-0.90547,0,0.78459,-107.55,0.0037841,0
-0.90547,0,0,-8.8,0.45097,0
-0.75752,0,0.55288,-8.8,0.42287,0
-0.69567,0,0.37177,-8.8,0.39344,0
-0.65593,0,0.18644,-8.8,0.37858,0
-0.65593,0,0,-8.8,0.35699,0
-0.65593,0,0,-8.8,0.3354,0
-0.66947,0,-0.30588,-8.8,0.29914,0
-0.66947,0,0,-8.8,0.27619,0
-0.66947,0,0,-8.8,0.25325,0
-0.66947,0,0,-8.8,0.2303,0
-0.78211,0,-0.26525,-8.8,0.16455,0
-0.80139,0,-0.27014,-8.8,0.13467,0
-0.80139,0,0,-8.8,0.098533,0
-0.80139,0,0,-8.8,0.062394,0
-0.88283,0,-0.33952,-97.236,0.0040218,0
-0.91826,0,-0.33474,-8.8,0.39552,0
-0.91826,0,0,-8.8,0.34769,0
-0.9885,0,-0.26399,-8.8,0.28569,0
-1.0064,0,-0.22062,-8.8,0.23754,0
-1.0328,0,-0.22933,-8.8,0.183,0
-1.0328,0,0,-8.8,0.12372,0
-1.0328,0,0,-11.103,0.06444,0
-1.0997,0,-0.26787,9.8,1,23.632
-1.1363,0.98,-0.33628,-8.8,0.84378,0
-1.1661,0.1,-0.36948,-8.8,0.67466,0
-1.1661,0,0,-8.8,0.59205,0
-1.253,0,-0.34451,-8.8,0.51086,0
-1.2779,0,-0.32414,-8.8,0.43157,0
-1.2779,0,0,-8.8,0.34778,0
-1.348,0,-0.27441,-8.8,0.25171,0
-1.3734,0,-0.27205,-8.8,0.16282,0
-1.3976,0,-0.3314,-16.744,0.0595,0
-1.4228,0,-0.38984,-144.53,0.0070223,0
-1.4606,0,-0.37875,-8.8,0.59339,0
-1.493,0,-0.53195,-8.8,0.49392,0
-1.5382,0,-0.41492,-8.8,0.39263,0
