17.778,17.778,0.67809,0,35.5,0
17.845,17.778,0.80107,0.028494,35.511,0
17.928,17.781,0.75336,0.062011,35.52,0
18.005,17.787,0.76784,0.092156,35.546,0
18.005,17.796,0,0.11965,35.567,0
18.005,17.808,0,0.14356,35.588,0
18.005,17.822,0,0.16915,35.607,0
18.296,17.839,0.72927,0.19222,35.69,0
18.366,17.859,0.76053,0.21355,35.746,0
18.433,17.88,0.75891,0.23285,35.794,0
18.517,17.903,0.75148,0.25788,35.85,0
18.588,17.929,0.791,0.277,35.917,0
18.669,17.957,0.78874,0.29915,35.994,0
18.746,17.987,0.76243,0.31855,36.059,0
18.746,18.018,0,0.33995,36.133,0
18.912,18.052,0.74248,0.35939,36.203,0
18.977,18.088,0.7547,0.37124,36.291,0
19.06,18.125,0.74229,0.38975,36.391,0
19.143,18.164,0.66648,0.40778,36.485,0
19.213,18.205,0.65264,0.41957,36.588,0
19.213,18.247,0,0.4276,36.687,0
19.34,18.29,0.63808,0.43584,36.79,0
19.34,18.334,0,0.44401,36.893,0
19.479,18.378,0.69681,0.45551,36.988,0
19.553,18.423,0.56177,0.46675,37.101,0
19.553,18.47,0,0.47274,37.212,0
19.66,18.517,0.26532,0.47061,37.338,0
19.66,18.564,0,0.46318,37.45,0
19.697,18.611,0.00099452,0.44594,37.572,0
19.7,18.655,0.023813,0.42853,37.676,0
19.704,18.698,0.070818,0.4118,37.782,0
19.702,18.739,0.067124,0.39389,37.89,0
19.714,18.779,0.08527,0.38227,37.984,0
19.72,18.817,0.055601,0.36855,38.07,0
19.721,18.854,0.0017572,0.35325,38.163,0
19.716,18.889,-0.051756,0.33659,38.256,0
19.711,18.923,-0.083945,0.32075,38.34,0
19.707,18.955,-0.1455,0.30564,38.419,0
19.697,18.986,-0.14219,0.28886,38.493,0
19.675,19.014,-0.1507,0.26802,38.568,0
19.659,19.041,-0.17139,0.25052,38.639,0
19.635,19.066,-0.1665,0.23017,38.698,0
19.615,19.089,-0.15243,0.21276,38.747,0
19.608,19.111,-0.18001,0.20133,38.798,0
19.589,19.131,-0.17397,0.18507,38.853,0
19.562,19.149,-0.18965,0.16687,38.899,0
19.562,19.166,0,0.15632,38.94,0
19.562,19.182,0,0.14009,38.979,0
19.517,19.196,-0.19644,0.12963,39.002,0.10114
19.499,19.208,-0.20152,0.11718,39.023,0.15548
19.499,19.22,0,0.10714,39.052,0
19.464,19.231,-0.15652,0.093853,39.07,0.09671
19.464,19.24,0,0.086257,39.092,0
19.464,19.249,0,0.080023,39.114,0
19.436,19.257,-0.17037,0.071864,39.134,0.20533
19.424,19.264,-0.2172,0.064245,39.153,0.37247
19.424,19.271,0,0.050762,39.169,0
19.372,19.276,-0.29592,0.038853,39.176,0.72481
19.337,19.279,-0.33633,0.023221,39.187,0.93025
19.337,19.282,0,0.0057367,39.193,0
19.337,19.282,0,-0.0012814,39.198,0
19.236,19.282,-0.37037,-0.0041366,39.176,1.2688
19.2,19.282,-0.34853,-0.0073017,39.168,1.2705
19.2,19.281,0,-0.0099351,39.16,0.1478
19.128,19.28,-0.49082,-0.013584,39.146,2.1374
19.128,19.279,0,-0.018357,39.131,0.27846
19.015,19.277,-0.79848,-0.023434,39.102,4.4747
18.926,19.275,-1.0229,-0.03116,39.063,6.752
18.816,19.271,-1.1476,-0.04083,39.015,8.5062
18.708,19.267,-1.2066,-0.050199,38.964,9.6499
18.584,19.262,-1.3059,-0.06112,38.897,11.451
18.584,19.256,0,-0.071839,38.829,1.3849
18.32,19.249,-1.5656,-0.084099,38.747,16.54
18.165,19.241,-1.7344,-0.09778,38.644,20.311
18.165,19.231,0,-0.11256,38.537,2.3331
17.799,19.22,-1.9939,-0.13035,38.393,27.722
17.799,19.207,0,-0.14742,38.252,3.2316
17.414,19.192,-1.9545,-0.16525,38.07,28.985
17.222,19.175,-1.9693,-0.18276,37.89,30.376
17.023,19.157,-1.977,-0.20129,37.68,31.638
16.822,19.137,-1.9608,-0.22035,37.448,32.342
16.632,19.115,-1.8833,-0.23852,37.214,31.557
16.44,19.091,-1.7166,-0.25729,36.949,28.93
16.259,19.065,-1.4058,-0.27537,36.672,23.896
16.115,19.038,-1.0459,-0.29009,36.388,18.82
16.02,19.009,-0.69117,-0.30017,36.093,14.568
16.02,18.979,0,-0.30804,35.795,8.0358
15.906,18.948,-0.2244,-0.31299,35.489,10.099
15.906,18.917,0,-0.31686,35.186,8.1906
15.865,18.885,-0.10733,-0.31834,34.901,9.0202
15.85,18.853,-0.11762,-0.32038,34.605,9.0103
15.845,18.821,-0.071471,-0.32135,34.315,8.5383
15.838,18.789,0.07005,-0.32276,34.013,7.4346
15.855,18.757,0.32378,-0.32127,33.726,5.7562
15.892,18.725,0.63929,-0.31741,33.445,4.1392
15.892,18.693,0,-0.31151,33.164,7.3793
16.044,18.662,1.2624,-0.30019,32.903,2.2275
16.179,18.632,1.4039,-0.28452,32.643,1.9077
16.319,18.603,1.4334,-0.26778,32.402,1.7201
16.319,18.576,0,-0.2509,32.175,5.6437
16.319,18.551,0,-0.23318,31.951,5.648
16.739,18.528,1.3515,-0.21524,31.808,1.2646
16.869,18.506,1.3449,-0.19862,31.637,1.148
16.869,18.487,0,-0.18093,31.474,3.7627
17.143,18.469,1.3616,-0.16285,31.34,0.9745
17.143,18.452,0,-0.14607,31.209,2.9292
17.143,18.438,0,-0.12825,31.078,2.9598
17.143,18.425,0,-0.11077,30.95,2.9949
17.664,18.414,1.2807,-0.093931,30.911,0.66613
17.664,18.404,0,-0.076609,30.837,1.5486
17.664,18.397,0,-0.058973,30.763,1.5886
17.664,18.391,0,-0.04184,30.69,1.6325
18.193,18.387,1.2762,-0.024417,30.735,0.64992
18.318,18.384,1.2577,-0.0083098,30.717,0.63248
18.445,18.383,1.2507,0.021679,30.709,0.6009
18.565,18.385,1.2466,0.062792,30.72,0.53028
18.681,18.392,1.1719,0.10153,30.751,0.27304
18.801,18.402,0.95846,0.13997,30.778,0
18.897,18.416,0.71741,0.16868,30.82,0
18.897,18.433,0,0.18896,30.867,0
18.897,18.452,0,0.20019,30.913,0
19.043,18.472,0.07977,0.20015,30.973,0
19.045,18.492,0.061446,0.19381,31.036,0
19.045,18.511,0,0.19165,31.091,0
19.045,18.53,0,0.19141,31.143,0
19.094,18.549,0.07776,0.19058,31.19,0
19.095,18.568,0.052085,0.18417,31.252,0
19.095,18.587,0,0.17679,31.304,0
19.095,18.605,-0.085585,0.17142,31.349,0
19.079,18.622,-0.17845,0.15996,31.404,0
19.061,18.638,-0.23205,0.14796,31.441,0.011034
19.045,18.652,-0.28734,0.13729,31.491,0.2329
19.045,18.666,0,0.12438,31.53,0
19.045,18.679,0,0.10496,31.567,0
18.937,18.689,-0.45282,0.086726,31.587,1.1057
18.896,18.698,-0.48294,0.069277,31.605,1.3255
18.844,18.705,-0.52891,0.048487,31.616,1.649
18.797,18.71,-0.53487,0.030479,31.618,1.7664
18.797,18.713,0,0.012517,31.626,0
18.692,18.714,-0.47826,-0.0026297,31.627,1.6884
18.692,18.714,0,-0.0074251,31.625,0.027782
18.606,18.713,-0.39644,-0.013113,31.615,1.5308
18.571,18.712,-0.32146,-0.017231,31.597,1.2916
18.543,18.71,-0.24933,-0.020531,31.589,1.0724
18.512,18.708,-0.2267,-0.024133,31.578,1.0568
18.512,18.705,0,-0.027148,31.558,0.35127
18.466,18.703,-0.16072,-0.029215,31.524,0.9167
18.459,18.7,-0.17475,-0.029794,31.5,0.97458
18.45,18.697,-0.20841,-0.030463,31.478,1.1064
18.421,18.694,-0.21537,-0.03381,31.451,1.1947
18.403,18.69,-0.24019,-0.035568,31.419,1.3226
18.381,18.687,-0.29858,-0.038,31.39,1.6095
18.381,18.683,0,-0.042383,31.36,0.55793
18.313,18.679,-0.36532,-0.04555,31.317,2.0676
18.313,18.674,0,-0.050357,31.281,0.67337
18.227,18.669,-0.43061,-0.055256,31.255,2.6101
18.189,18.664,-0.42848,-0.059361,31.203,2.6881
18.189,18.658,0,-0.064458,31.156,0.88982
18.098,18.651,-0.40727,-0.069639,31.092,2.7976
18.049,18.644,-0.4142,-0.075148,31.033,2.955
18.049,18.637,0,-0.08077,30.974,1.1381
17.963,18.629,-0.41549,-0.084493,30.912,3.1637
17.913,18.62,-0.41746,-0.089977,30.85,3.294
17.861,18.611,-0.40276,-0.095741,30.775,3.3332
17.829,18.602,-0.36868,-0.099062,30.691,3.2059
17.796,18.592,-0.39585,-0.1024,30.609,3.424
17.755,18.582,-0.38119,-0.10676,30.526,3.4276
17.755,18.571,0,-0.10997,30.444,1.638
17.684,18.56,-0.29659,-0.11401,30.354,3.0984
17.684,18.548,0,-0.11726,30.267,1.7437
17.634,18.537,-0.16808,-0.11857,30.181,2.5367
17.615,18.525,-0.12607,-0.11998,30.092,2.365
17.605,18.513,-0.051124,-0.12018,29.997,2.0467
17.605,18.501,0,-0.12012,29.907,1.8197
17.611,18.489,0.15566,-0.11731,29.816,1.2823
17.625,18.477,0.2966,-0.11433,29.73,0.88403
17.646,18.466,0.45506,-0.11042,29.645,0.55323
17.686,18.455,0.54372,-0.10395,29.562,0.37823
17.745,18.444,0.58186,-0.094875,29.493,0.25856
17.804,18.435,0.62592,-0.085804,29.419,0.1541
17.87,18.426,0.7403,-0.075983,29.36,0.067534
17.953,18.419,0.84645,-0.063702,29.3,0.04136
18.036,18.412,0.9357,-0.05161,29.258,0.071295
18.036,18.407,0,-0.037133,29.22,0.73312
18.244,18.403,1.151,-0.021919,29.195,0.37233
18.244,18.401,0,-0.0056251,29.18,0.32273
18.472,18.401,1.1551,0.023833,29.182,0.35449
18.472,18.403,0,0.059361,29.189,0
18.692,18.409,1.1261,0.094591,29.217,0.17602
18.692,18.418,0,0.13069,29.245,0
18.924,18.431,1.1388,0.16468,29.299,0.10782
19.035,18.448,1.1305,0.19642,29.36,0.042142
19.139,18.468,1.1362,0.22459,29.421,0.02028
19.259,18.49,1.1335,0.25755,29.495,0
19.376,18.516,1.1427,0.28816,29.583,0
19.376,18.545,0,0.31879,29.667,0
19.605,18.576,1.1408,0.34437,29.768,0
19.725,18.611,1.139,0.37312,29.881,0
19.839,18.648,1.1264,0.39889,29.998,0
19.951,18.688,1.0085,0.42289,30.112,0
20.053,18.73,0.79962,0.44301,30.233,0
20.14,18.775,0.56256,0.45724,30.367,0
20.14,18.82,0,0.46357,30.501,0
20.23,18.867,0.086796,0.45651,30.637,0
20.238,18.912,-0.035977,0.44372,30.775,0
20.24,18.957,-0.071124,0.42952,30.906,0
20.24,19,0,0.4148,31.032,0
20.24,19.041,0,0.39596,31.154,0
20.191,19.081,-0.39546,0.37157,31.278,0
20.157,19.118,-0.61042,0.34785,31.388,0.47517
20.157,19.153,0,0.31851,31.491,0
20.022,19.185,-1.0557,0.28019,31.576,3.8047
20.022,19.213,0,0.23804,31.659,0
19.804,19.236,-1.275,0.18977,31.72,6.5298
19.672,19.255,-1.3668,0.13917,31.765,7.9393
19.527,19.269,-1.4218,0.086214,31.808,9.0079
19.39,19.278,-1.4932,0.037352,31.822,10.319
19.237,19.282,-1.5902,-0.0055974,31.824,12.211
19.077,19.281,-1.7252,-0.025582,31.818,15.168
18.904,19.279,-1.8789,-0.047122,31.78,18.881
18.707,19.274,-2.0589,-0.071509,31.733,23.746
18.497,19.267,-2.2365,-0.097308,31.673,29.247
18.497,19.257,0,-0.12386,31.596,1.4437
18.497,19.245,0,-0.15297,31.521,1.3193
17.809,19.229,-2.4847,-0.18247,31.329,40.256
17.565,19.211,-2.4662,-0.21305,31.166,41.012
17.321,19.19,-2.4215,-0.24376,30.999,40.942
17.321,19.165,0,-0.27513,30.813,4.0718
17.321,19.138,0,-0.30533,30.63,3.8411
16.611,19.107,-2.0625,-0.33611,30.321,34.621
16.404,19.074,-1.8831,-0.36399,30.056,31.306
16.404,19.037,0,-0.38957,29.791,6.2759
16.045,18.998,-1.5181,-0.41349,29.497,25.281
16.045,18.957,0,-0.43467,29.204,7.0798
15.767,18.914,-1.1678,-0.45395,28.885,20.264
15.658,18.868,-0.95634,-0.47057,28.562,17.485
15.658,18.821,0,-0.48633,28.243,7.7612
15.491,18.772,-0.55159,-0.49705,27.908,12.887
15.428,18.723,-0.45626,-0.50727,27.583,11.919
15.392,18.672,-0.45857,-0.51327,27.263,11.821
15.355,18.621,-0.57178,-0.5202,26.926,12.823
15.355,18.569,0,-0.53157,26.602,7.6901
15.209,18.515,-0.94875,-0.54555,26.259,17.211
15.114,18.461,-1.1972,-0.56206,25.929,20.802
14.998,18.405,-1.4583,-0.58308,25.582,25.268
14.847,18.346,-1.6527,-0.61046,25.233,29.248
14.681,18.285,-1.8411,-0.64148,24.877,33.599
14.505,18.221,-1.9968,-0.67549,24.506,37.623
14.311,18.154,-2.1193,-0.71388,24.122,41.161
14.311,18.082,0,-0.75667,23.741,8.5428
13.876,18.007,-2.244,-0.80326,23.339,45.545
13.66,17.926,-2.1561,-0.85043,22.925,43.518
13.442,17.841,-2.0171,-0.90024,22.495,40.254
13.24,17.751,-1.8469,-0.94884,22.048,36.38
13.048,17.656,-1.4835,-0.99687,21.6,28.967
12.9,17.557,-1.1224,-1.0377,21.137,22.737
12.797,17.453,-0.83417,-1.0699,20.666,18.402
12.724,17.346,-0.56148,-1.0949,20.209,14.832
12.678,17.236,-0.29908,-1.1149,19.74,11.845
12.678,17.125,0,-1.1292,19.29,8.9781
12.678,17.012,0,-1.1388,18.85,8.4793
12.626,16.898,0.14928,-1.1464,18.421,7.316
12.644,16.783,0.41161,-1.1459,17.994,5.6405
12.644,16.669,0,-1.1372,17.586,7.3232
12.644,16.555,0,-1.1195,17.189,7.0055
12.644,16.443,0,-1.0918,16.804,6.7503
12.953,16.334,1.1634,-1.0512,16.478,2.8876
13.064,16.229,1.0987,-1.0102,16.149,2.6776
13.169,16.128,1.0108,-0.96771,15.846,2.4767
13.267,16.031,0.89332,-0.92597,15.556,2.2946
13.354,15.939,0.7158,-0.88491,15.293,2.1775
13.42,15.85,0.56689,-0.85048,15.038,2.1201
13.483,15.765,0.43858,-0.81563,14.796,2.0874
13.528,15.683,0.29206,-0.78598,14.565,2.1544
13.528,15.605,0,-0.75998,14.354,2.8129
13.562,15.529,0.068691,-0.74356,14.157,2.3757
13.562,15.454,0,-0.7252,13.964,2.4493
13.574,15.382,-0.031026,-0.70612,13.796,2.3919
13.574,15.311,0,-0.68924,13.619,2.1741
13.574,15.242,0,-0.67357,13.448,2.0529
13.56,15.175,-0.035997,-0.66105,13.289,2.0618
13.56,15.109,0,-0.64175,13.131,1.8577
13.552,15.045,-0.020727,-0.62969,12.98,1.8169
13.552,14.982,0,-0.61387,12.834,1.6596
13.552,14.92,-0.022673,-0.59334,12.693,1.6292
13.552,14.861,0,-0.57338,12.559,1.4891
13.552,14.804,0,-0.55914,12.431,1.3975
13.552,14.748,0,-4.4,12.309,182.56
13.522,14.308,-0.07604,-0.34703,12.216,1.074
13.523,14.273,-0.16452,-4.4,12.134,305.68
13.498,13.833,-0.30188,-0.14509,12.082,1.286
13.466,13.819,-0.46414,-0.15354,12.042,2.0083
13.413,13.803,-0.69715,-0.17073,12.007,3.3644
13.335,13.786,-0.95313,-0.198,11.973,5.3433
13.231,13.766,-1.1601,-0.23603,11.927,7.3941
13.117,13.743,-1.345,-0.27704,11.876,9.5948
12.989,13.715,-1.4749,-4.4,11.799,0
12.836,13.275,-1.3251,-0.19072,11.748,9.1197
12.836,13.256,0,-0.24555,11.705,0.34943
12.579,13.231,-0.79271,-0.28699,11.628,4.3526
12.498,13.203,-0.49761,-4.4,11.556,521.41
12.498,12.763,0,-0.13258,11.508,0.26355
12.431,12.75,-0.18091,-0.13801,11.463,0.84547
12.417,12.736,-0.16695,-0.13866,11.429,0.80082
12.408,12.722,-0.17817,-0.13701,11.395,0.82817
12.408,12.708,0,-0.13944,11.365,0.32302
12.408,12.694,0,-4.4,11.335,448.29
12.357,12.254,-0.091003,0.029275,11.321,0.0538
12.34,12.257,-0.076125,0.023619,11.328,0.04794
12.332,12.26,-0.062685,0.020549,11.331,0.032313
12.327,12.262,-0.059874,0.018725,11.345,0.035504
12.331,12.263,-0.053858,0.019114,11.36,0.019611
12.316,12.265,-0.036801,0.014295,11.375,0.0061673
12.312,12.267,-0.10045,0.012743,11.371,0.16741
12.31,12.268,-0.21006,0.011879,11.383,0.487
12.31,12.269,0,0.0029545,11.387,0
12.31,12.27,0,-0.0090881,11.392,0
12.189,12.269,-0.84361,-0.033574,11.397,3.9747
12.105,12.265,-1.1295,-0.067172,11.384,6.5795
12.105,12.259,0,-0.11601,11.369,0.074706
11.839,12.247,-1.6332,-0.17251,11.329,13.354
11.678,12.23,-1.7865,-0.23445,11.284,16.15
11.678,12.206,0,-0.30635,11.23,0.4457
11.297,12.176,-1.8695,-0.37887,11.15,18.186
11.102,12.138,-1.6206,-5.2,11.062,0
10.94,11.618,-1.3104,-0.28498,10.974,9.3879
10.94,11.589,0,-0.32772,10.908,0.64173
10.717,11.556,-0.59931,-0.35928,10.822,3.3903
10.655,11.521,-0.28581,-5.2,10.728,0
10.623,11.001,-0.17243,-0.15711,10.657,0.90819
10.614,10.985,-0.12717,-0.15519,10.609,0.76045
10.614,10.969,0,-0.15208,10.573,0.40939
10.598,10.954,-0.13375,-0.1502,10.547,0.75913
10.581,10.939,-0.097052,-0.15178,10.508,0.65637
10.566,10.924,-0.065933,-0.15239,10.468,0.57201
10.553,10.909,-0.11082,-5.2,10.439,0
10.553,10.389,0,0.05134,10.429,0
10.515,10.394,-0.50802,0.042165,10.44,1.573
10.467,10.398,-0.82979,0.024113,10.447,3.6209
10.379,10.4,-1.4363,-0.0086493,10.457,9.8797
10.228,10.4,-2.4989,-0.069238,10.453,32.515
10.228,10.393,0,-0.17093,10.436,0
10.228,10.376,0,-0.3237,10.42,0
10.228,10.343,0,-0.53517,10.407,0
10.228,10.29,0,-8.1872,10.398,0
10.228,9.4709,0,-0.75918,10.433,1.0637
6.6928,9.395,-8.8047,-1.1066,9.7082,25.111
5.8113,9.2843,-8.6022,-9.2432,9.4081,5.7727
4.9446,8.36,-7.9512,-8.5942,9.0709,5.6505
4.1441,7.5006,-6.8325,-7.4777,8.7307,5.5251
3.4641,6.7528,-5.1931,-1.1956,8.4067,17.085
3.4641,6.6333,0,-5.2,8.0838,6.7514
2.6012,6.1133,-1.8483,-5.2,7.7115,0.15693
2.423,5.5933,-0.6418,-8.8,7.3734,0
2.423,4.7133,0,-8.8,7.1004,0
2.3586,3.8333,0.11445,-8.8,6.9002,0
2.3799,2.9533,0.082397,-0.121,6.8025,0.76202
2.3796,2.9412,0.015208,-0.11977,6.7407,0.91452
2.3908,2.9292,-0.054913,-0.11616,6.6762,1.0749
2.3755,2.9176,-0.15888,-0.11799,6.623,1.4308
2.3687,2.9058,-0.19251,-0.11797,6.5693,1.5432
2.3427,2.894,-0.19739,-0.12199,6.5228,1.5877
2.3194,2.8818,-0.19305,-0.1255,6.4716,1.5894
2.2987,2.8692,-0.13607,-8.8,6.4092,0
2.2826,1.9892,-0.012318,1.0432,6.3977,3.3809
2.281,2.0936,0.054063,0.61347,6.4149,1.2839
2.2789,2.1549,0.079901,0.38803,6.4402,0.53596
2.2886,2.1937,0.082365,0.28863,6.4477,0.29936
2.2889,2.2226,0.068838,0.19771,6.4643,0.15731
2.3038,2.2423,0.055767,0.18073,6.476,0.15854
2.3162,2.2604,0.032112,0.16221,6.4819,0.18473
2.319,2.2766,0.044171,0.12151,6.4774,0.083582
2.3146,2.2888,0.18521,0.073355,6.4786,0
2.3416,2.2961,0.40826,0.12879,6.4913,0
2.3762,2.309,0.62858,0.18907,6.5029,0
2.4299,2.3279,0.77063,0.28304,6.5038,0
2.5136,2.3562,0.8821,0.42865,6.5132,0
2.599,2.3991,0.92518,0.5294,6.5269,0
2.599,2.452,0,0.61633,6.5442,1.6634
2.7825,2.5137,0.95144,0.66205,6.5665,0
2.8758,2.5799,1.1518,0.69997,6.5909,0
2.9829,2.6499,1.3693,0.75576,6.6146,0
3.1243,2.7254,1.5687,0.86731,6.6466,0
3.2753,2.8122,1.7167,0.9606,6.6843,0
3.4446,2.9082,1.9166,1.0594,6.7385,0
3.636,3.0142,2.0012,1.1665,6.8004,0
3.8302,3.1308,2.0764,1.2432,6.8741,0
4.0465,3.2551,2.0709,1.3312,6.9514,0
4.2583,3.3883,1.974,1.3844,7.0401,0
4.4494,3.5267,1.8229,1.3893,7.1324,0
4.6353,3.6656,1.6831,1.3849,7.2273,0
4.8123,3.8041,1.5615,1.3713,7.3343,0
4.8123,3.9412,0,1.3378,7.4283,2.7846
5.1164,4.075,1.5753,1.294,7.5387,0
5.2832,4.2044,1.6601,1.2886,7.6478,0
5.2832,4.3333,0,1.2949,7.7492,2.2542
5.6329,4.4628,1.7011,1.3008,7.8898,0
5.8026,4.5929,1.7491,1.2976,7.9989,0
5.9765,4.7226,1.7938,1.3011,8.12,0
6.1613,4.8527,1.823,1.3161,8.2501,0
6.1613,4.9843,0,1.3245,8.3744,1.5941
6.1613,5.1168,0,1.3392,8.4855,2.1476
6.7117,5.2507,1.9358,1.346,8.667,0
6.9026,5.3853,1.9146,1.3598,8.8117,0
7.101,5.5213,1.8857,1.3787,8.9626,0
7.2884,5.6592,1.8606,1.3864,9.124,0
7.4809,5.7978,1.849,1.3975,9.2879,0
7.4809,5.9376,0,1.3943,9.4493,0.67798
7.4809,6.077,0,1.3963,9.5966,1.1638
8.0111,6.2166,1.7265,1.3946,9.8283,0
8.1742,6.3561,1.6781,1.3839,10.01,0
8.3508,6.4945,1.5846,1.3846,10.188,0
8.5148,6.6329,1.4666,1.3769,10.372,0
8.6536,6.7706,1.4148,1.3533,10.565,0
8.7863,6.906,1.3527,1.329,10.762,0
8.7863,7.0389,0,1.3116,10.943,0
9.0542,7.17,1.271,1.2894,11.134,0
9.1781,7.299,1.2468,1.2675,11.328,0
9.3086,7.4257,1.2123,1.2517,11.51,0
9.4228,7.5509,1.1659,1.2276,11.697,0
9.5426,7.6736,1.1268,1.2104,11.888,0
9.5426,7.7947,0,1.1911,12.069,0
9.5426,7.9138,0,1.1749,12.238,0
9.8825,8.0313,1.0132,1.1562,12.431,0
9.9881,8.1469,1.0445,1.1383,12.625,0
9.9881,8.2607,0,1.1222,12.803,0
10.189,8.373,0.99014,1.1018,13.01,0
10.298,8.4831,1.0382,1.0902,13.19,0
10.298,8.5922,0,1.0749,13.366,0
10.496,8.6996,0.89877,1.0612,13.565,0
10.596,8.8058,0.86354,1.0476,13.735,0
10.684,8.9105,0.83077,1.0298,13.917,0
10.773,9.0135,0.70408,1.0134,14.09,0
10.849,9.1148,0.61657,0.99165,14.272,0
10.916,9.214,0.47806,0.96583,14.44,0
10.959,9.3106,0.34933,0.92909,14.615,0
11.002,9.4035,0.18916,0.89396,14.767,0
11.002,9.4929,0,0.84689,14.923,0
11.019,9.5776,-2.1872e-06,0.79598,15.07,0
11.024,9.6572,-0.052331,0.75109,15.216,0
11.011,9.7323,-0.079129,0.69964,15.358,0
11.011,9.8023,-0.086447,0.65821,15.488,0
11.011,9.8681,0,0.61697,15.605,0
10.991,9.9298,-0.11672,0.57288,15.722,0
10.981,9.9871,-0.087898,0.53448,15.822,0
10.981,10.041,0,0.49662,15.918,0
10.963,10.09,0.1553,0.46642,16.006,0
10.98,10.137,0.36485,0.4493,16.096,0
10.98,10.182,0,0.44247,16.178,0
11.073,10.226,0.77268,0.44881,16.256,0
11.142,10.271,0.96243,0.46024,16.345,0
11.142,10.317,0,0.48908,16.43,0
11.345,10.366,1.0455,0.5149,16.54,0
11.345,10.417,0,0.54368,16.635,0
11.568,10.472,1.0689,0.57323,16.744,0
11.685,10.529,1.006,0.60247,16.858,0
11.685,10.589,0,0.62378,16.97,0
11.887,10.652,0.93492,0.63914,17.09,0
11.976,10.716,0.89416,0.64955,17.206,0
11.976,10.78,0,0.66276,17.329,0
11.976,10.847,0,0.67505,17.445,0
12.254,10.914,0.81887,0.68351,17.609,0
12.33,10.983,0.75944,0.68469,17.738,0
12.33,11.051,0,0.68271,17.869,0
12.462,11.119,0.56279,0.67716,18.001,0
12.523,11.187,0.46698,0.67127,18.126,0
12.565,11.254,0.39495,0.65597,18.257,0
12.599,11.32,0.35735,0.63837,18.392,0
12.634,11.384,0.42472,0.62149,18.508,0
12.634,11.446,0,0.61399,18.63,0
