0.83333,0.83333,0.32807,0,35.5,0
0.86415,0.83333,0.2734,7.8,35.508,68.564
0.89823,1.6133,0.29157,7.8,35.473,73.361
0.89823,2.3933,0,7.8,35.362,84.83
0.94928,3.1733,0.31809,7.8,35.175,83.351
0.94928,3.9533,0,7.8,34.914,95.637
1.0246,4.7333,0.39177,7.8,34.581,92.284
1.0637,5.5133,0.44283,7.8,34.172,96.458
1.1052,6.2933,0.4629,6.7,33.689,87.687
1.1576,6.9633,0.47927,6.7,33.133,91.679
1.1576,7.6333,0,6.7,32.519,106.74
1.1576,8.3033,0,6.7,31.838,111.61
1.3148,8.9733,0.49016,-0.43674,31.117,24.923
1.3709,8.9297,0.51209,-0.44653,30.362,24.074
1.4171,8.885,0.51629,-0.45714,29.617,23.465
1.4171,8.8393,0,-0.46814,28.872,29.251
1.4171,8.7925,0,-0.47922,28.132,28.874
1.5742,8.7446,0.48696,-0.48969,27.428,21.971
1.6259,8.6956,0.47846,-0.50112,26.718,21.452
1.6783,8.6455,0.49237,-0.51296,26.012,20.696
1.6783,8.5942,0,-0.52603,25.318,25.82
1.7708,8.5416,0.64865,-0.53842,24.63,18.048
1.8316,8.4877,0.82184,-0.55029,23.957,15.948
1.8316,8.4327,0,-0.56057,23.294,23.756
2.012,8.3766,1.294,-0.5683,22.669,11.354
2.1463,8.3198,1.5145,-0.57285,22.048,9.4869
2.1463,8.2625,0,-0.57522,21.433,21.009
2.4701,8.205,1.7985,-0.57417,20.864,7.0279
2.6531,8.1476,1.8147,-0.57138,20.297,6.3746
2.8245,8.0905,1.7789,-0.56846,19.751,5.9344
2.8245,8.0336,0,-0.5623,19.227,16.449
2.8245,7.9774,0,-0.55709,18.709,16.212
3.3387,7.9217,1.5273,-0.54921,18.285,5.0713
3.4891,7.8668,1.4608,-0.54221,17.842,4.7933
3.63,7.8125,1.4265,-0.53559,17.406,4.4611
3.7743,7.759,1.3519,-0.52707,16.991,4.2273
3.7743,7.7063,0,-0.51935,16.595,10.772
4.0213,7.6543,0.99688,-0.5115,16.215,4.4005
4.0213,7.6032,0,-0.5064,15.854,9.3502
4.1768,7.5525,0.2386,-0.50359,15.52,6.9688
4.1971,7.5022,-0.26278,-0.50713,15.191,10.222
4.1735,7.4515,-0.74397,-0.51723,14.869,14.792
4.1087,7.3997,-1.1499,-0.53471,14.541,20.034
4.1087,7.3463,0,-0.56112,14.215,7.606
3.834,7.2902,-1.7485,-0.59691,13.877,31.085
3.6501,7.2305,-1.7596,-0.63951,13.524,31.671
3.6501,7.1665,0,-0.68452,13.169,7.9674
3.3053,7.0981,-1.5495,-0.72896,12.781,27.837
3.1523,7.0252,-1.3663,-0.77463,12.392,24.55
3.0253,6.9477,-1.2148,-0.81725,12.001,21.936
3.0253,6.866,0,-0.86216,11.613,8.1835
2.7948,6.7798,-1.1479,-0.90608,11.201,20.374
2.7948,6.6892,0,-0.95259,10.807,7.8638
2.7948,6.5939,0,-1.0024,10.423,7.2268
2.4673,6.4937,-1.2087,-1.0556,9.9894,13.182
2.4673,6.3881,0,-1.1134,9.5921,7.074
2.4673,6.2768,0,-1.1771,9.2055,6.3576
2.1011,6.1591,-1.1825,-1.2404,8.7923,11.541
1.9835,6.035,-1.1348,-1.3076,8.3948,10.903
1.9835,5.9043,0,-1.3781,7.9962,5.7881
1.7633,5.7665,-1.0022,-8.8,7.5907,0
1.7633,4.8865,0,-8.8,7.2344,0
1.579,4.0065,-0.74038,-8.8,6.9474,0
1.5113,3.1265,-0.60047,-0.36687,6.7531,6.4579
1.4523,3.0898,-0.45621,-0.38217,6.5918,5.4072
1.4019,3.0515,-0.30731,-8.8,6.4213,0
1.4019,2.1715,0,-0.13943,6.3003,1.4183
1.3492,2.1576,-0.095844,-0.14104,6.216,1.8581
1.3394,2.1435,0.0080098,-0.14234,6.1355,1.4724
1.3467,2.1293,0.12359,-8.8,6.0512,0
1.3667,1.2493,0.23529,0.86047,6.0219,1.7447
1.3943,1.3353,0.34104,0.38692,6.0211,0
1.4267,1.374,0.45131,0.32951,6.0246,0
1.4708,1.407,0.54146,0.38347,6.0232,0
1.5182,1.4453,0.58932,0.41845,6.0215,0
1.5743,1.4871,0.61025,0.47795,6.0266,0
1.6386,1.5349,0.61893,0.54067,6.0458,0
1.6932,1.589,0.63803,0.51353,6.0539,0
1.6932,1.6404,0,0.56168,6.0617,1.7214
1.6932,1.6965,0,0.60344,6.0642,2.092
1.9014,1.7569,0.89011,0.60462,6.0843,0
1.9014,1.8173,0,0.6919,6.0957,2.2194
2.0987,1.8865,1.343,0.79179,6.113,0
2.2314,1.9657,1.5555,0.92797,6.1307,0
2.2314,2.0585,0,1.0485,6.1526,3.793
2.2314,2.1634,0,1.1896,6.1647,5.0663
2.7288,2.2823,1.7276,1.2316,6.2244,0
2.897,2.4055,1.6327,1.2507,6.2736,0
3.0667,2.5305,1.485,1.2615,6.3173,0
3.0667,2.6567,0,1.2245,6.3647,3.9051
3.3483,2.7791,1.1122,1.1621,6.4237,0
3.4669,2.8954,0.89716,1.0991,6.4852,0
3.5593,3.0053,0.67152,1.0077,6.532,0
3.6335,3.106,0.48845,0.91443,6.585,0
3.6335,3.1975,0,0.79431,6.6331,1.5338
3.6335,3.2769,0,0.71222,6.6728,1.4206
3.7487,3.3481,0.26386,0.62486,6.733,0
3.7487,3.4106,0,0.5525,6.7699,0.81755
3.8077,3.4659,0.28579,0.50851,6.8104,0
3.831,3.5167,0.2925,0.45785,6.8369,0
3.8602,3.5625,0.29857,0.42558,6.8585,0
3.8957,3.6051,0.30769,0.40927,6.8934,0
3.8957,3.646,0,0.38336,6.9204,0.45674
3.954,3.6843,0.31303,0.36869,6.9456,0
3.954,3.7212,0,0.36952,6.9708,0.45558
4.0316,3.7581,0.30455,0.36458,7.0092,0
4.0593,3.7946,0.31828,0.34818,7.0293,0
4.0593,3.8294,0,0.33748,7.054,0.35979
4.1282,3.8632,0.3066,0.34073,7.0876,0
4.1675,3.8972,0.30804,0.34396,7.1222,0
4.1943,3.9316,0.28688,0.33016,7.1403,0
4.2234,3.9647,0.26365,0.3216,7.1617,0
4.2234,3.9968,0,0.31897,7.186,0.31046
4.2856,4.0287,0.24472,0.3128,7.213,0
4.2856,4.06,0,0.29,7.2371,0.22543
4.3317,4.089,0.23031,0.29025,7.2664,0
4.3317,4.118,0,0.26873,7.2892,0.19237
4.3741,4.1449,0.19725,0.26918,7.3064,0
4.3741,4.1718,0,0.26183,7.328,0.20035
4.4041,4.198,0.059024,0.23873,7.3651,0
4.4179,4.2219,-0.016916,0.22571,7.3933,0.16093
4.4179,4.2444,0,0.18833,7.4117,0.06651
4.3996,4.2633,-0.33475,0.15475,7.4112,1.2168
4.3706,4.2787,-0.49801,0.10389,7.4283,1.9168
4.3706,4.2891,0,0.043208,7.437,0
4.3706,4.2934,0,-0.0087066,7.4449,0
4.1717,4.2926,-0.9666,-0.033092,7.4206,5.1449
4.1717,4.2893,0,-0.059666,7.4087,0.11562
3.9579,4.2833,-1.1502,-0.089597,7.3849,7.4422
3.8389,4.2743,-1.1923,-0.12063,7.3476,8.2001
3.7141,4.2623,-1.1443,-0.15329,7.2926,7.9877
3.7141,4.247,0,-0.18179,7.2385,0.72545
3.4972,4.2288,-0.87929,-0.20884,7.1649,5.9107
3.4129,4.2079,-0.74663,-8.8,7.0956,0
3.4129,3.3279,0,0.0053817,7.0601,0
3.27,3.3284,-0.59142,-0.013192,7.0596,2.3589
3.27,3.3271,0,-0.026575,7.0539,0.061193
3.27,3.3244,0,-0.040106,7.0483,0.027772
3.092,3.3204,-0.60322,-0.052168,7.0024,2.8376
3.0227,3.3152,-0.61594,-0.066993,6.9824,3.0715
2.9572,3.3085,-0.61364,-0.081008,6.9444,3.2
2.8885,3.3004,-0.59114,-0.095663,6.9032,3.207
2.835,3.2909,-0.59852,-0.10669,6.8584,3.3565
2.7842,3.2802,-0.60521,-0.11683,6.8171,3.4936
2.718,3.2685,-0.58565,-0.13092,6.7618,3.4977
2.718,3.2554,0,-0.14404,6.7074,0.8333
2.5979,3.241,-0.69105,-0.15636,6.6349,4.4152
2.5379,3.2254,-0.75247,-8.8,6.5604,0
2.4698,2.3454,-0.83109,0.34246,6.5342,5.595
2.3859,2.3796,-0.91895,0.016882,6.5433,4.5302
2.2923,2.3813,-0.97103,-0.015915,6.5322,5.1623
2.1973,2.3797,-0.97964,-0.032763,6.5118,5.5454
2.1042,2.3764,-0.99226,-0.049141,6.4863,5.9576
2.1042,2.3715,0,-0.065056,6.4593,0.42186
2.1042,2.365,0,-0.084036,6.4329,0.36269
1.8156,2.3566,-0.94142,-0.10003,6.3579,4.2677
1.7161,2.3466,-0.90509,-0.11793,6.2966,4.3011
1.6238,2.3348,-0.88298,-0.13464,6.2288,4.3412
1.5413,2.3214,-0.85242,-0.14934,6.164,4.3521
1.5413,2.3064,0,-8.8,6.0867,0
1.3742,1.4264,-0.80682,-0.0061288,6.0321,2.452
1.3005,1.4258,-0.81126,-0.014722,6.0229,2.5754
1.3005,1.4243,0,-0.023155,6.0104,0.20864
1.3005,1.422,0,-0.033176,5.9981,0.18108
1.066,1.4187,-0.63303,-0.04192,5.9618,2.6074
1.066,1.4145,0,-0.050194,5.9268,0.64426
1.066,1.4095,0,-0.056013,5.8922,0.6171
0.89003,1.4039,-0.43308,-0.062789,5.8223,2.8347
0.85167,1.3976,-0.39799,-0.067515,5.7632,2.7325
0.8071,1.3909,-0.41022,-0.072869,5.7126,2.5361
0.76805,1.3836,-0.37162,-8.8,5.6588,0
0.73666,0.50357,-0.22926,-0.22926,5.6336,0
0.71712,0.48065,-0.08317,-0.08317,5.6611,0
0.71518,0.47233,0.058814,0.058814,5.6754,0
0.71518,0.47821,0,0.209,5.6994,0
0.71518,0.49911,0,0.33181,5.722,0.37745
0.7615,0.53229,0.37375,0.37375,5.7571,0
0.7615,0.56967,0,0.38321,5.7781,0.61101
0.83587,0.60799,0.38033,0.38033,5.8042,0
0.86831,0.64602,0.4156,0.4156,5.8237,0
0.91745,0.68758,0.44985,0.44985,5.8546,0
0.91745,0.73257,0,0.43979,5.8753,0.83168
1.0033,0.77655,0.43548,0.43548,5.9004,0
1.0523,0.82009,0.4523,0.4523,5.9172,0
1.1045,0.86532,0.4278,0.4278,5.9337,0
1.1467,0.9081,0.38717,2.9456,5.948,13.921
1.1776,1.2027,0.35922,-0.0024957,5.9564,0
1.1776,1.2024,0,0.0091014,5.9539,0.071118
1.2316,1.2033,0.3555,0.21901,5.9674,0
1.2689,1.2252,0.42485,0.32835,5.9773,0
1.3144,1.2581,0.55317,0.40583,5.9877,0
1.3625,1.2986,0.76437,0.43697,6.0006,0
1.4413,1.3423,0.99931,0.64215,6.0143,0
1.5404,1.4066,1.2356,0.80596,6.0314,0
1.663,1.4872,1.4411,0.9673,6.0493,0
1.8032,1.5839,1.598,1.0891,6.0707,0
1.9689,1.6928,1.6768,1.2303,6.0894,0
2.1391,1.8158,1.6665,1.2875,6.1229,0
2.1391,1.9446,0,1.3025,6.1488,5.2635
2.1391,2.0748,0,1.2624,6.1618,5.5492
2.6292,2.2011,1.4721,1.2582,6.2431,0
2.6292,2.3269,0,1.196,6.2796,4.1597
2.8976,2.4465,1.2228,1.1246,6.3288,0
3.0191,2.559,1.104,1.0709,6.373,0
3.1292,2.666,0.98717,1.0142,6.4274,0
3.2289,2.7675,0.84852,0.95506,6.4704,0
3.3231,2.863,0.74347,0.9054,6.515,0
3.3878,2.9535,0.6864,0.81702,6.5681,0
3.4587,3.0352,0.57616,0.76568,6.6111,0
3.5182,3.1118,0.4792,0.70885,6.6519,0
3.568,3.1827,0.40074,0.65077,6.6922,0
3.6158,3.2477,0.27582,0.60315,6.7203,0
3.6387,3.3081,0.17172,0.52806,6.7581,0.1575
3.661,3.3609,0.09683,0.46903,6.795,0.28524
3.661,3.4078,0,0.38914,6.8226,0.46682
3.6605,3.4467,-0.1885,0.32226,6.8411,1.045
3.6605,3.4789,0,0.24645,6.8608,0.20642
3.6146,3.5036,-0.50852,0.16322,6.8596,2.2072
3.5668,3.5199,-0.66385,0.068454,6.8591,2.8516
3.4943,3.5267,-0.72422,-0.0081729,6.8612,3.1014
3.4215,3.5259,-0.73714,-0.026389,6.846,3.3622
3.4215,3.5233,0,-0.046042,6.8357,0.1118
3.2708,3.5187,-0.72821,-0.063121,6.8081,3.6512
3.2039,3.5123,-0.75781,-0.078743,6.7893,4.0075
3.2039,3.5045,0,-0.09809,6.7589,0.41588
3.0512,3.4947,-0.76337,-8.8,6.7198,0
2.9729,2.6147,-0.79551,0.84339,6.7224,8.0586
2.8914,2.699,-0.79543,0.43106,6.7489,5.6225
2.8171,2.7421,-0.76363,0.16392,6.7581,4.016
2.7341,2.7585,-0.74882,-0.0048361,6.7535,3.2535
2.6605,2.758,-0.70886,-0.019391,6.7431,3.1887
2.5953,2.7561,-0.62227,-0.032082,6.725,2.8114
2.5319,2.7529,-0.52332,-0.044187,6.7128,2.396
2.5319,2.7485,0,-0.053179,6.6909,0.33909
2.4478,2.7431,-0.4273,-0.059504,6.6667,2.0751
2.4056,2.7372,-0.46523,-0.067155,6.6356,2.3532
2.3564,2.7305,-0.57596,-0.076121,6.606,3.0819
2.3033,2.7229,-0.67469,-0.085776,6.5754,3.8343
2.2447,2.7143,-0.69658,-0.09686,6.5263,4.1186
2.1792,2.7046,-0.75555,-0.10957,6.4684,4.6983
2.0961,2.6936,-0.88989,-0.12555,6.4215,5.9946
2.0127,2.6811,-0.92027,-0.14241,6.3484,6.4683
1.9281,2.6668,-0.90139,-8.8,6.276,0
1.8288,1.7868,-1.0675,0.175,6.2506,3.8397
1.7238,1.8043,-1.2071,-0.011512,6.2405,3.5511
1.7238,1.8032,0,-0.029088,6.2325,0.1019
1.4835,1.8003,-1.1781,-0.045646,6.2007,3.8434
1.3717,1.7957,-1.3083,-0.061431,6.1696,4.233
1.2313,1.7896,-1.2964,-0.081729,6.1169,4.4033
1.0961,1.7814,-1.2854,-0.10131,6.0622,4.562
1.0961,1.7713,0,-0.12109,5.9942,1.2341
0.83508,1.7592,-1.4317,-0.14064,5.9078,5.1642
0.70114,1.7451,-1.4619,-8.8,5.8002,0
0.5525,0.86509,-1.5879,-1.5879,5.7287,0.64083
0.38758,0.7063,-1.6836,-1.6836,5.6878,0.65338
0.22132,0.53794,-1.7738,-1.7738,5.6529,0.64907
0.044213,0.36056,-1.8711,-1.8711,5.6244,0.64851
0.044213,0.17345,0,-1.9335,5.6022,0
-0.3375,0,-1.932,-1.932,5.5771,0.69304
-0.53961,0,-1.9754,-1.9754,5.5436,1.1074
-0.73523,0,-2.0065,-2.0065,5.4861,1.5084
-0.941,0,-2.1887,-2.1887,5.4081,1.9302
-1.1641,0,-2.428,-2.428,5.3238,2.3876
-1.4167,0,-2.6694,-2.6694,5.2098,2.9054
-1.6893,0,-2.895,-2.895,5.0648,3.4642
-1.9736,0,-3.1365,-8.8,4.89,0
-2.2777,0,-3.193,-8.8,4.7243,0
-2.5905,0,-3.1691,-8.8,4.5259,0
-2.9097,0,-3.1081,-8.8,4.3029,0
-2.9097,0,0,-8.8,4.056,0
-2.9097,0,0,-8.8,3.809,0
-2.9097,0,0,-8.8,3.562,0
-4.1349,0,-3.0974,-8.8,3.0785,0
-4.4532,0,-3.1236,-8.8,2.6913,0
-4.7649,0,-3.0582,-8.8,2.2773,0
-4.7649,0,0,-9.8808,1.8448,0
-5.3493,0,-2.6129,-13.074,1.3677,0
-5.6173,0,-2.4496,-20.475,0.87528,0
-5.6173,0,0,-44.277,0.41592,0
-6.0932,0,-2.1185,-749.23,0.024847,0
-6.3133,0,-2.1266,-8.8,3.1578,0
-6.3133,0,0,-10.422,2.5705,0
-6.7434,0,-2.0392,-13.758,1.9402,0
-6.9538,0,-2.1439,-20.276,1.3334,0
-7.1691,0,-2.1279,-37.46,0.72732,0
-7.1691,0,0,-140.59,0.19771,0
-7.5658,0,-1.9509,-193.13,0.1497,0
-7.5658,0,0,-90.4,0.3588,0
-7.9435,0,-1.7489,9.8,1,40.552
-8.1281,0.98,-1.7188,-283.44,0.14723,0
-8.306,0,-1.7516,-55.142,0.64609,0
-8.4874,0,-1.7943,-431.63,0.083795,0
-8.665,0,-1.8488,-28.784,1.3937,0
-8.855,0,-1.8956,-60.672,0.66702,0
-8.855,0,0,-584.7,0.084885,0
-9.2216,0,-1.7696,-22.109,2.0905,0
-9.2216,0,0,-36.505,1.2789,0
-9.2216,0,0,-93.9,0.53925,0
-9.7139,0,-1.3294,-4919.9,0.0095921,0
-9.8496,0,-1.2887,7.8,23.63,39.29
-9.9739,0.78,-1.2662,7.8,22.599,41.097
-10.095,1.56,-1.3033,-0.18523,21.476,26.244
-10.095,1.5415,0,-0.20251,20.311,23.431
-10.365,1.5212,-1.3796,-0.22265,19.122,26.799
-10.496,1.499,-1.378,-0.2461,17.922,26.97
-10.632,1.4744,-1.4088,-0.27354,16.722,27.205
-10.632,1.447,0,-0.30659,15.512,24.119
-10.632,1.4163,0,-0.34621,14.306,23.973
-10.632,1.3817,0,-0.39655,13.103,23.796
-11.363,1.3421,-3.4672,-0.46232,11.779,32.36
-11.716,1.2958,-4.346,-0.55179,10.492,34.648
-12.15,1.2407,-5.2911,-0.67644,9.1719,37.149
-12.68,1.173,-5.9355,-0.8601,7.8023,39.064
-12.68,1.087,0,-1.1384,6.4213,25.831
-12.68,0.97316,0,-28.949,5.0503,0
-12.68,0,0,-36.551,3.8297,0
-15.236,0,-7.0352,-58.314,2.2636,0
-15.934,0,-7.0546,-135.42,0.98892,0
-15.934,0,0,-4940.6,0.072641,0
-17.325,0,-6.4308,7.8,23.034,65.421
-17.325,0.78,0,7.8,21.262,53.507
-17.325,1.56,0,-0.38212,19.413,37.913
-19.098,1.5218,-4.8781,-0.4579,17.252,51.559
-19.594,1.476,-4.4358,-0.5599,15.167,51.339
-20.038,1.42,-4.0466,-0.70179,13.04,51.018
-20.452,1.3498,-3.5554,-0.90944,10.885,50.254
-20.452,1.2589,0,-1.2388,8.709,41.905
-21.093,1.135,-2.0688,-1.8175,6.4624,46.096
-21.093,0.95326,0,-59.825,4.2487,0
-21.431,0,-0.53701,-100.46,2.2983,0
-21.431,0,0,-351.39,0.65746,0
-21.431,0,0,-858.65,0.27129,0
-21.431,0,0,-94.769,2.4214,0
-21.431,0,0,-304.47,0.75209,0
-21.415,0,0.1853,-1701.7,0.13473,0
-21.395,0,0.13743,0.13743,6.4981,43.861
-21.375,0.013743,0.1059,-52.332,4.362,0
-21.371,0,0.088378,-92.013,2.4795,0
-21.363,0,0.05176,-283.79,0.80394,0
-21.36,0,0.032694,-2660.4,0.085748,0
-21.35,0,-0.0034788,-0.0034788,11.261,43.768
-21.359,0,-0.056315,-0.056315,9.1189,43.788
-21.371,0,-0.096286,-0.096286,6.9852,43.812
-21.385,0,-0.12476,-47.201,4.8571,0
-21.385,0,0,-77.409,2.9547,0
-21.409,0,-0.161,-188.89,1.2143,0
-21.418,0,-0.15478,-9989.6,0.022962,0
-21.43,0,-0.16835,7.8,47.83,60.677
-21.453,0.78,-0.183,7.8,45.656,62.353
-21.453,1.56,0,7.8,43.394,63.567
-21.453,2.34,0,7.8,41.053,65.166
-21.52,3.12,-0.40871,7.8,38.63,67.762
-21.557,3.9,-0.51794,7.8,36.116,69.666
-21.607,4.68,-0.65819,7.8,33.52,71.661
-21.671,5.46,-0.80945,7.8,30.848,73.709
-21.744,6.24,-0.92057,-1.276,28.093,56.622
-21.744,6.1124,0,-1.4808,25.301,53.996
-21.934,5.9643,-1.0941,-1.7472,22.502,55.82
-22.05,5.7896,-1.1201,-2.1007,19.711,55.011
-22.171,5.5795,-1.0936,-2.5834,16.941,53.76
-22.284,5.3212,-1.0054,-3.2781,14.171,51.817
-22.381,4.9934,-0.87264,-4.3313,11.423,48.85
-22.381,4.5602,0,-6.0677,8.7069,42.48
-22.381,3.9535,0,-58.866,6.0431,0
-22.615,0,-0.50633,-70.173,3.6707,0
-22.615,0,0,-146.01,1.76,0
-22.716,0,-0.59651,-1181.4,0.2185,0
-22.781,0,-0.69426,-68.211,3.8434,0
-22.781,0,0,-138.11,1.9063,0
-22.933,0,-0.94318,-865.48,0.30417,0
-23.026,0,-0.99718,-114.81,2.3292,0
-23.026,0,0,-446.7,0.60067,0
-23.213,0,-1.07,-516.94,0.52227,0
-23.322,0,-1.0864,-345.54,0.78957,0
-23.322,0,0,-1613.2,0.18501,0
-23.544,0,-1.0909,-1.0909,5.8847,48.266
-23.648,0,-1.102,-80.467,3.5232,0
-23.756,0,-1.0833,-182.49,1.5554,0
-23.867,0,-1.0453,-3403.2,0.083719,0
-23.966,0,-0.99602,-0.99602,14.698,49.131
-24.068,0,-0.9292,-0.9292,12.31,49.341
-24.167,0,-0.84668,-0.84668,9.8943,49.544
-24.253,0,-0.74146,-0.74146,7.4731,49.72
-24.253,0,0,-0.6442,5.0514,48.366
-24.393,0,-0.58976,-114.36,2.6151,0
-24.444,0,-0.55208,-406.54,0.73584,0
-24.49,0,-0.50211,-951.3,0.31541,0
-24.549,0,-0.48705,-115.67,2.616,0
-24.599,0,-0.46948,-412.32,0.73464,0
-24.652,0,-0.38807,-936.64,0.32456,0
-24.69,0,-0.3303,-120.37,2.5391,0
-24.73,0,-0.29787,-453.56,0.67466,0
-24.758,0,-0.25781,-660.57,0.46416,0
-24.758,0,0,-237.54,1.2912,0
-24.821,0,-0.25355,9.8,1,72.009
-24.85,0.98,-0.25018,9.8,1,74.071
-24.88,1.96,-0.24291,9.8,1,76.127
-24.907,2.94,-0.24736,9.8,1,78.199
-24.93,3.92,-0.2481,9.8,1,80.257
-24.955,4.9,-0.24525,9.8,1,82.312
-24.955,5.88,0,9.8,1.0014,83.806
-25.01,6.86,-0.25051,9.8,1,86.453
-25.035,7.84,-0.24424,9.8,1,88.501
-25.058,8.82,-0.24277,9.8,1,90.554
-25.058,9.8,0,9.8,0.9954,92.053
-25.121,10.78,-0.24159,9.8,1,94.699
-25.121,11.76,0,9.8,1.0035,96.2
-25.164,12.74,-0.23663,9.8,1,98.793
-25.192,13.72,-0.23653,9.8,1,100.86
-25.213,14.7,-0.2434,9.8,1,102.93
-25.236,15.68,-0.25369,9.8,1,105.01
-25.26,16.66,-0.2517,9.8,1,107.06
-25.281,17.64,-0.26029,9.8,1,109.13
-25.307,18.62,-0.26697,9.8,1,111.2
-25.341,19.6,-0.25812,9.8,1,113.27
-25.362,20.58,-0.24582,9.8,1,115.29
-25.362,21.56,0,9.8,0.99216,116.78
-25.42,22.54,-0.25195,9.8,1,119.44
-25.45,23.52,-0.24087,9.8,1,121.49
-25.45,24.5,0,9.8,0.99669,122.99
-25.45,25.48,0,9.8,0.99856,125
-25.45,26.46,0,9.8,0.99927,127.01
-25.45,27.44,0,9.8,1.0177,129.02
-25.45,28.42,0,9.8,1.0229,131.03
-25.45,29.4,0,9.8,1.0331,133.04
-25.635,30.38,-0.24312,9.8,1,135.93
-25.66,31.36,-0.25113,9.8,1,138.01
-25.689,32.34,-0.25399,9.8,1,140.09
-25.689,33.32,0,9.8,1.0044,141.56
-25.731,34.3,-0.24393,9.8,1,144.17
-25.752,35.28,-0.2304,9.8,1,146.19
-25.752,36.26,0,9.8,1.001,147.72
-25.752,37.24,0,9.8,1.0135,149.73
-25.809,38.22,0.073262,9.8,1,151.7
-25.809,39.2,0,9.8,0.99844,153.86
-25.78,40.18,0.29432,9.8,1,155.19
-25.78,41.16,0,9.8,0.99823,157.82
-25.719,42.14,0.31031,9.8,1,159.05
-25.688,43.12,0.24375,9.8,1,161.14
-25.667,44.1,0.14895,9.8,1,163.3
-25.65,45.08,0.05685,9.8,1,165.47
-25.65,46.06,0,9.8,0.99217,167.6
-25.654,47.04,-0.12707,9.8,1,169.88
-25.664,48.02,-0.21285,9.8,1,172.09
-25.664,49,0,9.8,0.99447,173.65
-25.726,49.98,-0.27824,9.8,1,176.37
-25.726,50.96,0,9.8,1.0085,177.8
-25.8,51.94,-0.34394,9.8,1,180.68
-25.832,52.92,-0.36019,9.8,1,182.79
-25.866,53.9,-0.44152,9.8,1,185.04
-25.866,54.88,0,9.8,0.99817,186.12
