4.1667,4.1667,-2.3853,0,35.5,8.0829
4.1667,4.1667,0,7.8,35.5,74.244
4.1667,4.9467,0,7.8,35.461,79.75
3.5057,5.7267,-1.8674,7.8,35.247,84.094
3.3125,6.5067,-1.667,6.7,34.974,79.241
3.1466,7.1767,-1.4762,6.7,34.611,125.62
2.9992,7.8467,-1.2886,6.7,34.168,126.65
2.861,8.5167,-1.0894,6.7,33.643,127.41
2.861,9.1867,0,6.7,33.044,105.65
2.6709,9.8567,-0.70788,-0.42543,32.346,38.888
2.6709,9.8141,0,-0.4411,31.63,27.912
2.6709,9.77,0,-0.45718,30.917,27.506
2.5026,9.7243,-0.31464,-0.4721,30.192,32.384
2.4684,9.6771,-0.27213,-0.48779,29.473,31.528
2.4684,9.6283,0,-0.5034,28.755,27.41
2.4684,9.578,0,-0.52038,28.042,26.963
2.39,9.5259,-0.301,-0.53742,27.339,30.995
2.3588,9.4722,-0.28718,-0.55623,26.625,30.472
2.3332,9.4166,-0.2781,-0.5752,25.922,29.973
2.31,9.359,-0.27273,-0.59525,25.213,29.491
2.2915,9.2995,-0.2497,-0.6157,24.513,28.728
2.2915,9.2379,0,-0.63764,23.815,24.951
2.2454,9.1742,-0.14212,-0.66095,23.114,26.404
2.2361,9.1081,-0.10209,-0.68427,22.414,25.355
2.2196,9.0397,-0.05519,-0.70915,21.726,24.259
2.2196,8.9687,0,-0.73328,21.048,22.997
2.2229,8.8954,-0.029548,-0.75788,20.378,22.705
2.2229,8.8196,0,-0.7845,19.715,21.722
2.2229,8.7412,0,-0.81143,19.059,21.07
2.2229,8.66,0,-0.84114,18.411,20.386
2.2075,8.5759,-0.017632,-0.87034,17.786,19.968
2.2021,8.4889,0.034039,-0.90187,17.156,18.736
2.2028,8.3987,0.1381,-0.93417,16.53,16.988
2.224,8.3053,0.29467,-0.96333,15.925,14.815
2.224,8.209,0,-0.99431,15.322,16.814
2.2937,8.1095,0.80964,-1.0217,14.726,9.7516
2.3762,8.0074,1.0812,-1.0419,14.153,7.7191
2.3762,7.9032,0,-1.0561,13.595,14.141
2.6121,7.7976,1.5195,-1.0622,13.077,5.2097
2.7652,7.6913,1.6478,-1.0616,12.567,4.5573
2.7652,7.5852,0,-1.0562,12.08,10.977
3.0848,7.4795,1.7943,-1.0438,11.634,3.8387
3.2622,7.3752,1.8248,-1.0235,11.206,3.628
3.4466,7.2728,1.8404,-0.9945,10.815,3.4717
3.6207,7.1734,1.824,-0.96367,10.444,3.3362
3.6207,7.077,0,-0.92456,10.094,6.4003
3.9767,6.9845,1.7244,-0.88444,9.7737,3.012
4.1414,6.8961,1.6767,-0.83989,9.4819,2.8596
4.319,6.8121,1.6151,-0.7863,9.2152,2.6672
4.4742,6.7335,1.5429,-0.73524,8.9733,2.4553
4.4742,6.66,0,-0.68366,8.751,3.3852
4.4742,6.5916,0,-0.63008,8.5359,3.3931
4.8937,6.5286,1.3622,-0.57521,8.3876,1.8499
5.023,6.4711,1.2849,-0.51983,8.2379,1.6006
5.152,6.4191,1.2099,-5.2,8.0975,41.205
5.2669,5.8991,1.092,-0.21517,8.0086,0.64038
5.3829,5.8776,0.94508,-0.16949,7.9573,0.31006
5.4769,5.8606,0.76729,-8.8,7.9224,33.561
5.5485,4.9806,0.58483,0.52854,7.9399,0
5.6022,5.0335,0.43633,0.52296,7.9901,0
5.6429,5.0858,0.28367,0.50667,8.0452,0
5.6429,5.1364,0,0.48118,8.0984,0.1043
5.6838,5.1845,-0.021173,0.44443,8.1429,0.074333
5.6854,5.229,-0.11442,0.40268,8.1914,0.36504
5.6733,5.2693,-0.20726,0.35391,8.2427,0.68491
5.6607,5.3047,-0.25054,0.30944,8.2745,0.8274
5.6607,5.3356,0,0.26202,8.3085,0
5.6171,5.3618,-0.2953,0.21957,8.3443,0.95359
5.6171,5.3838,0,0.17324,8.3687,0
5.544,5.4011,-0.48289,0.1218,8.3741,1.7519
5.4934,5.4133,-0.65814,0.068164,8.3854,2.6877
5.4204,5.4201,-0.88783,0.00030443,8.3917,4.1943
5.3235,5.4201,-1.1199,-0.027848,8.3809,6.4881
5.2062,5.4173,-1.3551,-0.060993,8.3649,9.4231
5.0779,5.4112,-1.5841,-0.096672,8.3391,12.941
4.9274,5.4016,-1.7289,-0.13831,8.3006,15.726
4.7628,5.3877,-1.8203,-0.18413,8.2366,17.841
4.5805,5.3693,-1.8474,-0.23486,8.1658,18.867
4.3961,5.3458,-1.8263,-0.28687,8.072,18.945
4.2093,5.3171,-1.7343,-0.34013,7.9642,17.697
4.2093,5.2831,0,-0.38883,7.8551,1.4288
4.2093,5.2442,0,-0.43316,7.7497,1.2241
3.7623,5.2009,-1.0287,-8.8,7.5679,0
3.7623,4.3209,0,-0.17925,7.4681,0.78989
3.7623,4.303,0,-0.19907,7.4131,0.70043
3.7623,4.2831,0,-0.21428,7.36,0.62123
3.438,4.2617,-0.77149,-0.23226,7.2552,5.2783
3.3574,4.2384,-0.89297,-0.25139,7.1777,6.4042
3.2621,4.2133,-1.0513,-8.8,7.0909,0
3.1511,3.3333,-1.2401,-0.041412,7.0389,8.0841
3.0186,3.3292,-1.3958,-0.070921,7.0135,10.411
3.0186,3.3221,0,-0.10197,6.9828,0.41309
2.7302,3.3119,-1.6887,-0.13521,6.915,6.5011
2.7302,3.2983,0,-0.17393,6.8575,0.82547
2.3776,3.281,-1.8207,-0.21554,6.765,6.9575
2.1889,3.2594,-1.7603,-0.25991,6.6652,6.9813
2.0076,3.2334,-1.6457,-8.8,6.5541,0
2.0076,2.3534,0,-0.0929,6.4756,0.52801
2.0076,2.3441,0,-0.12091,6.4414,0.44054
1.5329,2.332,-1.198,-0.14653,6.3463,4.9754
1.5329,2.3174,0,-0.16703,6.2672,1.3692
1.3136,2.3007,-0.8011,-0.18761,6.1551,4.4984
1.3136,2.2819,0,-8.8,6.0573,0
1.1662,1.4019,-0.45162,-0.027464,5.9869,2.1501
1.1278,1.3992,-0.2706,-0.03183,5.9549,1.4132
1.1071,1.396,-0.17294,-0.034092,5.9241,1.0822
1.1071,1.3926,0,-0.036733,5.8954,0.53388
1.074,1.3889,0.017983,-0.037601,5.8632,0.55235
1.0712,1.3851,0.10448,-0.037656,5.8363,0.34515
1.0712,1.3814,0,-0.036628,5.8051,0.59115
1.0983,1.3777,0.15475,-0.03399,5.766,0.18273
1.1237,1.3743,0.13851,-0.030648,5.7393,0.16367
1.1237,1.3712,0,-0.0278,5.7144,0.47045
1.1647,1.3685,0.10273,-0.025106,5.6978,0.15117
1.1835,1.366,0.098646,-8.8,5.6823,0
1.1992,0.48596,0.10029,0.10029,5.7141,0
1.1992,0.49599,0,0.18967,5.7849,0
1.2247,0.51495,0.36443,0.36443,5.8597,0
1.2711,0.5514,0.61814,0.61814,5.9262,0
1.3279,0.61321,0.94966,0.94966,5.9925,0
1.4275,0.70818,1.305,1.305,6.0602,0
1.5498,0.83868,1.621,1.621,6.1386,0
1.7034,1.0008,1.8464,4.9,6.2064,13.129
1.8914,1.4908,2.0053,2.2601,6.253,0
2.1008,1.7168,2.0808,1.7185,6.2829,0
2.1008,1.8886,0,1.6315,6.3127,7.4373
2.1008,2.0518,0,1.5979,6.3257,7.9384
2.1008,2.2116,0,1.5382,6.3226,8.2359
2.9423,2.3654,2.0313,1.5503,6.4625,0
3.1537,2.5204,1.9696,1.5426,6.5194,0
3.3472,2.6747,1.9003,1.4947,6.5751,0
3.5395,2.8241,1.8285,1.4658,6.6466,0
3.5395,2.9707,0,1.4228,6.7108,4.4835
3.8854,3.113,1.672,1.3724,6.7985,0
4.0503,3.2503,1.5987,1.3348,6.8676,0
4.2024,3.3837,1.4937,1.2916,6.955,0
4.3506,3.5129,1.3579,1.2541,7.0355,0
4.4918,3.6383,1.1891,1.2191,7.1273,0
4.6045,3.7602,1.0453,1.1526,7.2063,0
4.7016,3.8755,0.89881,1.0847,7.2998,0
4.7948,3.984,0.77072,1.0271,7.3834,0
4.8804,4.0867,0.56924,0.97208,7.457,0
4.9448,4.1839,0.36413,0.9041,7.5325,0
4.977,4.2743,0.13778,0.81193,7.5989,0.22248
4.9934,4.3555,-0.059666,0.71945,7.6599,0.84148
4.9948,4.4274,-0.25998,0.62662,7.7152,1.6082
4.9683,4.4901,-0.47395,0.51878,7.7649,2.5853
4.9683,4.542,0,0.41433,7.8102,0.099481
4.9683,4.5834,0,0.28779,7.8507,0
4.7577,4.6122,-1.2854,0.15259,7.8563,8.5782
4.6297,4.6274,-1.457,0.0023472,7.8608,10.125
4.4858,4.6277,-1.5494,-0.038331,7.8581,11.861
4.4858,4.6238,0,-0.081438,7.8441,0.11236
4.4858,4.6157,0,-0.12209,7.8307,0.018537
4.0175,4.6035,-1.6932,-0.16154,7.7362,15.585
4.0175,4.5873,0,-0.20514,7.6784,0.75027
3.6662,4.5668,-2.038,-0.25494,7.5732,8.7645
3.4675,4.5413,-2.2265,-0.30837,7.4799,9.066
3.4675,4.5105,0,-0.37031,7.374,1.4068
3.0108,4.4735,-2.5927,-8.8,7.2114,0
2.7522,3.5935,-2.7307,-0.20471,7.0952,8.7237
2.4736,3.573,-2.7875,-0.27142,7.0067,9.0555
2.4736,3.5458,0,-0.34024,6.8982,1.5641
1.9208,3.5118,-2.792,-8.8,6.74,0
1.6456,2.6318,-2.7886,-0.19238,6.6164,8.3293
1.3754,2.6126,-2.7929,-0.24617,6.506,8.646
1.3754,2.588,0,-0.30513,6.3835,2.0392
1.3754,2.5574,0,-8.8,6.2638,0
0.55014,1.6774,-2.4043,-0.15689,6.0457,7.3871
0.31209,1.6618,-2.0859,-0.19259,5.9184,7.0834
0.10505,1.6425,-1.7296,-8.8,5.7788,0
-0.071794,0.7625,-1.3861,-1.3861,5.6519,1.7103
-0.071794,0.62389,0,-1.154,5.5754,0
-0.071794,0.50849,0,-0.99979,5.5116,0
-0.41119,0.40851,-0.92248,-0.92248,5.4106,1.6804
-0.50256,0.31626,-0.8665,-0.8665,5.331,1.6786
-0.58894,0.22961,-0.81565,-0.81565,5.252,1.678
-0.67154,0.14805,-0.75399,-0.75399,5.1636,1.6802
-0.67154,0.07265,0,-0.68888,5.0854,0.078079
-0.82374,0.003762,-0.60778,-0.60778,5.0067,1.6964
-0.89249,0,-0.51481,-8.8,4.9237,0
-0.95055,0,-0.42746,-8.8,4.8782,0
-0.99069,0,-0.35726,-8.8,4.8218,0
-0.99069,0,0,-8.8,4.7668,0
-0.99069,0,0,-8.8,4.7117,0
-0.99069,0,0,-8.8,4.6566,0
-1.0951,0,-0.20777,-8.8,4.5887,0
-1.1253,0,-0.20076,-8.8,4.5163,0
-1.1395,0,-0.21087,-8.8,4.4563,0
-1.1574,0,-0.22475,-8.8,4.3805,0
-1.174,0,-0.23498,-8.8,4.3163,0
-1.1977,0,-0.24436,-8.8,4.2428,0
-1.2167,0,-0.25594,-8.8,4.1708,0
-1.2434,0,-0.26223,-8.8,4.0948,0
-1.2673,0,-0.27485,-8.8,4.0095,0
-1.2957,0,-0.28275,-8.8,3.9198,0
-1.2957,0,0,-8.8,3.8343,0
-1.34,0,-0.29811,-8.8,3.7475,0
-1.366,0,-0.31188,-8.8,3.6476,0
-1.4065,0,-0.32143,-8.8,3.5491,0
-1.4327,0,-0.33438,-8.8,3.4516,0
-1.4753,0,-0.34935,-8.8,3.3485,0
-1.52,0,-0.37293,-8.8,3.2485,0
-1.5597,0,-0.35769,-8.8,3.1319,0
-1.5963,0,-0.29169,-8.8,3.0126,0
-1.6213,0,-0.24588,-8.8,2.8977,0
-1.6447,0,-0.13254,-8.8,2.7782,0
-1.6598,0,0.025086,-8.8,2.6503,0
-1.6588,0,0.1515,-8.8,2.5267,0
-1.6453,0,0.23299,-8.8,2.3982,0
-1.6247,0,0.32759,-8.8,2.2796,0
-1.6247,0,0,-8.8,2.1612,0
-1.5547,0,0.35832,-8.8,2.0475,0
-1.5113,0,0.37785,-8.8,1.9468,0
-1.4665,0,0.4428,-8.8,1.8388,0
-1.4665,0,0,-8.8,1.7361,0
-1.3631,0,0.80619,-8.8,1.6519,0
-1.2831,0,1.0905,-8.8,1.5539,0
-1.2831,0,0,-8.8,1.4696,0
-1.2831,0,0,-8.8,1.3853,0
-0.88594,0,1.7043,-8.8,1.333,0
-0.71959,0,1.7156,-8.8,1.2951,0
-0.53889,0,1.66,-8.8,1.27,0
-0.37834,0,1.5689,-8.8,1.2784,0
-0.2228,0,1.4909,-8.8,1.2953,0
-0.069806,0,1.4451,-8.8,1.315,0
0.070735,0,1.4031,-8.8,1.3519,0
0.20187,0,1.3589,-8.8,1.406,0
0.34726,0,1.3165,-8.8,1.4712,0
0.48076,0,1.2753,-8.8,1.553,0
0.61495,0,1.2343,-8.8,1.6425,0
0.7402,0,1.1951,-8.8,1.7549,0
0.86478,0,1.1657,-8.8,1.8776,0
0.97172,0,1.1624,-8.8,2.0228,0
1.0961,0,1.1759,-8.8,2.1685,0
1.0961,0,0,-8.8,2.3221,0
1.0961,0,0,-8.8,2.4758,0
1.0961,0,0,-8.8,2.6294,0
1.0961,0,0,-8.8,2.783,0
1.0961,0,0,-8.8,2.9366,0
1.8556,0,1.4542,-8.8,3.3233,0
2.0096,0,1.5318,-8.8,3.5568,0
2.1701,0,1.6031,-8.8,3.8097,0
2.1701,0,0,-8.8,4.0708,0
2.5042,0,1.6685,-8.8,4.3804,0
2.5042,0,0,-8.8,4.6748,0
2.5042,0,0,1.6221,4.9692,0
2.5042,0.16221,0,1.5972,5.2115,0
3.1752,0.32193,1.5549,1.5549,5.5708,0
3.3375,0.47742,1.5226,1.5226,5.8614,0
3.3375,0.62968,0,1.4824,6.1398,0
3.6411,0.77793,1.4278,1.4278,6.4375,0
3.7849,0.92071,1.3679,4.9,6.7194,7.3835
3.9286,1.4107,1.2732,4.9,6.9877,9.7482
4.0608,1.9007,1.0746,4.9,7.2271,13.324
4.1739,2.3907,0.77146,4.9,7.4209,18.526
4.1739,2.8807,0,3.0548,7.5747,13.552
4.2996,3.1862,0.15372,2.1239,7.6905,5.6291
4.3138,3.3986,-0.095021,1.5877,7.8018,4.8
4.3033,3.5573,-0.228,1.211,7.8894,4.045
4.3033,3.6784,0,0.94451,7.9579,1.6113
4.2661,3.7729,-0.25001,0.73505,8.0034,2.3718
4.2661,3.8464,0,0.58563,8.049,0.70833
4.2312,3.905,-0.2638,0.46237,8.0681,1.6506
4.2312,3.9512,0,0.35797,8.0985,0.29609
4.1842,3.987,-0.27728,0.27133,8.1134,1.2685
4.1648,4.0141,-0.20959,0.20525,8.1267,0.85827
4.1514,4.0347,-0.13367,0.15774,8.1312,0.51159
4.1467,4.0504,-0.11379,0.12921,8.1328,0.41028
4.1467,4.0634,0,0.10049,8.1418,0.049293
4.126,4.0734,-0.11284,0.070105,8.1443,0.33937
4.126,4.0804,0,0.047605,8.1492,0.0081089
4.0913,4.0852,-0.27331,0.0080794,8.1571,0.78303
4.0618,4.086,-0.29712,-0.0053654,8.1549,0.90626
4.0375,4.0854,-0.29927,-0.010645,8.1562,0.96194
4.0375,4.0844,0,-0.017562,8.1515,0.059248
3.9661,4.0826,-0.29528,-0.025944,8.1381,1.0845
3.9461,4.08,-0.28296,-0.029845,8.1334,1.0724
3.9461,4.077,0,-0.035222,8.1202,0.19655
3.8862,4.0735,-0.28926,-0.041897,8.1044,1.2039
3.8535,4.0693,-0.29679,-0.048371,8.0905,1.2917
3.8233,4.0645,-0.29568,-0.054269,8.0641,1.3383
3.7996,4.0591,-0.29995,-0.058602,8.0397,1.3925
3.7791,4.0532,-0.2964,-0.062183,8.0107,1.407
3.7544,4.047,-0.29972,-0.066528,7.9915,1.4581
3.718,4.0403,-0.29359,-0.073633,7.9607,1.4928
3.718,4.033,0,-0.080929,7.9288,0.48886
3.718,4.0249,0,-0.088556,7.8977,0.45242
3.6148,4.016,-0.30097,-0.093518,7.8329,1.6798
3.5897,4.0067,-0.30075,-0.097712,7.7956,1.7093
3.5695,3.9969,-0.30501,-0.10069,7.7575,1.7469
3.5383,3.9868,-0.31043,-0.10635,7.7146,1.8115
3.5078,3.9762,-0.31499,-0.11188,7.6668,1.8694
3.4773,3.965,-0.32095,-0.11758,7.6104,1.9317
3.4773,3.9533,0,-0.12203,7.5622,0.74925
3.4152,3.941,-0.34815,-0.1285,7.5179,2.1286
3.376,3.9282,-0.99099,-0.13587,7.4703,6.6157
3.2789,3.9146,-1.7038,-0.15785,7.4126,7.3423
3.118,3.8988,-2.3955,-0.19605,7.3431,8.4246
2.8817,3.8792,-3.0801,-0.25454,7.2478,9.7254
2.5717,3.8538,-3.7504,-0.33348,7.1334,11.175
2.5717,3.8204,0,-0.43378,7.0068,1.7231
1.8117,3.777,-3.8192,-8.8,6.8236,0
1.4342,2.897,-3.8493,-0.31298,6.6619,11.123
1.057,2.8657,-3.8745,-0.39815,6.5016,11.586
0.66401,2.8259,-3.8486,-8.8,6.2953,0
0.26966,1.9459,-3.7241,-0.27022,6.0951,10.97
-0.093275,1.9189,-3.5418,-8.8,5.9049,0
-0.093275,1.0389,0,-0.13471,5.7477,2.3143
-0.78989,1.0254,-3.0703,-0.17007,5.5683,10.092
-1.1014,1.0084,-2.8399,-8.8,5.3821,0
-1.3885,0.12843,-2.6494,-2.6494,5.1961,3.3862
-1.6607,0,-2.3441,-2.3441,5.0517,3.6808
-1.6607,0,0,-8.8,4.8974,0
-2.0893,0,-1.6481,-8.8,4.7238,0
-2.2465,0,-1.2588,-8.8,4.5428,0
-2.2465,0,0,-8.8,4.3621,0
-2.2465,0,0,-8.8,4.1815,0
-2.2465,0,0,-8.8,4.0008,0
-2.2465,0,0,-8.8,3.8202,0
-2.5861,0,-0.13159,-8.8,3.5429,0
-2.5995,0,-0.13691,-8.8,3.3349,0
-2.5995,0,0,-8.8,3.1189,0
-2.6314,0,-0.15986,-8.8,2.9096,0
-2.6314,0,0,-8.8,2.6904,0
-2.6662,0,-0.22735,-8.8,2.4808,0
-2.6662,0,0,-8.8,2.2582,0
-2.6662,0,0,-8.8,2.0355,0
-2.7432,0,-0.2555,-8.8,1.7945,0
-2.7779,0,-0.25162,-8.8,1.5588,0
-2.7946,0,-0.21502,-8.8,1.3227,0
-2.8244,0,-0.12621,-8.8,1.0846,0
-2.8244,0,0,-8.8,0.84617,0
-2.837,0,0.077999,-8.8,0.60469,0
-2.8269,0,0.17155,-10.658,0.36896,0
-2.8014,0,0.24,-28.331,0.13734,0
-2.768,0,0.26798,-544.16,0.0070364,0
-2.7503,0,0.32353,-8.8,2.4595,0
-2.7088,0,0.43625,-8.8,2.2208,0
-2.6596,0,0.64181,-8.8,2.0038,0
-2.5879,0,0.93188,-8.8,1.7833,0
-2.4958,0,1.2835,-8.8,1.5647,0
-2.3597,0,1.6328,-8.8,1.3625,0
-2.1933,0,1.9332,-8.8,1.1884,0
-2.1933,0,0,-8.8,1.0131,0
-1.7881,0,2.3227,-8.8,0.87754,0
-1.5582,0,2.4097,-8.8,0.76245,0
-1.5582,0,0,-8.8,0.65064,0
-1.0678,0,2.5336,-8.8,0.59668,0
-1.0678,0,0,-8.8,0.53391,0
-0.56671,0,2.6101,-8.8,0.52132,0
-0.30624,0,2.6449,-8.8,0.51554,0
-0.30624,0,0,-8.8,0.52892,0
0.23463,0,2.6998,-8.8,0.60849,0
0.49611,0,2.7166,-8.8,0.68127,0
0.49611,0,0,-8.8,0.77488,0
1.0383,0,2.6985,-8.8,0.93023,0
1.0383,0,0,-8.8,1.0781,0
1.5884,0,2.5474,-8.8,1.2903,0
1.5884,0,0,-8.8,1.4931,0
2.084,0,2.3392,-8.8,1.7508,0
2.3084,0,2.2348,-8.8,2.0071,0
2.5294,0,2.1522,-8.8,2.2863,0
2.7483,0,2.0441,-8.8,2.5932,0
2.9621,0,1.9196,-8.8,2.9152,0
3.1511,0,1.8163,-8.8,3.2572,0.20898
3.3271,0,1.707,-8.8,3.6171,0.77776
3.5066,0,1.6005,-8.8,3.994,1.4701
3.5066,0,0,-8.8,4.3886,0
3.8168,0,1.42,-8.8,4.8009,2.8822
3.9548,0,1.3034,1.3034,5.2425,0.53365
4.0933,0.13034,1.1749,1.1749,5.6354,0.96605
4.2148,0.24784,1.0185,1.0185,6.0415,1.5317
4.3201,0.34968,0.86053,0.86053,6.4446,2.1754
4.3201,0.43574,0,0.69072,6.8373,0
4.3201,0.50481,0,0.52603,7.2223,0
4.5302,0.55741,0.36223,0.36223,7.6461,4.8567
4.5671,0.59364,0.22068,0.22068,8.0394,5.8927
4.5974,0.6157,0.16123,0.16123,8.4361,6.4385
4.5974,0.63183,0,0.23011,8.8334,3.7823
4.6326,0.65484,0.40149,0.40149,9.2236,4.628
4.6326,0.69499,0,0.66705,9.6193,0
4.7293,0.76169,0.90115,0.90115,10.017,1.9939
4.8225,0.85181,1.0625,1.0625,10.423,1.3836
4.9245,0.95806,1.1197,4.9,10.812,4.5433
5.0305,1.4481,1.0846,4.9,11.186,6.505
5.1468,1.9381,0.93064,4.9,11.516,9.5902
5.2329,2.4281,0.78754,4.9,11.82,12.994
5.3215,2.9181,0.64781,4.9,12.073,16.609
5.3859,3.4081,0.49142,4.9,12.298,20.819
5.4412,3.8981,0.3544,3.2341,12.48,10.083
5.4754,4.2215,0.23444,2.3218,12.61,5.7311
5.4754,4.4536,0,1.7671,12.724,4.8144
5.4943,4.6303,0.0066967,1.3912,12.821,3.0747
5.4943,4.7695,0,1.1073,12.901,2.075
5.4925,4.8802,0.0082664,0.91278,12.975,1.4624
5.49,4.9715,0.084058,0.75206,13.025,0.72808
5.4995,5.0467,0.20475,0.64252,13.071,0.096978
5.4995,5.1109,0,0.58313,13.113,0.78877
5.4995,5.1692,0,0.5284,13.149,0.74845
5.5927,5.2221,0.36724,0.50027,13.176,0
5.5927,5.2721,0,0.47443,13.21,0.57824
5.6717,5.3196,0.4102,0.4632,13.25,0
5.6717,5.3659,0,0.4622,13.283,0.57555
5.7779,5.4121,0.53226,0.47003,13.331,0
5.8329,5.4591,0.58715,0.47441,13.365,0
5.8836,5.5065,0.58619,0.47312,13.411,0
5.9381,5.5539,0.51952,0.47643,13.444,0
5.9889,5.6015,0.38957,0.47482,13.486,0
6.0326,5.649,0.22528,0.46493,13.53,0
6.0612,5.6955,0.044238,0.43814,13.563,0.18813
6.0612,5.7393,0,0.37947,13.598,0.25653
6.0463,5.7772,-0.18733,0.31615,13.631,0.8526
6.0214,5.8088,-0.24411,0.24776,13.647,0.98115
5.9914,5.8336,-0.26712,0.1828,13.664,0.98012
5.9914,5.8519,0,0.12783,13.679,0
5.9318,5.8647,-0.26473,0.077193,13.684,0.83016
5.9318,5.8724,0,0.047755,13.69,0
5.9318,5.8772,0,0.014824,13.696,0
5.8559,5.8787,-0.27636,-0.0031891,13.696,0.83364
5.8378,5.8783,-0.3166,-0.0056703,13.697,1.0262
5.8058,5.8778,-0.35498,-0.010086,13.683,1.2566
5.8058,5.8768,0,-0.015402,13.676,0.11411
5.7248,5.8752,-0.42013,-0.021124,13.662,1.7439
5.6913,5.8731,-0.45313,-0.025556,13.648,1.9866
5.6368,5.8706,-0.47288,-0.032908,13.631,2.2271
5.5943,5.8673,-0.48708,-0.03852,13.606,2.4094
5.5435,5.8634,-0.50509,-0.04527,13.578,2.6386
5.5435,5.8589,0,-0.051803,13.546,0.56335
5.4502,5.8537,-0.55931,-0.057481,13.507,3.1939
