7.6891,7.6891,0.78618,0,35.5,0
7.7677,7.6891,0.64681,6.7,35.508,48.781
7.8237,8.3591,0.88326,6.7,35.482,48.856
7.8237,9.0291,0,6.7,35.395,69.209
7.9939,9.6991,1.0779,6.7,35.253,53.166
8.1014,10.369,1.1776,6.7,35.054,55.141
8.2143,11.039,1.1996,-0.1676,34.791,2.9183
8.3441,11.022,1.137,-0.16079,34.508,2.7636
8.464,11.006,1.149,-0.15425,34.256,2.4802
8.587,10.991,1.2281,-0.14744,33.999,2.1105
8.7168,10.976,1.3148,-0.13993,33.769,1.795
8.7168,10.962,0,-0.13191,33.544,6.267
8.7168,10.949,0,-0.12385,33.32,6.2629
9.1264,10.937,1.542,-0.11499,33.175,1.2924
9.1264,10.925,0,-0.10484,32.995,4.7587
9.4447,10.915,1.4801,-0.094673,32.857,1.0491
9.5862,10.905,1.3925,-0.085456,32.72,0.89796
9.7323,10.897,1.2364,-0.075843,32.596,0.69464
9.8655,10.889,1.1492,-0.067017,32.479,0.55185
9.8655,10.882,0,-0.058691,32.377,2.4017
10.088,10.876,1.1581,-0.052012,32.304,0.43224
10.088,10.871,0,-0.044286,32.225,1.7801
10.088,10.867,0,-0.036555,32.147,1.7958
10.458,10.863,1.5089,-0.026998,32.101,1.1073
10.617,10.86,1.7786,-0.01621,32.072,2.0977
10.617,10.859,0,-0.0043487,32.047,0.51759
10.997,10.858,2.249,0.12179,32.059,4.0029
10.997,10.87,0,0.3114,32.072,0.54361
10.997,10.902,0,0.50612,32.083,1.3522
11.763,10.952,2.9347,0.70314,32.195,4.8386
11.763,11.023,0,0.88823,32.273,0.97929
12.371,11.111,3.2127,1.0729,32.408,4.6323
12.694,11.219,3.2951,1.2419,32.553,4.3374
13.031,11.343,3.2216,1.401,32.707,3.3337
13.355,11.483,2.9893,1.5295,32.885,1.8089
13.355,11.636,0,1.6276,33.065,1.24
13.933,11.799,2.3052,1.6844,33.282,0
14.159,11.967,1.9701,1.6993,33.49,0
14.358,12.137,1.7317,1.6907,33.702,0
14.358,12.306,0,1.6615,33.916,0.25004
14.358,12.472,0,1.632,34.113,0.67438
14.842,12.635,1.3194,1.598,34.362,0
14.983,12.795,1.2366,1.5603,34.576,0
14.983,12.951,0,1.5134,34.787,0
14.983,13.103,0,1.4753,34.982,0
15.346,13.25,1.076,1.4326,35.198,0
15.458,13.393,0.99337,1.3934,35.409,0
15.551,13.533,0.98262,1.3452,35.605,0
15.551,13.667,0,1.303,35.8,0
15.745,13.798,0.8834,1.2687,35.991,0
15.841,13.924,0.82674,1.2356,36.179,0
15.841,14.048,0,1.1908,36.364,0
15.841,14.167,0,1.1546,36.538,0
16.059,14.283,0.67919,1.1122,36.723,0
16.129,14.394,0.67249,1.077,36.89,0
16.129,14.501,0,1.0395,37.059,0
16.265,14.605,0.6579,1.0131,37.227,0
16.265,14.707,0,0.98106,37.388,0
16.388,14.805,0.67126,0.95187,37.535,0
16.388,14.9,0,0.9293,37.688,0
16.519,14.993,0.63315,0.90484,37.841,0
16.576,15.083,0.52479,0.87961,38.002,0
16.631,15.171,0.39621,0.85499,38.155,0
16.631,15.257,0,0.82145,38.296,0
16.701,15.339,0.16978,0.78827,38.434,0
16.708,15.418,0.065248,0.74267,38.561,0
16.708,15.492,0,0.7051,38.686,0
16.727,15.563,0.0053747,0.66362,38.8,0
16.721,15.629,-0.01744,0.61915,38.914,0
16.722,15.691,-0.050064,0.58261,39.016,0
16.717,15.749,-0.065055,0.54482,39.122,0
16.717,15.804,0,0.51035,39.216,0
16.715,15.855,-0.056633,0.4806,39.307,0
16.705,15.903,-0.056456,0.44661,39.388,0
16.697,15.947,-0.075126,0.41639,39.458,0
16.689,15.989,-0.013084,0.38782,39.531,0
16.696,16.028,-0.015644,0.36889,39.593,0
16.702,16.065,-0.0059379,0.35102,39.667,0
16.702,16.1,0,0.33528,39.729,0
16.702,16.133,0,0.31732,39.787,0
16.702,16.165,0,0.3021,39.843,0
16.696,16.195,-0.17933,0.27356,39.894,0.037715
16.696,16.223,0,0.25046,39.943,0
16.666,16.248,-0.12241,0.22791,39.986,0
16.662,16.271,-0.0073369,0.21292,40.032,0
16.662,16.292,0,0.20127,40.07,0
16.662,16.312,0,0.19361,40.106,0
16.687,16.331,0.34967,0.19291,40.136,0
16.729,16.351,0.41073,0.20499,40.18,0
16.776,16.371,0.40434,0.21886,40.214,0
16.818,16.393,0.37543,0.22947,40.254,0
16.858,16.416,0.37949,0.23819,40.29,0
16.897,16.44,0.3864,0.24611,40.326,0
16.942,16.464,0.35586,0.25654,40.382,0
16.942,16.49,0,0.2573,40.429,0
16.995,16.516,0.33797,0.25673,40.48,0
16.995,16.541,0,0.26479,40.526,0
16.995,16.568,0,0.26887,40.57,0
16.995,16.595,0,0.267,40.612,0
17.135,16.621,0.41338,0.27353,40.675,0
17.135,16.649,0,0.27677,40.725,0
17.224,16.677,0.57107,0.29086,40.793,0
17.277,16.706,0.6277,0.30304,40.849,0
17.336,16.736,0.64965,0.31753,40.911,0
17.393,16.768,0.64172,0.33019,40.975,0
17.393,16.801,0,0.34987,41.036,0
17.523,16.836,0.55463,0.36157,41.108,0
17.585,16.872,0.52186,0.37433,41.187,0
17.585,16.909,0,0.37795,41.256,0
17.676,16.947,0.49888,0.38088,41.321,0
17.676,16.985,0,0.386,41.392,0
17.786,17.024,0.56975,0.39696,41.473,0
17.847,17.063,0.61545,0.40689,41.548,0
17.905,17.104,0.62455,0.41512,41.627,0
17.963,17.146,0.65088,0.42245,41.703,0
18.024,17.188,0.64678,0.43095,41.776,0
18.024,17.231,0,0.43849,41.857,0
18.151,17.275,0.70032,0.44956,41.929,0
18.151,17.32,0,0.4608,42.014,0
18.294,17.366,0.71972,0.47369,42.107,0
18.361,17.413,0.70522,0.48242,42.21,0
18.429,17.461,0.68644,0.49132,42.302,0
18.493,17.511,0.69032,0.49773,42.403,0
18.555,17.56,0.68705,0.50231,42.505,0
18.624,17.611,0.71745,0.51075,42.61,0
18.694,17.662,0.72919,0.51888,42.718,0
18.694,17.714,0,0.52328,42.818,0
18.694,17.766,0,0.52873,42.914,0
18.888,17.819,0.70385,0.53257,43.025,0
18.966,17.872,0.65015,0.54347,43.123,0
19.03,17.926,0.63652,0.54651,43.226,0
19.087,17.981,0.66052,0.54647,43.329,0
19.144,18.036,0.69678,0.54563,43.43,0
19.144,18.09,0,0.55263,43.538,0
19.287,18.145,0.77142,0.55896,43.668,0
19.368,18.201,0.79239,0.56969,43.773,0
19.449,18.258,0.80592,0.57992,43.895,0
19.537,18.316,0.82182,0.59308,44.02,0
19.537,18.376,0,0.603,44.139,0
19.537,18.436,0,0.61384,44.252,0
19.537,18.497,0,0.62378,44.359,0
19.537,18.56,0,0.62996,44.46,0
19.96,18.623,0.71878,0.64001,44.675,0
19.96,18.687,0,0.6459,44.806,0
20.1,18.751,0.41884,0.64147,44.942,0
20.141,18.815,0.21786,0.6285,45.069,0
20.17,18.878,0.013861,0.61081,45.193,0
20.166,18.939,-0.19887,0.57835,45.321,0
20.154,18.997,-0.32904,0.54356,45.431,0
20.122,19.052,-0.36635,0.50165,45.538,0
20.122,19.102,0,0.45563,45.643,0
20.122,19.147,0,0.41808,45.742,0
20.122,19.189,0,0.37706,45.838,0
19.955,19.227,-0.24883,0.33833,45.884,0
19.936,19.261,-0.12065,0.31352,45.947,0
19.927,19.292,-0.00093087,0.29405,46.007,0
19.922,19.321,0.18837,0.27811,46.079,0
19.922,19.349,0,0.27716,46.137,0
19.984,19.377,0.52614,0.28022,46.208,0
20.046,19.405,0.63252,0.29577,46.276,0
20.113,19.435,0.73904,0.31226,46.337,0
20.189,19.466,0.79155,0.33247,46.415,0
20.272,19.499,0.78891,0.35503,46.491,0
20.355,19.535,0.74628,4.8,46.578,23.2
20.429,20.015,0.68494,0.18289,46.635,0
20.504,20.033,0.6841,0.20771,46.681,0
20.577,20.054,0.72525,0.23035,46.727,0
20.646,20.077,0.81354,0.25044,46.78,0
20.646,20.102,0,0.27529,46.836,0
20.646,20.129,0,0.30445,46.889,0
20.914,20.16,0.96339,0.33086,46.97,0
21.011,20.193,0.89182,0.35843,47.051,0
21.096,20.229,0.77943,0.3792,47.14,0
21.164,20.266,0.67763,0.39196,47.231,0
21.164,20.306,0,0.40787,47.319,0
21.317,20.346,0.73463,0.42234,47.411,0
21.388,20.389,0.83017,0.43438,47.511,0
21.388,20.432,0,0.45277,47.609,0
21.551,20.477,0.81344,0.46503,47.717,0
21.634,20.524,0.72525,0.48005,47.819,0
21.717,20.572,0.63515,0.49409,47.938,0
21.782,20.621,0.49963,4.8,48.055,24.411
21.782,21.101,0,0.30471,48.147,0
21.871,21.132,0.37118,0.30689,48.23,0
21.911,21.162,0.28505,0.31025,48.307,0
21.946,21.193,0.19207,0.31148,48.373,0
21.956,21.225,0.099421,0.30234,48.438,0
21.974,21.255,0.0079573,0.2971,48.512,0
21.985,21.285,-0.074917,0.28891,48.591,0
21.985,21.313,0,0.27003,48.66,0
21.956,21.34,-0.19226,0.25371,48.726,0
21.934,21.366,-0.16882,0.23396,48.783,0
21.915,21.389,-0.11058,0.21601,48.84,0
21.901,21.411,-0.023715,0.20136,48.891,0
21.901,21.431,0.080694,0.19294,48.948,0
21.915,21.45,0.17478,0.19072,48.989,0
21.939,21.469,0.18277,0.19262,49.029,0
21.939,21.489,0,0.18885,49.075,0
21.963,21.508,0.22544,0.18668,49.109,0
21.993,21.526,0.20003,0.19109,49.152,0
22.018,21.545,-0.02208,0.19325,49.19,0
22.017,21.565,-0.18145,0.18489,49.235,0
21.991,21.583,-0.14868,0.16654,49.279,0
21.973,21.6,-0.047804,0.15226,49.312,0
21.973,21.615,0,0.14153,49.348,0
21.965,21.629,0.23182,0.13697,49.375,0
21.981,21.643,0.35743,0.13761,49.414,0
21.981,21.657,0,4.8,49.447,36.814
21.981,22.137,0,-0.0067044,49.455,0.31755
22.017,22.136,-0.36619,-0.0083527,49.466,1.4535
22.017,22.135,0,-0.011394,49.454,0.22295
21.932,22.134,-0.43781,-0.014206,49.44,2.0296
21.898,22.133,-0.35941,-0.016513,49.426,1.7487
21.862,22.131,-0.27707,-0.018976,49.406,1.4846
21.862,22.129,0,-0.021026,49.38,0.53314
21.812,22.127,-0.31714,-0.022242,49.335,1.7843
21.783,22.125,-0.34599,-0.024175,49.307,1.995
21.748,22.122,-0.29493,-0.026473,49.264,1.8506
21.723,22.12,-0.26092,-0.028151,49.216,1.7646
21.704,22.117,-0.20761,-0.029299,49.179,1.583
21.704,22.114,0,-0.030562,49.138,0.84556
21.704,22.111,0,-0.030968,49.097,0.83692
21.656,22.108,-0.072387,-0.032187,49.06,1.177
21.649,22.104,-0.031893,-0.032467,49.024,1.0514
21.644,22.101,-0.047606,-0.032644,48.986,1.1069
21.644,22.098,0,-0.033013,48.94,0.94719
21.632,22.095,-0.11493,-0.03309,48.903,1.3525
21.617,22.091,-0.13939,-0.03397,48.852,1.473
21.617,22.088,0,-0.035337,48.804,0.98139
21.579,22.084,-0.12131,-0.036309,48.77,1.4845
21.564,22.081,-0.0059875,-0.037222,48.722,1.1125
21.558,22.077,0.098702,-0.037409,48.669,0.81041
21.558,22.073,0,-0.037162,48.618,1.0887
21.558,22.07,0,-0.035654,48.566,1.0839
21.558,22.066,0,-0.033707,48.515,1.0809
21.655,22.063,0.5664,-0.029593,48.469,0
21.655,22.06,0,-0.02461,48.428,0.85142
21.769,22.057,0.47843,-0.02096,48.4,0
21.819,22.055,0.41751,-0.017207,48.376,0
21.864,22.053,0.37673,-0.013803,48.36,0
21.864,22.052,0,-0.011246,48.341,0.37854
21.932,22.051,0.45636,-0.0086655,48.325,0
21.97,22.05,0.53333,-0.0058678,48.309,0
22.016,22.049,0.61811,-0.0024176,48.304,0
22.074,22.049,0.68014,0.0095019,48.304,0
22.074,22.05,0,0.034016,48.306,0.024361
22.198,22.054,0.64668,0.055862,48.318,0
22.27,22.059,0.56902,0.081637,48.332,0
22.333,22.067,0.4813,0.10269,48.36,0
22.381,22.078,0.4005,0.1175,48.393,0
22.381,22.089,0,0.13002,48.423,0
22.467,22.102,0.34663,0.14099,48.464,0
22.467,22.116,0,0.14625,48.499,0
22.529,22.131,0.37384,0.15372,48.551,0
22.529,22.146,0,0.16208,48.59,0
22.6,22.163,0.33115,0.16881,48.637,0
22.643,22.18,0.35172,0.17883,48.676,0
22.643,22.197,0,0.18458,48.721,0
22.723,22.216,0.41884,0.19536,48.781,0
22.723,22.235,0,0.20402,48.831,0
22.808,22.256,0.45881,0.21267,48.873,0
22.857,22.277,0.43913,0.22321,48.923,0
22.857,22.299,0,0.23127,48.98,0
22.857,22.323,0,0.23889,49.035,0
22.979,22.346,0.44274,0.2431,49.114,0
22.979,22.371,0,0.25197,49.176,0
22.979,22.396,0,0.2604,49.235,0
23.126,22.422,0.53267,0.26991,49.313,0
23.188,22.449,0.5083,0.28319,49.389,0
23.188,22.477,0,0.29388,49.461,0
23.188,22.507,0,0.30156,49.531,0
23.188,22.537,0,0.31034,49.598,0
23.188,22.568,0,0.31227,49.661,0
23.433,22.599,0.4707,0.31835,49.815,0
23.485,22.631,0.50905,0.32582,49.908,0
23.54,22.663,0.5464,0.33402,49.986,0
23.597,22.697,0.57589,0.34292,50.082,0
23.664,22.731,0.63588,0.3549,50.167,0
23.664,22.767,0,0.36203,50.258,0
23.796,22.803,0.69861,0.37701,50.354,0
23.863,22.841,0.73481,0.38766,50.459,0
23.928,22.879,0.74541,0.39741,50.558,0
23.928,22.919,0,0.41261,50.661,0
24.081,22.96,0.68108,0.42351,50.763,0
24.154,23.003,0.67041,0.43484,50.881,0
24.154,23.046,0,0.44336,50.994,0
24.154,23.091,0,0.4502,51.102,0
24.154,23.136,0,0.46172,51.207,0
24.456,23.182,1.0401,0.47922,51.361,0
24.569,23.23,1.1296,0.50292,51.482,0
24.687,23.28,1.0752,0.52777,51.624,0
24.785,23.333,1.0317,4.8,51.775,16.519
24.785,23.813,0,0.3889,51.896,0
24.785,23.852,0,0.40796,51.992,0
25.072,23.892,0.90466,0.42711,52.125,0
25.072,23.935,0,0.44088,52.241,0
25.258,23.979,0.89481,0.4623,52.373,0
25.258,24.025,0,0.47596,52.499,0
25.433,24.073,0.80647,0.49066,52.64,0
25.433,24.122,0,0.50332,52.773,0
25.592,24.172,0.70996,4.8,52.927,20.32
25.664,24.652,0.74326,0.3533,53.049,0
25.746,24.688,0.74857,0.36929,53.148,0
25.831,24.725,0.74975,0.38564,53.253,0
25.914,24.763,0.73738,0.40082,53.371,0
25.914,24.803,0,0.41151,53.484,0
26.057,24.844,0.69554,0.42193,53.613,0
26.129,24.887,0.73117,0.43193,53.726,0
26.198,24.93,0.82289,0.44059,53.853,0
26.282,24.974,0.90388,4.8,53.983,18.673
26.376,25.454,1.0155,0.31059,54.096,0
26.474,25.485,1.1324,0.33282,54.185,0
26.474,25.518,0,0.35742,54.282,0
26.707,25.554,1.52,0.3876,54.398,1.2057
26.864,25.593,1.9258,0.42715,54.521,3.0796
27.049,25.635,2.4414,0.4748,54.652,6.0283
27.049,25.683,0,0.53954,54.791,0
27.592,25.737,3.8781,0.62225,54.985,16.86
27.592,25.799,0,4.8,55.167,27.621
28.434,26.279,5.2176,0.70289,55.413,29.582
28.963,26.349,5.5596,0.85214,55.648,33.87
29.526,26.435,5.7026,1.0071,55.94,36.403
30.094,26.535,5.4606,4.8,56.277,0
30.63,27.015,5.4424,1.1481,56.639,35.629
30.63,27.13,0,4.8,56.995,17.479
31.665,27.61,4.1543,1.2572,57.418,24.505
31.665,27.736,0,4.8,57.817,15.039
32.41,28.216,2.6384,1.2704,58.264,11.548
32.678,28.343,1.647,4.8,58.688,0
32.678,28.823,0,1.1906,59.098,0
32.933,28.942,0.66163,4.8,59.519,7.5746
32.933,29.422,0,1.0376,59.894,0
33.069,29.526,0.46035,-2,60.24,140.55
33.107,29.326,0.37522,-2,60.598,166.42
33.107,29.126,0,-2,60.986,221.56
33.189,28.926,0.34577,4.8,61.391,9.3165
33.189,29.406,0,-2,61.793,186.54
33.246,29.206,0.16315,-2,62.19,215.71
33.267,29.006,0.20869,4.8,62.602,10.79
33.286,29.486,0.22643,-2,63.012,175.05
33.286,29.286,0,-2,63.402,225.43
33.286,29.086,0,-2,63.812,272.49
33.286,28.886,0,4.8,64.242,12.427
33.367,29.366,0.19765,-2,64.674,206.19
33.389,29.166,0.19052,-2,65.095,248.27
33.403,28.966,0.23056,4.8,65.537,9.6336
33.434,29.446,0.21614,-2,65.949,202.55
33.446,29.246,0.20299,-2,66.366,241.85
33.46,29.046,0.23505,4.8,66.796,9.7039
33.46,29.526,0,-2,67.213,212.56
33.46,29.326,0,-2,67.617,255.63
33.46,29.126,0,-2,68.04,312.76
33.574,28.926,0.22112,4.8,68.502,8.6523
33.595,29.406,0.18532,-2,68.935,241.88
33.595,29.206,0,-2,69.364,331.87
33.642,29.006,0.17607,4.8,69.806,9.1887
33.658,29.486,0.16446,-2,70.252,240.93
33.675,29.286,0.14673,-2,70.673,296.05
33.696,29.086,0.145,-2,71.128,370.45
33.709,28.886,0.13292,4.8,71.609,8.6798
33.709,29.366,0,-2,72.068,315.73
33.728,29.166,0.10991,-2,72.511,362.91
33.734,28.966,0.13437,4.8,72.987,8.9497
33.757,29.446,0.18735,-2,73.445,268.55
33.769,29.246,0.3366,-2,73.892,296.47
33.769,29.046,0,4.8,74.354,10.673
33.858,29.526,0.73411,-2,74.82,219.16
33.94,29.326,0.99786,-2,75.266,243.26
34.045,29.126,1.3447,-2,75.75,265.42
34.17,28.926,1.6691,4.8,76.266,0
34.17,29.406,0,-2,76.766,530
34.527,29.206,2.2705,-2,77.29,272.1
34.754,29.006,2.4852,4.8,77.835,0
34.998,29.486,2.572,-2,78.395,282.95
34.998,29.286,0,-2,78.956,0
34.998,29.086,0,-2,79.537,0
34.998,28.886,0,4.8,80.138,3.5691
35.999,29.366,1.9134,-2,80.916,585.28
36.186,29.166,1.5199,-2,81.608,1116.7
36.338,28.966,1.1836,4.8,82.318,0
36.451,29.446,0.90741,-2,83.038,15645
36.538,29.246,0.78594,-2,83.748,0
36.615,29.046,0.8314,4.8,84.486,0
36.697,29.526,0.8799,-2,85.227,0
36.793,29.326,0.8453,-2,85.964,0
36.881,29.126,0.80915,-2,86.716,0
36.954,28.926,0.73512,4.8,87.496,0
37.035,29.406,0.53695,-2,88.281,0
37.08,29.206,0.35195,-2,89.06,0
37.121,29.006,0.17489,4.8,89.863,0
37.121,29.486,0,-2,90.651,0
37.149,29.286,-0.17288,-2,91.434,0
37.13,29.086,-0.26484,-2,92.223,0
37.1,28.886,-0.29008,4.8,93.035,0
37.068,29.366,-0.30675,-2,93.841,0
37.068,29.166,0,-2,94.621,0
37.002,28.966,-0.3443,4.8,95.41,0
36.959,29.446,-0.3342,-2,96.184,0
36.934,29.246,-0.28298,-2,96.946,0
36.897,29.046,-0.19057,4.8,97.72,0
36.873,29.526,-0.09317,-2,98.473,0
36.868,29.326,-0.030644,-2,99.21,0
36.862,29.126,0.039086,-2,99.979,0
36.857,28.926,0.0062067,4.8,100.77,0
36.851,29.406,-0.0065212,-2,101.54,0
36.855,29.206,-0.0055868,-2,102.29,0
36.859,29.006,0.015461,4.8,103.06,0
36.853,29.486,0.053187,-2,103.81,0
36.861,29.286,0.10146,-2,104.56,0
36.861,29.086,0,-2,105.33,0
36.861,28.886,0,4.8,106.12,0
36.861,29.366,0,-2,106.89,0
36.935,29.166,0.35471,-2,107.65,0
36.961,28.966,0.40525,4.8,108.44,0
36.961,29.446,0,-2,109.22,0
37.038,29.246,0.5245,-2,109.98,0
37.092,29.046,0.52246,4.8,110.77,0
37.135,29.526,0.5524,-2,111.56,0
37.181,29.326,0.5972,-2,112.32,0
37.181,29.126,0,-2,113.12,0
37.302,28.926,0.50974,4.8,113.94,0
37.302,29.406,0,-2,114.75,0
37.409,29.206,0.55219,-2,115.57,0
37.409,29.006,0,4.8,116.4,0
37.515,29.486,0.46571,-2,117.22,0
37.553,29.286,0.44624,-2,118.04,0
37.589,29.086,0.43731,-2,118.89,0
37.639,28.886,0.39209,4.8,119.75,0
37.639,29.366,0,-2,120.6,0
37.726,29.166,0.42772,-2,121.45,0
37.775,28.966,0.4622,4.8,122.32,0
37.775,29.446,0,-2,123.18,0
37.874,29.246,0.40049,-2,124.02,0
37.91,29.046,0.41857,4.8,124.9,0
37.91,29.526,0,-2,125.77,0
37.988,29.326,0.29246,-2,126.62,0
38.009,29.126,0.11786,-2,127.5,0
38.012,28.926,0.028728,4.8,128.4,0
38.022,29.406,-0.090688,-2,129.28,0
38.012,29.206,-0.15356,-2,130.16,0
38.012,29.006,0,4.8,131.05,0
38.012,29.486,0,-2,131.93,0
37.937,29.286,-0.27847,-2,132.78,0
37.902,29.086,-0.30642,-2,133.65,0
37.902,28.886,0,4.8,134.54,0
37.836,29.366,-0.23635,-2,135.41,0
37.836,29.166,0,-2,136.27,0
37.809,28.966,-0.093884,4.8,137.13,0
37.803,29.446,0.0083617,-2,137.98,0
37.808,29.246,0.014116,-2,138.83,0
37.801,29.046,0.20511,4.8,139.69,0
37.817,29.526,0.35651,-2,140.54,0
37.855,29.326,0.39042,-2,141.39,0
37.888,29.126,0.49415,-2,142.26,0
37.941,28.926,0.49546,4.8,143.15,0
37.989,29.406,0.33369,-2,144.04,0
38.026,29.206,0.32676,-2,144.91,0
38.061,29.006,0.33056,4.8,145.8,0
38.061,29.486,0,-2,146.68,0
38.122,29.286,0.29708,-2,147.55,0
38.15,29.086,0.28891,-2,148.44,0
38.17,28.886,0.22544,4.8,149.35,0
38.192,29.366,0.24881,-2,150.26,0
38.192,29.166,0,-2,151.15,0
38.257,28.966,0.27707,4.8,152.07,0
38.292,29.446,0.3288,-2,152.98,0
38.292,29.246,0,-2,153.87,0
38.373,29.046,0.37246,4.8,154.78,0
38.373,29.526,0,-2,155.69,0
38.373,29.326,0,-2,156.58,0
38.493,29.126,0.40739,-2,157.5,0
38.493,28.926,0,4.8,158.45,0
38.566,29.406,0.38525,-2,159.39,0
38.596,29.206,0.35443,-2,160.32,0
38.596,29.006,0,4.8,161.27,0
38.688,29.486,0.41059,-2,162.21,0
38.734,29.286,0.56545,-2,163.14,0
38.8,29.086,0.62138,-2,164.11,0
