10.556,10.556,1.1224,0,35.5,0.31476
10.673,10.556,1.153,6.7,35.507,40.654
10.789,11.226,0.98293,6.7,35.484,46.656
10.878,11.896,0.95566,-0.063555,35.405,0.49442
10.971,11.889,0.92944,-0.057599,35.303,0.3997
11.063,11.883,0.8709,-0.051674,35.208,0.30707
11.148,11.878,0.80492,-0.04613,35.135,0.22266
11.239,11.874,0.84686,-0.040224,35.073,0.1385
11.32,11.87,0.92893,-0.034875,35.021,0.11387
11.32,11.866,0,-0.029077,34.966,1.1931
11.32,11.863,0,-0.021952,34.912,1.2085
11.64,11.861,1.3887,-0.014075,34.908,0.88185
11.777,11.86,1.475,-0.0052817,34.902,1.227
11.922,11.859,1.4663,0.051051,34.895,1.1148
11.922,11.864,0,0.15939,34.901,0.25945
11.922,11.88,0,0.26574,34.906,0.61758
12.345,11.907,1.3641,0.35604,34.987,0
12.489,11.942,1.3137,0.44217,35.028,0
12.489,11.987,0,0.50651,35.08,0.19856
12.489,12.037,0,0.5688,35.128,0.55497
12.867,12.094,1.2968,0.61594,35.231,0
12.867,12.156,0,0.67235,35.305,0.20346
12.867,12.223,0,0.71241,35.373,0.54431
13.261,12.294,1.303,0.75489,35.508,0
13.397,12.37,1.293,0.79576,35.612,0
13.397,12.449,0,0.82647,35.711,0.10408
13.397,12.532,0,0.85366,35.801,0.45057
13.778,12.617,1.2319,0.87748,35.961,0
13.778,12.705,0,0.8969,36.073,0.010642
13.778,12.795,0,0.91082,36.175,0.32723
13.778,12.886,0,0.92197,36.269,0.64926
14.27,12.978,1.2226,0.94334,36.463,0
14.386,13.072,1.2114,0.95049,36.586,0
14.386,13.167,0,0.95939,36.713,0
14.386,13.263,0,0.96639,36.83,0.13496
14.743,13.36,1.227,0.97486,37.005,0
14.868,13.457,1.2186,0.98547,37.145,0
14.868,13.556,0,0.99583,37.281,0
14.868,13.656,0,0.99878,37.407,0
15.225,13.755,1.2092,1.0001,37.58,0
15.341,13.855,1.1695,1.0022,37.725,0
15.341,13.956,0,0.99881,37.869,0
15.563,14.056,1.1916,0.99985,38.019,0
15.674,14.155,1.1743,0.99882,38.165,0
15.794,14.255,1.1718,1.0036,38.316,0
15.906,14.356,1.1883,1.003,38.465,0
16.026,14.456,1.1863,1.0073,38.614,0
16.143,14.557,1.1829,1.0095,38.769,0
16.267,14.658,1.179,1.0163,38.929,0
16.386,14.759,1.1567,1.0196,39.099,0
16.492,14.861,1.137,1.0143,39.272,0
16.492,14.963,0,1.0172,39.43,0
16.721,15.064,1.1065,1.0148,39.599,0
16.84,15.166,1.0914,1.0183,39.775,0
16.84,15.268,0,1.0197,39.937,0
17.073,15.37,1.0768,1.0206,40.106,0
17.185,15.472,1.0714,1.0189,40.28,0
17.292,15.574,1.0429,1.0151,40.456,0
17.39,15.675,0.99513,1.0058,40.62,0
17.486,15.776,0.96288,0.99597,40.783,0
17.583,15.875,0.92082,0.9874,40.956,0
17.583,15.974,0,0.98181,41.121,0
17.767,16.072,0.83639,0.96763,41.308,0
17.767,16.169,0,0.95504,41.473,0
17.933,16.265,0.80883,0.94027,41.643,0
18.009,16.359,0.78425,0.92456,41.812,0
18.091,16.451,0.7777,0.9133,41.974,0
18.169,16.542,0.78154,0.90068,42.138,0
18.169,16.632,0,0.88602,42.296,0
18.323,16.721,0.76197,0.87746,42.463,0
18.392,16.809,0.76821,0.86259,42.622,0
18.392,16.895,0,0.85379,42.776,0
18.551,16.98,0.74944,0.84673,42.938,0
18.617,17.065,0.75186,0.83274,43.104,0
18.694,17.148,0.76704,0.8252,43.255,0
18.78,17.231,0.7714,0.82299,43.415,0
18.851,17.313,0.74809,4.8,43.573,19.224
18.93,17.793,0.71872,0.57559,43.699,0
18.997,17.851,0.6687,0.57846,43.805,0
18.997,17.909,0,0.5777,43.917,0
19.131,17.966,0.75887,0.5844,44.03,0
19.212,18.025,0.7603,0.59378,44.156,0
19.282,18.084,0.73809,0.59728,44.272,0
19.35,18.144,0.69008,0.59981,44.396,0
19.411,18.204,0.53189,0.59821,44.521,0
19.456,18.264,0.42013,0.5891,44.643,0
19.501,18.323,0.33525,0.5808,44.769,0
19.525,18.381,0.29041,0.56229,44.886,0
19.546,18.437,0.28918,0.5433,44.996,0
19.568,18.491,0.28122,0.5258,45.106,0
19.604,18.544,0.29662,0.51654,45.216,0
19.604,18.595,0,4.8,45.32,32.483
19.679,19.075,0.36062,0.28159,45.392,0
19.725,19.104,0.40086,0.28961,45.461,0
19.76,19.133,0.43457,0.29188,45.516,0
19.799,19.162,0.46683,0.29613,45.572,0
19.837,19.191,0.50919,0.29926,45.636,0
19.883,19.221,0.53368,0.30642,45.695,0
19.927,19.252,0.50571,0.31225,45.758,0
19.982,19.283,0.51442,0.32271,45.819,0
20.04,19.315,0.49849,0.33422,45.89,0
20.04,19.349,0,0.33871,45.961,0
20.04,19.383,0,0.34041,46.028,0
20.04,19.417,0,0.34317,46.092,0
20.215,19.451,0.41567,0.34988,46.161,0
20.262,19.486,0.4044,0.35494,46.246,0
20.309,19.522,0.43843,0.35958,46.316,0
20.309,19.558,0,0.36116,46.392,0
20.309,19.594,0,0.36349,46.466,0
20.436,19.63,0.52442,0.36641,46.554,0
20.498,19.667,0.5336,0.37732,46.634,0
20.557,19.704,0.48609,0.3863,46.71,0
20.596,19.743,0.48635,0.38595,46.805,0
20.654,19.782,0.46289,0.39396,46.886,0
20.695,19.821,0.4592,4.8,46.976,26.62
20.695,20.301,0,0.19462,47.039,0
20.798,20.32,0.50725,0.20689,47.083,0
20.798,20.341,0,0.22092,47.129,0
20.894,20.363,0.46964,0.2298,47.183,0
20.936,20.386,0.48502,0.23757,47.234,0
20.936,20.41,0,0.2449,47.287,0
21.032,20.435,0.43687,0.25799,47.343,0
21.067,20.46,0.44945,0.2614,47.405,0
21.114,20.486,0.44006,0.27013,47.459,0
21.16,20.513,0.437,0.27803,47.519,0
21.204,20.541,0.44967,0.28465,47.581,0
21.204,20.57,0,0.29308,47.646,0
21.297,20.599,0.47198,0.29926,47.722,0
21.337,20.629,0.44774,0.30316,47.786,0
21.384,20.659,0.42519,0.30997,47.864,0
21.416,20.69,0.41864,0.31033,47.942,0
21.457,20.721,0.43457,0.31425,48.006,0
21.506,20.753,0.42841,0.32107,48.079,0
21.55,20.785,0.44079,0.32587,48.158,0
21.588,20.817,0.43575,0.32803,48.238,0
21.623,20.85,0.45091,0.32819,48.31,0
21.661,20.883,0.40685,0.33027,48.389,0
21.661,20.916,0,4.8,48.466,34.14
21.751,21.396,0.43221,0.14502,48.521,0
21.751,21.411,0,0.15593,48.556,0
21.836,21.426,0.41297,0.16707,48.585,0
21.881,21.443,0.38698,0.17872,48.62,0
21.911,21.461,0.38029,0.18365,48.665,0
21.947,21.479,0.3125,0.19074,48.705,0
21.986,21.498,0.25606,0.19849,48.754,0
22.009,21.518,0.25648,0.19975,48.809,0
22.032,21.538,0.25458,0.20097,48.861,0
22.066,21.558,0.22091,0.20623,48.905,0
22.066,21.579,0,0.20326,48.955,0
22.093,21.599,0.23203,0.20051,49,0
22.093,21.619,0,0.20425,49.049,0
22.154,21.64,0.22094,0.20833,49.09,0
22.154,21.66,0,0.21275,49.14,0
22.217,21.682,0.22227,0.21659,49.208,0
22.217,21.703,0,0.2166,49.261,0
22.255,21.725,0.2037,0.21421,49.305,0
22.275,21.746,0.21485,0.21322,49.351,0
22.294,21.768,0.22942,0.21221,49.409,0
22.315,21.789,0.22337,0.21195,49.462,0
22.315,21.81,0,0.21332,49.513,0
22.371,21.831,0.2661,0.21703,49.554,0
22.394,21.853,0.25689,0.21751,49.599,0
22.394,21.875,0,0.22044,49.652,0
22.394,21.897,0,0.22433,49.703,0
22.394,21.919,0,0.22453,49.751,0
22.394,21.942,0,0.22679,49.798,0
22.394,21.965,0,4.8,49.842,36.142
22.552,22.445,0.25019,0.041546,49.91,0
22.57,22.449,0.23722,0.046983,49.928,0
22.586,22.453,0.24254,0.051313,49.932,0
22.61,22.458,0.24494,0.058703,49.938,0
22.644,22.464,0.23627,0.069278,49.964,0
22.663,22.471,0.23621,0.074236,49.978,0
22.68,22.479,0.22942,0.077907,50.002,0
22.68,22.487,0,0.084617,50.022,0
22.68,22.495,0,0.090765,50.041,0
22.744,22.504,0.13793,0.092586,50.076,0
22.76,22.513,0.10918,0.095408,50.102,0
22.781,22.523,0.073708,0.099743,50.131,0
22.781,22.533,0,0.097884,50.157,0
22.795,22.543,0.0045517,0.097339,50.193,0
22.795,22.552,0,0.091983,50.218,0
22.791,22.562,-0.046897,0.088617,50.243,0
22.789,22.57,-0.058773,0.084256,50.255,0
22.789,22.579,0,0.082399,50.277,0
22.796,22.587,-0.041883,0.080412,50.308,0
22.793,22.595,-0.054762,0.076406,50.337,0
22.793,22.603,0,0.073133,50.356,0
22.793,22.61,0,0.072066,50.375,0
22.791,22.617,-0.085589,0.067101,50.391,0
22.777,22.624,-0.056878,0.058996,50.415,0
22.775,22.63,-0.0093387,0.055992,50.428,0
22.784,22.635,-0.026458,0.057312,50.443,0
22.784,22.641,0,0.051944,50.457,0
22.784,22.646,0,0.045771,50.471,0
22.784,22.651,0,0.040493,50.485,0
22.784,22.655,0,0.037681,50.498,0
22.737,22.659,-0.17304,0.030098,50.489,0.33709
22.724,22.662,-0.18477,0.024045,50.489,0.3933
22.724,22.664,0,0.014733,50.495,0
22.724,22.666,0,0.0094846,50.501,0
22.677,22.667,-0.17255,0.004087,50.506,0.42559
22.656,22.667,-0.16388,-0.00073956,50.5,0.43777
22.656,22.667,0,-0.0025254,50.499,0.016286
22.656,22.667,0,-0.0030471,50.498,0.014664
22.62,22.666,-0.13045,-0.0032323,50.498,0.41978
22.611,22.666,-0.1059,-0.0038362,50.502,0.36953
22.593,22.666,-0.093135,-0.0051048,50.496,0.37382
22.59,22.665,-0.089211,-0.0052158,50.489,0.36652
22.584,22.665,-0.079607,-0.0056075,50.488,0.35264
22.569,22.664,-0.11222,-0.0066461,50.477,0.47573
22.569,22.663,0,-0.0080578,50.467,0.18045
22.538,22.663,-0.16277,-0.0087411,50.461,0.69855
22.523,22.662,-0.15457,-0.0096753,50.447,0.70347
22.523,22.661,0,-0.010342,50.433,0.26811
22.523,22.66,0,-0.011655,50.419,0.26273
22.49,22.659,-0.10647,-0.011827,50.398,0.62446
22.488,22.657,-0.090958,-0.011852,50.375,0.57895
22.488,22.656,0,-0.012243,50.358,0.33082
22.466,22.655,-0.096647,-0.013239,50.329,0.63975
22.456,22.654,-0.10576,-0.013867,50.302,0.68735
22.444,22.652,-0.11398,-0.014624,50.283,0.73738
22.439,22.651,-0.12533,-0.014871,50.269,0.78128
22.439,22.649,0,-0.015527,50.248,0.41696
22.405,22.648,-0.11607,-0.017043,50.233,0.82344
22.385,22.646,-0.12451,-0.018344,50.215,0.89431
22.385,22.644,0,-0.018988,50.189,0.51913
22.385,22.642,0,-0.019614,50.163,0.51312
22.352,22.64,-0.13918,-0.020335,50.139,1.01
22.335,22.638,-0.16724,-0.02139,50.109,1.1451
22.335,22.636,0,-0.022198,50.079,0.60827
22.309,22.634,-0.12944,-0.022956,50.058,1.0649
22.302,22.632,-0.1087,-0.023309,50.016,1.0053
22.293,22.629,-0.09475,-0.023853,49.976,0.97625
22.293,22.627,0,-0.024004,49.942,0.68198
22.293,22.625,0,-0.024425,49.909,0.67512
22.268,22.622,-0.14899,-0.025181,49.885,1.2069
22.255,22.62,-0.14461,-0.025941,49.854,1.2169
22.248,22.617,-0.13885,-0.02629,49.815,1.2071
22.228,22.614,-0.12988,-0.027561,49.773,1.218
22.213,22.612,-0.13788,-0.028464,49.738,1.2775
22.204,22.609,-0.14913,-0.028917,49.702,1.3338
22.183,22.606,-0.17197,-0.030265,49.665,1.4678
22.16,22.603,-0.20167,-0.031741,49.631,1.6395
22.145,22.6,-0.21704,-0.032579,49.591,1.7333
22.145,22.596,0,-0.034551,49.546,0.93602
22.104,22.593,-0.19153,-0.035118,49.511,1.719
22.104,22.589,0,-0.0365,49.462,1.0151
22.057,22.586,-0.2237,-0.038101,49.398,1.9641
22.057,22.582,0,-0.039727,49.345,1.1048
22.007,22.578,-0.35987,-0.041279,49.288,2.7457
21.971,22.574,-0.44371,-0.04369,49.234,3.3161
21.971,22.57,0,-0.046511,49.174,1.274
21.971,22.565,0,-0.050151,49.114,1.2501
21.811,22.56,-0.69292,-0.054563,49.05,5.5458
21.811,22.554,0,-0.059737,48.975,1.6161
21.662,22.548,-0.77043,-0.064931,48.876,6.734
21.59,22.542,-0.80032,-0.069889,48.785,7.2676
21.505,22.535,-0.84318,-0.075879,48.681,7.997
21.429,22.527,-0.83365,-0.081181,48.569,8.1962
21.346,22.519,-0.80494,-0.087031,48.455,8.2402
21.27,22.511,-0.75824,-0.092398,48.327,8.0835
21.186,22.501,-0.70436,-0.098392,48.195,7.9001
21.118,22.491,-0.63893,-0.10318,48.051,7.5541
21.054,22.481,-0.58104,-0.10763,47.91,7.2697
21.005,22.47,-0.61117,-0.11106,47.763,7.678
20.95,22.459,-0.65219,-0.1149,47.61,8.2138
20.893,22.448,-0.64251,-0.11897,47.457,8.3124
20.819,22.436,-0.60569,-0.12435,47.291,8.2324
20.819,22.423,0,-0.12889,47.13,3.9638
20.691,22.411,-0.55449,-0.13364,46.957,8.1897
20.691,22.397,0,-0.13834,46.785,4.2644
20.585,22.383,-0.47039,-0.14137,46.602,7.7805
20.546,22.369,-0.47857,-0.14414,46.415,7.9383
20.493,22.355,-0.47705,-0.148,46.241,8.0719
20.493,22.34,0,-0.15216,46.055,4.6852
20.39,22.325,-0.47274,-0.15571,45.859,8.3119
20.35,22.309,-0.45758,-0.15864,45.67,8.2737
20.304,22.293,-0.46242,-0.16206,45.481,8.4268
20.304,22.277,0,-0.16557,45.283,5.0662
20.216,22.261,-0.46393,-0.16882,45.071,8.6439
20.179,22.244,-0.44337,-0.17155,44.873,8.5384
20.132,22.227,-0.41224,-0.17521,44.664,8.3841
20.132,22.209,0,-0.17888,44.456,5.3713
20.054,22.191,-0.38803,-0.18132,44.246,8.334
20.012,22.173,-0.36546,-0.18459,44.039,8.2311
19.973,22.155,-0.41514,-0.18768,43.823,8.7141
19.939,22.136,-0.49385,-0.19037,43.604,9.453
19.939,22.117,0,-0.19417,43.386,5.6598
19.83,22.097,-0.6119,-0.19946,43.163,10.843
19.777,22.077,-0.66772,-0.20389,42.943,11.54
19.777,22.057,0,-0.20953,42.714,5.9583
19.645,22.036,-0.72065,-0.21537,42.465,12.469
19.645,22.015,0,-0.22225,42.227,6.222
19.645,21.992,0,-0.22875,41.991,6.1008
19.426,21.969,-0.78092,-0.23514,41.723,13.784
19.349,21.946,-0.80892,-0.24237,41.457,14.338
19.274,21.922,-0.95564,-0.24936,41.192,16.378
19.169,21.897,-1.2329,-0.25947,40.917,20.722
19.037,21.871,-1.6307,-0.27222,40.643,28.294
18.868,21.844,-2.1191,-0.28888,40.355,40.301
18.868,21.815,0,-0.31077,40.059,7.9714
18.868,21.784,0,-0.33746,39.766,7.6805
18.868,21.75,0,-0.37155,39.476,7.3394
17.695,21.713,-3.9815,-0.41045,38.972,131.46
17.695,21.672,0,-0.45355,38.572,11.433
16.881,21.626,-4.3508,-0.50086,38.108,162.78
16.881,21.576,0,-0.55231,37.636,14.029
16.881,21.521,0,-0.60666,37.17,13.358
15.548,21.46,-4.6111,-0.66409,36.513,187.64
15.083,21.394,-4.6753,-0.72658,35.896,193.97
14.621,21.321,-4.7377,-0.79182,35.254,200.13
14.154,21.242,-4.7454,-0.86222,34.557,201.3
13.684,21.156,-4.7553,-0.9371,33.835,202.74
13.215,21.062,-4.7073,-1.0174,33.063,199.22
12.745,20.96,-4.666,-1.1031,32.268,196.51
12.274,20.85,-4.6233,-1.1956,31.432,193.83
11.819,20.731,-4.6085,-1.2934,30.561,193.37
11.367,20.601,-4.6028,-1.3985,29.661,193.56
10.897,20.461,-4.5929,-1.5161,28.722,193.4
10.897,20.31,0,-1.6447,27.773,29.315
9.968,20.145,-4.677,-1.7849,26.741,200.71
9.968,19.967,0,-1.9412,25.732,29.816
9.031,19.773,-4.6543,-2.1108,24.657,49.656
8.5655,19.562,-4.6728,-2.3007,23.571,48.269
8.0975,19.332,-4.6442,-2.5132,22.459,46.71
7.6427,19.08,-4.6088,-2.7489,21.321,44.913
7.6427,18.805,0,-3.0167,20.191,26.359
6.718,18.504,-4.6232,-3.3158,18.994,40.589
6.2589,18.172,-4.5911,-3.6546,17.812,38.034
6.2589,17.807,0,-4.0438,16.639,19.937
5.3498,17.402,-4.2199,-4.4769,15.419,31.798
5.3498,16.955,0,-4.964,14.236,14.425
4.5257,16.458,-3.6977,-9.1608,13.031,12.982
4.1485,15.542,-3.4812,-8.948,11.873,11.87
3.7917,14.647,-3.4261,-8.8999,10.764,10.752
3.4481,13.757,-3.439,-8.9193,9.6965,9.6183
3.1011,12.865,-3.4964,-8.9741,8.7026,8.5067
3.1011,11.968,0,-8.984,7.7711,7.767
2.4171,11.07,-3.4931,-8.9543,6.8541,6.262
2.4171,10.174,0,-8.8483,6.0336,1.9708
2.4171,9.2893,0,-8.7159,5.3022,0.43509
1.41,8.4177,-3.1205,-8.5635,4.511,2.9285
1.0967,7.5613,-2.9847,-8.4234,3.8421,1.8245
0.80717,6.719,-2.8731,-8.2974,3.2215,0.72136
0.80717,5.8892,0,-8.8,2.6719,0
0.80717,5.0092,0,-8.8,2.2077,0
0.80717,4.1292,0,-8.8,1.8314,0
0.80717,3.2492,0,-8.8,1.5432,0
-0.58733,2.3692,-2.8227,-8.8,0.96912,0
-0.86561,1.4892,-2.8415,-8.8,0.70361,0
-1.1574,0.60922,-2.8487,-8.8,0.50354,0
-1.4378,0,-2.902,-8.8,0.36094,0
-1.7372,0,-2.9419,-8.8823,0.25401,0
-2.0246,0,-2.9493,-23.423,0.1001,0
-2.3161,0,-2.9523,9.8,1,31.97
-2.6146,0.98,-2.9666,-12.032,0.7127,0
-2.905,0,-2.9682,-13.475,0.40159,0
-2.905,0,0,-34.588,0.17847,0
-2.905,0,0,9.8,1.0642,26.973
-2.905,0.98,0,-22.318,0.7247,0
-2.905,0,0,-44.128,0.44779,0
-2.905,0,0,9.8,1.378,26.973
-4.7037,0.98,-2.6651,-35.627,0.49003,0
-4.7037,0,0,-156.56,0.099794,0
-4.7037,0,0,-41.47,0.41224,0
-5.4523,0,-2.2057,-744.38,0.020028,0
-5.4523,0,0,-8.8,3.1967,0
-5.4523,0,0,-8.8,2.6954,0
-6.0843,0,-1.9438,-10.791,2.0921,0
-6.2762,0,-1.787,-14.706,1.5245,0
-6.4449,0,-1.5945,-23.192,0.96161,0
-6.6025,0,-1.3747,-52.031,0.43028,0
-6.7364,0,-1.1821,-885.64,0.025653,0
-6.7364,0,0,-8.8,3.7802,0
-6.9551,0,-0.88069,-8.8,3.1173,0
-7.0489,0,-0.79447,-10.921,2.4533,0
-7.0489,0,0,-14.94,1.803,0
-7.0489,0,0,-23.093,1.1728,0
-7.2574,0,-0.52725,-48.702,0.54666,0
-7.3149,0,-0.43194,-492.47,0.054373,0
-7.3677,0,-0.3438,-15.506,1.7901,0
-7.4063,0,-0.31189,-24.623,1.1282,0
-7.4063,0,0,-53.585,0.51064,0
-7.466,0,-0.40125,-728.71,0.038267,0
-7.466,0,0,-10.109,2.9352,0
-7.5549,0,-0.55599,-13.43,2.2168,0
-7.6096,0,-0.61342,-19.504,1.5327,0
-7.6096,0,0,-34.488,0.86924,0
-7.7441,0,-0.64753,-113.84,0.26492,0
-7.7994,0,-0.52292,-599.7,0.050762,0
-7.7994,0,0,-13.945,2.2693,0
-7.8864,0,-0.266,-20.129,1.5656,0
-7.9179,0,-0.11705,-36.252,0.86748,0
-7.9321,0,0.024428,-125.76,0.2501,0
-7.9369,0,0.06632,-339.26,0.092824,0
-7.9261,0,0.087865,-31.718,0.98759,0
-7.9141,0,0.11171,-87.578,0.35712,0
-7.9097,0,0.13823,-3025.7,0.010338,0
-7.8932,0,0.22795,0.22795,14.348,16.607
-7.8713,0.022795,0.4004,0.4004,13.565,16.609
-7.8392,0.062835,0.67654,0.67654,12.774,16.625
-7.8392,0.13049,0,0.98966,11.981,18.843
-7.8392,0.22946,0,1.3207,11.179,19.742
-7.5235,0.36153,1.6131,1.6131,10.419,16.59
-7.5235,0.52284,0,1.8566,9.6224,20.822
-7.5235,0.7085,0,2.0224,8.8085,21.551
-6.976,0.91074,2.1202,-0.35371,8.0518,11.395
-6.7544,0.87537,2.1606,2.1606,7.2745,16.067
-6.7544,1.0914,0,-0.59093,6.5007,15.268
-6.3278,1.0323,2.1448,-0.65792,5.7541,9.6248
-6.1079,0.96654,2.1001,-8.8,5.0269,0
-5.8889,0.086544,2.0794,-8.8,4.3764,0
-5.6822,0,2.0729,-8.8,3.8314,0
-5.6822,0,0,-8.8,3.3071,0
-5.2728,0,2.1102,-8.8,2.8259,0
-5.0536,0,2.1341,-8.8,2.3462,0
-4.8429,0,2.1387,-8.8,1.8918,0
-4.62,0,2.1273,-8.8,1.4659,0
-4.4078,0,2.0806,-8.8,1.0678,0
-4.1957,0,2.0141,-11.092,0.67159,0
-3.9876,0,1.9474,-22.351,0.3272,0
-3.7939,0,1.9083,-143.19,0.0496,0
-3.6024,0,1.904,-14.192,0.40312,0
-3.6024,0,0,-47.886,0.11384,0
-3.2179,0,1.9248,-178.73,0.02866,0
-3.0179,0,1.905,-8.8,0.61541,0
-2.8251,0,1.869,-9.002,0.36708,0
-2.6342,0,1.8293,-24.866,0.12997,0
-2.4533,0,1.7978,-11826,0.00025444,0
-2.2834,0,1.7799,7.8,58.883,17.756
-2.2834,0.78,0,7.8,58.616,23.095
-1.9209,1.56,1.7715,7.8,58.305,20.229
-1.9209,2.34,0,7.8,57.918,25.55
-1.5713,3.12,1.6911,7.8,57.481,22.879
-1.5713,3.9,0,7.8,56.973,28.032
-1.2365,4.68,1.5882,7.8,56.418,25.607
-1.0819,5.46,1.574,7.8,55.79,26.919
-0.91662,6.24,1.5692,6.7,55.105,25.878
-0.91662,6.91,0,6.7,54.356,30.549
-0.60282,7.58,1.5514,6.7,53.581,28.019
-0.60282,8.25,0,6.7,52.729,32.652
-0.2879,8.92,1.4991,6.7,51.833,30.23
-0.13898,9.59,1.4528,6.7,50.891,31.396
-0.0015887,10.26,1.4288,6.7,49.897,32.538
0.13689,10.93,1.3825,6.7,48.846,108.34
0.2689,11.6,1.3558,6.7,47.746,112.6
0.41308,12.27,1.3225,4.8,46.586,94.108
0.55396,12.75,1.2842,4.8,45.39,97.129
0.68291,13.23,1.247,4.8,44.157,100.23
0.81032,13.71,1.2231,4.8,42.893,103.11
0.93269,14.19,1.1711,4.8,41.59,106.59
1.0525,14.67,1.0912,4.8,40.237,110.68
1.0525,15.15,0,-0.97391,38.851,65.898
1.2729,15.053,1.1753,-1.0112,37.47,45.217
1.2729,14.951,0,-1.0507,36.097,62.209
1.2729,14.846,0,-1.0911,34.734,61.046
1.6398,14.737,1.3054,-1.134,33.428,38.602
1.7619,14.624,1.1514,-1.1786,32.136,38.743
1.8846,14.506,1.0103,-1.2253,30.868,38.696
1.8846,14.384,0,-1.2779,29.612,51.913
1.8846,14.256,0,-1.3344,28.368,50.468
2.1388,14.122,0.65283,-1.3949,27.171,37.99
2.2095,13.983,0.66366,-1.4595,25.984,36.046
2.2824,13.837,0.6484,-1.5269,24.826,34.38
2.3473,13.684,0.66734,-1.6011,23.673,32.275
2.4199,13.524,0.67313,-1.6782,22.546,30.263
2.4928,13.356,0.66501,-1.7593,21.445,28.374
2.5656,13.18,0.66856,-1.8459,20.362,26.317
2.6384,12.996,0.66322,-1.9352,19.316,24.345
2.701,12.802,0.65345,-2.0321,18.289,22.42
2.7587,12.599,0.68138,-2.1346,17.291,20.169
2.7587,12.386,0,-2.2374,16.317,25.051
2.7587,12.162,0,-2.3471,15.366,22.919
2.7587,11.927,0,-2.4585,14.437,20.793
3.0345,11.681,0.6849,-2.572,13.59,12.473
3.1084,11.424,0.66753,-2.6849,12.744,10.894
3.1841,11.156,0.69996,-2.801,11.92,9.2659
3.2534,10.875,0.74397,-2.9165,11.133,7.9402
3.3274,10.584,0.73788,-3.0198,10.394,7.0768
3.3274,10.282,0,-5.2,9.6833,13.425
3.3274,9.7618,0,-5.2,9.0138,12.359
