14.167,14.167,0.6456,0,35.5,0
14.24,14.167,0.17218,0.04532,35.507,0
14.261,14.171,0.3012,0.055251,35.517,0
14.285,14.177,0.22764,0.066415,35.536,0
14.298,14.183,0.23655,0.070657,35.547,0
14.331,14.19,0.21914,0.086223,35.559,0
14.35,14.199,0.20165,0.092711,35.577,0
14.378,14.208,0.19203,0.1042,35.596,0
14.406,14.219,0.1849,0.11472,35.62,0
14.406,14.23,0,0.11576,35.638,0
14.406,14.242,0,0.12659,35.655,0
14.471,14.254,0.33438,0.13253,35.67,0
14.511,14.268,0.3829,0.14901,35.701,0
14.54,14.283,0.42444,0.15704,35.722,0
14.591,14.298,0.45853,0.17842,35.743,0
14.591,14.316,0,0.19947,35.772,0
14.688,14.336,0.5041,0.214,35.804,0
14.742,14.357,0.50192,0.23375,35.845,0
14.792,14.381,0.45057,0.24946,35.884,0
14.836,14.406,0.33361,0.26023,35.927,0
14.861,14.432,0.18466,0.25962,35.98,0
14.881,14.458,0.060394,0.25507,36.025,0
14.892,14.483,-0.084175,0.24626,36.061,0
14.884,14.508,-0.18198,0.22586,36.098,0.21591
14.87,14.531,-0.18206,0.20351,36.126,0.23909
14.87,14.551,0,0.1806,36.159,0
14.87,14.569,0,0.1587,36.19,0
14.818,14.585,-0.13436,0.13919,36.212,0.16243
14.818,14.599,0,0.12187,36.235,0
14.787,14.611,-0.12671,0.10472,36.262,0.18058
14.767,14.621,-0.16785,0.086997,36.276,0.32308
14.756,14.63,-0.15661,0.074779,36.291,0.30326
14.743,14.638,-0.16304,0.062456,36.295,0.33699
14.721,14.644,-0.15596,0.045861,36.305,0.33551
14.713,14.648,-0.080625,0.038188,36.313,0.13743
14.707,14.652,-0.022857,0.032854,36.328,0.0058196
14.707,14.655,-0.017716,0.030406,36.333,0
14.707,14.659,0.046231,0.028967,36.329,0
14.717,14.661,0.10883,0.033036,36.329,0
14.735,14.665,0.095438,0.041466,36.331,0
14.737,14.669,0.065694,0.040567,36.332,0
14.737,14.673,0.06718,0.038235,36.348,0
14.747,14.677,0.092309,0.041502,36.36,0
14.747,14.681,0,0.045058,36.367,0
14.763,14.685,0.13731,0.045961,36.384,0
14.77,14.69,0.19064,0.047326,36.395,0
14.781,14.695,0.23274,0.051033,36.398,0
14.806,14.7,0.21591,0.062787,36.403,0
14.832,14.706,0.20477,0.074548,36.418,0
14.862,14.714,0.21665,0.087808,36.425,0
14.879,14.722,0.22632,0.092694,36.445,0
14.903,14.732,0.25754,0.10137,36.463,0
14.903,14.742,0,0.1088,36.48,0
14.946,14.753,0.28711,0.11422,36.496,0
14.982,14.764,0.27669,0.12836,36.507,0
14.982,14.777,0,0.13422,36.528,0
14.982,14.79,0,0.1385,36.548,0
14.982,14.804,0,0.14811,36.566,0
15.077,14.819,0.28754,0.15144,36.618,0
15.077,14.834,0,0.15898,36.644,0
15.145,14.85,0.29057,0.17273,36.676,0
15.145,14.867,0,0.17506,36.704,0
15.145,14.885,0,0.18542,36.731,0
15.145,14.903,0,0.19183,36.756,0
15.265,14.923,0.34578,0.19988,36.808,0
15.292,14.943,0.34848,0.20381,36.844,0
15.322,14.963,0.34886,0.20888,36.883,0
15.322,14.984,0,0.21126,36.918,0
15.383,15.005,0.17248,0.21944,36.968,0
15.383,15.027,0,0.21382,37.004,0
15.398,15.048,0.036417,0.20248,37.031,0
15.392,15.068,-0.024985,0.18698,37.074,0
15.397,15.087,-0.086183,0.1788,37.099,0
15.38,15.105,-0.080711,0.15828,37.132,0
15.371,15.121,-0.020181,0.14373,37.154,0
15.371,15.135,0,0.13226,37.178,0
15.366,15.149,0.13694,0.12467,37.208,0
15.366,15.161,0,0.12407,37.229,0
15.405,15.173,0.21375,0.13269,37.269,0
15.419,15.187,0.21196,0.13312,37.294,0
15.44,15.2,0.2138,0.13734,37.309,0
15.44,15.214,0,0.1433,37.332,0
15.478,15.228,0.22626,0.14271,37.368,0
15.508,15.242,0.2509,0.15186,37.387,0
15.508,15.257,0,0.1576,37.413,0
15.56,15.273,0.20385,0.16342,37.438,0
15.56,15.29,0,0.16984,37.466,0
15.621,15.307,0.24565,0.17851,37.507,0
15.653,15.324,0.27445,0.18674,37.54,0
15.682,15.343,0.33002,0.19192,37.566,0
15.721,15.362,0.36012,0.20326,37.603,0
15.749,15.383,0.35536,0.20748,37.647,0
15.794,15.403,0.35906,0.22068,37.686,0
15.822,15.425,0.35868,0.22378,37.73,0
15.822,15.448,0,0.22754,37.769,0
15.885,15.471,0.37136,0.23336,37.823,0
15.916,15.494,0.34031,0.23717,37.865,0
15.945,15.518,0.35857,0.2396,37.909,0
15.988,15.542,0.39248,0.25026,37.962,0
15.988,15.567,0,0.25732,38.005,0
15.988,15.592,0,0.25778,38.046,0
16.088,15.618,0.35743,0.26209,38.098,0
16.088,15.644,0,0.27022,38.144,0
16.088,15.671,0,0.2736,38.187,0
16.184,15.699,0.18217,0.26919,38.251,0
16.208,15.726,0.13986,0.26675,38.298,0
16.212,15.752,0.093821,0.25375,38.338,0
16.212,15.778,0,0.23993,38.382,0
16.224,15.802,0.0082864,0.23261,38.415,0
16.224,15.825,0,0.21457,38.456,0
16.217,15.846,0.03779,0.20339,38.491,0
16.217,15.867,0.056819,0.1922,38.531,0
16.233,15.886,0.08012,0.18981,38.571,0
16.233,15.905,0,0.1827,38.605,0
16.233,15.923,0,0.18226,38.637,0
16.264,15.941,0.16514,0.17616,38.68,0
16.29,15.959,0.15954,0.1806,38.708,0
16.301,15.977,0.17241,0.17647,38.743,0
16.32,15.995,0.20583,0.17686,38.784,0
16.32,16.012,0,0.17396,38.815,0
16.32,16.03,0,0.17818,38.845,0
16.384,16.048,0.18967,0.18264,38.891,0
16.41,16.066,0.18813,0.18665,38.918,0
16.432,16.085,0.20392,0.18774,38.942,0
16.457,16.103,0.1927,0.19092,38.987,0
16.469,16.122,0.17122,0.18702,39.026,0
16.469,16.141,0,0.18702,39.059,0
16.469,16.16,0,0.19016,39.091,0
16.531,16.179,0.20872,0.18964,39.129,0
16.562,16.198,0.20881,0.19566,39.171,0
16.562,16.217,0,0.19132,39.206,0
16.584,16.237,0.088395,0.18622,39.242,0
16.588,16.255,-0.010944,0.1783,39.28,0
16.592,16.273,-0.083775,0.17093,39.313,0
16.592,16.29,0,0.15672,39.344,0
16.592,16.306,0,0.13768,39.374,0
16.542,16.319,-0.13936,0.11892,39.404,0.14341
16.519,16.331,-0.09094,0.10018,39.416,0.04163
16.519,16.341,0,0.090121,39.434,0
16.503,16.35,-0.023552,0.081187,39.444,0
16.502,16.359,0.029483,0.076187,39.45,0
16.504,16.366,0.056099,0.07329,39.467,0
16.51,16.373,0.079571,0.072656,39.477,0
16.527,16.381,0.13081,0.077531,39.495,0
16.542,16.389,0.13161,0.081489,39.503,0
16.548,16.397,0.13834,0.080141,39.52,0
16.548,16.405,0,0.078965,39.535,0
16.57,16.413,0.14444,0.083491,39.535,0
16.589,16.421,0.14028,0.089064,39.541,0
16.596,16.43,0.15957,0.087857,39.55,0
16.609,16.439,0.1503,0.090125,39.559,0
16.621,16.448,0.15601,0.091854,39.586,0
16.621,16.457,0,0.099333,39.603,0
16.67,16.467,0.18071,0.10759,39.613,0
16.67,16.477,0,0.10649,39.633,0
16.67,16.488,0,0.11251,39.652,0
16.722,16.499,0.14986,0.11746,39.674,0
16.74,16.511,0.12871,0.12057,39.688,0
16.762,16.523,0.12607,0.12583,39.718,0
16.762,16.536,0,0.12279,39.742,0
16.782,16.548,0.12498,0.12283,39.767,0
16.802,16.56,0.12908,0.12719,39.79,0
16.818,16.573,0.12811,0.12866,39.807,0
16.84,16.586,0.10801,0.13312,39.826,0
16.84,16.599,0,0.12815,39.851,0
16.864,16.612,0.091769,0.13169,39.859,0
16.874,16.625,0.078269,0.13013,39.889,0
16.88,16.638,0.10549,0.12637,39.923,0
16.885,16.651,0.11264,0.12209,39.947,0
16.885,16.663,0,0.12001,39.97,0
16.885,16.675,0,0.11735,39.991,0
16.908,16.687,0.12261,0.11507,40.021,0
16.924,16.698,0.10734,0.11751,40.052,0
16.929,16.71,0.1125,0.11409,40.069,0
16.944,16.721,0.12498,0.11577,40.088,0
16.955,16.733,0.16366,0.11532,40.106,0
16.969,16.745,0.20113,0.11663,40.138,0
16.996,16.756,0.22268,0.12465,40.16,0
16.996,16.769,0,0.12797,40.184,0
17.04,16.782,0.21567,0.13417,40.202,0
17.059,16.795,0.21431,0.13687,40.235,0
17.073,16.809,0.19162,0.13677,40.267,0
17.091,16.822,0.1924,0.13918,40.297,0
17.091,16.836,0,0.14186,40.323,0
17.128,16.85,0.2112,0.14358,40.34,0
17.143,16.865,0.17405,0.14337,40.366,0
17.153,16.879,0.18504,0.1411,40.387,0
17.167,16.893,0.18398,0.1411,40.412,0
17.182,16.907,0.17401,0.14142,40.432,0
17.19,16.921,0.17997,0.13797,40.464,0
17.19,16.935,0,0.13907,40.49,0
17.229,16.949,0.16613,0.14362,40.507,0
17.254,16.964,0.11532,0.14904,40.54,0
17.264,16.978,0.063134,0.1464,40.573,0
17.277,16.993,0.0094253,0.1452,40.603,0
17.275,17.008,-0.023559,0.13675,40.637,0
17.275,17.021,0,0.12665,40.663,0
17.263,17.034,-0.051737,0.11684,40.677,0
17.263,17.046,0,0.10657,40.7,0
17.263,17.056,0,0.10396,40.721,0
17.247,17.067,-0.075952,0.091896,40.749,0
17.249,17.076,-0.0785,0.088096,40.762,0.013149
17.231,17.085,-0.080702,0.074504,40.78,0.044405
17.228,17.092,-0.099908,0.069194,40.802,0.10401
17.221,17.099,-0.096541,0.061886,40.816,0.10897
17.221,17.105,0,0.055751,40.828,0
17.221,17.111,0,0.053553,40.839,0
17.206,17.116,0.060777,0.045778,40.84,0
17.214,17.121,0.13067,0.047396,40.854,0
17.218,17.125,0.19093,0.047119,40.873,0
17.234,17.13,0.26727,0.052696,40.876,0
17.261,17.135,0.29323,0.06398,40.89,0
17.286,17.142,0.26882,0.073362,40.896,0
17.313,17.149,0.23285,0.083435,40.91,0
17.344,17.158,0.21139,0.094791,40.935,0
17.37,17.167,0.17494,0.10298,40.948,0
17.383,17.177,0.061851,0.10406,40.966,0
17.389,17.188,-0.037626,0.10211,40.994,0
17.389,17.198,0,0.090946,41.013,0
17.37,17.207,-0.17526,0.08253,41.029,0.28994
17.362,17.215,-0.24198,0.07441,41.046,0.52041
17.346,17.223,-0.25017,0.062222,41.06,0.57158
17.318,17.229,-0.21769,0.04482,41.076,0.49552
17.318,17.233,0,0.027477,41.085,0
17.258,17.236,-0.21039,0.010853,41.094,0.53678
17.234,17.237,-0.24922,-0.00023731,41.098,0.69473
17.234,17.237,0,-0.0018521,41.097,0.0027301
17.174,17.237,-0.31181,-0.0045964,41.093,1.0762
17.174,17.237,0,-0.006631,41.087,0.11573
17.111,17.236,-0.3455,-0.0090994,41.076,1.3791
17.083,17.235,-0.32702,-0.011077,41.058,1.374
17.041,17.234,-0.30323,-0.014115,41.033,1.386
17.01,17.232,-0.31594,-0.016295,41.013,1.5203
16.988,17.231,-0.35588,-0.017794,40.996,1.7545
16.951,17.229,-0.36317,-0.020346,40.967,1.887
16.905,17.227,-0.38625,-0.023589,40.944,2.1265
16.905,17.225,0,-0.026288,40.912,0.64038
16.824,17.222,-0.41774,-0.029244,40.872,2.5167
16.776,17.219,-0.38985,-0.032639,40.822,2.5087
16.743,17.216,-0.42258,-0.034913,40.777,2.7764
16.743,17.212,0,-0.038288,40.73,0.97057
16.743,17.209,0,-0.041126,40.683,0.95254
16.603,17.204,-0.4376,-0.04461,40.62,3.2685
16.556,17.2,-0.48423,-0.047878,40.556,3.6895
16.507,17.195,-0.46753,-0.051313,40.482,3.734
16.462,17.19,-0.45668,-0.054437,40.419,3.8012
16.462,17.185,0,-0.05795,40.346,1.566
16.367,17.179,-0.43886,-0.061047,40.251,3.9688
16.317,17.173,-0.36549,-0.064506,40.177,3.6675
16.317,17.166,0,-0.067026,40.091,1.8823
16.249,17.16,-0.34772,-0.069129,39.998,3.7406
16.249,17.153,0,-0.07168,39.907,2.0208
16.171,17.145,-0.34114,-0.074461,39.81,3.9061
16.136,17.138,-0.35713,-0.076866,39.717,4.0935
16.097,17.13,-0.36523,-0.079536,39.624,4.2463
16.065,17.122,-0.35538,-0.081672,39.518,4.2623
16.065,17.114,0,-0.083832,39.412,2.3974
16.065,17.106,0,-0.085429,39.308,2.3662
15.983,17.097,-0.38379,-0.087062,39.198,4.6276
15.983,17.089,0,-0.089667,39.087,2.5415
15.983,17.08,0,-0.091902,38.977,2.5055
15.877,17.07,-0.42662,-0.094454,38.872,5.1858
15.831,17.061,-0.44657,-0.097707,38.76,5.451
15.794,17.051,-0.40671,-0.10032,38.64,5.2667
15.754,17.041,-0.37956,-0.10325,38.506,5.1841
15.72,17.031,-0.30831,-0.10568,38.379,4.7965
15.694,17.02,-0.30689,-0.10746,38.244,4.8356
15.671,17.01,-0.31508,-0.10905,38.102,4.9261
15.633,16.999,-0.32881,-0.11183,37.962,5.1034
15.633,16.987,0,-0.11344,37.826,3.2139
15.574,16.976,-0.40782,-0.11597,37.702,5.7663
15.524,16.965,-0.39464,-0.11986,37.553,5.8064
15.524,16.953,0,-0.12205,37.41,3.4147
15.453,16.94,-0.35058,-0.12516,37.26,5.6538
15.426,16.928,-0.33616,-0.12718,37.104,5.6019
15.384,16.915,-0.32642,-0.13035,36.955,5.6298
15.384,16.902,0,-0.13314,36.802,3.6542
15.384,16.889,0,-0.13542,36.651,3.5998
15.284,16.875,-0.38136,-0.13816,36.466,6.2152
15.241,16.861,-0.37768,-0.14167,36.298,6.2886
15.241,16.847,0,-0.144,36.137,3.8987
15.241,16.833,0,-0.14826,35.977,3.8303
15.104,16.818,-0.55386,-0.15294,35.79,8.0185
15.049,16.803,-0.65967,-0.15749,35.626,9.1213
14.99,16.787,-0.78707,-0.16253,35.457,10.56
14.901,16.771,-0.89006,-0.17029,35.278,11.991
14.901,16.754,0,-0.17728,35.092,4.5769
14.727,16.736,-0.91409,-0.18585,34.896,12.879
14.633,16.717,-0.93756,-0.19444,34.699,13.495
14.537,16.698,-1.0895,-0.20348,34.478,15.783
14.437,16.678,-1.2671,-0.2129,34.262,18.71
14.314,16.656,-1.5248,-0.22474,34.033,23.508
14.314,16.634,0,-0.24054,33.8,5.9335
13.963,16.61,-2.0258,-0.25943,33.535,35.849
13.751,16.584,-2.114,-0.2809,33.26,39.188
13.549,16.556,-2.2033,-0.30195,32.971,42.619
13.333,16.526,-2.2335,-0.32512,32.658,44.572
13.104,16.493,-2.2211,-0.35023,32.323,45.386
12.874,16.458,-2.2486,-0.37615,31.979,47.311
12.642,16.42,-2.2354,-0.40315,31.615,48.065
12.422,16.38,-2.2385,-0.42991,31.224,49.17
12.422,16.337,0,-0.45847,30.83,11.122
12.422,16.291,0,-0.48878,30.441,10.707
11.725,16.242,-2.0211,-0.52068,29.952,46.291
11.725,16.19,0,-0.54991,29.503,12.963
11.725,16.135,0,-0.5759,29.06,12.518
11.22,16.078,-0.82581,-0.59909,28.559,24.157
11.136,16.018,-0.47773,-0.61689,28.073,19.503
11.136,15.956,0,-0.62986,27.588,14.029
11.045,15.893,-0.55259,-0.64386,27.102,19.984
10.998,15.829,-0.61493,-0.65826,26.612,20.535
10.944,15.763,-0.62685,-0.67375,26.13,20.473
10.888,15.696,-0.41926,-0.68975,25.651,17.755
10.845,15.627,-0.099497,-0.70442,25.168,14.191
10.845,15.556,0,-0.71541,24.694,12.88
10.838,15.485,-0.48974,-0.72178,24.229,17.41
10.798,15.412,-1.3039,-0.73632,23.763,28.778
10.67,15.339,-2.3344,-0.76625,23.291,52.852
10.445,15.262,-3.6305,-0.81321,22.82,109
10.079,15.181,-4.8083,-0.88793,22.323,210.57
9.6006,15.092,-5.316,-0.9888,21.785,35.592
9.0606,14.993,-5.4856,-1.1083,21.212,35.589
8.5062,14.882,-5.4536,-1.2406,20.596,35.442
7.9669,14.758,-4.8958,-1.3826,19.929,34.94
7.4842,14.62,-4.0255,-1.5243,19.238,34.308
7.0741,14.468,-3.0766,-1.6644,18.508,88.672
7.0741,14.301,0,-1.7922,17.777,16.586
6.5437,14.122,-1.6189,-1.9131,16.995,41.23
6.3799,13.931,-1.3829,-2.0263,16.232,34.897
6.2457,13.728,-1.5311,-2.1388,15.473,35.946
6.2457,13.514,0,-2.2591,14.736,13.43
6.2457,13.288,0,-2.3999,14.02,11.61
5.7244,13.048,-2.0373,-2.5569,13.259,40.712
5.5193,12.792,-1.8389,-2.728,12.532,33.557
5.338,12.52,-1.4577,-2.9028,11.809,23.743
5.338,12.229,0,-4.4,11.105,8.3593
5.338,11.789,0,-5.2,10.438,21.038
5.338,11.269,0,-5.2,9.819,27.361
4.9887,10.749,-0.30185,-5.2,9.1535,26.189
4.9556,10.229,-0.36904,-5.2,8.5921,25.343
4.9173,9.7094,-0.50842,-5.2,8.0939,21.974
4.8597,9.1894,-0.68525,-5.2,7.6384,17.949
4.8597,8.6694,0,-5.2,7.2314,25.227
4.7083,8.1494,-1.1549,-5.2,6.8492,8.7219
4.591,7.6294,-1.4114,-5.2,6.5336,4.1743
4.4456,7.1094,-1.5724,-5.2,6.2553,1.0287
4.2906,6.5894,-1.5174,-5.2,6.0161,0
4.1465,6.0694,-1.3067,-8.8,5.7967,0
4.02,5.1894,-1.0127,-8.8,5.6366,0
4.02,4.3094,0,-8.8,5.5636,0
3.841,3.4294,-0.37244,-8.8,5.5578,0
3.8064,2.5494,-0.22465,-8.8,5.6425,0
3.7746,1.6694,-0.21259,-8.8,5.8029,0
3.7597,0.78942,-0.21041,-0.21041,6.0591,2.5131
3.7319,0.76838,-0.13912,-0.13912,6.3474,2.1194
3.7158,0.75447,-0.017003,-0.017003,6.6358,1.5612
3.7093,0.75277,0.11491,0.11491,6.9308,1.0286
3.7202,0.76426,0.24693,0.24693,7.2265,0.57867
3.7502,0.78895,0.40205,0.40205,7.5271,0.13519
3.8002,0.82916,0.51557,0.51557,7.824,0
3.8495,0.88071,0.68154,4.9,8.1255,13.265
3.9136,1.3707,0.88826,4.9,8.3996,13.284
3.9969,1.8607,1.17,4.9,8.6297,12.512
3.9969,2.3507,0,4.9,8.8188,29.576
4.2533,2.8407,1.6806,3.7473,8.9814,3.9289
4.4217,3.2154,1.8197,2.6335,9.1048,0
4.6084,3.4788,1.8776,2.1882,9.2273,0
4.6084,3.6976,0,1.9433,9.3294,6.513
4.9789,3.8919,1.8598,1.7837,9.4524,0
4.9789,4.0703,0,1.6921,9.5522,4.7999
5.3572,4.2395,1.7452,1.6255,9.6905,0
5.5297,4.4021,1.6857,1.5546,9.7929,0
5.5297,4.5575,0,1.4888,9.8979,3.2693
5.8589,4.7064,1.584,1.4513,10.027,0
6.0207,4.8515,1.5547,1.4142,10.146,0
6.0207,4.9929,0,1.3709,10.256,2.3823
6.327,5.13,1.4972,1.348,10.398,0
6.4751,5.2648,1.4941,1.3187,10.518,0
6.4751,5.3967,0,1.3009,10.633,1.8218
6.4751,5.5268,0,1.2764,10.734,2.1609
6.9115,5.6544,1.4479,1.253,10.882,0
7.0535,5.7797,1.4292,1.2357,10.999,0
7.1911,5.9033,1.3778,1.2177,11.118,0
7.3279,6.0251,1.2925,1.2032,11.251,0
7.3279,6.1454,0,1.1873,11.375,0.90181
7.5767,6.2641,1.0201,1.1589,11.506,0
7.5767,6.38,0,1.1153,11.632,0.53001
7.7545,6.4916,0.7806,1.0705,11.751,0
7.7545,6.5986,0,1.0253,11.872,0.27318
7.7545,6.7011,0,0.97917,11.982,0.39441
7.7545,6.799,0,0.93486,12.083,0.50911
7.7545,6.8925,0,0.90984,12.174,0.69122
8.1071,6.9835,0.80343,0.88056,12.341,0
8.1956,7.0716,0.92677,0.86945,12.451,0
8.1956,7.1585,0,0.86667,12.559,0
8.3958,7.2452,0.99709,0.86848,12.676,0
8.4932,7.332,0.95193,0.86624,12.794,0
8.5801,7.4187,0.8137,0.85696,12.919,0
8.5801,7.5044,0,0.84398,13.031,0
8.5801,7.5887,0,0.81141,13.134,0
8.5801,7.6699,0,0.7695,13.229,0.00071185
8.5801,7.7468,0,0.71846,13.316,0.03155
8.5801,7.8187,0,0.67283,13.396,0.068073
8.8086,7.886,0.36385,0.64155,13.552,0
8.8086,7.9501,0,0.62343,13.641,0
8.91,8.0125,0.73926,0.61504,13.736,0
8.9909,8.074,0.83728,0.6239,13.824,0
8.9909,8.1364,0,0.63039,13.912,0
9.1602,8.1994,0.8909,0.64482,14.013,0
9.2476,8.2639,0.88486,0.65583,14.113,0
9.3288,8.3295,0.87406,0.66122,14.204,0
9.4155,8.3956,0.88304,0.66999,14.299,0
9.5054,8.4626,0.8483,0.68072,14.411,0
9.5811,8.5307,0.77209,0.68123,14.523,0
9.6489,8.5988,0.66815,0.67652,14.632,0
9.6489,8.6664,0,0.67231,14.733,0
9.6489,8.7337,0,0.66718,14.828,0
9.6489,8.8004,0,0.64596,14.916,0
9.8653,8.865,0.34756,0.62722,15.029,0
9.8653,8.9277,0,0.61088,15.126,0
9.8653,8.9888,0,0.5995,15.217,0
9.9981,9.0487,0.50723,0.58554,15.332,0
10.039,9.1073,0.55975,0.57204,15.435,0
10.086,9.1645,0.53888,0.56283,15.536,0
10.13,9.2208,0.51133,0.5526,15.628,0
10.13,9.276,0,0.54353,15.716,0
10.231,9.3304,0.55109,0.54296,15.823,0
10.296,9.3847,0.55365,0.54698,15.916,0
10.345,9.4394,0.59463,0.54104,16.007,0
10.397,9.4935,0.62655,0.53717,16.092,0
10.458,9.5472,0.59919,0.53908,16.179,0
10.526,9.6011,0.60303,0.54482,16.276,0
10.526,9.6556,0,0.54857,16.366,0
10.646,9.7105,0.56281,0.54685,16.475,0
10.646,9.7651,0,0.54206,16.565,0
10.746,9.8193,0.52719,0.53701,16.656,0
10.746,9.873,0,0.53324,16.746,0
10.746,9.9264,0,0.52988,16.83,0
10.903,9.9794,0.51882,0.5289,16.941,0
