9.7222,9.7222,-0.51702,0,35.5,1.8227
9.6616,9.7222,-0.50946,6.7,35.507,71.733
9.612,10.392,-0.56433,6.7,35.463,78.127
9.612,11.062,0,6.7,35.352,70.916
9.5131,11.732,-0.55381,-0.13819,35.159,10.525
9.4673,11.718,-0.52262,-0.1415,34.933,10.356
9.4673,11.704,0,-0.14565,34.709,6.1561
9.3678,11.69,-0.45259,-0.14887,34.462,9.9845
9.3298,11.675,-0.5585,-0.15183,34.229,11.083
9.3298,11.66,0,-0.15613,33.996,6.453
9.206,11.644,-0.67279,-0.1612,33.738,12.662
9.206,11.628,0,-0.16672,33.495,6.7491
9.0646,11.611,-0.7675,-0.17205,33.238,14.212
8.9824,11.594,-0.82381,-0.17849,32.974,15.184
8.8938,11.576,-0.97537,-0.18542,32.716,17.471
8.8938,11.558,0,-0.19334,32.448,7.5517
8.8938,11.538,0,-0.20274,32.183,7.4158
8.5126,11.518,-1.8912,-0.21576,31.869,35.842
8.5126,11.496,0,-0.23058,31.569,8.6336
8.1174,11.473,-2.2563,-0.24825,31.216,47.524
7.8849,11.449,-2.378,-0.26801,30.861,52.474
7.6505,11.422,-2.5233,-0.28846,30.5,58.447
7.4051,11.393,-2.6689,-0.31078,30.106,64.84
7.1283,11.362,-2.834,-0.33635,29.703,72.548
7.1283,11.328,0,-0.36374,29.281,13.117
6.5572,11.292,-2.9682,-0.39293,28.812,81.023
6.2673,11.253,-3.033,-0.42377,28.331,85.239
5.9635,11.21,-2.958,-0.45788,27.814,30.098
5.6667,11.164,-2.8928,-0.49313,27.282,30.284
5.3706,11.115,-2.9258,-0.5309,26.715,30.39
5.3706,11.062,0,-0.57099,26.143,18.821
4.7887,11.005,-2.6996,-0.61314,25.515,30.617
4.5166,10.944,-2.6187,-0.65652,24.888,30.634
4.26,10.878,-2.5733,-0.70132,24.244,30.571
4.0121,10.808,-2.4936,-0.7487,23.58,30.469
3.7648,10.733,-2.3999,-0.80022,22.89,30.324
3.7648,10.653,0,-0.85635,22.197,22.644
3.2859,10.567,-2.1547,-0.91491,21.456,29.884
3.0606,10.476,-1.9985,-0.97717,20.727,29.588
3.0606,10.378,0,-1.0413,19.99,23.303
2.6724,10.274,-1.8439,-1.1114,19.216,28.599
2.4786,10.163,-1.8554,-1.1881,18.444,27.932
2.2917,10.044,-1.8597,-1.2702,17.671,27.202
2.1119,9.9169,-1.8158,-1.3598,16.883,26.401
1.9346,9.781,-1.7068,-1.456,16.104,25.535
1.7651,9.6354,-1.554,-1.5602,15.321,24.568
1.607,9.4793,-1.4067,-1.6741,14.527,23.464
1.4728,9.3119,-1.295,-1.7907,13.749,22.238
1.4728,9.1329,0,-1.9212,12.974,17.664
1.4728,8.9407,0,-2.0588,12.217,15.717
1.4728,8.7349,0,-2.2098,11.481,13.733
1.4728,8.5139,0,-2.3786,10.766,11.732
0.87324,8.276,-0.83174,-2.5531,9.9153,14.336
0.87324,8.0207,0,-2.7383,9.1878,10.116
0.72456,7.7469,-0.38922,-5.2,8.4697,4.2871
0.69532,7.2269,-0.18739,-5.2,7.7875,2.9216
0.67549,6.7069,-0.11593,-5.2,7.1669,1.8075
0.65397,6.1869,-0.10728,-5.2,6.5923,0.76477
0.63487,5.6669,-0.11001,-8.8,6.0626,0
0.62841,4.7869,-0.11657,-8.8,5.6027,0
0.61859,3.9069,-0.11454,-8.8,5.2227,0
0.60803,3.0269,-0.11135,-8.8,4.947,0
0.60803,2.1469,0,-8.8,4.7491,0
0.59798,1.2669,-0.0829,-8.8,4.6372,0
0.59099,0.38688,-0.064452,-8.8,4.6177,0
0.59099,0,0,-8.8,4.6821,0
0.57567,0,-0.029205,-8.8,4.7831,0
0.56666,0,-0.019461,-8.8,4.8918,0
0.55533,0,-0.020527,-8.8,4.9983,0
0.55533,0,0,-0.023258,5.0978,0
0.54826,0,-0.036537,-0.036537,5.16,0
0.55249,0,-0.051926,-0.051926,5.2144,0
0.54046,0,-0.063883,-0.063883,5.2612,0
0.52619,0,-0.053969,-0.053969,5.3199,0
0.52756,0,-0.035365,-0.035365,5.3751,0
0.53047,0,0.018337,0.018337,5.4342,0
0.54039,0.0018337,0.10895,0.10895,5.485,0
0.54039,0.012729,0,0.24088,5.5384,0
0.56959,0.036817,0.42701,0.42701,5.5974,0
0.62205,0.079517,0.66047,0.66047,5.6516,0
0.6936,0.14556,0.89447,0.89447,5.7146,0
0.78601,0.23501,1.0899,1.0899,5.7677,0
0.90273,0.344,1.2299,1.2299,5.8253,0
1.0326,0.46699,1.3055,1.3055,5.8743,0
1.1566,0.59754,1.3473,1.3473,5.9261,0
1.2963,0.73227,1.3896,1.3896,5.9765,0
1.4403,0.87123,1.4551,1.4551,6.0318,0
1.5846,1.0167,1.5265,4.9,6.0861,16.749
1.7282,1.5067,1.5731,1.2042,6.1227,0
1.8784,1.6272,1.5815,1.2072,6.1542,0
2.0347,1.7479,1.5627,1.2287,6.1866,0
2.1892,1.8708,1.5161,1.224,6.2217,0
2.35,1.9932,1.4828,1.2386,6.2495,0
2.5053,2.117,1.5119,1.2269,6.2955,0
2.5053,2.2397,0,1.2268,6.3282,4.4942
2.8291,2.3624,1.7631,1.2438,6.388,0
3.0014,2.4868,1.9455,1.269,6.4453,0
3.1868,2.6137,2.1105,1.3119,6.5091,0
3.3935,2.7449,2.2198,1.3784,6.564,0
3.3935,2.8827,0,1.4609,6.622,4.966
3.8486,3.0288,2.2033,1.5084,6.7151,0
4.0686,3.1796,2.1325,1.5257,6.8027,0
4.273,3.3322,2.0644,1.5125,6.9022,0
4.4697,3.4834,2.0033,1.4891,6.9911,0
4.6678,3.6324,1.9382,1.4771,7.0954,0
4.8685,3.7801,1.8643,1.4705,7.1934,0
4.8685,3.9271,0,1.4423,7.2949,3.1159
4.8685,4.0713,0,1.4211,7.3818,3.5547
5.3852,4.2135,1.3526,1.3763,7.5349,0
5.3852,4.3511,0,1.3114,7.6452,2.0366
5.6372,4.4822,0.98751,1.2552,7.7544,0
5.7359,4.6077,0.83674,1.1861,7.8689,0
5.8245,4.7264,0.75964,1.1216,7.9888,0
5.9041,4.8385,0.62951,1.0591,8.0965,0
5.9041,4.9444,0,0.99062,8.1978,0.7332
6.0251,5.0435,0.32219,0.93135,8.3066,0
6.0567,5.1366,0.19727,0.85567,8.406,0
6.0567,5.2222,0,0.77819,8.4937,0.24601
6.0567,5.3,0,0.70405,8.5733,0.19198
6.0881,5.3704,-0.035481,0.63613,8.6578,0.18682
6.0913,5.434,-0.05268,0.57558,8.7318,0.20076
6.0913,5.4916,0,0.50703,8.7947,0
6.0913,5.5423,0,0.44731,8.8521,0
6.0913,5.587,0,0.39426,8.9048,0
6.0361,5.6265,-0.20239,0.34581,8.9443,0.61855
6.0361,5.661,0,0.30059,8.9835,0
6.0033,5.6911,-0.28722,0.26033,9.0115,0.91379
5.966,5.7171,-0.33779,0.20669,9.0478,1.1023
5.9364,5.7378,-0.39225,0.16422,9.0683,1.3227
5.9364,5.7542,0,0.1209,9.0874,0
5.8633,5.7663,-0.53418,0.079843,9.1012,1.972
5.8633,5.7743,0,0.031444,9.1105,0
5.7541,5.7774,-0.80742,-0.0062723,9.1138,3.6488
5.6762,5.7768,-0.91528,-0.027114,9.1008,4.6669
5.6762,5.7741,0,-0.051087,9.0909,0.093414
5.6762,5.769,0,-0.076716,9.0813,0.031566
5.3711,5.7613,-1.2848,-0.10613,9.0331,9.1442
5.3711,5.7507,0,-0.13752,8.9946,0.49486
5.1066,5.737,-1.5405,-0.17412,8.9241,13.3
5.1066,5.7195,0,-0.21253,8.862,0.8284
4.7918,5.6983,-1.8929,-0.25563,8.7744,20.32
4.5932,5.6727,-2.0102,-0.30818,8.6838,23.352
4.3998,5.6419,-2.0944,-0.36087,8.5613,25.771
4.191,5.6058,-2.1475,-0.41964,8.4192,10.68
3.9679,5.5639,-2.1478,-0.48319,8.274,10.644
3.9679,5.5155,0,-0.54487,8.1169,2.1341
3.5472,5.4611,-2.2469,-0.61002,7.923,10.603
3.3166,5.4,-2.3525,-0.68359,7.728,10.644
3.3166,5.3317,0,-8.8,7.5231,0
2.8259,4.4517,-2.4042,-0.47405,7.3152,9.5659
2.5858,4.4043,-2.0728,-8.8,7.1336,0
2.375,3.5243,-1.6067,-0.28142,6.979,7.1255
2.375,3.4961,0,-0.31932,6.8655,1.7519
2.1151,3.4642,-0.68279,-8.8,6.7159,0
2.0539,2.5842,-0.36094,-0.10107,6.6305,2.3288
2.026,2.5741,-0.25976,-0.10526,6.5833,1.9005
2.026,2.5636,0,-0.11,6.529,0.92748
1.9821,2.5526,-0.21657,-0.11172,6.47,1.7597
1.957,2.5414,-0.17389,-0.11558,6.4127,1.6153
1.9489,2.5298,-0.082242,-0.11611,6.3535,1.2733
1.9469,2.5182,0.054442,-0.11542,6.2933,0.84295
1.9438,2.5067,0.25796,-8.8,6.2432,0
1.9748,1.6267,0.55164,1.6904,6.2249,3.3525
1.9748,1.7957,0,0.95014,6.2513,3.2149
2.1235,1.8908,1.2597,0.88682,6.285,0
2.1235,1.9794,0,0.94623,6.3039,3.3232
2.4069,2.0741,1.8446,1.0949,6.3385,0
2.5814,2.1835,2.0193,1.2073,6.376,0
2.7888,2.3043,2.1188,1.3506,6.4114,0
2.7888,2.4393,0,1.4409,6.4531,5.5148
3.2106,2.5834,2.1918,1.4685,6.5327,0
3.2106,2.7303,0,1.4845,6.5881,5.2476
3.6364,2.8787,2.1575,1.5071,6.663,0
3.8573,3.0294,2.0951,1.5296,6.7496,0
3.8573,3.1824,0,1.5217,6.8247,4.6738
4.2631,3.3346,1.9325,1.4933,6.9144,0
4.4559,3.4839,1.8699,1.4704,7.0078,0
4.6401,3.6309,1.8227,1.4414,7.0999,0
4.6401,3.7751,0,1.4321,7.1936,3.3534
5.0091,3.9183,1.7141,1.4083,7.3118,0
5.1739,4.0591,1.6475,1.3749,7.4213,0
5.3447,4.1966,1.5753,1.3569,7.531,0
5.3447,4.3323,0,1.3235,7.639,2.1803
5.3447,4.4647,0,1.2922,7.7336,2.4969
5.7807,4.5939,1.2457,1.2558,7.8807,0
5.9021,4.7195,1.1051,1.2119,7.9968,0
6.0141,4.8407,0.91772,1.1678,8.1151,0
6.0141,4.9574,0,1.1224,8.2266,1.0143
6.1868,5.0697,0.51686,1.0548,8.3416,0
6.2319,5.1752,0.18089,0.97466,8.4451,0
6.243,5.2726,-0.20069,0.8764,8.5419,1.1463
6.243,5.3603,0,0.76449,8.6346,0.058843
6.1636,5.4367,-1.0553,0.63458,8.7089,7.1402
6.0528,5.5002,-1.4754,0.47639,8.7752,11.891
5.9045,5.5478,-1.8105,0.30422,8.8134,16.763
5.9045,5.5782,0,0.11929,8.8475,0
5.5158,5.5902,-2.3877,-0.020283,8.8398,29.11
5.2756,5.5881,-2.6214,-0.085412,8.8295,10.702
5.2756,5.5796,0,-0.15344,8.7987,0.30089
5.2756,5.5642,0,-0.23097,8.7691,0.12733
4.418,5.5411,-3.3224,-0.3176,8.6004,12.002
4.418,5.5094,0,-0.41008,8.4897,1.4122
4.418,5.4684,0,-0.5097,8.3826,1.0822
3.3968,5.4174,-3.4329,-0.61249,8.1251,12.512
3.0487,5.3562,-3.4022,-0.72183,7.9122,12.51
2.7062,5.284,-3.3251,-0.83573,7.6743,12.38
2.3803,5.2004,-3.2766,-8.8,7.4039,0
2.3803,4.3204,0,-8.8,7.1659,0
2.3803,3.4404,0,-0.41135,7.0159,1.3364
1.4131,3.3993,-3.1444,-0.49256,6.7635,10.538
1.1011,3.35,-3.1631,-8.8,6.5557,0
1.1011,2.47,0,-0.32893,6.3748,2.3849
1.1011,2.4371,0,-8.8,6.2396,0
1.1011,1.5571,0,-0.18271,6.15,0.55493
1.1011,1.5388,0,-0.23102,6.1053,0.41279
1.1011,1.5157,0,-8.8,6.0627,0
-0.83827,0.63574,-3.2362,-3.2362,5.4971,3.8411
-1.1667,0.31212,-3.2624,-3.2624,5.3546,3.8509
-1.5026,0,-3.3274,-3.3274,5.2147,3.8996
-1.8298,0,-3.4368,-3.4368,5.0547,4.5703
-2.1783,0,-3.3882,-8.8,4.88,0
-2.5192,0,-3.2453,-8.8,4.6881,0
-2.8384,0,-3.3185,-8.8,4.4707,0
-3.1733,0,-3.3362,-8.8,4.2235,0
-3.5077,0,-3.1796,-8.8,3.9285,0
-3.8308,0,-3.0242,-8.8,3.6039,0
-4.1347,0,-3.003,-8.8,3.2517,0
-4.4266,0,-2.7654,-8.8,2.8729,0
-4.694,0,-2.4092,-8.8,2.4683,0
-4.9316,0,-2.2203,-8.8,2.0366,0
-5.1477,0,-2.1397,-10.521,1.5808,0
-5.3538,0,-1.9105,-14.822,1.11,0
-5.5374,0,-1.6541,-25.759,0.63603,0
-5.6966,0,-1.4677,-82.695,0.19976,0
-5.6966,0,0,-420.47,0.043569,0
-5.6966,0,0,-12.504,1.5763,0
-5.6966,0,0,-18.969,1.0691,0
-5.6966,0,0,-39.16,0.59431,0
-5.6966,0,0,-264.41,0.22044,0
-6.3263,0,-0.6055,-26.741,0.76566,0
-6.3838,0,-0.4487,-77.419,0.26474,0
-6.4329,0,-0.27951,-1434.4,0.014428,0
-6.4685,0,-0.15813,-0.15813,6.5473,14.08
-6.4685,0,0,-0.08974,5.9012,13.891
-6.4685,0,0,-0.056152,5.2548,13.962
-6.4685,0,0,-8.8,4.6083,0
-6.4685,0,0,-8.8,4.0054,0
-6.491,0,0.11758,-8.8,3.4073,0
-6.491,0,0,-8.8,2.8022,0
-6.4692,0,0.17151,-9.2962,2.2102,0
-6.4537,0,0.15183,-12.747,1.6144,0
-6.4537,0,0,-20.032,1.0328,0
-6.4249,0,0.10914,-41.789,0.49263,0
-6.4249,0,0,-306.26,0.059076,0
-6.4249,0,0,-21.158,0.94786,0
-6.3924,0,0.019237,-46.438,0.43979,0
-6.3919,0,-0.04047,-511.6,0.039934,0
-6.4029,0,-0.13698,-10.65,1.9497,0
-6.4029,0,0,-15.331,1.3627,0
-6.4411,0,-0.25618,-26.623,0.78674,0
-6.4601,0,-0.2527,-77.174,0.27127,0
-6.4882,0,-0.24088,-2638.9,0.0079767,0
-6.521,0,-0.24442,-0.24442,12.547,14.187
-6.5541,0,-0.28585,-0.28585,11.905,14.255
-6.5916,0,-0.33588,-0.33588,11.239,14.332
-6.6351,0,-0.39732,-0.39732,10.573,14.421
-6.6766,0,-0.45644,-0.45644,9.9136,14.506
-6.7278,0,-0.49244,-0.49244,9.2486,14.611
-6.7682,0,-0.52111,-0.52111,8.5714,14.694
-6.8239,0,-0.58964,-0.58964,7.8899,14.808
-6.8239,0,0,-0.71029,7.2105,13.316
-6.9474,0,-0.85393,-0.85393,6.5215,15.062
-7.0247,0,-0.9936,-0.9936,5.8193,15.22
-7.0247,0,0,-1.1538,5.1218,12.796
-7.0247,0,0,-8.8,4.4251,0
-7.0247,0,0,-8.8,3.7666,0
-7.5,0,-1.453,-10.804,3.0078,0
-7.645,0,-1.5091,-14.149,2.3119,0
-7.645,0,0,-20.331,1.6181,0
-7.645,0,0,-35.168,0.95528,0
-8.1086,0,-1.6927,-106.07,0.31497,0
-8.1086,0,0,-1966.6,0.034442,0
-8.4603,0,-1.872,-1.872,9.009,18.163
-8.4603,0,0,-2.0064,8.1723,13.947
-8.8443,0,-2.0709,-2.0709,7.2977,18.95
-9.05,0,-2.1481,-2.1481,6.4116,19.372
-9.2743,0,-2.2192,-2.2192,5.5111,19.832
-9.5,0,-2.2584,-12.098,4.5861,0
-9.7288,0,-2.2316,-15.099,3.6778,0
-9.7288,0,0,-20.045,2.7804,0
-10.159,0,-2.202,-29.76,1.8726,0
-10.383,0,-2.1937,-56.549,0.99174,0
-10.611,0,-2.1856,-261.31,0.21724,0
-10.821,0,-2.272,-130.53,0.4565,0
-10.821,0,0,-5254.9,0.027022,0
-10.821,0,0,7.8,25.219,39.393
-10.821,0.78,0,7.8,24.098,40.992
-10.821,1.56,0,7.8,22.899,42.591
-12.047,2.34,-2.541,-0.35883,21.31,34.897
-12.305,2.3041,-2.335,-0.40249,19.861,34.828
-12.535,2.2639,-1.9495,-0.45411,18.392,34.3
-12.535,2.2185,0,-0.51525,16.915,29.982
-12.535,2.1669,0,-0.58988,15.442,29.719
-12.979,2.1079,-0.74142,-0.68038,13.899,31.875
-12.979,2.0399,0,-0.79281,12.394,29.942
-13.126,1.9606,-1.2104,-0.94032,10.895,32.314
-13.126,1.8666,0,-1.1435,9.3912,29.151
-13.417,1.7522,-2.2089,-1.4327,7.8684,33.548
-13.631,1.609,-2.6271,-1.8736,6.3422,33.644
-13.901,1.4216,-2.906,-27.284,4.8155,0
-13.901,0,0,-32.631,3.4197,0
-14.498,0,-3.0994,-52.345,2.1341,0
-14.807,0,-2.6567,-119.95,0.93464,0
-15.071,0,-2.088,-2464.3,0.046121,0
-15.281,0,-1.4171,-1.4171,10.859,32.146
-15.424,0,-0.85514,-0.85514,9.3329,32.439
-15.424,0,0,-0.86744,7.7948,30.616
-15.424,0,0,-1.4106,6.2567,29.475
-15.738,0,-1.9379,-28.304,4.6973,0
-15.738,0,0,-41.293,3.265,0
-16.156,0,-2.3312,-72.665,1.8556,0
-16.156,0,0,-232.71,0.60331,0
-16.576,0,-1.2156,-1395.2,0.098551,0
-16.687,0,-0.8488,-0.8488,5.4092,35.028
-16.769,0,-0.7984,-38.455,3.7339,0
-16.842,0,-1.1078,-64.129,2.2505,0
-16.944,0,-1.4412,-162.52,0.89121,0
-16.944,0,0,-13916,0.0093771,0
-17.268,0,-2.1171,7.8,67.88,57.056
-17.268,0.78,0,7.8,66.114,54.207
-17.268,1.56,0,7.8,64.27,55.806
-17.268,2.34,0,7.8,62.349,57.405
-18.191,3.12,-2.3914,7.8,60.163,65.922
-18.423,3.9,-2.1794,7.8,57.975,67.55
-18.635,4.68,-1.8275,7.8,55.688,68.845
-18.808,5.46,-1.348,7.8,53.312,69.791
-18.808,6.24,0,6.7,50.846,66.246
-19.039,6.91,-0.87975,6.7,48.283,69.941
-19.132,7.58,-1.1579,6.7,45.656,72.09
-19.25,8.25,-1.5712,6.7,42.942,74.575
-19.402,8.92,-1.9837,6.7,40.145,77.127
-19.402,9.59,0,6.7,37.279,74.332
-19.791,10.26,-1.8744,6.7,34.297,80.44
-19.97,10.93,-1.429,-2.1645,31.256,62.619
-19.97,10.714,0,-2.509,28.177,58.449
-20.226,10.463,-0.87152,-2.9444,25.102,59.375
-20.226,10.168,0,-3.5157,22.048,55.74
-20.226,9.8166,0,-4.2874,19.026,53.397
-20.226,9.3879,0,-5.381,16.043,50.221
-20.765,8.8498,-2.0941,-7.0107,13.014,51.199
-20.765,8.1487,0,-7.84,10.087,43.619
-21.181,7.3647,-1.8421,-58.472,7.1946,0
-21.375,1.5175,-1.4456,-58.217,4.6155,0
-21.375,0,0,-89.649,2.6173,0
-21.632,0,-1.2083,-259.02,0.90751,0
-21.75,0,-1.7578,-8228,0.028753,0
-21.924,0,-2.7135,7.8,38.983,67.855
-22.198,0.78,-3.5253,7.8,36.733,71.722
-22.558,1.56,-3.8387,7.8,34.387,74.716
-22.94,2.34,-3.5179,7.8,31.92,76.425
-23.295,3.12,-2.6601,7.8,29.345,76.949
-23.565,3.9,-1.371,7.8,26.657,76.394
-23.711,4.68,-0.20186,-1.2414,23.87,56.836
-23.734,4.5559,0.58536,-1.4809,21.031,54.473
-23.666,4.4078,0.92559,-1.7974,18.216,52.649
-23.578,4.228,1.098,-2.2418,15.415,50.804
-23.476,4.0038,1.1973,-2.8925,12.655,48.559
-23.354,3.7146,1.298,-3.9222,9.9272,45.34
-23.23,3.3224,1.4051,-5.7301,7.2488,40.259
-23.098,2.7494,1.4748,-70.549,4.6381,0
-22.944,0,1.5374,-107.77,2.4079,0
-22.944,0,0,-396.15,0.65239,0
-22.63,0,1.537,-716.2,0.35677,0
-22.478,0,1.4815,-149.21,1.6765,0
-22.337,0,1.404,-1391.2,0.17914,0
-22.198,0,1.3886,-48.851,4.9042,0
-22.063,0,1.3717,-81.286,2.9446,0
-21.931,0,1.332,-208.32,1.1471,0
-21.931,0,0,-2.4445e+05,-0.0044353,0
-21.931,0,0,7.8,1220.1,62.168
-21.573,0.78,1.132,7.8,1217.9,60.654
-21.464,1.56,1.0875,7.8,1215.6,62.122
-21.464,2.34,0,7.8,1213.3,66.006
-21.248,3.12,1.0586,7.8,1210.9,64.94
-21.15,3.9,1.0566,7.8,1208.4,66.342
-21.05,4.68,1.0346,7.8,1205.9,67.782
-21.05,5.46,0,7.8,1203.3,71.555
-20.845,6.24,0.93933,6.7,1200.6,68.449
-20.758,6.91,0.88684,6.7,1197.8,69.754
-20.665,7.58,0.84458,6.7,1195,71.026
-20.582,8.25,0.78115,6.7,1192.2,72.361
-20.582,8.92,0,6.7,1189.2,75.376
-20.423,9.59,0.67213,6.7,1186.3,75.011
-20.355,10.26,0.64775,6.7,1183.2,76.297
-20.355,10.93,0,6.7,1180.1,79.032
-20.228,11.6,0.57286,6.7,1177,78.941
-20.176,12.27,0.52414,4.8,1173.8,76.319
-20.176,12.75,0,4.8,1170.5,78.404
-20.09,13.23,0.4049,4.8,1167.2,78.361
-20.043,13.71,0.35824,4.8,1163.9,79.346
-20.017,14.19,0.31227,4.8,1160.5,80.373
-19.979,14.67,0.24964,4.8,1157,81.411
-19.961,15.15,0.18343,4.8,1153.5,82.498
-19.952,15.63,0.05997,4.8,1150,83.722
-19.943,16.11,-0.0049585,4.8,1146.4,84.825
-19.939,16.59,-0.021843,4.8,1142.8,85.835
-19.948,17.07,-0.12412,4.8,1139.1,87.053
-19.97,17.55,-0.27555,4.8,1135.4,88.4
-19.97,18.03,0,4.8,1131.6,88.805
-19.97,18.51,0,4.8,1127.8,89.789
-20.075,18.99,-0.26486,4.8,1123.8,91.546
-20.075,19.47,0,4.8,1119.9,91.973
-20.075,19.95,0,4.8,1115.9,92.957
-20.095,20.43,-0.26421,4.8,1111.9,94.538
-20.129,20.91,-0.40251,4.8,1107.8,95.881
-20.173,21.39,-0.43116,4.8,1103.7,97.016
-20.215,21.87,-0.56936,4.8,1099.5,98.375
-20.271,22.35,-0.48187,4.8,1095.3,99.291
-20.322,22.83,-0.33115,4.8,1091,100.06
-20.322,23.31,0,4.8,1086.7,100.35
-20.408,23.79,-0.66481,4.8,1082.3,102.91
-20.467,24.27,-0.76815,4.8,1077.8,104.23
-20.467,24.75,0,4.8,1073.3,103.6
-20.63,25.23,-0.73125,4.8,1068.7,106.45
-20.712,25.71,-0.67405,4.8,1064.1,107.49
-20.782,26.19,-0.66475,4.8,1059.5,108.6
-20.858,26.67,-0.70648,4.8,1054.7,109.82
-20.928,27.15,-0.7664,4.8,1050,111.08
-20.928,27.63,0,4.8,1045.1,110.45
-21.082,28.11,-0.85769,4.8,1040.2,113.55
-21.172,28.59,-0.80938,4.8,1035.3,114.62
-21.258,29.07,-0.79327,-2,1030.3,101.46
-21.328,28.87,-0.73379,4.8,1025.3,115.35
-21.396,29.35,-0.68335,-2,1020.2,102.08
-21.396,29.15,0,-2,1015.1,100.24
-21.537,28.95,-0.70826,4.8,1010.1,115.89
-21.601,29.43,-0.71048,-2,1005,102.72
-21.669,29.23,-0.68775,-2,999.92,102.4
-21.739,29.03,-0.7013,4.8,994.85,116.46
-21.739,29.51,0,-2,989.75,101.68
-21.881,29.31,-0.70574,-2,984.63,103.04
-21.881,29.11,0,-2,979.52,101.15
-22.017,28.91,-0.67774,4.8,974.41,116.73
-22.017,29.39,0,-2,969.29,102
-22.145,29.19,-0.5263,-2,964.15,102.96
-22.196,28.99,-0.47361,4.8,959.02,116.83
-22.239,29.47,-0.42343,-2,953.88,103.51
-22.286,29.27,-0.42912,-2,948.71,103.21
-22.286,29.07,0,-2,943.57,101.9
-22.371,28.87,-0.47555,4.8,938.43,116.95
-22.425,29.35,-0.45499,-2,933.29,103.71
-22.472,29.15,-0.4521,-2,928.12,103.39
-22.51,28.95,-0.44975,4.8,922.96,117.34
-22.548,29.43,-0.48474,-2,917.8,104.19
-22.591,29.23,-0.48849,-2,912.61,103.88
-22.648,29.03,-0.48484,4.8,907.44,117.86
-22.702,29.51,-0.46811,-2,902.24,104.64
-22.752,29.31,-0.46533,-2,897.02,104.32
-22.789,29.11,-0.38348,-2,891.81,103.82
-22.823,28.91,-0.35496,4.8,886.63,117.7
-22.854,29.39,-0.38911,-2,881.43,104.53
-22.854,29.19,0,-2,876.22,103.31
-22.929,28.99,-0.54672,4.8,871.02,118.49
-22.986,29.47,-0.59972,-2,865.79,105.41
-23.044,29.27,-0.54885,-2,860.56,105.01
-23.102,29.07,-0.51631,-2,855.32,104.65
-23.15,28.87,-0.44905,4.8,850.11,118.49
-23.15,29.35,0,-2,844.88,104.24
-23.231,29.15,-0.35185,-2,839.62,104.74
-23.231,28.95,0,4.8,834.39,117.88
-23.231,29.43,0,-2,829.15,104.57
-23.345,29.23,-0.22555,-2,823.89,104.87
-23.362,29.03,-0.27696,4.8,818.63,118.89
-23.362,29.51,0,-2,813.37,105
-23.421,29.31,-0.3905,-2,808.08,105.54
-23.459,29.11,-0.41309,-2,802.81,105.25
-23.497,28.91,-0.42497,4.8,797.56,119.23
-23.497,29.39,0,-2,792.29,105.03
-23.497,29.19,0,-2,787.01,104.62
-23.62,28.99,-0.44271,4.8,781.72,119.69
-23.659,29.47,-0.44035,-2,776.43,106.46
-23.705,29.27,-0.46236,-2,771.13,106.19
-23.757,29.07,-0.40686,-2,765.83,105.77
-23.757,28.87,0,4.8,760.56,118.79
-23.855,29.35,-0.42662,-2,755.27,106.58
-23.903,29.15,-0.44511,-2,749.95,106.31
-23.951,28.95,-0.5857,4.8,744.65,120.58
-24.001,29.43,-0.44494,-2,739.32,107.09
