0,0,-0.029457,0,35.5,0.061896
0.0012275,0,-0.054177,7.8,35.499,73.4
0.0012275,0.78,0,7.8,35.46,79.742
0.0021793,1.56,-0.043806,7.8,35.335,84.549
0.0021793,2.34,0,7.8,35.14,90.852
0.0072822,3.12,-0.032453,7.8,34.873,95.871
0.01111,3.9,-0.035284,7.8,34.523,101.43
0.016517,4.68,-0.035223,7.8,34.101,107.06
0.016517,5.46,0,7.8,33.596,113.33
0.011904,6.24,-0.030799,6.7,33.008,104.43
0.0093128,6.91,-0.036444,6.7,32.352,109.18
0.0093128,7.58,0,6.7,31.628,114.71
0.0093128,8.25,0,-0.43575,30.837,34.385
0.0033521,8.2064,-0.041474,-0.45138,29.992,33.756
0.0070835,8.1613,-0.036529,-0.4669,29.172,33.356
-0.0037149,8.1146,-0.038883,-0.48397,28.361,33.251
-0.014738,8.0662,-0.043589,-0.50235,27.542,33.146
-0.020063,8.016,-0.045003,-0.52102,26.739,33.018
-0.020063,7.9639,0,-0.54107,25.938,32.774
-0.03018,7.9098,-0.04101,-0.56178,25.14,32.727
-0.039622,7.8536,-0.041484,-0.58399,24.354,32.585
-0.039622,7.7952,0,-0.60698,23.568,32.33
-0.05746,7.7345,-0.036447,-0.63226,22.8,32.266
-0.052994,7.6713,-0.037393,-0.6576,22.027,32.076
-0.064259,7.6055,-0.039039,-0.68608,21.256,31.908
-0.068817,7.5369,-0.035115,-0.71515,20.501,31.707
-0.068817,7.4654,0,-0.74702,19.744,31.42
-0.067779,7.3907,-0.034982,-0.77992,18.978,31.269
-0.071155,7.3127,-0.037564,-0.8156,18.231,31.046
-0.071155,7.2311,0,-0.85445,17.497,30.718
-0.080289,7.1457,-0.043608,-0.89441,16.76,30.57
-0.079811,7.0562,-0.039363,-0.9359,16.05,30.289
-0.083881,6.9626,-0.037961,-0.98234,15.332,30.005
-0.083881,6.8644,0,-1.0307,14.632,29.622
-0.088602,6.7613,-0.035939,-1.0816,13.947,29.389
-0.10165,6.6532,-0.033125,-1.138,13.269,29.07
-0.10165,6.5394,0,-1.1948,12.599,28.648
-0.10165,6.4199,0,-1.2547,11.941,28.277
-0.099346,6.2944,-0.047506,-1.3208,11.309,27.976
-0.099346,6.1623,0,-1.3897,10.676,27.461
-0.090077,6.0234,-0.051738,-1.4598,10.064,27.118
-0.094416,5.8774,-0.05268,-1.5378,9.4606,26.666
-0.094416,5.7236,0,-1.6232,8.8711,26.06
-0.11656,5.5613,-0.049016,-1.7102,8.2975,25.693
-0.11656,5.3903,0,-1.7989,7.7383,25.053
-0.11656,5.2104,0,-8.8,7.1966,9.9734
-0.12133,4.3304,-0.042197,-8.8,6.6893,8.2678
-0.13411,3.4504,-0.042671,-8.8,6.2842,6.491
-0.14585,2.5704,-0.039752,-8.8,5.9628,4.705
-0.15338,1.6904,-0.037299,-8.8,5.7303,2.9112
-0.16311,0.81039,-0.03659,-0.03659,5.5885,19.54
-0.16311,0.80673,0,-0.033528,5.4914,19.462
-0.16311,0.80338,0,-0.03471,5.3946,19.452
-0.16311,0.79991,0,-8.8,5.2981,1.0273
-0.16311,0,0,-0.036305,5.2458,17.802
-0.16311,0,0,-0.040449,5.2296,17.794
-0.16784,0,-0.04476,-0.04476,5.2053,17.888
-0.17585,0,-0.043572,-0.043572,5.1806,17.905
-0.17585,0,0,-0.043874,5.1632,17.812
-0.18757,0,-0.045174,-0.045174,5.1453,17.929
-0.18268,0,-0.0448,-0.0448,5.118,17.919
-0.18268,0,0,-0.043548,5.1,17.827
-0.18635,0,-0.045441,-0.045441,5.0842,17.926
-0.18201,0,-0.046659,-0.046659,5.0747,17.917
-0.18156,0,-0.040694,-0.040694,5.0635,17.916
-0.19419,0,-0.040317,-0.040317,5.0462,17.942
-0.18836,0,-0.040079,-0.040079,5.0199,17.93
-0.18892,0,-0.0422,-8.8,4.9982,0
-0.18892,0,0,-0.044923,5.0233,17.837
-0.18273,0,-0.048505,-8.8,4.9965,0
-0.18589,0,-0.047548,-0.047548,5.0177,17.925
-0.18246,0,-0.048727,-0.048727,5.0018,17.918
-0.18663,0,-0.044662,-8.8,4.9777,0
-0.1906,0,-0.039946,-8.8,4.9969,0
-0.18844,0,-0.04104,-0.04104,5.0233,17.93
-0.1971,0,-0.042851,-0.042851,5.0068,17.948
-0.19394,0,-0.043631,-8.8,4.9957,0
-0.20813,0,-0.047331,-0.047331,5.0263,17.971
-0.21853,0,-0.047802,-0.047802,5.0125,17.992
-0.21853,0,0,-8.8,4.9909,0
-0.23697,0,-0.046027,-0.046027,5.0289,18.03
-0.24902,0,-0.040296,-8.8,4.9973,0
-0.24902,0,0,-0.032648,5.0164,17.986
-0.24234,0,-0.033223,-8.8,4.9917,0
-0.24234,0,0,-0.036062,5.0115,17.965
-0.24234,0,0,-8.8,4.9874,0
-0.25614,0,-0.041587,-0.041587,5.0017,18.069
-0.25591,0,-0.052897,-8.8,4.9841,0
-0.25591,0,0,-0.047832,5.0025,17.968
-0.25591,0,0,-8.8,4.9771,0
-0.27109,0,-0.047663,-0.047663,5.0032,18.1
-0.27109,0,0,-8.8,4.9763,0
-0.26925,0,-0.051215,-8.8,4.9778,0
-0.26788,0,-0.064838,-8.8,4.9924,0
-0.27099,0,-0.072632,-0.072632,5.0033,18.1
-0.27099,0,0,-8.8,4.9766,0
-0.27099,0,0,-8.8,4.9935,0
-0.28845,0,-0.03792,-8.8,4.9979,0
-0.29593,0,-0.026454,-0.026454,5.0191,18.151
-0.30155,0,-0.018127,-8.8,4.9929,0
-0.30675,0,-0.03357,-0.03357,5.01,18.173
-0.31919,0,-0.030923,-8.8,4.9845,0
-0.32995,0,0.0065247,-8.8,4.9987,0
-0.32818,0,0.035747,0.035747,5.0009,18.217
-0.33451,0.0035747,0.048712,-8.8,4.9764,0
-0.33451,0,0,-8.8,4.9866,0
-0.32318,0,0.11611,0.11611,5.0073,18.207
-0.30778,0.011611,0.15497,-8.8,4.9729,0
-0.29086,0,0.20484,-8.8,4.9897,0
-0.29086,0,0,0.27314,5.0047,18.714
-0.24253,0.027314,0.32245,-8.8,4.9846,0
-0.24253,0,0,0.35362,5.0016,18.784
-0.17225,0.035362,0.35694,-8.8,4.9736,0
-0.17225,0,0,0.32252,4.9969,18.575
-0.17225,0.032252,0,-8.8,4.978,0
-0.078211,0,0.13311,0.13311,5.0294,17.704
-0.06376,0.013311,0.024426,0.024426,5.0265,17.702
-0.06504,0.015753,-0.078526,-0.078526,5.0199,17.71
-0.06504,0.0079005,0,-0.15844,5.0122,17.361
-0.084318,0,-0.18424,-8.8,4.998,0
-0.10975,0,-0.17701,-0.17701,5.0292,17.769
-0.10975,0,0,-0.15874,5.0191,17.436
-0.10975,0,0,-0.12622,5.0089,17.504
-0.10975,0,0,-0.058923,4.9986,17.645
-0.17551,0,0.053773,-8.8,4.9982,0
-0.16749,0,0.23451,0.23451,5.0291,17.887
-0.1377,0.023451,0.44147,0.44147,5.0188,17.874
-0.087627,0.067598,0.64609,-8.8,5.0107,0
-0.019877,0,0.81903,0.81903,5.0367,17.585
0.060655,0.081903,0.9469,-8.8,5.0377,0
0.14743,0,1.0209,1.0209,5.0864,0
0.24264,0.10209,1.0848,1.0848,5.1035,0
0.34116,0.21057,1.1932,1.1932,5.1132,0
0.45365,0.32989,1.3289,-8.8,5.133,0
0.59401,0,1.4973,1.4973,5.1997,0
0.74843,0.14973,1.6574,1.6574,5.2618,0
0.74843,0.31546,0,1.8183,5.3134,7.7881
1.0947,0.49729,1.9689,1.9689,5.3616,0
1.2862,0.69419,2.1597,2.1597,5.4129,0
1.4992,0.91016,2.2912,4.9,5.4735,10.036
1.728,1.4002,2.3217,-8.8,5.5245,0
1.728,0.52016,0,2.3023,5.6013,7.7873
2.1954,0.75039,2.2941,2.2941,5.7728,0
2.4242,0.9798,2.261,4.9,5.917,6.749
2.6419,1.4698,2.2167,4.9,6.0544,8.1535
2.6419,1.9598,0,3.1968,6.1471,18.187
3.0856,2.2795,2.235,2.2345,6.2437,0
3.0856,2.5029,0,1.9296,6.3132,7.9185
3.0856,2.6959,0,1.7712,6.3618,7.6411
3.7297,2.873,1.9503,1.6705,6.4921,0
3.9282,3.0401,1.8558,1.5962,6.586,0
4.1164,3.1997,1.7477,1.5311,6.6765,0
4.288,3.3528,1.6065,1.4643,6.7784,0
4.4546,3.4992,1.4394,1.4116,6.8814,0
4.6081,3.6404,1.3038,1.3555,6.9796,0
4.7429,3.7759,1.1537,1.2897,7.0753,0
4.866,3.9049,1.0372,1.2266,7.1714,0
4.9624,4.0276,0.9889,1.1453,7.2591,0
5.0593,4.1421,1.0495,1.0854,7.3584,0
5.0593,4.2506,0,1.0372,7.4447,1.4376
5.0593,4.3544,0,1.0175,7.5203,1.6931
5.0593,4.4561,0,1.0097,7.5858,2.0048
5.0593,4.5571,0,1.0308,7.641,2.4697
5.7184,4.6601,1.9224,1.0843,7.8075,0
5.9071,4.7686,1.9768,1.1379,7.9272,0
6.099,4.8824,1.9515,1.1839,8.041,0
6.099,5.0008,0,1.2247,8.1567,1.3652
6.4536,5.1232,1.1302,1.229,8.3023,0
6.4536,5.2461,0,1.182,8.4292,0.79527
6.4536,5.3643,0,1.1084,8.544,0.84352
6.6434,5.4752,-0.10959,1.0056,8.6873,0.64593
6.6434,5.5757,0,0.88798,8.7991,0
6.6064,5.6645,-0.24647,0.78213,8.8921,1.0244
6.6064,5.7427,0,0.69075,8.9824,0
6.6064,5.8118,0,0.60655,9.0653,0
6.5586,5.8725,0.17893,0.54983,9.1422,0
6.5841,5.9275,0.49387,0.52138,9.2069,0
6.6391,5.9796,0.86591,0.51957,9.2774,0
6.6391,6.0316,0,0.54797,9.3408,0.057237
6.8409,6.0864,1.3152,0.5842,9.4051,0
6.9822,6.1448,1.3994,0.64233,9.4755,0
7.1183,6.209,1.4231,0.69087,9.5593,0
7.2624,6.2781,1.3421,0.74001,9.6449,0
7.392,6.3521,1.3371,0.7743,9.7533,0
7.5317,6.4295,1.3685,0.81195,9.8582,0
7.5317,6.5107,0,0.84516,9.9644,0
7.8069,6.5952,1.1685,0.87211,10.074,0
7.9164,6.6824,1.0124,0.87885,10.205,0
8.0143,6.7703,0.80779,0.87591,10.324,0
8.1041,6.8579,0.59738,0.86776,10.445,0
8.1645,6.9447,0.41175,0.84036,10.567,0
8.1645,7.0287,0,0.80215,10.684,0
8.2252,7.1089,0.13917,0.75402,10.799,0
8.2252,7.1843,0,0.71079,10.907,0
8.252,7.2554,0.029523,0.66172,11.005,0
8.2628,7.3216,-0.01316,0.62033,11.101,0
8.2628,7.3836,0,0.57984,11.192,0
8.2559,7.4416,-0.22636,0.5297,11.278,0.24678
8.2426,7.4946,-0.37837,0.48383,11.356,0.92529
8.2426,7.543,0,0.43055,11.428,0
8.1678,7.586,-0.59935,0.37293,11.502,2.1489
8.1092,7.6233,-0.53552,0.3102,11.555,1.7881
8.0502,7.6543,-0.56243,0.25196,11.603,1.9572
8.0502,7.6795,0,0.2037,11.641,0
8.0502,7.6999,0,0.1509,11.677,0
7.8926,7.715,-0.51466,0.1124,11.702,1.753
7.8926,7.7262,0,0.067843,11.719,0
7.8926,7.733,0,0.033656,11.735,0
7.7588,7.7364,-0.1615,0.014157,11.718,0.39324
7.7502,7.7378,-0.086338,0.0077923,11.726,0.1923
7.7339,7.7386,0.026583,-0.00114,11.729,0
7.7382,7.7385,0.071972,-5.4559e-05,11.723,0
7.7445,7.7385,-0.047183,0.0037863,11.731,0.10066
7.7337,7.7388,-0.045026,-0.0012589,11.742,0.10804
7.7337,7.7387,0,-0.00041105,11.741,0.0095231
7.7409,7.7387,-0.026288,0.0014016,11.74,0.055422
7.7373,7.7388,-0.082409,-0.00036546,11.749,0.19298
7.7373,7.7388,0,-0.00032013,11.749,0.0023431
7.7346,7.7387,-0.17363,-0.0010169,11.742,0.45038
7.7106,7.7386,-0.21,-0.0068155,11.735,0.60699
7.7106,7.738,0,-0.011007,11.732,0.033005
7.6666,7.7369,-0.32305,-0.017052,11.735,1.0937
7.6666,7.7352,0,-0.022309,11.728,0.093872
7.6666,7.7329,0,-0.031387,11.721,0.069915
7.5615,7.7298,-0.48421,-0.040911,11.72,2.0252
7.5175,7.7257,-0.57885,-0.050774,11.693,2.6278
7.455,7.7206,-0.54963,-0.064966,11.668,2.5929
7.4088,7.7141,-0.47956,-0.074893,11.641,2.3006
7.369,7.7066,-0.43052,-0.083229,11.6,2.1199
7.3163,7.6983,-0.3685,-0.09445,11.57,1.916
7.2879,7.6889,-0.2846,-0.099656,11.524,1.5853
7.2879,7.6789,0,-0.10587,11.485,0.59689
7.2264,7.6683,-0.24057,-0.1108,11.443,1.4844
7.207,7.6572,-0.18676,-0.11338,11.402,1.2953
7.1844,7.6459,-0.16726,-0.11692,11.349,1.2438
7.1681,7.6342,-0.13542,-0.11883,11.294,1.14
7.1567,7.6223,-0.14823,-0.11922,11.254,1.1809
7.1479,7.6104,-0.26434,-0.11893,11.213,1.6078
7.1479,7.5985,0,-0.12575,11.167,0.68132
7.1479,7.5859,0,-0.13116,11.123,0.63917
7.0384,7.5728,-0.52848,-0.13995,11.054,3.0436
6.9875,7.5588,-0.54582,-0.1505,11.001,3.2233
6.9294,7.5438,-0.47843,-0.16285,10.946,2.9266
6.9294,7.5275,0,-0.17173,10.885,0.90061
6.8239,7.5103,-0.58287,-0.18449,10.822,3.6919
6.8239,7.4919,0,-0.19719,10.755,0.99543
6.7042,7.4721,-0.57699,-0.20984,10.679,3.8211
6.6403,7.4512,-0.64939,-0.22334,10.608,4.3879
6.6403,7.4288,0,-0.23538,10.528,1.1762
6.5273,7.4053,-0.60643,-0.24651,10.443,4.2244
6.5273,7.3806,0,-0.25964,10.357,1.2635
6.5273,7.3547,0,-0.27025,10.273,1.1717
6.3862,7.3276,-0.11169,-0.27308,10.169,1.8098
6.3771,7.3003,-0.04564,-0.27039,10.085,1.5449
6.3667,7.2733,0.17092,-0.26869,9.9883,0.9348
6.3896,7.2464,0.32034,-0.25639,9.9062,0.60297
6.4311,7.2208,0.42858,-0.23842,9.8303,0.39876
6.4311,7.1969,0,-0.22238,9.7525,1.1586
6.4311,7.1747,0,-0.19792,9.6771,1.1747
6.4311,7.1549,0,-0.16996,9.6037,1.2081
6.6791,7.1379,0.87044,-0.14295,9.5711,0.16234
6.7601,7.1236,0.83582,-0.11379,9.5332,0.053042
6.7601,7.1122,0,-0.084986,9.4974,0.56206
6.9176,7.1037,0.7137,-0.058651,9.4772,0
6.9941,7.0979,0.54591,-0.032777,9.4608,0
7.0405,7.0946,0.3865,-0.017119,9.4436,0
7.0405,7.0929,0,-0.0052751,9.4383,0.097325
7.0405,7.0924,0,0.0010831,9.4331,0.11032
7.0405,7.0925,0,0.0062348,9.4279,0.12212
7.0405,7.0931,0,0.011853,9.4227,0.13622
7.0405,7.0943,0,0.018264,9.4174,0.15354
7.0405,7.0961,0,0.019532,9.4119,0.16044
7.1208,7.0981,0.0055129,0.013717,9.4731,0
7.1151,7.0994,-0.050777,0.0094168,9.4736,0.10146
7.112,7.1004,-0.010071,0.0069941,9.477,0.012392
7.1017,7.1011,0.023114,0.00038059,9.4859,0
7.1017,7.1011,0,-0.00076579,9.486,0
7.0932,7.101,0.01601,-0.002453,9.4975,0
7.0988,7.1008,-0.043011,-0.00061091,9.5018,0.097853
7.0991,7.1007,-0.17436,-0.00049992,9.5024,0.44767
7.0991,7.1007,0,-0.0080105,9.5023,0
7.0991,7.0999,0,-0.014156,9.5022,0
7.0249,7.0985,-0.43049,-0.023134,9.4856,1.5381
6.9866,7.0961,-0.53742,-0.034448,9.4833,2.1337
6.924,7.0927,-0.61711,-0.053167,9.4648,2.6944
6.924,7.0874,0,-0.072554,9.4482,0.18253
6.924,7.0801,0,-0.089085,9.4323,0.13322
6.7384,7.0712,-0.44382,-0.1056,9.4086,2.0654
6.7022,7.0607,-0.11894,-0.11442,9.3662,0.82606
6.6911,7.0492,0.014652,-0.11474,9.3337,0.46728
6.6905,7.0377,0.12996,-0.11176,9.2997,0.21677
6.7065,7.0266,0.24855,-0.10333,9.271,0.0083524
6.7384,7.0162,0.20855,-0.089923,9.248,0.0063456
6.7566,7.0072,0.16076,-0.081541,9.2121,0.039719
6.7735,6.9991,0.28135,-0.073586,9.1907,0
6.81,6.9917,0.28098,-0.059389,9.1728,0
6.8311,6.9858,0.22902,-0.050718,9.1505,0
6.8546,6.9807,0.27038,-0.041437,9.1332,0
6.8546,6.9766,0,-0.034035,9.1208,0.18009
6.906,6.9732,0.60764,-0.022076,9.1262,0
6.9721,6.971,0.87949,0.00068206,9.1198,0
6.9721,6.971,0,0.058094,9.1199,0.12813
7.1798,6.9768,1.1296,0.12201,9.1478,0.051934
7.1798,6.989,0,0.18857,9.1675,0.027812
7.3825,7.0079,0.42795,0.22489,9.208,0
7.3825,7.0304,0,0.24143,9.2443,0
7.4217,7.0545,-0.6235,0.21953,9.2799,2.2451
7.4217,7.0765,0,0.16455,9.3156,0
7.2445,7.0929,-1.5898,0.090182,9.3222,12.005
7.0914,7.102,-1.858,-0.003416,9.3296,16.511
7.0914,7.1016,0,-0.064839,9.3286,0
6.7133,7.0951,-1.8371,-0.12445,9.2777,17.21
6.5366,7.0827,-1.9611,-0.1788,9.2408,20.122
6.5366,7.0648,0,-0.23698,9.1871,0.58592
6.5366,7.0411,0,-0.30917,9.1355,0.39474
6.5366,7.0102,0,-0.40571,9.0866,0.19814
5.4307,6.9696,-4.3362,-0.53066,8.8615,15.164
4.9894,6.9166,-5.1313,-0.68064,8.6903,16.462
4.4694,6.8485,-5.6339,-0.86709,8.4712,17.4
3.9055,6.7618,-5.8238,-6.3207,8.2094,4.8113
3.3192,6.1297,-6.0201,-6.5189,7.9178,4.7134
2.726,5.4778,-6.5479,-8.8,7.6484,0.90889
2.726,4.5978,0,-0.74803,7.4172,2.3316
1.416,4.523,-6.0362,-8.8,7.1085,0.56182
0.80384,3.643,-5.0482,-8.8,6.8166,0
0.80384,2.763,0,-0.5159,6.5767,3.3779
-0.1144,2.7114,-2.9036,-8.8,6.2982,0
-0.39995,1.8314,-1.7096,-0.34111,6.0494,7.8955
-0.56382,1.7973,-0.84686,-8.8,5.8275,0
-0.65528,0.91732,-0.52315,-0.12856,5.6223,4.4986
-0.65528,0.90446,0,-0.13555,5.4657,3.3583
-0.7394,0.89091,-0.26331,-8.8,5.2967,0
-0.7394,0.010908,0,-0.23719,5.1776,1.4853
-0.7394,0,0,-0.20414,5.1038,1.5324
-0.7394,0,0,-0.14942,5.0309,1.6474
-0.82971,0,-0.12116,-8.8,4.9438,0
-0.82971,0,0,-8.8,4.9048,0
-0.84818,0,0.090135,-8.8,4.8618,0
-0.84509,0,0.33884,-8.8,4.8264,0
-0.80511,0,0.70971,-8.8,4.7837,0
-0.80511,0,0,-8.8,4.7472,0
-0.60376,0,1.6998,-8.8,4.7297,0
-0.43021,0,2.082,-8.8,4.7186,0
-0.22869,0,2.3165,-8.8,4.7343,0
-0.22869,0,0,-8.8,4.7554,0
-0.22869,0,0,-8.8,4.7765,0
-0.22869,0,0,-8.8,4.7977,0
0.64999,0,1.6078,1.6078,5.0129,0
0.80845,0.16078,1.3522,-8.8,5.076,0
0.80845,0,0,0.94451,5.1847,1.01
0.80845,0.094451,0,0.55274,5.2608,0
1.0938,0.14973,0.16903,0.16903,5.3887,0
1.1055,0.16663,-0.17902,-0.17902,5.4772,0
1.0969,0.14873,-0.46158,-0.46158,5.5661,0
1.0436,0.10257,-0.66137,-0.66137,5.6632,0
0.97634,0.036431,-0.69064,-0.69064,5.7563,0
0.90788,0,-0.69397,-0.69397,5.8595,0
0.90788,0,0,-0.71246,5.9537,0
0.76186,0,-0.69531,-0.69531,6.0283,0
0.68385,0,-0.573,-0.573,6.0955,0
0.63593,0,-0.40813,-0.40813,6.1723,0
0.58647,0,-0.20374,-0.20374,6.2447,0
0.58647,0,0,-0.044011,6.3044,0
0.56375,0,0.019519,0.019519,6.3568,0
0.56963,0.0019519,0.06904,0.06904,6.4143,0
0.57512,0.0088559,0.076529,0.076529,6.4786,0
0.57956,0.016509,0.086994,0.086994,6.5369,0
0.57956,0.025208,0,0.13319,6.5928,0
0.60156,0.038528,0.26206,0.26206,6.6545,0
0.60156,0.064733,0,0.43973,6.7095,0
0.65857,0.10871,0.61066,0.61066,6.7655,0
0.71841,0.16977,0.73091,0.73091,6.8261,0
0.78522,0.24286,0.73766,0.73766,6.8768,0
0.78522,0.31663,0,0.65572,6.9274,0.83856
0.91639,0.3822,0.47206,0.47206,6.9854,0
0.91639,0.42941,0,0.29061,7.0364,0
0.98948,0.45847,0.10404,0.10404,7.0909,0
0.98948,0.46887,0,-0.079808,7.1435,0
0.98144,0.46089,-0.23368,-0.23368,7.1988,0
0.96558,0.43752,-0.36238,-0.36238,7.2544,0
0.96558,0.40129,0,-0.53741,7.309,0
0.88047,0.34755,-0.66421,-0.66421,7.3725,0
0.81324,0.28112,-0.63581,-0.63581,7.4348,0
0.7467,0.21754,-0.61722,-0.61722,7.482,0
0.7467,0.15582,0,-0.61121,7.538,0
0.62185,0.0947,-0.6014,-0.6014,7.5993,0
0.55802,0.03456,-0.55602,-0.55602,7.6513,0
0.51024,0,-0.49876,-0.49876,7.712,0
0.45241,0,-0.41259,-0.41259,7.7551,0
0.40566,0,-0.27002,-0.27002,7.7915,0
0.40566,0,0,-0.055092,7.8334,0
0.36429,0,0.13647,0.13647,7.8689,0
0.38343,0.013647,0.25681,0.25681,7.8955,0
0.41581,0.039328,0.28496,0.28496,7.9278,0
0.45284,0.067824,0.21205,0.21205,7.9695,0
0.45284,0.089029,0,0.10215,8.007,0
0.45284,0.099244,0,0.065382,8.0429,0
0.49723,0.10578,0.073254,0.073254,8.1102,0
0.49723,0.11311,0,0.10793,8.149,0
0.49723,0.1239,0,0.17484,8.1869,0
0.55025,0.14138,0.26369,0.26369,8.2226,0
0.57786,0.16775,0.20442,0.20442,8.2658,0
0.59049,0.1882,0.054128,0.054128,8.302,0
0.60339,0.19361,-0.04376,-0.04376,8.3453,0
0.60691,0.18923,-0.078902,-0.078902,8.3805,0
0.60427,0.18134,-0.15746,-0.15746,8.4155,0
0.59184,0.1656,-0.17572,-0.17572,8.4615,0
0.59184,0.14802,0,-0.12834,8.505,0
0.58043,0.13519,-0.058479,-0.058479,8.5598,0
0.58128,0.12934,0.06679,0.06679,8.6097,0
0.58128,0.13602,0,0.31549,8.6545,0
0.62109,0.16757,0.54112,0.54112,8.7142,0
0.67396,0.22168,0.43208,0.43208,8.7591,0
0.67396,0.26489,0,0.19261,8.8022,0
0.74156,0.28415,-0.043892,-0.043892,8.848,0
0.73842,0.27976,-0.44562,-0.44562,8.8875,0
0.69278,0.2352,-0.82529,-0.82529,8.9405,0
0.6049,0.15267,-0.77688,-0.77688,8.9936,0
0.53071,0.074983,-0.67881,-0.67881,9.0471,0
0.53071,0.0071018,0,-0.68796,9.096,0
0.40817,0,-0.48989,-0.48989,9.1536,0
0.34972,0,-0.33894,-0.33894,9.2008,0
0.31055,0,-0.33542,-0.33542,9.2313,0
0.31055,0,0,-0.24608,9.264,0
0.25568,0,-0.13901,-0.13901,9.2891,0
0.23755,0,-0.11622,-0.11622,9.3088,0
0.23755,0,0,-0.065057,9.3331,0
0.21192,0,-0.054257,-0.054257,9.3423,0
0.20615,0,-0.083426,-0.083426,9.3587,0
0.19655,0,-0.14518,-0.14518,9.3807,0
0.18066,0,-0.34291,-0.34291,9.3936,0
0.14939,0,-0.5897,-0.5897,9.4212,0
0.081735,0,-0.90136,-0.90136,9.4459,0
-0.0045872,0,-1.2428,-1.2428,9.4454,0.0094037
-0.12273,0,-1.4095,-1.4095,9.4362,0.25159
-0.25997,0,-1.5072,-1.5072,9.4268,0.53293
-0.4145,0,-1.5035,-1.5035,9.3995,0.84972
-0.56591,0,-1.4174,-1.4174,9.3552,1.1601
-0.71411,0,-1.3009,-1.3009,9.2991,1.4639
-0.84984,0,-1.3252,-1.3252,9.2326,1.7422
-0.9765,0,-1.3531,-1.3531,9.138,2.0018
-1.1087,0,-1.3919,-1.3919,9.0337,2.2729
-1.1087,0,0,-1.333,8.9298,0
-1.3734,0,-1.2449,-1.2449,8.789,2.8154
-1.5055,0,-1.0899,-1.0899,8.651,3.0864
-1.618,0,-0.91773,-0.91773,8.4945,3.3168
-1.7032,0,-0.6479,-0.6479,8.3296,3.4916
-1.7722,0,-0.58838,-0.58838,8.1648,3.633
