11.111,11.111,0.10389,0,35.5,0
11.126,11.111,-0.023992,6.7,35.507,61.237
11.131,11.781,0.076492,-0.040073,35.482,1.183
11.13,11.777,0.083928,-0.039968,35.41,1.1516
11.134,11.773,0.10792,-0.039644,35.339,1.0643
11.134,11.769,0,-0.038784,35.275,1.3967
11.153,11.765,0.12492,-0.038114,35.215,0.95453
11.171,11.761,0.11464,-0.036854,35.156,0.93514
11.182,11.758,0.050105,-0.03606,35.097,1.0899
11.182,11.754,0,-0.036083,35.039,1.2392
11.182,11.751,0,-0.035979,34.982,1.2301
11.179,11.747,-0.15417,-0.03582,34.936,1.7983
11.17,11.743,-0.23595,-0.036228,34.88,2.1674
11.156,11.74,-0.28124,-0.036981,34.822,2.4117
11.132,11.736,-0.32249,-0.038306,34.766,2.677
11.102,11.732,-0.30436,-0.040097,34.701,2.665
11.078,11.728,-0.19523,-0.041459,34.645,2.1998
11.078,11.724,0,-0.043085,34.58,1.4096
11.031,11.72,-0.082054,-0.044185,34.51,1.8275
11.027,11.715,-0.075911,-0.044304,34.441,1.8025
11.027,11.711,0,-0.045167,34.372,1.5055
10.994,11.706,-0.35722,-0.04608,34.31,3.2019
10.958,11.702,-0.47398,-0.048277,34.234,4.005
10.913,11.697,-0.6202,-0.051042,34.155,5.1608
10.913,11.692,0,-0.055502,34.077,1.7279
10.913,11.686,0,-0.059876,33.999,1.697
10.703,11.68,-0.64061,-0.064363,33.89,6.0616
10.639,11.674,-0.66328,-0.068498,33.78,6.4734
10.639,11.667,0,-0.073315,33.677,2.3778
10.484,11.66,-0.83502,-0.078503,33.565,8.611
10.484,11.652,0,-0.084012,33.448,2.7558
10.484,11.643,0,-0.09116,33.332,2.7
10.484,11.634,0,-0.099217,33.216,2.6388
10.046,11.624,-1.483,-0.10788,33.035,19.096
9.8947,11.614,-1.6406,-0.11828,32.876,22.679
9.7286,11.602,-1.7995,-0.12993,32.695,26.741
9.5473,11.589,-1.8704,-0.14279,32.506,29.297
9.5473,11.575,0,-0.15684,32.303,5.3088
9.1575,11.559,-2.0947,-0.17144,32.051,36.902
8.9424,11.542,-2.0074,-0.18773,31.796,35.984
8.7413,11.523,-1.985,-0.20344,31.521,36.588
8.5524,11.503,-2.2054,-0.21859,31.237,43.377
8.3394,11.481,-2.3627,-0.2361,30.929,49.164
8.096,11.457,-2.3673,-0.2564,30.611,50.733
7.8552,11.431,-2.4651,-0.27717,30.274,55.177
7.5996,11.404,-2.5697,-0.30015,29.9,60.096
7.3395,11.374,-2.4448,-0.32429,29.513,57.456
7.0919,11.341,-2.2587,-0.34848,29.103,53.121
7.0919,11.306,0,-0.37156,28.68,13.127
6.6643,11.269,-1.8649,-0.39451,28.225,44.698
6.6643,11.23,0,-0.4173,27.766,14.448
6.3444,11.188,-0.72908,-0.43554,27.28,24.362
6.2638,11.145,-0.02592,-0.45033,26.788,15.98
6.2552,11.1,0.62284,-0.4586,26.305,10.405
6.3255,11.054,1.0643,-0.45923,25.829,7.4764
6.441,11.008,1.2366,-0.45493,25.366,6.2656
6.5712,10.962,1.2351,-0.44875,24.909,5.8015
6.6999,10.917,1.2557,-0.44182,24.472,5.2892
6.8266,10.873,1.2604,-0.43406,24.06,4.8632
6.9452,10.83,1.3019,-0.42668,23.655,4.3768
6.9452,10.787,0,-0.41715,23.268,11.086
7.2179,10.745,1.4055,-0.40483,22.917,3.4407
7.2179,10.705,0,-0.39349,22.566,9.6944
7.2179,10.666,0,-0.38105,22.219,9.6089
7.6068,10.627,1.2003,-0.36825,21.934,2.9123
7.729,10.591,1.196,-0.3554,21.639,2.6493
7.8486,10.555,1.3315,-0.34226,21.356,2.2517
7.8486,10.521,0,-0.32731,21.087,6.7797
8.1236,10.488,1.5621,-0.30898,20.85,1.8175
8.1236,10.457,0,-0.28954,20.615,5.714
8.1236,10.428,0,-0.26899,20.383,5.7194
8.5822,10.401,1.4459,-0.24779,20.222,1.3605
8.5822,10.377,0,-0.22757,20.041,4.1298
8.8677,10.354,1.4732,-0.20679,19.902,1.2123
8.8677,10.333,0,-0.18405,19.754,3.2553
9.1532,10.315,1.1189,-0.16443,19.647,0.70231
9.2693,10.298,0.81747,-0.14676,19.538,0.52778
9.3482,10.284,0.48866,-0.13439,19.434,0.66944
9.3883,10.27,0.15583,-0.12749,19.344,1.2624
9.3971,10.257,0.027895,-0.12507,19.263,1.6103
9.3971,10.245,0,-0.12335,19.178,1.6788
9.4124,10.233,0.3354,-0.12052,19.108,0.73052
9.4124,10.221,0,-0.11547,19.026,1.5989
9.4124,10.209,0,-0.10912,18.946,1.5895
9.4124,10.198,0,-0.10095,18.867,1.588
9.5793,10.188,0.51039,-0.091194,18.831,0.19096
9.6232,10.179,0.50157,-0.083617,18.769,0.13076
9.6232,10.171,0,-0.074279,18.714,1.0558
9.7233,10.163,0.44759,-0.066667,18.668,0.025632
9.7692,10.156,0.36647,-0.058865,18.626,0.029395
9.7981,10.151,0.33593,-0.053754,18.583,0.014204
9.7981,10.145,0,-0.047517,18.548,0.64812
9.8706,10.14,0.34727,-0.041313,18.529,0
9.8706,10.136,0,-0.036024,18.502,0.49072
9.9445,10.133,0.34647,-0.02891,18.48,0
9.9445,10.13,0,-0.022996,18.461,0.34281
10.021,10.128,0.30489,-0.016398,18.454,0
10.046,10.126,0.30545,-0.012305,18.444,0
10.071,10.125,0.35182,-0.0082179,18.43,0
10.071,10.124,0,-0.0039175,18.425,0.10053
10.144,10.123,0.47108,0.012092,18.42,0
10.183,10.125,0.55376,0.035212,18.432,0
10.183,10.128,0,0.063186,18.437,0.023446
10.29,10.134,0.57406,0.093545,18.465,0
10.346,10.144,0.5947,0.12171,18.475,0
10.346,10.156,0,0.15446,18.495,0
10.483,10.171,0.63434,0.18693,18.529,0
10.543,10.19,0.59575,0.21139,18.573,0
10.599,10.211,0.51636,0.23224,18.609,0
10.599,10.235,0,0.24976,18.647,0
10.599,10.259,0,0.25104,18.682,0
10.706,10.285,0.13936,0.25093,18.732,0
10.728,10.31,0.1396,0.24824,18.771,0
10.746,10.334,0.16084,0.24406,18.806,0
10.746,10.359,0,0.2405,18.846,0
10.746,10.383,0,0.241,18.884,0
10.746,10.407,0,0.2423,18.919,0
10.746,10.431,0,0.23819,18.952,0
10.846,10.455,0.14449,0.2295,19.018,0
10.865,10.478,0.15574,0.22677,19.054,0
10.865,10.501,0,0.22506,19.091,0
10.893,10.523,0.13552,0.21589,19.133,0
10.899,10.545,0.10126,0.20657,19.173,0
10.899,10.565,0,0.203,19.208,0
10.91,10.586,-0.01117,0.1884,19.238,0
10.91,10.605,0,0.1717,19.269,0
10.91,10.622,0,0.16152,19.299,0
10.903,10.638,0.13002,0.15326,19.328,0
10.903,10.653,0,0.15497,19.353,0
10.935,10.669,0.19086,0.15361,19.374,0
10.945,10.684,0.173,0.15005,19.392,0
10.945,10.699,0,0.15104,19.418,0
10.973,10.714,0.076884,0.14855,19.45,0
10.987,10.729,0.095846,0.14798,19.484,0
10.987,10.744,0,0.1417,19.509,0
10.997,10.758,0.13831,0.13725,19.545,0
11.008,10.772,0.17807,0.13538,19.573,0
11.02,10.785,0.044276,0.13451,19.599,0
11.02,10.799,0,0.13302,19.621,0
11.012,10.812,-0.33258,0.11449,19.662,0.85295
10.987,10.824,-0.51131,0.093328,19.684,1.6915
10.929,10.833,-0.68365,0.054611,19.707,2.7113
10.861,10.838,-0.73943,0.012956,19.709,3.1112
10.861,10.84,0,-0.0064345,19.711,0
10.861,10.839,0,-0.019672,19.713,0
10.623,10.837,-0.87284,-0.031796,19.681,4.7901
10.623,10.834,0,-0.044136,19.66,0.34706
10.438,10.829,-0.97537,-0.058407,19.633,6.2965
10.339,10.824,-0.99055,-0.072541,19.591,6.7773
10.25,10.816,-0.9555,-0.085082,19.543,6.7438
10.145,10.808,-0.9459,-0.10013,19.473,7.0028
10.057,10.798,-0.90184,-0.11239,19.41,6.8709
9.9584,10.787,-0.89914,-0.12626,19.341,7.157
9.8751,10.774,-0.91514,-0.13797,19.247,7.5582
9.8751,10.76,0,-0.15047,19.158,1.6862
9.6939,10.745,-0.99899,-0.16372,19.044,8.9506
9.5987,10.729,-0.98859,-0.1774,18.934,9.1306
9.5012,10.711,-0.90337,-0.19163,18.812,8.5445
9.4131,10.692,-0.73682,-0.2044,18.686,7.2238
9.4131,10.671,0,-0.21396,18.559,2.501
9.2822,10.65,-0.51523,-0.22277,18.427,5.7181
9.2822,10.628,0,-0.22931,18.291,2.6975
9.2822,10.605,0,-0.23629,18.158,2.6021
9.1261,10.581,-0.61632,-0.24422,18.018,6.7239
9.0722,10.557,-0.65765,-0.25177,17.878,7.1422
9.008,10.532,-0.66606,-0.26121,17.733,7.3223
9.008,10.505,0,-0.26962,17.582,2.9905
9.008,10.478,0,-0.27924,17.433,2.8699
9.008,10.451,0,-0.28965,17.288,2.7455
8.7765,10.422,-0.29215,-0.29622,17.096,4.8803
8.7382,10.392,0.054014,-0.30159,16.933,3.1023
8.7507,10.362,0.50474,-0.29747,16.775,1.6177
8.8022,10.332,0.96765,-0.28592,16.62,1.0172
8.8022,10.303,0,-0.26561,16.469,3.0188
9.0248,10.277,1.6298,-0.23924,16.342,1.5936
9.1932,10.253,1.78,-0.20432,16.229,1.9836
9.1932,10.233,0,-0.16899,16.124,2.0442
9.5534,10.216,1.9364,-0.12937,16.061,2.6282
9.7428,10.203,2.0578,-0.090275,16,3.229
9.956,10.194,2.2363,-0.046781,15.965,4.2199
10.186,10.189,2.4079,-0.00061799,15.96,5.3621
10.423,10.189,2.5387,0.12266,15.97,5.7645
10.423,10.201,0,0.25198,15.992,0.12586
10.423,10.226,0,0.36951,16.013,0.55222
11.189,10.263,2.4337,0.48436,16.139,4.2901
11.427,10.312,2.2629,0.58169,16.232,3.1883
11.651,10.37,2.0499,0.66625,16.344,1.9947
11.855,10.437,1.8576,0.7353,16.482,1.0225
12.046,10.51,1.6774,0.79245,16.621,0.21211
12.205,10.589,1.4511,0.83053,16.786,0
12.349,10.672,1.2268,0.85775,16.942,0
12.471,10.758,0.97133,0.87273,17.116,0
12.471,10.845,0,0.87231,17.283,0
12.643,10.933,0.46393,0.86369,17.46,0
12.643,11.019,0,0.84271,17.627,0
12.643,11.103,0,0.81494,17.785,0
12.643,11.185,0,0.77847,17.935,0
12.768,11.263,0.15061,0.74776,18.123,0
12.768,11.337,0,0.71408,18.27,0
12.795,11.409,0.13471,0.68257,18.397,0
12.817,11.477,0.12479,0.65789,18.541,0
12.838,11.543,0.046697,0.63402,18.67,0
12.844,11.606,-0.022146,0.60406,18.803,0
12.846,11.667,-0.024348,0.57368,18.92,0
12.846,11.724,0,0.54482,19.035,0
12.838,11.779,-0.042487,0.51257,19.148,0
12.833,11.83,0.04208,0.48437,19.26,0
12.847,11.878,0.11727,0.46678,19.366,0
12.863,11.925,0.23417,0.45107,19.46,0
12.877,11.97,0.4385,0.4354,19.557,0
12.877,12.014,0,0.4392,19.645,0
13.007,12.057,0.8129,0.45402,19.741,0
13.095,12.103,0.92499,0.47373,19.847,0
13.19,12.15,0.99435,0.49532,19.944,0
13.296,12.2,1.0163,0.5212,20.054,0
13.389,12.252,1.0167,0.53963,20.172,0
13.389,12.306,0,0.56357,20.283,0
13.611,12.362,1.0958,0.59028,20.418,0
13.715,12.421,1.1759,0.6101,20.552,0
13.84,12.482,1.1764,0.63858,20.683,0
13.956,12.546,1.1493,0.66139,20.816,0
14.068,12.612,1.0907,0.68103,20.952,0
14.068,12.68,0,0.69517,21.094,0
14.281,12.75,1.0262,0.71198,21.248,0
14.387,12.821,0.96908,0.72635,21.399,0
14.493,12.894,0.84309,0.73913,21.552,0
14.493,12.968,0,0.73964,21.708,0
14.493,13.042,0,0.7311,21.857,0
14.493,13.115,0,0.71033,21.999,0
14.493,13.186,0,0.684,22.133,0
14.681,13.254,-0.020147,0.65031,22.345,0
14.687,13.319,-0.048039,0.62174,22.474,0
14.687,13.381,0,0.58694,22.608,0
14.681,13.44,-0.012742,0.56158,22.742,0
14.677,13.496,-0.068607,0.5332,22.866,0
14.678,13.55,-0.034474,0.50845,22.989,0
14.676,13.6,0.01685,0.48401,23.109,0
14.671,13.649,0.033928,0.45907,23.214,0
14.671,13.695,0,0.43964,23.314,0
14.671,13.739,0,0.4297,23.409,0
14.671,13.782,0,0.42556,23.5,0
14.798,13.824,0.91142,0.43398,23.581,0
14.883,13.868,1.286,0.45183,23.679,0
15.015,13.913,1.6512,0.49008,23.782,1.0484
15.172,13.962,1.9805,0.53706,23.896,2.389
15.363,14.015,2.2324,0.59682,24.021,3.5464
15.579,14.075,2.3614,0.66498,24.165,4.1427
15.808,14.142,2.4043,0.73535,24.33,4.2882
16.058,14.215,2.4111,0.81123,24.505,4.2331
16.305,14.296,2.3398,0.88271,24.705,3.7495
16.533,14.385,2.1597,0.94127,24.909,2.7147
16.751,14.479,1.9807,0.99271,25.14,1.7475
16.957,14.578,1.8647,1.0356,25.362,1.1461
16.957,14.682,0,1.0691,25.595,0
17.33,14.788,1.7453,1.0988,25.852,0.54017
17.33,14.898,0,1.1241,26.1,0
17.33,15.011,0,1.15,26.338,0
17.914,15.126,2.2799,1.1915,26.62,3.235
18.139,15.245,2.2289,1.2324,26.907,2.9328
18.366,15.368,2.0799,1.2719,27.203,2.0997
18.565,15.495,2.0838,1.2973,27.511,2.1254
18.766,15.625,2.3318,1.3224,27.819,3.5504
18.766,15.757,0,1.3563,28.126,0
19.277,15.893,3.446,1.4136,28.472,11.226
19.619,16.034,4.0443,1.4917,28.827,16.079
20.026,16.183,4.2707,1.5923,29.191,18.124
20.462,16.343,4.1339,1.6996,29.592,17.1
20.462,16.513,0,1.7901,29.995,0
21.263,16.692,3.7078,1.8689,30.472,13.833
21.634,16.878,3.5334,1.9348,30.948,12.562
21.634,17.072,0,1.9876,31.414,0
22.329,17.271,3.4692,2.0365,31.933,12.4
22.668,17.474,3.3976,2.0794,32.436,12.017
23.002,17.682,3.2865,2.1187,32.968,11.303
23.325,17.894,3.1418,2.1511,33.51,10.326
23.636,18.109,2.9504,2.1767,34.052,8.9979
23.636,18.327,0,2.1966,34.593,0
24.212,18.547,2.6494,2.2073,35.178,7.018
24.212,18.767,0,2.2135,35.734,0
24.741,18.989,2.5374,2.2172,36.325,6.5052
25.004,19.21,2.5623,2.2211,36.9,6.868
25.004,19.433,0,2.2214,37.468,0
25.004,19.655,0,2.2254,38.014,0
25.786,19.877,2.4501,2.2298,38.65,6.5197
26.024,20.1,2.3409,2.2244,39.249,5.8367
26.259,20.323,2.2274,2.2181,39.844,5.1309
26.489,20.544,2.1066,2.21,40.434,4.3808
26.692,20.765,1.9848,2.1923,41.028,3.6218
26.692,20.985,0,2.1724,41.609,0
27.082,21.202,1.8482,2.1544,42.202,2.8832
27.261,21.417,1.6218,2.131,42.782,1.4428
27.43,21.63,1.412,2.1054,43.367,0.18299
27.573,21.841,1.134,2.072,43.95,0
27.573,22.048,0,2.0313,44.513,0
27.777,22.251,0.73366,1.98,45.069,0
27.777,22.449,0,1.9279,45.612,0
27.777,22.642,0,1.8739,46.135,0
27.987,22.83,0.75935,1.827,46.687,0
27.987,23.012,0,1.7851,47.193,0
28.158,23.191,0.94643,1.7477,47.712,0
28.263,23.365,0.98843,1.7174,48.211,0
28.352,23.537,1.008,1.6829,48.692,0
28.352,23.706,0,1.652,49.165,0
28.54,23.871,0.94348,1.6213,49.63,0
28.54,24.033,0,1.593,50.089,0
28.734,24.192,0.62143,1.5673,50.539,0
28.734,24.349,0,1.5325,50.985,0
28.734,24.502,0,1.4796,51.416,0
28.729,24.65,-1.7207,1.3949,51.826,3.6127
28.564,24.79,-2.4572,1.2873,52.22,19.353
28.316,24.918,-2.4104,1.1561,52.58,19.121
28.067,25.034,-1.7639,1.0294,52.896,6.757
27.889,25.137,-0.81838,0.93221,53.186,0
27.816,25.23,0.11088,0.87431,53.446,0
27.816,25.318,0,0.84955,53.7,0
27.921,25.402,0.95931,0.84937,53.969,0
28.023,25.487,0.82074,0.85391,54.226,0
28.102,25.573,0.70067,0.85045,54.474,0
28.162,25.658,0.61846,0.84086,54.727,0
28.162,25.742,0,0.83282,54.973,0
28.162,25.825,0,4.8,55.211,24.317
28.312,26.305,0.23946,0.65427,55.469,0
28.312,26.371,0,0.63946,55.666,0
28.339,26.435,0.03388,0.6199,55.88,0
28.342,26.497,0.0381,4.8,56.071,26.741
28.348,26.977,0.068724,0.43376,56.239,0
28.359,27.02,0.086514,0.42327,56.374,0
28.372,27.062,0.078141,0.41384,56.504,0
28.376,27.104,0.050127,0.40195,56.633,0
28.385,27.144,0.019133,0.39181,56.758,0
28.387,27.183,0.043509,0.37983,56.872,0
28.387,27.221,0,0.36933,56.99,0
28.411,27.258,0.31581,4.8,57.096,26.94
28.452,27.738,0.57062,0.21901,57.195,0
28.452,27.76,0,0.22705,57.266,0
28.452,27.783,0,0.24261,57.334,0
28.659,27.807,1.0598,0.26092,57.409,0
28.659,27.833,0,0.2864,57.493,0
28.659,27.862,0,0.30788,57.574,0
28.659,27.892,0,0.33291,57.653,0
29.078,27.926,0.86365,0.35284,57.818,0
29.175,27.961,0.67139,0.37145,57.94,0
29.175,27.998,0,0.37989,58.06,0
29.175,28.036,0,4.8,58.176,31.668
29.175,28.516,0,0.23704,58.265,0
29.318,28.54,-0.042604,0.2317,58.37,0
29.318,28.563,0,0.22476,58.447,0
29.318,28.585,0,0.21466,58.521,0
29.299,28.607,-0.012785,0.20586,58.602,0
29.299,28.627,0,0.19734,58.67,0
29.295,28.647,0.11307,0.19269,58.741,0
29.295,28.666,0,0.18816,58.804,0
29.322,28.685,0.25382,0.18923,58.863,0
29.347,28.704,0.27773,0.19104,58.934,0
29.376,28.723,0.33242,0.1941,58.996,0
29.416,28.743,0.40715,0.20025,59.052,0
29.449,28.763,0.42501,0.20379,59.111,0
29.487,28.783,0.41581,4.8,59.185,28.215
29.529,29.263,0.43401,0.076964,59.243,0
29.574,29.271,0.40667,0.087734,59.278,0
29.574,29.28,0,0.095558,59.308,0
29.652,29.289,0.45885,0.10505,59.345,0
29.696,29.3,0.48975,0.11453,59.385,0
29.696,29.311,0,0.12421,59.424,0
29.795,29.324,0.47405,0.13646,59.47,0
29.84,29.337,0.42745,0.14545,59.51,0
29.84,29.352,0,0.15629,59.559,0
29.84,29.367,0,0.16146,59.607,0
29.956,29.383,0.142,0.16553,59.688,0
29.956,29.4,0,0.16404,59.745,0
29.956,29.416,0,0.16217,59.799,0
29.956,29.433,0,0.15777,59.852,0
29.982,29.448,0.12377,0.1542,59.937,0
29.999,29.464,0.31752,0.15482,59.983,0
30.029,29.479,0.50562,0.15897,60.047,0
30.087,29.495,0.66597,0.17108,60.101,0
30.152,29.512,0.70977,-2,60.169,29.519
30.152,29.312,0,-2,60.243,23.855
30.273,29.112,0.45464,-2,60.366,35.535
30.316,28.912,0.26752,4.8,60.503,26.126
30.316,29.392,0,-2,60.619,25.248
30.355,29.192,0.018158,-2,60.723,29.903
30.357,28.992,-0.055707,4.8,60.844,31.116
30.357,29.472,0,-2,60.957,24.6
30.357,29.272,0,-2,61.055,28.161
30.357,29.072,0,-2,61.174,32.199
30.357,28.872,0,4.8,61.312,29.515
30.357,29.352,0,-2,61.437,26.683
30.357,29.152,0,-2,61.547,30.523
30.394,28.952,0.18328,4.8,61.692,27.084
30.403,29.432,0.213,-2,61.816,28.794
30.403,29.232,0,-2,61.923,29.831
30.403,29.032,0,4.8,62.05,30.223
30.446,29.512,-0.13011,-2,62.162,23.777
30.428,29.312,-0.35294,-2,62.259,24.188
30.428,29.112,0,-2,62.381,32.864
30.326,28.912,-0.68662,4.8,62.522,41.657
30.326,29.392,0,-2,62.639,25.431
30.19,29.192,-0.81815,-2,62.729,16.166
30.116,28.992,-0.76744,4.8,62.837,45.217
30.032,29.472,-0.67077,-2,62.922,11.886
29.959,29.272,-0.58972,-2,62.991,14.393
29.959,29.072,0,-2,63.07,24.629
29.959,28.872,0,4.8,63.168,31.993
29.959,29.352,0,-2,63.253,20.328
29.808,29.152,-0.25691,-2,63.271,17.924
29.787,28.952,-0.20836,4.8,63.338,36.968
29.787,29.432,0,-2,63.398,17.046
29.747,29.232,-0.17134,-2,63.444,17.054
29.747,29.032,0,4.8,63.506,34.336
29.711,29.512,-0.10253,-2,63.535,14.157
29.711,29.312,0,-2,63.565,17.59
29.711,29.112,0,-2,63.615,20.22
29.711,28.912,0,4.8,63.685,33.8
29.668,29.392,0.044292,-2,63.738,16.616
29.67,29.192,0.033013,-2,63.769,18.969
29.67,28.992,0,4.8,63.827,34.568
29.662,29.472,0.013243,-2,63.856,15.316
29.662,29.272,0,-2,63.885,17.477
29.662,29.072,0,-2,63.934,20.093
29.657,28.872,-0.045553,4.8,63.998,34.613
29.657,29.352,0,-2,64.052,16.463
29.656,29.152,-0.046683,-2,64.091,18.377
29.656,28.952,0,4.8,64.152,34.401
29.656,29.432,0,-2,64.198,15.541
29.637,29.232,-0.10765,-2,64.234,16.428
29.624,29.032,-0.11578,4.8,64.29,36.991
29.617,29.512,-0.14286,-2,64.326,12.764
29.595,29.312,-0.13321,-2,64.352,14.731
29.581,29.112,-0.12109,-2,64.382,17.059
29.574,28.912,-0.13144,4.8,64.444,36.804
29.557,29.392,-0.084568,-2,64.491,13.989
29.553,29.192,-0.14573,-2,64.523,15.467
