9.7008,9.7008,-1.6409,0,35.5,12.77
9.7008,9.7008,0,6.7,35.5,60.872
9.3587,10.371,-1.6952,6.7,35.432,108.61
9.1952,11.041,-1.6399,6.7,35.292,113.45
9.0238,11.711,-1.3978,-0.1678,35.056,24.198
9.0238,11.694,0,-0.17746,34.789,7.6759
8.7843,11.676,-0.74924,-0.18495,34.489,15.772
8.7021,11.658,-0.43871,-0.1914,34.192,12.609
8.6541,11.639,-0.22729,-0.19565,33.904,10.72
8.6541,11.619,0,-0.19787,33.606,8.7679
8.6541,11.599,0,-0.20089,33.311,8.6647
8.5883,11.579,-0.27427,-0.20379,33.008,11.109
8.5552,11.559,-0.26876,-0.20736,32.709,11.092
8.5552,11.538,0,-0.20986,32.409,8.7647
8.5552,11.517,0,-0.21316,32.112,8.6548
8.5066,11.496,-0.055262,-0.21471,31.817,9.1803
8.5075,11.474,-0.016686,-0.21598,31.522,8.7816
8.5075,11.453,0,-0.21767,31.226,8.5554
8.4971,11.431,-0.10371,-0.21923,30.95,9.2896
8.4848,11.409,-0.17226,-0.2214,30.666,9.7871
8.4755,11.387,-0.22579,-0.22337,30.382,10.166
8.4755,11.365,0,-0.22711,30.092,8.2609
8.4213,11.342,-0.32628,-0.23048,29.79,11.047
8.3956,11.319,-0.34403,-0.23404,29.491,11.196
8.3956,11.295,0,-0.23891,29.2,8.2301
8.3956,11.271,0,-0.24322,28.911,8.1042
8.2926,11.247,-0.32383,-0.2472,28.596,11.058
8.2926,11.222,0,-0.25116,28.302,8.2763
8.239,11.197,-0.25922,-0.2551,27.996,10.439
8.239,11.172,0,-0.25936,27.702,8.2363
8.239,11.146,0,-0.26301,27.41,8.1064
8.1512,11.12,-0.62385,-0.2682,27.091,13.982
8.081,11.093,-0.78445,-0.27633,26.798,16.018
7.9968,11.065,-0.89948,-0.28624,26.486,17.712
7.9968,11.036,0,-0.29625,26.18,8.4433
7.8129,11.007,-0.86236,-0.30785,25.877,17.739
7.8129,10.976,0,-0.31871,25.56,8.8132
7.8129,10.944,0,-0.32763,25.245,8.6224
7.8129,10.911,0,-0.3355,24.933,8.4361
7.5714,10.878,-0.20867,-0.34279,24.569,10.96
7.5714,10.844,0,-0.34821,24.24,9.0798
7.532,10.809,-0.089011,-0.35306,23.902,9.7541
7.53,10.773,0.0062519,-0.35636,23.57,8.8595
7.5274,10.738,0.23479,-0.35946,23.251,7.1704
7.5274,10.702,0,-0.35931,22.932,8.5985
7.5274,10.666,0,-0.35647,22.616,8.4678
7.6646,10.63,0.88256,-0.35134,22.322,3.5698
7.6646,10.595,0,-0.34383,22.027,7.6996
7.6646,10.561,0,-0.33468,21.736,7.6177
7.9309,10.527,1.0379,-0.32419,21.485,2.4774
8.0311,10.495,0.98225,-0.31287,21.223,2.3456
8.1366,10.464,0.94445,-0.30002,20.988,2.178
8.2248,10.434,1.0186,-0.28925,20.752,1.8801
8.3317,10.405,1.1099,-0.27541,20.534,1.6018
8.3317,10.377,0,-0.26066,20.328,4.8292
8.5689,10.351,1.3586,-0.24286,20.151,1.282
8.7107,10.327,1.4152,-0.22275,19.982,1.2129
8.8613,10.305,1.3713,-0.20092,19.834,1.0775
8.8613,10.284,0,-0.18052,19.69,3.1373
8.8613,10.266,0,-0.16231,19.549,3.1596
9.2472,10.25,1.1708,-0.14308,19.474,0.64592
9.3656,10.236,1.1696,-0.12497,19.379,0.57927
9.4816,10.223,1.2088,-0.10708,19.302,0.58218
9.5928,10.213,1.2317,-0.089873,19.238,0.58679
9.5928,10.204,0,-0.070354,19.177,1.229
9.5928,10.197,0,-0.05188,19.116,1.2699
9.9579,10.191,1.2558,-0.034144,19.117,0.60954
9.9579,10.188,0,-0.016401,19.094,0.46004
10.203,10.186,1.1482,0.010364,19.093,0.35062
10.31,10.187,1.0465,0.075361,19.091,0
10.411,10.195,0.92784,0.13292,19.102,0
10.511,10.208,0.89609,0.18576,19.125,0
10.596,10.227,0.88328,0.22611,19.153,0
10.682,10.249,0.91113,0.26475,19.193,0
10.764,10.276,0.89294,0.29799,19.238,0
10.858,10.306,0.83462,0.33633,19.296,0
10.858,10.339,0,0.36791,19.35,0
10.858,10.376,0,0.38858,19.4,0
11.083,10.415,0.64103,0.40365,19.492,0
11.151,10.455,0.69038,0.41893,19.563,0
11.225,10.497,0.7599,0.43621,19.632,0
11.225,10.541,0,0.45932,19.702,0
11.383,10.587,0.75854,0.47385,19.775,0
11.383,10.634,0,0.48596,19.852,0
11.526,10.683,0.6495,0.4979,19.937,0
11.526,10.733,0,0.5011,20.019,0
11.653,10.783,0.65993,0.50991,20.099,0
11.711,10.834,0.69384,0.51159,20.178,0
11.774,10.885,0.71687,0.51676,20.272,0
11.848,10.937,0.79265,0.52728,20.362,0
11.93,10.989,0.8747,0.54214,20.459,0
12.008,11.043,0.85223,0.55373,20.562,0
12.008,11.099,0,0.5688,20.656,0
12.168,11.156,0.73623,0.5761,20.754,0
12.244,11.213,0.63105,0.58417,20.859,0
12.244,11.272,0,0.58088,20.959,0
12.356,11.33,0.37789,0.57646,21.051,0
12.356,11.387,0,0.56137,21.151,0
12.429,11.444,0.47826,0.54886,21.25,0
12.474,11.498,0.53581,0.54141,21.34,0
12.474,11.553,0,0.54105,21.435,0
12.474,11.607,0,0.54854,21.525,0
12.675,11.662,0.54677,0.55587,21.633,0
12.675,11.717,0,0.55269,21.732,0
12.776,11.772,0.47756,0.54625,21.838,0
12.824,11.827,0.48485,0.54114,21.947,0
12.881,11.881,0.47949,0.54089,22.05,0
12.881,11.935,0,0.54084,22.147,0
12.984,11.989,0.44654,0.53458,22.266,0
13.036,12.043,0.40408,0.53152,22.358,0
13.08,12.096,0.37248,0.52485,22.456,0
13.115,12.148,0.36965,0.51388,22.552,0
13.149,12.2,0.37674,0.50297,22.65,0
13.149,12.25,0,0.49958,22.742,0
13.238,12.3,0.36002,0.49432,22.851,0
13.271,12.35,0.29025,0.48433,22.954,0
13.292,12.398,0.23169,0.46862,23.05,0
13.292,12.445,0,0.45385,23.137,0
13.34,12.49,0.16575,0.44265,23.232,0
13.359,12.534,0.23794,0.42857,23.315,0
13.359,12.577,0,0.41365,23.395,0
13.407,12.619,0.39087,0.40757,23.471,0
13.44,12.659,0.35945,0.40276,23.554,0
13.48,12.7,0.30496,0.40148,23.639,0
13.509,12.74,0.24789,0.39513,23.715,0
13.532,12.779,0.14952,0.38568,23.798,0
13.556,12.818,0.082825,0.37748,23.866,0
13.564,12.856,0.13319,0.36131,23.93,0
13.569,12.892,0.22111,0.34469,24.007,0
13.569,12.926,0,0.33863,24.073,0
13.627,12.96,0.30709,0.33795,24.13,0
13.627,12.994,0,0.33421,24.195,0
13.689,13.027,0.30734,0.33413,24.258,0
13.715,13.061,0.23863,0.32979,24.324,0
13.715,13.094,0,0.32415,24.387,0
13.752,13.126,0.14782,0.31445,24.463,0
13.758,13.158,0.073408,0.30091,24.532,0
13.758,13.188,0.02574,0.28568,24.587,0
13.758,13.216,0,0.27024,24.643,0
13.756,13.243,-0.17047,0.25592,24.685,0
13.756,13.269,0,0.22958,24.735,0
13.693,13.292,-0.37367,0.19933,24.76,0.76413
13.655,13.312,-0.45406,0.17032,24.799,1.1775
13.603,13.329,-0.45177,0.136,24.823,1.2338
13.556,13.342,-0.3947,0.10591,24.85,1.037
13.556,13.353,0,0.08132,24.871,0
13.476,13.361,-0.32079,0.056679,24.898,0.83367
13.443,13.367,-0.28514,0.037965,24.913,0.73748
13.418,13.371,-0.3255,0.023263,24.926,0.91912
13.378,13.373,-0.38352,0.0024529,24.919,1.1965
13.341,13.373,-0.45453,-0.0041203,24.912,1.6037
13.303,13.373,-0.50829,-0.008808,24.917,1.9702
13.246,13.372,-0.53268,-0.015895,24.91,2.2565
13.187,13.37,-0.55245,-0.023216,24.905,2.5327
13.135,13.368,-0.62341,-0.029513,24.889,3.1036
13.069,13.365,-0.69421,-0.03756,24.855,3.7661
13.069,13.361,0,-0.045873,24.826,0.52498
12.936,13.357,-0.79875,-0.053642,24.776,4.955
12.865,13.351,-0.82008,-0.062169,24.738,5.357
12.865,13.345,0,-0.072538,24.69,0.89492
12.865,13.338,0,-0.080461,24.642,0.85483
12.644,13.33,-0.68808,-0.088651,24.558,5.009
12.575,13.321,-0.70826,-0.096812,24.476,5.3642
12.496,13.311,-0.71206,-0.10635,24.39,5.6305
12.417,13.301,-0.72932,-0.1158,24.307,6.0046
12.417,13.289,0,-0.12409,24.219,1.7407
12.272,13.277,-0.76673,-0.13315,24.117,6.7431
12.272,13.263,0,-0.14108,24.017,2.0104
12.135,13.249,-0.69447,-0.14957,23.901,6.5106
12.069,13.234,-0.66794,-0.1576,23.777,6.4642
11.995,13.218,-0.63338,-0.16654,23.665,6.3789
11.931,13.202,-0.63152,-0.17416,23.544,6.518
11.931,13.184,0,-0.18141,23.418,2.6137
11.806,13.166,-0.61018,-0.18965,23.267,6.6363
11.741,13.147,-0.59444,-0.19781,23.121,6.6561
11.674,13.128,-0.55895,-0.20603,22.985,6.5221
11.674,13.107,0,-0.21207,22.841,3.0322
11.674,13.086,0,-0.21772,22.698,2.9435
11.674,13.064,0,-0.22563,22.558,2.8447
11.449,13.041,-0.65114,-0.23437,22.374,7.7051
11.376,13.018,-0.59256,-0.2441,22.21,7.3618
11.316,12.994,-0.48681,-0.25181,22.052,6.6208
11.274,12.968,-0.41883,-0.25706,21.886,6.1549
11.274,12.943,0,-0.26139,21.718,3.5607
11.274,12.917,0,-0.26472,21.553,3.4626
11.168,12.89,-0.47177,-0.27031,21.352,6.5747
11.118,12.863,-0.60351,-0.27682,21.189,7.6861
11.118,12.835,0,-0.28516,21.016,3.6103
10.994,12.807,-0.68812,-0.29402,20.847,8.6186
10.92,12.777,-0.64569,-0.30482,20.666,8.3632
10.864,12.747,-0.60993,-0.31261,20.486,8.1086
10.8,12.716,-0.5766,-0.32242,20.29,7.9051
10.8,12.683,0,-0.33209,20.1,3.9354
10.688,12.65,-0.58119,-0.33944,19.884,8.0302
10.688,12.616,0,-0.34855,19.69,4.0045
10.563,12.581,-0.55996,-0.35852,19.502,7.9712
10.505,12.546,-0.55883,-0.36725,19.309,7.9972
10.45,12.509,-0.53941,-0.37625,19.095,7.8549
10.387,12.471,-0.55775,-0.38624,18.897,8.0503
10.336,12.433,-0.61868,-0.39401,18.696,8.5717
10.282,12.393,-0.68409,-0.40304,18.483,9.1668
10.218,12.353,-0.75283,-0.41376,18.276,9.8522
10.218,12.312,0,-0.42902,18.064,4.1754
10.046,12.269,-0.81854,-0.44495,17.837,10.695
9.9733,12.224,-0.77969,-0.45851,17.61,10.332
9.9016,12.178,-0.73791,-0.47222,17.376,9.9367
9.9016,12.131,0,-0.48656,17.151,4.3548
9.7507,12.082,-0.69258,-0.50155,16.91,9.5411
9.7507,12.032,0,-0.51487,16.679,4.395
9.6043,11.981,-0.78207,-0.53016,16.449,10.4
9.5194,11.928,-0.7917,-0.54724,16.219,10.517
9.4496,11.873,-0.76438,-0.56156,15.98,10.204
9.3748,11.817,-0.67475,-0.57702,15.743,9.3227
9.3072,11.759,-0.64383,-0.59138,15.499,8.9819
9.2499,11.7,-0.64892,-0.60357,15.251,8.9274
9.1888,11.64,-0.68999,-0.6164,15.01,9.2036
9.1259,11.578,-0.72126,-0.62963,14.771,9.396
9.0584,11.515,-0.72797,-0.64512,14.519,9.3606
8.9889,11.451,-0.76596,-0.66067,14.276,9.6202
8.9185,11.384,-0.78499,-0.67741,14.023,9.691
8.8303,11.317,-0.76626,-0.6988,13.777,9.4455
8.7566,11.247,-0.77308,-0.71657,13.526,9.3899
8.6876,11.175,-0.81506,-0.73281,13.279,9.648
8.6876,11.102,0,-0.75479,13.034,3.7768
8.5209,11.026,-0.7282,-0.77501,12.78,8.6115
8.446,10.949,-0.73394,-0.79456,12.522,8.5052
8.372,10.869,-0.76844,-0.81419,12.264,8.6384
8.372,10.788,0,-0.83247,12.018,3.4848
8.372,10.705,0,-0.85011,11.78,3.1926
8.372,10.62,0,-0.87018,11.551,2.9026
8.0604,10.533,-0.78542,-0.89408,11.282,8.0816
7.9781,10.443,-0.77912,-0.91712,11.028,7.8296
7.9781,10.352,0,-0.93952,10.786,3.0064
7.8143,10.258,-0.82034,-0.96105,10.537,7.7624
7.7407,10.162,-0.84185,-0.97986,10.292,7.7069
7.7407,10.064,0,-1.0016,10.055,2.6997
7.5595,9.9635,-0.84001,-5.2,9.8036,246.64
7.5595,9.4435,0,-5.2,9.5893,147.87
7.4135,8.9235,-0.6551,-5.2,9.4165,167.18
7.3464,8.4035,-0.56654,-0.41249,9.293,3.7081
7.2921,8.3622,-0.46483,-5.2,9.1772,132.8
7.2921,7.8422,0,-0.22285,9.0962,0.6646
7.2042,7.8199,-0.54436,-0.23283,9.0361,2.9374
7.1558,7.7966,-0.55284,-0.2443,8.974,3.015
7.1097,7.7722,-0.58078,-0.25461,8.912,3.2002
7.1097,7.7468,0,-5.2,8.847,103.66
7.1097,7.2268,0,-0.077561,8.8093,0.078083
6.9509,7.219,-0.60713,-0.097386,8.786,2.7606
6.8838,7.2093,-0.77957,-0.11856,8.7636,3.9813
6.8069,7.1974,-0.90559,-0.14289,8.7297,5.0644
6.8069,7.1831,0,-0.16953,8.6914,0.41543
6.8069,7.1662,0,-0.20424,8.6546,0.30937
6.5008,7.1457,-1.323,-0.2412,8.5747,9.7659
6.5008,7.1216,0,-5.2,8.5114,67.053
6.5008,6.6016,0,-0.13073,8.4753,0
6.0896,6.5885,-1.5531,-0.17652,8.4101,12.656
5.933,6.5709,-1.5972,-0.22746,8.355,13.643
5.7802,6.5481,-1.6487,-0.27679,8.2823,14.743
5.6053,6.5205,-1.7561,-5.2,8.189,13.101
5.4236,6.0005,-1.8783,-0.19605,8.1052,18.472
5.4236,5.9809,0,-0.25296,8.0485,0.61168
5.0542,5.9556,-2.0094,-8.8,7.9413,0
4.8602,5.0756,-2.0129,-0.06398,7.8807,20.293
4.6589,5.0692,-1.9721,-0.12253,7.8492,20.087
4.4641,5.0569,-1.9347,-0.17863,7.7952,19.912
4.2789,5.0391,-1.9425,-0.23194,7.7184,20.592
4.2789,5.0159,0,-0.2881,7.6435,0.91813
3.8944,4.9871,-1.8282,-0.34293,7.536,19.29
3.7206,4.9528,-1.5798,-8.8,7.4206,0
3.7206,4.0728,0,-0.13543,7.3414,0.44056
3.7206,4.0592,0,-0.16952,7.3069,0.3379
3.3323,4.0423,-0.69942,-0.19139,7.2018,4.5281
3.3323,4.0231,0,-0.20648,7.1318,1.024
3.2122,4.0025,-0.47959,-0.21878,7.0415,3.269
3.1657,3.9806,-0.45146,-8.8,6.9522,0
3.1249,3.1006,-0.45738,0.044067,6.9054,1.6523
3.0834,3.105,-0.51887,-0.0047046,6.8959,1.8822
3.0834,3.1045,0,-0.017153,6.8938,0.0073889
2.9818,3.1028,-0.59275,-0.02647,6.8741,2.5217
2.9154,3.1002,-0.6083,-0.0405,6.8635,2.7705
2.8528,3.0961,-0.54262,-0.053402,6.8517,2.5343
2.8528,3.0908,0,-0.066004,6.8276,0.35546
2.8528,3.0842,0,-0.074181,6.8041,0.32223
2.7175,3.0768,-0.2519,-0.080254,6.7512,1.4071
2.6871,3.0687,-0.28206,-0.085776,6.7137,1.5727
2.6871,3.0602,0,-0.090126,6.6759,0.59614
2.6184,3.0511,-0.58739,-0.098316,6.645,3.2473
2.5558,3.0413,-0.65193,-0.11129,6.5956,3.7889
2.5558,3.0302,0,-0.12476,6.5476,0.73829
2.4226,3.0177,-0.76014,-8.8,6.4763,0
2.3435,2.1377,-0.76962,0.65436,6.457,7.0297
2.2693,2.2031,-0.80163,0.20026,6.4704,4.5934
2.1956,2.2232,-0.91303,-0.0046453,6.4705,4.482
2.1102,2.2227,-0.97246,-0.019013,6.4609,5.2601
2.1102,2.2208,0,-0.034717,6.4498,0.15467
1.9179,2.2173,-1.0947,-0.051083,6.4154,4.0703
1.9179,2.2122,0,-0.070813,6.3857,0.46779
1.696,2.2051,-1.0583,-0.088551,6.3175,4.2626
1.5891,2.1963,-1.0118,-0.10696,6.2526,4.2973
1.5891,2.1856,0,-0.1253,6.1924,1.0264
1.3878,2.1731,-0.88039,-0.14131,6.1289,4.2714
1.3096,2.1589,-0.81849,-8.8,6.0422,0
1.237,1.2789,-0.65272,-0.0044039,6.0041,2.028
1.1725,1.2785,-0.54241,-0.011141,5.9984,2.2652
1.1238,1.2774,-0.46641,-0.016214,5.981,2.0035
1.1238,1.2758,0,-0.021573,5.9658,0.27312
1.1238,1.2736,0,-0.026313,5.9507,0.25731
1.1238,1.271,0,-0.031297,5.9358,0.24008
0.92853,1.2678,-0.95733,-0.036692,5.8652,3.0766
0.82963,1.2642,-1.6551,-0.047281,5.8322,4.5986
0.66906,1.2594,-2.6715,-0.065022,5.7753,6.9168
0.40393,1.2529,-3.9535,-0.094698,5.7118,10.003
0.0011823,1.2435,-5.3254,-8.8,5.6129,0
0.0011823,0.36347,0,-6.1569,5.5326,0
-1.1452,0,-6.2507,-6.2507,5.4196,2.3477
-1.7661,0,-5.6763,-5.6763,5.3045,3.6205
-1.7661,0,0,-4.6358,5.1563,0
-1.7661,0,0,-8.8,5.0029,0
-1.7661,0,0,-8.8,4.8703,0
-3.3437,0,-1.4978,-8.8,4.3625,0
-3.3437,0,0,-8.8,4.0722,0
-3.5937,0,-0.74238,-8.8,3.7713,0
-3.6645,0,-0.57237,-8.8,3.4433,0
-3.6645,0,0,-8.8,3.1209,0
-3.7572,0,-0.36312,-8.8,2.7895,0
-3.7989,0,-0.29997,-8.8,2.4549,0
-3.7989,0,0,-8.8,2.119,0
-3.866,0,-0.28797,-8.8,1.7631,0
-3.8869,0,-0.17609,-8.8,1.4165,0
-3.9117,0,2.0275e-05,-8.8,1.0672,0
-3.9081,0,0.11982,-10.471,0.72103,0
-3.8901,0,0.27288,-19.873,0.37559,0
-3.8577,0,0.49046,-89.494,0.08269,0
-3.8025,0,0.61657,-49.244,0.145,0
-3.8025,0,0,-483.3,0.010963,0
-3.6806,0,0.77601,-8.8,2.0669,0
-3.5958,0,0.88322,-8.8,1.7421,0
-3.5166,0,0.93595,-8.8,1.4334,0
-3.4212,0,0.95606,-8.8,1.125,0
-3.3192,0,0.98689,-8.8,0.82828,0
-3.224,0,0.98507,-8.8,0.54917,0
-3.224,0,0,-17.048,0.27077,0
-3.0349,0,0.88459,-109.07,0.041882,0
-2.9447,0,0.80826,-14.596,0.28145,0
-2.8683,0,0.7515,-71.505,0.056928,0
-2.8683,0,0,-27.428,0.12763,0
-2.7094,0,0.71845,9.8,1,24.637
-2.6284,0.98,0.74738,-8.8552,0.67797,0
-2.6284,0.094483,0,-8.8,0.36141,0
-2.459,0,0.71368,-18.704,0.1557,0
-2.3863,0,0.64106,-654.01,0.0043493,0
-2.3863,0,0,-8.8,3.0358,0
-2.2657,0,0.42038,-8.8,2.8436,0
-2.2168,0,0.30235,-8.8,2.6676,0
-2.1808,0,0.29873,-8.8,2.4926,0
-2.1586,0,0.30298,-8.8,2.3116,0
-2.1586,0,0,-8.8,2.1397,0
-2.1586,0,0,-8.8,1.9679,0
-2.0415,0,0.30647,-8.8,1.822,0
-2.0044,0,0.2878,-8.8,1.668,0
-1.9806,0,0.19923,-8.8,1.5095,0
-1.9806,0,0,-8.8,1.3554,0
-1.9462,0,0.073993,-8.8,1.2234,0
-1.9376,0,0.074599,-8.8,1.0793,0
-1.9376,0,0,-8.8,0.9295,0
-1.8991,0,0.24049,-8.8,0.77798,0
-1.8694,0,0.31751,-8.8,0.63782,0
-1.8348,0,0.31801,-8.8,0.49156,0
-1.8348,0,0,-8.8,0.35208,0
-1.7913,0,0.29064,-8.8,0.21826,0
-1.7913,0,0,-18.537,0.083125,0
-1.7416,0,0.41695,9.8,1,23.286
-1.7416,0.98,0,-8.8,0.77684,0
-1.6362,0.1,0.63153,-8.8,0.5507,0
-1.5805,0,0.67331,-8.8,0.4289,0
-1.5161,0,0.64693,-8.8,0.30965,0
-1.4454,0,0.57839,-8.8,0.21129,0
-1.3955,0,0.49915,-8.8,0.12267,0
-1.3498,0,0.44094,-26.937,0.033276,0
-1.3038,0,0.35419,-19.052,0.043796,0
-1.2722,0,0.18961,-57.014,0.014147,0
-1.2586,0,-0.0032517,-8.8,0.17801,0
-1.2586,0,0,-8.8,0.096144,0
-1.2735,0,-0.39515,-1168.2,0.00069434,0
-1.3092,0,-0.57332,-0.57332,5.7189,2.6838
-1.3587,0,-0.67401,-0.67401,5.5823,2.7854
-1.4205,0,-0.70406,-0.70406,5.4377,2.9119
-1.4992,0,-0.74348,-0.74348,5.3049,3.0733
-1.5738,0,-0.7195,-0.7195,5.146,3.2262
-1.6528,0,-0.72762,-8.8,4.9867,0
-1.6528,0,0,-8.8,4.8654,0
-1.6528,0,0,-8.8,4.7441,0
-1.8713,0,-0.68271,-8.8,4.5758,0
-1.9445,0,-0.63022,-8.8,4.4371,0
-2.0108,0,-0.55066,-8.8,4.289,0
-2.0605,0,-0.4858,-8.8,4.1355,0
-2.1152,0,-0.40812,-8.8,3.9707,0
-2.1152,0,0,-8.8,3.8031,0
-2.2,0,-0.36483,-8.8,3.6228,0
-2.2397,0,-0.36057,-8.8,3.4401,0
-2.2727,0,-0.39288,-8.8,3.2535,0
-2.3112,0,-0.46399,-8.8,3.0749,0
-2.356,0,-0.55364,-8.8,2.8852,0
-2.4202,0,-0.60834,-8.8,2.683,0
-2.4202,0,0,-8.8,2.485,0
-2.5475,0,-0.62678,-8.8,2.2803,0
-2.6188,0,-0.63531,-8.8,2.0624,0
-2.6188,0,0,-8.8,1.8446,0
-2.7405,0,-0.68619,-8.8,1.605,0
-2.8099,0,-0.72091,-8.8,1.3738,0
-2.8766,0,-0.70649,-8.8,1.1415,0
-2.9494,0,-0.68441,-8.8,0.88888,0
-3.0149,0,-0.66567,-8.8,0.63689,0
-3.0149,0,0,-13.431,0.37939,0
-3.0149,0,0,-39.658,0.14505,0
-3.201,0,-0.69264,9.8,1,28.61
-3.2758,0.98,-0.77852,-15.114,0.63174,0
-3.2758,0,0,-21.222,0.28172,0
-3.4452,0,-0.91027,-122.38,0.048858,0
-3.5356,0,-0.83294,-21.371,0.30432,0
-3.6186,0,-0.78797,-134.67,0.048903,0
-3.7071,0,-0.7104,-20.137,0.3537,0
-3.7877,0,-0.60331,-89.287,0.080885,0
-3.8392,0,-0.42966,-51.765,0.14356,0
-3.8392,0,0,-667.53,0.018465,0
-3.8392,0,0,-8.8,2.9722,0
-3.8392,0,0,-8.8,2.6323,0
-3.8933,0,0.28962,-8.8,2.262,0
-3.8592,0,0.21823,-8.8,1.9248,0
-3.8437,0,-0.075657,-8.8,1.5844,0
-3.8437,0,0,-8.8,1.244,0
