24.167,24.167,1.6227,0,35.5,1.8119
24.167,24.167,0,0.04094,35.5,0.090208
24.497,24.171,1.5519,0.082397,35.539,1.6218
24.651,24.179,1.5156,0.11943,35.588,1.5211
24.651,24.191,0,0.15592,35.635,0
24.651,24.207,0,0.19095,35.68,0
25.108,24.226,1.4547,0.2234,35.787,1.4067
25.248,24.248,1.4939,0.25353,35.891,1.6168
25.388,24.273,1.5175,0.28264,35.99,1.7731
25.544,24.302,1.5551,0.31561,36.114,2.0133
25.544,24.333,0,0.34987,36.236,0
25.857,24.368,1.535,0.37903,36.388,2.0684
25.857,24.406,0,0.40663,36.535,0
25.857,24.447,0,0.43372,36.678,0
25.857,24.49,0,0.45958,36.817,0
26.431,24.536,1.3927,0.48486,37.073,1.6321
26.579,24.585,1.3788,0.51095,37.273,1.627
26.579,24.636,0,0.53444,37.47,0
26.579,24.689,0,0.55485,37.662,0
26.996,24.745,1.3912,0.57925,37.9,1.8714
26.996,24.802,0,0.60348,38.122,0
27.3,24.863,1.4157,0.62892,38.383,2.148
27.431,24.926,1.2475,0.64766,38.633,1.3007
27.55,24.99,0.90778,0.66266,38.892,0
27.648,25.057,0.52473,0.67181,39.152,0
27.71,25.124,0.062804,0.67143,39.414,0
27.723,25.191,-0.37547,0.65837,39.679,0
27.723,25.257,0,0.63138,39.929,0
27.723,25.32,0,0.59777,40.172,0
27.548,25.38,-0.70267,0.56569,40.391,0
27.474,25.436,-0.66466,0.53197,40.592,0
27.406,25.49,-0.51551,0.50081,40.783,0
27.406,25.54,0,0.47398,40.972,0
27.304,25.587,-0.40763,0.44928,41.142,0
27.259,25.632,-0.37963,0.4259,41.305,0
27.218,25.675,-0.33706,0.40435,41.46,0
27.19,25.715,-0.38176,0.38671,41.614,0
27.143,25.754,-0.35221,0.36442,41.762,0
27.106,25.79,-0.3298,0.34527,41.899,0
27.069,25.825,-0.35738,0.32693,42.034,0
27.034,25.857,-0.3932,0.30901,42.148,0
27.034,25.888,0,0.28987,42.264,0
26.943,25.917,-0.49049,0.26985,42.387,0
26.943,25.944,0,0.25235,42.488,0
26.849,25.969,-0.62377,0.2315,42.579,0.52919
26.849,25.993,0,0.20826,42.666,0
26.849,26.013,0,0.18464,42.751,0
26.656,26.032,-0.59852,0.1644,42.804,0.93098
26.604,26.048,-0.5972,0.14636,42.866,1.0664
26.549,26.063,-0.59622,0.1279,42.909,1.2071
26.48,26.076,-0.60773,0.10659,42.962,1.4365
26.48,26.086,0,0.086545,43.002,0
26.344,26.095,-0.63563,0.065584,43.037,1.9225
26.344,26.102,0,0.048763,43.061,0
26.232,26.107,-0.62955,0.033174,43.072,2.1582
26.232,26.11,0,0.01549,43.085,0
26.107,26.111,-0.67289,-0.00047437,43.089,2.7117
26.035,26.111,-0.69138,-0.0080738,43.077,3.0592
26.035,26.111,0,-0.014268,43.069,0.12626
26.035,26.109,0,-0.021247,43.062,0.10795
25.838,26.107,-0.72299,-0.028454,43.024,3.9141
25.838,26.104,0,-0.035799,42.997,0.49165
25.695,26.101,-0.64507,-0.043014,42.959,3.8363
25.635,26.096,-0.63365,-0.049034,42.909,3.9452
25.574,26.091,-0.64472,-0.05506,42.868,4.2094
25.508,26.086,-0.60926,-0.061653,42.816,4.1692
25.437,26.08,-0.66072,-0.068701,42.748,4.7536
25.437,26.073,0,-0.075083,42.684,1.2783
25.304,26.065,-0.71711,-0.081789,42.597,5.604
25.232,26.057,-0.7024,-0.088876,42.517,5.7169
25.156,26.048,-0.70694,-0.096394,42.428,5.9966
25.078,26.039,-0.67409,-0.10411,42.342,5.9806
25.016,26.028,-0.64345,-0.1101,42.244,5.9229
24.944,26.017,-0.63487,-0.1172,42.138,6.0737
24.883,26.005,-0.64916,-0.12291,42.038,6.3618
24.814,25.993,-0.65796,-0.12975,41.917,6.6414
24.757,25.98,-0.65726,-0.13504,41.805,6.7926
24.687,25.967,-0.63143,-0.14186,41.686,6.7832
24.687,25.952,0,-0.14902,41.559,2.7823
24.687,25.938,0,-0.15486,41.433,2.7129
24.51,25.922,-0.23305,-0.15871,41.295,4.4159
24.495,25.906,-0.050375,-0.15941,41.152,3.4284
24.496,25.89,0.11413,-0.15838,41.004,2.6561
24.496,25.874,0,-0.15606,40.865,3.1031
24.54,25.859,0.31026,-0.1512,40.738,1.8053
24.578,25.844,0.27094,-0.14579,40.607,1.8069
24.578,25.829,0,-0.14123,40.481,2.7713
24.578,25.815,0,-0.13669,40.356,2.747
24.641,25.801,-0.00061979,-0.13547,40.229,2.5231
24.646,25.788,-0.13814,-0.13385,40.118,3.0923
24.628,25.774,-0.22663,-0.13503,39.999,3.5569
24.613,25.761,-0.26041,-0.13579,39.881,3.7434
24.593,25.747,-0.29789,-0.13712,39.758,3.9713
24.559,25.734,-0.32774,-0.14013,39.649,4.2072
24.559,25.72,0,-0.14319,39.532,2.4922
24.496,25.705,-0.36481,-0.1456,39.399,4.5353
24.496,25.691,0,-0.15009,39.279,2.566
24.496,25.676,0,-0.15414,39.16,2.5052
24.496,25.66,0,-0.15929,39.043,2.4394
24.496,25.644,0,-0.1652,38.927,2.3698
24.242,25.628,-0.56729,-0.17091,38.747,6.5327
24.242,25.611,0,-0.17749,38.609,2.9804
24.137,25.593,-0.50846,-0.18162,38.456,6.3094
24.089,25.575,-0.48682,-0.18629,38.316,6.2407
24.041,25.556,-0.51914,-0.19109,38.158,6.5802
23.997,25.537,-0.51197,-0.19535,38.012,6.6049
23.997,25.518,0,-0.20062,37.859,3.358
23.901,25.498,-0.59531,-0.20506,37.689,7.4608
23.845,25.477,-0.70725,-0.21087,37.528,8.5692
23.778,25.456,-0.82256,-0.21813,37.366,9.8574
23.778,25.434,0,-0.22828,37.199,3.6681
23.592,25.411,-1.0523,-0.2398,37.017,13.002
23.489,25.387,-1.142,-0.25215,36.823,14.479
23.365,25.362,-1.1639,-0.26712,36.636,15.195
23.253,25.335,-1.2639,-0.28083,36.433,16.977
23.123,25.307,-1.3405,-0.29718,36.21,18.586
22.99,25.278,-1.3816,-0.31397,35.992,19.705
22.848,25.246,-1.4617,-0.33239,35.749,21.538
22.708,25.213,-1.5764,-0.35057,35.508,24.069
22.555,25.178,-1.598,-0.37114,35.243,25.03
22.404,25.141,-1.598,-0.3916,34.975,25.564
22.246,25.102,-1.5522,-0.4134,34.688,25.253
22.246,25.06,0,-0.43448,34.405,6.7056
21.946,25.017,-1.4066,-0.45561,34.103,23.602
21.946,24.971,0,-0.47556,33.798,7.2826
21.672,24.924,-1.3684,-0.49571,33.462,23.676
21.527,24.874,-1.4098,-0.51778,33.128,24.768
21.39,24.822,-1.4302,-0.53855,32.795,25.449
21.39,24.769,0,-0.5624,32.454,8.1565
21.104,24.712,-1.3759,-0.58444,32.079,25.137
21.104,24.654,0,-0.60793,31.721,8.5698
21.104,24.593,0,-0.6305,31.369,8.1854
20.699,24.53,-1.3555,-0.65257,30.961,25.469
20.561,24.465,-1.3263,-0.67694,30.575,25.17
20.419,24.397,-1.332,-0.70275,30.177,25.461
20.294,24.327,-1.2935,-0.72618,29.774,24.902
20.157,24.254,-1.2108,-0.75248,29.364,23.675
20.04,24.179,-1.1694,-0.77533,28.956,23.037
20.04,24.101,0,-0.79693,28.546,9.4765
19.803,24.022,-1.2304,-0.82329,28.124,23.985
19.69,23.939,-1.2367,-0.84698,27.706,24.026
19.558,23.855,-1.2628,-0.87494,27.284,24.444
19.441,23.767,-1.2248,-0.901,26.852,23.734
19.441,23.677,0,-0.92814,26.424,9.3651
19.22,23.584,-0.99881,-0.95221,25.972,20.052
19.22,23.489,0,-0.9747,25.54,9.207
19.22,23.392,0,-0.99643,25.118,8.6846
18.952,23.292,-0.83397,-1.0176,24.662,17.118
18.864,23.19,-0.83285,-1.0399,24.223,16.82
18.772,23.086,-0.79366,-1.0627,23.795,16.072
18.689,22.98,-0.75513,-1.0834,23.372,15.315
18.611,22.872,-0.76815,-1.1036,22.941,15.122
18.611,22.761,0,-1.1219,22.52,7.873
18.466,22.649,-0.81047,-1.1413,22.09,14.856
18.386,22.535,-0.87007,-1.1608,21.682,15.181
18.291,22.419,-0.91421,-1.1855,21.269,15.361
18.203,22.3,-0.97018,-1.2077,20.864,15.662
18.203,22.179,0,-1.2346,20.46,6.6459
17.996,22.056,-1.0395,-1.264,20.038,15.784
17.996,21.93,0,-1.2911,19.639,6.2261
17.785,21.8,-0.99674,-1.3209,19.236,14.495
17.676,21.668,-0.94969,-1.3508,18.836,13.563
17.574,21.533,-0.84953,-1.3769,18.447,12.092
17.489,21.396,-0.83751,-1.3985,18.051,11.534
17.489,21.256,0,-1.4176,17.667,5.151
17.314,21.114,-0.86933,-1.4403,17.285,10.983
17.223,20.97,-0.89743,-1.4615,16.913,10.83
17.134,20.824,-0.88347,-1.4823,16.536,10.251
17.055,20.676,-0.85676,-1.4966,16.178,9.5708
17.055,20.526,0,-1.5101,15.823,4.0239
16.905,20.375,-0.73983,-1.5201,15.47,7.7697
16.83,20.223,-0.66381,-1.5293,15.131,6.8522
16.83,20.07,0,-2.9,14.8,6.625
16.695,19.78,-0.53827,-2.9,14.471,4.3642
16.635,19.49,-0.51524,-2.9,14.179,5.0001
16.635,19.2,0,-2.9,13.908,9.6678
16.549,18.91,-0.51547,-2.9,13.639,6.85
16.495,18.62,-0.47521,-2.9,13.406,8.4624
16.456,18.33,-0.36519,-2.9,13.211,11.235
16.411,18.04,-0.25771,-4.4,13.044,138.92
16.392,17.6,-0.13054,-4.4,12.898,190.37
16.392,17.16,0,-4.4,12.799,265.08
16.378,16.72,0.083011,-4.4,12.739,383.77
16.378,16.28,0,-4.4,12.727,815.6
16.395,15.84,0.070089,-4.4,12.75,2262.9
16.395,15.4,0.032699,0.21535,12.822,0
16.406,15.422,-0.021666,0.21421,12.926,0
16.406,15.443,0,0.20918,13.023,0
16.406,15.464,0,0.20213,13.118,0
16.406,15.484,0,0.19687,13.212,0
16.406,15.504,0,0.18983,13.303,0
16.357,15.523,-0.11142,0.18495,13.371,0
16.338,15.541,-0.11414,0.17724,13.45,0
16.319,15.559,-0.095281,0.16955,13.532,0
16.319,15.576,0,0.16519,13.607,0
16.312,15.592,-0.045154,0.16162,13.68,0
16.312,15.609,0,0.15807,13.751,0
16.312,15.624,0,0.15378,13.821,0
16.29,15.64,-0.12769,0.14737,13.893,0
16.274,15.655,-0.13676,0.14075,13.966,0
16.255,15.669,-0.14129,0.13345,14.025,0
16.255,15.682,0,0.12822,14.083,0
16.221,15.695,-0.23774,0.12037,14.138,0
16.221,15.707,0,0.11288,14.19,0
16.158,15.718,-0.3977,0.10093,14.238,0.37024
16.158,15.728,0,0.089833,14.282,0
16.067,15.737,-0.47935,0.075967,14.318,0.92473
16.067,15.745,0,0.062664,14.351,0
16.067,15.751,0,0.050995,14.382,0
15.932,15.756,-0.48677,0.040587,14.385,1.2874
15.932,15.76,0,0.02856,14.402,0
15.826,15.763,-0.44666,0.014608,14.415,1.3454
15.78,15.765,-0.3967,0.0035971,14.426,1.2253
15.78,15.765,0,-0.0096269,14.428,0
15.699,15.764,-0.21646,-0.024122,14.411,0.66733
15.684,15.761,-0.16778,-0.028914,14.413,0.53137
15.669,15.759,-0.19688,-0.033274,14.405,0.63786
15.644,15.755,-0.22089,-0.041594,14.401,0.74739
15.644,15.751,0,-0.046334,14.39,0.12255
15.595,15.746,-0.28741,-0.056633,14.376,1.0395
15.562,15.741,-0.27304,-0.067159,14.36,1.0258
15.53,15.734,-0.24016,-0.076629,14.34,0.94254
15.505,15.726,-0.25059,-0.083209,14.323,1.0034
15.481,15.718,-0.24664,-0.089327,14.31,1.0118
15.464,15.709,-0.22234,-0.092554,14.283,0.93724
15.441,15.7,-0.19941,-0.097958,14.248,0.87765
15.426,15.69,-0.21356,-0.10044,14.219,0.93217
15.413,15.68,-0.18686,-0.10183,14.191,0.84714
15.4,15.67,-0.15135,-0.10291,14.16,0.7376
15.39,15.66,-0.16233,-0.10309,14.125,0.76964
15.376,15.649,-0.21373,-0.10501,14.106,0.9419
15.344,15.639,-0.25259,-0.11333,14.075,1.1055
15.314,15.627,-0.29737,-0.12097,14.045,1.2988
15.289,15.615,-0.34089,-0.12613,14.016,1.4901
15.251,15.603,-0.36013,-0.13675,13.976,1.6064
15.213,15.589,-0.36986,-0.14662,13.943,1.6816
15.213,15.574,0,-0.15794,13.906,0.41086
15.14,15.559,-0.41195,-0.1641,13.876,1.9274
15.14,15.542,0,-0.17616,13.835,0.45612
15.14,15.525,0,-0.19022,13.795,0.38944
15.14,15.506,0,-0.20167,13.758,0.32775
14.951,15.485,-0.47723,-0.21281,13.69,2.396
14.899,15.464,-0.45649,-0.22658,13.629,2.331
14.863,15.441,-0.44096,-0.23324,13.569,2.2678
14.825,15.418,-0.42322,-0.24006,13.518,2.1977
14.825,15.394,0,-0.24718,13.46,0.64894
14.748,15.369,-0.36644,-0.25471,13.398,1.9666
14.748,15.344,0,-0.25939,13.337,0.68011
14.748,15.318,0,-0.26382,13.278,0.61566
14.748,15.292,0,-0.26298,13.223,0.56282
14.626,15.265,-0.23546,-0.26747,13.167,1.4464
14.626,15.239,0,-0.26834,13.104,0.69412
14.626,15.212,0,-0.26488,13.044,0.64514
14.568,15.185,-0.16758,-0.26376,12.955,1.1712
14.543,15.159,-0.18472,-0.26463,12.894,1.2194
14.515,15.132,-0.23589,-0.26663,12.839,1.3905
14.515,15.106,0,-0.26341,12.779,0.65844
14.47,15.079,-0.26254,-0.26646,12.719,1.4665
14.438,15.053,-0.24234,-0.27005,12.661,1.3938
14.438,15.026,0,-0.27142,12.601,0.6342
14.382,14.999,-0.17134,-0.27388,12.547,1.1487
14.368,14.971,-0.16233,-0.26951,12.494,1.1016
14.357,14.944,-0.14925,-4.4,12.438,364.78
14.342,14.504,-0.13102,-0.070878,12.403,0.50875
14.339,14.497,-0.14197,-0.069497,12.381,0.53539
14.322,14.49,-0.1355,-0.073887,12.369,0.52811
14.311,14.483,-0.10716,-0.07579,12.343,0.45332
14.311,14.475,0,-0.077614,12.326,0.1747
14.289,14.468,-0.18141,-0.078932,12.29,0.67418
14.289,14.46,0,-0.085356,12.273,0.17024
14.289,14.451,0,-0.095188,12.256,0.13274
14.216,14.442,-0.2982,-4.4,12.204,899.25
14.19,14.002,-0.32822,0.045857,12.201,0.61273
14.154,14.006,-0.35319,0.035954,12.218,0.78525
14.154,14.01,0,0.026199,12.233,0
14.154,14.012,0,0.017644,12.247,0
14.154,14.014,0,0.0080956,12.261,0
14.154,14.015,0,-0.0058279,12.275,0
14.154,14.014,0,-0.032191,12.289,0
13.887,14.011,-0.4228,-0.053304,12.238,1.5301
13.887,14.006,0,-0.06895,12.226,0.098444
13.818,13.999,-0.37365,-0.078199,12.217,1.3874
13.784,13.991,-0.40669,-0.08937,12.2,1.5622
13.753,13.982,-0.46912,-0.099374,12.174,1.879
13.699,13.972,-0.53636,-0.11866,12.146,2.2738
13.637,13.96,-0.58991,-0.14056,12.126,2.6304
13.588,13.946,-0.55059,-0.15646,12.095,2.4561
13.529,13.931,-0.47029,-0.17602,12.064,2.0962
13.474,13.913,-0.36851,-0.19296,12.032,1.6753
13.442,13.894,-0.2284,-0.19942,11.989,1.1498
13.421,13.874,-0.10355,-0.20093,11.938,0.76301
13.411,13.854,0.018741,-4.4,11.9,364.54
13.41,13.414,0.098055,-0.0017655,11.888,0
13.41,13.414,0,0.0010216,11.887,0.01021
13.424,13.414,0.090302,0.002579,11.888,0
13.424,13.414,0,0.0044095,11.889,0
13.438,13.414,-0.0054819,0.006091,11.894,0
13.438,13.415,0,0.008139,11.896,0
13.438,13.416,0,0.0083511,11.899,0
13.442,13.417,-0.10142,0.0065057,11.902,0.19787
13.442,13.417,0,0.0050418,11.904,0
13.442,13.418,0,0.0012752,11.907,0
13.442,13.418,0,0.0014613,11.909,0
13.439,13.418,0.075445,0.005408,11.893,0
13.445,13.419,0.014358,0.0067875,11.903,0
13.449,13.419,-0.15059,0.0076715,11.91,0.32423
13.425,13.42,-0.3562,0.0012365,11.918,1.0786
13.385,13.42,-0.42499,-0.015148,11.915,1.4274
13.349,13.419,-0.41689,-0.029793,11.905,1.4343
13.301,13.416,-0.2496,-0.049525,11.897,0.82859
13.268,13.411,-0.11423,-0.061514,11.894,0.44232
13.262,13.405,-0.35354,-0.061312,11.874,1.2546
13.23,13.398,-0.88462,-0.072973,11.853,4.4052
13.133,13.391,-1.2447,-0.11157,11.836,7.9203
13.009,13.38,-1.4219,-0.16108,11.813,10.227
12.865,13.364,-1.4119,-0.2173,11.772,10.284
12.729,13.342,-0.93272,-0.26903,11.709,5.3914
12.64,13.315,-0.23089,-4.4,11.65,357.49
12.623,12.875,0.2283,-0.10799,11.606,0
12.623,12.864,0,-0.095222,11.582,0.29547
12.684,12.855,0.34386,-0.073796,11.545,0
12.714,12.848,0.34772,-0.057886,11.533,0
12.714,12.842,0,-0.042427,11.52,0.17459
12.764,12.838,0.22757,-0.03198,11.515,0
12.781,12.834,0.2485,-0.023099,11.518,0
12.807,12.832,0.30432,-0.010974,11.519,0
12.834,12.831,0.29116,0.0008042,11.519,0
12.834,12.831,0,0.0093286,11.519,0.013746
12.89,12.832,0.24624,0.015625,11.526,0
12.907,12.833,0.20898,0.019535,11.534,0
12.928,12.835,0.1461,0.024828,11.548,0
12.937,12.838,0.074982,0.02663,11.561,0
12.94,12.841,0.041636,0.026652,11.563,0
12.939,12.843,0.062351,0.025562,11.572,0
12.947,12.846,0.077015,0.027145,11.59,0
12.951,12.849,0.10457,0.027363,11.6,0
12.951,12.851,0,0.031946,11.61,0
12.991,12.854,0.11809,0.036557,11.615,0
12.995,12.858,0.11755,0.036784,11.62,0
13.012,12.862,0.15565,0.040314,11.636,0
13.02,12.866,0.20409,0.041437,11.654,0
13.032,12.87,0.2462,0.043403,11.67,0
13.057,12.874,0.22427,0.048996,11.685,0
13.082,12.879,0.1611,0.054617,11.707,0
13.082,12.885,0,0.05801,11.727,0
13.109,12.89,0.0063318,0.059036,11.754,0
13.118,12.896,-0.027726,0.059726,11.775,0
13.118,12.902,0,0.058218,11.796,0
13.119,12.908,-0.027942,0.05702,11.816,0
13.116,12.914,-0.024335,0.054707,11.834,0
13.104,12.919,-0.081226,0.050136,11.859,0
13.102,12.924,-0.14757,0.048012,11.878,0.078733
13.086,12.929,-0.19047,0.042519,11.896,0.23227
13.086,12.933,0,0.035672,11.911,0
13.049,12.937,-0.27334,0.030365,11.92,0.57335
13.026,12.94,-0.29216,0.023399,11.92,0.68499
12.997,12.942,-0.30609,0.014884,11.92,0.79213
12.96,12.944,-0.28674,0.0043897,11.92,0.79082
12.96,12.944,0,-0.0077035,11.922,0
12.896,12.943,-0.18594,-0.01977,11.919,0.54064
12.883,12.942,-0.10721,-0.02429,11.922,0.32692
12.865,12.939,-0.029943,-0.030448,11.924,0.15355
12.865,12.936,0.011533,-0.029505,11.916,0.060481
12.858,12.933,0.038302,-0.030868,11.902,0.010472
12.858,12.93,0,-0.031074,11.895,0.081553
12.851,12.927,0.032602,-0.031585,11.885,0.023351
12.86,12.924,0.031775,-0.0264,11.884,0.010328
12.859,12.921,0.023,-0.025681,11.869,0.025507
12.853,12.919,0.016395,-0.027166,11.863,0.043008
12.86,12.916,0.014661,-0.023113,11.86,0.035064
12.865,12.913,-0.024644,-0.020217,11.861,0.1112
12.859,12.911,-0.056402,-0.021604,11.853,0.18896
12.847,12.909,-0.06703,-0.026076,11.85,0.22776
12.848,12.907,-0.096244,-0.024415,11.847,0.29721
12.844,12.904,-0.14974,-0.025093,11.836,0.4468
12.835,12.902,-0.1382,-0.027739,11.832,0.42136
12.835,12.899,0,-0.032689,11.826,0.062265
12.8,12.896,-0.16745,-0.039983,11.825,0.54326
12.783,12.892,-0.17721,-0.045207,11.808,0.58802
12.783,12.887,0,-0.048461,11.798,0.11104
12.783,12.882,0,-0.05779,11.788,0.081723
12.783,12.877,0,-0.06619,11.778,0.053083
12.693,12.87,-0.24398,-0.074311,11.757,0.89135
12.672,12.863,-0.26927,-0.08011,11.732,0.99696
12.636,12.855,-0.28093,-0.092015,11.715,1.0744
12.611,12.845,-0.29978,-0.098804,11.69,1.1638
12.611,12.835,0,-0.11049,11.667,0.22694
12.534,12.824,-0.34815,-0.12343,11.644,1.4258
12.496,12.812,-0.33934,-0.13453,11.613,1.4199
12.457,12.799,-0.33385,-0.14619,11.575,1.428
12.431,12.784,-0.31984,-0.15162,11.538,1.3838
12.431,12.769,0,-0.15648,11.503,0.36386
12.372,12.753,-0.21787,-0.16493,11.475,1.0419
12.354,12.737,-0.17698,-0.16621,11.429,0.90729
12.333,12.72,-0.1408,-0.16879,11.395,0.80102
12.333,12.703,0,-0.16974,11.357,0.40247
12.304,12.686,-0.14648,-4.4,11.327,478.9
12.304,12.246,0,0.011791,11.31,0
12.304,12.247,0,0.0054411,11.316,0
12.236,12.248,-0.22639,-0.0052354,11.32,0.62508
12.212,12.247,-0.26984,-0.015053,11.324,0.80345
12.212,12.246,0,-0.022042,11.32,0.023626
12.17,12.244,-0.36252,-0.031095,11.3,1.2075
12.14,12.241,-0.44412,-0.042556,11.285,1.5997
12.089,12.236,-0.4984,-0.062769,11.265,1.9228
12.089,12.23,0,-0.082987,11.251,0.11518
11.981,12.222,-0.56838,-0.10274,11.235,2.4125
11.915,12.211,-0.54737,-0.12717,11.207,2.3709
11.852,12.199,-0.51579,-0.14929,11.176,2.2678
11.794,12.184,-0.54047,-0.16823,11.145,2.4509
11.731,12.167,-0.49455,-0.18917,11.108,2.2689
11.68,12.148,-0.44184,-5.2,11.064,0
11.68,11.628,0,0.0036833,11.044,0
11.594,11.628,-0.46006,-0.014547,11.04,1.5905
11.553,11.627,-0.4445,-0.031032,11.031,1.5703
11.553,11.624,0,-0.047153,11.024,0.047307
11.466,11.619,-0.51013,-0.063921,11.018,1.9953
11.466,11.613,0,-0.079749,11.003,0.13291
11.38,11.605,-0.53666,-0.094756,10.967,2.2289
