12.778,12.778,-0.17094,0,35.5,0.4349
12.753,12.778,-0.25954,-0.0016474,35.493,0.78332
12.724,12.778,-0.19082,-0.0036208,35.484,0.6216
12.708,12.777,-0.20136,-0.0046568,35.481,0.69274
12.708,12.777,0,-0.0053712,35.474,0.13167
12.68,12.776,-0.16965,-0.0064753,35.461,0.65341
12.664,12.776,-0.19943,-0.0075115,35.451,0.78831
12.638,12.775,-0.18629,-0.0091966,35.436,0.80424
12.638,12.774,0,-0.010396,35.423,0.26375
12.602,12.773,-0.21071,-0.011544,35.408,0.97445
12.574,12.772,-0.235,-0.013338,35.398,1.1312
12.574,12.77,0,-0.01428,35.378,0.38881
12.535,12.769,-0.23384,-0.015834,35.351,1.2211
12.502,12.767,-0.23697,-0.017992,35.323,1.3158
12.472,12.766,-0.22486,-0.019905,35.288,1.3411
12.472,12.764,0,-0.020947,35.259,0.5898
12.432,12.762,-0.24161,-0.022399,35.211,1.5029
12.432,12.759,0,-0.023963,35.179,0.66504
12.382,12.757,-0.2591,-0.025552,35.152,1.6997
12.382,12.754,0,-0.027021,35.114,0.76437
12.328,12.752,-0.2501,-0.028982,35.066,1.7952
12.31,12.749,-0.23648,-0.030045,35.024,1.7771
12.293,12.746,-0.23168,-0.031098,34.981,1.7963
12.273,12.743,-0.23114,-0.032293,34.938,1.8395
12.258,12.739,-0.21821,-0.033147,34.897,1.8156
12.258,12.736,0,-0.035136,34.849,1.0001
12.205,12.733,-0.22766,-0.036496,34.797,1.9848
12.19,12.729,-0.22227,-0.037404,34.734,1.9932
12.171,12.725,-0.21823,-0.038544,34.679,2.0173
12.171,12.721,0,-0.040121,34.624,1.1692
12.171,12.717,0,-0.041835,34.569,1.1535
12.101,12.713,-0.23941,-0.042909,34.503,2.2774
12.067,12.709,-0.22151,-0.045071,34.438,2.2773
12.052,12.704,-0.17229,-0.045946,34.37,2.0859
12.035,12.7,-0.039492,-0.04696,34.307,1.5873
12.026,12.695,0.10745,-0.047377,34.239,1.1143
12.029,12.69,0.24874,-0.046985,34.172,0.736
12.029,12.686,0,-0.044688,34.106,1.433
12.09,12.681,0.46956,-0.042227,34.037,0.24741
12.131,12.677,0.49588,-0.039101,33.98,0.15578
12.189,12.673,0.50294,-0.034744,33.934,0.065982
12.189,12.67,0,-0.031453,33.886,1.0188
12.29,12.666,0.50103,-0.027096,33.836,0
12.29,12.664,0,-0.022746,33.798,0.77927
12.406,12.661,0.49245,-0.018467,33.776,0
12.406,12.66,0,-0.014482,33.75,0.51918
12.503,12.658,0.51777,-0.011237,33.741,0
12.503,12.657,0,-0.0080067,33.725,0.31048
12.59,12.656,0.49248,-0.0047802,33.717,0
12.635,12.656,0.51537,-0.0015062,33.712,0
12.681,12.656,0.51882,0.017932,33.721,0
12.681,12.657,0,0.057799,33.723,0.078735
12.801,12.663,0.54297,0.098216,33.739,0
12.862,12.673,0.5611,0.13431,33.754,0
12.919,12.686,0.54062,0.16504,33.774,0
12.966,12.703,0.51423,0.18623,33.79,0
13.011,12.721,0.50696,0.20456,33.811,0
13.071,12.742,0.49911,0.23199,33.848,0
13.071,12.765,0,0.24869,33.88,0
13.16,12.79,0.47267,0.25957,33.912,0
13.2,12.816,0.44818,0.26865,33.957,0
13.242,12.843,0.40427,0.27902,34.005,0
13.275,12.871,0.41273,0.28183,34.04,0
13.313,12.899,0.40967,0.28753,34.079,0
13.313,12.928,0,0.29718,34.119,0
13.394,12.957,0.36952,0.30143,34.174,0
13.424,12.988,0.33816,0.30098,34.218,0
13.456,13.018,0.25149,0.30103,34.26,0
13.476,13.048,0.17013,0.29346,34.298,0
13.487,13.077,0.10512,0.28021,34.344,0
13.487,13.105,0,0.27243,34.384,0
13.487,13.132,0,0.25686,34.421,0
13.501,13.158,-0.090072,0.23309,34.48,0.036343
13.484,13.181,-0.13318,0.20508,34.511,0.18259
13.47,13.202,-0.18556,0.18162,34.534,0.36414
13.457,13.22,-0.19293,0.16031,34.567,0.40071
13.446,13.236,-0.18666,0.14183,34.586,0.39034
13.421,13.25,-0.21836,0.11514,34.608,0.51245
13.421,13.262,0,0.092007,34.625,0
13.375,13.271,-0.20528,0.069866,34.642,0.49582
13.354,13.278,-0.20688,0.05129,34.647,0.51278
13.339,13.283,-0.21473,0.03728,34.656,0.5475
13.339,13.287,0,0.025058,34.661,0
13.339,13.289,0,0.011604,34.666,0
13.29,13.29,-0.21393,-2.0271e-05,34.653,0.56964
13.29,13.29,0,-0.00096368,34.653,0
13.29,13.29,0,-0.0029674,34.653,0
13.23,13.29,-0.20377,-0.004372,34.633,0.67714
13.213,13.29,-0.21824,-0.0056016,34.635,0.76627
13.201,13.289,-0.22352,-0.0064695,34.618,0.8132
13.177,13.288,-0.22603,-0.0081161,34.612,0.87721
13.177,13.288,0,-0.0097336,34.601,0.21031
13.126,13.287,-0.26196,-0.011738,34.593,1.1346
13.102,13.285,-0.23967,-0.013416,34.582,1.1082
13.102,13.284,0,-0.015808,34.564,0.35297
13.047,13.283,-0.24745,-0.017285,34.542,1.2732
13.016,13.281,-0.2146,-0.019447,34.514,1.2215
12.991,13.279,-0.20526,-0.021149,34.478,1.244
12.974,13.277,-0.22184,-0.022271,34.452,1.3463
12.974,13.275,0,-0.023385,34.421,0.60382
12.974,13.272,0,-0.024833,34.391,0.59445
12.974,13.27,0,-0.026907,34.362,0.58311
12.974,13.267,0,-0.029132,34.332,0.57094
12.845,13.264,-0.21617,-0.031078,34.272,1.6298
12.826,13.261,-0.20035,-0.032338,34.222,1.6074
12.811,13.258,-0.19521,-0.033277,34.18,1.6176
12.811,13.254,0,-0.034687,34.135,0.91661
12.811,13.251,0,-0.035578,34.091,0.90541
12.756,13.247,-0.22423,-0.036844,34.025,1.8584
12.756,13.244,0,-0.038375,33.976,1.0159
12.713,13.24,-0.2572,-0.03971,33.91,2.1033
12.692,13.236,-0.24239,-0.041049,33.865,2.0827
12.692,13.232,0,-0.042783,33.81,1.1338
12.645,13.228,-0.22425,-0.044157,33.754,2.1076
12.645,13.223,0,-0.045617,33.696,1.2229
12.645,13.219,0,-0.047517,33.638,1.205
12.563,13.214,-0.20935,-0.049678,33.577,2.229
12.544,13.209,-0.2446,-0.05094,33.514,2.4346
12.528,13.204,-0.25101,-0.051877,33.455,2.4953
12.505,13.199,-0.23425,-0.053454,33.384,2.4673
12.505,13.193,0,-0.055403,33.315,1.4822
12.45,13.188,-0.26537,-0.057167,33.241,2.7459
12.417,13.182,-0.24475,-0.059468,33.167,2.7225
12.401,13.176,-0.24904,-0.060437,33.093,2.7725
12.401,13.17,0,-0.062871,33.016,1.6739
12.341,13.164,-0.26001,-0.064614,32.929,2.9683
12.313,13.157,-0.24798,-0.066555,32.84,2.9692
12.295,13.151,-0.24236,-0.067717,32.752,2.9733
12.295,13.144,0,-0.069839,32.667,1.8703
12.295,13.137,0,-0.072248,32.583,1.8419
12.2,13.13,-0.296,-0.074436,32.503,3.4851
12.173,13.122,-0.31059,-0.076309,32.412,3.6275
12.135,13.114,-0.34339,-0.079055,32.318,3.9136
12.102,13.107,-0.35814,-0.081476,32.212,4.0826
12.102,13.098,0,-0.084473,32.112,2.2399
12.021,13.09,-0.3598,-0.087577,31.996,4.3023
12.021,13.081,0,-0.089652,31.889,2.4086
11.963,13.072,-0.39278,-0.091786,31.771,4.6415
11.915,13.063,-0.42642,-0.095475,31.663,4.9965
11.869,13.054,-0.45519,-0.098983,31.542,5.3172
11.823,13.044,-0.44712,-0.10254,31.43,5.3862
11.787,13.033,-0.47612,-0.10535,31.303,5.684
11.746,13.023,-0.49663,-0.10854,31.174,5.941
11.697,13.012,-0.49924,-0.11248,31.036,6.0948
11.656,13.001,-0.47514,-0.11573,30.911,6.0208
11.613,12.989,-0.50144,-0.11915,30.772,6.3279
11.556,12.977,-0.50428,-0.12391,30.632,6.5139
11.514,12.965,-0.49044,-0.12738,30.486,6.512
11.514,12.952,0,-0.1322,30.341,3.4002
11.4,12.939,-0.5332,-0.13698,30.19,7.1695
11.337,12.925,-0.5547,-0.14234,30.037,7.5271
11.283,12.911,-0.55419,-0.14709,29.87,7.6691
11.218,12.896,-0.58844,-0.15282,29.711,8.1542
11.16,12.881,-0.56495,-0.15799,29.538,8.1068
11.16,12.865,0,-0.16257,29.367,4.1408
11.16,12.849,0,-0.16825,29.197,4.0581
11.16,12.832,0,-0.17236,29.029,3.9817
10.947,12.815,-0.45359,-0.17749,28.834,7.6967
10.902,12.797,-0.47845,-0.18185,28.641,7.9944
10.856,12.779,-0.49282,-0.1863,28.445,8.2076
10.798,12.76,-0.47526,-0.19186,28.258,8.1961
10.746,12.741,-0.47911,-0.19705,28.058,8.3406
10.69,12.721,-0.42003,-0.20281,27.851,7.9731
10.643,12.701,-0.37586,-0.2077,27.639,7.7008
10.643,12.68,0,-0.21217,27.434,5.051
10.553,12.659,-0.385,-0.21705,27.231,7.92
10.505,12.637,-0.38543,-0.2221,27.028,8.0049
10.464,12.615,-0.42916,-0.22645,26.821,8.4154
10.424,12.593,-0.43672,-0.2309,26.603,8.5247
10.389,12.569,-0.42879,-0.23487,26.391,8.487
10.352,12.546,-0.40412,-0.23918,26.166,8.3107
10.304,12.522,-0.40292,-0.24456,25.95,8.3676
10.272,12.498,-0.45009,-0.24838,25.731,8.773
10.272,12.473,0,-0.25422,25.51,5.4185
10.272,12.447,0,-0.26139,25.291,5.2881
10.096,12.421,-0.7371,-0.26947,25.046,11.841
10.096,12.394,0,-0.27799,24.815,5.645
10.096,12.366,0,-0.28817,24.586,5.4885
9.8499,12.338,-0.93235,-0.30049,24.32,14.689
9.7613,12.308,-0.96425,-0.31227,24.059,15.308
9.6611,12.276,-1.026,-0.32578,23.792,16.375
9.5527,12.244,-1.0746,-0.34056,23.525,17.332
9.4406,12.21,-1.1027,-0.35592,23.262,18.034
9.4406,12.174,0,-0.37184,22.987,6.7575
9.2144,12.137,-1.2174,-0.38895,22.687,20.316
9.2144,12.098,0,-0.40699,22.397,7.1338
8.966,12.057,-1.4368,-0.42734,22.076,24.584
8.966,12.015,0,-0.451,21.769,7.5196
8.6565,11.97,-1.7478,-0.47739,21.424,31.542
8.4916,11.922,-1.8665,-0.50495,21.094,34.653
8.3113,11.871,-1.9538,-0.53603,20.749,37.246
8.1064,11.818,-1.9832,-0.57266,20.383,38.602
7.9099,11.76,-2.0206,-0.60918,20.013,40.088
7.7157,11.7,-2.0845,-0.64702,19.63,42.218
7.5072,11.635,-2.1745,-0.68961,19.227,45.14
7.5072,11.566,0,-0.73605,18.817,9.8581
7.5072,11.492,0,-0.78612,18.415,9.2293
7.5072,11.414,0,-0.84442,18.021,8.5498
7.5072,11.329,0,-0.90997,17.634,7.8317
6.2741,11.238,-2.9297,-0.98261,16.96,73.078
5.9862,11.14,-3.0106,-1.0619,16.458,25.612
5.682,11.034,-3.1004,-1.1523,15.925,25.215
5.362,10.919,-3.1172,-1.2531,15.377,24.76
5.362,10.793,0,-1.3613,14.828,11.557
4.7274,10.657,-3.2025,-1.4808,14.229,23.658
4.4118,10.509,-3.2299,-1.6087,13.637,22.996
4.4118,10.348,0,-1.7549,13.035,11.123
4.4118,10.173,0,-1.9134,12.45,9.4919
3.4451,9.9813,-2.9378,-2.0871,11.745,20.059
3.1556,9.7726,-2.7093,-2.2701,11.09,18.673
3.1556,9.5456,0,-2.4731,10.44,8.822
3.1556,9.2983,0,-2.6858,9.8133,7.1769
2.3682,9.0297,-2.3421,-5.2,9.0856,7.6508
2.3682,8.5097,0,-5.2,8.4455,6.1085
1.9126,7.9897,-2.3022,-5.2,7.8254,6.3689
1.6818,7.4697,-2.247,-5.2,7.2284,5.6601
1.4661,6.9497,-2.2168,-5.2,6.6574,4.9729
1.2361,6.4297,-2.2248,-5.2,6.1227,4.3951
1.0075,5.9097,-2.2604,-8.8,5.6132,0
1.0075,5.0297,0,-8.8,5.167,0
0.5432,4.1497,-2.2688,-8.8,4.7585,0
0.5432,3.2697,0,-8.8,4.4419,0
0.082315,2.3897,-2.4062,-8.8,4.1588,0
0.082315,1.5097,0,-8.8,3.9721,0
-0.40727,0.6297,-2.5819,-8.8,3.8178,0
-0.66883,0,-2.6647,-8.8,3.7452,0
-0.93266,0,-2.6683,-8.8,3.718,0
-1.2035,0,-2.6535,-8.8,3.6577,0
-1.4654,0,-2.5874,-8.8,3.5712,0
-1.4654,0,0,-8.8,3.4687,0
-1.9612,0,-2.1652,-8.8,3.3104,0
-2.1701,0,-1.7182,-8.8,3.1412,0
-2.3444,0,-1.2288,-8.8,2.9553,0
-2.3444,0,0,-8.8,2.7649,0
-2.5409,0,-0.31598,-8.8,2.5512,0
-2.5693,0,-0.068446,-8.8,2.3381,0
-2.5693,0,0,-8.8,2.1252,0
-2.5822,0,-0.0034899,-8.8,1.9118,0
-2.5732,0,0.00596,-8.8,1.6982,0
-2.5732,0,0,-8.8,1.4848,0
-2.5563,0,0.037382,-8.8,1.2775,0
-2.5563,0,0,-8.8,1.0659,0
-2.5436,0,0.12738,-8.8,0.85655,0
-2.5283,0,0.23672,-8.8,0.65455,0
-2.5018,0,0.40728,-8.8,0.44551,0
-2.5018,0,0,-12.225,0.23933,0
-2.3919,0,0.71589,-44.071,0.063871,0
-2.3257,0,0.81175,-48.153,0.055234,0
-2.2458,0,0.8186,-42.116,0.058737,0
-2.1649,0,0.73419,-40.736,0.05651,0
-2.0886,0,0.58825,-40.527,0.053052,0
-2.0255,0,0.42501,-47.048,0.043212,0
-2.0255,0,0,-22.775,0.075899,0
-1.9485,0,0.19082,-257.9,0.0073551,0
-1.9301,0,0.084698,-8.8,1.1115,0
-1.9286,0,0.013912,-8.8,0.95306,0
-1.9286,0,0,-8.8,0.8042,0
-1.9286,0,0,-8.8,0.65534,0
-1.9845,0,-0.70153,-8.8,0.50985,0
-2.0603,0,-1.0808,-8.8,0.36124,0
-2.0603,0,0,-13.14,0.19921,0
-2.3134,0,-1.8078,-71.607,0.038337,0
-2.3134,0,0,-22.691,0.16503,0
-2.6847,0,-2.2096,9.8,1,30.743
-2.6847,0.98,0,-13.639,0.68253,0
-2.6847,0,0,-17.284,0.38425,0
-3.38,0,-1.9899,-71.826,0.081796,0
-3.38,0,0,-64.926,0.10292,0
-3.7264,0,-1.0283,-114.3,0.061296,0
-3.7264,0,0,-28.592,0.26016,0
-3.7264,0,0,-323.57,0.030474,0
-3.7264,0,0,-8.8,1.2757,0
-3.7264,0,0,-8.8,0.94704,0
-3.8661,0,0.038788,-12.91,0.57712,0
-3.86,0,0.13209,-29.046,0.25531,0
-3.852,0,0.38793,-705.36,0.010512,0
-3.8112,0,0.7487,-8.8,3.1485,0
-3.7394,0,1.1337,-8.8,2.8132,0
-3.7394,0,0,-8.8,2.4832,0
-3.7394,0,0,-8.8,2.1533,0
-3.3098,0,1.6247,-8.8,1.8833,0
-3.3098,0,0,-8.8,1.5963,0
-2.9921,0,1.3123,-8.8,1.3361,0
-2.8607,0,1.0999,-8.8,1.0797,0
-2.7479,0,0.84451,-8.8,0.83605,0
-2.6669,0,0.51234,-8.8,0.60454,0
-2.6254,0,0.064782,-8.8389,0.38707,0
-2.6258,0,-0.42437,-19.752,0.17837,0
-2.665,0,-0.92443,-172.97,0.02064,0
-2.7601,0,-1.4002,-8.8,0.6063,0
-2.8958,0,-1.7789,-13.467,0.35873,0
-3.0713,0,-2.0448,-37.545,0.13286,0
-3.0713,0,0,9.8,1.0189,26.892
-3.5089,0.98,-2.4471,-18.816,0.61551,0
-3.7611,0,-2.5608,-31.407,0.2452,0
-4.009,0,-2.6307,-372.71,0.021714,0
-4.2665,0,-2.718,-8.9027,1.4716,0
-4.5377,0,-2.7214,-12.342,1.0702,0
-4.8041,0,-2.6456,-19.946,0.66702,0
-5.0671,0,-2.5295,-49.586,0.27282,0
-5.0671,0,0,-1713.8,0.014036,0
-5.5665,0,-2.0791,-2.0791,8.0268,11.415
-5.7818,0,-1.7631,-1.7631,7.4662,11.857
-5.9592,0,-1.4815,-1.4815,6.8886,12.22
-6.1074,0,-1.1677,-1.1677,6.2852,12.524
-6.2272,0,-0.92458,-0.92458,5.6747,12.77
-6.2272,0,0,-0.76748,5.0566,11.157
-6.4148,0,-0.6561,-8.8,4.4308,0
-6.4897,0,-0.60161,-8.8,3.8284,0
-6.5421,0,-0.65913,-8.8,3.2135,0
-6.6045,0,-0.79629,-9.1955,2.5967,0
-6.6045,0,0,-12.389,1.9822,0
-6.8034,0,-1.5786,-18.486,1.3688,0
-6.9627,0,-2.1225,-33.703,0.76756,0
-6.9627,0,0,-110.86,0.2398,0
-7.4277,0,-2.9975,-391.43,0.071015,0
-7.7351,0,-3.272,-26.847,1.269,0
-8.0699,0,-3.5402,-56.319,0.61694,0
-8.4228,0,-3.806,-551.23,0.064798,0
-8.8074,0,-4.6141,-24.325,1.9677,0
-9.2603,0,-5.5001,-41.533,1.1899,0
-9.8127,0,-6.5169,-114.67,0.44517,0
-10.461,0,-7.6558,-8867,0.0061765,0
-11.221,0,-8.2748,7.8,43.257,56.785
-12.053,0.78,-7.8758,7.8,42.047,59.25
-12.834,1.56,-7.8345,7.8,40.695,62.364
-13.61,2.34,-7.7265,7.8,39.173,65.326
-14.387,3.12,-7.4626,7.8,37.504,67.965
-15.135,3.9,-6.5807,7.8,35.675,69.243
-15.8,4.68,-4.9493,7.8,33.691,68.778
-16.292,5.46,-2.835,7.8,31.579,66.943
-16.578,6.24,-1.358,6.7,29.354,63.712
-16.706,6.91,0.063843,-1.2814,27.028,45.591
-16.697,6.7819,0.9233,-1.4503,24.681,43.148
-16.6,6.6368,0.4539,-1.6525,22.343,43.214
-16.6,6.4716,0,-1.9075,20.028,43.293
-16.599,6.2808,-0.41096,-2.2436,17.738,43.057
-16.637,6.0565,0.073741,-2.6849,15.458,40.729
-16.637,5.788,0,-3.2802,13.202,39.082
-16.64,5.46,-0.33289,-4.1202,10.964,37.35
-16.68,5.0479,-0.12687,-5.3804,8.7693,33.507
-16.68,4.5099,0,-33.858,6.6234,0
-16.674,1.1241,-0.19783,-34.022,4.6827,0
-16.697,0,-0.25994,-45.603,3.0741,0
-16.724,0,-0.097448,-86.188,1.6243,0
-16.738,0,-0.13273,-357.53,0.39196,0
-16.749,0,-0.21593,-282.38,0.4971,0
-16.778,0,-0.14224,-602.26,0.23375,0
-16.802,0,-0.13913,-90.572,1.5608,0
-16.802,0,0,-424.38,0.33351,0
-16.829,0,-0.14138,-184.58,0.76779,0
-16.838,0,-0.14575,-20550,0.0068985,0
-16.838,0,0,7.8,101.07,50.912
-16.838,0.78,0,7.8,99.351,52.511
-16.886,1.56,-0.16371,7.8,97.542,54.552
-16.886,2.34,0,7.8,95.659,55.807
-16.929,3.12,-0.1563,7.8,93.68,57.822
-16.94,3.9,-0.16911,7.8,91.643,59.472
-16.954,4.68,-0.1689,7.8,89.513,61.099
-16.965,5.46,-0.16395,7.8,87.313,62.709
-16.979,6.24,-0.16927,6.7,85.038,62.038
-17.006,6.91,-0.16412,6.7,82.687,63.455
-17.006,7.58,0,6.7,80.262,64.484
-17.042,8.25,-0.15988,6.7,77.762,66.267
-17.06,8.92,-0.16414,6.7,75.196,67.686
-17.06,9.59,0,6.7,72.564,68.715
-17.06,10.26,0,6.7,69.866,70.088
-17.06,10.93,0,6.7,67.1,71.462
-17.118,11.6,-0.17149,6.7,64.253,73.314
-17.118,12.27,0,4.8,61.348,70.335
-17.152,12.75,-0.16303,4.8,58.37,71.732
-17.167,13.23,-0.16282,4.8,55.359,72.747
-17.185,13.71,-0.16677,4.8,52.288,73.776
-17.198,14.19,-0.16322,4.8,49.17,74.778
-17.219,14.67,-0.16899,4.8,46.008,75.817
-17.244,15.15,-0.1688,4.8,42.804,76.852
-17.251,15.63,-0.16101,-2.3001,39.534,62.916
-17.251,15.4,0,-2.5935,36.258,61.49
-17.281,15.141,-0.15461,-2.9499,33.017,60.596
-17.281,14.846,0,-3.3906,29.79,58.74
-17.3,14.507,-0.16042,-3.9481,26.596,57.249
-17.314,14.112,-0.15013,-4.6651,23.436,54.939
-17.314,13.645,0,-5.6171,20.317,51.667
-17.349,13.084,0.0022188,-6.9101,17.239,47.867
-17.342,12.393,0.10474,-7.84,14.24,44.266
-17.341,11.609,0.21795,-7.84,11.306,42.42
-17.318,10.825,0.29378,-46.602,8.4441,0
-17.279,6.1643,0.30969,-46.622,5.855,0
-17.254,1.5021,0.29455,-46.592,3.7515,0
-17.22,0,0.26491,-69.943,2.1119,0
-17.22,0,0,-200.43,0.73956,0
-17.22,0,0,-5977.8,0.019663,0
-17.138,0,0.20052,7.8,28.197,51.105
-17.138,0.78,0,7.8,26.444,53.125
-17.138,1.56,0,7.8,24.614,54.724
-17.138,2.34,0,-0.43553,22.705,39.018
-17.045,2.2964,0.3911,-0.49288,20.777,37.797
-17.045,2.2472,0,-0.56284,18.846,38.371
-17.045,2.1909,0,-0.64978,16.919,38.073
-17.045,2.1259,0,-0.75829,14.999,37.711
-16.65,2.0501,2.2166,-0.89767,13.142,31.796
-16.434,1.9603,2.5233,-1.0821,11.282,30.136
-16.174,1.8521,2.6058,-1.3346,9.4566,28.677
-15.918,1.7186,2.4935,-1.6985,7.6782,27.351
-15.675,1.5488,2.2923,-2.2681,5.9337,25.73
-15.442,1.322,2.0537,-31.14,4.2332,0
-15.231,0,1.878,-40.688,2.7249,0
-15.231,0,0,-78.657,1.4053,0
-15.231,0,0,-361.11,0.27549,0
-14.705,0,1.6101,-168.74,0.63465,0
-14.705,0,0,-9773.5,0.007892,0
-14.396,0,1.5302,7.8,47.424,42.691
-14.24,0.78,1.4663,7.8,45.963,44.104
-14.098,1.56,1.3963,7.8,44.426,45.559
-14.098,2.34,0,7.8,42.822,50.092
-13.84,3.12,1.2675,7.8,41.169,48.499
-13.709,3.9,1.2123,7.8,39.436,49.944
-13.709,4.68,0,7.8,37.637,54.091
-13.709,5.46,0,7.8,35.759,55.69
-13.37,6.24,1.0762,6.7,33.834,52.023
-13.256,6.91,1.0531,6.7,31.849,53.21
-13.153,7.58,1.0443,-1.0578,29.808,38.091
-13.153,7.4742,0,-1.16,27.74,39.853
-12.941,7.3582,1.1144,-1.2798,25.714,36.586
-12.825,7.2302,1.1919,-1.4192,23.702,35.631
-12.825,7.0883,0,-1.5858,21.704,37.495
-12.588,6.9297,1.3283,-1.785,19.734,33.473
-12.455,6.7513,1.3822,-2.026,17.792,32.215
-12.455,6.5486,0,-2.3186,15.881,34.089
-12.455,6.3168,0,-2.6881,13.992,32.837
-12.455,6.048,0,-3.153,12.129,31.309
-11.876,5.7327,1.5211,-3.7623,10.422,25.001
-11.715,5.3564,1.5502,-4.5753,8.6897,22.129
-11.561,4.8989,1.5344,-17.782,7.0132,0
-11.403,3.1207,1.5394,-17.754,5.4667,0
-11.249,1.3452,1.5265,-17.784,4.1071,0
-11.106,0,1.4869,-19.514,2.9368,0
-10.952,0,1.4324,-29.728,1.9245,0
-10.815,0,1.3725,-57.45,0.99423,0
-10.815,0,0,-277.24,0.19997,0
-10.55,0,1.1605,-102.82,0.53523,0
-10.55,0,0,9.8,0.998,42.224
-10.55,0.98,0,9.8,0.98664,44.233
-10.222,1.96,1.0303,9.8,1,43.405
-10.222,2.94,0,9.8,1.0038,47.579
-10.011,3.92,0.98608,9.8,1,47.083
-9.9101,4.9,0.89002,9.8,1,49.087
-9.8176,5.88,0.72505,9.8,1,51.253
-9.7539,6.86,0.51084,9.8,1,53.582
-9.6999,7.84,0.3067,9.8,1,55.909
-9.6999,8.82,0,9.8,0.9907,58.562
-9.6999,9.8,0,9.8,0.98522,60.571
-9.6999,10.78,0,9.8,0.98078,62.58
-9.6999,11.76,0,9.8,0.98255,64.589
-9.648,12.74,-0.13284,9.8,1,66.771
-9.648,13.72,0,9.8,0.99652,68.501
-9.6928,14.7,-0.1598,9.8,1,70.937
-9.7069,15.68,-0.13566,9.8,1,72.925
-9.7069,16.66,0,9.8,0.99344,74.648
-9.7335,17.64,-0.069665,9.8,1,76.858
