18.889,18.889,-0.16767,0,35.5,0.42513
18.879,18.889,-0.064937,-0.0010384,35.504,0.16709
18.874,18.889,-0.074246,-0.0015014,35.501,0.19913
18.874,18.889,0,-0.0018096,35.5,0.025987
18.87,18.888,-0.075233,-0.0018997,35.516,0.20939
18.87,18.888,0,-0.0031834,35.514,0.031026
18.856,18.888,-0.030596,-0.0032266,35.522,0.12672
18.856,18.888,0,-0.0027474,35.519,0.058554
18.858,18.887,-0.067198,-0.0030479,35.515,0.21152
18.846,18.887,-0.07603,-0.0041751,35.521,0.25596
18.846,18.887,0,-0.0041034,35.517,0.074715
18.842,18.886,-0.094404,-0.0045774,35.514,0.31212
18.842,18.886,0,-0.0046812,35.51,0.081556
18.842,18.885,0,-0.0048458,35.505,0.080217
18.842,18.885,0,-0.005069,35.501,0.078718
18.842,18.884,0,-0.0053325,35.496,0.077084
18.842,18.884,0,-0.0061987,35.492,0.074087
18.826,18.883,-0.080516,-0.0058946,35.477,0.30136
18.812,18.883,-0.059013,-0.007234,35.477,0.27214
18.806,18.882,-0.032044,-0.0077548,35.461,0.21531
18.806,18.881,0,-0.0089206,35.454,0.13643
18.806,18.88,0,-0.0093406,35.446,0.13361
18.785,18.879,-0.037179,-0.0096639,35.432,0.26411
18.787,18.878,-0.031576,-0.009354,35.418,0.2443
18.787,18.877,0,-0.010335,35.409,0.16565
18.768,18.876,-0.044217,-0.011123,35.379,0.3094
18.768,18.875,0,-0.010509,35.368,0.20132
18.778,18.874,-0.038478,-0.0099661,35.346,0.27234
18.778,18.873,0,-0.010059,35.337,0.17821
18.773,18.872,-0.036969,-0.010215,35.336,0.27328
18.773,18.871,0,-0.011268,35.326,0.18048
18.752,18.87,-0.04258,-0.012181,35.315,0.32505
18.739,18.869,-0.076128,-0.013379,35.309,0.43736
18.724,18.867,-0.091298,-0.014809,35.306,0.50874
18.723,18.866,-0.13736,-0.01477,35.299,0.64477
18.711,18.864,-0.15464,-0.015867,35.288,0.72269
18.689,18.863,-0.15963,-0.017999,35.263,0.78488
18.689,18.861,0,-0.019879,35.246,0.32127
18.689,18.859,0,-0.022217,35.229,0.31126
18.63,18.857,-0.14489,-0.023503,35.189,0.85524
18.63,18.855,0,-0.025521,35.166,0.42301
18.63,18.852,0,-0.027283,35.144,0.41286
18.63,18.849,0,-0.02946,35.122,0.40133
18.554,18.846,-0.10764,-0.030499,35.078,0.88249
18.537,18.843,-0.090423,-0.032019,35.053,0.85935
18.528,18.84,-0.061108,-0.032622,35.024,0.78069
18.528,18.837,0,-0.033451,34.993,0.59659
18.509,18.833,-0.10187,-0.033976,34.947,0.93422
18.499,18.83,-0.1331,-0.034756,34.912,1.0542
18.486,18.827,-0.15122,-0.035797,34.875,1.1392
18.47,18.823,-0.1536,-0.037224,34.839,1.1783
18.459,18.819,-0.10778,-0.037989,34.796,1.0346
18.441,18.815,-0.088736,-0.039609,34.761,1.0049
18.441,18.812,0,-0.039955,34.723,0.7248
18.425,18.808,-0.086828,-0.040563,34.682,1.0158
18.416,18.803,-0.11378,-0.041107,34.647,1.1164
18.416,18.799,0,-0.042408,34.608,0.74705
18.395,18.795,-0.14568,-0.042615,34.574,1.259
18.395,18.791,0,-0.044475,34.534,0.77198
18.395,18.786,0,-0.045882,34.495,0.75738
18.345,18.782,-0.11919,-0.046771,34.447,1.2498
18.345,18.777,0,-0.048461,34.403,0.84823
18.345,18.772,0,-0.050219,34.36,0.83143
18.297,18.767,-0.083706,-0.050664,34.296,1.2026
18.296,18.762,-0.089554,-0.050337,34.25,1.2133
18.297,18.757,-0.085055,-0.049793,34.209,1.1842
18.297,18.752,0,-0.051324,34.163,0.89673
18.282,18.747,-0.056264,-0.050547,34.113,1.099
18.282,18.742,0,-0.050452,34.067,0.91156
18.282,18.737,0,-0.051316,34.021,0.89666
18.282,18.732,0,-0.05093,33.976,0.88523
18.265,18.727,-0.11077,-0.050497,33.939,1.2745
18.261,18.722,-0.11796,-0.050415,33.902,1.2965
18.253,18.717,-0.099106,-0.050896,33.853,1.2375
18.233,18.712,-0.096738,-0.052604,33.808,1.2628
18.233,18.706,0,-0.052478,33.76,0.93653
18.226,18.701,-0.093968,-0.052445,33.713,1.2447
18.226,18.696,0,-0.053933,33.665,0.92401
18.226,18.69,0,-0.055964,33.619,0.90484
18.226,18.685,0,-0.057197,33.572,0.88758
18.157,18.679,-0.2623,-0.058159,33.509,2.0304
18.138,18.673,-0.29847,-0.059754,33.466,2.2329
18.117,18.667,-0.31532,-0.061607,33.409,2.355
18.117,18.661,0,-0.063647,33.354,1.081
18.117,18.655,0,-0.066948,33.3,1.055
18.117,18.648,0,-0.070718,33.246,1.027
18.117,18.641,0,-0.075129,33.193,0.99629
17.945,18.633,-0.3868,-0.078086,33.087,3.1158
17.911,18.626,-0.35577,-0.081277,33.017,3.0205
17.878,18.618,-0.33876,-0.084404,32.953,3.0017
17.878,18.609,0,-0.087857,32.88,1.4867
17.878,18.6,0,-0.090854,32.807,1.4534
17.782,18.591,-0.35088,-0.09338,32.698,3.2652
17.745,18.582,-0.38745,-0.096855,32.626,3.5533
17.707,18.572,-0.39423,-0.10058,32.538,3.6784
17.707,18.562,0,-0.10348,32.452,1.7687
17.629,18.552,-0.40523,-0.10814,32.36,3.9164
17.629,18.541,0,-0.11262,32.268,1.8937
17.552,18.53,-0.31708,-0.11538,32.185,3.5603
17.552,18.518,0,-0.11732,32.088,2.0272
17.5,18.506,-0.19479,-0.11988,31.988,2.9925
17.49,18.494,-0.16673,-0.12023,31.88,2.8478
17.467,18.482,-0.13818,-0.12211,31.779,2.7405
17.447,18.47,-0.11655,-0.12364,31.67,2.6589
17.43,18.458,-0.15409,-0.12477,31.566,2.8422
17.43,18.445,0,-0.12553,31.464,2.1376
17.4,18.433,-0.096572,-0.12655,31.359,2.5864
17.395,18.42,-0.094134,-0.12621,31.254,2.553
17.381,18.408,-0.07736,-0.12691,31.161,2.4814
17.383,18.395,-0.018675,-0.12574,31.056,2.2007
17.383,18.382,0,-0.12402,30.956,2.0981
17.386,18.37,-0.00084167,-0.12329,30.861,2.0585
17.389,18.358,0.015806,-0.12192,30.762,1.9577
17.389,18.345,0.010428,-0.12098,30.664,1.9481
17.396,18.333,-0.0017256,-0.11908,30.573,1.9472
17.388,18.321,-0.032239,-0.11904,30.483,2.0518
17.375,18.309,-0.088618,-0.11971,30.392,2.2809
17.375,18.297,0,-0.11874,30.299,1.9003
17.358,18.286,-0.16848,-0.11989,30.196,2.6097
17.338,18.274,-0.2044,-0.12139,30.111,2.7983
17.314,18.261,-0.23205,-0.12347,30.02,2.9639
17.298,18.249,-0.27471,-0.12455,29.924,3.1913
17.298,18.237,0,-0.12742,29.83,1.914
17.298,18.224,0,-0.12945,29.737,1.8713
17.224,18.211,-0.22991,-0.13107,29.631,3.0503
17.224,18.198,0,-0.13261,29.533,1.9938
17.182,18.185,-0.11768,-0.13433,29.442,2.5528
17.161,18.171,-0.090918,-0.13602,29.343,2.4528
17.154,18.158,-0.098802,-0.13571,29.249,2.4674
17.149,18.144,-0.10116,-0.13523,29.152,2.4547
17.146,18.131,-0.13814,-0.13447,29.05,2.5889
17.146,18.117,0,-0.13575,28.953,1.9751
17.146,18.103,0,-0.13698,28.856,1.9327
17.095,18.09,-0.07223,-0.1379,28.735,2.318
17.095,18.076,0,-0.13665,28.637,1.9974
17.095,18.062,0,-0.1359,28.539,1.9619
17.093,18.049,-0.049292,-0.13439,28.444,2.1236
17.082,18.035,-0.060561,-0.13468,28.356,2.1616
17.082,18.022,0,-0.13537,28.262,1.8883
17.052,18.008,-0.063687,-0.13645,28.159,2.1762
17.052,17.995,0,-0.13722,28.065,1.8896
17.027,17.981,-0.047234,-0.13739,27.969,2.0996
17.024,17.967,-0.041312,-0.1365,27.878,2.0496
17.016,17.954,-0.021558,-0.13632,27.791,1.9597
17.018,17.94,-0.015113,-0.13464,27.693,1.8964
17.02,17.926,-0.0065691,-0.13302,27.603,1.8287
17.015,17.913,-0.015735,-0.13235,27.52,1.8415
17.004,17.9,-0.039766,-0.13267,27.428,1.9241
17.005,17.887,-0.043482,-0.13113,27.33,1.9017
17.005,17.874,0,-0.13137,27.243,1.706
16.989,17.86,-0.01163,-0.13089,27.143,1.757
16.989,17.847,0,-0.12969,27.056,1.6844
16.999,17.834,0.075699,-0.12657,26.973,1.3855
16.999,17.822,0,-0.12287,26.89,1.6118
17.026,17.809,0.13037,-0.11967,26.827,1.1219
17.026,17.797,0,-0.11638,26.75,1.4987
17.048,17.786,0.18597,-0.11345,26.682,0.89079
17.062,17.774,0.20934,-0.1101,26.608,0.79175
17.082,17.763,0.2189,-0.10577,26.531,0.71587
17.082,17.753,0,-0.10237,26.463,1.2829
17.113,17.743,0.20899,-0.098297,26.404,0.64491
17.143,17.733,0.20615,-0.092381,26.334,0.58131
17.159,17.724,0.2167,-0.088838,26.273,0.51824
17.159,17.715,0,-0.083638,26.216,1.0494
17.159,17.706,0,-0.080267,26.161,1.0387
17.215,17.698,0.15676,-0.076593,26.127,0.50059
17.215,17.691,0,-0.071506,26.079,0.88772
17.215,17.683,0,-0.067369,26.031,0.88225
17.215,17.677,0,-0.06458,25.985,0.87392
17.215,17.67,0,-0.060904,25.939,0.86881
17.215,17.664,0,-0.058747,25.894,0.86023
17.318,17.658,0.14463,-0.054707,25.87,0.28182
17.318,17.653,0,-0.05316,25.836,0.60503
17.336,17.648,0.14135,-0.050263,25.793,0.23975
17.344,17.642,0.14707,-0.048196,25.766,0.20711
17.344,17.638,0,-0.044311,25.736,0.53256
17.374,17.633,0.18969,-0.042078,25.705,0.071615
17.39,17.629,0.20492,-0.038828,25.687,0.017021
17.418,17.625,0.23323,-0.033719,25.655,0
17.418,17.622,0,-0.030237,25.635,0.3667
17.418,17.619,0,-0.026998,25.615,0.36792
17.418,17.616,0,-0.023397,25.595,0.37076
17.418,17.614,0,-0.020436,25.575,0.37285
17.517,17.612,0.20318,-0.015497,25.581,0
17.527,17.61,0.2325,-0.013559,25.578,0
17.543,17.609,0.23811,-0.010802,25.562,0
17.543,17.608,0,-0.0068095,25.555,0.12058
17.583,17.607,0.19438,-0.003962,25.567,0
17.608,17.607,0.17018,0.00033552,25.556,0
17.632,17.607,0.17436,0.0081768,25.558,0
17.642,17.607,0.16479,0.011172,25.555,0
17.666,17.609,0.12674,0.018481,25.557,0
17.675,17.61,0.12074,0.020777,25.555,0
17.682,17.613,0.10048,0.022338,25.571,0
17.682,17.615,0,0.024685,25.578,0
17.707,17.617,0.11902,0.028734,25.59,0
17.724,17.62,0.16712,0.033194,25.601,0
17.724,17.623,0,0.038583,25.611,0
17.756,17.627,0.13112,0.041321,25.616,0
17.772,17.631,0.11791,0.045111,25.625,0
17.78,17.636,0.12106,0.046055,25.633,0
17.794,17.641,0.098581,0.049046,25.64,0
17.794,17.645,0,0.053334,25.655,0
17.794,17.651,0,0.054637,25.67,0
17.843,17.656,0.1877,0.059631,25.68,0
17.855,17.662,0.2133,0.061769,25.705,0
17.879,17.668,0.22252,0.067487,25.722,0
17.893,17.675,0.20183,0.06967,25.741,0
17.914,17.682,0.13018,0.074118,25.759,0
17.937,17.689,0.090251,0.079062,25.781,0
17.95,17.697,0.019402,0.080786,25.81,0
17.946,17.705,-0.070352,0.076993,25.843,0
17.946,17.713,0,0.069186,25.866,0
17.924,17.72,-0.18615,0.065234,25.875,0.17053
17.913,17.727,-0.2547,0.059639,25.888,0.41032
17.88,17.733,-0.31163,0.047063,25.912,0.67193
17.84,17.737,-0.3193,0.03293,25.918,0.77249
17.806,17.741,-0.31862,0.021054,25.92,0.83087
17.77,17.743,-0.34249,0.0088566,25.929,0.98651
17.734,17.744,-0.3933,-0.0015933,25.933,1.2667
17.697,17.743,-0.40077,-0.0075281,25.93,1.3876
17.665,17.743,-0.36418,-0.012486,25.93,1.3025
17.634,17.741,-0.35104,-0.01721,25.918,1.3159
17.605,17.74,-0.30047,-0.021634,25.909,1.1725
17.585,17.738,-0.2107,-0.024629,25.891,0.8794
17.585,17.735,0,-0.028446,25.876,0.25336
17.55,17.732,-0.18123,-0.029509,25.856,0.84193
17.55,17.729,0,-0.033341,25.838,0.30573
17.505,17.726,-0.14029,-0.035737,25.812,0.78644
17.493,17.722,-0.15654,-0.037091,25.796,0.85606
17.471,17.719,-0.16895,-0.040202,25.771,0.93696
17.471,17.715,0,-0.042885,25.746,0.4238
17.439,17.71,-0.10294,-0.044248,25.713,0.77245
17.421,17.706,-0.08661,-0.046413,25.685,0.74829
17.408,17.701,-0.09811,-0.047948,25.656,0.8011
17.395,17.696,-0.11295,-0.049372,25.628,0.86412
17.395,17.692,0,-0.051016,25.598,0.52324
17.373,17.686,-0.093001,-0.051504,25.559,0.82498
17.373,17.681,0,-0.05106,25.528,0.54963
17.37,17.676,0.026875,-0.050398,25.492,0.47726
17.37,17.671,0,-0.049744,25.462,0.53528
17.385,17.666,0.028843,-0.046548,25.431,0.42811
17.397,17.661,-0.0014324,-0.043868,25.399,0.47237
17.392,17.657,-0.051654,-0.043915,25.368,0.60553
17.392,17.653,0,-0.045439,25.342,0.45452
17.375,17.648,-0.052287,-0.045544,25.305,0.62379
17.364,17.644,-0.016746,-0.046601,25.285,0.53845
17.361,17.639,0.0012089,-0.046412,25.259,0.48902
17.358,17.634,0.0013257,-0.046115,25.241,0.48491
17.359,17.63,-0.0062332,-0.045237,25.206,0.4933
17.359,17.625,0,-0.045495,25.179,0.46657
17.345,17.621,-0.051515,-0.046344,25.154,0.62546
17.337,17.616,-0.0091821,-0.046879,25.123,0.51611
17.34,17.611,0.015332,-0.045668,25.092,0.44002
17.34,17.607,0,-0.04526,25.066,0.46898
17.338,17.602,0.0093717,-0.04458,25.044,0.44146
17.34,17.598,0.018858,-0.043527,25.026,0.40651
17.348,17.593,-0.0065937,-0.041559,24.999,0.44747
17.348,17.589,0,-0.041774,24.974,0.42111
17.345,17.585,-0.0011006,-0.04073,24.947,0.4232
17.345,17.581,0,-0.039019,24.923,0.41561
17.354,17.577,-0.0035983,-0.03807,24.882,0.39912
17.354,17.573,0,-0.038239,24.86,0.3814
17.346,17.569,-0.094612,-0.038147,24.827,0.64475
17.333,17.566,-0.089228,-0.03977,24.808,0.64684
17.318,17.562,-0.058139,-0.041715,24.785,0.57908
17.304,17.558,-0.049832,-0.043533,24.77,0.5757
17.289,17.553,-0.025515,-0.045318,24.748,0.52878
17.289,17.549,0,-0.044333,24.722,0.45519
17.296,17.544,0.021002,-0.042783,24.704,0.38356
17.295,17.54,0.0077361,-0.042249,24.683,0.40947
17.295,17.536,0,-0.040274,24.659,0.42402
17.314,17.532,0.020399,-0.037694,24.636,0.33086
17.314,17.528,0,-0.036748,24.615,0.37363
17.321,17.524,-0.040208,-0.035221,24.594,0.45446
17.31,17.521,-0.050437,-0.036601,24.574,0.49588
17.314,17.517,-0.078082,-0.035243,24.556,0.5569
17.305,17.514,-0.068034,-0.036286,24.527,0.53929
17.305,17.51,0,-0.03592,24.506,0.35508
17.305,17.506,0,-0.037604,24.486,0.34312
17.293,17.503,0.0076371,-0.036631,24.466,0.34574
17.294,17.499,0.037606,-0.035854,24.438,0.26795
17.306,17.495,0.014494,-0.033075,24.427,0.29276
17.3,17.492,-0.0057434,-0.033523,24.413,0.34508
17.306,17.489,-0.011578,-0.031928,24.402,0.3428
17.315,17.485,-0.022493,-0.029927,24.384,0.34879
17.315,17.482,0,-0.030491,24.367,0.28639
17.315,17.479,0,-0.031649,24.35,0.27705
17.315,17.476,0,-0.032384,24.334,0.26848
17.296,17.473,-0.010181,-0.031249,24.296,0.33001
17.302,17.47,-0.0099881,-0.029647,24.286,0.31321
17.302,17.467,0,-0.028852,24.27,0.28477
17.313,17.464,-0.034219,-0.026699,24.259,0.34244
17.309,17.461,-0.069561,-0.026992,24.244,0.43721
17.309,17.459,0,-0.029331,24.229,0.25082
17.27,17.456,-0.1331,-0.032907,24.196,0.68381
17.265,17.452,-0.096509,-0.033238,24.177,0.57753
17.265,17.449,0,-0.032774,24.158,0.31652
17.267,17.446,-0.027152,-0.031706,24.142,0.37311
17.267,17.443,0,-0.03156,24.124,0.30009
17.261,17.439,-0.063955,-0.031762,24.104,0.46889
17.261,17.436,0,-0.032522,24.086,0.29764
17.245,17.433,-0.11455,-0.033622,24.066,0.63182
17.245,17.43,0,-0.034847,24.048,0.3136
17.216,17.426,-0.19023,-0.03753,24.03,0.9177
17.216,17.422,0,-0.03902,24.009,0.3498
17.182,17.419,-0.20698,-0.042483,23.986,1.0326
17.169,17.414,-0.27941,-0.044123,23.967,1.3258
17.147,17.41,-0.35521,-0.047337,23.941,1.6868
17.147,17.405,0,-0.051969,23.915,0.43441
17.073,17.4,-0.4406,-0.059041,23.883,2.2505
17.03,17.394,-0.47631,-0.065845,23.846,2.5311
16.981,17.387,-0.4967,-0.07363,23.81,2.7519
16.935,17.38,-0.5858,-0.080985,23.757,3.3838
16.869,17.372,-0.8246,-0.091706,23.717,5.2637
16.869,17.363,0,-0.10619,23.667,0.83445
16.667,17.352,-1.7111,-0.12573,23.593,16.947
16.667,17.34,0,-0.15384,23.525,1.1289
16.278,17.324,-2.6481,-0.19396,23.433,42.61
16.016,17.305,-2.9878,-0.24048,23.316,57.434
15.724,17.281,-3.2557,-0.29311,23.173,71.992
15.724,17.252,0,-0.3524,23.018,2.7505
15.067,17.216,-3.5354,-0.41401,22.797,91.081
14.721,17.175,-3.7048,-0.47959,22.562,103.71
14.721,17.127,0,-0.55067,22.319,4.6401
13.96,17.072,-4.1458,-0.63013,21.992,141.73
13.96,17.009,0,-0.71761,21.684,6.024
13.96,16.937,0,-0.81463,21.383,5.2924
13.96,16.856,0,-0.91984,21.089,4.5558
12.13,16.764,-5.0469,-1.0365,20.461,253.8
11.629,16.66,-5.1001,-1.1632,19.974,260.52
11.119,16.544,-5.0869,-1.3009,19.446,256.5
10.619,16.414,-5.0438,-1.4468,18.879,248.67
10.124,16.269,-5.0002,-1.6012,18.29,35.423
10.124,16.109,0,-1.7717,17.684,11.215
9.1326,15.932,-4.9288,-1.9585,16.977,33.741
8.6306,15.736,-4.8589,-2.1644,16.279,32.659
8.1399,15.519,-4.8377,-2.3882,15.551,31.422
7.6596,15.28,-4.7382,-2.6337,14.794,29.947
7.6596,15.017,0,-2.8966,14.045,10.049
7.6596,14.727,0,-3.1846,13.324,7.9624
6.286,14.409,-4.3134,-3.5086,12.436,24.248
5.8628,14.058,-4.1869,-7.0774,11.618,10.727
5.447,13.35,-4.0991,-6.9852,10.821,10.137
5.0374,12.652,-4.0527,-6.9395,10.042,9.5438
5.0374,11.958,0,-6.9158,9.3156,31.27
5.0374,11.266,0,-6.8904,8.6581,29.905
3.8184,10.577,-3.8693,-6.764,7.8907,7.7732
3.8184,9.9009,0,-6.5869,7.2486,13.031
3.0789,9.2422,-3.534,-6.4162,6.5899,6.5787
3.0789,8.6006,0,-6.2386,6.0057,6.5296
2.387,7.9767,-3.2354,-6.1218,5.4126,5.3941
2.387,7.3645,0,-6.0724,4.8842,1.9717
1.7404,6.7573,-3.128,-6.0222,4.3482,4.2032
1.4244,6.1551,-3.0387,-5.9387,3.8585,3.6043
1.1224,5.5612,-2.9619,-8.8,3.4091,0
1.1224,4.6812,0,-8.8,3.0092,0
0.53957,3.8012,-2.7081,-8.8,2.6275,0
0.27625,2.9212,-2.6267,-8.8,2.3403,0
0.0085756,2.0412,-2.5771,-8.8,2.1039,0
-0.25086,1.1612,-2.5179,-8.8,1.9226,0
-0.51248,0.28122,-2.4948,-8.8,1.8044,0
-0.76361,0,-2.5225,-8.8,1.7581,0
-1.0078,0,-2.5132,-8.8,1.7165,0
-1.0078,0,0,-8.8,1.6597,0
-1.5025,0,-2.2371,-8.8,1.5587,0
-1.7242,0,-1.6758,-8.8,1.4407,0
-1.8855,0,-0.99371,-8.8,1.2971,0
-1.9926,0,-0.48174,-8.8,1.1502,0
-2.0385,0,-0.13932,-8.8,0.99611,0
-2.0385,0,0,-8.8,0.83627,0
-2.0479,0,0.068934,-8.8,0.67688,0
-2.0331,0,-0.13789,-8.8,0.52029,0
-2.0384,0,-0.19576,-8.8,0.36264,0
-2.0495,0,-0.094783,-10.965,0.19321,0
-2.0598,0,-0.097393,-44.182,0.048121,0
-2.0769,0,-0.13751,-34.346,0.06305,0
-2.0973,0,-0.10767,-85.745,0.025681,0
-2.1156,0,-0.10195,-9.4365,0.23975,0
-2.1292,0,-0.11998,-32.619,0.069748,0
-2.1509,0,-0.11378,-115.14,0.02011,0
-2.1509,0,0,-8.8,0.38073,0
-2.1692,0,-0.11365,-10.631,0.22369,0
-2.1868,0,-0.10942,-35.888,0.066826,0
-2.1971,0,-0.11073,-104.62,0.023094,0
-2.1971,0,0,-8.8,0.32651,0
-2.2202,0,-0.10138,-15.838,0.15663,0
-2.2202,0,0,-248.75,0.013792,0
-2.2444,0,-0.11204,-8.8,1.0359,0
-2.2575,0,-0.10629,-8.8,0.85319,0
-2.2632,0,-0.11124,-8.8,0.67483,0
-2.2632,0,0,-8.8,0.49251,0
-2.2845,0,-0.11644,-8.8,0.3143,0
-2.2895,0,-0.11489,-21.985,0.11984,0
-2.2895,0,0,9.8,1.0059,25.286
-2.3205,0.98,-0.11733,-8.8,0.72386,0
-2.3325,0.1,-0.11516,-8.8,0.44135,0
-2.3406,0,-0.11784,-11.035,0.25091,0
-2.3555,0,-0.11816,-36.083,0.077135,0
-2.3674,0,-0.11489,-90.221,0.031099,0
-2.3878,0,-0.11316,-11.362,0.25343,0
-2.4058,0,-0.10917,-37.397,0.07761,0
-2.4058,0,0,-169.94,0.024017,0
-2.4125,0,-0.10927,-8.8,0.61863,0
-2.4243,0,-0.10365,-8.8,0.42921,0
-2.4243,0,0,-13.534,0.23078,0
-2.4519,0,-0.11065,-60.478,0.049793,0
-2.4594,0,-0.1052,-26.603,0.11414,0
-2.4783,0,-0.10901,-665.89,0.0046126,0
-2.4862,0,-0.11745,-8.8,3.0894,0
-2.4862,0,0,-8.8,2.8848,0
-2.5007,0,-0.11202,-8.8,2.6964,0
-2.5027,0,-0.11163,-8.8,2.4816,0
-2.5127,0,-0.10945,-8.8,2.2721,0
-2.5175,0,-0.10975,-8.8,2.0564,0
-2.5175,0,0,-8.8,1.8486,0
-2.5362,0,-0.11371,-8.8,1.638,0
-2.5485,0,-0.11816,-8.8,1.4264,0
-2.5519,0,-0.11973,-8.8,1.2059,0
-2.5519,0,0,-8.8,0.99469,0
-2.5519,0,0,-8.8,0.7835,0
-2.5519,0,0,-8.8,0.57231,0
-2.5981,0,-0.11853,-9.8448,0.34699,0
-2.5981,0,0,-25.172,0.13641,0
-2.6276,0,-0.12251,-813.34,0.004245,0
-2.6276,0,0,-8.8,3.8082,0
-2.6671,0,-0.12069,-8.8,3.5872,0
-2.6729,0,-0.11256,-8.8,3.3731,0
-2.6729,0,0,-8.8,3.1498,0
-2.6962,0,-0.1033,-8.8,2.9248,0
-2.7148,0,-0.10427,-8.8,2.6991,0
-2.7324,0,-0.10669,-8.8,2.4648,0
-2.7376,0,-0.11226,-8.8,2.2354,0
-2.7558,0,-0.11616,-8.8,2.0116,0
-2.7583,0,-0.11789,-8.8,1.7711,0
-2.7646,0,-0.1175,-8.8,1.5289,0
-2.7646,0,0,-8.8,1.2964,0
-2.7991,0,-0.11619,-8.8,1.0473,0
-2.8155,0,-0.11626,-8.8,0.80657,0
-2.82,0,-0.11579,-8.8,0.56888,0
-2.8307,0,-0.11714,-12.343,0.32769,0
-2.8495,0,-0.11735,-39.67,0.10264,0
-2.8559,0,-0.12059,-174.63,0.023368,0
-2.8559,0,0,-8.8,0.61095,0
-2.8799,0,-0.12252,-11.878,0.35276,0
-2.8799,0,0,-33.233,0.12416,0
-2.9112,0,-0.11317,9.8,1,26.798
-2.9112,0.98,0,-11.58,0.65988,0
-2.9376,0,-0.10546,-12.726,0.3419,0
-2.9456,0,-0.10229,-38.499,0.11298,0
-2.9561,0,-0.10689,-3304.9,0.0013221,0
-2.9743,0,-0.11232,-0.11232,16.229,6.0972
-2.9884,0,-0.11862,-0.11862,15.924,6.1263
-2.991,0,-0.11612,-0.11612,15.615,6.1316
-2.9961,0,-0.12108,-0.12108,15.318,6.142
-2.9961,0,0,-0.12022,15.019,5.8893
-2.9961,0,0,-0.1175,14.72,5.8951
-3.0185,0,-0.11853,-0.11853,14.423,6.1879
-3.0363,0,-0.11742,-0.11742,14.127,6.2243
-3.0363,0,0,-0.11422,13.824,5.9843
-3.0363,0,0,-0.11656,13.521,5.9794
-3.0823,0,-0.114,-0.114,13.203,6.3188
-3.0844,0,-0.11276,-0.11276,12.89,6.3229
-3.0935,0,-0.099765,-0.099765,12.578,6.3417
-3.1095,0,-0.11955,-0.11955,12.261,6.3745
