18.056,18.056,-0.21326,0,35.5,0.56684
18.056,18.056,0,-0.002326,35.5,0
18.002,18.055,-0.20814,-0.005157,35.501,0.67067
18.002,18.055,0,-0.0074559,35.496,0.092382
18.002,18.054,0,-0.010108,35.491,0.085031
17.927,18.053,-0.31381,-0.012319,35.464,1.2379
17.9,18.052,-0.37777,-0.014833,35.453,1.5795
17.857,18.05,-0.40942,-0.018968,35.429,1.8422
17.814,18.048,-0.42219,-0.022969,35.408,2.0189
17.814,18.046,0,-0.026628,35.385,0.4383
17.742,18.043,-0.37823,-0.02955,35.366,1.9924
17.701,18.041,-0.31329,-0.033398,35.339,1.7972
17.663,18.037,-0.22923,-0.036796,35.311,1.5275
17.632,18.034,-0.19385,-0.039583,35.269,1.456
17.616,18.03,-0.17848,-0.040814,35.233,1.4257
17.588,18.025,-0.15604,-0.043247,35.184,1.3984
17.565,18.021,-0.14766,-0.045206,35.143,1.4133
17.546,18.017,-0.18257,-0.046727,35.09,1.5836
17.528,18.012,-0.15896,-0.048191,35.038,1.5248
17.528,18.007,0,-0.049754,34.989,0.96056
17.528,18.002,0,-0.050845,34.942,0.94502
17.528,17.997,0,-0.052464,34.894,0.92771
17.528,17.992,0,-0.053804,34.848,0.91089
17.446,17.986,-0.022323,-0.054308,34.792,1.1702
17.446,17.981,0,-0.054993,34.738,1.0832
17.431,17.976,-0.041929,-0.054986,34.687,1.2441
17.431,17.97,0,-0.054426,34.633,1.0959
17.431,17.965,-0.10472,-0.054077,34.59,1.4374
17.431,17.959,0,-0.05516,34.537,1.0658
17.408,17.954,-0.079176,-0.055537,34.496,1.3739
17.393,17.948,-0.099952,-0.056631,34.437,1.4709
17.39,17.942,-0.10684,-0.056444,34.38,1.4882
17.379,17.937,-0.082616,-0.057159,34.318,1.4125
17.364,17.931,-0.043331,-0.058253,34.26,1.2966
17.36,17.925,0.03258,-0.058168,34.21,1.0491
17.36,17.919,0,-0.057553,34.153,1.1366
17.37,17.914,0.21552,-0.056237,34.108,0.5439
17.384,17.908,0.25974,-0.054348,34.052,0.42274
17.418,17.903,0.28657,-0.050346,33.991,0.3086
17.455,17.898,0.29719,-0.046095,33.939,0.22355
17.488,17.893,0.29932,-0.042273,33.901,0.1611
17.523,17.889,0.32162,-0.038247,33.853,0.070335
17.558,17.885,0.31086,-0.034217,33.819,0.02542
17.595,17.881,0.29809,-0.02999,33.797,0
17.617,17.878,0.29208,-0.027463,33.76,0
17.642,17.876,0.30752,-0.02453,33.728,0
17.671,17.873,0.29883,-0.021273,33.705,0
17.671,17.871,0,-0.017052,33.685,0.3904
17.73,17.869,0.23838,-0.014746,33.663,0
17.748,17.868,0.23903,-0.012636,33.65,0
17.781,17.867,0.1829,-0.0090568,33.633,0
17.781,17.866,0,-0.007176,33.625,0.16193
17.781,17.865,0,-0.0049945,33.616,0.16537
17.829,17.865,0.063087,-0.0038067,33.597,0
17.835,17.864,0.028068,-0.003128,33.584,0
17.835,17.864,0,-0.0037494,33.581,0.052386
17.835,17.864,0,-0.0035634,33.579,0.052008
17.835,17.863,0,-0.0042185,33.576,0.049859
17.819,17.863,-0.10443,-0.0046185,33.581,0.3367
17.814,17.862,-0.10028,-0.0051362,33.574,0.33545
17.807,17.862,-0.059236,-0.0058187,33.568,0.24125
17.807,17.861,0,-0.0060335,33.562,0.099888
17.806,17.861,-0.015772,-0.0057601,33.557,0.13592
17.797,17.86,0.046154,-0.0066924,33.547,0.01967
17.811,17.859,-0.010902,-0.0050886,33.536,0.11279
17.817,17.859,-0.059058,-0.0044788,33.525,0.21559
17.816,17.858,-0.023812,-0.0045077,33.511,0.13168
17.809,17.858,0.018262,-0.0051509,33.508,0.050304
17.809,17.857,0.042063,-0.0051179,33.496,0.0010625
17.815,17.857,0.095212,-0.0044251,33.493,0
17.821,17.856,0.10778,-0.0037491,33.485,0
17.821,17.856,0,-0.0036083,33.482,0.06445
17.839,17.856,0.097582,-0.0017445,33.473,0
17.854,17.856,0.053933,-0.00021028,33.463,0
17.853,17.856,0.09348,-0.00023408,33.461,0
17.86,17.856,0.16439,0.0015872,33.463,0
17.875,17.856,0.18454,0.0076299,33.467,0
17.875,17.856,0,0.014568,33.469,0
17.925,17.858,0.26032,0.026502,33.468,0
17.952,17.861,0.22028,0.036442,33.466,0
17.972,17.864,0.17384,0.042915,33.485,0
17.988,17.868,0.1491,0.047308,33.506,0
18,17.873,0.12009,0.050346,33.526,0
18,17.878,0,0.051516,33.538,0
18,17.883,0,0.048129,33.55,0
17.965,17.888,-0.79911,0.030641,33.577,3.4101
17.885,17.891,-1.3317,-0.0006578,33.589,8.5607
17.75,17.891,-1.9095,-0.014917,33.591,18.254
17.55,17.89,-2.4328,-0.036008,33.559,32.267
17.317,17.886,-2.589,-0.06051,33.522,38.692
17.05,17.88,-2.6902,-0.088435,33.45,43.894
17.05,17.871,0,-0.11648,33.367,1.6298
16.513,17.86,-2.8079,-0.14486,33.229,51.613
16.241,17.845,-2.8223,-0.17379,33.081,53.796
16.241,17.828,0,-0.20296,32.921,3.5603
16.241,17.807,0,-0.23466,32.763,3.3542
15.394,17.784,-2.8655,-0.26574,32.487,60.374
15.099,17.757,-2.8445,-0.29903,32.226,61.163
14.823,17.727,-2.9081,-0.33101,31.938,65.203
14.823,17.694,0,-0.36632,31.649,7.3275
14.223,17.658,-2.976,-0.40283,31.308,71.151
13.921,17.617,-2.9529,-0.44068,30.952,71.684
13.618,17.573,-2.8843,-0.48001,30.571,70.357
13.33,17.525,-2.7556,-0.51866,30.172,66.719
13.045,17.474,-2.5749,-0.5586,29.749,61.555
12.784,17.418,-2.464,-0.59715,29.303,58.953
12.543,17.358,-2.3697,-0.63525,28.826,56.875
12.543,17.294,0,-0.67465,28.347,13.369
12.543,17.227,0,-0.71576,27.876,12.754
11.848,17.155,-2.2406,-0.75695,27.287,55.161
11.623,17.08,-2.2884,-0.79993,26.758,57.129
11.623,17,0,-0.84545,26.217,15.03
11.173,16.915,-2.3868,-0.89411,25.633,61.039
11.173,16.826,0,-0.94637,25.064,15.571
10.706,16.731,-2.4572,-1.0024,24.45,63.981
10.706,16.631,0,-1.0631,23.852,15.976
10.706,16.525,0,-1.1283,23.265,14.965
9.95,16.412,-2.5186,-1.2004,22.582,66.65
9.7054,16.292,-2.5052,-1.2747,21.923,66.144
9.4476,16.164,-2.4204,-1.3568,21.252,63.275
9.2046,16.029,-2.317,-1.4419,20.567,59.731
9.2046,15.884,0,-1.5281,19.891,16.003
8.7433,15.732,-2.4033,-1.6217,19.194,61.171
8.7433,15.569,0,-1.7231,18.504,15.226
8.269,15.397,-2.4174,-1.8342,17.777,59.748
8.033,15.214,-2.3631,-1.9532,17.055,56.826
8.033,15.018,0,-2.0777,16.347,13.43
7.5675,14.811,-2.1355,-2.2136,15.616,47.218
7.3462,14.589,-1.8351,-2.3554,14.891,37.971
7.1615,14.354,-1.5626,-2.4928,14.175,30.317
7.0042,14.104,-1.2742,-2.6325,13.453,23.28
6.8828,13.841,-1.072,-2.7607,12.753,18.38
6.7657,13.565,-1.0205,-2.8952,12.059,15.694
6.7657,13.276,0,-4.4,11.393,9.192
6.5559,12.836,-1.2792,-4.4,10.74,6.3321
6.4258,12.396,-1.4801,-4.4,10.128,6.1028
6.273,11.956,-1.6493,-5.2,9.5406,11.358
6.1111,11.436,-1.6924,-5.2,8.9897,15.899
5.9363,10.916,-1.7188,-5.2,8.4767,24.519
5.9363,10.396,0,-5.2,8.0048,52.594
5.9363,9.8755,0,-5.2,7.5849,51.528
5.4201,9.3555,-1.6755,-5.2,7.1464,15.149
5.258,8.8355,-1.6286,-5.2,6.7654,11.601
5.1005,8.3155,-1.5638,-5.2,6.4285,8.9784
4.9437,7.7955,-1.4739,-5.2,6.1287,7.0298
4.7998,7.2755,-1.3517,-5.2,5.8572,5.7744
4.6682,6.7555,-1.063,-5.2,5.6221,6.4306
4.5593,6.2355,-0.78244,-5.2,5.4278,7.2316
4.5593,5.7155,0,-8.8,5.2862,7.3706
4.4383,4.8355,-0.35316,-8.8,5.2014,0.14602
4.3993,3.9555,-0.23608,-8.8,5.2077,0
4.373,3.0755,-0.32589,-8.8,5.2947,0
4.3419,2.1955,-0.4422,-8.8,5.4668,0
4.3022,1.3155,-0.55661,4.9,5.7293,29.981
4.3022,1.8055,0,4.9,6.0035,24.379
4.1661,2.2955,-0.7254,4.9,6.2172,40.466
4.0942,2.7855,-0.74227,-8.8,6.3766,0
4.0115,1.9055,-0.76803,4.9,6.5475,39.67
3.9329,2.3955,-0.79552,4.1878,6.7198,35.627
3.9329,2.8143,0,2.218,6.8526,7.5707
3.7757,3.0361,-0.82519,1.3963,6.9439,11.212
3.7757,3.1757,0,0.9117,7.0109,1.5391
3.7757,3.2669,0,0.57651,7.0663,0.42218
3.7757,3.3245,0,0.32938,7.1143,0
3.7757,3.3575,0,0.18815,7.1578,0
3.4502,3.3763,0.027151,0.11894,7.0839,0.049029
3.4564,3.3882,0.31577,0.10916,7.0858,0
3.4897,3.3991,0.60042,0.14443,7.0987,0
3.5474,3.4136,0.61005,0.21214,7.1086,0
3.5474,3.4348,0,0.26615,7.1209,0.43591
3.5474,3.4614,0,0.29131,7.1308,0.58453
3.6922,3.4905,0.46029,0.31057,7.1735,0
3.7375,3.5216,0.42737,0.32875,7.2042,0
3.7707,3.5544,0.45273,0.32513,7.2252,0
3.7707,3.587,0,0.34935,7.2452,0.51832
3.8642,3.6219,0.47705,0.35538,7.2815,0
3.9138,3.6574,0.47957,0.37106,7.3038,0
3.9653,3.6945,0.46766,0.38623,7.3228,0
4.0099,3.7332,0.47337,0.38919,7.3511,0
4.0668,3.7721,0.46377,0.40879,7.3803,0
4.1115,3.813,0.45897,0.40794,7.4059,0
4.1478,3.8537,0.47311,0.396,7.4316,0
4.2006,3.8933,0.47031,0.40811,7.4604,0
4.2564,3.9342,0.47289,0.42187,7.4831,0
4.2564,3.9763,0,0.43457,7.5132,0.54926
4.3598,4.0198,0.4754,0.43229,7.5397,0
4.4074,4.063,0.47437,0.43143,7.5665,0
4.4482,4.1062,0.48139,0.42234,7.5934,0
4.4947,4.1484,0.47662,0.42238,7.6347,0
4.5498,4.1906,0.47632,0.43248,7.6698,0
4.5498,4.2339,0,0.43397,7.7036,0.45048
4.6539,4.2773,0.4718,0.44245,7.753,0
4.7102,4.3215,0.46695,0.45083,7.7916,0
4.7102,4.3666,0,0.44322,7.8282,0.40777
4.7977,4.4109,0.47102,0.43704,7.8608,0
4.7977,4.4546,0,0.43335,7.8973,0.37589
4.8845,4.498,0.47276,0.42563,7.9216,0
4.8845,4.5405,0,0.42414,7.9581,0.34303
4.9799,4.583,0.48068,0.42668,7.9864,0
4.9799,4.6256,0,0.42795,8.0239,0.32859
4.9799,4.6684,0,0.43383,8.0572,0.462
5.1374,4.7118,0.61673,0.44266,8.1055,0
5.1374,4.7561,0,0.46159,8.1458,0.36878
5.2618,4.8022,0.72286,0.46748,8.1928,0
5.332,4.849,0.79109,0.48601,8.2414,0
5.4131,4.8976,0.89777,0.51257,8.2862,0
5.5093,4.9488,1.0624,0.55133,8.3497,0
5.6168,5.004,1.2495,0.59583,8.4132,0
5.7514,5.0636,1.4319,0.65957,8.4694,0
5.8871,5.1295,1.6002,0.71608,8.5386,0
6.048,5.2011,1.7633,0.78802,8.61,0
6.2193,5.2799,1.8743,0.86096,8.7069,0
6.2193,5.366,0,0.93224,8.7966,0.81408
6.5967,5.4592,1.9916,1.0074,8.9199,0
6.5967,5.56,0,1.068,9.0286,0.83014
6.9902,5.6668,1.9487,1.1273,9.1567,0
7.1786,5.7795,1.9094,1.169,9.2979,0
7.3704,5.8964,1.8668,1.2069,9.4372,0
7.5533,6.0171,1.8213,1.2333,9.5883,0
7.5533,6.1404,0,1.258,9.7358,0.47417
7.5533,6.2662,0,1.2737,9.8708,0.96184
8.0817,6.3936,1.4557,1.2812,10.088,0
8.2326,6.5217,1.2104,1.2759,10.266,0
8.2326,6.6493,0,1.2565,10.431,0
8.454,6.775,0.54076,1.2109,10.62,0
8.5152,6.896,0.12744,1.1491,10.782,0
8.5152,7.011,0,1.0602,10.938,0
8.5152,7.117,0,0.95624,11.083,0
8.4427,7.2126,-0.95028,0.83857,11.211,5.2243
8.3546,7.2965,-1.1484,0.71428,11.331,7.1092
8.3546,7.3679,0,0.58996,11.433,0
8.3546,7.4269,0,0.46599,11.529,0
8.3546,7.4735,0,0.35683,11.619,0
7.8913,7.5092,-1.1502,0.25148,11.621,6.6823
7.7842,7.5343,-1.1209,0.16403,11.662,6.3279
7.6739,7.5507,-1.0644,0.080707,11.688,5.7364
7.5644,7.5588,-1.0109,0.003679,11.689,5.2182
7.4607,7.5592,-0.99093,-0.02351,11.679,5.3238
7.3695,7.5568,-0.9357,-0.044823,11.658,5.0993
7.3695,7.5523,0,-0.065449,11.639,0.23862
7.192,7.5458,-0.69561,-0.085337,11.591,3.7167
7.1227,7.5372,-0.3688,-0.10037,11.556,1.9946
7.1227,7.5272,0,-0.10517,11.515,0.62919
7.0885,7.5167,0.21627,-0.10448,11.482,0.23354
7.11,7.5062,0.51173,-0.097049,11.446,0
7.1571,7.4965,0.58576,-0.083548,11.403,0
7.2132,7.4882,0.50269,-0.067973,11.364,0
7.258,7.4814,0.46629,-0.055448,11.329,0
7.258,7.4758,0,-0.042399,11.307,0.36764
7.3509,7.4716,0.38328,-0.029991,11.31,0
7.3865,7.4686,0.42017,-0.020398,11.309,0
7.4282,7.4666,0.4743,-0.0095383,11.303,0
7.4282,7.4656,0,0.0092918,11.299,0.098115
7.4282,7.4665,0,0.035578,11.295,0.16069
7.5742,7.4701,0.53965,0.067451,11.308,0
7.6259,7.4768,0.52832,0.096498,11.321,0
7.6736,7.4865,0.46813,0.1211,11.343,0
7.6736,7.4986,0,0.13779,11.361,0
7.6736,7.5124,0,0.14863,11.378,0
7.7654,7.5272,0.27049,0.1537,11.422,0
7.7654,7.5426,0,0.1587,11.445,0
7.8217,7.5585,0.32412,0.16925,11.461,0
7.8475,7.5754,0.37307,0.17473,11.493,0
7.8828,7.5929,0.4383,0.18571,11.513,0
7.9229,7.6115,0.45569,0.19924,11.549,0
7.9587,7.6314,0.42579,0.20899,11.581,0
7.9944,7.6523,0.42392,0.21789,11.606,0
7.9944,7.6741,0,0.23416,11.639,0
8.0856,7.6975,0.43811,0.24588,11.667,0
8.1207,7.7221,0.4209,0.25197,11.707,0
8.1692,7.7473,0.42318,0.26618,11.751,0
8.1692,7.7739,0,0.27173,11.792,0
8.2521,7.8011,0.41813,0.28296,11.831,0
8.2966,7.8294,0.42303,0.2922,11.868,0
8.2966,7.8586,0,0.30244,11.913,0
8.3956,7.8888,0.45387,0.31526,11.968,0
8.3956,7.9203,0,0.32189,12.017,0
8.3956,7.9525,0,0.32801,12.063,0
8.3956,7.9853,0,0.339,12.105,0
8.5908,8.0192,0.55786,0.35137,12.178,0
8.5908,8.0544,0,0.36296,12.234,0
8.7041,8.0907,0.59293,0.37481,12.298,0
8.7706,8.1282,0.61156,0.39131,12.361,0
8.7706,8.1673,0,0.40531,12.423,0
8.892,8.2078,0.65312,0.41417,12.503,0
8.9474,8.2492,0.68659,0.4214,12.58,0
8.9474,8.2914,0,0.43025,12.647,0
9.0814,8.3344,0.84144,0.4481,12.735,0
9.0814,8.3792,0,0.468,12.807,0
9.0814,8.426,0,0.49501,12.875,0
9.3628,8.4755,1.1255,0.52608,12.972,0
9.4732,8.5281,1.2015,0.5583,13.069,0
9.4732,8.5839,0,0.58966,13.161,0
9.7037,8.6429,1.2591,0.62173,13.284,0
9.7037,8.7051,0,0.65719,13.387,0
9.9524,8.7708,1.3183,0.68574,13.504,0
10.089,8.8394,1.4361,0.722,13.63,0
10.239,8.9116,1.6257,0.76215,13.75,0
10.239,8.9878,0,0.80543,13.879,0
10.581,9.0683,1.8591,0.85913,14.032,0.49586
10.774,9.1542,1.6803,0.91452,14.19,0
10.774,9.2457,0,0.94927,14.348,0
11.068,9.3406,0.7152,0.96224,14.517,0
11.137,9.4369,-0.030415,0.94148,14.694,0
11.139,9.531,-0.75379,0.88483,14.864,2.1959
11.139,9.6195,0,0.79337,15.02,0
10.929,9.6988,-1.9937,0.66781,15.134,18.738
10.739,9.7656,-2.3338,0.52582,15.238,27
10.51,9.8182,-2.4021,0.37184,15.313,28.994
10.276,9.8554,-2.0497,0.22541,15.376,20.175
10.276,9.8779,0,0.10566,15.417,0
9.9682,9.8885,0.2064,0.042631,15.417,0
9.9682,9.8927,0,0.05506,15.425,0
10.138,9.8982,2.4026,0.12831,15.447,5.0019
10.379,9.9111,3.0753,0.25,15.49,8.5916
10.678,9.9361,3.1898,0.39657,15.555,8.9136
10.993,9.9757,2.9881,0.54259,15.634,7.2413
11.289,10.03,2.6662,0.66953,15.744,5.0211
11.289,10.097,0,0.77158,15.867,0
11.788,10.174,1.9669,0.85206,16.04,1.1445
11.986,10.259,1.6693,0.90763,16.217,0
12.146,10.35,1.4475,0.93891,16.388,0
12.297,10.444,1.2722,0.96373,16.563,0
12.422,10.54,1.1579,0.97294,16.749,0
12.544,10.638,1.0716,0.98049,16.937,0
12.66,10.736,1.0063,0.98476,17.135,0
12.66,10.834,0,0.97862,17.323,0
12.66,10.932,0,0.98616,17.5,0
13.013,11.031,1.2128,0.99826,17.705,0
13.131,11.13,1.0291,1.0024,17.902,0
13.131,11.231,0,0.99884,18.097,0
13.309,11.331,-0.0044469,0.98129,18.306,0
13.299,11.429,-0.68371,0.92311,18.504,0.91049
13.232,11.521,-1.3026,0.84053,18.684,6.4904
13.095,11.605,-1.6077,0.72826,18.838,10.75
12.935,11.678,-1.5164,0.61234,18.974,9.6273
12.793,11.739,-1.2923,0.51147,19.081,6.9653
12.661,11.79,-1.0766,0.42123,19.173,4.8959
12.555,11.832,-0.71997,0.34867,19.257,2.2334
12.488,11.867,-0.52422,0.2992,19.331,1.2059
12.433,11.897,-0.55283,0.25778,19.381,1.4418
12.385,11.923,-0.55283,0.22185,19.422,1.5182
12.338,11.945,-0.44839,0.18836,19.458,1.0722
12.338,11.964,0,0.15724,19.496,0
12.276,11.98,0.16995,0.14181,19.526,0
12.276,11.994,0,0.14589,19.554,0
12.366,12.008,0.75819,0.17107,19.595,0
12.441,12.026,0.67898,0.19849,19.631,0
12.441,12.045,0,0.22262,19.672,0
12.565,12.068,0.41843,0.23732,19.71,0
12.617,12.091,0.40895,0.25043,19.765,0
12.65,12.116,0.6319,0.25366,19.812,0
12.705,12.142,1.1104,0.2676,19.871,0
12.819,12.169,1.6271,0.30889,19.929,1.2052
12.977,12.199,1.7132,0.36855,19.992,1.4145
13.146,12.236,1.5886,0.4307,20.071,0.82297
13.312,12.279,1.3963,0.48838,20.171,0.058769
13.46,12.328,1.2028,0.53401,20.277,0
13.576,12.382,0.95757,0.56234,20.388,0
13.576,12.438,0,0.57966,20.505,0
13.576,12.496,0,0.58879,20.616,0
13.836,12.555,1.0904,0.59933,20.781,0
13.936,12.615,1.3379,0.61672,20.912,0
13.936,12.676,0,0.64944,21.041,0
14.231,12.741,1.9128,0.69192,21.195,1.667
14.231,12.81,0,0.75087,21.341,0
14.64,12.886,2.0314,0.81049,21.516,2.0134
14.64,12.967,0,0.86423,21.687,0
15.033,13.053,1.8537,0.909,21.889,1.0461
15.21,13.144,1.809,0.94605,22.1,0.79616
15.21,13.239,0,0.97797,22.302,0
15.534,13.336,1.3718,0.99887,22.53,0
15.534,13.436,0,1.0145,22.745,0
15.792,13.538,1.0056,1.0175,22.989,0
15.896,13.639,0.81016,1.0143,23.211,0
15.985,13.741,0.77468,1.0052,23.444,0
15.985,13.841,0,0.9875,23.663,0
16.122,13.94,0.62195,0.97062,23.893,0
16.185,14.037,0.48568,0.95222,24.118,0
16.185,14.132,0,0.93252,24.328,0
16.267,14.226,0.11138,0.89867,24.534,0
16.267,14.316,0,0.85851,24.734,0
16.271,14.401,-0.13258,0.81787,24.922,0
16.271,14.483,0,0.77811,25.105,0
16.269,14.561,0.030201,0.74289,25.289,0
16.269,14.635,0,0.70678,25.456,0
16.285,14.706,0.45002,0.68381,25.63,0
16.334,14.774,0.59035,0.67355,25.779,0
16.402,14.842,0.68191,0.67204,25.927,0
16.464,14.909,0.72626,0.66856,26.09,0
16.539,14.976,0.73655,0.6707,26.245,0
16.619,15.043,0.74321,0.67473,26.403,0
16.619,15.11,0,0.67798,26.557,0
16.77,15.178,0.82194,0.67842,26.719,0
16.77,15.246,0,0.68644,26.875,0
16.77,15.315,0,0.69432,27.023,0
17.059,15.384,1.1579,0.7093,27.203,0
17.184,15.455,1.2393,0.73101,27.381,0
17.301,15.528,1.2973,0.74751,27.546,0
17.433,15.603,1.3286,0.76989,27.719,0
17.564,15.68,1.3281,0.791,27.913,0
17.696,15.759,1.3054,0.81167,28.114,0
17.826,15.84,1.2629,0.83003,28.31,0
17.955,15.923,1.2431,0.84727,28.519,0
18.074,16.008,1.1975,0.85959,28.723,0
18.074,16.094,0,0.87006,28.925,0
18.074,16.181,0,0.87963,29.119,0
18.074,16.269,0,0.88513,29.304,0
18.074,16.357,0,0.89144,29.48,0
18.632,16.446,1.0886,0.89709,29.773,0
18.74,16.536,1.0417,0.90265,29.994,0
18.74,16.626,0,0.90775,30.21,0
18.74,16.717,0,0.91057,30.417,0
19.061,16.808,1.082,0.9154,30.654,0
19.167,16.9,1.1337,0.9189,30.883,0
19.281,16.992,1.2136,0.9256,31.115,0
19.281,17.084,0,0.93457,31.339,0
19.531,17.178,1.249,0.94691,31.582,0
19.531,17.272,0,0.96043,31.813,0
19.779,17.368,1.161,0.9649,32.067,0
19.894,17.465,1.0547,0.96981,32.305,0
19.894,17.562,0,0.96974,32.543,0
19.894,17.659,0,0.9683,32.771,0
20.179,17.756,0.62175,0.96002,33.026,0
20.179,17.852,0,0.94264,33.264,0
20.278,17.946,0.21568,0.91896,33.498,0
20.278,18.038,0,0.88959,33.726,0
20.297,18.127,-0.26231,0.85103,33.946,0
20.278,18.212,-0.4508,0.80843,34.154,0
20.226,18.293,-0.57985,0.75453,34.346,0
20.177,18.368,-0.62701,0.70447,34.525,0
20.117,18.439,-0.62933,0.65204,34.694,0
20.117,18.504,0,0.59831,34.858,0
19.988,18.564,-0.46775,0.55178,35,0
19.988,18.619,0,0.51052,35.139,0
19.908,18.67,-0.30399,0.47802,35.26,0
19.869,18.718,-0.22012,0.44414,35.382,0
19.842,18.762,-0.16929,0.41584,35.495,0
19.82,18.804,-0.12163,0.39112,35.591,0
19.82,18.843,0,0.37137,35.691,0
19.806,18.88,-0.079528,0.35553,35.79,0
19.796,18.915,-0.045119,0.33783,35.879,0
19.787,18.949,-0.045016,0.32098,35.961,0
19.775,18.981,-0.065178,0.30398,36.036,0
19.769,19.012,-0.065903,0.28987,36.104,0
19.769,19.041,0,0.2759,36.178,0
19.76,19.068,-0.059597,0.26439,36.247,0
19.76,19.095,0,0.25551,36.315,0
19.762,19.12,0.019712,0.24484,36.379,0
19.772,19.145,0.042995,0.23907,36.449,0
19.784,19.169,0.066334,0.23438,36.508,0
19.798,19.192,0.074138,0.23076,36.574,0
19.812,19.215,0.080864,0.2273,36.632,0
19.812,19.238,0,0.22525,36.69,0
19.846,19.26,0.088661,0.22277,36.748,0
19.846,19.283,0,0.21933,36.806,0
19.846,19.305,0,0.21691,36.861,0
19.89,19.326,0.080012,0.21382,36.907,0
19.89,19.348,0,0.20885,36.962,0
19.906,19.369,0.036607,0.204,37.026,0
19.902,19.389,0.014649,0.1944,37.08,0
19.902,19.408,0.0028342,0.1869,37.136,0
19.897,19.427,-0.013251,0.17795,37.193,0
19.886,19.445,0.012544,0.16706,37.234,0
19.886,19.462,0,0.16415,37.277,0
19.911,19.478,0.16221,0.1636,37.309,0
19.934,19.494,0.22515,0.16633,37.344,0
19.964,19.511,0.2387,0.17112,37.387,0
19.978,19.528,0.26904,0.16987,37.438,0
19.978,19.545,0,0.17251,37.482,0
20.024,19.562,0.25707,0.17415,37.524,0
20.058,19.58,0.3584,0.18063,37.572,0
