12.778,12.778,0.67129,0,35.5,0
12.848,12.778,0.83851,0.051288,35.509,0
12.848,12.783,0,0.11578,35.515,0.12763
12.993,12.794,0.37382,0.14521,35.522,0
12.993,12.809,0,0.15665,35.541,0
13.027,12.825,-0.053702,0.14773,35.571,0.034019
13.027,12.839,0,0.12979,35.59,0
13.027,12.852,0,0.11413,35.609,0
12.984,12.864,-0.22221,0.087569,35.618,0.56713
12.984,12.873,0,0.057953,35.63,0
12.944,12.878,-0.23194,0.047697,35.625,0.61251
12.944,12.883,0,0.023831,35.632,0
12.87,12.886,-0.53959,-0.0010736,35.627,1.9883
12.87,12.885,0,-0.004406,35.626,0.023192
12.87,12.885,0,-0.010258,35.624,0.0099839
12.626,12.884,-1.2666,-0.017387,35.594,9.0108
12.626,12.882,0,-0.026293,35.568,0.49301
12.336,12.88,-1.6738,-0.036856,35.508,16.386
12.336,12.876,0,-0.048503,35.454,1.1169
12.336,12.871,0,-0.061156,35.4,1.0656
12.336,12.865,0,-0.074184,35.347,1.0111
12.336,12.858,0,-0.088401,35.294,0.95116
11.333,12.849,-2.5301,-0.10485,35.011,43.541
11.086,12.838,-2.7272,-0.12203,34.853,52.034
10.816,12.826,-2.9444,-0.14102,34.675,62.412
10.529,12.812,-3.1564,-0.16161,34.457,73.791
10.529,12.796,0,-0.18503,34.229,6.0434
9.8896,12.777,-3.419,-0.20904,33.936,91.05
9.8896,12.756,0,-0.23566,33.649,8.1144
9.8896,12.733,0,-0.26363,33.363,7.8421
8.8348,12.706,-3.4412,-0.29271,32.935,98.036
8.4957,12.677,-3.4342,-0.32171,32.539,99.482
8.1457,12.645,-3.4497,-0.353,32.102,102.15
8.1457,12.61,0,-0.38508,31.653,14.21
7.4479,12.571,-3.5983,-0.42004,31.137,113.66
7.0939,12.529,-3.6259,-0.45695,30.6,33.372
6.7351,12.483,-3.64,-0.49609,30.046,33.629
6.3626,12.434,-3.5759,-0.53925,29.45,33.895
6.0143,12.38,-3.4195,-0.58306,28.824,34.122
5.6712,12.322,-3.306,-0.62956,28.167,34.288
5.3502,12.259,-3.2248,-0.67681,27.495,34.369
5.0266,12.191,-3.1096,-0.72813,26.793,34.423
4.7111,12.118,-2.9392,-0.78303,26.058,34.444
4.4184,12.04,-2.7401,-0.83993,25.302,34.408
4.1379,11.956,-2.5268,-0.90032,24.524,34.324
3.8807,11.866,-2.344,-0.9626,23.736,34.141
3.647,11.77,-2.2071,-1.0277,22.927,33.822
3.4182,11.667,-2.1498,-1.097,22.117,33.349
3.1968,11.557,-2.1533,-1.1731,21.278,32.723
2.9881,11.44,-2.157,-1.2528,20.445,32.023
2.7739,11.315,-2.1177,-1.3425,19.59,31.269
2.5597,11.18,-2.0305,-1.4395,18.738,30.458
2.3594,11.036,-1.9487,-1.5434,17.881,29.525
2.1667,10.882,-1.8776,-1.6566,17.019,28.466
1.9855,10.716,-1.8443,-1.7789,16.154,27.271
1.9855,10.538,0,-1.918,15.29,22.169
1.6171,10.347,-1.834,-2.0701,14.4,24.519
1.4395,10.14,-1.8106,-2.2385,13.526,22.972
1.2581,9.9158,-1.741,-2.423,12.667,21.307
1.0872,9.6735,-1.3133,-2.6268,11.809,19.214
1.0872,9.4108,0,-2.8431,10.963,14.056
0.86912,9.1265,-0.25737,-3.0547,10.131,14.329
0.8401,8.821,0.16301,-5.2,9.3124,5.9702
0.84854,8.301,0.58064,-5.2,8.5486,5.5991
0.84854,7.781,0,-5.2,7.8294,3.7578
0.84854,7.261,0,-5.2,7.1621,2.6918
1.027,6.741,0.39067,-5.2,6.579,2.0534
1.027,6.221,0,-5.2,6.0336,0.42789
1.1075,5.701,0.36544,-8.8,5.5547,0
1.1398,4.821,0.36977,-8.8,5.1314,0
1.1398,3.941,0,-8.8,4.8073,0
1.2046,3.061,0.41504,-8.8,4.5735,0
1.2471,2.181,0.39499,-8.8,4.4329,0
1.284,1.301,0.38997,-8.8,4.3889,0
1.3279,0.42099,0.39981,-8.8,4.4421,0
1.365,0,0.39215,-8.8,4.5792,0
1.3979,0,0.38513,-8.8,4.7699,0
1.437,0,0.39529,-8.8,4.9609,0
1.4702,0,0.40138,0.40138,5.1432,0
1.5176,0.040138,0.39614,0.39614,5.2869,0
1.5565,0.079752,0.39921,0.39921,5.4305,0
1.5965,0.11967,0.40102,0.40102,5.5767,0
1.6292,0.15977,0.39998,0.39998,5.7227,0
1.6675,0.19977,0.39344,0.39344,5.8719,0
1.7059,0.23912,0.39505,0.39505,6.023,0
1.7459,0.27862,0.39869,0.39869,6.1631,0
1.7793,0.31849,0.39957,0.39957,6.311,0
1.8189,0.35845,0.39998,0.39998,6.4525,0
1.8189,0.39844,0,0.40238,6.5966,0
1.8996,0.43868,0.39849,0.39849,6.7348,0
1.946,0.47853,0.39388,0.39388,6.89,0
1.9791,0.51792,0.39345,0.39345,7.0308,0
2.0087,0.55727,0.39451,0.39451,7.1703,0
2.0474,0.59672,0.39639,0.39639,7.3112,0
2.083,0.63636,0.39516,0.39516,7.4548,0
2.1241,0.67587,0.39573,0.39573,7.6074,0
2.1542,0.71544,0.39418,0.39418,7.7581,0
2.1963,0.75486,0.39209,0.39209,7.9071,0
2.2342,0.79407,0.39561,0.39561,8.0479,0
2.2342,0.83363,0,0.41927,8.19,0
2.3228,0.87556,0.47483,0.47483,8.3299,0
2.3724,0.92304,0.54767,4.9,8.4799,23.1
2.435,1.413,0.62505,4.9,8.6051,24.544
2.5025,1.903,0.70191,3.0116,8.6797,9.683
2.5666,2.2042,0.75941,1.4327,8.7347,1.1179
2.6376,2.3475,0.77679,1.0366,8.7745,0
2.6376,2.4511,0,0.90896,8.7983,2.9641
2.6376,2.542,0,0.80848,8.8124,2.7617
2.8799,2.6229,0.74964,0.77029,8.8674,0
2.8799,2.6999,0,0.72357,8.8893,2.0485
3.0211,2.7723,0.71596,0.68233,8.9062,0
3.0907,2.8405,0.70027,0.66083,8.9379,0
3.1595,2.9066,0.71294,0.6443,8.9593,0
3.2223,2.971,0.77463,0.61852,8.9819,0
3.3085,3.0329,0.87749,0.65727,9.0095,0
3.3867,3.0986,1.0271,0.66443,9.0338,0
3.4814,3.165,1.1899,0.70669,9.0697,0
3.6042,3.2357,1.3139,0.79631,9.1079,0
3.6042,3.3153,0,0.8591,9.1408,2.3407
3.8706,3.4012,1.4016,0.93957,9.1764,0
4.0106,3.4952,1.3875,0.99029,9.2232,0
4.1592,3.5942,1.3557,1.0415,9.2782,0
4.2858,3.6984,1.3275,1.0373,9.3276,0
4.2858,3.8021,0,1.0368,9.3812,2.5684
4.2858,3.9058,0,1.0348,9.4244,2.9358
4.6661,4.0093,1.3631,1.0314,9.511,0
4.7993,4.1124,1.4585,1.0404,9.5797,0
4.7993,4.2164,0,1.075,9.6432,2.4129
4.7993,4.3239,0,1.1111,9.6961,3.0018
5.2706,4.4351,1.7317,1.1384,9.7999,0
5.4496,4.5489,1.6972,1.1863,9.8941,0
5.6101,4.6675,1.5405,1.1992,9.9865,0
5.6101,4.7874,0,1.1977,10.075,2.1971
5.895,4.9072,0.97688,1.1758,10.181,0
5.9947,5.0248,0.74112,1.1193,10.279,0
6.0755,5.1367,0.62079,1.0523,10.369,0
6.0755,5.242,0,0.97122,10.458,1.0492
6.1829,5.3391,0.45556,0.90111,10.558,0
6.2186,5.4292,0.37684,0.82565,10.643,0
6.2186,5.5118,0,0.75586,10.717,0.53073
6.2612,5.5873,-0.095727,0.67943,10.778,0.72157
6.2612,5.6553,0,0.59577,10.842,0.22307
6.2127,5.7149,-0.65108,0.48828,10.901,3.5181
6.1376,5.7637,-0.97202,0.36311,10.952,5.8553
6.1376,5.8,0,0.22524,10.988,0
5.9077,5.8225,-1.4832,0.081609,10.996,10.781
5.7543,5.8307,-1.8174,-0.015211,11.002,16.07
5.7543,5.8292,0,-0.050502,10.994,0.047939
5.3526,5.8241,-2.406,-0.094404,10.954,31.691
5.1113,5.8147,-2.7393,-0.14173,10.9,11.689
4.835,5.8005,-3.0753,-0.19643,10.819,12.307
4.5255,5.7809,-3.2574,-0.25882,10.708,12.793
4.2082,5.755,-3.4128,-0.32402,10.575,13.25
4.2082,5.7226,0,-0.39728,10.422,2.5435
4.2082,5.6828,0,-0.47697,10.272,2.1615
3.1402,5.6351,-3.7877,-0.56269,9.9735,14.524
3.1402,5.5789,0,-0.65486,9.7268,4.2701
2.3871,5.5134,-4.0103,-0.75627,9.4231,15.248
1.9812,5.4378,-4.0655,-0.87324,9.0959,15.485
1.5673,5.3504,-4.0949,-1.0052,8.7288,15.627
1.1521,5.2499,-4.1778,-1.1495,8.3425,15.825
0.72747,5.135,-4.2469,-1.3155,7.9192,15.947
0.29609,5.0034,-4.2817,-8.8,7.4669,0.15585
-0.13157,4.1234,-4.3597,-8.8,7.0187,0
-0.57141,3.2434,-4.4931,-8.8,6.6056,0
-1.0273,2.3634,-4.5342,-0.64655,6.2521,15.12
-1.4791,2.2988,-4.6859,-8.8,5.8871,0
-1.9447,1.4188,-4.8428,-8.8,5.5388,0
-2.4363,0.53876,-4.9513,-8.8,5.2272,0
-2.9328,0,-4.9781,-8.8,4.956,0
-3.4398,0,-5.003,-8.8,4.6796,0
-3.4398,0,0,-8.8,4.3796,0
-3.4398,0,0,-8.8,4.0796,0
-4.9058,0,-4.6806,-8.8,3.5683,1.4009
-4.9058,0,0,-9.0945,3.1218,0
-5.8126,0,-4.0369,-10.595,2.5759,0
-6.211,0,-3.4789,-13.011,2.0235,0
-6.5689,0,-2.6596,-17.6,1.4441,0
-6.8399,0,-1.7319,-28.892,0.86127,0
-6.8399,0,0,-81.837,0.32173,0
-7.1119,0,-0.12177,-1625.8,0.015556,0
-7.1279,0,0.48478,0.48478,7.4268,14.612
-7.0827,0.048478,0.89551,0.89551,6.7156,14.619
-7.0827,0.13803,0,1.1319,5.998,17.181
-6.8818,0.25122,1.2789,1.2789,5.2862,14.623
-6.7529,0.37911,1.3531,-8.8,4.5654,0
-6.6142,0,1.3528,-8.8,3.9,0
-6.4724,0,1.3308,-8.8,3.299,0
-6.3477,0,1.2937,-8.8,2.6928,0
-6.3477,0,0,-8.8,2.102,0
-6.0791,0,1.2831,-10.841,1.5241,0
-5.9576,0,1.2851,-16.936,0.97394,0
-5.8389,0,1.2369,-34.78,0.47328,0
-5.7148,0,1.2186,-232.89,0.069753,0
-5.5954,0,1.2066,-21.917,0.67697,0
-5.483,0,1.1617,-61.037,0.24167,0
-5.3676,0,1.1253,-1900.7,0.0075747,0
-5.2464,0,1.0986,1.0986,8.972,10.755
-5.1333,0.10986,1.045,1.045,8.4423,10.748
-5.1333,0.21436,0,0.96617,7.9128,12.993
-5.1333,0.31098,0,0.88642,7.3732,13.023
-5.1333,0.39962,0,0.79087,6.8243,13.004
-4.7771,0.47871,0.70792,0.70792,6.3252,10.774
-4.7046,0.5495,0.67416,0.67416,5.7989,10.771
-4.6292,0.61692,0.65381,-8.8,5.277,0
-4.6292,0,0,-8.8,4.7964,0
-4.4887,0,0.55698,-8.8,4.4025,0
-4.4887,0,0,-8.8,3.9976,0
-4.3773,0,0.47411,-8.8,3.6049,0
-4.3369,0,0.45041,-8.8,3.2077,0
-4.2925,0,0.46245,-8.8,2.8162,0
-4.2485,0,0.51979,-8.8,2.4316,0
-4.2053,0,0.52928,-8.8,2.0497,0
-4.1574,0,0.54079,-8.8,1.68,0
-4.0987,0,0.5405,-8.8,1.3201,0
-4.0366,0,0.51046,-8.8,0.95372,0
-3.9942,0,0.50309,-12.806,0.59936,0
-3.9487,0,0.52684,-28.557,0.26806,0
-3.8943,0,0.55746,-350.04,0.021628,0
-3.8347,0,0.62141,-8.8,1.3883,0
-3.8347,0,0,-8.8,1.0489,0
-3.6925,0,0.85155,-8.8,0.73489,0
-3.6148,0,0.95185,-15.155,0.40564,0
-3.5183,0,1.0195,-46.014,0.1316,0
-3.4185,0,0.97518,-325.66,0.017889,0
-3.4185,0,0,-8.8,1.3044,0
-3.2364,0,0.56768,-8.8,1.029,0
-3.1887,0,0.32601,-8.8,0.74285,0
-3.1525,0,0.083012,-10.53,0.46819,0
-3.143,0,-0.094594,-24.637,0.20126,0
-3.1596,0,-0.16105,-844.57,0.0059114,0
-3.1678,0,-0.19388,-8.8,3.9032,0
-3.1917,0,-0.22539,-8.8,3.6318,0
-3.1917,0,0,-8.8,3.3566,0
-3.2267,0,-0.24159,-8.8,3.0811,0
-3.2267,0,0,-8.8,2.8024,0
-3.2914,0,-0.2726,-8.8,2.5063,0
-3.3233,0,-0.25951,-8.8,2.2133,0
-3.3233,0,0,-8.8,1.9249,0
-3.3583,0,-0.29977,-8.8,1.6294,0
-3.3583,0,0,-8.8,1.3376,0
-3.4256,0,-0.47673,-8.8,1.0296,0
-3.4829,0,-0.69365,-8.928,0.7366,0
-3.5499,0,-0.93959,-15.514,0.43233,0
-3.641,0,-1.168,-43.844,0.15532,0
-3.748,0,-1.3703,9.8,1,31.155
-3.748,0.98,0,-21.988,0.5762,0
-3.748,0,0,-42.978,0.21335,0
-4.1961,0,-1.5338,9.8,1,32.417
-4.3495,0.98,-1.4881,-28.236,0.53096,0
-4.4928,0,-1.4187,-75.071,0.13703,0
-4.4928,0,0,-192.82,0.063104,0
-4.4928,0,0,-21.685,0.57791,0
-4.8861,0,-1.044,-63.657,0.19064,0
-4.8861,0,0,-737.2,0.020323,0
-5.071,0,-0.75794,-8.8,3.1915,0
-5.1552,0,-0.67456,-8.8,2.7251,0
-5.2284,0,-0.65903,-8.8,2.2544,0
-5.2908,0,-0.75505,-8.8,1.7649,0
-5.2908,0,0,-12.13,1.2798,0
-5.4501,0,-1.0627,-19.399,0.80997,0
-5.4501,0,0,-44.983,0.36195,0
-5.4501,0,0,-929.26,0.041858,0
-5.8051,0,-1.2974,-8.8,4.0939,0
-5.8051,0,0,-8.8,3.5574,0
-6.061,0,-1.1871,-8.8,2.9929,0
-6.061,0,0,-8.9083,2.4308,0
-6.28,0,-0.97126,-11.613,1.853,0
-6.3719,0,-0.84131,-16.802,1.2719,0
-6.4577,0,-0.69595,-30.191,0.70694,0
-6.5355,0,-0.60184,-98.347,0.21849,0
-6.6035,0,-0.56433,-470.25,0.04642,0
-6.6584,0,-0.56903,-13.404,1.727,0
-6.7197,0,-0.65278,-20.876,1.1164,0
-6.7765,0,-0.81254,-43.437,0.53868,0
-6.8628,0,-0.99285,-326.33,0.072384,0
-6.9678,0,-1.1895,-25.122,1.0143,0
-7.0767,0,-1.3413,-57.665,0.44458,0
-7.0767,0,0,-971.77,0.025227,0
-7.3606,0,-1.4705,-8.8,4.1524,0
-7.5115,0,-1.505,-9.6918,3.4459,0
-7.6699,0,-1.5075,-12.287,2.7287,0
-7.6699,0,0,-16.597,2.0232,0
-7.9567,0,-1.5329,-25.518,1.3197,0
-7.9567,0,0,-52.448,0.65167,0
-7.9567,0,0,-365.35,0.11825,0
-7.9567,0,0,-34.209,1.1493,0
-8.5935,0,-1.6729,-93.308,0.40295,0
-8.7669,0,-1.7857,-6433.4,0.0059751,0
-8.9469,0,-1.923,7.8,31.278,38.772
-9.1296,0.78,-2.1143,7.8,30.33,41.147
-9.3485,1.56,-2.1927,7.8,29.281,43.36
-9.5677,2.34,-2.138,7.8,28.147,45.293
-9.7907,3.12,-2.0747,7.8,26.908,47.216
-9.9958,3.9,-1.9901,7.8,25.567,49.058
-9.9958,4.68,0,-0.63933,24.139,28.742
-9.9958,4.6161,0,-0.70588,22.674,28.471
-10.584,4.5455,-1.8747,-0.78403,21.128,33.307
-10.584,4.4671,0,-0.87746,19.619,29.01
-10.971,4.3793,-2.1152,-0.98977,18.061,33.833
-11.185,4.2804,-2.2961,-1.1267,16.524,34.16
-11.407,4.1677,-2.5187,-1.2973,14.972,34.494
-11.407,4.038,0,-1.5175,13.421,28.473
-11.407,3.8862,0,-1.8053,11.884,27.558
-12.238,3.7057,-3.2035,-2.1945,10.225,34.805
-12.565,3.4862,-3.3996,-2.7374,8.628,34.297
-12.903,3.2125,-3.6791,-3.5364,7.0195,33.337
-13.274,2.8589,-3.89,-27.931,5.4132,0
-13.663,0.065721,-4.0834,-28.062,3.9298,0
-14.076,0,-4.302,-41.243,2.6819,0
-14.076,0,0,-76.443,1.4805,0
-14.959,0,-4.8276,-310.9,0.36554,0
-15.451,0,-5.1271,-299.8,0.40507,0
-15.972,0,-5.4406,-395.3,0.32717,0
-16.511,0,-5.7208,-207.56,0.67531,0
-16.511,0,0,-5183.8,0.062028,0
-17.673,0,-5.9156,7.8,24.207,65.05
-18.264,0.78,-5.835,7.8,22.363,67.69
-18.847,1.56,-5.6427,-0.35333,20.389,52.949
-19.404,1.5247,-5.3325,-0.42156,18.326,53.223
-19.404,1.4825,0,-0.51204,16.235,41.742
-20.426,1.4313,-4.5463,-0.63742,14.05,53.02
-20.873,1.3676,-4.142,-0.81864,11.843,52.576
-21.288,1.2857,-3.7581,-1.0988,9.602,51.864
-21.66,1.1758,-3.3338,-1.5783,7.3231,50.503
-21.66,1.018,0,-55.198,5.0473,0
-22.258,0,-1.8017,-84.496,2.9955,0
-22.433,0,-1.0108,-212.94,1.1873,0
-22.538,0,-0.2813,9.8,1,67.387
-22.565,0.98,0.25482,9.8,1,68.323
-22.533,1.96,0.40328,9.8,1,69.954
-22.491,2.94,0.47856,9.8,1,71.721
-22.436,3.92,0.60524,9.8,1,73.351
-22.376,4.9,0.8644,9.8,1,74.691
-22.376,5.88,0,9.8,1.0039,78.516
-22.163,6.86,1.6648,9.8,1,76.592
-22.163,7.84,0,9.8,0.98398,82.099
-21.796,8.82,2.2625,9.8,1,78.601
-21.566,9.8,2.2782,9.8,1,80.105
-21.566,10.78,0,9.8,0.99061,86.901
-21.121,11.76,2.0707,9.8,1,83.648
-20.908,12.74,1.9634,9.8,1,85.445
-20.908,13.72,0,9.8,0.98102,91.58
-20.908,14.7,0,9.8,0.9494,93.589
-20.908,15.68,0,9.8,0.90305,95.598
-20.908,16.66,0,9.8,0.84684,97.607
-20.038,17.64,1.3202,9.8,1,95.057
-19.909,18.62,1.1678,9.8,1,97.123
-19.909,19.6,0,9.8,0.99495,101.59
-19.699,20.58,0.66897,9.8,1,101.76
-19.638,21.56,0.28075,9.8,1,104.46
-19.611,22.54,-0.19115,9.8,1,107.4
-19.635,23.52,-0.81453,9.8,1,110.77
-19.719,24.5,-1.4343,9.8,1,114.26
-19.869,25.48,-1.9966,9.8,1,117.75
-20.063,26.46,-2.4531,9.8,1,121.12
-20.313,27.44,-2.7858,9.8,1,124.34
-20.313,28.42,0,9.8,1.0113,120.5
-20.313,29.4,0,9.8,1.0639,122.5
-21.243,30.38,-3.6123,9.8,1,134.01
-21.594,31.36,-3.7537,9.8,1,137.04
-21.96,32.34,-3.8385,9.8,1,139.97
-22.344,33.32,-3.8987,9.8,1,142.9
-22.725,34.3,-3.8415,9.8,1,145.57
-23.101,35.28,-3.782,9.8,1,148.22
-23.487,36.26,-3.7562,9.8,1,150.97
-23.859,37.24,-3.7538,9.8,1,153.73
-24.232,38.22,-3.785,9.8,1,156.57
-24.617,39.2,-3.8383,9.8,1,159.48
-25.001,40.18,-3.8811,9.8,1,162.37
-25.001,41.16,0,9.8,1.0108,156.22
-25.001,42.14,0,9.8,1.0797,158.23
-26.203,43.12,-4.0529,9.8,1,171.22
-26.203,44.1,0,9.8,1.0106,164.71
-27.009,45.08,-4.0391,9.8,1,176.86
-27.009,46.06,0,9.8,1.0279,170.38
-27.009,47.04,0,9.8,1.0996,172.39
-27.009,48.02,0,9.8,1.2015,174.4
-27.009,49,0,9.8,1.3488,176.41
-29.16,49.98,-4.2236,9.8,1,191.7
-29.584,50.96,-4.0052,9.8,1,194.12
-29.99,51.94,-3.5934,9.8,1,196.1
-30.358,52.92,-3.2223,9.8,1,198.08
-30.686,53.9,-2.703,9.8,1,199.67
-30.957,54.88,-1.9919,9.8,1,200.74
-30.957,55.86,0,9.8,1.0122,198.57
-30.957,56.84,0,9.8,1.0354,200.58
-30.957,57.82,0,9.8,1.0679,202.59
-31.267,58.8,0.91746,9.8,1,203.3
-31.168,59.78,1.3234,9.8,1,204.25
-31.043,60.76,1.5383,9.8,1,205.56
-30.891,61.74,1.6432,9.8,1,207.03
-30.727,62.72,1.7016,9.8,1,208.58
-30.727,63.7,0,9.8,0.99632,214.17
-30.37,64.68,1.7721,9.8,1,211.72
-30.192,65.66,1.784,9.8,1,213.34
-30.01,66.64,1.7872,9.8,1,214.97
-29.84,67.62,1.7754,9.8,1,216.65
-29.84,68.6,0,9.8,0.98774,222.39
-29.493,69.58,1.7286,9.8,1,220.06
-29.328,70.56,1.6997,9.8,1,221.79
-29.328,71.54,0,9.8,0.99908,227.37
-28.995,72.52,1.6237,9.8,1,225.29
-28.829,73.5,1.6166,9.8,1,226.97
-28.673,74.48,1.6329,9.8,1,228.62
-28.673,75.46,0,9.8,0.99463,234.06
-28.352,76.44,1.6235,9.8,1,232.01
-28.185,77.42,1.5903,9.8,1,233.74
-28.185,78.4,0,9.8,0.99035,239.09
-28.185,79.38,0,9.8,0.9712,241.1
-27.727,80.36,1.517,9.8,1,238.98
-27.576,81.34,1.5255,9.8,1,240.67
-27.576,82.32,0,9.8,0.98408,245.88
-27.268,83.3,1.5383,9.8,1,244.02
-27.106,84.28,1.4277,9.8,1,245.93
-27.106,85.26,0,9.8,0.98561,250.94
-26.818,86.24,1.302,9.8,1,249.63
-26.818,87.22,0,9.8,0.98406,254.37
-26.559,88.2,1.3448,9.8,1,253.02
-26.435,89.18,1.3869,9.8,1,254.69
-26.296,90.16,1.3771,9.8,1,256.43
-26.167,91.14,1.3683,9.8,1,258.2
-26.035,92.12,1.2911,9.8,1,260.1
-25.9,93.1,1.1539,9.8,1,262.12
-25.782,94.08,1.0959,9.8,1,264.01
-25.674,95.06,1.1127,9.8,1,265.76
-25.56,96.04,1.0881,9.8,1,267.59
-25.455,97.02,1.0262,9.8,1,269.51
-25.349,98,1.0668,9.8,1,271.22
-25.245,98.98,1.0646,9.8,1,273.02
-25.245,99.96,0,9.8,0.98616,277.26
-25.035,100.94,0.97733,9.8,1,276.79
-24.929,101.92,0.92262,9.8,1,278.69
