25.833,25.833,0.43625,0,35.5,0
25.881,25.833,0.62862,0.01072,35.511,0
25.952,25.834,0.70788,0.026624,35.529,0
26.028,25.837,0.80131,0.043231,35.553,0
26.117,25.841,0.8546,0.062268,35.574,0
26.207,25.848,0.84954,0.081396,35.615,0
26.287,25.856,0.73921,0.097639,35.657,0
26.362,25.866,0.60975,0.11238,35.708,0
26.42,25.877,0.4409,0.12325,35.762,0
26.42,25.889,0,0.12961,35.816,0
26.496,25.902,0.1109,0.13498,35.894,0
26.511,25.916,0.029928,0.13517,35.943,0
26.511,25.929,0,0.13147,36.002,0
26.502,25.942,-0.075458,0.12727,36.05,0
26.501,25.955,-0.08957,0.12422,36.095,0
26.494,25.967,-0.093118,0.11975,36.139,0
26.492,25.979,-0.10495,0.11666,36.185,0
26.492,25.991,0,0.11297,36.236,0
26.492,26.002,0,0.10909,36.285,0
26.492,26.013,0,0.10498,36.334,0
26.492,26.024,0,0.099242,36.381,0
26.439,26.034,-0.13426,0.092451,36.402,0
26.425,26.043,-0.13495,0.087087,36.441,0
26.42,26.052,-0.14732,0.084132,36.482,0
26.4,26.06,-0.14496,0.07751,36.513,0
26.4,26.068,0,0.070855,36.547,0
26.371,26.075,-0.15724,0.06758,36.578,0
26.371,26.082,0,0.063491,36.607,0
26.349,26.088,-0.14989,0.059733,36.647,0
26.349,26.094,0,0.056558,36.673,0
26.338,26.1,0.045498,0.054486,36.699,0
26.338,26.105,0.18069,0.053303,36.725,0
26.338,26.11,0,0.054405,36.748,0
26.385,26.116,0.4286,0.061717,36.779,0
26.385,26.122,0,0.06928,36.806,0
26.385,26.129,0,0.080245,36.832,0
26.537,26.137,0.47593,0.091655,36.878,0
26.578,26.146,0.47243,0.098966,36.926,0
26.616,26.156,0.4717,0.1054,36.972,0
26.655,26.167,0.47479,0.11222,37.029,0
26.699,26.178,0.45047,0.11977,37.072,0
26.746,26.19,0.44214,0.12781,37.12,0
26.789,26.202,0.44288,0.13484,37.187,0
26.837,26.216,0.44553,0.14286,37.252,0
26.891,26.23,0.46074,0.1522,37.32,0
26.935,26.245,0.48072,0.15877,37.392,0
26.982,26.261,0.50632,0.16618,37.458,0
27.041,26.278,0.51281,0.17604,37.531,0
27.091,26.296,0.50595,0.18364,37.618,0
27.149,26.314,0.4576,0.19303,37.702,0
27.149,26.333,0,0.19741,37.784,0
27.149,26.353,0,0.20295,37.865,0
27.149,26.373,0,0.20246,37.944,0
27.263,26.394,0.04101,0.20164,38.059,0
27.277,26.414,-0.032863,0.2003,38.147,0
27.279,26.434,-0.065178,0.19612,38.225,0
27.279,26.453,0,0.18896,38.309,0
27.258,26.472,-0.088023,0.18255,38.392,0
27.258,26.49,0,0.17517,38.469,0
27.228,26.508,-0.033861,0.16764,38.543,0
27.22,26.525,-0.017493,0.16187,38.62,0
27.22,26.541,0,0.156,38.688,0
27.22,26.557,0,0.15067,38.755,0
27.22,26.572,0,0.14728,38.821,0
27.208,26.586,-0.013229,0.14503,38.874,0
27.207,26.601,-0.037259,0.14152,38.943,0
27.2,26.615,-0.053356,0.13662,38.999,0
27.203,26.629,-0.075346,0.1343,39.059,0
27.196,26.642,-0.10226,0.12945,39.124,0
27.179,26.655,-0.12695,0.12252,39.179,0
27.168,26.667,-0.12559,0.1171,39.232,0
27.168,26.679,0,0.11091,39.281,0
27.136,26.69,-0.13308,0.10434,39.324,0
27.132,26.701,-0.12997,0.10104,39.369,0
27.117,26.711,-0.1136,0.095314,39.417,0
27.116,26.72,-0.1075,0.092702,39.452,0
27.105,26.729,-0.09822,0.088083,39.481,0
27.105,26.738,0,0.085708,39.518,0
27.1,26.747,-0.11783,0.082954,39.542,0
27.096,26.755,-0.12985,0.079962,39.573,0
27.09,26.763,-0.13612,0.076689,39.612,0
27.076,26.771,-0.11791,0.071567,39.646,0
27.06,26.778,-0.053409,0.066315,39.671,0
27.064,26.785,0.016166,0.065711,39.696,0
27.075,26.791,0.077351,0.066613,39.727,0
27.075,26.798,0,0.065091,39.755,0
27.092,26.804,0.11783,0.067646,39.793,0
27.092,26.811,0,0.070401,39.822,0
27.121,26.818,-0.0025823,0.071132,39.852,0
27.122,26.825,-0.04475,0.069911,39.889,0
27.122,26.832,0,0.065693,39.918,0
27.122,26.839,0,0.062793,39.947,0
27.107,26.845,-0.047447,0.061763,39.974,0
27.1,26.851,-0.041913,0.058567,40.01,0
27.087,26.857,-0.065583,0.054195,40.027,0
27.087,26.863,0,0.052212,40.049,0
27.081,26.868,-0.10482,0.050214,40.067,0
27.079,26.873,-0.12756,0.048658,40.091,0
27.066,26.878,-0.12283,0.044364,40.103,0
27.066,26.882,0,0.040053,40.121,0
27.047,26.886,-0.079564,0.038051,40.149,0
27.034,26.89,-0.071071,0.034014,40.155,0
27.034,26.893,0,0.032642,40.17,0
27.034,26.897,0,0.028319,40.184,0
27.017,26.899,-0.092897,0.027719,40.201,0.022767
27.012,26.902,-0.10739,0.025903,40.209,0.07128
27.009,26.905,-0.11119,0.024483,40.218,0.090899
26.996,26.907,-0.11813,0.021005,40.23,0.13341
26.986,26.909,-0.10452,0.018167,40.233,0.1185
26.969,26.911,-0.12327,0.013702,40.25,0.19917
26.964,26.912,-0.12325,0.012179,40.249,0.21003
26.951,26.914,-0.11899,0.0088039,40.263,0.22294
26.941,26.915,-0.10256,0.0063342,40.262,0.19731
26.926,26.915,-0.097497,0.0024954,40.264,0.21145
26.926,26.915,0,0.00043679,40.265,0
26.906,26.915,-0.075017,-0.0011185,40.275,0.18972
26.906,26.915,-0.091716,-0.0011194,40.282,0.23227
26.899,26.915,-0.11796,-0.00203,40.29,0.31719
26.878,26.915,-0.1249,-0.004575,40.28,0.37897
26.874,26.915,-0.14613,-0.0049897,40.277,0.44715
26.868,26.914,-0.18156,-0.0056506,40.276,0.56651
26.846,26.914,-0.18621,-0.0082427,40.276,0.62743
26.846,26.913,0,-0.010745,40.27,0.11543
26.8,26.912,-0.17269,-0.013644,40.261,0.6805
26.781,26.91,-0.14152,-0.015773,40.242,0.61985
26.781,26.909,0,-0.01831,40.229,0.2278
26.757,26.907,-0.076367,-0.018305,40.224,0.47234
26.746,26.905,-0.074533,-0.019451,40.217,0.48623
26.736,26.903,-0.061014,-0.02042,40.2,0.46486
26.736,26.901,0,-0.021648,40.183,0.3011
26.72,26.899,-0.09016,-0.021862,40.164,0.57024
26.713,26.897,-0.095546,-0.022535,40.155,0.59722
26.698,26.894,-0.085327,-0.024133,40.145,0.5944
26.681,26.892,-0.075022,-0.025938,40.129,0.59485
26.681,26.889,0,-0.027564,40.108,0.38403
26.656,26.887,-0.00097821,-0.028277,40.085,0.43243
26.665,26.884,0.019448,-0.026954,40.06,0.36098
26.66,26.881,0.065171,-0.027169,40.031,0.25908
26.666,26.878,0.1152,-0.026216,40.01,0.14261
26.67,26.876,0.15187,-0.025349,39.983,0.063409
26.685,26.873,0.20923,-0.023264,39.966,0
26.685,26.871,0,-0.021404,39.947,0.34879
26.685,26.869,0,-0.017888,39.928,0.35265
26.765,26.867,0.35271,-0.012661,39.919,0
26.794,26.866,0.37095,-0.0089228,39.907,0
26.827,26.865,0.37536,-0.0047113,39.911,0
26.868,26.864,0.35423,0.0009109,39.903,0
26.868,26.864,0,0.008189,39.904,0.0095404
26.934,26.865,0.37515,0.016045,39.914,0
26.976,26.867,0.36897,0.025525,39.918,0
27.003,26.869,0.3821,0.031436,39.932,0
27.045,26.873,0.45969,0.040405,39.946,0
27.045,26.877,0,0.050207,39.963,0
27.15,26.882,0.58024,0.063098,39.973,0
27.15,26.888,0,0.073669,40,0
27.274,26.895,0.74944,0.088909,40.05,0
27.354,26.904,0.78684,0.10571,40.095,0
27.354,26.915,0,0.12269,40.139,0
27.354,26.927,0,0.1376,40.182,0
27.354,26.941,0,0.15184,40.224,0
27.354,26.956,0,0.16864,40.265,0
27.354,26.973,0,0.18301,40.304,0
27.354,26.991,0,0.19808,40.341,0
27.914,27.011,0.7919,0.21316,40.59,0
27.998,27.032,0.7274,0.22826,40.682,0
28.068,27.055,0.64987,0.23967,40.781,0
28.129,27.079,0.51232,0.24859,40.889,0
28.129,27.104,0,0.25477,40.993,0
28.224,27.129,0.28639,0.25956,41.113,0
28.246,27.155,0.37244,0.25889,41.215,0
28.278,27.181,0.51264,0.26038,41.322,0
28.322,27.207,0.69807,0.26491,41.423,0
28.385,27.234,0.91594,0.27372,41.531,0
28.486,27.261,1.1226,0.29141,41.651,0.32287
28.486,27.29,0,0.31195,41.772,0
28.72,27.322,1.275,0.33357,41.917,0.98699
28.72,27.355,0,0.35588,42.056,0
28.966,27.39,1.2592,0.3766,42.224,1.0096
29.099,27.428,1.2151,0.39972,42.388,0.86799
29.225,27.468,1.1716,0.42083,42.552,0.72407
29.346,27.51,1.1874,0.44031,42.729,0.83708
29.464,27.554,1.2559,0.45835,42.91,1.1981
29.464,27.6,0,0.47892,43.099,0
29.738,27.648,1.4613,0.50283,43.294,2.3905
29.738,27.698,0,0.52714,43.501,0
30.045,27.751,1.5627,0.55354,43.745,3.1774
30.045,27.806,0,0.57738,43.971,0
30.045,27.864,0,0.60043,44.192,0
30.477,27.924,1.1745,0.61875,44.469,1.2842
30.589,27.986,1.041,0.6316,44.718,0.6417
30.688,28.049,0.96872,0.64133,44.985,0.30961
30.688,28.113,0,0.6505,45.246,0
30.688,28.178,0,0.65675,45.5,0
30.688,28.244,0,0.66652,45.748,0
31.072,28.311,1.0403,0.67496,46.066,0.734
31.184,28.378,1.0454,0.68683,46.347,0.79143
31.297,28.447,1.061,0.6986,46.63,0.90439
31.297,28.517,0,0.70679,46.912,0
31.496,28.587,1.0347,0.71475,47.202,0.80485
31.592,28.659,1.0213,0.72175,47.499,0.74873
31.7,28.731,1.0452,0.73159,47.797,0.90001
31.8,28.804,1.0854,0.73916,48.089,1.1365
31.919,28.878,1.1408,0.75093,48.382,1.4829
32.041,28.953,1.1962,0.76365,48.686,1.846
32.162,29.03,1.2405,0.77558,48.996,2.1512
32.291,29.107,1.2578,0.78931,49.316,2.3098
32.291,29.186,0,0.80315,49.63,0
32.291,29.266,0,0.81351,49.937,0
32.652,29.348,1.134,0.82217,50.286,1.6912
32.76,29.43,1.1168,0.82954,50.609,1.6132
32.873,29.513,1.1365,0.83803,50.953,1.7545
32.991,29.597,1.1771,0.84773,51.298,2.0321
33.106,29.681,1.1945,0.85619,51.637,2.1682
33.23,29.767,1.2659,0.8665,51.977,2.6562
33.361,29.854,1.2251,0.87875,52.329,2.4504
33.486,29.942,1.1307,0.88893,52.674,1.9049
33.591,30.03,0.98802,0.89388,53.032,1.0634
33.682,30.12,0.82435,0.8953,53.398,0.13943
33.765,30.209,0.59622,0.89451,53.759,0
33.817,30.299,0.47882,0.88604,54.117,0
33.867,30.387,0.37782,0.877,54.463,0
33.911,30.475,0.39413,0.86666,54.806,0
33.954,30.562,0.45302,0.85622,55.14,0
33.954,30.647,0,0.84778,55.475,0
34.063,30.732,0.53237,0.84205,55.812,0
34.063,30.816,0,0.83314,56.141,0
34.063,30.9,0,0.82515,56.461,0
34.21,30.982,0.37806,0.81789,56.815,0
34.21,31.064,0,0.80833,57.134,0
34.286,31.145,0.32454,0.79682,57.463,0
34.321,31.225,0.36812,0.78618,57.783,0
34.321,31.303,0,0.77612,58.089,0
34.398,31.381,0.43787,0.76699,58.407,0
34.398,31.457,0,0.75674,58.705,0
34.488,31.533,0.52275,0.75181,59,0
34.535,31.608,0.5459,0.74487,59.292,0
34.535,31.683,0,0.73944,59.581,0
34.638,31.757,0.67542,0.73403,59.873,0
34.709,31.83,0.74413,0.73351,60.155,0
34.709,31.904,0,0.73634,60.439,0
34.879,31.977,0.95308,0.74014,60.742,0.17723
34.879,32.051,0,0.74349,61.028,0
34.879,32.126,0,0.75229,61.307,0
35.195,32.201,1.274,0.76499,61.645,1.9671
35.195,32.277,0,0.78052,61.94,0
35.195,32.355,0,0.79285,62.228,0
35.195,32.435,0,0.80951,62.508,0
35.748,32.516,1.4369,0.82679,62.87,3.2375
35.896,32.598,1.4237,0.84382,63.193,3.2398
36.029,32.683,1.3809,0.85666,63.533,3.029
36.163,32.768,1.3012,0.86913,63.866,2.5863
36.286,32.855,1.185,0.87866,64.201,1.9146
36.396,32.943,1.0759,0.88464,64.541,1.2923
36.396,33.031,0,0.88832,64.881,0
36.396,33.12,0,-2,65.214,124.96
36.696,32.92,0.81294,-2,65.59,154.93
36.696,32.72,0,-2,65.978,220.41
36.86,32.52,0.76693,-2,66.409,218.29
36.86,32.32,0,-2,66.853,394.27
37.022,32.12,0.76109,-2,67.339,320.12
37.099,31.92,0.79995,-2,67.845,387.65
37.099,31.72,0,-2,68.373,2307.1
37.099,31.52,0,-2,68.921,21817
37.372,31.32,1.0121,-2,69.529,715.11
37.372,31.12,0,-2,70.144,0
37.586,30.92,1.2107,-2,70.787,1124.8
37.709,30.72,1.2842,-2,71.47,1573.4
37.839,30.52,1.2608,-2,72.19,3560.6
37.839,30.32,0,-2,72.932,0
37.839,30.12,0,-2,73.694,0
38.182,29.92,0.7791,-2,74.533,0
38.258,29.72,0.61195,-2,75.375,0
38.326,29.52,0.49796,-2,76.242,0
38.374,29.32,0.46805,-2,77.14,0
38.374,29.12,0,-2,78.056,0
38.456,28.92,0.40389,4.8,79.005,0
38.456,29.4,0,-2,79.935,0
38.527,29.2,0.34235,-2,80.866,0
38.571,29,0.31407,4.8,81.802,0
38.596,29.48,0.25757,-2,82.743,0
38.612,29.28,0.20147,-2,83.675,0
38.624,29.08,0.10792,-2,84.628,0
38.644,28.88,-0.039807,4.8,85.591,0
38.646,29.36,-0.24542,-2,86.547,0
38.646,29.16,0,-2,87.485,0
38.559,28.96,-0.64268,4.8,88.44,0
38.496,29.44,-0.79134,-2,89.38,0
38.418,29.24,-0.89429,-2,90.301,0
38.418,29.04,0,4.8,91.228,0
38.238,29.52,-0.94127,-2,92.125,0
38.153,29.32,-0.93798,-2,93.004,0
38.052,29.12,-0.9984,-2,93.901,0
37.949,28.92,-1.0649,4.8,94.799,0
37.839,29.4,-1.1696,-2,95.676,0
37.839,29.2,0,-2,96.53,0
37.611,29,-1.4222,4.8,97.377,6.9868
37.463,29.48,-1.5016,-2,98.207,0
37.463,29.28,0,-2,99.016,0
37.463,29.08,0,-2,99.844,0
37.016,28.88,-1.5268,4.8,100.63,11.802
36.871,29.36,-1.6383,-2,101.42,0
36.706,29.16,-1.7985,-2,102.17,0
36.706,28.96,0,4.8,102.93,0
36.32,29.44,-2.3068,-2,103.64,0
36.081,29.24,-2.5401,-2,104.33,0
35.827,29.04,-2.7033,4.8,105,52.999
35.55,29.52,-2.8645,-2,105.65,0
35.55,29.32,0,-2,106.26,0
35.55,29.12,0,-2,106.89,0
34.626,28.92,-3.5653,4.8,107.41,100.01
34.28,29.4,-3.5926,-2,107.94,0
34.28,29.2,0,-2,108.44,919
34.28,29,0,4.8,108.96,7.7412
33.217,29.48,-3.2796,-2,109.31,0
32.887,29.28,-3.0665,-2,109.69,0
32.584,29.08,-2.9725,-2,110.04,0
32.28,28.88,-2.8954,4.8,110.39,86.805
31.988,29.36,-2.809,-2,110.7,0
31.988,29.16,0,-2,110.97,90.498
31.988,28.96,0,4.8,111.26,20.216
31.119,29.44,-3.4068,-2,111.41,0
31.119,29.24,0,-2,111.59,47.733
31.119,29.04,0,4.8,111.79,25.877
31.119,29.52,0,-2,111.97,39.661
29.59,29.32,-3.9317,-2,111.85,0
29.197,29.12,-3.7098,-2,111.87,0
29.197,28.92,0,4.8,111.89,37.115
28.45,29.4,-3.8398,-2,111.82,364.1
28.067,29.2,-4.1115,-2,111.71,1634.1
27.651,29,-4.4199,4.8,111.59,195.34
27.651,29.48,0,-2,111.43,3.5794
26.752,29.28,-4.7812,-2,111.17,946.51
26.752,29.08,0,-2,110.93,2.8715
25.804,28.88,-4.5873,4.8,110.6,216.31
25.346,29.36,-4.2612,-2,110.24,171.41
24.928,29.16,-3.7589,-2,109.83,107.01
24.928,28.96,0,4.8,109.42,65.807
24.237,29.44,-2.5387,-2,108.91,46.26
23.993,29.24,-1.9068,-2,108.39,29.679
23.993,29.04,0,4.8,107.87,72.834
23.993,29.52,0,-2,107.34,8.1936
23.579,29.32,-0.52553,-2,106.74,12.765
23.522,29.12,-0.25247,-2,106.18,9.9932
23.522,28.92,0,4.8,105.63,75.279
23.488,29.4,-0.12292,-2,105.06,10.365
23.47,29.2,-0.24073,-2,104.48,10.448
23.442,29,-0.48837,4.8,103.91,86.815
23.387,29.48,-0.8061,-2,103.33,17.417
23.308,29.28,-1.1765,-2,102.72,21.539
23.187,29.08,-1.6306,-2,102.14,28.599
23.023,28.88,-2.0218,4.8,101.55,129.73
22.826,29.36,-2.1708,-2,100.94,45.657
22.826,29.16,0,-2,100.3,11.215
22.374,28.96,-2.2182,4.8,99.644,141.65
22.158,29.44,-1.9027,-2,98.943,44.437
22.158,29.24,0,-2,98.225,14.394
21.812,29.04,-1.2024,4.8,97.482,116.76
21.684,29.52,-0.89425,-2,96.724,28.771
21.604,29.32,-0.70056,-2,95.945,25.262
21.604,29.12,0,-2,95.183,16.377
21.476,28.92,-0.56513,4.8,94.413,102.37
21.476,29.4,0,-2,93.644,18.327
21.37,29.2,-0.31453,-2,92.855,21.12
21.37,29,0,4.8,92.082,91.03
21.337,29.48,0.12189,-2,91.29,18.235
21.346,29.28,0.2356,-2,90.485,16.261
21.346,29.08,0,-2,89.702,17.412
21.392,28.88,0.29553,4.8,88.946,83.921
21.414,29.36,0.36188,-2,88.183,15.293
21.445,29.16,0.496,-2,87.392,13.353
21.489,28.96,0.71442,4.8,86.639,75.734
21.56,29.44,0.97472,-2,85.87,11.131
21.65,29.24,1.2594,-2,85.104,9.0272
21.65,29.04,0,4.8,84.355,89.323
21.924,29.52,1.6239,-2,83.616,7.9689
22.076,29.32,1.6688,-2,82.879,7.1703
22.076,29.12,0,-2,82.164,14.223
22.41,28.92,1.6338,4.8,81.508,54.255
22.41,29.4,0,-2,80.833,13.985
22.41,29.2,0,-2,80.144,13.114
22.88,29,1.4473,4.8,79.555,54.647
23.024,29.48,1.3865,-2,78.926,6.216
23.024,29.28,0,-2,78.29,10.903
23.294,29.08,1.313,-2,77.704,5.3353
23.294,28.88,0,4.8,77.136,76.592
23.538,29.36,1.2707,-2,76.593,5.3991
23.671,29.16,1.2795,-2,76.031,5.0345
23.794,28.96,1.3103,4.8,75.495,50.825
23.918,29.44,1.4119,-2,74.962,5.0915
24.054,29.24,1.5898,-2,74.419,5.1441
24.214,29.04,1.8003,4.8,73.92,41.876
24.214,29.52,0,-2,73.413,7.4503
24.605,29.32,2.2243,-2,72.939,7.2947
24.605,29.12,0,-2,72.477,5.153
25.055,28.92,2.332,4.8,72.069,30.152
25.297,29.4,2.2482,-2,71.67,8.7345
25.531,29.2,2.1378,-2,71.281,9.4145
25.741,29,1.9553,4.8,70.938,31.17
25.741,29.48,0,-2,70.588,3.544
26.11,29.28,1.7094,-2,70.265,8.6162
26.275,29.08,1.6462,-2,69.958,9.5453
26.275,28.88,0,4.8,69.687,56.084
26.609,29.36,1.5943,-2,69.437,9.429
26.609,29.16,0,-2,69.172,2.7375
26.609,28.96,0,4.8,68.927,54.374
26.609,29.44,0,-2,68.668,2.7111
27.252,29.24,1.7438,-2,68.533,14.278
27.425,29.04,1.7751,4.8,68.347,24.457
27.602,29.52,1.7747,-2,68.167,14.961
27.783,29.32,1.7766,-2,67.988,17.585
27.964,29.12,1.7711,-2,67.859,20.576
28.14,28.92,1.7593,4.8,67.762,20.337
28.323,29.4,1.7632,-2,67.664,21.189
28.497,29.2,1.792,-2,67.572,25.071
28.674,29,1.8129,4.8,67.511,17.556
28.674,29.48,0,-2,67.454,7.2895
29.049,29.28,1.8672,-2,67.43,31.273
29.049,29.08,0,-2,67.417,12.937
29.423,28.88,1.8587,4.8,67.457,13.025
29.614,29.36,1.7951,-2,67.492,37.019
29.802,29.16,1.6681,-2,67.529,41.581
29.978,28.96,1.4537,4.8,67.618,14.454
30.124,29.44,1.1894,-2,67.702,36.232
30.124,29.24,0,-2,67.781,24.572
30.343,29.04,0.59414,4.8,67.903,22.388
30.41,29.52,0.3803,-2,68.007,29.501
30.457,29.32,0.25178,-2,68.102,32.427
30.457,29.12,0,-2,68.226,33.335
30.491,28.92,0.17859,4.8,68.382,26.375
30.51,29.4,0.16902,-2,68.513,30.816
30.52,29.2,0.16143,-2,68.625,35.055
30.52,29,0,4.8,68.767,29.302
30.562,29.48,0.23753,-2,68.9,31.167
30.588,29.28,0.34808,-2,69.019,37.222
30.614,29.08,0.46062,-2,69.154,43.94
30.65,28.88,0.63242,4.8,69.324,19.322
30.717,29.36,0.83339,-2,69.485,44.648
30.805,29.16,0.99522,-2,69.629,53.645
30.912,28.96,1.1066,4.8,69.803,13.234
31.024,29.44,1.2173,-2,69.989,54.984
31.136,29.24,1.2752,-2,70.168,63.992
31.254,29.04,1.2802,4.8,70.373,10.357
31.372,29.52,1.2936,-2,70.585,63.002
31.506,29.32,1.2878,-2,70.793,72.886
31.634,29.12,1.2994,-2,71.026,84.406
31.761,28.92,1.3149,4.8,71.301,7.2216
31.898,29.4,1.3415,-2,71.565,84.253
32.041,29.2,1.3423,-2,71.832,97.965
32.179,29,1.3712,4.8,72.126,5.3287
32.309,29.48,1.3773,-2,72.431,97.754
32.44,29.28,1.3575,-2,72.726,113
32.566,29.08,1.3232,-2,73.06,130.89
32.7,28.88,1.2837,4.8,73.43,3.3092
32.837,29.36,1.2131,-2,73.797,130.33
32.958,29.16,1.1596,-2,74.152,152.5
32.958,28.96,0,4.8,74.542,14.658
33.199,29.44,1.0512,-2,74.935,150.57
33.313,29.24,1.0052,-2,75.317,178.52
33.413,29.04,0.97208,4.8,75.744,3.2711
33.507,29.52,0.90391,-2,76.16,172.49
33.601,29.32,0.8153,-2,76.581,208.03
33.601,29.12,0,-2,77.019,367.84
33.753,28.92,0.5491,4.8,77.499,4.6428
33.799,29.4,0.33755,-2,77.959,266.8
33.799,29.2,0,-2,78.409,424.11
33.799,29,0,4.8,78.878,10.268
33.822,29.48,-0.2935,-2,79.342,440.19
33.787,29.28,-0.51857,-2,79.787,1254.7
33.728,29.08,-0.68323,-2,80.255,0
33.666,28.88,-0.80165,4.8,80.726,21.329
33.581,29.36,-0.93555,-2,81.177,0
33.581,29.16,0,-2,81.609,343.63
33.581,28.96,0,4.8,82.061,11.224
33.581,29.44,0,-2,82.499,257.24
33.233,29.24,-0.63913,-2,82.841,449.56
33.233,29.04,0,4.8,83.25,13.57
33.136,29.52,-0.29011,-2,83.624,182.94
33.105,29.32,-0.16258,-2,83.988,201.22
33.082,29.12,-0.15034,-2,84.369,237.73
33.066,28.92,-0.19232,4.8,84.78,16.274
33.066,29.4,0,-2,85.171,169.22
33.021,29.2,-0.38843,-2,85.552,243.8
