0,0,0.0027796,0,35.5,0
0,0,0,7.8,35.5,59.103
-0.0065061,0.78,-0.025564,7.8,35.467,60.769
-0.01285,1.56,-0.029942,7.8,35.358,62.39
-0.022171,2.34,-0.025365,7.8,35.166,63.998
-0.022171,3.12,0,7.8,34.891,65.544
-0.022171,3.9,0,7.8,34.537,67.143
-0.032307,4.68,-0.0033903,7.8,34.098,68.77
-0.025905,5.46,-0.0018414,7.8,33.581,70.352
-0.021197,6.24,0.0041966,6.7,32.997,69.618
-0.017718,6.91,-0.0015377,6.7,32.33,70.996
-0.011661,7.58,-0.0083674,6.7,31.595,72.372
-0.020286,8.25,0.0048843,-0.43794,30.804,58.736
-0.029067,8.2062,0.0058885,-0.45332,29.985,58.63
-0.029067,8.1609,0,-0.46915,29.163,58.516
-0.034715,8.114,-0.0039856,-0.48664,28.329,58.403
-0.034715,8.0653,0,-0.50429,27.517,58.258
-0.037653,8.0149,-0.0053635,-0.52281,26.714,58.133
-0.034138,7.9626,-0.00023684,-0.54215,25.911,57.967
-0.042908,7.9084,0.0061097,-0.56316,25.121,57.817
-0.039289,7.8521,-0.0023936,-0.5849,24.325,57.666
-0.039289,7.7936,0,-0.60789,23.539,57.493
-0.039289,7.7328,0,-0.6314,22.759,57.319
-0.039289,7.6696,0,-0.65796,21.984,57.134
-0.043181,7.6038,-0.0091243,-0.68572,21.222,56.967
-0.037552,7.5353,-0.0010018,-0.71382,20.468,56.739
-0.037552,7.4639,0,-0.74604,19.714,56.523
-0.051162,7.3893,-0.0050488,-0.77876,18.965,56.34
-0.051162,7.3114,0,-0.81467,18.225,56.094
-0.059949,7.2299,0.011024,-0.85246,17.481,55.843
-0.059949,7.1447,0,-0.89107,16.757,55.61
-0.050467,7.0556,-0.012691,-0.93337,16.034,55.346
-0.050467,6.9622,0,-0.97856,15.328,55.033
-0.040549,6.8644,-0.0074222,-1.0251,14.622,54.73
-0.045554,6.7619,-0.02034,-1.0754,13.944,54.451
-0.045554,6.6543,0,-1.1293,13.268,54.075
-0.048381,6.5414,-0.0056803,-1.1862,12.606,53.741
-0.052077,6.4228,-0.017267,-1.2478,11.952,53.401
-0.050778,6.298,-0.011817,-1.3106,11.317,52.999
-0.052813,6.167,0.00016673,-1.3806,10.682,52.562
-0.052813,6.0289,0,-1.4518,10.067,52.13
-0.032965,5.8837,-4.2303e-05,-1.5277,9.4518,51.632
-0.027446,5.7309,0.011604,-1.6042,8.8722,51.122
-0.032379,5.5705,0.012759,-1.6864,8.31,50.628
-0.022941,5.4019,0.0012181,-1.7706,7.7543,50.111
-0.013916,5.2248,-0.0059001,-8.8,7.2137,34.974
-0.022304,4.3448,0.0059652,-8.8,6.7343,33.162
-0.021579,3.4648,-0.0072373,-8.8,6.3393,31.384
-0.030954,2.5848,-0.010043,-8.8,6.0282,29.605
-0.030954,1.7048,0,-8.8,5.8106,27.78
-0.015755,0.82482,0.0055527,0.0055527,5.6871,44.436
-0.015755,0.82538,0,-0.0013619,5.603,44.434
-0.015755,0.82524,0,0.0092072,5.5189,44.456
-0.029288,0.82616,0.016273,0.016273,5.4424,44.466
-0.03647,0.82779,0.0043123,-8.8,5.3623,25.984
-0.03647,0,0,0.0018717,5.3199,42.791
-0.045388,0.00018717,0.010599,0.010599,5.3147,42.806
-0.045388,0.0012471,0,0.0011583,5.3101,42.811
-0.046163,0.0013629,-0.0059226,-0.0059226,5.2882,42.81
-0.044616,0.00077065,0.0060286,0.0060286,5.2818,42.806
-0.040335,0.0013735,0.0020291,0.0020291,5.2717,42.798
-0.030533,0.0015764,-0.012081,-0.012081,5.2668,42.779
-0.033766,0.00036829,-0.0042561,-0.0042561,5.2691,42.783
-0.035304,0,0.00048272,0.00048272,5.2563,42.785
-0.032006,4.8272e-05,-0.0088678,-0.0088678,5.2525,42.778
-0.029917,0,-0.0034448,-0.0034448,5.243,42.774
-0.021677,0,0.00597,0.00597,5.249,42.757
-0.021677,0.000597,0,0.0035093,5.2468,42.766
-0.021677,0.00094793,0,0.00041664,5.2446,42.76
-0.012971,0.0009896,0.0036506,0.0036506,5.2358,42.741
-0.015789,0.0013547,0.010996,0.010996,5.2328,42.748
-0.015022,0.0024542,0.0043677,0.0043677,5.2228,42.749
-0.015022,0.002891,0,0.002271,5.221,42.754
-0.023789,0.0031181,0.0053528,0.0053528,5.2168,42.768
-0.023789,0.0036534,0,0.0018168,5.2141,42.773
-0.022096,0.0038351,-0.005501,-0.005501,5.2073,42.766
-0.025751,0.003285,0.00016772,0.00016772,5.2007,42.772
-0.025751,0.0033017,0,-0.0015838,5.1978,42.769
-0.037261,0.0031434,-0.0029299,-0.0029299,5.1925,42.796
-0.032635,0.0028504,-0.0034141,-0.0034141,5.1928,42.785
-0.02357,0.002509,-0.0069235,-0.0069235,5.181,42.766
-0.026981,0.0018166,-0.012369,-0.012369,5.1828,42.772
-0.026981,0.00057975,0,-0.0094114,5.18,42.749
-0.033678,0,-0.0102,-0.0102,5.1691,42.782
-0.024996,0,-0.0090179,-0.0090179,5.1742,42.764
-0.022794,0,-0.0064178,-0.0064178,5.1644,42.759
-0.022794,0,0,0.0017152,5.1621,42.763
-0.0213,0.00017152,0.0050134,0.0050134,5.1699,42.757
-0.028545,0.00067286,0.0017127,0.0017127,5.1741,42.773
-0.029074,0.00084413,0.0038424,0.0038424,5.1772,42.774
-0.031408,0.0012284,0.011622,0.011622,5.1671,42.78
-0.027594,0.0023906,0.0075008,0.0075008,5.1701,42.774
-0.024732,0.0031407,0.0025335,0.0025335,5.1685,42.77
-0.024399,0.003394,0.011996,0.011996,5.169,42.77
-0.024399,0.0045936,0,0.0085308,5.1662,42.79
-0.030896,0.0054467,0.0012629,0.0012629,5.167,42.787
-0.022726,0.005573,0.0036594,0.0036594,5.161,42.771
-0.01817,0.0059389,0.0022522,0.0022522,5.1506,42.762
-0.01817,0.0061642,0,-0.0027122,5.1481,42.757
-0.013064,0.0058929,-0.0053921,-0.0053921,5.1393,42.752
-0.010428,0.0053537,0.040557,0.040557,5.1435,42.745
-0.015663,0.0094094,0.097907,0.097907,5.1332,42.764
0.0023522,0.0192,0.16267,0.16267,5.1277,0.034698
0.013818,0.035467,0.21744,0.21744,5.1229,0.044639
0.034509,0.057211,0.27982,0.27982,5.1243,0.046817
0.068512,0.085193,0.29169,0.29169,5.1288,0.034346
0.10672,0.11436,0.28442,0.28442,5.124,0.015692
0.13386,0.1428,0.2716,0.2716,5.1277,0.018386
0.16101,0.16996,0.26098,0.26098,5.1357,0.018398
0.16101,0.19606,0,0.2437,5.1335,0.74623
0.2171,0.22043,0.22481,0.22481,5.1417,0.0068385
0.23364,0.24291,0.20969,0.20969,5.1409,0.019067
0.25109,0.26388,0.19954,0.19954,5.1389,0.026308
0.27898,0.28384,0.19244,-8.8,5.1338,0
0.29398,0,0.1901,0.1901,5.1721,0
0.31983,0.01901,0.18671,0.18671,5.2,0
0.33274,0.03768,0.18902,0.18902,5.2326,0
0.34385,0.056583,0.19097,0.19097,5.2544,0
0.35445,0.07568,0.19425,0.19425,5.2874,0
0.35445,0.095105,0,0.19171,5.3143,0
0.35445,0.11428,0,0.19453,5.3393,0
0.35445,0.13373,0,0.19652,5.3623,0
0.43309,0.15338,0.1942,0.1942,5.4018,0
0.46204,0.1728,0.19518,0.19518,5.4294,0
0.47159,0.19232,0.20292,0.20292,5.4508,0
0.47159,0.21261,0,0.21003,5.4777,0
0.51308,0.23361,0.20835,0.20835,5.4965,0
0.52906,0.25445,0.20739,0.20739,5.5332,0
0.54185,0.27519,0.2015,0.2015,5.5534,0
0.55432,0.29534,0.19654,0.19654,5.5861,0
0.55432,0.31499,0,0.18841,5.611,0
0.5888,0.33383,0.1814,0.1814,5.6198,0
0.6107,0.35197,0.18094,0.18094,5.6402,0
0.63464,0.37007,0.17338,0.17338,5.6635,0
0.65891,0.3874,0.16249,0.16249,5.6856,0
0.67615,0.40365,0.15279,0.15279,5.7141,0
0.68696,0.41893,0.15361,0.15361,5.737,0
0.70653,0.43429,0.1544,0.1544,5.7561,0
0.72294,0.44973,0.1874,0.1874,5.7922,0
0.75019,0.46847,0.23077,0.23077,5.826,0
0.77096,0.49155,0.24684,0.24684,5.8544,0
0.8011,0.51623,0.23581,0.23581,5.8916,0
0.82328,0.53982,0.22787,0.22787,5.9212,0
0.8417,0.5626,0.19886,0.19886,5.9417,0
0.8417,0.58249,0,0.13498,5.9686,0
0.8417,0.59599,0,0.088228,5.9939,0
0.8417,0.60481,0,0.077225,6.018,0
0.8417,0.61253,0,-0.090447,6.0413,0
0.87305,0.60349,-0.97206,-0.97206,6.0879,0
0.77322,0.50628,-2.0583,-2.0583,6.1127,0
0.55851,0.30045,-2.2114,-2.2114,6.1407,0
0.34082,0.079308,-1.6939,-1.6939,6.1628,0
0.16641,0,-1.3735,-1.3735,6.1922,0
0.020143,0,-0.8095,-0.8095,6.2064,0
-0.066762,0,0.18313,0.18313,6.2173,0.13686
-0.056563,0.018313,0.53256,0.53256,6.2196,0.1535
-0.056563,0.071568,0,0.037366,6.2095,0.34118
-0.056563,0.075305,0,-0.29776,6.1965,0
-0.025654,0.045528,-0.056329,-0.056329,6.2116,0.14592
-0.021834,0.039895,0.11391,0.11391,6.1988,0.12655
-0.021834,0.051286,0,-0.036623,6.1921,0.072942
-0.014925,0.047624,-0.11401,-0.11401,6.2001,0.12822
-0.014925,0.036223,0,0.03119,6.1944,0.17039
-0.016405,0.039342,0.09969,0.09969,6.2046,0.11428
-0.016405,0.049311,0,0.016232,6.1985,0.16882
-0.0027417,0.050934,-0.037301,-0.037301,6.1844,0.11004
-0.011555,0.047204,0.006972,0.006972,6.174,0.12046
-0.0016725,0.047901,0.008076,0.008076,6.1632,0.10163
0.0065176,0.048709,-0.021225,-0.021225,6.1552,0.086508
0.0065176,0.046586,0,-0.025276,6.1511,0.029056
0.00049919,0.044059,-0.018097,-0.018097,6.161,0.089326
-0.0016755,0.042249,-0.00827,-0.00827,6.1615,0.090074
0.0057481,0.041422,-0.0024576,-0.0024576,6.1647,0.073892
0.0002196,0.041176,0.0017371,0.0017371,6.1645,0.084961
0.0002196,0.04135,0,0.01189,6.1604,0.11185
0.014979,0.042539,0.016533,0.016533,6.1442,0.056949
0.017188,0.044192,-0.0056891,-0.0056891,6.1327,0.055795
0.017188,0.043623,0,-0.0095394,6.13,0.034176
0.017152,0.042669,-0.0098791,-0.0098791,6.1374,0.052609
0.0083357,0.041682,-0.020211,-0.020211,6.1326,0.068359
0.0067022,0.03966,-0.020474,-0.020474,6.1331,0.067564
0.005884,0.037613,-0.0026623,-0.0026623,6.1348,0.065646
-0.0028454,0.037347,0.0036651,0.0036651,6.1402,0.082996
-0.0028454,0.037713,0,0.064747,6.1362,0.2198
-0.0091195,0.044188,0.15884,0.15884,6.1481,0.10988
0.011538,0.060072,0.26142,0.26142,6.1342,0.10077
0.032095,0.086214,0.37283,0.37283,6.1306,0.11248
0.078373,0.1235,0.47892,0.47892,6.1237,0.093532
0.078373,0.17139,0,0.51842,6.1167,1.9952
0.17901,0.22323,0.53493,0.53493,6.1266,0.091633
0.22437,0.27672,0.58239,0.58239,6.1312,0.10867
0.27713,0.33496,0.75005,0.75005,6.1161,0.12011
0.35181,0.40997,1.1013,1.1013,6.1182,0.12066
0.4686,0.5201,1.5883,1.5883,6.1081,0.10657
0.62289,0.67893,2.1223,2.1223,6.1122,0.11591
0.83248,0.89116,2.6199,-0.0040572,6.1061,6.3792
1.099,0.89075,3.0135,2.7179,6.1062,0
1.099,1.1625,0,2.0764,6.1134,12.231
1.7373,1.3702,3.3785,2.3496,6.1517,0
2.0713,1.6051,3.4323,2.3046,6.1938,0
2.0713,1.8356,0,2.3065,6.2288,12.629
2.7625,2.0663,3.412,2.2942,6.3059,0
3.0989,2.2957,3.3015,2.2458,6.389,0
3.0989,2.5203,0,2.1826,6.4581,9.888
3.7421,2.7385,2.9863,2.142,6.5675,0
4.0407,2.9527,2.7936,2.0794,6.6813,0
4.3141,3.1606,2.5829,1.9976,6.7957,0
4.5812,3.3604,2.353,1.9386,6.9166,0
4.5812,3.5543,0,1.8455,7.029,5.3181
5.0209,3.7388,1.7498,1.7557,7.1543,0
5.1867,3.9144,1.4048,1.6401,7.2858,0
5.328,4.0784,1.1762,1.5274,7.4125,0
5.4546,4.2312,1.0111,1.4277,7.5385,0
5.5654,4.3739,0.92032,1.335,7.6647,0
5.5654,4.5074,0,1.2407,7.7772,1.5845
5.5654,4.6315,0,1.1807,7.8768,1.7143
5.5654,4.7496,0,1.1358,7.9643,1.9
5.9745,4.8631,1.1187,1.0989,8.1266,0
5.9745,4.973,0,1.0656,8.2322,0.93352
6.1993,5.0796,1.1598,1.0544,8.3472,0
6.3195,5.185,1.1914,1.0438,8.4526,0
6.3195,5.2894,0,1.0413,8.5608,0.73255
6.5684,5.3935,1.2548,1.0366,8.6828,0
6.699,5.4972,1.183,1.0403,8.8077,0
6.8143,5.6012,0.93988,1.0304,8.9309,0
6.9007,5.7043,0.68856,0.99719,9.0477,0
6.9007,5.804,0,0.94877,9.1624,0.1419
7.0117,5.8989,0.18158,0.89678,9.2767,0
7.0278,5.9885,0.0074496,0.82437,9.3761,0
7.0206,6.071,0.023048,0.74376,9.4827,0
7.0301,6.1454,0.11512,0.68417,9.5645,0
7.0301,6.2138,0,0.63695,9.6495,0
7.0597,6.2775,-0.0057143,0.593,9.7342,0
7.0683,6.3368,-0.073179,0.54959,9.8067,0
7.0683,6.3917,0,0.50505,9.8771,0
7.0622,6.4422,-0.22926,0.45826,9.9321,0.54894
7.0622,6.4881,0,0.39964,9.9918,0
6.9977,6.528,-0.6673,0.34278,10.038,2.8414
6.9266,6.5623,-1.0562,0.26438,10.072,5.9304
6.9266,6.5887,0,0.17329,10.107,0
6.9266,6.6061,0,0.05004,10.14,0
6.5013,6.6111,-2.0987,-0.028743,10.117,21.871
6.5013,6.6082,0,-0.083502,10.106,0.04624
6.0578,6.5998,-2.5173,-0.14298,10.059,34.971
5.8125,6.5855,-2.663,-0.2054,10.001,40.829
5.5503,6.565,-2.7202,-0.27304,9.9036,12.832
5.269,6.5377,-2.7886,-0.34607,9.7953,12.966
4.9897,6.5031,-2.8177,-0.42012,9.6582,13.038
4.7152,6.4611,-2.7094,-0.49474,9.4981,12.929
4.4442,6.4116,-2.535,-0.57149,9.3098,12.703
4.1891,6.3545,-2.6206,-0.64611,9.1058,12.719
3.9308,6.2898,-2.6731,-0.7246,8.8877,12.679
3.6675,6.2174,-2.5873,-0.80925,8.6474,12.428
3.6675,6.1365,0,-0.89799,8.3965,3.3964
3.6675,6.0467,0,-0.99547,8.1541,2.8518
2.8725,5.9471,-2.7337,-8.8,7.8001,0
2.8725,5.0671,0,-8.8,7.5366,0
2.3251,4.1871,-2.7382,-0.50816,7.3154,10.163
2.0608,4.1363,-2.7658,-0.58533,7.1141,10.282
1.7745,4.0778,-2.8322,-8.8,6.9046,0
1.4984,3.1978,-3.029,-0.40023,6.7049,9.9149
1.1953,3.1577,-3.2913,-8.8,6.5302,0
1.1953,2.2777,0,-0.24975,6.3779,1.8785
