11.389,11.389,-1.7439,0,35.5,14.446
11.213,11.389,-1.375,-0.010431,35.484,9.9524
11.066,11.388,-1.501,-0.019147,35.453,12.448
10.917,11.386,-1.4232,-0.027939,35.418,12.134
10.917,11.383,0,-0.036448,35.372,0.96752
10.617,11.379,-1.4137,-0.04568,35.294,13.581
10.476,11.375,-1.393,-0.054023,35.215,14.021
10.476,11.37,0,-0.062158,35.126,2.0282
10.476,11.363,0,-0.070064,35.037,1.9807
10.083,11.356,-1.0892,-0.077536,34.882,11.922
9.9746,11.349,-1.0848,-0.084124,34.757,12.369
9.9746,11.34,0,-0.090226,34.62,3.3542
9.7624,11.331,-1.0531,-0.097259,34.46,12.945
9.7624,11.321,0,-0.10404,34.304,3.9303
9.5541,11.311,-1.0357,-0.1104,34.141,13.661
9.4458,11.3,-1.0138,-0.11739,33.964,13.868
9.3516,11.288,-1.0895,-0.12358,33.778,15.262
9.2507,11.276,-1.1291,-0.13039,33.573,16.252
9.2507,11.263,0,-0.13861,33.371,5.352
9.0121,11.249,-1.2516,-0.14683,33.13,19.153
9.0121,11.234,0,-0.15598,32.907,6.0407
8.7408,11.219,-1.3885,-0.16612,32.65,22.687
8.6093,11.202,-1.5117,-0.17573,32.404,25.521
8.4507,11.184,-1.5567,-0.18745,32.144,27.186
8.2943,11.166,-1.6993,-0.19933,31.87,30.847
8.1312,11.146,-1.7077,-0.21215,31.569,31.879
7.9528,11.125,-1.8074,-0.22636,31.264,35.001
7.7794,11.102,-1.7779,-0.24082,30.931,35.249
7.7794,11.078,0,-0.25613,30.6,9.8079
7.7794,11.052,0,-0.27256,30.272,9.5856
7.234,11.025,-1.8162,-0.28893,29.867,38.912
7.0532,10.996,-1.818,-0.30623,29.476,39.842
6.8805,10.965,-1.8668,-0.32347,29.079,41.82
6.8805,10.933,0,-0.34263,28.673,12.587
6.5037,10.899,-1.8551,-0.36328,28.22,43.312
6.3107,10.863,-1.9486,-0.38473,27.78,46.509
6.1091,10.824,-1.9355,-0.40799,27.324,47.093
6.1091,10.783,0,-0.43281,26.855,14.853
5.7249,10.74,-1.9279,-0.45718,26.34,48.497
5.7249,10.694,0,-0.48284,25.84,15.901
5.7249,10.646,0,-0.51021,25.346,15.446
5.7249,10.595,0,-0.53722,24.856,14.984
5.0137,10.541,-1.5743,-0.56687,24.227,42.516
4.8577,10.485,-1.455,-0.59616,23.67,40.316
4.8577,10.425,0,-0.6263,23.11,17.723
4.8577,10.362,0,-0.65845,22.557,17.143
4.8577,10.296,0,-0.69108,22.01,16.55
4.2946,10.227,-1.162,-0.72612,21.339,35.151
4.1771,10.155,-1.0998,-0.7608,20.742,33.931
4.1771,10.079,0,-0.79626,20.148,18.009
3.9654,9.999,-0.8786,-0.83366,19.536,29.762
3.9654,9.9157,0,-0.87028,18.937,17.645
3.7944,9.8286,-0.76338,-0.90926,18.329,27.189
3.718,9.7377,-0.75407,-0.94851,17.731,26.554
3.6393,9.6429,-0.73514,-0.99049,17.133,25.749
3.5728,9.5438,-0.75017,-1.0322,16.543,25.341
3.507,9.4406,-0.73957,-1.0771,15.947,24.509
3.507,9.3329,0,-1.1267,15.359,15.013
3.3501,9.2202,-0.69041,-1.1785,14.772,22.454
3.2748,9.1024,-0.68476,-1.2341,14.181,21.593
3.2748,8.979,0,-1.2918,13.605,13.234
3.1273,8.8498,-0.74211,-1.3506,13.037,20.611
3.0615,8.7147,-0.79965,-1.4127,12.468,20.36
2.9796,8.5734,-0.90632,-1.4812,11.91,20.755
2.8858,8.4253,-1.0194,-1.5561,11.36,21.235
2.7814,8.2697,-1.1494,-1.6391,10.814,21.939
2.7814,8.1058,0,-1.7308,10.273,8.8761
2.7814,7.9327,0,-1.833,9.7494,7.726
2.4212,7.7494,-1.1917,-1.9427,9.1829,12.937
2.2994,7.5552,-1.2489,-5.2,8.6548,2.4721
2.1722,7.0352,-1.2633,-5.2,8.1465,1.6973
2.046,6.5152,-1.3717,-5.2,7.6879,1.1177
1.9064,5.9952,-1.3887,-8.8,7.2533,0
1.764,5.1152,-1.3668,-8.8,6.8807,0
1.6311,4.2352,-1.255,-8.8,6.591,0
1.503,3.3552,-1.1624,-8.8,6.3665,0
1.3934,2.4752,-1.049,-8.8,6.2108,0
1.3934,1.5952,0,-0.038338,6.1466,0.34203
1.1975,1.5913,-0.81715,-0.050844,6.1126,3.1439
1.1975,1.5862,0,-0.060409,6.0735,0.71087
1.0529,1.5802,-0.70741,-0.069338,6.0172,3.1383
0.97389,1.5733,-0.67954,-0.079844,5.9531,3.1878
0.97389,1.5653,0,-0.087786,5.8936,1.1252
0.8541,1.5565,-0.74989,-0.095731,5.8303,3.4459
0.77497,1.5469,-0.79862,-8.8,5.7579,0
0.6967,0.66693,-0.86878,-0.86878,5.7124,0
0.61062,0.58005,-0.93602,-0.93602,5.7196,0
0.51641,0.48645,-0.99644,-0.99644,5.716,0
0.41344,0.3868,-1.0181,-1.0181,5.7179,0
0.31172,0.28499,-1.0326,-1.0326,5.7156,0
0.31172,0.18173,0,-1.0073,5.7235,0
0.11356,0.080998,-0.94199,-0.94199,5.7121,0
0.011914,0,-0.82379,-0.82379,5.7074,0
-0.078359,0,-0.65371,-0.65371,5.7077,0.16064
-0.13689,0,-0.42146,-0.42146,5.6924,0.28062
-0.16949,0,-0.18647,-0.18647,5.686,0.34745
-0.18652,0,0.01635,0.01635,5.6672,0.38236
-0.1765,0.001635,0.1641,0.1641,5.6501,0.36518
-0.1765,0.018045,0,0.25181,5.6314,0.92794
-0.15088,0.043226,0.2557,0.2557,5.6135,0.39792
-0.13494,0.068796,0.22578,0.22578,5.6001,0.41766
-0.11137,0.091374,0.15593,0.15593,5.5795,0.41563
-0.094174,0.10697,0.090454,0.090454,5.5598,0.41234
-0.092209,0.11601,0.023422,0.023422,5.5387,0.42685
-0.094157,0.11835,-0.014808,-0.014808,5.5266,0.43565
-0.094157,0.11687,0,-0.029295,5.5055,0.37106
-0.10383,0.11394,-0.029192,-0.029192,5.4894,0.44643
-0.10383,0.11102,0,-0.011236,5.4678,0.41683
-0.1106,0.1099,-0.014764,-0.014764,5.4283,0.45203
-0.11083,0.10842,0.0064526,0.0064526,5.4102,0.44948
-0.11911,0.10907,-0.0062,-0.0062,5.3959,0.46776
-0.11084,0.10845,-8.4053e-05,-8.4053e-05,5.3664,0.44954
-0.10848,0.10844,-0.0027509,-0.0027509,5.3375,0.44469
-0.10848,0.10817,0,0.018114,5.3158,0.48218
-0.10848,0.10998,0,0.0091765,5.294,0.46712
-0.10065,0.1109,0.022477,0.022477,5.2747,0.43366
-0.096953,0.11314,0.022076,0.022076,5.2465,0.4307
-0.1001,0.11535,0.011118,0.011118,5.2191,0.44167
-0.1001,0.11646,0,0.0094715,5.1975,0.46386
-0.1001,0.11741,0,0.0030427,5.1758,0.45229
-0.095399,0.11771,0.001916,0.001916,5.1551,0.43688
-0.10243,0.11791,-0.0075559,-0.0075559,5.1329,0.45169
-0.10932,0.11715,-0.0031681,-0.0031681,5.1061,0.46427
-0.10932,0.11683,0,-0.012645,5.0835,0.43705
-0.10932,0.11557,0,-8.8,5.0609,0
-0.11412,0,-0.009393,-0.009393,5.0811,0.23394
-0.11412,0,0,0.003457,5.0698,0.24121
-0.1206,0.0003457,0.0082561,0.0082561,5.0665,0.24793
-0.11728,0.0011713,0.016978,0.016978,5.0642,0.24282
-0.11292,0.0028691,0.010957,0.010957,5.0473,0.23736
-0.11292,0.0039648,0,0.020235,5.0356,0.28213
-0.11018,0.0059883,0.018765,0.018765,5.0238,0.23814
-0.11018,0.0078647,0,0.019979,5.0121,0.28397
-0.10563,0.0098626,0.022647,0.022647,5.0134,0.23675
-0.095105,0.012127,0.022196,0.022196,5.0115,0.21983
-0.095105,0.014347,0,-8.8,5.0007,0
-0.089,0,0.021308,0.021308,5.0204,0.18245
-0.094037,0.0021308,0.015493,0.015493,5.0089,0.19714
-0.097557,0.0036801,0.003764,-8.8,4.9977,0
-0.092117,0,0.0062402,0.0062402,5.038,0.18884
-0.092117,0.00062402,0,-0.0037349,5.0288,0.18227
-0.10561,0.00025053,-0.0033896,-0.0033896,5.0308,0.21702
-0.1118,0,-0.0057782,-0.0057782,5.0249,0.22919
-0.11365,0,0.0030258,0.0030258,5.0044,0.23298
-0.10427,0.00030258,-0.0055255,-8.8,4.9979,0
-0.10937,0,0.0039168,0.0039168,5.0269,0.2242
-0.10937,0.00039168,0,0.00046183,5.0159,0.22597
-0.11899,0.00043787,0.002755,0.002755,5.0002,0.24483
-0.11306,0.00071337,-0.0022722,-8.8,4.9969,0
-0.11306,0,0,-0.0010951,5.0296,0.22947
-0.11233,0,-0.0021203,-0.0021203,5.0269,0.23029
-0.12229,0,-0.010481,-0.010481,5.0191,0.25069
-0.12229,0,0,-0.0096582,5.0069,0.23039
-0.12987,0,-0.0013076,-8.8,4.9888,0
-0.13051,0,0.00083542,0.00083542,5.0294,0.26754
-0.14032,8.3542e-05,0.0056178,0.0056178,5.0086,0.28782
-0.14205,0.00064532,0.015845,-8.8,4.9976,0
-0.14888,0,0.016969,0.016969,5.0268,0.30521
-0.15174,0.0016969,0.01598,0.01598,5.013,0.31455
-0.14984,0.0032949,0.012524,-8.8,4.9972,0
-0.15048,0,0.011543,0.011543,5.0174,0.30848
-0.15382,0.0011543,0.0075458,-8.8,4.9989,0
-0.15382,0,0,0.011488,5.0274,0.33947
-0.16301,0.0011488,0.0054711,0.0054711,5.0135,0.33653
-0.1592,0.0016959,0.0057451,-8.8,4.9935,0
-0.15129,0,0.0048444,0.0048444,5.0274,0.31014
-0.15324,0.00048444,0.011077,0.011077,5.0174,0.31513
-0.15897,0.0015922,0.0055569,-8.8,4.9938,0
-0.15744,0,0.0062158,0.0062158,5.0311,0.32274
-0.16473,0.00062158,0.013468,0.013468,5.0221,0.33897
-0.16473,0.0019684,0,0.01068,5.0055,0.36417
-0.15597,0.0030363,0.0071958,-8.8,4.9926,0
-0.15609,0,0.011293,0.011293,5.0232,0.31998
-0.15609,0.0011293,0,0.012265,5.0075,0.34807
-0.16021,0.0023558,0.011442,-8.8,4.9987,0
-0.15063,0,0.010721,0.010721,5.0208,0.30879
-0.15063,0.0010721,0,-8.8,5.0057,0
-0.15063,0,0,0.0070422,5.0345,0.32359
-0.13649,0.00070422,0.01039,0.01039,5.0068,0.28125
-0.14195,0.0017432,0.0089396,-8.8,4.9913,0
-0.14195,0,0,0.0043728,5.021,0.30018
-0.13667,0.00043728,0.010325,0.010325,5.0096,0.28108
-0.13667,0.0014698,0,-8.8,4.9958,0
-0.15168,0,0.0024261,0.0024261,5.0233,0.31094
-0.15168,0.00024261,0,0.0011717,5.0082,0.3139
-0.14571,0.00035978,0.0017793,-8.8,4.9884,0
-0.14758,0,-0.0027112,-0.0027112,5.0151,0.30254
-0.14758,0,0,-0.0017253,5.0004,0.29892
-0.13462,0,0.0061539,-8.8,4.9866,0
-0.12822,0,0.0048995,0.0048995,5.0081,0.26286
-0.12822,0.00048995,0,-8.8,4.9953,0
-0.12871,0,0.013014,0.013014,5.0272,0.26386
-0.13177,0.0013014,0.014501,0.014501,5.009,0.2728
-0.12632,0.0027515,0.0088956,0.0088956,5.0049,0.2646
-0.1287,0.0036411,0.015344,-8.8,4.9986,0
-0.1173,0,0.095218,0.095218,5.0273,0.24048
-0.11067,0.0095218,0.16269,0.16269,5.0097,0.2464
-0.10122,0.025791,0.2426,-8.8,4.9879,0
-0.080747,0,0.32005,0.32005,5.019,0.16553
-0.05402,0.032005,0.39237,-8.8,5.0107,0
-0.0091355,0,0.39244,0.39244,5.0462,0.018728
0.024612,0.039244,0.39852,0.39852,5.0501,0.030107
0.07263,0.079096,0.3939,0.3939,5.0547,0.013277
0.11565,0.11849,0.39311,0.39311,5.0615,0.0058119
0.15728,0.1578,0.39344,-8.8,5.0614,0
0.19894,0,0.38456,0.38456,5.0998,0
0.23168,0.038456,0.36744,0.36744,5.1105,0
0.25875,0.0752,0.36538,0.36538,5.12,0
0.28596,0.11174,0.36875,0.36875,5.147,0
0.31632,0.14861,0.38112,0.38112,5.1606,0
0.34768,0.18673,0.40238,0.40238,5.1716,0
0.38991,0.22696,0.43743,0.43743,5.188,0
0.43216,0.27071,0.46175,0.46175,5.2069,0
0.47775,0.31688,0.46348,0.46348,5.2207,0
0.52589,0.36323,0.45793,0.45793,5.2389,0
0.58055,0.40902,0.44714,0.44714,5.2641,0
0.58055,0.45374,0,0.43077,5.279,0.96308
0.67722,0.49681,0.43824,0.43824,5.3004,0
0.71245,0.54064,0.47422,0.47422,5.3205,0
0.76611,0.58806,0.49002,0.49002,5.329,0
0.81558,0.63706,0.48483,0.48483,5.3408,0
0.87289,0.68555,0.48338,0.48338,5.3682,0
0.9174,0.73388,0.45325,0.45325,5.3854,0
0.95285,0.77921,0.40658,0.40658,5.3947,0
0.98622,0.81987,0.36447,0.36447,5.4141,0
1.0145,0.85631,0.36716,0.36716,5.4304,0
1.0454,0.89303,0.37373,-8.8,5.4456,0
1.0454,0.01303,0,0.38518,5.5048,0
1.0454,0.051548,0,0.41184,5.6061,0
1.1476,0.092732,0.44667,0.44667,5.7146,0
1.1849,0.1374,0.45186,0.45186,5.8276,0
1.229,0.18258,0.44185,0.44185,5.9392,0
1.229,0.22677,0,0.42832,6.0416,0
1.229,0.2696,0,0.39429,6.1397,0
1.229,0.30903,0,0.36503,6.2336,0
1.3796,0.34553,0.34009,0.34009,6.3482,0
1.4195,0.37954,0.34188,0.34188,6.4467,0
1.4195,0.41373,0,0.3442,6.549,0
1.4848,0.44815,0.36591,0.36591,6.6725,0
1.5258,0.48474,0.39826,0.39826,6.7733,0
1.5597,0.52457,0.44846,0.44846,6.8719,0
1.595,0.56941,0.45178,0.45178,6.9824,0
1.6307,0.61459,0.43718,0.43718,7.0868,0
1.6822,0.65831,0.40427,0.40427,7.1904,0
1.7237,0.69874,0.38356,0.38356,7.2975,0
1.7539,0.73709,0.37487,0.37487,7.4081,0
1.7937,0.77458,0.38299,0.38299,7.5096,0
1.7937,0.81288,0,0.3737,7.6096,0
1.8669,0.85025,0.40442,0.40442,7.7043,0
1.8996,0.89069,0.39699,4.9,7.8064,27.675
1.9372,1.3807,0.37275,4.3843,7.8805,25.529
1.9372,1.8191,0,0.74027,7.9142,2.3389
2.0023,1.8931,0.35441,0.50951,7.9148,0.12476
2.0392,1.9441,0.3617,0.42554,7.9312,0
2.0392,1.9866,0,0.36167,7.9385,0.91767
2.1133,2.0228,0.41462,0.38035,7.9629,0
2.1517,2.0609,0.62989,0.37047,7.9745,0
2.2116,2.0979,0.97303,0.45055,7.9806,0
2.3105,2.143,1.3607,0.64192,8.0014,0
2.4508,2.2071,1.7971,0.8906,8.018,0
2.6374,2.2962,2.1008,1.17,8.0395,0
2.8435,2.4132,2.2233,1.364,8.0791,0
3.0645,2.5496,2.289,1.4952,8.1166,0
3.2986,2.6991,2.2495,1.5929,8.1751,0
3.5151,2.8584,2.107,1.5977,8.2462,0
3.7215,3.0182,2.0588,1.5755,8.3223,0
3.9295,3.1757,2.0486,1.5633,8.396,0
4.1357,3.3321,1.9814,1.5503,8.4706,0
4.1357,3.4871,0,1.5343,8.5432,4.8648
4.5336,3.6405,2.0795,1.5151,8.6573,0
4.5336,3.792,0,1.5272,8.739,4.4331
4.5336,3.9448,0,1.535,8.8055,5.1208
5.1694,4.0983,2.2951,1.54,8.9761,0
5.1694,4.2523,0,1.5763,9.0755,4.023
5.6254,4.4099,2.1146,1.5818,9.209,0
5.831,4.5681,2.0338,1.5681,9.333,0
6.0322,4.7249,1.9465,1.5539,9.4674,0
6.2254,4.8803,1.7426,1.5339,9.602,0
6.3931,5.0337,1.5661,1.4909,9.7396,0
6.5398,5.1828,1.3231,1.4344,9.87,0
6.6788,5.3262,0.95129,1.3826,10.005,0
6.6788,5.4645,0,1.2942,10.134,1.3102
6.8423,5.5939,0.41517,1.2039,10.275,0
6.8809,5.7143,0.28457,1.0971,10.395,0
6.8809,5.824,0,0.99269,10.507,0.43997
6.9197,5.9232,0.30608,0.89962,10.623,0
6.9531,6.0132,0.29082,0.83372,10.713,0
6.9799,6.0966,0.28278,0.772,10.812,0
7.0098,6.1738,0.27208,0.72045,10.896,0
7.0098,6.2458,0,0.67079,10.976,0.053915
7.0577,6.3129,0.2611,0.62685,11.063,0
7.0845,6.3756,0.24129,0.59024,11.135,0
7.1022,6.4346,0.20112,0.55043,11.206,0
7.1022,6.4897,0,0.51442,11.27,0
7.1293,6.5411,0.22679,0.47642,11.327,0
7.1567,6.5887,0.25016,0.45669,11.389,0
7.1567,6.6344,0,0.44334,11.443,0
7.2026,6.6787,0.14025,0.41549,11.503,0
7.2243,6.7203,0.078897,0.39702,11.55,0
7.2387,6.76,-0.06169,0.37502,11.605,0.03822
7.2268,6.7975,-0.13604,0.33432,11.648,0.27904
7.2101,6.8309,-0.066313,0.2939,11.695,0.05606
7.2057,6.8603,0.050311,0.2664,11.726,0
7.2043,6.887,0.20934,0.2437,11.75,0
7.2242,6.9113,0.36287,0.23919,11.772,0
7.2242,6.9353,0,0.25469,11.802,0
7.3069,6.9607,0.50234,0.26309,11.849,0
7.348,6.987,0.45241,0.27336,11.888,0
7.3992,7.0144,0.34972,0.29028,11.92,0
7.3992,7.0434,0,0.29287,11.957,0
7.4421,7.0727,-0.20224,0.27622,11.987,0.47496
7.421,7.1003,-0.5218,0.23895,12.03,1.9292
7.3634,7.1242,-0.74437,0.17766,12.062,3.2837
7.287,7.142,-0.91611,0.1074,12.074,4.5249
7.193,7.1527,-0.95474,0.029775,12.088,4.7652
7.0984,7.1557,-0.90423,-0.01218,12.079,4.4898
7.0162,7.1545,-0.67155,-0.029445,12.073,3.0468
7.0162,7.1515,0,-0.042304,12.059,0.18992
7.0162,7.1473,0,-0.054007,12.046,0.1555
6.8447,7.1419,-0.90636,-0.063647,12.019,5.2146
6.7453,7.1355,-1.7759,-0.083829,11.989,16.622
6.7453,7.1271,0,-0.11913,11.95,0.54367
6.3051,7.1152,-3.5753,-0.17607,11.881,14.706
5.9484,7.0976,-4.3465,-0.25261,11.781,15.903
5.5114,7.0724,-4.4631,-0.34871,11.64,16.399
5.0675,7.0375,-4.057,-0.44861,11.468,16.141
4.6631,6.9926,-3.6948,-0.54342,11.254,15.861
4.6631,6.9383,0,-0.63437,11.024,3.8483
3.9918,6.8748,-2.3991,-0.71543,10.721,14.417
3.7536,6.8033,-1.6811,-0.78434,10.419,24.606
3.7536,6.7249,0,-0.8402,10.118,5.1535
3.48,6.6408,-0.47018,-0.87718,9.7936,8.6775
3.48,6.5531,0,-0.90318,9.4819,5.1964
3.4136,6.4628,0.13287,-0.9146,9.1781,4.4762
3.4292,6.3714,0.18384,-0.91771,8.8798,3.9628
3.4499,6.2796,0.13878,-0.91616,8.5993,3.822
3.4617,6.188,0.09398,-0.91543,8.3309,3.7022
3.4617,6.0964,0,-0.91633,8.0629,3.7936
3.4667,6.0048,0.067218,-8.8,7.8147,0
3.4667,5.1248,0,-0.52366,7.6049,2.4918
3.486,5.0724,0.17572,-8.8,7.4564,0
3.5068,4.1924,0.23019,-0.186,7.3482,0.54683
3.5271,4.1738,0.26726,-0.17717,7.2829,0.43086
3.5566,4.1561,0.29631,-0.166,7.2163,0.32514
3.5838,4.1395,0.31761,-0.15493,7.1675,0.24113
3.6106,4.124,0.35017,-0.14423,7.1171,0.15233
3.6106,4.1096,0,-0.1298,7.0665,0.78197
3.6878,4.0966,0.36405,-8.8,7.0214,0
3.7168,3.2166,0.38056,0.86739,7.033,0.12169
3.7168,3.3034,0,0.76689,7.0787,1.4823
3.8012,3.38,0.19216,0.68148,7.141,0.3439
3.827,3.4482,0.15791,0.59649,7.1901,0.29061
3.8401,3.5078,0.36628,0.51015,7.217,0
3.8787,3.5589,0.69883,0.48131,7.2498,0
3.9499,3.607,1.0596,0.50692,7.2874,0
4.0552,3.6577,1.4167,0.57726,7.3332,0
4.2029,3.7154,1.812,0.69359,7.3803,0
4.3913,3.7848,1.9056,0.84272,7.4408,0
4.5724,3.869,1.9318,0.94953,7.507,0
4.5724,3.964,0,1.0584,7.5726,2.2345
4.5724,4.0698,0,1.1183,7.6282,2.9399
4.5724,4.1816,0,1.1729,7.6728,3.6752
5.3289,4.2989,1.7199,1.2172,7.8776,0
5.4989,4.4206,1.5822,1.2312,7.9867,0
5.4989,4.5438,0,1.2201,8.0884,1.8411
5.4989,4.6658,0,1.2019,8.1778,2.1816
5.9176,4.786,1.3249,1.1728,8.3137,0
6.0509,4.9032,1.2286,1.1555,8.4222,0
6.1652,5.0188,1.1294,1.123,8.5311,0
6.1652,5.1311,0,1.1053,8.6401,1.0092
6.1652,5.2416,0,1.0918,8.738,1.3125
6.5319,5.3508,1.3724,1.0771,8.8777,0
6.6745,5.4585,1.713,1.0851,8.9946,0
6.8413,5.567,1.967,1.1148,9.1262,0
7.0473,5.6785,2.1433,1.1732,9.2569,0
7.0473,5.7958,0,1.2234,9.3879,0.84263
7.4849,5.9182,2.4388,1.2895,9.5579,0.45371
7.725,6.0471,2.469,1.3519,9.7174,0.4066
7.962,6.1823,2.5765,1.4041,9.8932,0.68933
8.2274,6.3227,2.6075,1.4726,10.086,0.63932
8.2274,6.47,0,1.5347,10.269,0.63277
8.756,6.6234,2.619,1.5802,10.492,0.47039
9.0183,6.7815,2.5642,1.6228,10.71,0.19741
9.0183,6.9437,0,1.6609,10.925,0.16967
9.5174,7.1098,2.2926,1.6778,11.186,0
9.7446,7.2776,1.9075,1.6867,11.438,0
9.9377,7.4463,1.4508,1.6712,11.688,0
9.9377,7.6134,0,1.623,11.928,0
10.185,7.7757,0.61797,1.5609,12.193,0
10.243,7.9318,0.35776,1.4723,12.42,0
10.275,8.079,0.35296,1.3781,12.64,0
10.315,8.2168,0.40532,1.2992,12.854,0
10.363,8.3467,0.44085,1.2329,13.05,0
10.41,8.47,0.44045,1.1728,13.24,0
10.456,8.5873,0.45609,1.118,13.431,0
10.494,8.6991,0.39906,1.0637,13.611,0
10.538,8.8055,0.3463,1.0178,13.789,0
10.568,8.9073,0.62629,0.96734,13.956,0
10.627,9.004,0.92716,0.93815,14.123,0
10.627,9.0978,0,0.9278,14.281,0
10.627,9.1906,0,0.93149,14.429,0
10.966,9.2837,1.6448,0.95213,14.605,0
11.139,9.379,1.59,0.98974,14.777,0
11.139,9.4779,0,1.0147,14.948,0
11.449,9.5794,1.4785,1.0367,15.14,0
11.593,9.6831,1.475,1.0521,15.334,0
11.742,9.7883,1.4896,1.069,15.529,0
11.889,9.8952,1.4965,1.0832,15.722,0
12.033,10.003,1.474,1.095,15.922,0
12.174,10.113,1.4688,1.1047,16.134,0
12.312,10.223,1.4662,1.1116,16.34,0
12.451,10.335,1.4071,1.1198,16.558,0
12.592,10.447,1.2964,1.1276,16.772,0
12.715,10.559,1.1805,1.1257,16.989,0
12.825,10.672,1.0601,1.1173,17.207,0
12.922,10.784,0.90856,1.1026,17.424,0
13.013,10.894,0.75914,1.086,17.641,0
13.08,11.003,0.67477,1.0587,17.854,0
13.08,11.108,0,1.033,18.056,0
13.08,11.212,0,1.0106,18.248,0
13.08,11.313,0,0.98165,18.43,0
13.323,11.411,0.46057,0.95361,18.663,0
13.367,11.506,0.45204,0.92365,18.859,0
13.407,11.599,0.44384,0.89355,19.04,0
13.459,11.688,0.43373,0.87101,19.221,0
13.508,11.775,0.44543,0.84882,19.399,0
13.555,11.86,0.48916,0.82668,19.563,0
13.609,11.943,0.46068,0.80935,19.737,0
13.66,12.024,0.4692,0.792,19.906,0
13.707,12.103,0.48436,0.77345,20.058,0
13.758,12.18,0.45792,0.75781,20.211,0
13.804,12.256,0.44512,0.74049,20.362,0
13.848,12.33,0.49525,0.72359,20.506,0
13.891,12.402,0.51877,0.70743,20.66,0
13.933,12.473,0.56844,0.69134,20.8,0
13.991,12.542,0.64191,0.68396,20.951,0
14.065,12.611,0.68745,0.68447,21.094,0
14.065,12.679,0,0.67799,21.236,0
14.193,12.747,0.77994,0.67672,21.378,0
14.272,12.815,0.81408,0.67982,21.522,0
14.349,12.883,0.85128,0.68216,21.659,0
14.434,12.951,0.89325,0.68788,21.804,0
14.524,13.02,0.95856,0.69532,21.945,0
14.621,13.089,0.91901,0.70616,22.096,0
