26.667,26.667,0.5045,0,35.5,0
26.721,26.667,0.48657,0.011737,35.497,0
26.772,26.668,0.50121,0.022297,35.498,0
26.772,26.67,0,0.034377,35.508,0
26.889,26.674,0.49833,0.046265,35.533,0
26.934,26.678,0.50332,0.054795,35.549,0
26.934,26.684,0,0.062613,35.574,0
26.934,26.69,0,0.070766,35.599,0
27.063,26.697,0.47796,0.078424,35.637,0
27.11,26.705,0.46035,0.086837,35.667,0
27.164,26.713,0.45891,0.096625,35.714,0
27.21,26.723,0.44657,0.10459,35.77,0
27.256,26.734,0.45956,0.11239,35.816,0
27.3,26.745,0.47135,0.11938,35.872,0
27.343,26.757,0.45765,0.1262,35.936,0
27.343,26.769,0,0.13399,35.994,0
27.434,26.783,0.40753,0.14039,36.067,0
27.434,26.797,0,0.14537,36.131,0
27.515,26.811,0.37223,0.15208,36.204,0
27.515,26.827,0,0.15662,36.274,0
27.582,26.842,0.4074,0.15995,36.351,0
27.582,26.858,0,0.16652,36.424,0
27.668,26.875,0.43409,0.17182,36.502,0
27.668,26.892,0,0.17633,36.58,0
27.668,26.91,0,0.18152,36.657,0
27.8,26.928,0.43467,0.1895,36.753,0
27.835,26.947,0.39343,0.19328,36.851,0
27.835,26.966,0,0.19755,36.938,0
27.918,26.986,0.3612,0.20318,37.032,0
27.948,27.006,0.33965,0.20547,37.122,0
27.948,27.027,0,0.20961,37.215,0
28.027,27.048,0.36469,0.21406,37.299,0
28.058,27.069,0.3715,0.21633,37.395,0
28.058,27.091,0,0.21849,37.492,0
28.121,27.113,0.32153,0.2212,37.604,0
28.121,27.135,0,0.22224,37.703,0
28.178,27.157,0.33052,0.22441,37.799,0
28.215,27.179,0.34566,0.22777,37.903,0
28.249,27.202,0.40078,0.23035,38.004,0
28.282,27.225,0.43808,0.23287,38.113,0
28.317,27.248,0.44874,0.23578,38.213,0
28.354,27.272,0.46449,0.23886,38.322,0
28.404,27.296,0.46215,0.24484,38.427,0
28.404,27.32,0,0.2483,38.537,0
28.493,27.345,0.4479,0.25419,38.651,0
28.493,27.371,0,0.25976,38.764,0
28.594,27.397,0.41617,0.26574,38.879,0
28.594,27.423,0,0.26845,38.998,0
28.664,27.45,0.3897,0.27002,39.125,0
28.664,27.477,0,0.2729,39.245,0
28.75,27.504,0.40607,0.27778,39.37,0
28.782,27.532,0.41113,0.27891,39.49,0
28.813,27.56,0.43916,0.28003,39.606,0
28.813,27.588,0,0.28556,39.73,0
28.903,27.617,0.45644,0.28827,39.869,0
28.903,27.645,0,0.29226,39.996,0
28.903,27.675,0,0.29565,40.121,0
28.903,27.704,0,0.29967,40.242,0
29.088,27.734,0.38888,0.3048,40.411,0
29.123,27.765,0.43454,0.30603,40.541,0
29.158,27.795,0.45423,0.30749,40.678,0
29.158,27.826,0,0.30897,40.813,0
29.24,27.857,0.48332,0.3127,40.953,0
29.24,27.888,0,0.31879,41.089,0
29.349,27.92,0.44442,0.32377,41.232,0
29.388,27.952,0.42539,0.32572,41.378,0
29.388,27.985,0,0.32789,41.52,0
29.474,28.018,0.41178,0.33104,41.655,0
29.474,28.051,0,0.33218,41.799,0
29.551,28.084,0.43055,0.33417,41.945,0
29.585,28.118,0.42746,0.3349,42.096,0
29.585,28.151,0,0.33725,42.241,0
29.585,28.185,0,0.34139,42.383,0
29.72,28.219,0.41314,0.34358,42.527,0
29.764,28.253,0.41608,0.3461,42.673,0
29.796,28.288,0.4252,0.34577,42.817,0
29.841,28.322,0.35681,0.34846,42.96,0
29.876,28.357,0.33966,0.34903,43.115,0
29.909,28.392,0.33338,0.34884,43.259,0
29.945,28.427,0.2948,0.34936,43.41,0
29.979,28.462,0.24686,0.34959,43.56,0
30.007,28.497,0.24854,0.34836,43.711,0
30.007,28.532,0,0.34673,43.86,0
30.053,28.566,0.21944,0.34348,43.992,0
30.053,28.601,0,0.34221,44.139,0
30.094,28.635,0.21582,0.33798,44.304,0
30.112,28.669,0.21601,0.33455,44.447,0
30.126,28.702,0.21661,0.33026,44.592,0
30.126,28.735,0,0.32611,44.732,0
30.126,28.768,0,0.32615,44.87,0
30.191,28.801,0.2286,0.32348,45.014,0
30.221,28.833,0.22835,0.32323,45.161,0
30.237,28.865,0.21493,0.31968,45.292,0
30.268,28.897,0.18131,0.31979,45.425,0
30.281,28.929,0.14728,0.31572,45.571,0
30.287,28.961,0.10368,0.30989,45.704,0
30.296,28.992,0.07889,0.30499,45.842,0
30.296,29.022,0,0.30024,45.971,0
30.312,29.052,0.094641,0.29502,46.113,0
30.312,29.082,0,0.28854,46.237,0
30.321,29.111,0.037138,0.284,46.364,0
30.321,29.139,0,0.27819,46.483,0
30.334,29.167,-0.010112,0.2741,46.587,0
30.336,29.194,0.0086528,0.26848,46.71,0
30.346,29.221,0.044673,0.26455,46.815,0
30.354,29.248,0.05515,0.26038,46.923,0
30.351,29.274,0.035606,0.25373,47.039,0
30.364,29.299,0.038315,0.25093,47.146,0
30.363,29.324,0.0028831,0.24487,47.254,0
30.369,29.349,0.012111,0.24066,47.348,0
30.376,29.373,0.033398,0.23676,47.453,0
30.376,29.396,0,0.23037,47.552,0
30.371,29.419,0.068525,0.22474,47.646,0
30.377,29.442,0.039486,0.22097,47.746,0
30.39,29.464,-0.03003,0.21889,47.833,0
30.39,29.486,0,0.21187,47.924,0
30.39,29.507,0,0.20712,48.014,0
30.39,29.528,0,0.20087,48.101,0
30.352,29.548,-0.22007,0.19045,48.173,0
30.352,29.567,0,0.17876,48.253,0
30.298,29.585,-0.20744,0.16916,48.331,0
30.271,29.602,-0.20338,0.1586,48.394,0
30.241,29.617,-0.2162,0.14774,48.453,0
30.222,29.632,-0.26293,0.13984,48.514,0
30.202,29.646,-0.33324,0.13179,48.577,0
30.164,29.659,-0.35032,0.11984,48.625,0.090297
30.164,29.671,0,0.10905,48.675,0
30.091,29.682,-0.38428,0.097,48.728,0.3926
30.049,29.692,-0.36938,0.08477,48.767,0.43706
30.049,29.7,0,0.075663,48.803,0
30.049,29.708,0,0.064961,48.837,0
29.942,29.715,-0.38627,0.053929,48.851,0.75531
29.904,29.72,-0.40324,0.043763,48.869,0.90936
29.904,29.724,0,0.033638,48.887,0
29.832,29.728,-0.44398,0.024706,48.883,1.2492
29.778,29.73,-0.4569,0.011298,48.892,1.4273
29.724,29.731,-0.45034,-0.0007262,48.898,1.5185
29.676,29.731,-0.42952,-0.0054386,48.892,1.5529
29.676,29.731,0,-0.0089739,48.887,0.093811
29.676,29.73,0,-0.012939,48.881,0.0833
29.555,29.728,-0.38827,-0.017177,48.856,1.6873
29.508,29.727,-0.4055,-0.021608,48.834,1.8922
29.508,29.725,0,-0.025958,48.812,0.40488
29.408,29.722,-0.49468,-0.031113,48.781,2.6337
29.352,29.719,-0.50671,-0.036399,48.739,2.8636
29.352,29.715,0,-0.040914,48.703,0.70484
29.247,29.711,-0.52346,-0.046141,48.65,3.2657
29.191,29.707,-0.51283,-0.051303,48.605,3.3636
29.139,29.701,-0.50621,-0.0561,48.543,3.4729
29.094,29.696,-0.51141,-0.060065,48.488,3.6288
29.045,29.69,-0.51854,-0.064496,48.428,3.8132
29.045,29.683,0,-0.068747,48.364,1.3043
28.939,29.676,-0.55155,-0.07417,48.279,4.3375
28.879,29.669,-0.5943,-0.079644,48.207,4.8145
28.879,29.661,0,-0.085497,48.128,1.6323
28.879,29.653,0,-0.091112,48.051,1.5898
28.679,29.643,-0.68758,-0.098054,47.925,6.1503
28.608,29.634,-0.69299,-0.10461,47.822,6.4217
28.542,29.623,-0.73011,-0.11055,47.719,6.9423
28.473,29.612,-0.736,-0.11694,47.607,7.2173
28.406,29.6,-0.76757,-0.12308,47.485,7.7135
28.331,29.588,-0.83316,-0.13008,47.357,8.583
28.331,29.575,0,-0.13694,47.232,2.7692
28.173,29.561,-0.92386,-0.14483,47.102,10.054
28.081,29.547,-1.0048,-0.15353,46.961,11.285
27.982,29.532,-1.0234,-0.16312,46.807,11.871
27.887,29.515,-1.0494,-0.17221,46.655,12.532
27.781,29.498,-1.0933,-0.18254,46.495,13.481
27.669,29.48,-1.1366,-0.19364,46.311,14.473
27.548,29.46,-1.1781,-0.20557,46.133,15.506
27.439,29.44,-1.2243,-0.2165,45.93,16.572
27.308,29.418,-1.2657,-0.22981,45.73,17.705
27.177,29.395,-1.2665,-0.24332,45.512,18.241
27.177,29.371,0,-0.25619,45.292,5.3829
26.932,29.345,-1.2835,-0.26867,45.055,19.443
26.798,29.318,-1.2755,-0.28279,44.818,19.838
26.663,29.29,-1.2393,-0.29717,44.561,19.788
26.54,29.26,-1.2717,-0.31041,44.301,20.736
26.405,29.229,-1.2737,-0.3253,44.026,21.265
26.405,29.197,0,-0.34009,43.745,7.1722
26.405,29.163,0,-0.35432,43.468,6.9551
26.405,29.127,0,-0.36943,43.193,6.7301
26.405,29.09,0,-0.38322,42.923,6.5099
25.775,29.052,-1.2073,-0.39729,42.504,22.288
25.655,29.012,-1.2108,-0.41188,42.164,22.695
25.535,28.971,-1.186,-0.42643,41.832,22.642
25.535,28.929,0,-0.44088,41.49,8.9861
25.312,28.884,-1.0706,-0.4545,41.127,21.422
25.2,28.839,-1.0435,-0.46895,40.762,21.274
25.2,28.792,0,-0.48306,40.401,9.5457
25.2,28.744,0,-0.49776,40.044,9.2451
24.897,28.694,-0.90205,-0.50964,39.638,19.796
24.897,28.643,0,-0.52272,39.261,9.9393
24.897,28.591,0,-0.53498,38.889,9.6347
24.625,28.537,-0.8032,-0.5483,38.477,18.767
24.538,28.482,-0.74019,-0.5611,38.087,18.026
24.468,28.426,-0.63687,-0.57171,37.687,16.745
24.468,28.369,0,-0.58146,37.294,10.214
24.359,28.311,-0.45245,-0.58822,36.904,14.509
24.312,28.252,-0.39618,-0.59563,36.513,13.812
24.269,28.193,-0.37333,-0.60252,36.117,13.445
24.238,28.132,-0.33692,-0.60711,35.735,12.907
24.201,28.072,-0.31485,-0.61318,35.34,12.536
24.201,28.01,0,-0.61821,34.956,9.5768
24.14,27.949,-0.31367,-0.62254,34.576,12.155
24.14,27.886,0,-0.6285,34.198,9.2468
24.079,27.823,-0.35468,-0.63199,33.813,12.158
24.04,27.76,-0.3384,-0.63769,33.449,11.849
23.997,27.696,-0.34036,-0.64453,33.069,11.714
23.962,27.632,-0.33431,-0.64939,32.708,11.482
23.962,27.567,0,-0.65498,32.345,8.4999
23.9,27.502,-0.27616,-0.65792,31.984,10.594
23.877,27.436,-0.28888,-0.66044,31.631,10.49
23.849,27.37,-0.31832,-0.66404,31.271,10.54
23.811,27.303,-0.29575,-0.6692,30.922,10.182
23.811,27.236,0,-0.67293,30.576,7.6774
23.755,27.169,-0.17283,-0.67577,30.228,8.8266
23.74,27.102,-0.12011,-0.67607,29.884,8.2206
23.74,27.034,0,-0.67472,29.551,7.1613
23.736,26.966,0.030304,-0.6709,29.212,6.7575
23.733,26.899,0.013459,-0.6681,28.886,6.6372
23.729,26.833,0.051883,-0.66474,28.577,6.2021
23.729,26.766,0,-0.65807,28.27,6.2958
23.729,26.7,0,-0.65056,27.97,6.0972
23.765,26.635,0.038441,-0.64259,27.688,5.5686
23.773,26.571,0.086197,-0.63526,27.411,5.1117
23.791,26.507,0.091723,-0.62569,27.128,4.8593
23.807,26.445,0.087314,-0.61575,26.87,4.6717
23.812,26.383,0.12242,-0.60832,26.613,4.3324
23.832,26.322,0.14664,-0.59718,26.353,4.0248
23.845,26.263,0.13656,-0.58743,26.109,3.8905
23.845,26.204,0,-0.57604,25.87,4.3676
23.845,26.146,0,-0.56324,25.637,4.2395
23.905,26.09,0.3244,-0.55084,25.419,2.7183
23.905,26.035,0,-0.53411,25.203,3.8233
23.973,25.982,0.38001,-0.51844,24.994,2.2448
24.02,25.93,0.37736,-0.49837,24.792,2.0812
24.064,25.88,0.35421,-0.47874,24.612,1.9791
24.103,25.832,0.33627,-0.46034,24.433,1.8753
24.103,25.786,0,-0.44143,24.262,2.8581
24.185,25.742,0.33978,-0.42252,24.094,1.5892
24.217,25.7,0.31618,-0.40584,23.949,1.5229
24.217,25.659,0,-0.38767,23.803,2.3778
24.281,25.62,0.3838,-0.3729,23.654,1.1798
24.323,25.583,0.37806,-0.35333,23.523,1.0761
24.323,25.548,0,-0.33609,23.399,1.9661
24.323,25.514,0,-0.31646,23.278,1.9424
24.323,25.482,0,-0.29983,23.16,1.914
24.469,25.452,0.34652,-0.28344,23.057,0.74337
24.501,25.424,0.3744,-0.26772,22.954,0.62677
24.545,25.397,0.3857,-0.24826,22.875,0.52338
24.545,25.372,0,-0.22906,22.791,1.2878
24.62,25.35,0.36966,-0.21488,22.702,0.38803
24.62,25.328,0,-0.19784,22.63,1.0891
24.698,25.308,0.31458,-0.18133,22.555,0.30078
24.734,25.29,0.31152,-0.16573,22.504,0.2366
24.767,25.274,0.31647,-0.15126,22.461,0.16938
24.767,25.258,0,-0.13659,22.411,0.74591
24.767,25.245,0,-0.12287,22.363,0.75042
24.861,25.233,0.33825,-0.11168,22.343,0
24.888,25.221,0.31217,-0.10063,22.307,0
24.925,25.211,0.28749,-0.086605,22.274,0
24.95,25.203,0.3529,-0.076393,22.255,0
24.986,25.195,0.3544,-0.063271,22.226,0
24.986,25.189,0,-0.052448,22.206,0.31027
25.054,25.183,0.32353,-0.039412,22.196,0
25.089,25.179,0.3229,-0.02736,22.177,0
25.089,25.177,0,-0.018094,22.168,0.14243
25.145,25.175,0.26042,-0.0090588,22.156,0
25.161,25.174,0.21249,-0.0038702,22.146,0
25.161,25.174,0,0.00026324,22.145,0.025912
25.161,25.174,0,0.0038428,22.143,0.033633
25.161,25.174,0,0.0053674,22.142,0.037716
25.161,25.175,0,0.0060646,22.141,0.04034
25.161,25.175,0,0.0031456,22.139,0.035302
25.174,25.175,-0.13865,-0.00052747,22.145,0.34354
25.163,25.175,-0.17196,-0.0038893,22.144,0.45803
25.149,25.175,-0.2491,-0.0079298,22.15,0.72927
25.149,25.174,0,-0.016496,22.147,0.01715
25.095,25.173,-0.35698,-0.023531,22.136,1.2264
25.06,25.17,-0.46245,-0.033607,22.126,1.7594
25.007,25.167,-0.48545,-0.048853,22.111,1.9661
24.953,25.162,-0.53366,-0.063754,22.09,2.31
24.901,25.156,-0.61898,-0.077909,22.074,2.8879
24.838,25.148,-0.70872,-0.094973,22.039,3.572
24.761,25.138,-0.76133,-0.11598,22.012,4.0818
24.676,25.127,-0.85362,-0.13874,21.969,4.9387
24.584,25.113,-0.91274,-0.16333,21.918,5.6007
24.49,25.097,-0.97702,-0.1881,21.86,6.345
24.394,25.078,-1.026,-0.21315,21.788,6.9823
24.297,25.056,-1.0627,-0.23756,21.719,7.5173
24.191,25.033,-1.0483,-0.26474,21.639,7.564
24.095,25.006,-1.0519,-0.2885,21.541,7.7547
23.997,24.977,-1.0255,-0.31185,21.456,7.6451
23.894,24.946,-1.0217,-0.33713,21.349,7.7612
23.788,24.912,-1.0282,-0.36255,21.247,7.9787
23.69,24.876,-1.0921,-0.38527,21.127,8.7553
23.69,24.838,0,-0.41325,21.01,1.5356
23.69,24.796,0,-0.43987,20.898,1.3671
23.69,24.752,0,-0.46598,20.789,1.2044
23.69,24.706,0,-0.4909,20.685,1.0498
23.69,24.657,0,-0.51221,20.586,0.9086
23.043,24.605,-1.1235,-0.53643,20.284,9.7584
23.043,24.552,0,-0.55975,20.131,1.9911
22.783,24.496,-2.1691,-0.6007,19.969,27.923
22.566,24.436,-2.9882,-0.66343,19.799,56.175
22.566,24.369,0,-0.75393,19.616,2.1525
21.896,24.294,-4.4497,-0.87518,19.386,188.05
21.442,24.206,-4.7962,-1.0268,19.136,257.1
20.964,24.104,-4.9606,-1.19,18.851,300.14
20.964,23.985,0,-1.3639,18.543,3.3552
19.982,23.848,-4.9503,-1.5436,18.14,297.66
19.982,23.694,0,-1.7309,17.761,3.9885
18.992,23.521,-5.1267,-1.9261,17.3,370.73
18.482,23.328,-5.3484,-2.1389,16.826,509.62
17.945,23.114,-5.5273,-6.3458,16.324,0
17.945,22.48,0,-6.5716,15.838,600.9
17.945,21.823,0,-6.7325,15.418,0
16.221,21.149,-5.9656,-6.7862,14.801,1.495
16.221,20.471,0,-6.7172,14.342,2862.7
15.031,19.799,-5.8821,-6.7045,13.822,1.7407
15.031,19.129,0,-6.7622,13.379,0
13.838,18.452,-5.98,-6.8076,12.866,2.3869
13.236,17.772,-6.0701,-6.899,12.41,2.7305
12.621,17.082,-6.1822,-7.0144,11.959,8.0859
12.621,16.38,0,-7.1508,11.548,0
11.378,15.665,-6.3962,-7.2259,11.075,7.1135
10.733,14.943,-6.5305,-7.3623,10.652,6.8821
10.733,14.206,0,-7.3566,10.268,0
9.4196,13.471,-6.3768,-7.2117,9.829,6.5507
8.787,12.75,-6.0339,-6.8673,9.4213,6.3723
8.1757,12.063,-5.5379,-6.3751,9.0247,6.2097
7.613,11.425,-4.9524,-5.7942,8.6332,6.0467
7.613,10.846,0,-5.2,8.2809,136.54
7.613,10.326,0,-5.2,7.9836,155.78
6.3129,9.806,-3.0831,-5.2,7.5519,2.7127
6.3129,9.286,0,-5.2,7.2286,63.495
5.7549,8.766,-1.9326,-5.2,6.9111,21.77
5.7549,8.246,0,-5.2,6.636,42.94
5.7549,7.726,0,-5.2,6.4129,41.874
5.7549,7.206,0,-5.2,6.2418,40.808
5.7549,6.686,0,-5.2,6.1227,39.742
5.7549,6.166,0,-5.2,6.0556,38.676
5.7549,5.646,0,-8.8,6.0405,30.045
4.9574,4.766,-1.067,-8.8,5.7772,0
4.8459,3.886,-1.3805,-8.8,5.832,0
4.8459,3.006,0,-8.8,5.9719,5.8409
4.4994,2.126,-2.3427,4.9,6.1681,31.6
4.2598,2.616,-2.6841,3.685,6.3686,24.59
4.0012,2.9845,-2.965,1.8623,6.4993,14.764
3.7091,3.1707,-3.0971,-8.8,6.574,0
3.3903,2.2907,-2.9474,3.1969,6.6484,21.479
3.3903,2.6104,0,1.1483,6.7424,2.0915
3.3903,2.7252,0,0.21583,6.8147,0
2.5901,2.7468,-1.8856,-0.031011,6.7448,5.7455
2.4029,2.7437,-1.4335,-0.067685,6.726,5.2315
2.2594,2.7369,-1.0491,-0.095753,6.6755,7.128
2.2594,2.7274,0,-0.11605,6.6283,0.74636
2.0807,2.7158,-0.533,-0.12992,6.5617,3.4965
2.0264,2.7028,-0.33429,-0.13973,6.5027,2.499
2.0029,2.6888,-0.14447,-0.14334,6.4356,1.6877
2.0029,2.6745,0,-0.14722,6.3677,1.1463
2.0029,2.6597,0,-8.8,6.3013,0
2.0045,1.7797,0.2635,0.94606,6.2737,1.6505
2.0214,1.8744,0.31498,0.5697,6.2979,0.30652
2.0478,1.9313,0.31266,0.43032,6.3166,0.016668
2.0886,1.9744,0.26416,0.40791,6.3345,0.085221
2.0886,2.0151,0,0.33455,6.3439,0.76363
2.0886,2.0486,0,0.29789,6.3496,0.72814
2.1683,2.0784,0.3024,0.29618,6.3766,0
2.207,2.108,0.27371,0.31937,6.3932,0
2.2432,2.1399,0.27425,0.32495,6.399,0
2.2432,2.1724,0,0.30983,6.4077,0.68647
2.2937,2.2034,0.27085,0.27065,6.4013,0
2.3178,2.2305,0.26825,0.25676,6.4061,0
2.3377,2.2562,0.27793,0.23536,6.4088,0
2.3565,2.2797,0.28322,0.21838,6.4218,0
2.3899,2.3015,0.27201,0.24759,6.4368,0
2.4098,2.3263,0.27941,0.23034,6.4544,0
2.4286,2.3493,0.27812,0.21515,6.4537,0
2.4286,2.3708,0,0.24413,6.4605,0.5069
2.4286,2.3953,0,0.26357,6.4651,0.63184
2.5285,2.4216,0.26772,0.2771,6.4861,0
2.5285,2.4493,0,0.26402,6.4954,0.51453
2.5729,2.4757,0.26226,0.2434,6.5075,0
2.5936,2.5001,0.26784,0.23054,6.5096,0
2.5936,2.5231,0,0.23901,6.5178,0.45887
2.5936,2.547,0,0.22079,6.5236,0.46334
2.5936,2.5691,0,0.24353,6.5272,0.5903
2.6979,2.5935,0.26539,0.24352,6.5501,0
2.7286,2.6178,0.26205,0.25482,6.5629,0
2.7572,2.6433,0.29992,0.25823,6.5743,0
2.7913,2.6691,0.36061,0.27255,6.5773,0
2.8298,2.6964,0.41892,0.29326,6.5932,0
2.8796,2.7257,0.46553,0.33251,6.5983,0
2.9362,2.7589,0.52346,0.37592,6.6133,0
2.988,2.7965,0.5406,0.39828,6.6361,0
3.0369,2.8364,0.51645,0.40871,6.6595,0
3.0824,2.8772,0.4929,0.40957,6.6823,0
3.0824,2.9182,0,0.40333,6.7007,0.75701
3.1785,2.9585,0.44614,0.42078,6.7125,0
3.2277,3.0006,0.41681,0.42593,6.7433,0
3.2655,3.0432,0.41161,0.4084,6.7642,0
3.3075,3.084,0.40959,0.40258,6.7847,0
3.3501,3.1243,0.40367,0.39909,6.8026,0
3.3945,3.1642,0.40302,0.39978,6.8281,0
3.4277,3.2042,0.41229,0.38109,6.8519,0
3.4617,3.2423,0.4444,0.36744,6.8654,0
3.5105,3.279,0.51949,0.38154,6.8885,0
3.5105,3.3172,0,0.39812,6.9098,0.65871
3.6247,3.357,0.95572,0.42698,6.9367,0
3.7172,3.3997,1.2381,0.49704,6.957,0
3.8503,3.4494,1.5041,0.61547,6.993,0
3.8503,3.5109,0,0.72453,7.03,1.5303
4.1534,3.5834,1.7463,0.83232,7.1005,0
4.1534,3.6666,0,0.92737,7.1534,1.9968
4.1534,3.7594,0,1.0009,7.1974,2.7015
4.6503,3.8595,1.5192,1.0463,7.3059,0
4.6503,3.9641,0,1.0773,7.3798,2.0573
4.6503,4.0718,0,1.0774,7.443,2.4412
5.0844,4.1796,1.3295,1.082,7.5724,0
5.0844,4.2878,0,1.0656,7.6575,1.6159
5.3311,4.3943,1.3209,1.0528,7.7588,0
5.4572,4.4996,1.3175,1.0456,7.852,0
5.5816,4.6042,1.2441,1.039,7.9542,0
5.6989,4.7081,1.1265,1.0253,8.0477,0
5.8135,4.8106,0.96356,1.0113,8.1395,0
5.8135,4.9117,0,0.98719,8.2347,0.90167
5.9814,5.0104,0.49442,0.93521,8.3446,0
5.9814,5.104,0,0.87358,8.4371,0.49364
6.0567,5.1913,0.20052,0.80181,8.5388,0
6.0567,5.2715,0,0.72669,8.6213,0.19455
6.0884,5.3442,0.10694,0.66755,8.6936,0
6.0943,5.4109,0.1496,0.60448,8.7602,0
6.102,5.4714,0.21991,0.55097,8.8222,0
6.102,5.5265,0,0.52049,8.8825,0.051699
6.1627,5.5785,0.35566,0.50042,8.9475,0
6.1996,5.6286,0.40836,0.48507,9.0131,0
6.2393,5.6771,0.41676,0.47376,9.0775,0
6.2796,5.7244,0.37359,0.46423,9.1404,0
6.315,5.7709,0.29704,0.45099,9.1891,0
6.315,5.816,0,0.42729,9.2412,0
6.3619,5.8587,0.19932,0.41037,9.2813,0
6.3901,5.8997,0.16132,0.39674,9.3219,0
6.4002,5.9394,0.12775,0.37003,9.3604,0
6.404,5.9764,0.13299,0.34125,9.4041,0
6.404,6.0105,0,0.3212,9.4451,0
6.4311,6.0426,0.1731,0.30702,9.4974,0
6.4493,6.0733,0.17233,0.29542,9.5264,0
6.4493,6.1029,0,0.28655,9.5626,0
6.4865,6.1315,0.22569,0.2762,9.5913,0
6.5075,6.1592,0.21613,0.26986,9.6239,0
6.5075,6.1862,0,0.26443,9.6574,0
6.5515,6.2126,0.20502,0.26017,9.6833,0
6.5515,6.2386,0,0.25476,9.7159,0
6.5971,6.2641,0.18758,0.25373,9.7511,0
6.5971,6.2895,0,0.2543,9.7832,0
6.5971,6.3149,0,0.24374,9.8127,0
6.6469,6.3393,0.14938,0.23211,9.8614,0
6.6546,6.3625,0.13514,0.21979,9.8991,0
6.668,6.3845,0.17777,0.21273,9.9321,0
6.6924,6.4057,0.25391,0.21462,9.9675,0
6.7112,6.4272,0.31833,0.21211,10.005,0
6.7405,6.4484,0.50151,0.21755,10.036,0
