12.778,12.778,0.062055,0,35.5,0
12.79,12.778,0.25308,0.0086812,35.502,0
12.805,12.779,0.28748,0.019473,35.496,0
12.805,12.781,0,0.033049,35.498,0.019977
12.851,12.784,0.28105,0.049024,35.509,0
12.851,12.789,0,0.064191,35.516,0.010382
12.851,12.795,0,0.070842,35.522,0.039404
12.899,12.802,0.15632,0.07033,35.537,0
12.911,12.809,0.1954,0.07404,35.541,0
12.929,12.817,0.25664,0.081897,35.559,0
12.929,12.825,0,0.094574,35.57,0
12.986,12.834,0.22089,0.11051,35.589,0
13.01,12.845,0.15261,0.11998,35.605,0
13.02,12.857,0.046486,0.11794,35.621,0
13.02,12.869,0,0.10868,35.636,0
13.009,12.88,-0.15536,0.093389,35.66,0.34736
13.003,12.889,-0.21966,0.082205,35.666,0.55946
13.003,12.898,0,0.063701,35.677,0
12.959,12.904,-0.30999,0.04005,35.675,0.89815
12.959,12.908,0,0.0080317,35.681,0
12.897,12.909,-0.29535,-0.0007742,35.694,0.8809
12.863,12.909,-0.31411,-0.0030985,35.699,1.042
12.863,12.908,0,-0.004893,35.695,0.084185
12.812,12.908,-0.3066,-0.0064514,35.685,1.1434
12.778,12.907,-0.28404,-0.0086817,35.682,1.1415
12.746,12.906,-0.21174,-0.010787,35.675,0.95065
12.746,12.905,0,-0.012572,35.659,0.31
12.699,12.904,-0.025906,-0.013851,35.638,0.47728
12.699,12.903,0,-0.014084,35.617,0.40629
12.699,12.901,0,-0.013299,35.597,0.4051
12.716,12.9,0.076712,-0.012423,35.58,0.18915
12.727,12.899,0.10808,-0.011617,35.558,0.10335
12.734,12.898,0.13731,-0.011056,35.55,0.034332
12.734,12.896,0,-0.0096188,35.534,0.32412
12.734,12.896,0,-0.0085662,35.518,0.32456
12.797,12.895,0.27794,-0.0066215,35.518,0
12.833,12.894,0.29693,-0.0041133,35.519,0
12.833,12.894,0,-0.0016041,35.513,0.12207
12.9,12.893,0.30116,0.0044986,35.52,0
12.92,12.894,0.29734,0.0191,35.53,0
12.92,12.896,0,0.032807,35.532,0.019653
12.973,12.899,0.32769,0.053451,35.54,0
13.01,12.904,0.30885,0.076044,35.55,0
13.034,12.912,0.31825,0.087803,35.568,0
13.058,12.921,0.34303,0.098747,35.583,0
13.085,12.931,0.35505,0.11077,35.592,0
13.119,12.942,0.36811,0.12722,35.607,0
13.161,12.954,0.38048,0.14791,35.617,0
13.204,12.969,0.3695,0.16833,35.629,0
13.236,12.986,0.36313,0.17861,35.656,0
13.236,13.004,0,0.18862,35.68,0
13.305,13.023,0.3816,0.20086,35.718,0
13.344,13.043,0.41459,0.21391,35.754,0
13.387,13.064,0.44801,0.2291,35.787,0
13.429,13.087,0.45884,0.24198,35.821,0
13.48,13.111,0.46215,0.26072,35.862,0
13.535,13.137,0.44808,0.28033,35.896,0
13.535,13.166,0,0.29012,35.934,0
13.535,13.195,0,0.29753,35.969,0
13.535,13.224,0,0.30524,36.002,0.062408
13.688,13.255,0.32911,0.30271,36.078,0
13.688,13.285,0,0.31039,36.12,0
13.688,13.316,0,0.31091,36.158,0
13.796,13.347,0.35599,0.31072,36.204,0
13.825,13.378,0.34843,0.30857,36.251,0
13.859,13.409,0.36148,0.31,36.304,0
13.901,13.44,0.28822,0.31679,36.355,0
13.938,13.472,0.21702,0.31904,36.404,0
13.938,13.504,0,0.30644,36.449,0
13.975,13.534,0.17327,0.30028,36.493,0
13.985,13.564,0.1176,0.28607,36.539,0
13.985,13.593,0,0.2731,36.58,0
14.013,13.62,0.09633,0.26562,36.62,0
14.02,13.647,0.087596,0.25192,36.652,0
14.034,13.672,0.1156,0.24354,36.682,0
14.044,13.696,0.17019,0.23331,36.723,0
14.052,13.72,0.25008,0.22275,36.754,0
14.052,13.742,0,0.22575,36.786,0
14.052,13.765,0,0.22319,36.816,0
14.126,13.787,0.21284,0.22641,36.877,0
14.154,13.81,0.22939,0.22893,36.912,0
14.154,13.832,0,0.23126,36.946,0
14.154,13.856,0,0.22958,36.976,0
14.215,13.879,0.20551,0.22259,37.008,0
14.215,13.901,0,0.22584,37.041,0
14.258,13.923,0.0746,0.22048,37.081,0
14.268,13.945,0.17133,0.21197,37.121,0
14.284,13.967,0.2462,0.20838,37.151,0
14.284,13.987,0,0.20648,37.182,0
14.284,14.008,0,0.20719,37.21,0
14.284,14.029,0,0.20919,37.237,0
14.38,14.05,0.11554,0.21522,37.282,0
14.395,14.071,0.020286,0.21108,37.314,0
14.406,14.092,-0.025075,0.20396,37.349,0
14.406,14.113,0,0.19169,37.379,0
14.398,14.132,0.041769,0.17251,37.42,0
14.398,14.149,0,0.16865,37.446,0
14.43,14.166,0.21329,0.17085,37.472,0
14.45,14.183,0.25983,0.17256,37.498,0
14.485,14.2,0.2626,0.1832,37.533,0
14.512,14.219,0.29857,0.18855,37.554,0
14.547,14.238,0.31649,0.19856,37.58,0
14.577,14.257,0.37757,0.20526,37.604,0
14.622,14.278,0.39801,0.22,37.636,0
14.652,14.3,0.39751,0.22493,37.666,0
14.652,14.322,0,0.23936,37.7,0
14.732,14.346,0.31129,0.24551,37.728,0
14.732,14.371,0,0.25512,37.765,0
14.801,14.396,0.16502,0.25643,37.814,0
14.801,14.422,0,0.24679,37.853,0
14.824,14.447,0.24395,0.2385,37.906,0
14.842,14.471,0.29177,0.23419,37.946,0
14.842,14.494,0,0.24008,37.982,0
14.842,14.518,0,0.24724,38.016,0
14.948,14.543,0.24836,0.25445,38.073,0
14.983,14.568,0.2318,0.25971,38.116,0
15.011,14.594,0.23264,0.2607,38.164,0
15.041,14.62,0.2701,0.26244,38.197,0
15.041,14.646,0,0.26447,38.238,0
15.041,14.673,0,0.26351,38.276,0
15.124,14.699,0.30022,0.26319,38.334,0
15.155,14.726,0.26362,0.26545,38.372,0
15.155,14.752,0,0.26197,38.413,0
15.203,14.778,0.2508,0.26191,38.448,0
15.225,14.805,0.25299,0.2588,38.496,0
15.242,14.83,0.27111,0.25235,38.536,0
15.267,14.856,0.26844,0.25175,38.578,0
15.292,14.881,0.25424,0.2512,38.61,0
15.292,14.906,0,0.25444,38.65,0
15.292,14.931,0,0.24879,38.687,0
15.366,14.956,0.20592,0.24879,38.728,0
15.393,14.981,0.22306,0.24973,38.762,0
15.393,15.006,0,0.25257,38.802,0
15.446,15.031,0.17543,0.25042,38.839,0
15.472,15.056,0.15488,0.25079,38.872,0
15.472,15.082,0,0.24909,38.913,0
15.472,15.106,0,0.24474,38.95,0
15.528,15.131,0.072205,0.23843,38.984,0
15.528,15.155,0,0.22799,39.022,0
15.528,15.178,0,0.22193,39.058,0
15.546,15.2,0.012275,0.20686,39.089,0
15.546,15.22,0,0.19197,39.123,0
15.55,15.24,0.035502,0.18468,39.16,0
15.55,15.258,0,0.16997,39.19,0
15.552,15.275,0.052725,0.16432,39.202,0
15.549,15.292,0.070616,0.15273,39.232,0
15.554,15.307,0.084596,0.14652,39.262,0
15.561,15.321,0.10501,0.14178,39.277,0
15.577,15.336,0.10341,0.14242,39.292,0
15.591,15.35,0.098336,0.14222,39.313,0
15.591,15.364,0,0.13593,39.336,0
15.615,15.378,0.12927,0.13952,39.367,0
15.634,15.392,0.12609,0.14257,39.384,0
15.634,15.406,0,0.14107,39.408,0
15.649,15.42,0.070963,0.13462,39.437,0
15.649,15.433,0.083266,0.12636,39.453,0
15.649,15.446,0,0.1207,39.473,0
15.66,15.458,0.055155,0.11804,39.49,0
15.665,15.47,0.081203,0.1142,39.51,0
15.664,15.481,0.092775,0.10664,39.522,0
15.664,15.492,0,0.10733,39.54,0
15.674,15.503,-0.01656,0.099916,39.563,0
15.674,15.513,0,0.091156,39.58,0
15.668,15.522,-0.16826,0.085048,39.584,0.31862
15.644,15.53,-0.23527,0.06642,39.601,0.55833
15.618,15.537,-0.27874,0.047245,39.614,0.73473
15.583,15.542,-0.36897,0.023894,39.617,1.1138
15.542,15.544,-0.41167,-0.00011891,39.626,1.3279
15.542,15.544,0,-0.0030776,39.626,0
15.449,15.544,-0.46745,-0.006565,39.613,1.8583
15.394,15.543,-0.45302,-0.010314,39.605,1.948
15.344,15.542,-0.39521,-0.013736,39.593,1.8122
15.344,15.541,0,-0.016128,39.573,0.38506
15.271,15.539,-0.26938,-0.018649,39.558,1.4521
15.246,15.537,-0.20567,-0.020241,39.529,1.2588
15.217,15.535,-0.1709,-0.022121,39.495,1.1966
15.217,15.533,0,-0.022789,39.463,0.64119
15.217,15.531,0,-0.024242,39.432,0.63186
15.163,15.528,-0.098224,-0.025527,39.399,1.058
15.161,15.526,-0.044779,-0.02554,39.358,0.88445
15.152,15.523,-0.0094867,-0.026025,39.313,0.79267
15.154,15.521,-0.018919,-0.025744,39.28,0.81032
15.157,15.518,0.031381,-0.025387,39.24,0.65598
15.157,15.516,0,-0.025598,39.204,0.7361
15.15,15.513,0.05365,-0.025588,39.165,0.60106
15.15,15.51,0,-0.024452,39.129,0.7437
15.172,15.508,0.068229,-0.02378,39.081,0.5088
15.18,15.506,0.051244,-0.023021,39.042,0.52778
15.18,15.503,0,-0.022921,39.009,0.65801
15.193,15.501,0.054982,-0.021854,38.974,0.48278
15.195,15.499,0.055007,-0.021584,38.937,0.47398
15.208,15.497,0.083245,-0.020512,38.899,0.37597
15.208,15.495,0.063048,-0.020457,38.866,0.42069
15.209,15.493,0.019202,-0.020241,38.844,0.52282
15.214,15.491,-0.0030386,-0.019735,38.825,0.56603
15.214,15.489,0,-0.019242,38.797,0.55461
15.214,15.487,0,-0.019266,38.77,0.55009
15.209,15.485,-0.054146,-0.019768,38.735,0.70888
15.209,15.483,0,-0.02026,38.707,0.55081
15.187,15.481,-0.1137,-0.021086,38.687,0.93629
15.185,15.479,-0.11996,-0.021083,38.667,0.95644
15.185,15.476,0,-0.021459,38.638,0.58834
15.16,15.474,-0.15648,-0.022621,38.609,1.1331
15.16,15.472,0,-0.023249,38.577,0.63174
15.133,15.47,-0.14807,-0.024267,38.55,1.1577
15.115,15.467,-0.23775,-0.025406,38.519,1.542
15.115,15.465,0,-0.026961,38.484,0.70979
15.065,15.462,-0.3539,-0.028719,38.461,2.1913
15.036,15.459,-0.39733,-0.03064,38.416,2.4882
14.994,15.456,-0.43529,-0.033565,38.367,2.8147
14.941,15.453,-0.42602,-0.03725,38.318,2.9204
14.908,15.449,-0.43425,-0.039457,38.272,3.0603
14.872,15.445,-0.4441,-0.041848,38.226,3.2194
14.872,15.441,0,-0.044495,38.169,1.2035
14.78,15.436,-0.48133,-0.048121,38.104,3.7168
14.78,15.432,0,-0.051124,38.039,1.3971
14.691,15.427,-0.44842,-0.054276,37.955,3.779
14.691,15.421,0,-0.056822,37.881,1.5901
14.615,15.415,-0.42194,-0.059399,37.791,3.8293
14.615,15.41,0,-0.061719,37.711,1.7482
14.615,15.403,0,-0.06479,37.632,1.7201
14.615,15.397,0,-0.067842,37.553,1.6914
14.459,15.39,-0.45227,-0.070071,37.443,4.4632
14.409,15.383,-0.48281,-0.073571,37.347,4.817
14.364,15.376,-0.5233,-0.076707,37.243,5.2342
14.364,15.368,0,-0.080544,37.142,2.2764
14.364,15.36,0,-0.084299,37.042,2.2381
14.216,15.352,-0.43325,-0.087164,36.929,5.0409
14.216,15.343,0,-0.090702,36.816,2.6023
14.119,15.334,-0.35085,-0.094155,36.687,4.7637
14.082,15.324,-0.44232,-0.096836,36.556,5.4788
14.082,15.315,0,-0.099356,36.432,2.8929
13.991,15.305,-0.81026,-0.10339,36.301,8.849
13.991,15.294,0,-0.10978,36.17,3.0674
13.8,15.283,-1.2114,-0.11805,36.03,14.309
13.8,15.272,0,-0.1268,35.882,3.5325
13.567,15.259,-1.3342,-0.13642,35.71,17.143
13.44,15.245,-1.2857,-0.14663,35.53,17.005
13.44,15.231,0,-0.15737,35.35,4.4621
13.44,15.215,0,-0.16735,35.172,4.3577
13.069,15.198,-1.2178,-0.17717,34.935,17.66
12.944,15.18,-1.207,-0.18786,34.711,18.046
12.83,15.162,-1.2597,-0.1978,34.482,19.325
12.713,15.142,-1.2857,-0.20817,34.237,20.225
12.713,15.121,0,-0.21985,33.995,6.3845
12.713,15.099,0,-0.23171,33.755,6.2325
12.325,15.076,-1.1681,-0.24357,33.471,20.042
12.2,15.052,-1.0792,-0.25562,33.188,19.22
12.09,15.026,-0.97581,-0.26637,32.908,18.16
12.09,14.999,0,-0.27644,32.616,8.0307
11.911,14.972,-0.78631,-0.28515,32.307,16.231
11.911,14.943,0,-0.29326,32.003,8.4306
11.756,14.914,-0.70872,-0.30236,31.696,15.669
11.685,14.884,-0.72042,-0.31079,31.377,15.959
11.616,14.853,-0.72703,-0.31903,31.059,16.17
11.541,14.821,-0.70536,-0.32826,30.732,16.064
11.541,14.788,0,-0.33661,30.405,9.0499
11.395,14.754,-0.79973,-0.34672,30.074,17.501
11.395,14.719,0,-0.35621,29.74,9.2489
11.232,14.684,-0.93903,-0.36807,29.393,19.684
11.144,14.647,-1.0588,-0.37997,29.041,21.598
11.045,14.609,-1.1641,-0.39343,28.689,23.462
11.045,14.57,0,-0.40835,28.334,9.7576
10.803,14.529,-1.3467,-0.42674,27.955,27.208
10.658,14.486,-1.4848,-0.44693,27.577,30.204
10.505,14.442,-1.6465,-0.46919,27.179,33.933
10.346,14.395,-1.8363,-0.49244,26.788,38.632
10.167,14.345,-2.0376,-0.5195,26.378,44.18
9.9571,14.293,-2.235,-0.55187,25.944,50.314
9.7383,14.238,-2.3616,-0.58677,25.5,54.845
9.7383,14.18,0,-0.62644,25.053,12.294
9.2527,14.117,-2.6727,-0.66853,24.562,66.853
8.9829,14.05,-2.7905,-0.7166,24.066,72.106
8.6942,13.978,-2.8996,-0.77025,23.55,77.298
8.3972,13.901,-2.9593,-0.82887,23.006,80.61
8.0929,13.818,-2.9197,-0.89241,22.443,79.845
7.8072,13.729,-2.8792,-0.9576,21.856,78.865
7.5155,13.633,-2.8151,-1.0282,21.253,76.927
7.5155,13.531,0,-1.1036,20.646,16.096
6.955,13.42,-2.7534,-1.1821,19.987,75.179
6.6819,13.302,-2.6723,-1.2677,19.323,72.246
6.4086,13.175,-2.5024,-1.3584,18.661,66.297
6.4086,13.039,0,-1.4546,17.991,16.334
5.9404,12.894,-1.7831,-1.5489,17.275,45.038
5.9404,12.739,0,-1.6403,16.587,15.715
5.9404,12.575,0,-1.7284,15.916,14.312
5.9404,12.402,0,-1.8157,15.261,12.938
5.4417,12.221,-0.78757,-1.899,14.515,21.964
5.3721,12.031,-0.83275,-1.9828,13.846,21.052
5.2806,11.832,-0.75987,-2.0772,13.185,18.669
5.2029,11.625,-0.71571,-2.1695,12.541,16.654
5.1251,11.408,-0.67224,-2.2671,11.902,14.676
5.1251,11.181,0,-2.362,11.285,8.2364
5.1251,10.945,0,-2.4568,10.691,7.1083
5.1251,10.699,0,-5.2,10.122,33.065
4.8843,10.179,-0.6143,-5.2,9.5472,21.172
4.8158,9.6592,-0.67786,-5.2,9.0362,18.412
4.8158,9.1392,0,-5.2,8.5779,25.521
4.8158,8.6192,0,-5.2,8.1715,24.455
4.8158,8.0992,0,-5.2,7.8172,23.389
4.4477,7.5792,-1.4114,-5.2,7.4556,3.1727
4.3128,7.0592,-1.561,-5.2,7.1608,0.48881
4.1559,6.5392,-1.7003,-5.2,6.9125,0
3.9844,6.0192,-1.7351,-8.8,6.7012,0
3.9844,5.1392,0,-8.8,6.5417,0.01369
3.6351,4.2592,-2.1578,-8.8,6.4474,0
3.6351,3.3792,0,-8.8,6.429,0
3.1402,2.4992,-3.6087,1.5679,6.4474,13.861
2.784,2.656,-4.4332,0.28389,6.4771,10.913
2.3484,2.6844,-5.433,-0.069601,6.4634,12.635
2.3484,2.6774,0,-0.18077,6.4302,0.2958
1.1811,2.6594,-6.8311,-8.8,6.2966,0
0.49649,1.7794,-7.2982,-0.1849,6.152,17.742
-0.23972,1.7609,-7.7817,-0.29731,5.9977,19.993
-1.0174,1.7312,-8.0281,-8.8,5.7587,4.1771
-1.8191,0.85115,-8.2169,-8.2169,5.4822,5.6387
-2.6455,0.029457,-8.3275,-8.3275,5.2216,5.6483
-3.47,0,-8.3554,-9.5684,4.9632,4.7293
-3.47,0,0,-10.241,4.6641,0
-5.1204,0,-8.02,-11.134,4.2092,4.1173
-5.1204,0,0,-12.325,3.7528,0
-6.679,0,-7.0201,-14.106,3.1477,0
-6.679,0,0,-17.16,2.5503,0
-8.0003,0,-5.6275,-23.239,1.8171,0
-8.5602,0,-4.9005,-38.264,1.0981,0
-9.0544,0,-4.1932,-105.94,0.40289,0
-9.4775,0,-3.5887,-6820.8,0.006588,0
-9.8341,0,-3.115,7.8,33.138,43.26
-10.153,0.78,-2.7416,7.8,32.093,44.728
-10.429,1.56,-2.5195,7.8,30.939,46.425
-10.429,2.34,0,7.8,29.701,42.73
-10.429,3.12,0,7.8,28.385,44.329
-10.429,3.9,0,7.8,26.991,45.928
-11.416,4.68,-2.197,-0.63885,25.313,36.436
-11.627,4.6161,-1.6883,-0.70784,23.705,35.523
-11.79,4.5453,-1.1279,-0.78732,22.077,34.368
-11.79,4.4666,0,-0.87832,20.447,31.646
-11.953,4.3788,0.063372,-0.98369,18.821,31.445
-11.953,4.2804,0,-1.1078,17.193,31.116
-11.898,4.1696,0.81348,-1.2539,15.58,28.76
-11.898,4.0442,0,-1.4323,13.98,29.837
-11.688,3.901,1.7729,-1.6487,12.406,24.933
-11.509,3.7361,2.2974,-1.9138,10.87,22.568
-11.28,3.5448,2.7237,-2.2479,9.3665,20.109
-11.014,3.32,2.9622,-2.6724,7.9169,17.709
-10.725,3.0527,3.0139,-11.557,6.514,0
-10.417,1.897,2.9807,-11.596,5.2015,0
-10.116,0.73742,2.9169,-11.643,4.0456,0
-9.8228,0,2.8773,-12.999,3.0387,0
-9.8228,0,0,-18.398,2.1214,0
-9.8228,0,0,-30.277,1.2311,0
-8.9551,0,2.8361,-72.898,0.52944,0
-8.6754,0,2.8309,-4437.6,0.0084746,0
-8.6754,0,0,7.8,21.329,34.339
-8.1212,0.78,2.8897,2.8897,20.491,18.412
-7.842,1.069,2.9223,-0.10948,19.599,12.062
-7.5555,1.058,2.9406,-0.11285,18.724,11.406
-7.2654,1.0467,2.9183,-0.11622,17.874,10.828
-6.9829,1.0351,2.8188,-0.11959,17.063,10.427
-6.7107,1.0232,2.6533,-0.12322,16.27,10.185
-6.4404,1.0108,2.4396,-0.12676,15.513,10.047
-6.1988,0.99815,2.2352,-0.13069,14.789,9.9471
-5.9804,0.98508,2.0519,-0.13523,14.079,9.8482
-5.7758,0.97156,1.8985,-0.14026,13.387,9.7127
-5.5941,0.95754,1.777,-0.14563,12.732,9.5556
-5.4157,0.94297,1.6509,-0.15141,12.09,9.413
-5.2602,0.92783,1.4534,-0.15808,11.463,9.464
-5.1198,0.91202,1.2237,-0.16559,10.851,9.6107
-4.9954,0.89546,0.97273,-0.17401,10.256,9.8313
-4.8981,0.87806,0.81103,0.81103,9.6672,12.006
-4.8253,0.95917,0.72004,-0.22471,9.0872,10.038
-4.8253,0.93669,0,-0.2403,8.5098,11.472
-4.7024,0.91266,0.53243,-0.2583,7.94,10.014
-4.6419,0.88683,0.37585,-0.27831,7.378,10.124
-4.6086,0.859,0.13561,0.13561,6.8189,11.373
-4.6086,0.87256,0,-0.09889,6.2715,11.193
-4.5988,0.86267,-0.26987,-0.26987,5.7179,11.361
-4.6262,0.83569,-0.32162,-8.8,5.1684,0
-4.6262,0,0,-8.8,4.6662,0
-4.6262,0,0,-8.8,4.2475,0
-4.7515,0,-0.72449,-8.8,3.8121,0
-4.8236,0,-0.91017,-8.8,3.374,0
-4.8236,0,0,-8.8,2.9357,0
-4.8236,0,0,-8.8,2.4973,0
-5.1337,0,-1.2322,-8.8,2.0004,0
-5.2597,0,-1.3095,-10.322,1.5347,0
-5.3811,0,-1.3874,-15.035,1.0609,0
-5.5257,0,-1.4484,-27.407,0.5881,0
-5.6801,0,-1.4738,-94.616,0.1732,0
-5.8257,0,-1.5035,-245.97,0.069413,0
-5.978,0,-1.5052,-26.514,0.71448,0
-6.1288,0,-1.4907,-76.614,0.25,0
-6.1288,0,0,-1564.4,0.020193,0
-6.4342,0,-1.4902,-1.4902,7.2032,13.355
-6.5836,0,-1.4672,-1.4672,6.55,13.661
-6.7271,0,-1.4299,-1.4299,5.8903,13.955
-6.7271,0,0,-1.3231,5.2248,11.175
-7.005,0,-1.1085,-8.8,4.5307,0
-7.005,0,0,-8.8,3.8742,0
-7.1997,0,-0.6546,-8.8,3.191,0
-7.1997,0,0,-11.017,2.5151,0
-7.3243,0,-0.34281,-14.929,1.8389,0
-7.3628,0,-0.31918,-23.143,1.1876,0
-7.3628,0,0,-49.261,0.56702,0
-7.3628,0,0,-417.38,0.077053,0
-7.4538,0,-0.00017472,-19.666,1.4126,0
-7.4442,0,0.23787,-36.127,0.76195,0
-7.4442,0,0,-137.26,0.19816,0
-7.3754,0,0.69366,-175.85,0.15406,0
-7.3057,0,0.84829,-85.55,0.30888,0
-7.2163,0,0.91663,-3319.6,0.0078413,0
-7.1307,0,0.89866,0.89866,15.883,14.783
-7.0414,0.089866,0.99823,0.99823,15.175,14.784
-7.0414,0.18969,0,1.1396,14.457,17.383
-6.8269,0.30364,1.2987,1.2987,13.747,14.782
-6.7028,0.43351,1.4664,1.4664,13.033,14.794
-6.7028,0.58016,0,1.6728,12.312,18.61
-6.3936,0.74743,1.7441,1.7441,11.612,14.804
-6.2108,0.92184,1.795,-0.19693,10.89,10.601
-6.0402,0.90215,1.7912,-0.20914,10.185,10.193
-6.0402,0.88123,0,-0.22266,9.4913,13.886
-5.6893,0.85897,1.7766,1.7766,8.8219,13.589
-5.5214,1.0366,1.7754,-0.33006,8.1725,9.1846
-5.3535,1.0036,1.7314,-0.35358,7.5309,8.8157
-5.3535,0.96826,0,-0.37928,6.897,12.327
-5.0026,0.93033,1.6291,-0.40715,6.3093,8.0486
-4.8374,0.88961,1.6055,-0.44038,5.7189,7.6062
-4.6747,0.84558,1.5548,-8.8,5.1659,0
-4.5229,0,1.5195,-8.8,4.67,0
-4.3658,0,1.4615,-8.8,4.2716,0
-4.2101,0,1.4153,-8.8,3.8849,0
-4.2101,0,0,-8.8,3.5079,0
-3.9319,0,1.3222,-8.8,3.1643,0
-3.9319,0,0,-8.8,2.8151,0
-3.9319,0,0,-8.8,2.4659,0
-3.546,0,1.1989,-8.8,2.167,0
-3.546,0,0,-8.8,1.8564,0
-3.3086,0,1.0128,-8.8,1.5629,0
-3.3086,0,0,-8.8,1.2761,0
-3.1133,0,0.85737,-8.8,1.0184,0
-3.1133,0,0,-8.8,0.75108,0
-2.9383,0,0.96501,-8.8,0.50375,0
-2.9383,0,0,-15.31,0.25392,0
-2.9383,0,0,-91.574,0.036639,0
-2.9383,0,0,-14.87,0.20068,0
-2.9383,0,0,-97.332,-0.018806,0
-2.464,0,0.835,-10.077,0.27819,0
-2.3753,0,0.8798,-30.815,0.089009,0
-2.2827,0,0.94829,-131.82,0.019624,0
-2.2827,0,0,-8.8,0.45044,0
-2.0795,0,0.89739,-8.8,0.2687,0
-1.982,0,0.78829,-18.593,0.10134,0
-1.8949,0,0.64309,-363.79,0.0049262,0
-1.8289,0,0.56557,-8.8,1.6426,0
-1.7717,0,0.535,-8.8,1.5163,0
-1.7112,0,0.55621,-8.8,1.3882,0
-1.6502,0,0.54944,-8.8,1.2628,0
-1.6502,0,0,-8.8,1.1418,0
-1.5388,0,0.34192,-8.8,1.0271,0
-1.5066,0,0.11731,-8.8,0.91145,0
-1.4993,0,-0.10386,-8.8,0.81186,0
-1.5093,0,-0.31806,-8.8,0.6958,0
-1.5093,0,0,-8.8,0.58886,0
-1.5987,0,-0.48254,-8.8,0.4841,0
-1.645,0,-0.52376,-8.8,0.36405,0
-1.645,0,0,-8.8,0.24355,0
-1.7396,0,-0.67446,-14.276,0.11124,0
