16.667,16.667,0.047025,0,35.5,0
16.668,16.667,0.028893,0.00070596,35.503,0
16.663,16.667,-0.039998,-0.00032441,35.513,0.095147
16.657,16.667,-0.091866,-0.00083389,35.517,0.23372
16.655,16.667,-0.15087,-0.0010137,35.515,0.40041
16.649,16.667,-0.18881,-0.0015435,35.516,0.52825
16.633,16.666,-0.22929,-0.0030147,35.523,0.6983
16.612,16.666,-0.24078,-0.0048228,35.522,0.78589
16.612,16.666,0,-0.0069992,35.517,0.095742
16.563,16.665,-0.17315,-0.0091598,35.516,0.67205
16.55,16.664,-0.17455,-0.010181,35.508,0.70271
16.541,16.663,-0.15125,-0.010929,35.493,0.64709
16.529,16.662,-0.1086,-0.01187,35.488,0.54094
16.52,16.661,-0.11838,-0.012601,35.474,0.58767
16.52,16.659,0,-0.014026,35.46,0.26342
16.479,16.658,-0.14057,-0.016048,35.442,0.7421
16.479,16.656,0,-0.016869,35.424,0.33987
16.46,16.655,-0.21303,-0.017512,35.409,1.0271
16.429,16.653,-0.22894,-0.020124,35.394,1.1572
16.404,16.651,-0.17226,-0.022223,35.364,1.0069
16.395,16.649,-0.12471,-0.022892,35.342,0.86301
16.395,16.646,0,-0.023407,35.317,0.49132
16.395,16.644,0,-0.023233,35.292,0.48642
16.395,16.642,0,-0.023022,35.267,0.48166
16.395,16.639,0,-0.023991,35.242,0.47392
16.371,16.637,-0.17629,-0.024036,35.231,1.0657
16.371,16.635,0,-0.025937,35.205,0.51087
16.371,16.632,0,-0.027706,35.179,0.50034
16.316,16.629,-0.18921,-0.028441,35.15,1.2288
16.289,16.626,-0.24882,-0.03064,35.126,1.5231
16.261,16.623,-0.19351,-0.032971,35.09,1.3667
16.244,16.62,-0.20771,-0.03426,35.048,1.4561
16.244,16.617,0,-0.03666,35.011,0.73751
16.179,16.613,-0.22786,-0.039697,34.962,1.6877
16.158,16.609,-0.14141,-0.041351,34.922,1.3894
16.138,16.605,-0.18851,-0.042869,34.867,1.6106
16.122,16.601,-0.17855,-0.04402,34.824,1.6003
16.108,16.596,-0.18034,-0.044986,34.782,1.632
16.108,16.592,0,-0.04544,34.734,0.98333
16.084,16.587,-0.25089,-0.046574,34.672,1.9689
16.052,16.583,-0.23296,-0.049282,34.615,1.9646
16.031,16.578,-0.23579,-0.050887,34.567,2.0204
16.013,16.572,-0.23372,-0.052175,34.507,2.0442
16.013,16.567,0,-0.054879,34.452,1.1326
15.958,16.562,-0.20763,-0.056625,34.382,2.0475
15.944,16.556,-0.1999,-0.057583,34.321,2.0363
15.926,16.55,-0.19069,-0.058903,34.253,2.0282
15.916,16.544,-0.17243,-0.059423,34.196,1.96
15.892,16.539,-0.17967,-0.061216,34.133,2.0358
15.877,16.532,-0.20623,-0.062273,34.074,2.1774
15.865,16.526,-0.22875,-0.063,34.004,2.2946
15.865,16.52,0,-0.06399,33.939,1.3643
15.827,16.513,-0.24811,-0.065804,33.861,2.4536
15.805,16.507,-0.22056,-0.067503,33.784,2.3656
15.805,16.5,0,-0.068315,33.714,1.4562
15.805,16.493,0,-0.070187,33.645,1.4317
15.805,16.486,0,-0.072613,33.576,1.4051
15.724,16.479,-0.21768,-0.073533,33.499,2.4963
15.724,16.472,0,-0.075156,33.424,1.5748
15.683,16.464,-0.22407,-0.076597,33.342,2.5972
15.658,16.457,-0.21104,-0.078485,33.272,2.5811
15.646,16.449,-0.21441,-0.079217,33.187,2.6083
15.629,16.441,-0.22994,-0.080407,33.107,2.7081
15.604,16.433,-0.24322,-0.082405,33.016,2.8201
15.573,16.424,-0.23348,-0.084946,32.928,2.8334
15.573,16.416,0,-0.087294,32.843,1.7913
15.573,16.407,0,-0.089387,32.759,1.7597
15.573,16.398,0,-0.091684,32.676,1.727
15.444,16.389,-0.43135,-0.095672,32.595,4.2318
15.405,16.38,-0.52065,-0.0991,32.503,4.9251
15.405,16.37,0,-0.10432,32.406,2.0729
15.405,16.359,0,-0.109,32.31,2.0257
15.405,16.348,0,-0.11502,32.215,1.9727
15.162,16.337,-0.80484,-0.12167,32.087,7.9777
15.084,16.325,-0.8749,-0.1292,31.959,8.9205
15.084,16.312,0,-0.13807,31.835,2.7138
14.904,16.298,-1.1804,-0.14676,31.71,13.095
14.788,16.283,-1.4381,-0.15848,31.568,17.282
14.64,16.267,-1.7003,-0.17379,31.408,22.525
14.464,16.25,-1.8904,-0.19219,31.235,27.274
14.464,16.231,0,-0.21307,31.057,4.1057
14.464,16.21,0,-0.23382,30.882,3.936
13.879,16.186,-1.8656,-0.25541,30.624,29.677
13.695,16.161,-1.7879,-0.276,30.391,28.881
13.514,16.133,-1.7214,-0.29678,30.128,28.319
13.514,16.103,0,-0.31804,29.868,6.513
13.16,16.071,-1.7205,-0.33875,29.58,29.847
12.984,16.038,-1.712,-0.36058,29.274,30.402
12.813,16.002,-1.7547,-0.3824,28.958,31.992
12.643,15.963,-1.8697,-0.40451,28.638,35.215
12.451,15.923,-1.9933,-0.43015,28.3,38.945
12.261,15.88,-2.0941,-0.45665,27.939,42.261
12.054,15.834,-2.1648,-0.48608,27.569,44.978
11.834,15.786,-2.196,-0.51806,27.191,46.714
11.625,15.734,-2.1725,-0.55009,26.792,46.836
11.412,15.679,-2.1402,-0.58423,26.368,46.693
11.412,15.62,0,-0.62055,25.944,11.288
10.991,15.558,-2.121,-0.65624,25.48,47.491
10.778,15.493,-2.1275,-0.6951,25.018,48.269
10.778,15.423,0,-0.73715,24.55,12.423
10.778,15.349,0,-0.78173,24.089,11.774
10.131,15.271,-1.9638,-0.82619,23.52,45.449
9.9429,15.189,-1.7983,-0.87017,22.991,41.644
9.9429,15.102,0,-0.91417,22.471,13.484
9.6218,15.01,-1.3113,-0.95538,21.912,31.543
9.6218,14.915,0,-0.99663,21.378,13.496
9.6218,14.815,0,-1.0344,20.853,12.769
9.2759,14.712,-0.81711,-1.072,20.274,22.681
9.1916,14.604,-0.74232,-1.1085,19.722,21.176
9.1104,14.494,-0.73641,-1.1453,19.175,20.572
9.0305,14.379,-0.72399,-1.1817,18.645,19.869
8.966,14.261,-0.72996,-1.2155,18.119,19.32
8.8885,14.139,-0.71024,-1.2539,17.591,18.472
8.8885,14.014,0,-1.2936,17.073,10.71
8.7436,13.885,-0.70732,-1.3308,16.554,17.133
8.7436,13.751,0,-1.3705,16.047,9.7469
8.5951,13.614,-0.71599,-1.4121,15.538,15.855
8.5235,13.473,-0.75245,-1.4528,15.042,15.537
8.5235,13.328,0,-1.4969,14.554,8.2346
8.3584,13.178,-0.74876,-1.5416,14.073,14.057
8.3584,13.024,0,-1.5809,13.599,7.3034
8.2078,12.866,-0.70775,-1.6282,13.128,12.133
8.2078,12.703,0,-1.6684,12.67,6.333
8.2078,12.536,0,-1.7122,12.229,5.6456
8.0135,12.365,-0.59221,-1.7445,11.772,8.9154
7.9455,12.191,-0.54461,-1.7839,11.335,7.8932
7.8999,12.012,-0.52143,-5.2,10.909,73.973
7.8999,11.492,0,-5.2,10.524,106.6
7.7943,10.972,-0.50385,-5.2,10.186,168.22
7.7384,10.452,-0.47171,-5.2,9.8908,216.9
7.7384,9.9322,0,-5.2,9.6454,170.7
7.6441,9.4122,-0.45667,-5.2,9.4287,191.35
7.6441,8.8922,0,-5.2,9.2779,156.56
7.552,8.3722,-0.40921,-5.2,9.1845,167.22
7.516,7.8522,-0.27444,-0.12561,9.1268,1.258
7.516,7.8397,0,-0.12932,9.0938,0.39381
7.49,7.8268,0.072238,-0.12685,9.0616,0.27493
7.49,7.8141,0,-0.12014,9.0285,0.41541
7.5243,7.8021,0.36786,-0.10532,9.0062,0
7.5243,7.7915,0,-0.084912,8.979,0.37444
7.5243,7.783,0,-0.069488,8.9527,0.3923
7.6314,7.7761,0.39345,-0.055201,8.9534,0
7.6314,7.7706,0,-0.037851,8.9392,0.20797
7.7212,7.7668,0.42942,-0.017472,8.9203,0
7.7723,7.765,0.47123,0.0035879,8.9242,0
7.7723,7.7654,0,0.028481,8.9249,0.047207
7.7723,7.7682,0,0.050442,8.9254,0.10346
7.9214,7.7733,0.61549,0.072914,8.9485,0
7.9876,7.7806,0.68293,0.10189,8.9624,0
7.9876,7.7908,0,0.12717,8.9826,0
7.9876,7.8035,0,0.15867,9.0016,0
8.194,7.8193,0.73655,0.18477,9.067,0
8.2586,7.8378,0.73158,0.20758,9.1096,0
8.3271,7.8586,0.72495,0.231,9.1506,0
8.4024,7.8817,0.70037,0.25682,9.2044,0
8.4733,7.9074,0.69782,0.27907,9.2587,0
8.4733,7.9353,0,0.29888,9.3139,0
8.6172,7.9652,0.66756,0.32119,9.3746,0
8.6909,7.9973,0.65338,0.34148,9.4391,0
8.7529,8.0314,0.6831,0.35475,9.5022,0
8.8151,8.0669,0.69949,0.36772,9.5756,0
8.8151,8.1037,0,0.38515,9.6486,0
8.8151,8.1422,0,0.39749,9.7178,0
8.8151,8.1819,0,0.41223,9.7831,0
9.0926,8.2232,0.80913,0.42691,9.9169,0
9.1787,8.2658,0.81802,0.44773,10.001,0
9.2659,8.3106,0.79626,0.46849,10.102,0
9.2659,8.3575,0,0.48675,10.196,0
9.433,8.4061,0.76854,0.50263,10.299,0
9.5021,8.4564,0.75115,0.51149,10.407,0
9.5803,8.5076,0.75741,0.52448,10.519,0
9.5803,8.56,0,0.53342,10.624,0
9.7255,8.6133,0.71152,0.54243,10.737,0
9.7255,8.6676,0,0.55383,10.846,0
9.8693,8.723,0.54608,0.55758,10.962,0
9.8693,8.7787,0,0.56049,11.073,0
9.9859,8.8348,0.36795,0.55813,11.186,0
10.022,8.8906,0.35532,0.548,11.309,0
10.05,8.9454,0.37387,0.53415,11.413,0
10.05,8.9988,0,0.5279,11.521,0
10.138,9.0516,0.42304,0.52397,11.632,0
10.172,9.104,0.43751,0.51425,11.739,0
10.208,9.1554,0.42524,0.50607,11.848,0
10.243,9.206,0.41683,0.49803,11.953,0
10.293,9.2558,0.4138,0.49723,12.056,0
10.336,9.3056,0.40857,0.49359,12.157,0
10.38,9.3549,0.40079,0.49019,12.267,0
10.38,9.4039,0,0.48216,12.367,0
10.46,9.4521,0.42628,0.48049,12.465,0
10.511,9.5002,0.43197,0.48169,12.569,0
10.561,9.5484,0.4435,0.48179,12.663,0
10.602,9.5965,0.46155,0.4777,12.767,0
10.653,9.6443,0.45465,0.47832,12.862,0
10.69,9.6921,0.43727,0.47259,12.964,0
10.739,9.7394,0.42224,0.4727,13.063,0
10.782,9.7867,0.41333,0.46985,13.153,0
10.829,9.8337,0.40735,0.4689,13.244,0
10.829,9.8805,0,0.46099,13.341,0
10.829,9.9266,0,0.45556,13.434,0
10.829,9.9722,0,0.44915,13.522,0
10.829,10.017,0,0.44721,13.605,0
10.829,10.062,0,0.4434,13.684,0
10.829,10.106,0,0.43975,13.759,0
11.078,10.15,0.31753,0.43346,13.917,0
11.078,10.193,0,0.42924,14.007,0
11.152,10.236,0.29116,0.42606,14.085,0
11.177,10.279,0.26131,0.41765,14.179,0
11.177,10.321,0,0.41068,14.267,0
11.227,10.362,0.25562,0.40151,14.367,0
11.248,10.402,0.23432,0.39243,14.458,0
11.248,10.441,0,0.38633,14.541,0
11.294,10.48,0.24991,0.37647,14.616,0
11.316,10.518,0.26951,0.36855,14.687,0
11.339,10.554,0.28893,0.36174,14.759,0
11.373,10.591,0.33689,0.3605,14.833,0
11.373,10.627,0,0.35722,14.91,0
11.373,10.662,0,0.3586,14.983,0
11.373,10.698,0,0.35562,15.052,0
11.495,10.734,0.27743,0.34902,15.135,0
11.52,10.769,0.25638,0.3442,15.213,0
11.542,10.803,0.26266,0.33831,15.292,0
11.566,10.837,0.28925,0.3335,15.37,0
11.595,10.87,0.29913,0.33146,15.449,0
11.595,10.903,0,0.33126,15.52,0
11.595,10.937,0,0.32609,15.587,0
11.671,10.969,0.30671,0.32034,15.68,0
11.671,11.001,0,0.32106,15.749,0
11.671,11.033,0,0.31844,15.814,0
11.671,11.065,0,0.32037,15.876,0
11.671,11.097,0,0.31893,15.935,0
11.671,11.129,0,0.3207,15.991,0
11.872,11.161,0.22521,0.32219,16.091,0
11.9,11.193,0.22715,0.3204,16.166,0
11.915,11.225,0.21295,0.31194,16.229,0
11.93,11.257,0.13036,0.30451,16.288,0
11.94,11.287,0.045656,0.29486,16.354,0
11.938,11.317,-0.0018031,0.28024,16.414,0
11.946,11.345,-0.06706,0.27125,16.476,0
11.946,11.372,0,0.25393,16.535,0
11.926,11.397,-0.18155,0.23777,16.584,0
11.907,11.421,-0.20401,0.21874,16.636,0
11.907,11.443,0,0.19786,16.684,0
11.867,11.462,-0.36544,0.18148,16.716,0.64914
11.867,11.481,0,0.1558,16.756,0
11.766,11.496,-1.212,0.12078,16.776,6.8104
11.642,11.508,-2.0581,0.060036,16.801,20.33
11.642,11.514,0,-0.0169,16.814,0
11.125,11.513,-3.9238,-0.080179,16.778,119.28
10.741,11.505,-4.7677,-0.15877,16.719,258.41
10.741,11.489,0,-0.25575,16.644,1.0253
10.741,11.463,0,-0.36459,16.57,0.71524
10.741,11.427,0,-0.48244,16.5,0.44929
8.6004,11.378,-6.127,-0.61236,16.019,25.964
7.9873,11.317,-6.4439,-0.7537,15.708,26.624
7.333,11.242,-6.7814,-0.91218,15.353,27.333
6.6498,11.151,-7.0365,-1.0898,14.934,27.913
5.9488,11.042,-6.9875,-1.2868,14.46,27.986
5.9488,10.913,0,-1.5047,13.957,8.788
4.596,10.762,-5.8218,-1.7348,13.323,26
4.596,10.589,0,-1.969,12.715,10.057
3.5219,10.392,-3.7541,-2.2051,12.021,21.746
3.5219,10.172,0,-2.4241,11.345,9.9801
2.8958,9.9292,-1.6819,-2.6323,10.631,16.745
2.7196,9.666,-0.86996,-2.8215,9.9398,15.47
2.7196,9.3838,0,-5.2,9.2592,8.892
2.6021,8.8638,0.28677,-5.2,8.6046,9.1285
2.6021,8.3438,0,-5.2,8.0045,6.387
2.6021,7.8238,0,-5.2,7.4563,5.321
2.7506,7.3038,0.47195,-5.2,6.9781,7.8343
2.7993,6.7838,0.30393,-5.2,6.553,5.8116
2.8197,6.2638,0.039646,-5.2,6.1824,3.0925
2.8204,5.7438,-0.21058,-8.8,5.8625,0
2.8083,4.8638,-0.3959,-8.8,5.6214,0
2.8083,3.9838,0,-8.8,5.4599,0
2.8083,3.1038,0,-8.8,5.3863,0
2.8083,2.2238,0,-8.8,5.4007,0
2.8083,1.3438,0,-8.8,5.5032,0
2.5178,0.46381,-0.79653,-0.79653,5.6364,0
2.5178,0.38416,0,-0.8528,5.8458,0
2.3411,0.29888,-0.85851,-0.85851,6.0395,0
2.2573,0.21302,-0.80647,-0.80647,6.2418,0
2.1724,0.13238,-0.70038,-0.70038,6.4398,0
2.1724,0.06234,0,-0.58028,6.6473,0
2.1724,0.0043117,0,-0.47885,6.8612,0
2.1724,0,0,-0.41171,7.0804,0
2.1724,0,0,-0.37936,7.2997,0
1.9438,0,-0.36864,-0.36864,7.4632,0
1.9074,0,-0.37247,-0.37247,7.648,0
1.8781,0,-0.37242,-0.37242,7.8328,0
1.8366,0,-0.3628,-0.3628,8.0207,0
1.8075,0,-0.35472,-0.35472,8.2003,0
1.7784,0,-0.33689,-0.33689,8.3799,0
1.7355,0,-0.31563,-0.31563,8.5644,0
1.7355,0,0,-0.29393,8.7395,0
1.6837,0,-0.2823,-0.2823,8.912,0
1.6484,0,-0.27886,-0.27886,9.0816,0
1.6484,0,0,-0.28061,9.2478,0
1.6484,0,0,-0.2813,9.4141,0
1.5697,0,-0.29564,-0.29564,9.5533,0
1.5429,0,-0.25689,-0.25689,9.7196,0
1.5073,0,-0.12464,-0.12464,9.8642,0
1.5073,0,0,-0.040062,10.016,0
1.4978,0,0.072652,0.072652,10.169,0
1.5042,0.0072652,0.17817,0.17817,10.321,0
1.5042,0.025083,0,0.22877,10.47,0
1.5468,0.047959,0.19673,0.19673,10.615,0
1.5709,0.067632,0.21134,0.21134,10.766,0
1.6009,0.088767,0.19408,0.19408,10.912,0
1.6144,0.10817,0.19736,0.19736,11.072,0
1.6304,0.12791,0.20343,0.20343,11.216,0
1.6304,0.14825,0,0.20549,11.365,0
1.6304,0.1688,0,0.20664,11.512,0
1.6304,0.18947,0,0.21195,11.657,0
1.7157,0.21066,0.2161,0.2161,11.819,0
1.7157,0.23227,0,0.21227,11.969,0
1.7668,0.2535,0.20898,0.20898,12.115,0
1.7668,0.2744,0,0.20797,12.266,0
1.7668,0.29519,0,0.20732,12.414,0
1.8334,0.31592,0.20509,0.20509,12.568,0
1.8556,0.33643,0.21096,0.21096,12.729,0
1.8849,0.35753,0.2096,0.2096,12.889,0
1.9088,0.37849,0.20952,0.20952,13.033,0
1.9234,0.39944,0.26508,0.26508,13.192,0
1.9577,0.42595,0.39676,0.39676,13.342,0
2.0055,0.46563,0.57023,0.57023,13.505,0
2.0657,0.52265,0.76309,0.76309,13.655,0
2.1428,0.59896,0.96527,0.96527,13.809,0
2.1428,0.69548,0,1.0904,13.959,0
2.3421,0.80452,1.1375,1.1375,14.121,0
2.3421,0.91827,0,4.9,14.269,30.958
2.5772,1.4083,1.1343,4.9,14.412,17.741
2.681,1.8983,1.1214,4.9,14.509,19.906
2.681,2.3883,0,2.257,14.562,11.922
2.9151,2.614,1.0977,1.4153,14.61,0.10067
3.0267,2.7555,1.0857,1.1699,14.648,0
3.1301,2.8725,1.071,1.0385,14.676,0
3.1301,2.9763,0,1.0126,14.697,3.6597
3.1301,3.0776,0,0.98499,14.707,3.889
3.1301,3.1761,0,0.93002,14.708,3.95
3.1301,3.2691,0,0.92047,14.698,4.2535
3.1301,3.3611,0,0.89862,14.68,4.4837
3.1301,3.451,0,0.85649,14.652,4.5859
3.1301,3.5367,0,0.85134,14.616,4.893
3.9119,3.6218,0.76756,0.8051,14.907,0
3.9119,3.7023,0,0.7734,14.932,2.1889
4.0546,3.7796,0.54162,0.71304,14.963,0
4.0998,3.8509,0.42909,0.62675,14.998,0
4.1361,3.9136,0.31598,0.54607,15.018,0.059973
4.1739,3.9682,0.22218,0.49365,15.031,0.2147
4.1739,4.0176,0,0.39713,15.049,0.75689
4.2048,4.0573,0.067288,0.34186,15.064,0.37135
4.2114,4.0915,-0.0053547,0.27417,15.072,0.45928
4.2048,4.1189,-0.0784,0.19437,15.089,0.5288
4.1891,4.1383,-0.083642,0.11406,15.096,0.38628
4.1871,4.1497,-0.003533,0.08354,15.099,0.11818
4.1958,4.1581,0.15745,0.084014,15.097,0
4.2207,4.1665,0.34453,0.12051,15.102,0
4.2522,4.1786,0.56097,0.16284,15.105,0
4.2992,4.1948,0.71928,0.22943,15.105,0
4.2992,4.2178,0,0.34396,15.114,0.77471
4.2992,4.2522,0,0.45732,15.12,1.2996
4.2992,4.2979,0,0.52205,15.123,1.7108
4.6297,4.3501,0.83157,0.58128,15.197,0
4.7209,4.4082,0.81694,0.63667,15.217,0
4.7948,4.4719,0.79974,0.64302,15.245,0
4.7948,4.5362,0,0.66673,15.274,1.5311
4.7948,4.6029,0,0.66501,15.297,1.7373
