8.3333,8.3333,-0.73953,0,35.5,3.124
8.2533,8.3333,-0.80861,6.7,35.504,78.597
8.1791,9.0033,-0.73258,6.7,35.458,82.283
8.1791,9.6733,0,6.7,35.343,71.223
8.0266,10.343,-0.79241,6.7,35.138,94.705
7.9515,11.013,-0.92607,-0.18047,34.877,19.08
7.852,10.995,-1.1416,-0.18769,34.566,22.679
7.7375,10.977,-1.3772,-0.19609,34.241,27.172
7.5951,10.957,-1.6106,-0.2063,33.921,32.384
7.436,10.936,-1.7565,-0.21798,33.578,36.347
7.251,10.914,-1.8351,-0.23168,33.224,39.155
7.0716,10.891,-1.8299,-0.24568,32.839,39.999
7.0716,10.867,0,-0.25974,32.458,12.007
6.7227,10.841,-1.8203,-0.27462,32.03,41.592
6.5371,10.813,-1.8426,-0.29078,31.601,43.079
6.5371,10.784,0,-0.30792,31.175,13.767
6.1492,10.753,-1.9051,-0.32587,30.732,46.587
5.9488,10.721,-1.8961,-0.3454,30.257,47.36
5.7651,10.686,-1.7682,-0.3647,29.765,45.107
5.5888,10.65,-1.6879,-0.38426,29.265,44.009
5.4166,10.611,-1.6464,-0.40428,28.762,43.781
5.2598,10.571,-1.5781,-0.42428,28.239,42.846
5.1035,10.529,-1.4805,-0.44558,27.695,41.29
4.955,10.484,-1.4852,-0.46737,27.141,41.857
4.8088,10.437,-1.5077,-0.49015,26.578,42.761
4.6651,10.388,-1.496,-0.5138,26.012,42.89
4.5098,10.337,-1.5336,-0.53991,25.436,44.121
4.5098,10.283,0,-0.56828,24.856,19.267
4.16,10.226,-2.1551,-0.60067,24.261,28.817
3.9543,10.166,-2.5298,-0.63759,23.647,28.496
3.705,10.102,-2.8434,-0.68202,23.014,28.384
3.4205,10.034,-3.0795,-0.73342,22.372,28.381
3.1142,9.9607,-3.1042,-0.79254,21.693,28.34
2.8062,9.8814,-2.9996,-0.85716,20.993,28.204
2.5132,9.7957,-2.7994,-0.92629,20.267,27.952
2.2302,9.7031,-2.6752,-0.99949,19.537,27.649
1.971,9.6031,-2.5945,-1.078,18.774,27.248
1.7027,9.4953,-2.4483,-1.1661,17.994,26.752
1.4603,9.3787,-2.3066,-1.259,17.206,26.138
1.2388,9.2528,-2.1415,-1.3584,16.405,25.394
1.2388,9.117,0,-1.4674,15.611,22.528
1.2388,8.9702,0,-1.5848,14.83,20.754
1.2388,8.8118,0,-1.7082,14.065,18.93
0.51167,8.6409,-1.4619,-1.8438,13.149,21.105
0.36593,8.4566,-1.3877,-1.9905,12.341,19.749
0.23612,8.2575,-1.3358,-2.1492,11.538,18.299
0.10949,8.0426,-1.2849,-2.3284,10.731,16.748
-0.018159,7.8097,-1.242,-2.5245,9.9424,16.03
-0.13781,7.5573,-1.1964,-2.7418,9.1601,15.205
-0.26592,7.2831,-1.0949,-5.2,8.3944,9.5273
-0.37429,6.7631,-0.75737,-5.2,7.6638,7.9743
-0.45779,6.2431,-0.48267,-5.2,6.9655,6.5023
-0.50787,5.7231,-0.27916,-8.8,6.3196,0
-0.53261,4.8431,0.014904,-8.8,5.7436,0
-0.53261,3.9631,0,-8.8,5.2501,0
-0.50962,3.0831,0.031502,-8.8,4.8408,0
-0.50465,2.2031,-0.0009526,-8.8,4.5304,0
-0.51426,1.3231,0.032672,-8.8,4.2955,0
-0.5097,0.44311,-0.043204,-8.8,4.1495,0
-0.51492,0,-0.046986,-8.8,4.0896,0
-0.51492,0,0,-8.8,4.0821,0
-0.5212,0,-0.0033886,-8.8,4.0678,0
-0.52101,0,-0.010394,-8.8,4.0627,0
-0.51869,0,-0.0036827,-8.8,4.0554,0
-0.50999,0,-0.012272,-8.8,4.0454,0
-0.50999,0,0,-8.8,4.0384,0
-0.5215,0,-0.0061419,-8.8,4.0333,0
-0.52141,0,-0.0059638,-8.8,4.0186,0
-0.51835,0,-0.0058426,-8.8,4.0026,0
-0.51949,0,-0.0050002,-8.8,3.9899,0
-0.51949,0,0,-8.8,3.9819,0
-0.52215,0,-0.0040189,-8.8,3.9839,0
-0.52982,0,-0.0057581,-8.8,3.9785,0
-0.52982,0,0,-8.8,3.9695,0
-0.52982,0,0,-8.8,3.9605,0
-0.5272,0,-0.010166,-8.8,3.9492,0
-0.52867,0,-0.013685,-8.8,3.9498,0
-0.53491,0,-0.012334,-8.8,3.9471,0
-0.52735,0,-0.01688,-8.8,3.9398,0
-0.52735,0,0,-8.8,3.931,0
-0.5228,0,-0.0062582,-8.8,3.9247,0
-0.5228,0,0,-8.8,3.9164,0
-0.51875,0,-0.00272,-8.8,3.9038,0
-0.51875,0,0,-8.8,3.8959,0
-0.51875,0,0,-8.8,3.888,0
-0.52481,0,-0.0012447,-8.8,3.8743,0
-0.52481,0,0,-8.8,3.8658,0
-0.52555,0,0.012822,-8.8,3.8426,0
-0.51816,0,0.086077,-8.8,3.8335,0
-0.5088,0,0.22008,-8.8,3.8168,0
-0.48845,0,0.36402,-8.8,3.8069,0
-0.44354,0,0.4927,-8.8,3.7975,0
-0.38936,0,0.59252,-8.8,3.7921,0
-0.33977,0,0.62608,-8.8,3.7983,0
-0.28384,0,0.60446,-8.8,3.816,0
-0.22702,0,0.57755,-8.8,3.8381,0
-0.17351,0,0.5495,-8.8,3.8628,0
-0.12772,0,0.52808,-8.8,3.9014,0
-0.076925,0,0.50362,-8.8,3.9386,0
-0.02257,0,0.46933,-8.8,3.9866,0
0.018248,0,0.4366,-8.8,4.0257,0
0.064264,0,0.46864,-8.8,4.0767,0
0.10439,0,0.56171,-8.8,4.1285,0
0.16574,0,0.66,-8.8,4.1885,0
0.23172,0,0.75832,-8.8,4.2464,0
0.31084,0,0.84701,-8.8,4.3266,0
0.38879,0,0.87086,-8.8,4.4106,0
0.47736,0,0.82414,-8.8,4.4976,0
0.55219,0,0.76443,-8.8,4.5856,0
0.55219,0,0,-8.8,4.6848,0
0.7065,0,0.60516,-8.8,4.8165,0
0.75719,0,0.42057,-8.8,4.9422,0
0.79442,0,0.18305,0.18305,5.0714,0
0.80356,0.018305,-0.045808,-0.045808,5.1434,0
0.79427,0.013724,-0.25285,-0.25285,5.2176,0
0.75968,0,-0.41224,-0.41224,5.2913,0
0.71499,0,-0.46128,-0.46128,5.3663,0
0.66316,0,-0.39607,-0.39607,5.4383,0
0.63096,0,-0.2907,-0.2907,5.495,0
0.63096,0,0,-0.18757,5.5596,0
0.56991,0,-0.098471,-0.098471,5.6217,0
0.55491,0,-0.017874,-0.017874,5.6753,0
0.54991,0,0.0053929,0.0053929,5.7372,0
0.5517,0.00053929,-0.011667,-0.011667,5.7965,0
0.55049,0,-0.033174,-0.033174,5.8447,0
0.54869,0,-0.055598,-0.055598,5.905,0
0.54593,0,-0.075178,-0.075178,5.9582,0
0.53121,0,0.055997,0.055997,6.0034,0
0.53121,0.0055997,0,0.23319,6.0563,0
0.56278,0.028919,0.41864,0.41864,6.1076,0
0.59669,0.070783,0.60724,0.60724,6.1707,0
0.59669,0.13151,0,0.78449,6.2202,1.3951
0.72764,0.20996,0.81792,0.81792,6.2745,0
0.81617,0.29175,0.7983,0.7983,6.3252,0
0.88718,0.37158,0.75182,0.75182,6.3812,0
0.9604,0.44676,0.70349,0.70349,6.4263,0
1.0309,0.51711,0.67533,0.67533,6.4799,0
1.0309,0.58464,0,0.6458,6.5279,0.86534
1.1583,0.64922,0.64746,0.64746,6.5835,0
1.1583,0.71397,0,0.69581,6.6312,1.0761
1.2757,0.78355,0.78096,0.78096,6.6968,0
1.3474,0.86165,0.85462,0.85462,6.7545,0
1.4329,0.94711,0.91716,4.9,6.8017,23.901
1.528,1.4371,0.9507,0.58968,6.8331,0
1.6188,1.4961,0.93375,0.74639,6.8483,0
1.7163,1.5707,0.88266,0.81686,6.8545,0
1.8005,1.6524,0.82457,0.76548,6.8756,0
1.876,1.7289,0.78166,0.70646,6.8953,0
1.876,1.7996,0,0.68831,6.9064,2.2279
2.033,1.8684,0.72638,0.69709,6.9235,0
2.0962,1.9381,0.7021,0.6308,6.9334,0
2.172,2.0012,0.67352,0.64786,6.9558,0
2.2297,2.066,0.64729,0.58985,6.9699,0
2.289,2.125,0.6371,0.56485,6.9852,0
2.3492,2.1815,0.62176,0.55377,6.996,0
2.3492,2.2368,0,0.52262,7.01,1.3692
2.4582,2.2891,0.62717,0.51705,7.0255,0
2.5272,2.3408,0.6249,0.55,7.0398,0
2.5272,2.3958,0,0.53875,7.0557,1.3782
2.6446,2.4497,0.58087,0.53424,7.0588,0
2.7048,2.5031,0.57057,0.53499,7.0814,0
2.7048,2.5566,0,0.51585,7.0989,1.233
2.8139,2.6082,0.67698,0.51151,7.1174,0
2.8907,2.6593,0.8222,0.55892,7.1434,0
2.9664,2.7152,1.0231,0.58716,7.1587,0
3.078,2.774,1.2424,0.68891,7.1954,0
3.2042,2.8428,1.4619,0.78903,7.2271,0
3.3562,2.9218,1.602,0.91048,7.2649,0
3.3562,3.0128,0,1.0033,7.3037,2.8988
3.6839,3.1131,1.7105,1.0877,7.355,0
3.6839,3.2219,0,1.1412,7.4066,3.2206
4.0256,3.336,1.6637,1.1884,7.4798,0
4.0256,3.4549,0,1.2011,7.5429,3.1479
4.3521,3.575,1.5538,1.2157,7.6387,0
4.5137,3.6965,1.4774,1.2203,7.7195,0
4.6535,3.8186,1.3394,1.1917,7.7981,0
4.7778,3.9377,1.1443,1.1495,7.8785,0
4.8929,4.0527,0.97929,1.1057,7.9591,0
4.8929,4.1633,0,1.0535,8.0376,1.7856
5.0897,4.2686,0.86222,1.0093,8.1256,0
5.0897,4.3695,0,0.95232,8.2026,1.3319
5.2525,4.4648,1.0024,0.91414,8.2863,0
5.35,4.5562,1.0648,0.89891,8.3745,0
5.4476,4.6461,1.0641,0.88536,8.4481,0
5.5454,4.7346,1.027,0.87497,8.5267,0
5.6473,4.8221,0.984,0.87089,8.6062,0
5.7375,4.9092,0.87482,0.8552,8.683,0
5.7375,4.9947,0,0.84582,8.7615,0.78855
5.9193,5.0793,0.73906,0.83339,8.8515,0
5.9193,5.1626,0,0.80147,8.9313,0.56436
6.0468,5.2428,0.53303,0.76911,9.0155,0
6.0914,5.3197,0.39151,0.72633,9.0989,0
6.1332,5.3923,0.17351,0.68705,9.1787,0
6.1332,5.461,0,0.63726,9.2493,0.18732
6.1451,5.5248,-0.27855,0.55916,9.3046,1.2039
6.1241,5.5807,-0.49758,0.48423,9.3592,2.2911
6.0706,5.6291,-0.60851,0.38969,9.4114,2.8414
6.0053,5.6681,-0.62072,0.29519,9.4444,2.7708
5.9438,5.6976,-0.57162,0.21435,9.4817,2.3539
5.8784,5.719,-0.47283,0.13807,9.4941,1.7231
5.8784,5.7328,0,0.084015,9.5093,0
5.8038,5.7412,-0.24267,0.053914,9.5135,0.67982
5.7833,5.7466,-0.12982,0.031557,9.5157,0.3168
5.7621,5.7498,-0.041407,0.010621,9.5263,0.089402
5.7527,5.7508,0.0052171,0.0015922,9.5226,0
5.7609,5.751,0.06034,0.0085262,9.5183,0
5.7624,5.7518,0.12947,0.0090356,9.5215,0
5.7724,5.7528,0.1386,0.016859,9.5214,0
5.7724,5.7544,0,0.034433,9.5233,0.037272
5.7989,5.7579,0.16878,0.035335,9.5433,0
5.7989,5.7614,0,0.047785,9.5472,0.025643
5.7989,5.7662,0,0.062544,9.5508,0.069684
5.8368,5.7724,-0.12155,0.055194,9.5497,0.29343
5.8368,5.778,0,0.03949,9.5559,0
5.7726,5.7819,-1.0072,-0.0023241,9.5648,5.2107
5.6736,5.7817,-1.555,-0.026836,9.5682,11.856
5.6736,5.779,0,-0.066914,9.5575,0.076059
5.6736,5.7723,0,-0.11824,9.5473,0
5.0486,5.7605,-2.8794,-0.1794,9.46,11.578
4.7544,5.7425,-2.9891,-0.25215,9.3696,11.875
4.4633,5.7173,-3.0851,-0.32511,9.2534,12.142
4.1585,5.6848,-3.138,-0.40307,9.1161,12.345
3.8467,5.6445,-3.1462,-0.48536,8.9532,12.465
3.8467,5.596,0,-0.57392,8.7759,2.5656
3.2163,5.5386,-3.1775,-0.66452,8.5365,12.629
3.2163,5.4721,0,-0.76163,8.3076,3.2938
2.5825,5.396,-3.1084,-0.86744,8.0209,12.475
2.268,5.3092,-3.0738,-0.97799,7.7363,12.332
1.967,5.2114,-2.9683,-8.8,7.4168,0
1.6623,4.3314,-2.7282,-8.8,7.1301,0
1.3956,3.4514,-2.4739,-0.5012,6.9024,9.4327
1.1566,3.4013,-2.2423,-8.8,6.6874,0
0.94109,2.5213,-1.9635,-0.30285,6.5025,7.4996
0.94109,2.491,0,-0.34529,6.346,2.8428
0.55637,2.4565,-1.6504,-8.8,6.1562,0
0.39409,1.5765,-1.5738,-0.15579,6.001,5.7946
0.2439,1.5609,-1.3713,-0.17726,5.8856,5.5908
0.10887,1.5432,-1.1421,-8.8,5.7433,0
-0.0094853,0.66319,-0.91563,-0.91563,5.6413,1.379
-0.1045,0.57162,-0.69375,-0.69375,5.5761,1.3861
-0.18297,0.50225,-0.49382,-0.49382,5.5126,1.4047
-0.2268,0.45287,-0.36726,-0.36726,5.4386,1.3933
-0.26743,0.41614,-0.25783,-0.25783,5.3798,1.4013
-0.29738,0.39036,-0.12262,-0.12262,5.3203,1.4099
-0.31209,0.3781,0.051013,0.051013,5.2473,1.4149
-0.31209,0.3832,0,-8.8,5.178,0
-0.28784,0,0.45583,0.45583,5.1491,0.59007
-0.24009,0.045583,0.63477,0.63477,5.1147,0.58564
-0.16961,0.10906,0.75683,0.75683,5.0775,0.57127
-0.16961,0.18474,0,-8.8,5.0459,0
-0.16961,0,0,0.88549,5.0544,2.2083
0.099462,0.088549,0.92325,0.92325,5.0864,0
0.18515,0.18087,0.93801,-8.8,5.0841,0
0.28658,0,0.95393,0.95393,5.1391,0
0.37821,0.095393,0.96586,0.96586,5.1748,0
0.47598,0.19198,0.95109,0.95109,5.1933,0
0.56975,0.28709,0.93401,0.93401,5.2174,0
0.65852,0.38049,0.93015,0.93015,5.2398,0
0.7495,0.4735,0.92567,0.92567,5.274,0
0.84607,0.56607,0.95425,0.95425,5.3091,0
0.93754,0.6615,1.0378,1.0378,5.3363,0
1.0387,0.76527,1.1746,-8.8,5.3555,0
1.1597,0,1.3329,1.3329,5.4368,0
1.2854,0.13329,1.4909,1.4909,5.5582,0
1.4304,0.28238,1.6146,1.6146,5.6684,0
1.6014,0.44384,1.7059,1.7059,5.7819,0
1.7625,0.61443,1.7852,1.7852,5.9063,0
1.9446,0.79295,1.882,1.882,6.0151,0
2.1372,0.98115,1.9832,4.9,6.1219,9.9661
2.3448,1.4711,2.0823,4.9,6.2238,10.415
2.5478,1.9611,2.1629,2.1049,6.2915,0
2.5478,2.1716,0,1.8404,6.3396,8.2163
2.5478,2.3557,0,1.7197,6.368,8.1746
3.2188,2.5277,2.2379,1.6667,6.4817,0
3.4363,2.6943,2.2892,1.6243,6.5537,0
3.6687,2.8568,2.346,1.6287,6.6311,0
3.9043,3.0196,2.4204,1.6377,6.7232,0
4.1416,3.1834,2.4456,1.6436,6.8144,0
4.1416,3.3478,0,1.6657,6.902,5.1127
4.6378,3.5143,2.3783,1.6762,7.0137,0
4.8839,3.682,2.3276,1.6853,7.1384,0
5.1248,3.8505,2.2743,1.6829,7.2589,0
5.1248,4.0188,0,1.6776,7.378,3.8867
5.1248,4.1865,0,1.6601,7.4802,4.4681
5.8041,4.3525,2.1479,1.6422,7.6778,0
6.0205,4.5168,2.1103,1.6255,7.82,0
6.2294,4.6793,1.9813,1.6054,7.9636,0
6.4197,4.8399,1.8458,1.5723,8.113,0
6.6013,4.9971,1.7372,1.5396,8.2695,0
6.7757,5.1511,1.6381,1.5084,8.4343,0
6.9413,5.3019,1.5565,1.4761,8.6021,0
6.9413,5.4495,0,1.4468,8.7586,1.112
6.9413,5.5942,0,1.4286,8.9006,1.5286
7.4292,5.737,1.7955,1.4076,9.1254,0
7.605,5.8778,1.7865,1.4035,9.3015,0
7.605,6.0182,0,1.3957,9.4672,0.53956
7.9497,6.1577,1.701,1.393,9.657,0
8.11,6.297,1.618,1.3793,9.83,0
8.2659,6.435,1.4369,1.3666,10.021,0
8.4163,6.5716,1.3113,1.3502,10.197,0
8.5382,6.7066,1.1591,1.3168,10.383,0
8.6535,6.8383,0.96866,1.2828,10.562,0
8.758,6.9666,0.77103,1.2461,10.744,0
8.8425,7.0912,0.62215,1.1997,10.918,0
8.908,7.2111,0.48249,1.1461,11.091,0
8.9635,7.3258,0.24744,1.0922,11.262,0
8.9922,7.435,0.0057176,1.0259,11.421,0
8.9922,7.5376,0,0.94966,11.572,0
8.9671,7.6325,-0.6648,0.86041,11.71,2.53
8.8959,7.7186,-0.87746,0.75175,11.829,4.1523
8.8113,7.7938,-0.74265,0.64471,11.942,3.031
8.7329,7.8582,-0.55757,0.55073,12.043,1.7889
8.6675,7.9133,-0.36579,0.47218,12.123,0.79338
8.6216,7.9605,-0.13811,0.41197,12.196,0
8.6172,8.0017,0.10917,0.38216,12.265,0
8.632,8.0399,0.11096,0.36647,12.331,0
8.6525,8.0766,0.04404,0.3554,12.394,0
8.6655,8.1121,0.022751,0.34024,12.445,0
8.6758,8.1461,0.035437,0.3247,12.503,0
8.6696,8.1786,0.049044,0.30003,12.552,0
8.6736,8.2086,0.077355,0.28354,12.608,0
8.6774,8.237,0.26159,0.26809,12.663,0
8.6774,8.2638,0,0.27033,12.706,0
8.7606,8.2908,0.92068,0.28449,12.744,0
8.8583,8.3193,1.2714,0.32567,12.795,0
8.9812,8.3518,1.5922,0.37946,12.859,0.70502
9.1394,8.3898,1.7604,0.45053,12.922,1.1047
9.3181,8.4348,1.7704,0.52905,13.003,0.93521
9.49,8.4877,1.5395,0.59798,13.099,0
9.6476,8.5475,1.351,0.65316,13.2,0
9.6476,8.6128,0,0.68773,13.307,0
9.8927,8.6816,0.73162,0.71143,13.43,0
9.9715,8.7528,-0.020917,0.71207,13.554,0
9.9607,8.824,-0.71893,0.66062,13.68,2.4666
9.8868,8.89,-1.3007,0.57578,13.779,7.962
9.7561,8.9476,-1.5374,0.46459,13.866,11.119
9.5933,8.9941,-1.3403,0.34281,13.929,8.4887
9.5933,9.0283,0,0.24839,13.987,0
9.3735,9.0532,-0.42594,0.18239,14.029,1.1722
9.323,9.0714,-0.025812,0.14303,14.058,0
9.323,9.0857,0,0.13849,14.082,0
9.3242,9.0996,-0.011207,0.12732,14.09,0
9.3137,9.1123,0.36599,0.11409,14.117,0
9.3449,9.1237,0.63774,0.12522,14.139,0
9.3449,9.1362,0,0.15319,14.16,0
9.4879,9.1516,1.0289,0.1901,14.198,0
9.4879,9.1706,0,0.23349,14.23,0
9.4879,9.1939,0,0.28017,14.261,0.031856
9.8094,9.2219,1.3927,0.3304,14.323,0.25583
9.9501,9.255,1.6066,0.38995,14.378,0.78771
10.107,9.294,1.8386,0.45512,14.453,1.4804
10.3,9.3395,2.0812,0.53618,14.542,2.2898
10.505,9.3931,2.231,0.61836,14.643,2.7633
10.723,9.4549,2.2075,0.70305,14.766,2.4354
10.945,9.5252,2.1713,0.78355,14.901,2.069
11.162,9.6036,2.0764,0.85617,15.052,1.4741
11.366,9.6892,1.9113,0.91644,15.213,0.65502
11.55,9.7809,1.679,0.96109,15.388,0
11.708,9.877,1.4909,0.98871,15.559,0
11.852,9.9758,1.4914,1.0068,15.749,0
12.01,10.077,1.588,1.0319,15.948,0
12.176,10.18,1.727,1.059,16.148,0
12.355,10.286,1.9167,1.0918,16.357,0.3668
12.543,10.395,2.0806,1.1261,16.564,1.0024
12.745,10.507,2.0548,1.1651,16.78,0.82607
12.942,10.624,1.9799,1.1999,17.017,0.45019
13.139,10.744,1.9112,1.2321,17.258,0.1187
13.322,10.867,1.9142,1.2538,17.492,0.11359
13.322,10.992,0,1.2785,17.731,0
13.7,11.12,1.9731,1.3009,18,0.3196
13.904,11.25,2.005,1.3287,18.255,0.43376
14.095,11.383,2.0415,1.3493,18.527,0.58858
14.302,11.518,2.0567,1.3764,18.808,0.63702
14.507,11.656,2.0732,1.3998,19.082,0.70758
14.717,11.796,2.0799,1.4255,19.377,0.72693
14.918,11.938,2.0899,1.4441,19.673,0.78155
15.124,12.083,2.0809,1.4646,19.976,0.74383
15.327,12.229,2.0787,1.4824,20.29,0.74438
15.327,12.378,0,1.5002,20.592,0
15.327,12.528,0,1.5181,20.88,0
15.939,12.679,2.0722,1.5309,21.256,0.76943
16.147,12.832,2.0547,1.5468,21.59,0.70509
16.355,12.987,2.0187,1.5617,21.918,0.55826
16.556,13.143,2.0073,1.5722,22.256,0.53766
16.556,13.3,0,1.5867,22.59,0
16.556,13.459,0,1.5945,22.907,0
16.556,13.619,0,1.5996,23.209,0
17.35,13.779,2.053,1.6068,23.675,0.92777
17.562,13.939,2.0497,1.6197,24.028,0.95213
17.767,14.101,2.0781,1.6286,24.383,1.1513
17.979,14.264,2.077,1.6413,24.757,1.187
18.193,14.428,2.0822,1.654,25.134,1.2594
18.396,14.594,2.0965,1.6614,25.519,1.389
18.607,14.76,2.1164,1.671,25.897,1.5535
18.811,14.927,2.1072,1.6773,26.278,1.5651
19.021,15.095,2.1148,1.6863,26.672,1.6632
19.021,15.263,0,1.6999,27.056,0
19.442,15.433,2.0736,1.7034,27.47,1.5501
19.442,15.604,0,1.7077,27.862,0
19.858,15.774,2.0725,1.7167,28.275,1.6719
20.069,15.946,2.0651,1.7242,28.687,1.6932
20.276,16.118,2.0671,1.7296,29.103,1.7711
20.481,16.291,2.0893,1.7336,29.516,1.972
20.697,16.465,2.1113,1.7424,29.93,2.1726
20.913,16.639,2.0715,1.7512,30.363,2.0017
20.913,16.814,0,1.7557,30.782,0
21.316,16.99,2.0552,1.755,31.226,2.0532
21.522,17.165,2.063,1.7591,31.668,2.1701
21.726,17.341,2.0354,1.7616,32.099,2.0819
21.921,17.517,2.0253,1.7611,32.543,2.0947
21.921,17.693,0,1.7645,32.975,0
21.921,17.87,0,1.7639,33.389,0
22.527,18.046,1.911,1.7675,33.883,1.6274
22.71,18.223,1.8622,1.7622,34.337,1.4108
22.71,18.399,0,1.7556,34.777,0
23.064,18.575,1.7531,1.7466,35.219,0.92615
23.234,18.749,1.6898,1.7373,35.669,0.63376
23.413,18.923,1.6333,1.7316,36.121,0.38102
23.567,19.096,1.5677,1.7171,36.569,0.086225
23.733,19.268,1.5624,1.7078,37.015,0.11775
23.897,19.439,1.5701,1.6987,37.467,0.21687
24.053,19.609,1.5437,1.6864,37.908,0.13273
24.053,19.777,0,1.6774,38.344,0
24.053,19.945,0,1.6649,38.763,0
24.53,20.111,1.5583,1.657,39.233,0.38106
24.69,20.277,1.4984,1.6485,39.673,0.10524
24.834,20.442,1.4627,1.6348,40.117,0
24.98,20.606,1.3834,1.6223,40.55,0
25.11,20.768,1.2719,1.6046,40.984,0
25.243,20.928,1.1857,1.5886,41.412,0
25.363,21.087,1.1235,1.5688,41.834,0
25.477,21.244,1.0893,1.5474,42.249,0
25.59,21.399,1.0854,1.5269,42.67,0
25.695,21.551,1.0906,1.505,43.092,0
25.805,21.702,1.0782,1.4859,43.511,0
25.913,21.85,1.0817,1.467,43.928,0
25.913,21.997,0,1.4464,44.327,0
26.115,22.142,0.92386,1.4258,44.721,0
26.201,22.284,0.84335,1.4011,45.106,0
26.288,22.424,0.79419,1.378,45.491,0
26.376,22.562,0.74273,1.3566,45.87,0
26.443,22.698,0.79436,1.3283,46.245,0
26.526,22.831,0.88329,1.3073,46.617,0
26.619,22.961,0.9798,1.2907,46.991,0
26.619,23.091,0,1.279,47.35,0
26.828,23.218,1.1267,1.2673,47.711,0
26.95,23.345,1.1305,1.2628,48.081,0
27.054,23.471,1.1226,1.2524,48.45,0
27.054,23.597,0,1.2432,48.802,0
27.268,23.721,1.1086,1.2346,49.178,0
27.377,23.844,1.0828,1.2267,49.529,0
27.377,23.967,0,1.22,49.876,0
27.594,24.089,0.98237,1.2116,50.236,0
27.698,24.21,0.89646,1.2033,50.594,0
27.78,24.331,0.82424,1.1871,50.931,0
27.867,24.449,0.74833,1.1735,51.268,0
27.946,24.567,0.72284,1.1578,51.602,0
28.019,24.682,0.57312,1.1409,51.94,0
28.069,24.797,0.77828,1.1166,52.269,0
