15,15,-0.26597,0,35.5,0.74523
14.98,15,-0.36041,-0.0016136,35.491,1.1586
14.941,15,-0.37805,-0.0046671,35.492,1.3358
14.909,14.999,-0.40684,-0.0071927,35.48,1.5509
14.867,14.999,-0.41471,-0.01051,35.477,1.7046
14.825,14.998,-0.38845,-0.01384,35.459,1.6996
14.776,14.996,-0.39856,-0.017653,35.432,1.8822
14.737,14.994,-0.34965,-0.020615,35.41,1.7575
14.701,14.992,-0.27935,-0.023417,35.386,1.5435
14.701,14.99,0,-0.025367,35.357,0.57266
14.655,14.988,-0.15172,-0.026761,35.326,1.151
14.655,14.985,0,-0.027056,35.293,0.66307
14.638,14.982,-0.11523,-0.02774,35.264,1.0508
14.625,14.979,-0.12476,-0.02867,35.23,1.1099
14.625,14.976,0,-0.029942,35.195,0.70765
14.625,14.973,0,-0.031885,35.16,0.69513
14.561,14.97,-0.14696,-0.033212,35.107,1.3217
14.537,14.967,-0.16662,-0.034965,35.074,1.4487
14.521,14.963,-0.16304,-0.036027,35.03,1.4659
14.503,14.96,-0.11477,-0.037253,34.989,1.321
14.489,14.956,-0.1251,-0.038194,34.938,1.3846
14.485,14.952,-0.18895,-0.038308,34.884,1.6323
14.457,14.949,-0.14841,-0.040396,34.841,1.535
14.444,14.944,-0.07813,-0.041166,34.796,1.2966
14.444,14.94,0,-0.040889,34.747,1.0292
14.444,14.936,0,-0.040417,34.697,1.0203
14.451,14.932,0.052646,-0.039858,34.649,0.84137
14.451,14.928,0,-0.038496,34.601,0.98952
14.467,14.924,0.11242,-0.037958,34.574,0.6338
14.477,14.921,0.087228,-0.036877,34.528,0.66835
14.49,14.917,0.14963,-0.035565,34.493,0.48737
14.507,14.913,0.17401,-0.033962,34.443,0.39721
14.517,14.91,0.085295,-0.032855,34.405,0.5703
14.521,14.907,0.075432,-0.032338,34.358,0.58045
14.533,14.903,0.097623,-0.031103,34.312,0.49557
14.546,14.9,0.096776,-0.029755,34.282,0.46501
14.552,14.897,0.097399,-0.029064,34.254,0.44662
14.552,14.894,0,-0.028297,34.219,0.68979
14.552,14.892,0,-0.028093,34.185,0.68363
14.572,14.889,0.13209,-0.026732,34.165,0.31522
14.589,14.886,0.11964,-0.025091,34.132,0.30409
14.6,14.884,0.094504,-0.02399,34.096,0.33256
14.6,14.881,0,-0.022806,34.067,0.55982
14.613,14.879,0.016055,-0.0226,34.037,0.48479
14.618,14.877,-0.053408,-0.022038,34.006,0.6591
14.617,14.874,-0.087083,-0.021941,33.987,0.75655
14.617,14.872,0,-0.021954,33.961,0.50397
14.612,14.87,0.049966,-0.021977,33.947,0.3845
14.611,14.868,0.037102,-0.021886,33.921,0.41258
14.611,14.866,0,-0.021106,33.895,0.5031
14.611,14.864,0,-0.020903,33.87,0.49879
14.611,14.861,0,-0.021395,33.845,0.49272
14.596,14.859,-0.14187,-0.022624,33.803,0.9463
14.573,14.857,-0.05581,-0.02438,33.777,0.71979
14.576,14.855,0.073012,-0.023949,33.758,0.37132
14.579,14.852,0.14972,-0.023476,33.734,0.19945
14.585,14.85,0.13794,-0.022856,33.702,0.20849
14.608,14.848,0.10394,-0.020687,33.679,0.23013
14.608,14.846,0,-0.01997,33.655,0.46845
14.633,14.844,0.090215,-0.018165,33.617,0.20309
14.644,14.842,0.091221,-0.017141,33.599,0.17878
14.65,14.84,0.11983,-0.016448,33.576,0.10761
14.667,14.838,0.095714,-0.014886,33.554,0.12139
14.673,14.837,0.069329,-0.0142,33.532,0.16001
14.686,14.835,0.12332,-0.013005,33.515,0.030344
14.689,14.834,0.20821,-0.012629,33.5,0
14.705,14.833,0.16904,-0.011095,33.496,0
14.705,14.832,0,-0.0089315,33.483,0.24762
14.705,14.831,0,-0.0078789,33.47,0.24817
14.705,14.83,0,-0.0076117,33.458,0.24708
14.754,14.829,0.11567,-0.0065299,33.447,0
14.763,14.829,0.1824,-0.0057449,33.44,0
14.777,14.828,0.27275,-0.0044846,33.431,0
14.777,14.828,0,-0.0023648,33.426,0.10087
14.84,14.827,0.30023,0.0065418,33.429,0
14.871,14.828,0.32534,0.023453,33.424,0
14.899,14.83,0.36055,0.037291,33.436,0
14.933,14.834,0.37336,0.053429,33.443,0
14.933,14.84,0,0.075577,33.452,0
14.933,14.847,0,0.087496,33.461,0.012957
15.054,14.856,0.36901,0.10733,33.494,0
15.085,14.867,0.40263,0.11774,33.512,0
15.133,14.878,0.41955,0.1372,33.539,0
15.183,14.892,0.41521,0.15675,33.574,0
15.183,14.908,0,0.17457,33.602,0
15.287,14.925,0.44985,0.19489,33.635,0
15.287,14.945,0,0.20616,33.67,0
15.358,14.965,0.41189,0.21056,33.7,0
15.392,14.986,0.46355,0.21737,33.736,0
15.447,15.008,0.45968,0.23508,33.779,0
15.447,15.032,0,0.24484,33.822,0
15.549,15.056,0.52967,0.26292,33.872,0
15.6,15.082,0.49045,0.2755,33.914,0
15.655,15.11,0.52829,0.28984,33.966,0
15.717,15.139,0.53069,0.30679,34.019,0
15.717,15.17,0,0.31706,34.075,0
15.813,15.201,0.47177,0.32331,34.144,0
15.854,15.234,0.45103,0.32753,34.214,0
15.854,15.266,0,0.33823,34.274,0
15.854,15.3,0,0.3476,34.331,0
15.854,15.335,0,0.35514,34.385,0
16.071,15.37,0.51241,0.36668,34.469,0
16.122,15.407,0.51134,0.37374,34.543,0
16.167,15.445,0.4437,0.37663,34.613,0
16.205,15.482,0.42989,0.37587,34.677,0
16.243,15.52,0.42698,0.37558,34.757,0
16.293,15.557,0.43489,0.38101,34.833,0
16.344,15.595,0.4586,0.38701,34.902,0
16.386,15.634,0.46428,0.38785,34.98,0
16.434,15.673,0.44934,0.39173,35.059,0
16.434,15.712,0,0.39479,35.133,0
16.523,15.752,0.39469,0.39496,35.2,0
16.523,15.791,0,0.39293,35.275,0
16.596,15.83,0.31807,0.39046,35.345,0
16.63,15.869,0.28216,0.38662,35.413,0
16.665,15.908,0.24053,0.38405,35.486,0
16.694,15.946,0.22706,0.37827,35.556,0
16.694,15.984,0,0.36802,35.629,0
16.694,16.021,0,0.35681,35.698,0
16.765,16.057,0.21994,0.35611,35.767,0
16.765,16.092,0,0.35121,35.836,0
16.807,16.128,0.15322,0.34056,35.89,0
16.822,16.162,0.10477,0.33013,35.951,0
16.842,16.195,0.11027,0.32302,36.009,0
16.853,16.227,0.1355,0.31172,36.071,0
16.865,16.258,0.17995,0.30156,36.134,0
16.878,16.288,0.21332,0.29266,36.192,0
16.902,16.317,0.1762,0.2898,36.242,0
16.924,16.346,0.1177,0.28553,36.304,0
16.94,16.375,0.096023,0.2791,36.369,0
16.949,16.403,0.079202,0.26921,36.431,0
16.954,16.43,0.090336,0.25849,36.487,0
16.954,16.456,0,0.24982,36.538,0
16.972,16.481,0.23606,0.24141,36.587,0
16.972,16.505,0,0.24119,36.635,0
17.028,16.529,0.33502,0.24477,36.686,0
17.028,16.553,0,0.2518,36.735,0
17.104,16.579,0.39284,0.25688,36.787,0
17.143,16.604,0.40128,0.26306,36.843,0
17.177,16.631,0.39913,0.26658,36.902,0
17.207,16.657,0.38179,0.26794,36.967,0
17.247,16.684,0.38393,0.27408,37.023,0
17.284,16.711,0.39041,0.27823,37.075,0
17.332,16.739,0.39002,0.28738,37.132,0
17.332,16.768,0,0.29248,37.19,0
17.404,16.797,0.39046,0.29376,37.253,0
17.437,16.827,0.35788,0.29482,37.316,0
17.471,16.856,0.33059,0.29656,37.383,0
17.496,16.886,0.29213,0.29382,37.448,0
17.528,16.915,0.27774,0.29489,37.504,0
17.554,16.945,0.26252,0.29242,37.559,0
17.589,16.974,0.22576,0.29501,37.62,0
17.61,17.003,0.19923,0.29049,37.673,0
17.61,17.032,0,0.28399,37.732,0
17.61,17.061,0,0.27435,37.788,0
17.655,17.088,0.16847,0.27019,37.846,0
17.664,17.115,0.16534,0.26109,37.894,0
17.681,17.141,0.17036,0.25677,37.956,0
17.708,17.167,0.20465,0.25685,38.011,0
17.72,17.193,0.20061,0.24994,38.059,0
17.734,17.218,0.16373,0.24482,38.121,0
17.749,17.242,0.17267,0.23982,38.181,0
17.775,17.266,0.1567,0.24074,38.237,0
17.785,17.29,0.12345,0.23367,38.293,0
17.785,17.314,0,0.2282,38.342,0
17.806,17.336,0.1251,0.2212,38.395,0
17.819,17.359,0.12685,0.21676,38.436,0
17.832,17.38,0.12743,0.21228,38.479,0
17.838,17.401,0.088919,0.205,38.524,0
17.853,17.422,0.033997,0.20253,38.565,0
17.863,17.442,-0.039728,0.19736,38.597,0
17.85,17.462,-0.12226,0.1819,38.639,0
17.844,17.48,-0.21214,0.17006,38.674,0.16786
17.844,17.497,0,0.14982,38.71,0
17.787,17.512,-0.32992,0.12833,38.743,0.68032
17.754,17.525,-0.36948,0.10681,38.773,0.88916
17.716,17.536,-0.4022,0.084339,38.784,1.0804
17.681,17.544,-0.39735,0.063747,38.795,1.1083
17.632,17.55,-0.38659,0.038107,38.81,1.1235
17.595,17.554,-0.39676,0.019193,38.81,1.2121
17.595,17.556,0,-0.00043041,38.814,0
17.52,17.556,-0.40176,-0.002968,38.807,1.3788
17.52,17.556,0,-0.0066407,38.804,0.060143
17.423,17.555,-0.43191,-0.010826,38.794,1.788
17.386,17.554,-0.41869,-0.013725,38.774,1.8259
17.386,17.553,0,-0.016594,38.757,0.31629
17.386,17.551,0,-0.01941,38.74,0.30585
17.386,17.549,0,-0.02327,38.724,0.29237
17.214,17.547,-0.41904,-0.027303,38.684,2.31
17.214,17.544,0,-0.030486,38.651,0.65323
17.129,17.541,-0.39356,-0.03391,38.616,2.4152
17.088,17.538,-0.38403,-0.037078,38.576,2.4786
17.043,17.534,-0.36945,-0.040553,38.538,2.527
17.014,17.53,-0.39151,-0.042715,38.494,2.7189
16.981,17.526,-0.41096,-0.045204,38.435,2.9129
16.981,17.521,0,-0.048165,38.381,1.1189
16.981,17.516,0,-0.051491,38.327,1.0963
16.981,17.511,0,-0.054906,38.274,1.0728
16.981,17.506,0,-0.05741,38.221,1.0513
16.771,17.5,-0.4429,-0.061204,38.114,3.6813
16.727,17.494,-0.4049,-0.064542,38.038,3.5738
16.688,17.487,-0.39749,-0.067507,37.954,3.6337
16.65,17.481,-0.37836,-0.07035,37.874,3.6195
16.617,17.474,-0.35449,-0.072826,37.783,3.5625
16.573,17.466,-0.32359,-0.076234,37.69,3.5006
16.533,17.459,-0.34865,-0.07932,37.593,3.7466
16.499,17.451,-0.35842,-0.08181,37.494,3.8843
16.473,17.443,-0.39345,-0.083698,37.394,4.1554
16.435,17.434,-0.42591,-0.086528,37.305,4.4579
16.386,17.425,-0.42901,-0.090421,37.205,4.6146
16.342,17.416,-0.41966,-0.093874,37.091,4.6691
16.303,17.407,-0.40072,-0.096866,36.989,4.644
16.264,17.397,-0.38964,-0.099837,36.879,4.667
16.221,17.387,-0.41495,-0.10322,36.76,4.9432
16.221,17.377,0,-0.10643,36.644,2.6268
16.124,17.366,-0.66157,-0.111,36.515,7.0892
16.05,17.355,-0.75245,-0.11718,36.391,8.1459
15.969,17.344,-0.75666,-0.12415,36.254,8.4682
15.884,17.331,-0.71785,-0.13135,36.116,8.394
15.804,17.318,-0.64356,-0.13836,35.961,7.9857
15.746,17.304,-0.55353,-0.14332,35.802,7.3791
15.683,17.29,-0.49417,-0.14868,35.645,7.0709
15.624,17.275,-0.51872,-0.15374,35.491,7.4313
15.571,17.26,-0.54275,-0.1584,35.319,7.7698
15.517,17.244,-0.54301,-0.16314,35.14,7.9092
15.517,17.228,0,-0.16881,34.968,4.1296
15.517,17.211,0,-0.17397,34.798,4.0476
15.346,17.193,-0.60102,-0.17837,34.607,8.8638
15.285,17.175,-0.62474,-0.18406,34.417,9.2475
15.285,17.157,0,-0.18957,34.229,4.5837
15.17,17.138,-0.62616,-0.19494,34.012,9.5498
15.112,17.119,-0.58878,-0.20047,33.805,9.3403
15.044,17.098,-0.55468,-0.20707,33.607,9.2083
15.044,17.078,0,-0.21262,33.402,5.0374
14.938,17.057,-0.50486,-0.21733,33.195,8.9853
14.893,17.035,-0.4811,-0.22171,32.983,8.8508
14.844,17.013,-0.4756,-0.22657,32.772,8.8912
14.799,16.99,-0.47283,-0.23112,32.554,8.9375
14.756,16.967,-0.49342,-0.23544,32.34,9.1793
14.713,16.943,-0.57592,-0.23968,32.127,9.991
14.655,16.919,-0.6583,-0.24575,31.908,10.915
14.655,16.895,0,-0.25276,31.683,5.569
14.655,16.869,0,-0.26095,31.461,5.4324
14.43,16.843,-0.77425,-0.2703,31.21,12.7
14.351,16.816,-0.70189,-0.27936,30.964,12.111
14.289,16.788,-0.63552,-0.28635,30.718,11.53
14.289,16.76,0,-0.29318,30.47,6.2034
14.289,16.73,0,-0.29889,30.224,6.0611
14.118,16.701,-0.56427,-0.3067,29.96,11.072
14.065,16.67,-0.62048,-0.31312,29.7,11.689
14.006,16.639,-0.68648,-0.32039,29.442,12.458
13.935,16.607,-0.76395,-0.32943,29.173,13.437
13.85,16.574,-0.74113,-0.34039,28.902,13.364
13.85,16.54,0,-0.35002,28.631,6.7162
13.701,16.505,-0.57969,-0.36042,28.332,11.887
13.639,16.469,-0.4846,-0.36882,28.055,11.017
13.589,16.432,-0.416,-0.37584,27.771,10.389
13.589,16.394,0,-0.38063,27.488,6.981
13.589,16.356,0,-0.38563,27.21,6.8047
13.472,16.317,-0.46772,-0.3929,26.932,10.75
13.472,16.278,0,-0.39921,26.649,6.8805
13.378,16.238,-0.43821,-0.40681,26.364,10.439
13.326,16.198,-0.41016,-0.41492,26.07,10.179
13.281,16.156,-0.38051,-0.42189,25.788,9.8863
13.24,16.114,-0.31281,-0.42822,25.504,9.2606
13.218,16.071,-0.30332,-0.43166,25.225,9.0665
13.189,16.028,-0.29122,-0.4364,24.94,8.8741
13.153,15.984,-0.28367,-0.44193,24.663,8.7396
13.126,15.94,-0.28628,-0.44627,24.384,8.6567
13.097,15.895,-0.31259,-0.45111,24.101,8.7658
13.097,15.85,0,-0.45488,23.823,6.3614
13.038,15.805,-0.36581,-0.46066,23.543,8.9886
13.038,15.759,0,-0.46544,23.268,6.1799
12.966,15.712,-0.45622,-0.47226,22.999,9.5788
12.966,15.665,0,-0.48054,22.726,6.0187
12.842,15.617,-1.2744,-0.49375,22.437,19.152
12.724,15.568,-1.9004,-0.5152,22.146,31.021
12.541,15.516,-2.5115,-0.549,21.858,48.173
12.541,15.461,0,-0.5975,21.563,6.1981
11.985,15.401,-3.2213,-0.6569,21.215,78.878
11.656,15.336,-3.029,-0.7237,20.868,70.946
11.656,15.263,0,-0.79003,20.503,7.6992
11.067,15.184,-2.3467,-0.85299,20.09,47.737
10.827,15.099,-2.0286,-0.91019,19.678,39.456
10.616,15.008,-1.6974,-0.96428,19.247,32.077
10.616,14.912,0,-1.0132,18.813,9.0758
10.3,14.81,-1.0396,-1.0553,18.359,20.452
10.3,14.705,0,-1.0927,17.914,9.0296
10.107,14.595,-0.53393,-1.1249,17.444,13.624
10.062,14.483,-0.41827,-1.1467,16.996,12.02
10.024,14.368,-0.39187,-1.1672,16.551,11.277
9.9827,14.252,-0.41585,-1.1875,16.121,10.992
9.9437,14.133,-0.57561,-1.2061,15.702,11.912
9.8933,14.012,-0.90621,-1.2291,15.279,14.825
9.8115,13.889,-1.2784,-1.2613,14.865,19.163
9.8115,13.763,0,-1.3096,14.463,6.2001
9.5081,13.632,-2.2259,-1.3696,14.064,37.301
9.5081,13.495,0,-1.4517,13.659,5.678
9.0191,13.35,-2.843,-1.5566,13.224,56.684
8.7331,13.194,-2.8536,-1.6729,12.79,56.515
8.4521,13.027,-2.7402,-1.7967,12.333,51.244
8.1692,12.847,-2.4832,-1.9252,11.88,41.408
7.9243,12.655,-2.2139,-2.0481,11.407,32.472
7.71,12.45,-1.972,-4.4,10.932,4.7613
7.5134,12.01,-1.9293,-5.2,10.473,68.398
7.5134,11.49,0,-5.2,10.05,83.194
7.5134,10.97,0,-5.2,9.6778,116.79
6.9544,10.45,-1.607,-5.2,9.272,493.37
6.7909,9.9301,-1.4334,-5.2,8.9355,142.01
6.6561,9.4101,-1.2025,-5.2,8.6446,89.364
6.5436,8.8901,-1.0289,-5.2,8.3876,72.215
6.436,8.3701,-1.2377,-5.2,8.1777,65.125
6.3028,7.8501,-1.8607,-5.2,8.0138,86.094
6.3028,7.3301,0,-5.2,7.8851,59.084
5.8691,6.8101,-3.5137,-5.2,7.7588,0
5.8691,6.2901,0,-5.2,7.6907,42.159
5.0451,5.7701,-5.4979,-8.8,7.6133,0
4.4993,4.8901,-5.3695,-0.11951,7.5578,14.029
3.9563,4.8782,-5.1082,-0.28506,7.495,13.984
3.4391,4.8497,-4.9873,-8.8,7.3878,0
2.9305,3.9697,-4.9792,-0.2703,7.2732,13.31
2.4241,3.9426,-5.3036,-0.40279,7.1552,14.437
1.8999,3.9024,-6.2141,-0.5473,6.9796,16.738
1.2754,3.8476,-6.9677,-8.8,6.7535,1.423
0.5866,2.9676,-6.9065,-0.5438,6.5051,18.551
-0.11173,2.9133,-6.1492,-8.8,6.2329,0.93113
-0.72608,2.0333,-5.0022,-8.8,5.9358,0
-1.2261,1.1533,-3.5184,-0.24526,5.675,12.055
-1.5758,1.1287,-2.0551,-8.8,5.4228,0
-1.7806,0.24873,-1.0458,-1.0458,5.1943,4.4599
-1.8892,0.14415,-0.37953,-8.8,4.9908,0
-1.9172,0,0.094052,-8.8,4.8339,0
-1.9172,0,0,-8.8,4.6862,0
-1.9172,0,0,-8.8,4.5384,0
-1.9172,0,0,-8.8,4.3907,0
-1.8252,0,0.26067,-8.8,4.2686,0
-1.7943,0,0.24464,-8.8,4.137,0
-1.7712,0,0.24361,-8.8,3.9961,0
-1.7434,0,0.24525,-8.8,3.8673,0
-1.7434,0,0,-8.8,3.737,0
-1.68,0,0.24581,-8.8,3.6079,0
-1.6526,0,0.2391,-8.8,3.4832,0
-1.6526,0,0,-8.8,3.362,0
-1.6087,0,0.17719,-8.8,3.2406,0
-1.6087,0,0,-8.8,3.1238,0
-1.5818,0,0.1438,-8.8,3.0094,0
-1.5818,0,0,-8.8,2.8953,0
-1.5552,0,0.1505,-8.8,2.7936,0
-1.5401,0,0.14421,-8.8,2.6927,0
-1.5301,0,0.13831,-8.8,2.5913,0
-1.5201,0,0.11699,-8.8,2.4818,0
-1.5079,0,0.10393,-8.8,2.3705,0
-1.5044,0,0.16375,-8.8,2.2678,0
-1.4917,0,0.39135,-8.8,2.1628,0
-1.4444,0,0.76642,-8.8,2.0584,0
-1.3608,0,1.2451,-8.8,1.9606,0
-1.2427,0,1.7504,-8.8,1.8689,0
-1.2427,0,0,-8.8,1.7886,0
-0.85608,0,2.4054,-8.8,1.7556,0
-0.85608,0,0,-8.8,1.714,0
-0.38291,0,2.3705,-8.8,1.7123,0
-0.15557,0,2.2706,-8.8,1.7258,0
0.077861,0,2.1639,-8.8,1.7577,0
0.30147,0,2.0723,-8.8,1.8269,0
0.51486,0,2.0018,-8.8,1.9053,0
0.70519,0,1.917,-8.8,2.0174,0
0.70519,0,0,-8.8,2.1319,0
1.0608,0,1.7323,-8.8,2.2743,0
1.2306,0,1.6722,-8.8,2.4385,0
1.393,0,1.6627,-8.8,2.6179,0
1.393,0,0,-8.8,2.8012,0
1.393,0,0,-8.8,2.9845,0
1.9066,0,1.6916,-8.8,3.2686,0
1.9066,0,0,-8.8,3.5033,0
2.262,0,1.6486,-8.8,3.7626,0
2.4304,0,1.6083,-8.8,4.0342,0
2.5964,0,1.5585,-8.8,4.3208,0
2.7497,0,1.5098,-8.8,4.6322,0
2.9013,0,1.4697,-8.8,4.9591,0
3.0521,0,1.444,1.444,5.2927,0
3.1899,0.1444,1.4191,1.4191,5.5893,0
3.1899,0.28632,0,1.4013,5.8867,0
3.4607,0.42644,1.3885,1.3885,6.204,0
3.5971,0.5653,1.3251,1.3251,6.5017,0
3.7377,0.6978,1.1904,1.1904,6.8032,0
3.8568,0.81684,1.1072,1.1072,7.1023,0
3.9717,0.92756,1.0702,4.9,7.4048,9.0961
4.0726,1.4176,1.1184,4.9,7.6947,10.497
4.0726,1.9076,0,4.9,7.9357,26.389
4.3167,2.3976,1.3554,4.9,8.1502,11.819
4.3167,2.8876,0,3.7788,8.3176,19.493
4.3167,3.2654,0,2.6534,8.4416,11.365
4.3167,3.5308,0,2.141,8.5335,8.5598
4.8785,3.7449,1.315,1.8457,8.7169,0
5.0078,3.9295,1.3173,1.6397,8.8341,0
5.1377,4.0934,1.3913,1.498,8.934,0
5.276,4.2432,1.4318,1.4082,9.0279,0
5.4132,4.384,1.4667,1.3423,9.1316,0
5.5524,4.5183,1.4814,1.2951,9.2317,0
5.6966,4.6478,1.4869,1.2666,9.3448,0
5.8501,4.7744,1.4639,1.2538,9.4449,0
5.8501,4.8998,0,1.2294,9.5462,1.9063
6.138,5.0228,1.4056,1.2199,9.6716,0
6.2693,5.1447,1.4086,1.1931,9.776,0
6.4099,5.2641,1.4143,1.1829,9.8972,0
6.4099,5.3824,0,1.1808,10.006,1.3915
6.6921,5.5004,1.4099,1.1676,10.134,0
6.8289,5.6172,1.4049,1.1582,10.253,0
6.9611,5.733,1.4127,1.1465,10.375,0
7.0986,5.8477,1.4212,1.1422,10.502,0
7.2347,5.9619,1.4648,1.1376,10.632,0
7.3899,6.0756,1.5236,1.1502,10.758,0
7.3899,6.1907,0,1.151,10.884,0.68037
7.3899,6.3058,0,1.1597,10.998,1.0987
7.839,6.4217,1.496,1.1695,11.173,0
7.9856,6.5387,1.4637,1.1716,11.316,0
8.1343,6.6558,1.4024,1.1764,11.471,0
8.2796,6.7735,1.3663,1.1774,11.622,0
8.4259,6.8912,1.3234,1.1798,11.78,0
8.5608,7.0092,1.2363,1.1738,11.943,0
8.6747,7.1266,1.1439,1.1522,12.098,0
8.787,7.2418,1.075,1.1321,12.249,0
8.8978,7.355,1.0016,1.1142,12.409,0
9.0058,7.4664,0.98979,1.096,12.56,0
9.0058,7.576,0,1.0729,12.709,0
9.2021,7.6833,1.0182,1.0533,12.868,0
9.3137,7.7886,1.0511,1.044,13.01,0
9.3137,7.893,0,1.033,13.157,0
9.5351,7.9963,1.0773,1.0295,13.321,0
9.6495,8.0993,1.1144,1.0261,13.481,0
9.6495,8.2019,0,1.0153,13.631,0
9.8721,8.3034,1.1027,1.0164,13.792,0
9.9916,8.4051,1.0969,1.0174,13.946,0
10.105,8.5068,1.0666,1.0143,14.105,0
10.206,8.6082,0.99705,1.0049,14.271,0
10.313,8.7087,0.95345,0.9986,14.421,0
10.408,8.8086,0.92072,0.98727,14.587,0
10.495,8.9073,0.8846,0.97163,14.755,0
10.586,9.0045,0.84582,0.95959,14.912,0
10.662,9.1004,0.79172,0.93925,15.065,0
10.746,9.1944,0.71405,0.92527,15.212,0
10.82,9.2869,0.63867,0.90757,15.373,0
10.885,9.3776,0.46345,0.88545,15.518,0
10.936,9.4662,0.44821,0.85725,15.67,0
10.991,9.5519,-0.041833,0.83372,15.822,0
