15.556,15.556,0.69999,0,35.5,0
15.635,15.556,0.51198,0.042106,35.511,0
15.689,15.56,0.49037,0.068254,35.512,0
15.689,15.567,0,0.090351,35.525,0
15.791,15.576,0.54329,0.11332,35.543,0
15.842,15.587,0.5374,0.13417,35.557,0
15.902,15.6,0.52761,0.15832,35.575,0
15.956,15.616,0.55926,0.17859,35.608,0
16.017,15.634,0.57316,0.20092,35.636,0
16.079,15.654,0.58885,0.22222,35.671,0
16.142,15.676,0.60965,0.24372,35.719,0
16.142,15.701,0,0.26483,35.764,0
16.269,15.727,0.58454,0.2824,35.816,0
16.331,15.755,0.54101,0.29943,35.868,0
16.331,15.785,0,0.31133,35.924,0
16.436,15.817,0.46281,0.32144,35.985,0
16.482,15.849,0.45252,0.32798,36.04,0
16.526,15.881,0.46993,0.33307,36.103,0
16.568,15.915,0.43266,0.33691,36.17,0
16.618,15.948,0.40769,0.34462,36.229,0
16.651,15.983,0.41476,0.34326,36.286,0
16.651,16.017,0,0.34901,36.351,0
16.737,16.052,0.44585,0.35046,36.419,0
16.775,16.087,0.502,0.35079,36.483,0
16.775,16.122,0,0.35553,36.55,0
16.866,16.158,0.3952,0.35997,36.617,0
16.904,16.194,0.38621,0.36024,36.686,0
16.904,16.23,0,0.36082,36.755,0
16.974,16.266,0.3771,0.35803,36.834,0
17.022,16.302,0.37787,0.36324,36.902,0
17.055,16.338,0.43914,0.3607,36.983,0
17.096,16.374,0.45737,0.36262,37.055,0
17.132,16.41,0.41825,0.36198,37.126,0
17.132,16.447,0,0.36906,37.197,0
17.224,16.484,0.39186,0.36999,37.271,0
17.26,16.521,0.37924,0.36879,37.351,0
17.306,16.557,0.36414,0.37252,37.423,0
17.336,16.595,0.37853,0.36808,37.489,0
17.372,16.631,0.38692,0.36691,37.555,0
17.408,16.668,0.36713,0.36598,37.622,0
17.446,16.705,0.34319,0.36551,37.69,0
17.473,16.741,0.36365,0.36015,37.763,0
17.51,16.777,0.35081,0.36007,37.839,0
17.551,16.813,0.31534,0.36219,37.919,0
17.582,16.85,0.32196,0.35871,37.99,0
17.612,16.885,0.35337,0.35526,38.069,0
17.653,16.921,0.32595,0.35724,38.136,0
17.687,16.957,0.31026,0.35586,38.212,0
17.721,16.992,0.29684,0.35453,38.287,0
17.721,17.028,0,0.35243,38.359,0
17.721,17.063,0,0.35321,38.426,0
17.817,17.098,0.25933,0.34783,38.505,0
17.84,17.133,0.26396,0.34158,38.583,0
17.875,17.167,0.31407,0.34113,38.647,0
17.875,17.201,0,0.33459,38.716,0
17.935,17.235,0.3114,0.33638,38.794,0
17.966,17.268,0.28625,0.33461,38.867,0
17.997,17.302,0.34864,0.33292,38.943,0
17.997,17.335,0,0.33541,39.011,0
18.071,17.369,0.25885,0.33517,39.07,0
18.094,17.402,0.2283,0.32946,39.142,0
18.119,17.435,0.20491,0.32548,39.207,0
18.142,17.468,0.16499,0.3202,39.275,0
18.152,17.5,0.12959,0.30952,39.336,0
18.16,17.531,0.13347,0.29785,39.41,0
18.167,17.56,0.16375,0.28695,39.474,0
18.184,17.589,0.1541,0.28074,39.539,0
18.184,17.617,0,0.27355,39.597,0
18.207,17.645,0.098196,0.26488,39.653,0
18.207,17.671,0.152,0.25211,39.707,0
18.226,17.696,0.1814,0.24877,39.765,0
18.234,17.721,0.20781,0.24064,39.82,0
18.234,17.745,0,0.23769,39.87,0
18.234,17.769,0,0.2332,39.917,0
18.287,17.792,0.16704,0.23139,39.966,0
18.287,17.815,0,0.23011,40.014,0
18.321,17.838,0.13269,0.22531,40.074,0
18.343,17.861,0.19162,0.22477,40.122,0
18.354,17.883,0.1808,0.21908,40.166,0
18.382,17.905,0.15117,0.2217,40.211,0
18.396,17.928,0.13886,0.21781,40.255,0
18.406,17.949,0.15928,0.21198,40.303,0
18.416,17.971,0.16977,0.20647,40.348,0
18.433,17.991,0.16902,0.20496,40.401,0
18.449,18.012,0.17665,0.20253,40.45,0
18.463,18.032,0.19984,0.19958,40.499,0
18.481,18.052,0.20316,0.1982,40.536,0
18.497,18.072,0.17592,0.19658,40.574,0
18.515,18.091,0.19549,0.19551,40.61,0
18.536,18.111,0.20964,0.19597,40.661,0
18.548,18.131,0.1673,0.19249,40.701,0
18.561,18.15,0.10412,0.18946,40.743,0
18.567,18.169,0.050468,0.18302,40.782,0
18.57,18.187,0.030107,0.17597,40.828,0
18.565,18.205,-0.028094,0.16553,40.868,0
18.553,18.221,-0.090199,0.15209,40.895,0
18.553,18.236,0,0.14033,40.927,0
18.54,18.25,-0.08651,0.13254,40.951,0
18.533,18.264,-0.12275,0.12317,40.983,0
18.533,18.276,0,0.11051,41.009,0
18.5,18.287,-0.091266,0.097447,41.042,0
18.483,18.297,-0.073037,0.085325,41.065,0
18.476,18.305,-0.10937,0.07822,41.073,0.071187
18.46,18.313,-0.10517,0.067281,41.09,0.086472
18.445,18.32,-0.099129,0.056961,41.112,0.095653
18.429,18.326,-0.10006,0.047406,41.121,0.12111
18.429,18.33,0,0.04337,41.131,0
18.405,18.335,-0.14667,0.0322,41.146,0.28515
18.398,18.338,-0.1393,0.027348,41.154,0.27606
18.398,18.341,0,0.023742,41.16,0
18.37,18.343,-0.1028,0.012285,41.154,0.21325
18.369,18.344,-0.055329,0.011424,41.153,0.096497
18.362,18.345,-0.024131,0.0075722,41.163,0.034008
18.359,18.346,-0.0060038,0.0058559,41.171,0
18.354,18.347,-0.007642,0.0032599,41.175,0.0084031
18.354,18.347,0,0.0030153,41.176,0
18.356,18.347,-0.13965,0.0040001,41.172,0.33396
18.356,18.348,0,-0.00029741,41.172,0
18.356,18.348,0,-0.0024085,41.173,0
18.28,18.347,-0.45915,-0.005236,41.177,1.7336
18.236,18.347,-0.53316,-0.0086244,41.178,2.2449
18.177,18.346,-0.53816,-0.013138,41.161,2.4533
18.13,18.345,-0.51843,-0.016696,41.143,2.4866
18.07,18.343,-0.57108,-0.021249,41.114,2.9782
18.019,18.341,-0.65472,-0.025104,41.091,3.6778
17.946,18.338,-0.70291,-0.030688,41.051,4.2664
17.875,18.335,-0.75388,-0.036056,40.999,4.8983
17.789,18.332,-0.79076,-0.042534,40.941,5.5048
17.716,18.328,-0.76629,-0.048049,40.887,5.5735
17.64,18.323,-0.7212,-0.053769,40.818,5.4844
17.567,18.317,-0.69783,-0.059208,40.755,5.5562
17.567,18.311,0,-0.063761,40.681,1.6029
17.441,18.305,-0.7025,-0.068605,40.593,6.03
17.372,18.298,-0.70828,-0.073748,40.51,6.3183
17.372,18.291,0,-0.079112,40.418,2.0343
17.234,18.283,-0.70132,-0.084186,40.307,6.7422
17.173,18.274,-0.74424,-0.088757,40.191,7.3233
17.102,18.266,-0.74117,-0.094186,40.07,7.5465
17.037,18.256,-0.71847,-0.099099,39.949,7.5654
16.965,18.246,-0.67288,-0.10462,39.834,7.4123
16.896,18.236,-0.63937,-0.10986,39.709,7.3512
16.831,18.225,-0.58057,-0.11494,39.571,7.067
16.831,18.213,0,-0.11988,39.432,3.2754
16.705,18.201,-0.51239,-0.1247,39.284,6.899
16.644,18.189,-0.45759,-0.12939,39.139,6.6457
16.602,18.176,-0.47021,-0.13255,38.99,6.8474
16.547,18.163,-0.45483,-0.13694,38.821,6.8789
16.508,18.149,-0.46701,-0.13994,38.659,7.0642
16.508,18.135,0,-0.14404,38.495,3.9658
16.508,18.121,0,-0.14743,38.333,3.9013
16.366,18.106,-0.50148,-0.15137,38.138,7.703
16.313,18.091,-0.49995,-0.15572,37.959,7.8292
16.261,18.075,-0.5012,-0.15996,37.787,7.974
16.215,18.059,-0.55188,-0.16386,37.594,8.5212
16.215,18.043,0,-0.1687,37.41,4.5346
16.085,18.026,-0.74144,-0.17501,37.207,10.711
16.085,18.008,0,-0.18189,37.014,4.801
15.94,17.99,-0.73337,-0.18798,36.795,11.081
15.94,17.971,0,-0.19468,36.591,5.1234
15.789,17.952,-0.69051,-0.20148,36.387,11.095
15.715,17.932,-0.69001,-0.20837,36.161,11.306
15.65,17.911,-0.73483,-0.21449,35.932,11.953
15.585,17.889,-0.77747,-0.22069,35.701,12.595
15.585,17.867,0,-0.22821,35.472,5.8612
15.425,17.845,-0.75783,-0.23622,35.227,12.849
15.355,17.821,-0.7728,-0.24327,34.978,13.203
15.355,17.797,0,-0.25067,34.733,6.3367
15.209,17.772,-0.81675,-0.25817,34.468,14.095
15.209,17.746,0,-0.26662,34.213,6.6075
15.036,17.719,-0.90362,-0.27635,33.948,15.657
14.955,17.691,-0.92691,-0.285,33.684,16.173
14.955,17.663,0,-0.29436,33.412,7.1132
14.784,17.634,-0.96021,-0.30407,33.119,17.072
14.679,17.603,-0.95498,-0.31597,32.836,17.323
14.583,17.572,-1,-0.32723,32.53,18.193
14.49,17.539,-1.0533,-0.33822,32.235,19.189
14.384,17.505,-1.0595,-0.35108,31.928,19.584
14.273,17.47,-1.0548,-0.36487,31.603,19.83
14.164,17.433,-1.0268,-0.3788,31.273,19.722
14.164,17.395,0,-0.39251,30.948,8.6213
13.978,17.356,-0.8172,-0.40391,30.594,17.283
13.902,17.316,-0.80576,-0.41484,30.252,17.239
13.828,17.274,-0.79521,-0.42578,29.9,17.184
13.828,17.232,0,-0.43699,29.558,9.0528
13.828,17.188,0,-0.44858,29.22,8.7957
13.595,17.143,-0.86275,-0.4607,28.87,18.301
13.5,17.097,-0.82874,-0.47552,28.508,17.996
13.412,17.05,-0.81157,-0.48984,28.139,17.868
13.412,17.001,0,-0.50343,27.777,9.3986
13.258,16.95,-0.80845,-0.51618,27.401,17.886
13.17,16.899,-0.81163,-0.5314,27.031,17.99
13.17,16.846,0,-0.54463,26.661,9.4958
13.017,16.791,-0.83111,-0.55907,26.292,18.231
12.928,16.735,-0.85454,-0.5754,25.921,18.573
12.835,16.678,-0.85431,-0.59292,25.539,18.603
12.743,16.618,-0.83191,-0.6108,25.154,18.327
12.669,16.557,-0.82717,-0.62621,24.765,18.188
12.669,16.495,0,-0.64438,24.38,9.4749
12.507,16.43,-0.8297,-0.66022,23.994,18.095
12.422,16.364,-0.81262,-0.67877,23.603,17.81
12.344,16.296,-0.82612,-0.69638,23.211,17.869
12.344,16.227,0,-0.71664,22.819,9.2484
12.344,16.155,0,-0.73707,22.434,8.8258
12.077,16.081,-0.87563,-0.75806,22.03,18.21
11.989,16.005,-0.84101,-0.78012,21.623,17.624
11.989,15.927,0,-0.79982,21.226,8.9529
11.828,15.847,-0.80505,-0.82182,20.826,16.803
11.747,15.765,-0.79018,-0.84308,20.433,16.419
11.662,15.681,-0.84032,-0.86614,20.033,16.82
11.573,15.594,-0.84842,-0.89119,19.624,16.696
11.479,15.505,-0.80303,-0.91841,19.213,15.925
11.4,15.413,-0.79569,-0.94213,18.809,15.554
11.326,15.319,-0.8137,-0.96545,18.402,15.445
11.326,15.223,0,-0.99008,18.007,7.6606
11.16,15.124,-0.77151,-1.0165,17.606,14.348
11.16,15.022,0,-1.0408,17.215,7.2497
10.987,14.918,-0.93629,-1.0704,16.827,15.604
10.902,14.811,-0.90619,-1.0983,16.433,14.867
10.81,14.701,-0.99619,-1.129,16.037,15.568
10.719,14.588,-1.1328,-1.1583,15.656,16.916
10.604,14.472,-1.1689,-1.1978,15.259,17.007
10.604,14.353,0,-1.2378,14.879,5.8649
10.357,14.229,-1.3801,-1.2832,14.483,19.19
10.213,14.1,-1.5566,-1.3325,14.105,21.595
10.067,13.967,-1.5864,-1.3858,13.715,21.587
9.9007,13.829,-1.6605,-1.45,13.315,22.339
9.9007,13.684,0,-1.5136,12.93,4.8336
9.566,13.532,-1.692,-1.5799,12.536,21.656
9.3957,13.374,-1.5635,-1.6484,12.147,18.791
9.2337,13.209,-1.6342,-1.7163,11.752,19.176
9.2337,13.038,0,-4.4,11.363,33.796
9.2337,12.598,0,-4.4,11.005,43.595
8.7654,12.158,-1.3326,-5.2,10.618,415.44
8.7654,11.638,0,-5.2,10.305,178.96
8.5146,11.118,-1.1037,-5.2,10.013,0
8.5146,10.598,0,-5.2,9.7791,347.75
8.5146,10.078,0,-5.2,9.5968,346.68
8.1812,9.5578,-1.266,-5.2,9.4184,0
8.048,9.0378,-1.3107,-5.2,9.2977,0
7.9109,8.5178,-1.2404,-5.2,9.2227,0
7.779,7.9978,-1.1617,-0.082517,9.1854,7.0767
7.779,7.9895,0,-0.12559,9.1639,0.16912
7.779,7.977,0,-0.16145,9.1435,0.077441
7.4415,7.9608,-1.1041,-0.1986,9.0802,7.0512
7.4415,7.941,0,-0.23541,9.0293,0.52949
7.2237,7.9174,-1.0851,-0.26919,8.968,7.1575
7.2237,7.8905,0,-5.2,8.9,112.76
7.0014,7.3705,-1.2877,-0.13588,8.8351,8.7934
6.8799,7.3569,-1.3329,-0.17672,8.7909,9.5526
6.7449,7.3392,-1.2722,-0.2222,8.7281,9.0554
6.6182,7.317,-1.2427,-0.26372,8.6615,8.9062
6.6182,7.2907,0,-5.2,8.593,72.978
6.3922,6.7707,-0.9769,-0.13453,8.5359,5.6764
6.2849,6.7572,-0.92203,-0.16913,8.4871,5.3818
6.2849,6.7403,0,-0.19498,8.4407,0.52562
6.2849,6.7208,0,-0.22632,8.3961,0.41842
6.0139,6.6982,-0.90545,-5.2,8.3232,37.453
5.9232,6.1782,-0.8508,-0.086411,8.275,4.4236
5.839,6.1695,-0.79922,-0.1126,8.2423,4.1832
5.7593,6.1583,-0.80042,-0.13661,8.2065,4.3229
5.6857,6.1446,-0.73178,-0.15841,8.1553,3.9393
5.6204,6.1288,-0.64666,-0.17701,8.0986,3.4579
5.5489,6.1111,-0.49574,-5.2,8.047,26.864
5.5067,5.5911,-0.36052,-0.027033,8.0216,1.2485
5.4801,5.5884,-0.21342,-0.034737,8.0124,0.7368
5.4532,5.5849,-0.19194,-0.04236,7.9943,0.70252
5.4408,5.5806,-0.16198,-0.045162,7.9734,0.62038
5.4153,5.5761,-0.19606,-0.052102,7.9542,0.76028
5.4153,5.5709,0,-0.055747,7.9383,0.20298
5.372,5.5653,-0.18343,-0.063048,7.9117,0.76825
5.361,5.559,-0.11201,-0.064836,7.8874,0.55785
5.3468,5.5526,-0.069251,-0.067632,7.8617,0.45153
5.3468,5.5458,0,-0.069321,7.8415,0.26422
5.3468,5.5389,0,-0.066541,7.8219,0.25577
5.3468,5.5322,0,-0.063653,7.803,0.24815
5.3294,5.5258,-0.030184,-0.065142,7.795,0.33857
5.3294,5.5193,0,-0.062282,7.7757,0.26079
5.3294,5.5131,0,-0.057892,7.757,0.25746
5.3396,5.5073,0.13758,-0.0558,7.7621,0
5.3396,5.5017,0,-8.8,7.7456,19.822
5.3625,4.6217,0.11661,0.76617,7.7686,0.0355
5.3625,4.6983,0,0.67802,7.8389,0.35675
5.376,4.7661,0.037463,0.60811,7.8993,0.12413
5.3743,4.827,0.010884,0.53733,7.9496,0.14429
5.3668,4.8807,-0.037739,0.47134,8.0036,0.25168
5.3691,4.9278,-0.14515,0.42371,8.0593,0.59921
5.3538,4.9702,-0.23921,0.36486,8.1031,0.92144
5.3223,5.0067,-0.35614,0.29796,8.1469,1.3758
5.2817,5.0365,-0.42421,0.22977,8.1677,1.6259
5.2461,5.0595,-0.4941,0.17382,8.1842,1.9167
5.1914,5.0768,-0.48482,0.10617,8.1944,1.7823
5.1331,5.0875,-0.51887,0.042155,8.1931,1.8815
5.0746,5.0917,-0.5686,-0.0047788,8.2011,2.1294
5.026,5.0912,-0.62818,-0.018201,8.1982,2.5695
4.9608,5.0894,-0.64076,-0.035905,8.1957,2.7823
4.889,5.0858,-0.66817,-0.055044,8.1853,3.1023
4.8177,5.0803,-0.6785,-0.073851,8.1529,3.3132
4.8177,5.0729,0,-0.088496,8.127,0.34052
4.6946,5.064,-0.76229,-0.10494,8.0859,4.1248
4.6252,5.0535,-0.83116,-0.1223,8.0497,4.7771
4.5358,5.0413,-0.95335,-0.14547,7.9993,5.9782
4.5358,5.0268,0,-0.17184,7.9495,0.65675
4.3276,5.0096,-1.1234,-0.19973,7.882,8.0623
4.2129,4.9896,-1.221,-0.23045,7.7997,9.373
4.0918,4.9666,-1.2885,-0.26235,7.7257,10.427
3.9554,4.9403,-1.2769,-0.2999,7.6285,10.547
3.8246,4.9103,-1.337,-0.33553,7.5302,11.539
3.6972,4.8768,-1.4176,-8.8,7.4114,0
3.5601,3.9968,-1.4673,-0.11286,7.3342,11.7
3.4214,3.9855,-1.4899,-0.14712,7.2798,12.434
3.4214,3.9708,0,-0.18354,7.2241,0.75813
3.1234,3.9524,-1.5368,-0.22069,7.1514,7.2641
2.9732,3.9304,-1.4692,-0.2583,7.0666,7.2172
2.8183,3.9045,-1.4756,-0.29842,6.9602,7.2473
2.8183,3.8747,0,-8.8,6.8531,0
2.5383,2.9947,-1.5429,-0.098846,6.7574,5.7985
2.3785,2.9848,-1.5508,-0.13265,6.7023,5.9505
2.3785,2.9715,0,-0.16627,6.6423,0.90358
2.006,2.9549,-3.1653,-0.21406,6.5354,9.1298
1.6859,2.9335,-3.8726,-8.8,6.4349,0
1.6859,2.0535,0,-0.12062,6.3541,0.50863
0.83314,2.0415,-5.28,-0.1973,6.2405,13.449
0.30423,2.0217,-5.3977,-0.28801,6.1017,14.478
0.30423,1.9929,0,-8.8,5.9314,0
-0.75905,1.1129,-5.2028,-0.18426,5.7014,14.44
-1.2893,1.0945,-5.3876,-8.8,5.4984,0
-1.8266,0.21449,-5.6516,-5.6516,5.2856,4.2416
-2.3872,0,-5.9186,-5.9186,5.0828,4.9511
-2.9806,0,-6.2273,-8.8,4.8521,0.76164
-3.608,0,-6.2894,-8.8,4.5692,2.1783
-4.2364,0,-6.4362,-8.8,4.2224,3.775
-4.8822,0,-6.3286,-9.4623,3.8031,3.481
-4.8822,0,0,-10.709,3.3622,0
-6.126,0,-6.0491,-12.757,2.7972,0
-6.723,0,-5.9423,-16.163,2.2112,0
-7.3104,0,-6.1125,-22.952,1.5868,0
-7.9269,0,-0.94519,-34.341,0.94076,0
-8.0294,0,-0.50746,-102.51,0.31602,0
-8.081,0,0.19964,-1380.4,0.023649,0
-8.061,0,2.0727,2.0727,6.1283,16.582
-7.8487,0.20727,3.1989,3.1989,5.3151,16.572
-7.531,0.52716,-1.4625,-8.8,4.5126,1.1586
-7.677,0,-1.796,-9.6865,3.7346,0
-7.8524,0,-2.5233,-12.781,3.0054,0
-8.1018,0,-4.3001,-18.77,2.2681,0
-8.5282,0,-4.817,-28.506,1.5351,0
-9.0187,0,-5.3749,-56.787,0.79103,0
-9.0187,0,0,-327.51,0.1731,0
-10.106,0,-4.2127,-67.909,0.80167,0
-10.525,0,-2.9124,-475.11,0.11729,0
-10.809,0,-2.3297,-43.491,1.4193,0
-11.047,0,-1.4902,-114.17,0.54154,0
-11.19,0,-0.33391,-11547,0.0054222,0
-11.22,0,-0.44096,7.8,56.628,40.375
-11.263,0.78,-1.1244,7.8,55.456,43.498
-11.376,1.56,-1.1387,7.8,54.209,45.358
-11.498,2.34,-0.8641,7.8,52.872,46.631
-11.591,3.12,-0.97438,7.8,51.449,48.651
-11.68,3.9,-1.1949,7.8,49.937,50.897
-11.68,4.68,0,7.8,48.34,49.985
-11.901,5.46,-0.79236,7.8,46.632,53.702
-11.987,6.24,-0.92229,6.7,44.855,53.439
-12.089,6.91,-1.0515,6.7,42.993,55.294
-12.089,7.58,0,6.7,41.06,54.458
-12.089,8.25,0,6.7,39.059,55.831
-12.089,8.92,0,6.7,36.992,57.205
-12.495,9.59,-0.97689,6.7,34.76,61.462
-12.495,10.26,0,-1.401,32.518,43.761
-12.69,10.12,-0.95757,-1.5546,30.218,45.563
-12.69,9.9644,0,-1.7346,27.945,42.853
-12.872,9.791,-1.0211,-1.9504,25.673,44.564
-12.967,9.5959,-1.0412,-2.2116,23.415,43.851
-13.079,9.3748,-1.0226,-2.5368,21.159,42.906
-13.177,9.1211,-0.99656,-2.9422,18.916,41.68
-13.271,8.8269,-0.95949,-3.4582,16.696,40.107
-13.37,8.4811,-0.94882,-4.1326,14.501,38.161
-13.472,8.0678,-0.96377,-5.042,12.333,35.644
-13.568,7.5636,-0.9915,-6.3062,10.205,32.21
-13.674,6.933,-1.012,-27.141,8.1258,0
-13.674,4.2188,0,-27.188,6.2008,0
-13.892,1.5,-1.0087,-27.207,4.5216,0
-13.986,0,-0.98643,-32.396,3.114,0
-14.086,0,-0.97012,-54.198,1.8639,0
-14.177,0,-0.97019,-139.36,0.72619,0
-14.278,0,-0.98469,9.8,1,51.988
-14.379,0.98,-1.0043,9.8,1,54.246
-14.486,1.96,-1.0206,9.8,1,56.509
-14.486,2.94,0,9.8,1.0081,56.373
-14.486,3.92,0,9.8,1.0174,58.382
-14.486,4.9,0,9.8,1.0386,60.391
-14.906,5.88,-0.96615,9.8,1,65.291
-14.906,6.86,0,9.8,1.0043,65.27
-15.104,7.84,-0.98809,9.8,1,69.76
-15.2,8.82,-1.0083,9.8,1,72.01
-15.31,9.8,-1.0152,9.8,1,74.259
-15.417,10.78,-1.0119,9.8,1,76.48
-15.522,11.76,-1.0013,9.8,1,78.682
-15.628,12.74,-0.98631,9.8,1,80.877
-15.717,13.72,-0.98396,9.8,1,83.063
-15.816,14.7,-0.99045,9.8,1,85.289
-15.911,15.68,-0.99764,9.8,1,87.507
-16.018,16.66,-1.0117,9.8,1,89.765
-16.121,17.64,-1.0038,9.8,1,91.968
-16.217,18.62,-0.99598,9.8,1,94.158
-16.321,19.6,-0.98507,9.8,1,96.357
-16.412,20.58,-0.97857,9.8,1,98.538
-16.412,21.56,0,9.8,1.0038,98.491
-16.597,22.54,-0.98635,9.8,1,102.95
-16.597,23.52,0,9.8,0.99538,102.89
-16.796,24.5,-0.99764,9.8,1,107.4
-16.887,25.48,-0.99916,9.8,1,109.6
-16.994,26.46,-0.98588,9.8,1,111.8
-16.994,27.44,0,9.8,0.99912,111.74
-17.204,28.42,-0.9725,9.8,1,116.22
-17.204,29.4,0,9.8,0.99494,116.19
-17.204,30.38,0,9.8,1.0118,118.2
-17.204,31.36,0,9.8,1.027,120.21
-17.204,32.34,0,9.8,1.0677,122.22
-17.687,33.32,-0.9837,9.8,1,127.28
-17.784,34.3,-0.99742,9.8,1,129.52
-17.887,35.28,-0.98374,9.8,1,131.71
-17.995,36.26,-0.96827,9.8,1,133.91
-17.995,37.24,0,9.8,1.01,133.88
-18.201,38.22,-0.99813,9.8,1,138.41
-18.31,39.2,-0.9859,9.8,1,140.62
-18.413,40.18,-1.0009,9.8,1,142.87
-18.517,41.16,-1.0097,9.8,1,145.11
-18.608,42.14,-0.9849,9.8,1,147.25
-18.698,43.12,-0.98643,9.8,1,149.45
-18.803,44.1,-0.99209,9.8,1,151.69
-18.907,45.08,-0.97962,9.8,1,153.88
-18.907,46.06,0,9.8,1.0137,153.83
-19.11,47.04,-1.0098,9.8,1,158.38
-19.22,48.02,-1.0013,9.8,1,160.6
-19.22,49,0,9.8,1.0042,160.5
-19.415,49.98,-1.0024,9.8,1,165.02
-19.506,50.96,-0.98558,9.8,1,167.17
-19.598,51.94,-0.98273,9.8,1,169.37
-19.697,52.92,-0.98943,9.8,1,171.59
-19.797,53.9,-0.9902,9.8,1,173.81
-19.888,54.88,-0.99687,9.8,1,176.02
-19.888,55.86,0,9.8,0.99804,175.93
-20.087,56.84,-1.007,9.8,1,180.47
-20.087,57.82,0,9.8,0.99972,180.36
-20.28,58.8,-0.99446,9.8,1,184.85
-20.28,59.78,0,9.8,0.99537,184.77
-20.475,60.76,-0.99379,9.8,1,189.27
-20.565,61.74,-0.99798,9.8,1,191.47
-20.565,62.72,0,9.8,1.0017,191.38
-20.766,63.7,-1.0063,9.8,1,195.92
-20.865,64.68,-1.0025,9.8,1,198.12
-20.865,65.66,0,9.8,1.0045,198.03
-21.074,66.64,-0.98543,9.8,1,202.53
-21.169,67.62,-0.98937,9.8,1,204.75
-21.271,68.6,-0.9962,9.8,1,206.98
-21.377,69.58,-0.99576,9.8,1,209.2
-21.469,70.56,-1.002,9.8,1,211.41
-21.561,71.54,-1.0021,9.8,1,213.61
-21.667,72.52,-0.99799,9.8,1,215.83
-21.763,73.5,-0.99177,9.8,1,218.02
-21.763,74.48,0,9.8,0.99868,217.95
-21.958,75.46,-0.99023,9.8,1,222.44
-22.065,76.44,-0.99607,9.8,1,224.68
-22.164,77.42,-0.99685,9.8,1,226.89
-22.266,78.4,-0.99681,9.8,1,229.11
-22.369,79.38,-1.0011,9.8,1,231.34
-22.369,80.36,0,9.8,1.0027,231.24
-22.577,81.34,-0.98724,9.8,1,235.75
-22.676,82.32,-0.99037,9.8,1,237.97
-22.782,83.3,-0.99097,9.8,1,240.2
-22.881,84.28,-0.98613,9.8,1,242.4
-22.988,85.26,-0.9926,9.8,1,244.64
-23.093,86.24,-0.99444,9.8,1,246.87
-23.193,87.22,-0.98704,9.8,1,249.07
-23.299,88.2,-0.98931,9.8,1,251.3
-23.392,89.18,-0.99191,9.8,1,253.51
-23.485,90.16,-0.98592,9.8,1,255.69
-23.574,91.14,-0.99024,9.8,1,257.89
-23.671,92.12,-0.993,9.8,1,260.11
-23.777,93.1,-0.9878,9.8,1,262.32
-23.871,94.08,-0.98575,9.8,1,264.52
-23.97,95.06,-0.99387,9.8,1,266.75
-24.066,96.04,-0.98741,9.8,1,268.94
-24.164,97.02,-1.0129,9.8,1,271.2
