7.1973,7.1973,1.238,0,35.5,0.59902
7.3249,7.1973,1.2193,6.7,35.499,39.633
7.4497,7.8673,1.2203,6.7,35.482,42.931
7.5754,8.5373,1.2009,6.7,35.406,46.572
7.5754,9.2073,0,6.7,35.277,72.185
7.8102,9.8773,1.1566,6.7,35.105,54.202
7.9329,10.547,1.1074,6.7,34.871,58.508
8.0399,11.217,1.0829,-0.1938,34.574,3.9595
8.1471,11.198,1.048,-0.18857,34.258,3.766
8.1471,11.179,0,-0.18301,33.954,9.1514
8.3666,11.161,0.98197,-0.17699,33.68,3.3671
8.4567,11.143,0.96716,-0.17222,33.4,3.1656
8.4567,11.126,0,-0.16641,33.132,7.741
8.6589,11.109,0.93473,-0.1606,32.89,2.7401
8.7559,11.093,0.88887,-0.15477,32.655,2.6158
8.8449,11.078,0.84486,-0.14929,32.435,2.5053
8.9264,11.063,0.7916,-0.14418,32.223,2.4348
8.9264,11.048,0,-0.13922,32.01,5.7568
9.0861,11.034,0.68866,-0.13393,31.812,2.2975
9.1644,11.021,0.64725,-0.12876,31.617,2.2087
9.2303,11.008,0.6126,-0.12438,31.427,2.1301
9.2968,10.996,0.58676,-0.1198,31.252,2.0283
9.3582,10.984,0.56427,-0.11551,31.085,1.93
9.4135,10.972,0.55261,-0.11161,30.92,1.8185
9.4135,10.961,0,-0.10691,30.764,3.8776
9.533,10.95,0.58307,-0.10287,30.628,1.4643
9.5949,10.94,0.58658,-0.098249,30.493,1.3203
9.6437,10.93,0.61351,-0.094511,30.368,1.1631
9.6437,10.921,0,-0.090164,30.24,3.0711
9.7736,10.912,0.73495,-0.084587,30.122,0.75518
9.7736,10.903,0,-0.079424,30.008,2.6583
9.9117,10.895,0.77267,-0.073904,29.894,0.51652
9.9117,10.888,0,-0.067253,29.796,2.2476
10.081,10.881,0.74761,-0.060644,29.725,0.31103
10.081,10.875,0,-0.055492,29.645,1.7721
10.207,10.87,0.66702,-0.050541,29.568,0.18528
10.207,10.865,0,-0.044882,29.502,1.4339
10.343,10.86,0.56161,-0.03966,29.453,0.065831
10.398,10.856,0.48918,-0.035268,29.404,0.0412
10.441,10.853,0.44583,-0.03169,29.363,0.013595
10.486,10.849,0.42931,-0.02811,29.314,0
10.528,10.847,0.43121,-0.024681,29.273,0
10.578,10.844,0.41453,-0.020644,29.246,0
10.625,10.842,0.38522,-0.016805,29.227,0
10.625,10.84,0,-0.013238,29.205,0.43356
10.625,10.839,0,-0.011026,29.184,0.4362
10.625,10.838,0,-0.0086251,29.162,0.43985
10.625,10.837,0,-0.0059172,29.141,0.44484
10.793,10.837,0.1625,-0.0033763,29.187,0
10.807,10.836,0.092181,-0.0022725,29.177,0
10.813,10.836,0.0069475,-0.0017861,29.182,0.028772
10.818,10.836,-0.041632,-0.001349,29.182,0.12624
10.814,10.836,-0.073249,-0.0017092,29.185,0.21263
10.806,10.835,-0.098103,-0.0022566,29.174,0.29179
10.806,10.835,-0.12211,-0.0023094,29.167,0.35883
10.791,10.835,-0.12202,-0.003391,29.17,0.38878
10.773,10.835,-0.1407,-0.0047834,29.157,0.48217
10.767,10.834,-0.14532,-0.0052127,29.142,0.50816
10.767,10.834,0,-0.0064439,29.135,0.12428
10.733,10.833,-0.14766,-0.007757,29.132,0.58892
10.711,10.832,-0.15489,-0.0094371,29.12,0.66067
10.687,10.831,-0.16294,-0.011261,29.107,0.74067
10.665,10.83,-0.18286,-0.012922,29.102,0.8574
10.651,10.829,-0.16973,-0.013857,29.087,0.8412
10.643,10.828,-0.10298,-0.014437,29.069,0.64519
10.633,10.826,-0.0012639,-0.015108,29.058,0.38302
10.633,10.825,0,-0.014325,29.039,0.37843
10.633,10.823,0,-0.014024,29.02,0.37597
10.667,10.822,0.15752,-0.012127,29.005,0
10.678,10.821,0.15295,-0.011151,28.999,0
10.697,10.819,0.15308,-0.0095842,28.98,0
10.711,10.818,0.18098,-0.00843,28.969,0
10.739,10.818,0.21976,-0.0062093,28.966,0
10.764,10.817,0.24773,-0.0041774,28.964,0
10.797,10.817,0.26217,-0.0015554,28.963,0
10.831,10.816,0.2641,0.011994,28.967,0
10.866,10.818,0.25994,0.039378,28.971,0
10.898,10.822,0.27683,0.061574,28.983,0
10.922,10.828,0.30658,0.076127,28.995,0
10.945,10.835,0.32454,0.088287,29.012,0
10.971,10.844,0.3027,0.10205,29.016,0
11.009,10.854,0.25024,0.12422,29.025,0
11.009,10.867,0,0.13957,29.04,0.013938
11.07,10.881,0.15886,0.15181,29.055,0
11.087,10.896,0.11617,0.15283,29.079,0
11.104,10.911,0.074628,0.15359,29.097,0
11.118,10.927,0.046743,0.15231,29.107,0
11.127,10.942,0.010179,0.14746,29.123,0
11.124,10.957,-0.040103,0.13266,29.148,0.041274
11.114,10.97,-0.087219,0.11413,29.161,0.17134
11.1,10.981,-0.1025,0.094252,29.177,0.21817
11.087,10.991,-0.12318,0.076087,29.178,0.28062
11.071,10.998,-0.13865,0.057266,29.184,0.32911
11.052,11.004,-0.15825,0.037703,29.197,0.39065
11.052,11.008,0,0.023749,29.202,0
11.031,11.01,-0.1548,0.016444,29.201,0.38403
11.006,11.012,-0.16709,-0.00043136,29.196,0.43559
10.999,11.012,-0.21671,-0.0010429,29.193,0.60893
10.976,11.012,-0.26041,-0.0028223,29.185,0.81282
10.944,11.011,-0.32965,-0.0053254,29.171,1.1572
10.913,11.011,-0.41513,-0.0077469,29.172,1.6119
10.876,11.01,-0.46306,-0.010571,29.17,1.9466
10.876,11.009,0,-0.013995,29.156,0.24869
10.876,11.008,0,-0.017669,29.143,0.23706
10.729,11.006,-0.44827,-0.021917,29.124,2.2977
10.685,11.004,-0.43749,-0.025328,29.089,2.3695
10.685,11.001,0,-0.028497,29.057,0.62732
10.604,10.998,-0.43759,-0.031474,29.004,2.6005
10.604,10.995,0,-0.034882,28.965,0.78834
10.525,10.992,-0.41624,-0.037369,28.921,2.7059
10.477,10.988,-0.4189,-0.04099,28.871,2.856
10.426,10.984,-0.43005,-0.04489,28.821,3.066
10.377,10.979,-0.4441,-0.048659,28.765,3.2903
10.337,10.974,-0.45553,-0.05159,28.707,3.4691
10.301,10.969,-0.48436,-0.054237,28.643,3.7454
10.26,10.964,-0.494,-0.057383,28.574,3.9271
10.21,10.958,-0.50756,-0.061152,28.508,4.1626
10.155,10.952,-0.52226,-0.06542,28.427,4.4276
10.108,10.945,-0.5004,-0.069105,28.335,4.4208
10.049,10.939,-0.45984,-0.073716,28.245,4.3289
10.007,10.931,-0.45669,-0.076972,28.146,4.4241
9.9645,10.923,-0.45472,-0.080236,28.054,4.5278
9.9203,10.915,-0.51066,-0.083635,27.964,5.0333
9.9203,10.907,0,-0.087101,27.865,2.2009
9.8247,10.898,-0.59485,-0.091243,27.749,5.9368
9.7744,10.889,-0.53625,-0.095305,27.634,5.64
9.7155,10.88,-0.4971,-0.10009,27.523,5.5275
9.7155,10.87,0,-0.10485,27.407,2.6275
9.615,10.859,-0.23597,-0.10841,27.268,4.0926
9.5951,10.848,-0.20411,-0.10987,27.148,3.9366
9.5814,10.837,-0.20569,-0.11082,27.025,3.9502
9.5567,10.826,-0.1539,-0.11275,26.9,3.7047
9.5451,10.815,-0.15066,-0.11355,26.771,3.6845
9.524,10.804,-0.15353,-0.11518,26.645,3.7253
9.5004,10.792,-0.14547,-0.11707,26.518,3.7149
9.5004,10.78,0,-0.11749,26.389,2.9617
9.4684,10.769,-0.1475,-0.1195,26.256,3.7429
9.4496,10.757,-0.15805,-0.12097,26.127,3.8159
9.4398,10.745,-0.15152,-0.12158,26,3.7698
9.4293,10.732,-0.15195,-0.12236,25.86,3.7623
9.4293,10.72,0,-0.12288,25.73,2.9723
9.4156,10.708,-0.1376,-0.12301,25.61,3.6461
9.4156,10.696,0,-0.12477,25.481,2.9306
9.3836,10.683,-0.12063,-0.12552,25.345,3.5701
9.3716,10.671,-0.11795,-0.12636,25.216,3.5503
9.3671,10.658,-0.11798,-0.12657,25.076,3.5222
9.3625,10.645,-0.11901,-0.1267,24.947,3.4998
9.36,10.633,-0.12359,-0.12656,24.823,3.4895
9.3486,10.62,-0.12616,-0.12736,24.694,3.4944
9.3373,10.607,-0.14353,-0.12814,24.568,3.5755
9.3373,10.594,0,-0.13021,24.441,2.8366
9.2967,10.581,-0.16772,-0.13158,24.307,3.7369
9.2813,10.568,-0.16091,-0.13279,24.178,3.7023
9.2813,10.555,0,-0.13466,24.05,2.8688
9.2351,10.542,-0.17416,-0.13668,23.936,3.8216
9.2151,10.528,-0.19136,-0.13832,23.813,3.9295
9.187,10.514,-0.20035,-0.14086,23.687,4.0171
9.16,10.5,-0.22134,-0.14335,23.554,4.1691
9.1365,10.486,-0.28998,-0.14547,23.421,4.5993
9.1038,10.471,-0.41602,-0.1487,23.278,5.4771
9.0701,10.456,-0.57291,-0.15202,23.138,6.7097
9.0175,10.441,-0.74271,-0.15754,22.989,8.3118
8.9495,10.425,-0.93495,-0.16468,22.852,10.456
8.86,10.409,-1.0654,-0.17437,22.706,12.265
8.7516,10.391,-1.1768,-0.1863,22.556,14.084
8.6343,10.373,-1.2899,-0.19961,22.386,16.107
8.5025,10.353,-1.4142,-0.21483,22.208,18.534
8.3554,10.331,-1.4902,-0.23226,22.012,20.399
8.2136,10.308,-1.5877,-0.24954,21.801,22.698
8.2136,10.283,0,-0.26836,21.593,4.8744
7.8983,10.256,-1.6158,-0.28899,21.36,24.535
7.7394,10.227,-1.5993,-0.30957,21.127,24.866
7.7394,10.196,0,-0.33045,20.879,5.946
7.4165,10.163,-1.5145,-0.35388,20.601,24.527
7.2644,10.128,-1.2635,-0.37567,20.329,20.804
7.1346,10.09,-0.97416,-0.39535,20.043,16.982
7.0312,10.051,-0.66961,-0.41205,19.751,13.508
7.0312,10.01,0,-0.42347,19.451,7.4077
6.9246,9.9673,-0.36681,-0.43331,19.141,10.457
6.8892,9.924,-0.34174,-0.44136,18.845,10.14
6.8577,9.8798,-0.33654,-0.4496,18.534,9.9772
6.829,9.8349,-0.27994,-0.45723,18.232,9.3753
6.8013,9.7891,-0.086345,-0.46498,17.926,7.7812
6.8013,9.7426,0,-0.46824,17.63,6.9993
6.7971,9.6958,-0.21983,-0.47172,17.338,8.3382
6.7788,9.6486,-0.48257,-0.47741,17.054,10.354
6.731,9.6009,-0.59006,-0.48803,16.774,11.287
6.67,9.5521,-0.43169,-0.50153,16.486,9.777
6.627,9.5019,-0.1498,-0.51239,16.193,7.4724
6.6103,9.4507,0.25822,-0.5183,15.907,4.9528
6.6103,9.3989,0,-0.51531,15.626,6.1591
6.6932,9.3473,0.525,-0.50775,15.347,3.4087
6.6932,9.2966,0,-0.50069,15.084,5.5663
6.7671,9.2465,0.21437,-0.49537,14.843,4.1215
6.7919,9.197,0.21886,-0.49098,14.599,3.8967
6.8231,9.1479,0.39852,-0.48471,14.363,3.0414
6.8713,9.0994,0.46347,-0.47451,14.13,2.643
6.8713,9.0519,0,-0.46369,13.91,4.3006
6.9604,9.0056,0.46807,-0.45222,13.719,2.2714
7.015,8.9604,0.38452,-0.43789,13.527,2.2942
7.052,8.9166,0.33618,-0.42778,13.329,2.2633
7.0759,8.8738,0.38481,-0.41969,13.148,2.0066
7.123,8.8318,0.44975,-0.40546,12.979,1.7072
7.123,8.7913,0,-0.38932,12.81,3.0183
7.123,8.7523,0,-0.37532,12.645,2.9586
7.123,8.7148,0,-0.36111,12.484,2.9039
7.123,8.6787,0,-0.35013,12.326,2.8408
7.3026,8.6437,0.10259,-0.34381,12.21,1.9116
7.321,8.6093,0.085939,-0.33467,12.081,1.8582
7.3338,8.5758,0.072876,-0.32737,11.945,1.8045
7.3406,8.5431,0.12107,-0.32079,11.829,1.5857
7.3438,8.511,0.11841,-0.31517,11.713,1.5249
7.3472,8.4795,0.019319,-0.30952,11.598,1.7494
7.3404,8.4486,0.10541,-0.30688,11.48,1.4443
7.3602,8.4179,0.20138,-0.29638,11.371,1.1232
7.3844,8.3882,0.28439,-0.28437,11.27,0.87719
7.3844,8.3598,0,-0.26949,11.171,1.536
7.4546,8.3328,0.36803,-0.2544,11.07,0.57877
7.4891,8.3074,0.25447,-0.23909,10.991,0.6613
7.5189,8.2835,0.19577,-0.22568,10.903,0.68743
7.5367,8.2609,0.1488,-0.21582,10.82,0.71875
7.5424,8.2393,0.14877,-0.20929,10.752,0.67719
7.5528,8.2184,0.14143,-0.20165,10.677,0.64448
7.5711,8.1982,0.10382,-0.19154,10.607,0.66525
7.5764,8.1791,0.018936,-0.18565,10.536,0.82518
7.587,8.1605,-0.033787,-0.17797,10.474,0.91825
7.5872,8.1427,-0.092691,-0.17379,10.408,1.0588
7.5749,8.1254,-0.12748,-0.17344,10.348,1.1566
7.5688,8.108,-0.15544,-0.17081,10.301,1.2286
7.5541,8.0909,-0.15859,-0.17139,10.238,1.231
7.5384,8.0738,-0.18137,-0.17211,10.18,1.3032
7.5105,8.0566,-0.22425,-0.17664,10.129,1.4725
7.4809,8.0389,-0.25939,-0.18147,10.081,1.624
7.4809,8.0208,0,-0.18726,10.027,0.72765
7.4203,8.002,-0.4522,-0.19196,9.9626,2.5286
7.3701,7.9828,-0.5432,-0.20341,9.9109,3.0747
7.3219,7.9625,-0.636,-0.21402,9.8556,3.684
7.2615,7.9411,-0.72827,-0.22901,9.7872,4.3717
7.1829,7.9182,-0.74179,-0.25006,9.7147,4.5646
7.1072,7.8932,-0.80535,-0.26994,9.6375,5.1246
7.0255,7.8662,-0.89529,-0.29152,9.5594,5.9456
6.9339,7.8371,-0.96182,-0.31705,9.4659,6.6303
6.8364,7.8053,-1.0222,-0.34462,9.3665,7.2963
6.7379,7.7709,-1.1273,-0.3726,9.2597,8.4492
6.6228,7.7336,-1.1682,-0.40648,9.1507,9.0055
6.5001,7.693,-1.2025,-0.44245,9.0448,9.5084
6.3817,7.6487,-1.2234,-0.4774,8.9252,9.8339
6.3817,7.601,0,-5.2,8.8009,62.843
6.1271,7.081,-1.3315,-0.34551,8.691,10.624
5.9911,7.0464,-1.4018,-0.38748,8.5925,11.711
5.8508,7.0077,-1.421,-5.2,8.4744,26.565
5.8508,6.4877,0,-0.27433,8.3847,0.73259
5.549,6.4603,-1.48,-0.32391,8.2787,12.573
5.3959,6.4279,-1.5063,-5.2,8.1838,10.838
5.2387,5.9079,-1.5016,-0.22351,8.1078,12.452
5.2387,5.8855,0,-0.26723,8.042,0.77018
4.9357,5.8588,-1.5752,-0.31551,7.9523,14.142
4.9357,5.8272,0,-8.8,7.8615,13.04
4.9357,4.9472,0,-0.099406,7.8164,0
4.9357,4.9373,0,-0.14599,7.8157,0
4.9357,4.9227,0,-0.19266,7.8163,0
4.1005,4.9034,-1.6239,-0.24215,7.6352,14.946
3.9454,4.8792,-1.429,-0.28547,7.5482,12.38
3.8009,4.8507,-1.2439,-0.32618,7.4455,10.263
3.669,4.8181,-0.97278,-8.8,7.3387,0
3.5679,3.9381,-0.74103,-0.09585,7.2543,4.0331
3.4975,3.9285,-0.58798,-0.11258,7.2055,3.1651
3.4363,3.9172,-0.41398,-0.12628,7.169,2.3104
3.3941,3.9046,-0.24484,-0.13523,7.1157,1.6062
3.3941,3.8911,0,-0.13857,7.0654,0.75425
3.3453,3.8772,-0.1211,-0.1433,7.0109,1.1849
3.3244,3.8629,-0.00037154,-0.14656,6.9509,0.83011
3.3235,3.8482,0.14595,-8.8,6.9009,0
3.3235,2.9682,0,0.7227,6.8924,1.4711
3.3235,3.0405,0,0.5954,6.9244,1.1511
3.4173,3.1,0.74961,0.57802,6.9375,0
3.4851,3.1578,0.91648,0.57979,6.9608,0
3.5819,3.2158,0.96367,0.63211,6.9955,0
3.6684,3.279,0.96753,0.65389,7.033,0
3.7654,3.3444,0.94262,0.6867,7.0645,0
3.7654,3.4131,0,0.70706,7.1032,1.4114
3.9412,3.4838,0.76931,0.70356,7.1395,0
4.0095,3.5541,0.71844,0.68183,7.192,0
4.0095,3.6223,0,0.66969,7.2341,1.1419
4.1546,3.6893,0.63458,0.66088,7.2704,0
4.1546,3.7554,0,0.64701,7.3137,1.0114
4.2705,3.8201,0.50711,0.60948,7.3489,0
4.3256,3.881,0.41075,0.58905,7.3939,0
4.3649,3.9399,0.30429,0.55208,7.4403,0
4.3649,3.9951,0,0.50769,7.4801,0.56122
4.4154,4.0459,0.14393,0.46406,7.5272,0
4.4281,4.0923,0.012286,0.41558,7.5651,0.29592
4.4348,4.1339,-0.00021241,0.36769,7.6002,0.27382
4.4348,4.1706,0,0.31938,7.6284,0.21749
4.4225,4.2026,-0.31164,0.26329,7.6615,1.3185
4.385,4.2289,-0.56423,0.18554,7.6887,2.4849
4.385,4.2475,0,0.094809,7.7034,0
4.2584,4.257,-0.98236,0.0017456,7.7093,4.9741
4.1673,4.2571,-1.1331,-0.022886,7.7107,6.6259
4.0602,4.2548,-1.2492,-0.049676,7.6991,8.1801
3.9348,4.2499,-1.2952,-0.080907,7.6637,9.086
3.812,4.2418,-1.3884,-0.11091,7.6319,10.613
3.6797,4.2307,-1.5456,-0.14361,7.5734,13.208
3.5262,4.2163,-1.6667,-0.18191,7.5052,15.589
3.5262,4.1981,0,-0.22622,7.4371,0.9276
3.1777,4.1755,-1.8518,-0.27037,7.3338,8.0841
2.9969,4.1485,-1.9194,-0.31821,7.2162,8.2196
2.7978,4.1167,-1.9158,-0.37129,7.0995,8.2607
2.6036,4.0795,-1.9239,-8.8,6.9585,0
2.4186,3.1995,-1.6851,-0.17766,6.8498,6.5688
2.2466,3.1818,-1.3095,-0.21637,6.7554,6.1199
2.1127,3.1601,-0.93252,-0.2463,6.6595,7.5947
2.0218,3.1355,-0.54373,-8.8,6.547,0
2.0218,2.2555,0,-0.048898,6.4796,0.38683
1.9445,2.2506,-0.02084,-0.052576,6.4507,0.59498
1.9394,2.2453,0.02574,-0.052754,6.4261,0.47457
1.9394,2.2401,0,-0.051173,6.3958,0.53138
1.9601,2.235,0.46189,-0.047676,6.3831,0
1.9601,2.2302,0,-0.038907,6.3558,0.49314
1.9601,2.2263,0,-0.025136,6.329,0.51983
2.1966,2.2238,1.3179,-0.0047582,6.3298,0.81261
2.3369,2.2233,1.3788,0.33224,6.3284,0
2.3369,2.2565,0,0.59784,6.3381,1.7943
2.5834,2.3163,0.94431,0.73409,6.3733,0
2.6689,2.3897,0.77675,0.73166,6.4062,0
2.7469,2.4629,0.70538,0.70987,6.4264,0
2.8174,2.5339,0.66028,0.67932,6.4645,0
2.8742,2.6018,0.53776,0.62695,6.4927,0
2.9203,2.6645,0.34736,0.56766,6.5189,0
2.9203,2.7213,0,0.50737,6.5417,1.0483
2.9279,2.772,-0.91212,0.32577,6.5613,6.0531
2.8309,2.8046,-1.6693,0.054158,6.5797,5.4745
2.665,2.81,-2.6034,-0.030637,6.5792,7.0254
2.4132,2.8069,-3.5626,-0.083528,6.5595,9.1097
2.0636,2.7986,-4.244,-0.15768,6.5019,10.868
1.6444,2.7828,-4.5309,-0.24876,6.4061,11.956
1.6444,2.7579,0,-8.8,6.2935,0
1.6444,1.8779,0,-0.17748,6.2261,0.11607
0.28484,1.8602,-3.8799,-0.24803,6.0032,11.114
-0.094661,1.8354,-2.9109,-8.8,5.8278,0
-0.38461,0.95539,-1.8375,-0.11279,5.6726,6.6243
-0.57668,0.94411,-1.0266,-0.13169,5.5329,5.2512
-0.68575,0.93094,-0.43278,-8.8,5.378,0
-0.73773,0.050939,0.011689,0.011689,5.2497,1.8699
-0.73726,0.052108,0.06722,0.06722,5.1772,1.8714
-0.72994,0.05883,-0.18548,-0.18548,5.0951,1.8702
-0.74187,0.040283,-0.3198,-0.3198,5.0242,1.8566
-0.76502,0.0083025,-0.31148,-8.8,4.9525,0
-0.79581,0,-0.23045,-8.8,4.9111,0
-0.79581,0,0,-8.8,4.8755,0
-0.79581,0,0,-8.8,4.8399,0
-0.86689,0,-0.2246,-8.8,4.7896,0
-0.88293,0,-0.21304,-8.8,4.7466,0
-0.91027,0,-0.22029,-8.8,4.7107,0
-0.92378,0,-0.22407,-8.8,4.6628,0
-0.95385,0,-0.22205,-8.8,4.6188,0
-0.95385,0,0,-8.8,4.5674,0
-1.0029,0,-0.23345,-8.8,4.5042,0
-1.0175,0,-0.231,-8.8,4.4421,0
-1.0488,0,-0.23322,-8.8,4.3749,0
-1.0777,0,-0.23219,-8.8,4.3129,0
-1.0777,0,0,-8.8,4.2491,0
-1.1346,0,-0.22653,-8.8,4.1774,0
-1.1539,0,-0.22738,-8.8,4.1111,0
-1.1811,0,-0.22979,-8.8,4.0403,0
-1.1811,0,0,-8.8,3.9662,0
-1.2139,0,-0.23236,-8.8,3.8938,0
-1.2384,0,-0.23446,-8.8,3.8093,0
-1.2613,0,-0.23333,-8.8,3.7278,0
-1.2905,0,-0.22939,-8.8,3.6454,0
-1.3075,0,-0.23022,-8.8,3.564,0
-1.3075,0,0,-8.8,3.4772,0
-1.3378,0,-0.22611,-8.8,3.4012,0
-1.3544,0,-0.22952,-8.8,3.3168,0
-1.3754,0,-0.23168,-8.8,3.2207,0
-1.3955,0,-0.23208,-8.8,3.1304,0
-1.4118,0,-0.23194,-8.8,3.0355,0
-1.4317,0,-0.22694,-8.8,2.9367,0
-1.4519,0,-0.22788,-8.8,2.8443,0
-1.4665,0,-0.22986,-8.8,2.7334,0
-1.4852,0,-0.2266,-8.8,2.6283,0
-1.5163,0,-0.22866,-8.8,2.5268,0
-1.5349,0,-0.22808,-8.8,2.4203,0
-1.55,0,-0.22192,-8.8,2.3109,0
-1.5681,0,-0.21661,-8.8,2.1907,0
-1.5681,0,0,-8.8,2.0779,0
-1.5951,0,-0.21892,-8.8,1.9648,0
-1.6128,0,-0.22533,-8.8,1.8555,0
-1.6428,0,-0.22811,-8.8,1.7419,0
-1.6671,0,-0.23223,-8.8,1.623,0
-1.6886,0,-0.23705,-8.8,1.4988,0
-1.7202,0,-0.23493,-8.8,1.372,0
-1.7202,0,0,-8.8,1.244,0
-1.7202,0,0,-8.8,1.116,0
-1.8125,0,-0.1709,-8.8,0.95831,0
-1.8326,0,-0.074938,-8.8,0.82061,0
-1.8342,0,0.030744,-8.8,0.68504,0
-1.8277,0,0.13344,-8.8,0.54764,0
-1.8209,0,0.23682,-8.8,0.40129,0
-1.7943,0,0.27124,-8.8,0.26468,0
-1.7666,0,0.27305,-11.816,0.12908,0
-1.7666,0,0,-122.35,0.011498,0
-1.7666,0,0,-8.8,0.4466,0
-1.691,0,0.44264,-8.8,0.32368,0
-1.691,0,0,-8.8,0.19859,0
-1.5833,0,1.0234,-13.2,0.088128,0
-1.4853,0,1.4376,9.8,1,20.87
-1.3453,0.98,1.8468,-8.8,0.80288,0
-1.1606,0.1,2.1482,-8.8,0.62997,0
-1.1606,0,0,-8.8,0.54791,0
-0.71292,0,2.4149,-8.8,0.52479,0
-0.46857,0,2.3797,-8.8,0.5106,0
-0.22067,0,2.2927,-8.8,0.52668,0
0.010283,0,2.2332,-8.8,0.56501,0
0.22478,0,2.1786,-8.8,0.63037,0
0.22478,0,0,-8.8,0.69685,0
0.65387,0,2.0457,-8.8,0.82266,0
0.86609,0,1.995,-8.8,0.95145,0
0.86609,0,0,-8.8,1.0821,0
1.2556,0,1.8078,-8.8,1.2461,0
1.4352,0,1.7287,-8.8,1.4271,0
1.5994,0,1.6536,-8.8,1.6144,0
1.7572,0,1.5636,-8.8,1.8281,0
1.9062,0,1.5121,-8.8,2.0507,0
2.0492,0,1.476,-8.8,2.2991,0
2.2035,0,1.4224,-8.8,2.5649,0
2.2035,0,0,-8.8,2.8292,0
2.2035,0,0,-8.8,3.0936,0
2.6055,0,1.1925,-8.8,3.4169,0
2.7248,0,1.0933,-8.8,3.7373,0
2.8408,0,0.98719,-8.8,4.0563,0
2.9376,0,0.90406,-8.8,4.394,0
3.0217,0,0.78784,-8.8,4.7359,0
3.1079,0,0.76695,0.76695,5.0797,0
3.1912,0.076695,0.74106,0.74106,5.3846,0
3.2687,0.1508,0.76159,0.76159,5.6938,0
3.3446,0.22696,0.76574,0.76574,6.005,0
3.3446,0.30353,0,0.82131,6.3129,0
3.5019,0.38567,0.78229,0.78229,6.6349,0
3.5764,0.46389,0.74605,0.74605,6.9404,0
3.6492,0.5385,0.66501,0.66501,7.248,0
3.7243,0.605,0.55464,0.55464,7.5629,0.17098
3.7854,0.66047,0.44215,0.44215,7.879,0.51877
3.7854,0.70468,0,0.34368,8.1893,0
3.8513,0.73905,0.21629,0.21629,8.5054,1.2464
3.8724,0.76068,0.12038,0.12038,8.8214,1.6253
3.8757,0.77272,0.049881,0.049881,9.1345,1.8909
3.8891,0.7777,-0.012681,-0.012681,9.4483,2.2196
3.8891,0.77644,0,-0.062931,9.7595,2.9409
3.8891,0.77014,0,-0.10591,10.071,3.5448
3.8778,0.75955,-0.20822,-0.20822,10.389,3.3159
3.8628,0.73873,-0.33142,-0.33142,10.704,4.17
3.8262,0.70559,-0.35363,-0.35363,11.019,4.1386
3.7986,0.67022,-0.49172,-0.49172,11.339,2.443
3.7567,0.62105,-0.62298,-0.62298,11.648,0.80414
3.7567,0.55875,0,-0.80739,11.965,5.5438
3.6166,0.47801,-0.90901,-0.90901,12.272,0
