15.833,15.833,-0.29656,0,35.5,0.85608
15.8,15.833,0.54757,-0.0028525,35.504,0
15.8,15.833,0,0.0142,35.501,0.10061
15.8,15.834,0,0.032918,35.497,0.14673
15.928,15.838,0.24012,0.046088,35.524,0
15.955,15.842,0.089825,0.057611,35.531,0
15.956,15.848,0.054961,0.054994,35.539,0
15.956,15.854,0,0.052858,35.549,0
15.967,15.859,0.11544,0.055185,35.563,0
15.973,15.864,0.17141,0.05569,35.574,0
15.999,15.87,0.24466,0.066103,35.58,0
16.029,15.877,0.24729,0.077673,35.602,0
16.051,15.884,0.25702,0.084998,35.627,0
16.086,15.893,0.26215,0.098717,35.644,0
16.113,15.903,0.23853,0.10697,35.671,0
16.142,15.913,0.20741,0.11631,35.691,0
16.157,15.925,0.19669,0.11823,35.716,0
16.173,15.937,0.13598,0.12038,35.734,0
16.185,15.949,0.10749,0.12009,35.756,0
16.185,15.961,0,0.11529,35.779,0
16.195,15.972,0.1451,0.11312,35.803,0
16.209,15.984,0.13004,0.11416,35.828,0
16.218,15.995,0.14524,0.11327,35.855,0
16.224,16.007,0.15845,0.11025,35.874,0
16.234,16.018,0.14261,0.10967,35.902,0
16.234,16.029,0,0.11575,35.923,0
16.258,16.04,0.066839,0.11013,35.946,0
16.258,16.051,0,0.10978,35.968,0
16.278,16.062,-0.087351,0.10936,35.988,0
16.278,16.073,0,0.099984,36.009,0
16.256,16.083,-0.18958,0.087575,36.038,0.32323
16.243,16.092,-0.21822,0.076363,36.061,0.43622
16.216,16.099,-0.22889,0.058693,36.067,0.50521
16.196,16.105,-0.18152,0.045796,36.086,0.3785
16.179,16.11,-0.19077,0.035012,36.093,0.42785
16.164,16.113,-0.16527,0.025529,36.108,0.36857
16.148,16.116,-0.20669,0.016277,36.121,0.51429
16.123,16.118,-0.22092,0.0029191,36.114,0.58615
16.101,16.118,-0.21207,-0.0013826,36.11,0.60114
16.101,16.118,0,-0.0024104,36.108,0.028483
16.071,16.117,-0.22616,-0.0038716,36.105,0.71769
16.071,16.117,0,-0.0058659,36.1,0.082053
16.027,16.116,-0.17186,-0.0074793,36.097,0.63895
16.027,16.116,0,-0.0083987,36.088,0.16632
16.027,16.115,0,-0.0093083,36.079,0.16247
15.982,16.114,-0.20368,-0.011094,36.068,0.84509
15.969,16.113,-0.21362,-0.01211,36.063,0.90886
15.969,16.112,0,-0.014545,36.049,0.26961
15.921,16.11,-0.22334,-0.015919,36.034,1.0542
15.896,16.109,-0.2057,-0.017938,36.008,1.0482
15.875,16.107,-0.23178,-0.019581,35.989,1.1933
15.848,16.105,-0.22004,-0.0217,35.971,1.2114
15.824,16.103,-0.26196,-0.023533,35.947,1.4316
15.788,16.1,-0.2329,-0.026414,35.922,1.402
15.765,16.098,-0.25733,-0.028205,35.88,1.5552
15.765,16.095,0,-0.030198,35.846,0.65492
15.711,16.092,-0.23962,-0.032405,35.805,1.609
15.681,16.089,-0.1928,-0.034694,35.76,1.4871
15.665,16.085,-0.18081,-0.035811,35.713,1.4712
15.64,16.082,-0.16004,-0.0378,35.662,1.4473
15.623,16.078,-0.16215,-0.038947,35.627,1.4876
15.598,16.074,-0.16549,-0.040794,35.582,1.5531
15.598,16.07,0,-0.041876,35.535,0.96418
15.56,16.066,-0.18472,-0.04355,35.497,1.7082
15.55,16.061,-0.14195,-0.044053,35.451,1.5504
15.545,16.057,-0.14022,-0.044195,35.401,1.5449
15.545,16.052,0,-0.044293,35.35,1.0459
15.545,16.048,0,-0.045376,35.3,1.0314
15.514,16.043,-0.02098,-0.046056,35.231,1.1636
15.518,16.039,0.023201,-0.045381,35.187,1.0056
15.526,16.034,0.092233,-0.044377,35.14,0.78397
15.531,16.03,0.093745,-0.04368,35.094,0.76134
15.533,16.026,0.02511,-0.043192,35.05,0.93784
15.528,16.021,0.062955,-0.043291,34.997,0.83002
15.533,16.017,0.098354,-0.042643,34.942,0.71807
15.533,16.013,0,-0.041408,34.893,0.98687
15.533,16.008,0,-0.040759,34.846,0.97849
15.56,16.004,0.18728,-0.039366,34.798,0.43501
15.569,16,0.15159,-0.038283,34.76,0.48663
15.588,15.997,0.017594,-0.036302,34.71,0.77503
15.592,15.993,-0.024956,-0.035703,34.672,0.88291
15.586,15.989,-0.13288,-0.036007,34.641,1.2464
15.581,15.986,-0.21927,-0.036131,34.607,1.5799
15.55,15.982,-0.31342,-0.038626,34.573,2.0662
15.522,15.978,-0.31248,-0.040875,34.535,2.1302
15.522,15.974,0,-0.04328,34.49,0.91289
15.522,15.97,0,-0.046355,34.445,0.89324
15.419,15.965,-0.30738,-0.049277,34.38,2.3603
15.419,15.96,0,-0.05215,34.326,1.1096
15.359,15.955,-0.2978,-0.053948,34.271,2.4529
15.359,15.95,0,-0.056258,34.211,1.2211
15.299,15.944,-0.31663,-0.058718,34.155,2.6898
15.266,15.938,-0.33685,-0.061292,34.089,2.8723
15.237,15.932,-0.3505,-0.063648,34.01,3.0148
15.205,15.926,-0.32606,-0.066134,33.942,2.9581
15.175,15.919,-0.31503,-0.068559,33.872,2.9709
15.141,15.912,-0.32667,-0.071231,33.795,3.1115
15.103,15.905,-0.29177,-0.074304,33.721,3.0162
15.075,15.898,-0.292,-0.076506,33.634,3.0774
15.037,15.89,-0.33793,-0.079611,33.547,3.4185
15,15.882,-0.36023,-0.082642,33.464,3.6358
14.963,15.874,-0.32787,-0.08564,33.384,3.5382
14.928,15.865,-0.32966,-0.088531,33.286,3.6294
14.887,15.856,-0.31157,-0.091907,33.2,3.6241
14.86,15.847,-0.30117,-0.093939,33.106,3.6169
14.828,15.838,-0.29811,-0.096516,33,3.6661
14.806,15.828,-0.30125,-0.098197,32.897,3.7218
14.775,15.818,-0.28727,-0.10062,32.795,3.7035
14.738,15.808,-0.3169,-0.10371,32.683,3.9547
14.712,15.798,-0.32739,-0.10582,32.575,4.0664
14.675,15.787,-0.31429,-0.10892,32.458,4.0674
14.645,15.776,-0.31519,-0.11129,32.349,4.1291
14.615,15.765,-0.33299,-0.11376,32.228,4.2933
14.58,15.754,-0.30988,-0.11669,32.119,4.2261
14.54,15.742,-0.28165,-0.12006,32.008,4.1431
14.54,15.73,0,-0.12168,31.889,2.6672
14.49,15.718,-0.29637,-0.124,31.767,4.3055
14.456,15.706,-0.32121,-0.12683,31.648,4.5214
14.427,15.693,-0.32917,-0.12923,31.517,4.6187
14.397,15.68,-0.33656,-0.13184,31.388,4.7189
14.354,15.667,-0.31997,-0.13566,31.259,4.7048
14.354,15.653,0,-0.13818,31.129,2.9335
14.28,15.64,-0.37,-0.14223,30.992,5.1726
14.28,15.625,0,-0.14605,30.856,3.0433
14.196,15.611,-0.50339,-0.14994,30.707,6.3032
14.196,15.596,0,-0.15434,30.566,3.1772
14.089,15.58,-0.65422,-0.16025,30.415,7.8103
14.027,15.564,-0.68004,-0.16644,30.255,8.2094
13.955,15.548,-0.68922,-0.17366,30.102,8.4996
13.88,15.53,-0.72263,-0.18128,29.946,9.0314
13.809,15.512,-0.77549,-0.18861,29.773,9.7485
13.736,15.493,-0.8338,-0.19635,29.597,10.562
13.648,15.474,-0.89119,-0.20582,29.411,11.458
13.648,15.453,0,-0.21591,29.229,4.2221
13.458,15.431,-0.95734,-0.22665,29.029,12.827
13.359,15.409,-0.95901,-0.23761,28.835,13.163
13.268,15.385,-0.97739,-0.24812,28.622,13.665
13.179,15.36,-0.96528,-0.25833,28.41,13.779
13.08,15.334,-0.94703,-0.27005,28.18,13.851
12.978,15.307,-0.8968,-0.28216,27.959,13.55
12.888,15.279,-0.84897,-0.29309,27.725,13.227
12.801,15.25,-0.797,-0.30395,27.484,12.851
12.72,15.219,-0.78141,-0.31437,27.227,12.852
12.652,15.188,-0.76047,-0.32341,26.965,12.736
12.652,15.156,0,-0.33395,26.713,6.1021
12.652,15.122,0,-0.34391,26.464,5.9228
12.415,15.088,-0.76027,-0.35522,26.181,13.175
12.415,15.052,0,-0.36576,25.915,6.4238
12.264,15.016,-0.67939,-0.37666,25.639,12.523
12.264,14.978,0,-0.38571,25.366,6.6037
12.133,14.94,-0.54348,-0.39602,25.086,11.255
12.133,14.9,0,-0.4032,24.807,6.7048
12.03,14.86,-0.54117,-0.41196,24.528,11.219
11.969,14.818,-0.54065,-0.42164,24.243,11.233
11.92,14.776,-0.57134,-0.42985,23.953,11.503
11.862,14.733,-0.58815,-0.43908,23.677,11.67
11.796,14.689,-0.5585,-0.44972,23.396,11.398
11.735,14.644,-0.48347,-0.46018,23.106,10.682
11.692,14.598,-0.42655,-0.46811,22.807,10.092
11.648,14.552,-0.38115,-0.47621,22.508,9.6227
11.616,14.504,-0.33437,-0.48192,22.225,9.121
11.588,14.456,-0.3533,-0.48725,21.939,9.1521
11.588,14.407,0,-0.4928,21.655,6.397
11.527,14.358,-0.43849,-0.49922,21.353,9.6167
11.492,14.308,-0.45944,-0.50589,21.067,9.6823
11.451,14.257,-0.4761,-0.51335,20.79,9.7288
11.399,14.206,-0.48184,-0.52325,20.504,9.7081
11.357,14.154,-0.46176,-0.5312,20.224,9.4286
11.357,14.1,0,-0.54215,19.947,5.8523
11.257,14.046,-0.43519,-0.55061,19.657,9.0269
11.257,13.991,0,-0.55993,19.38,5.7232
11.16,13.935,-0.39497,-0.5695,19.101,8.5041
11.112,13.878,-0.3457,-0.57879,18.827,8.0191
11.112,13.82,0,-0.58325,18.554,5.5123
11.112,13.762,0,-0.58701,18.286,5.2899
11.112,13.703,0,-0.59053,18.024,5.0709
11.02,13.644,-0.20463,-0.59479,17.737,6.3536
11.004,13.585,-0.25849,-0.59698,17.473,6.5261
10.971,13.525,-0.30341,-0.60215,17.223,6.6911
10.971,13.465,0,-0.60776,16.971,4.664
10.913,13.404,-0.37685,-0.61028,16.726,6.8944
10.876,13.343,-0.51147,-0.61657,16.475,7.7589
10.828,13.281,-0.73687,-0.62497,16.237,9.583
10.828,13.219,0,-0.63877,15.994,4.1889
10.676,13.155,-1.0245,-0.65829,15.735,12.457
10.583,13.089,-1.1476,-0.68016,15.479,13.906
10.476,13.021,-1.2606,-0.70512,15.235,15.383
10.346,12.951,-1.3021,-0.73854,14.969,15.979
10.21,12.877,-1.4758,-0.77325,14.709,18.607
10.059,12.8,-1.6223,-0.81328,14.449,21.104
10.059,12.718,0,-0.85989,14.179,4.0856
9.7077,12.632,-1.9378,-0.91412,13.881,27.374
9.7077,12.541,0,-0.97413,13.593,4.1466
9.7077,12.443,0,-1.0392,13.314,3.6311
9.0991,12.339,-2.2931,-1.1073,12.95,35.941
8.8636,12.229,-2.3228,-1.1874,12.627,36.637
8.8636,12.11,0,-1.2726,12.296,4.2097
8.3789,11.983,-2.4404,-1.3632,11.946,39.513
8.127,11.846,-2.484,-1.4608,11.589,40.405
7.876,11.7,-2.523,-1.5668,11.205,40.99
7.876,11.544,0,-1.6759,10.831,4.0289
7.3744,11.376,-2.5687,-5.2,10.413,0
7.1229,10.856,-2.5711,-5.2,10.033,0
6.8708,10.336,-2.5382,-5.2,9.6755,0
6.8708,9.8161,0,-5.2,9.355,91.985
6.3546,9.2961,-2.5966,-5.2,9.0508,0
6.0948,8.7761,-2.5883,-5.2,8.7627,0
5.8299,8.2561,-2.5871,-5.2,8.5039,0
5.5691,7.7361,-2.6497,-5.2,8.2786,0
5.3094,7.2161,-2.6359,-5.2,8.0652,0
5.0529,6.6961,-2.5968,-5.2,7.8805,0
5.0529,6.1761,0,-5.2,7.7421,23.291
4.5387,5.6561,-2.6535,-8.8,7.602,0
4.5387,4.7761,0,-0.14905,7.5343,0.17629
4.0196,4.7612,-2.6851,-0.2253,7.4562,9.7254
3.7443,4.7387,-2.6574,-8.8,7.3609,0
3.4749,3.8587,-2.5446,-0.096315,7.2953,8.2482
3.2219,3.849,-2.3598,-0.15913,7.2352,8.1628
2.9895,3.8331,-2.1356,-0.21705,7.1555,7.9779
2.7789,3.8114,-1.9138,-0.27046,7.0521,7.7564
2.7789,3.7844,0,-0.31824,6.9502,1.4647
2.4089,3.7525,-1.6659,-8.8,6.8153,0
2.2514,2.8725,-1.5813,-0.13011,6.7105,5.9079
2.0946,2.8595,-1.5394,-0.16258,6.6315,5.976
1.9416,2.8433,-1.5189,-0.1947,6.5438,6.0633
1.7974,2.8238,-1.4483,-0.22521,6.4517,6.0486
1.6524,2.8013,-1.4264,-8.8,6.3516,0
1.5088,1.9213,-1.3666,-0.062372,6.2835,4.4216
1.3708,1.915,-1.2878,-0.083175,6.2298,4.4621
1.3708,1.9067,0,-0.10291,6.1758,0.94359
1.3708,1.8964,0,-0.11983,6.1227,0.87139
1.0297,1.8845,-0.7625,-0.13594,6.0175,3.9312
0.95403,1.8709,-0.51113,-0.14787,5.9384,3.5742
0.91219,1.8561,-0.26223,-8.8,5.8385,0
0.89472,0.97607,-0.040113,-0.0067714,5.7921,0.25026
0.89472,0.9754,0,-0.0065113,5.7839,0.1544
0.903,0.97475,0.18241,-0.0059913,5.7752,0
0.903,0.97415,0,-0.0048607,5.768,0.13786
0.9655,0.97366,0.84244,-0.00068026,5.7774,0
1.0554,0.97359,1.3671,0.87736,5.7882,0
1.1904,1.0613,2.0069,1.2013,5.803,0
1.3832,1.1815,2.6589,1.5726,5.8124,0
1.6567,1.3387,3.1831,2.0215,5.8438,0
1.9784,1.5409,3.634,2.211,5.8801,0
2.3452,1.762,3.9656,2.3773,5.9395,0
2.7442,1.9997,4.2037,-8.8,5.9986,25.776
3.1575,1.1197,4.3671,4.9,6.1366,0
3.594,1.6097,4.5158,4.9,6.3294,0
4.0528,2.0997,4.4266,4.9,6.5331,0
4.0528,2.5897,0,4.5443,6.704,26.97
4.8941,3.0441,3.9257,3.4608,6.9067,0
4.8941,3.3902,0,3.0285,7.0744,12.212
5.6637,3.6931,3.6282,2.7989,7.2835,0
6.025,3.973,3.5863,2.6431,7.4847,0
6.3855,4.2373,3.7455,2.5476,7.6975,0
6.7566,4.492,3.7229,2.5001,7.925,0
7.1348,4.742,3.5348,2.4746,8.1521,0
7.4935,4.9895,3.4704,2.4424,8.3976,0
7.8319,5.2337,3.4174,2.4043,8.6579,0
7.8319,5.4742,0,2.3871,8.9057,3.237
8.525,5.7129,3.361,2.372,9.1957,0.085148
8.8578,5.9501,3.3662,2.3556,9.4848,0.36881
9.1935,6.1857,3.3331,2.3466,9.779,0.47476
9.518,6.4203,3.3184,2.334,10.084,0.66858
9.8549,6.6537,3.2494,2.3342,10.394,0.58216
10.186,6.8871,3.0643,2.3327,10.713,0
10.486,7.1204,2.6418,2.3139,11.048,0
10.747,7.3518,1.9885,2.2724,11.385,0
10.954,7.579,1.3024,2.2057,11.732,0
11.093,7.7996,0.63415,2.1045,12.074,0
11.146,8.0101,0.17561,1.9615,12.39,0
11.161,8.2062,-0.028138,1.8135,12.696,0
11.161,8.3876,0,1.6678,12.982,0
11.161,8.5543,0,1.5459,13.251,0
11.178,8.7089,0.26367,1.4489,13.496,0
11.178,8.8538,0,1.3686,13.735,0
11.241,8.9907,0.3197,1.2914,13.972,0
11.267,9.1198,0.68017,1.2203,14.19,0
11.339,9.2419,1.0986,1.1809,14.399,0
11.45,9.36,1.4362,1.1665,14.604,0
11.592,9.4766,1.8858,1.1706,14.805,0
11.773,9.5937,2.0933,1.1977,15.029,0.66938
11.975,9.7134,1.9986,1.2333,15.247,0.22201
11.975,9.8368,0,1.2664,15.467,0
12.352,9.9634,1.7187,1.2837,15.732,0
12.52,10.092,1.5552,1.2944,15.97,0
12.679,10.221,1.5217,1.2994,16.209,0
12.84,10.351,1.4361,1.3061,16.458,0
12.983,10.482,1.477,1.303,16.712,0
12.983,10.612,0,1.3001,16.955,0
12.983,10.742,0,1.3046,17.186,0
13.473,10.873,2.0535,1.3266,17.48,0.54935
13.676,11.005,2.2487,1.3533,17.75,1.4321
13.899,11.141,2.2606,1.3883,18.025,1.4565
13.899,11.279,0,1.4205,18.294,0
14.345,11.421,2.2954,1.4509,18.589,1.5942
14.584,11.566,2.2168,1.4871,18.886,1.1794
14.584,11.715,0,1.5134,19.181,0
15.01,11.867,2.0051,1.5269,19.499,0.20006
15.215,12.019,1.7429,1.541,19.81,0
15.395,12.173,1.4526,1.5429,20.129,0
15.395,12.328,0,1.5235,20.444,0
15.659,12.48,1.0376,1.5023,20.78,0
15.659,12.63,0,1.4736,21.09,0
15.879,12.778,1.4295,1.4457,21.39,0
16.013,12.922,1.22,1.4326,21.703,0
16.134,13.065,0.54348,1.4143,22.02,0
16.19,13.207,-0.17476,1.3666,22.316,0
16.164,13.343,-0.98426,1.2847,22.605,1.4434
16.071,13.472,-2.5614,1.1779,22.883,30.223
15.816,13.59,-4.0337,1.0034,23.12,131.94
15.816,13.69,0,0.76933,23.337,0
14.919,13.767,-5.6375,0.5147,23.458,1492.8
14.348,13.818,-6.222,0.23563,23.536,0
13.718,13.842,-6.0855,-0.017908,23.561,0
13.105,13.84,-5.4963,-0.10637,23.514,607.79
13.105,13.83,0,-0.18477,23.441,1.1676
12.082,13.811,-4.255,-0.25391,23.26,153.54
11.65,13.786,-3.8406,-0.3175,23.059,113.71
11.65,13.754,0,-0.37546,22.847,4.4615
10.942,13.716,-2.3019,-0.42531,22.562,41.924
10.706,13.674,-1.5589,-0.46332,22.27,25.553
10.706,13.628,0,-0.48814,21.975,6.8106
10.448,13.579,-0.64495,-0.50762,21.663,13.001
10.381,13.528,-0.79821,-0.5208,21.342,14.68
10.381,13.476,0,-0.53538,21.03,7.2005
10.199,13.422,-1.1962,-0.55632,20.699,20.081
10.072,13.367,-1.015,-0.58107,20.374,17.673
10.072,13.309,0,-0.60108,20.048,7.3659
10.072,13.249,0,-0.6182,19.727,7.0365
9.8537,13.187,-0.072316,-0.62919,19.38,8.0634
9.8537,13.124,0,-0.63267,19.05,7.313
9.8504,13.061,0.018504,-0.63497,18.721,6.955
9.8606,12.997,0.0050519,-0.63441,18.41,6.7638
9.8636,12.934,-0.0026766,-0.63574,18.092,6.5558
9.8717,12.87,-0.077631,-0.63458,17.797,6.7536
9.865,12.807,-0.27124,-0.63656,17.502,7.8265
9.841,12.743,-0.1544,-0.64202,17.213,6.8299
9.8283,12.679,0.19612,-0.64514,16.921,4.7137
9.8401,12.614,0.72527,-0.64188,16.641,2.8146
9.903,12.55,1.2231,-0.62557,16.374,2.124
10.018,12.487,1.8005,-0.59549,16.124,2.5305
10.018,12.428,0,-0.54571,15.88,4.6765
10.428,12.373,2.0742,-0.48676,15.67,3.1431
10.633,12.325,1.9085,-0.4302,15.48,2.6711
10.814,12.282,1.7513,-0.37842,15.314,2.2277
10.986,12.244,1.6578,-0.32825,15.174,1.9556
11.16,12.211,1.4968,-0.27662,15.068,1.5098
11.316,12.183,1.4573,-0.23022,14.971,1.3696
11.467,12.16,1.3819,-0.18502,14.898,1.1409
11.467,12.142,0,-0.14431,14.829,1.1623
11.467,12.127,0,-0.10482,14.763,1.2466
11.886,12.117,1.4444,-0.062548,14.747,1.2205
12.02,12.111,1.5381,-0.024427,14.727,1.5105
12.17,12.108,1.5639,0.02247,14.729,1.5761
12.322,12.11,1.5515,0.077417,14.733,1.4704
12.322,12.118,0,0.13062,14.753,0
12.627,12.131,1.5279,0.18179,14.814,1.2702
12.627,12.149,0,0.22933,14.862,0
12.926,12.172,1.3914,0.27704,14.95,0.67597
13.069,12.2,1.3771,0.31964,15.038,0.57418
13.2,12.232,1.3119,0.3565,15.127,0.30685
13.325,12.268,1.18,0.39006,15.236,0
13.325,12.307,0,0.41944,15.34,0
13.325,12.349,0,0.43708,15.439,0
13.61,12.392,0.47804,0.45023,15.568,0
13.61,12.437,0,0.44903,15.688,0
13.683,12.482,0.12767,0.44451,15.794,0
13.693,12.527,0.079764,0.43164,15.907,0
13.706,12.57,0.085776,0.42054,16.012,0
13.711,12.612,0.13679,0.40714,16.115,0
13.727,12.653,0.15098,0.39814,16.224,0
13.746,12.692,0.14055,0.3907,16.335,0
13.746,12.732,0,0.38494,16.439,0
13.786,12.77,0.13067,0.37746,16.547,0
13.798,12.808,0.10447,0.36767,16.64,0
13.815,12.845,0.055472,0.36022,16.73,0
13.817,12.881,0.23135,0.34793,16.823,0
13.85,12.915,0.56122,0.34713,16.914,0
13.912,12.95,0.78526,0.35756,17.015,0
13.988,12.986,1.0964,0.37306,17.113,0
14.104,13.023,1.3352,0.40226,17.208,0.31482
14.238,13.063,1.4129,0.43729,17.321,0.54758
14.387,13.107,1.2764,0.47695,17.447,0.018019
14.523,13.155,1.2415,0.51016,17.58,0
14.523,13.206,0,0.53554,17.714,0
14.746,13.259,0.99577,0.5548,17.852,0
14.851,13.315,0.84652,0.57349,18.005,0
14.931,13.372,0.73681,0.58252,18.167,0
14.931,13.43,0,0.58928,18.32,0
15.07,13.489,0.49278,0.5907,18.476,0
15.113,13.548,0.41294,0.58462,18.624,0
15.154,13.607,0.33003,0.5784,18.786,0
15.184,13.665,0.24961,0.56825,18.939,0
15.216,13.722,0.16992,0.5587,19.083,0
15.216,13.777,0,0.54682,19.229,0
15.253,13.832,0.093965,0.53098,19.361,0
15.264,13.885,0.09008,0.51529,19.494,0
15.271,13.937,0.1745,0.49844,19.636,0
15.286,13.987,0.24826,0.48548,19.763,0
15.317,14.035,0.36981,0.47877,19.883,0
15.317,14.083,0,0.47708,20.008,0
15.41,14.131,0.52731,0.47774,20.135,0
15.465,14.178,0.56029,0.48071,20.271,0
15.465,14.227,0,0.48102,20.397,0
15.569,14.275,0.67492,0.48347,20.53,0
15.569,14.323,0,0.49379,20.657,0
15.719,14.372,0.72814,0.50305,20.797,0
15.801,14.423,0.73703,0.51476,20.929,0
15.876,14.474,0.74469,0.52376,21.076,0
15.949,14.527,0.71789,0.53146,21.213,0
16.014,14.58,0.73367,0.5359,21.366,0
16.092,14.633,0.72528,0.54501,21.516,0
16.169,14.688,0.72279,0.55332,21.662,0
16.248,14.743,0.74022,0.56199,21.81,0
16.323,14.799,0.72247,0.56898,21.953,0
16.323,14.856,0,0.57658,22.103,0
16.467,14.914,0.77108,0.57976,22.264,0
16.537,14.972,0.77574,0.58408,22.423,0
16.614,15.03,0.72377,0.59086,22.586,0
16.678,15.089,0.7082,0.59252,22.746,0
16.746,15.149,0.7174,0.59558,22.902,0
16.816,15.208,0.67646,0.59942,23.063,0
16.876,15.268,0.64364,0.59937,23.232,0
16.944,15.328,0.66717,0.60201,23.401,0
17.014,15.388,0.71604,0.60572,23.565,0
17.076,15.449,0.72861,0.60609,23.728,0
17.154,15.509,0.71826,0.61203,23.884,0
17.154,15.571,0,0.61835,24.045,0
17.314,15.632,0.75163,0.62524,24.217,0
17.314,15.695,0,0.63244,24.382,0
17.473,15.758,0.74268,0.63714,24.569,0
17.543,15.822,0.73572,0.63926,24.74,0
17.621,15.886,0.73094,0.64426,24.918,0
17.701,15.95,0.73272,0.64955,25.084,0
17.766,16.015,0.72637,0.64907,25.265,0
17.832,16.08,0.69457,0.64907,25.432,0
17.832,16.145,0,0.65137,25.604,0
17.978,16.21,0.64311,0.6539,25.781,0
17.978,16.276,0,0.65269,25.955,0
18.096,16.341,0.54196,0.64826,26.128,0
18.096,16.406,0,0.6446,26.301,0
18.197,16.47,0.42696,0.63737,26.492,0
18.247,16.534,0.42343,0.6317,26.655,0
18.295,16.597,0.3973,0.62558,26.822,0
18.339,16.66,0.35206,0.61847,26.991,0
18.365,16.721,0.31009,0.60463,27.154,0
18.398,16.782,0.30124,0.59414,27.314,0
18.435,16.841,0.26891,0.58505,27.466,0
18.47,16.9,0.23566,0.57619,27.623,0
18.49,16.957,0.251,0.56191,27.775,0
18.513,17.014,0.29361,0.54914,27.919,0
18.543,17.069,0.26864,0.53969,28.071,0
18.575,17.122,0.22773,0.53164,28.222,0
18.6,17.176,0.23887,0.52084,28.362,0
18.627,17.228,0.2766,0.51126,28.503,0
18.627,17.279,0,0.502,28.64,0
18.627,17.329,0,0.49411,28.773,0
18.718,17.378,0.2949,0.4882,28.898,0
18.748,17.427,0.32868,0.48115,29.026,0
18.748,17.475,0,0.47196,29.155,0
18.809,17.523,0.30143,0.46804,29.281,0
18.834,17.569,0.32239,0.45997,29.416,0
18.861,17.615,0.36075,0.45264,29.546,0
18.906,17.661,0.35145,0.45244,29.678,0
18.951,17.706,0.33871,0.45227,29.811,0
18.993,17.751,0.34465,0.45073,29.928,0
19.02,17.796,0.35949,0.44376,30.044,0
19.053,17.841,0.29912,0.43936,30.157,0
19.085,17.885,0.28518,0.43498,30.28,0
19.106,17.928,0.1735,0.42672,30.407,0
19.106,17.971,0,0.41979,30.523,0
