26.389,26.389,0.19932,0,35.5,0
26.4,26.389,0.15839,0.0023386,35.498,0
26.422,26.389,0.052449,0.0071325,35.504,0
26.434,26.39,0.0061251,0.0096857,35.505,0
26.431,26.391,-0.018648,0.0087236,35.502,0
26.424,26.392,-0.018756,0.0070476,35.507,0
26.424,26.392,0,0.0070634,35.51,0
26.424,26.393,0.015723,0.0066306,35.519,0
26.424,26.394,0,0.0054369,35.522,0
26.425,26.394,0.051719,0.0066842,35.526,0
26.433,26.395,0.050044,0.0082902,35.538,0
26.433,26.396,-0.011554,0.0081493,35.537,0
26.424,26.397,-0.029857,0.0060162,35.547,0.020105
26.428,26.397,0.0063895,0.0067869,35.552,0
26.42,26.398,-0.007376,0.0047516,35.561,0
26.416,26.398,0.007945,0.0038885,35.561,0
26.425,26.399,0.066074,0.0056995,35.572,0
26.44,26.399,0.072093,0.0087981,35.582,0
26.44,26.4,0,0.0089131,35.586,0
26.444,26.401,0.025762,0.0093677,35.584,0
26.444,26.402,0,0.0099992,35.589,0
26.444,26.403,0,0.0097664,35.593,0
26.437,26.404,-0.017645,0.0072143,35.59,0
26.444,26.405,-0.0038141,0.0084689,35.598,0
26.444,26.406,0,0.010173,35.602,0
26.464,26.407,0.081811,0.012571,35.599,0
26.465,26.408,0.12955,0.012493,35.615,0
26.471,26.409,0.14809,0.013434,35.614,0
26.483,26.41,0.11503,0.015758,35.613,0
26.488,26.412,0.11247,0.016555,35.622,0
26.505,26.414,0.098153,0.019884,35.636,0
26.523,26.416,0.066479,0.0234,35.649,0
26.52,26.418,0.050443,0.022378,35.66,0
26.518,26.42,0.055485,0.021254,35.67,0
26.519,26.422,0.038982,0.021086,35.676,0
26.521,26.424,0.035715,0.020993,35.683,0
26.522,26.427,0.047928,0.020767,35.683,0
26.528,26.429,0.054224,0.021666,35.699,0
26.528,26.431,0,0.023479,35.709,0
26.528,26.433,0,0.023234,35.719,0
26.556,26.435,0.036082,0.026313,35.724,0
26.551,26.438,0.036391,0.02474,35.733,0
26.565,26.441,0.043982,0.027083,35.743,0
26.576,26.443,0.053533,0.028951,35.751,0
26.578,26.446,0.03728,0.028895,35.769,0
26.578,26.449,0,0.030685,35.782,0
26.601,26.452,0.059809,0.032609,35.812,0
26.607,26.455,0.053575,0.033179,35.833,0
26.609,26.459,0.086148,0.032793,35.842,0
26.621,26.462,0.093486,0.034758,35.852,0
26.637,26.465,0.084732,0.037508,35.875,0
26.641,26.469,0.076752,0.03768,35.9,0
26.651,26.473,0.11368,0.038931,35.91,0
26.66,26.477,0.087143,0.040072,35.924,0
26.666,26.481,0.093801,0.040611,35.946,0
26.666,26.485,0,0.041512,35.964,0
26.678,26.489,0.12057,0.041481,35.978,0
26.697,26.493,0.08488,0.044582,36.005,0
26.713,26.498,0.11201,0.047156,36.017,0
26.721,26.502,0.14133,0.04784,36.042,0
26.728,26.507,0.19491,0.048398,36.062,0
26.728,26.512,0,0.049827,36.084,0
26.756,26.517,0.23977,0.052396,36.12,0
26.756,26.522,0,0.056711,36.144,0
26.813,26.528,0.24944,0.062647,36.179,0
26.839,26.534,0.21564,0.067023,36.209,0
26.868,26.541,0.19011,0.071831,36.237,0
26.883,26.548,0.19873,0.073557,36.265,0
26.883,26.555,0,0.077757,36.298,0
26.926,26.563,0.20986,0.079838,36.326,0
26.926,26.571,0,0.083498,36.362,0
26.973,26.58,0.23006,0.086688,36.403,0
26.973,26.588,0,0.088431,36.442,0
27.004,26.597,0.24184,0.089567,36.473,0
27.037,26.606,0.23548,0.094937,36.522,0
27.062,26.616,0.23862,0.098598,36.566,0
27.088,26.625,0.24846,0.10219,36.611,0
27.088,26.636,0,0.10623,36.656,0
27.137,26.646,0.20412,0.10844,36.72,0
27.152,26.657,0.1919,0.10946,36.762,0
27.178,26.668,0.19098,0.11269,36.81,0
27.192,26.679,0.19018,0.11354,36.851,0
27.206,26.691,0.16599,0.114,36.896,0
27.224,26.702,0.18269,0.11562,36.951,0
27.248,26.714,0.21397,0.11834,37.012,0
27.248,26.725,0,0.11863,37.065,0
27.27,26.737,0.14745,0.11814,37.111,0
27.288,26.749,0.17728,0.11964,37.166,0
27.297,26.761,0.17734,0.11908,37.227,0
27.306,26.773,0.14115,0.11836,37.279,0
27.329,26.785,0.15753,0.12103,37.333,0
27.351,26.797,0.17439,0.12334,37.383,0
27.359,26.809,0.17575,0.12235,37.43,0
27.359,26.822,0,0.12553,37.485,0
27.402,26.834,0.14783,0.12649,37.535,0
27.421,26.847,0.15774,0.12803,37.587,0
27.43,26.86,0.13938,0.12726,37.654,0
27.43,26.872,0,0.12595,37.711,0
27.447,26.885,0.16661,0.12554,37.756,0
27.473,26.897,0.17979,0.12866,37.814,0
27.487,26.91,0.204,0.12886,37.865,0
27.503,26.923,0.2356,0.12957,37.919,0
27.525,26.936,0.22978,0.13169,37.97,0
27.552,26.949,0.20907,0.13479,38.026,0
27.571,26.963,0.19656,0.13628,38.091,0
27.598,26.976,0.18483,0.13921,38.151,0
27.623,26.99,0.15793,0.14179,38.213,0
27.643,27.004,0.14915,0.1431,38.275,0
27.649,27.019,0.15729,0.14135,38.334,0
27.649,27.033,0,0.14076,38.397,0
27.683,27.047,0.17523,0.14281,38.47,0
27.7,27.061,0.19547,0.14356,38.534,0
27.717,27.076,0.20899,0.14427,38.593,0
27.729,27.09,0.20952,0.14385,38.658,0
27.745,27.104,0.19746,0.14426,38.728,0
27.745,27.119,0,0.14632,38.791,0
27.745,27.133,0,0.14777,38.853,0
27.803,27.148,0.14526,0.14782,38.931,0
27.822,27.163,0.12599,0.14874,38.996,0
27.822,27.178,0,0.14986,39.062,0
27.822,27.193,0,0.14948,39.125,0
27.859,27.208,0.00079433,0.14722,39.203,0
27.851,27.223,-0.01284,0.14212,39.263,0
27.845,27.237,-0.04253,0.13767,39.322,0
27.849,27.251,-0.036191,0.1356,39.386,0
27.849,27.264,0,0.13194,39.446,0
27.846,27.277,-0.029775,0.12899,39.505,0
27.846,27.29,0,0.12601,39.561,0
27.836,27.303,-0.021894,0.12099,39.605,0
27.836,27.315,-0.033951,0.11821,39.657,0
27.841,27.327,-0.051966,0.11687,39.708,0
27.837,27.338,-0.055411,0.11343,39.766,0
27.83,27.35,-0.044522,0.10921,39.822,0
27.818,27.361,-0.036286,0.10405,39.866,0
27.812,27.371,-0.032637,0.10038,39.901,0
27.812,27.381,0,0.095329,39.945,0
27.803,27.391,-0.019848,0.093893,39.979,0
27.793,27.4,-0.025188,0.089567,40.011,0
27.792,27.409,-0.043671,0.087152,40.049,0
27.792,27.418,0,0.085239,40.087,0
27.792,27.426,-0.025532,0.083259,40.119,0
27.79,27.435,-0.032344,0.080971,40.149,0
27.788,27.443,-0.022732,0.078635,40.184,0
27.794,27.451,-0.033181,0.078394,40.222,0
27.8,27.458,-0.034272,0.077864,40.251,0
27.789,27.466,-0.040529,0.073648,40.281,0
27.779,27.474,-0.029951,0.069777,40.32,0
27.78,27.481,-0.03259,0.068264,40.351,0
27.78,27.487,0,0.067485,40.381,0
27.775,27.494,-0.039329,0.0642,40.409,0
27.766,27.501,-0.052217,0.060617,40.443,0
27.752,27.507,-0.071902,0.056031,40.474,0
27.752,27.512,0,0.053113,40.498,0
27.737,27.517,-0.11141,0.050253,40.519,0
27.725,27.523,-0.12256,0.046323,40.545,0
27.705,27.527,-0.1287,0.040695,40.567,0.0089312
27.699,27.531,-0.13288,0.038285,40.59,0.037454
27.691,27.535,-0.11266,0.035616,40.606,0.0060107
27.678,27.539,-0.1196,0.031799,40.618,0.051346
27.678,27.542,0,0.027907,40.632,0
27.648,27.545,-0.11486,0.023692,40.637,0.098887
27.628,27.547,-0.10608,0.01845,40.651,0.11511
27.628,27.549,0,0.013738,40.659,0
27.604,27.55,-0.10137,0.012411,40.676,0.14754
27.598,27.551,-0.096981,0.010685,40.683,0.14906
27.58,27.552,-0.098316,0.0063281,40.677,0.18452
27.572,27.553,-0.096875,0.0043019,40.686,0.19577
27.558,27.554,-0.079208,0.0009949,40.686,0.17518
27.542,27.554,-0.092257,-0.0014779,40.678,0.23922
27.535,27.553,-0.086566,-0.0022274,40.669,0.23643
27.53,27.553,-0.097738,-0.0028842,40.672,0.27618
27.53,27.553,0,-0.0050902,40.669,0.036827
27.495,27.552,-0.18129,-0.0070386,40.663,0.58888
27.473,27.552,-0.14506,-0.009725,40.658,0.5237
27.46,27.551,-0.12931,-0.011227,40.652,0.50238
27.441,27.55,-0.10846,-0.013393,40.634,0.47814
27.432,27.548,-0.072408,-0.014404,40.627,0.39468
27.426,27.547,-0.061668,-0.014912,40.612,0.37412
27.429,27.545,-0.085005,-0.014386,40.594,0.42833
27.428,27.544,-0.061167,-0.01436,40.575,0.36356
27.428,27.543,0,-0.014639,40.563,0.20877
27.417,27.541,-0.063291,-0.015329,40.549,0.38447
27.405,27.54,-0.02052,-0.016615,40.532,0.29543
27.403,27.538,-0.010833,-0.016655,40.511,0.27231
27.407,27.536,-0.049198,-0.016036,40.507,0.35836
27.404,27.535,-0.018992,-0.016205,40.499,0.28503
27.409,27.533,0.013156,-0.015323,40.483,0.19602
27.409,27.531,0,-0.015325,40.47,0.22288
27.401,27.53,-0.023911,-0.016025,40.45,0.29378
27.408,27.528,0.022811,-0.014949,40.44,0.16853
27.409,27.527,0.034679,-0.014682,40.423,0.13867
27.409,27.525,0,-0.01335,40.412,0.2159
27.419,27.524,0.11107,-0.013041,40.398,0
27.425,27.523,0.15484,-0.012214,40.383,0
27.438,27.521,0.15621,-0.01041,40.37,0
27.446,27.52,0.15058,-0.009314,40.361,0
27.468,27.52,0.16799,-0.006465,40.345,0
27.489,27.519,0.1617,-0.0036586,40.347,0
27.489,27.518,0,-0.0025939,40.344,0.054326
27.505,27.518,0.095645,-0.0016693,40.339,0
27.518,27.518,0.047149,-1.7183e-05,40.336,0
27.529,27.518,-0.015808,0.0024678,40.341,0.016612
27.532,27.518,-0.043261,0.0030065,40.343,0.07418
27.519,27.519,-0.051894,0.00017599,40.341,0.11461
27.518,27.519,-0.051212,-8.8026e-05,40.351,0.1156
27.513,27.519,-0.076832,-0.00070205,40.359,0.18739
27.514,27.519,-0.11748,-0.0005097,40.362,0.2905
27.514,27.518,0,-0.001835,40.362,0.0044302
27.514,27.518,0,-0.0035374,40.361,0.00048389
27.489,27.518,-0.097694,-0.0035728,40.357,0.28643
27.475,27.518,-0.070927,-0.0053037,40.346,0.2441
27.462,27.517,-0.025712,-0.0068288,40.331,0.1572
27.46,27.516,-0.043134,-0.0070681,40.324,0.20222
27.462,27.516,-0.090797,-0.0067342,40.324,0.31836
27.443,27.515,-0.073383,-0.0089338,40.312,0.30724
27.429,27.514,-0.085023,-0.010656,40.297,0.36539
27.429,27.513,0,-0.010626,40.289,0.15279
27.429,27.512,0,-0.012237,40.28,0.14692
27.401,27.511,-0.13014,-0.01376,40.265,0.54406
27.38,27.509,-0.12748,-0.016182,40.259,0.5767
27.363,27.508,-0.11243,-0.018122,40.25,0.56431
27.356,27.506,-0.10041,-0.018734,40.226,0.53903
27.353,27.504,-0.10353,-0.018912,40.215,0.5509
27.352,27.502,-0.079903,-0.018756,40.208,0.48094
27.342,27.5,-0.086528,-0.019833,40.187,0.51678
27.328,27.498,-0.10314,-0.021341,40.162,0.58927
27.316,27.496,-0.094127,-0.022565,40.15,0.58294
27.301,27.494,-0.058804,-0.024199,40.127,0.50905
27.294,27.492,-0.057357,-0.024821,40.115,0.51487
27.288,27.489,-0.038741,-0.025293,40.104,0.47179
27.277,27.487,-0.019262,-0.026352,40.09,0.43713
27.275,27.484,-0.016808,-0.026338,40.065,0.43016
27.275,27.481,0,-0.025722,40.045,0.38343
27.274,27.479,-0.05159,-0.025776,40.035,0.513
27.261,27.476,-0.036649,-0.027129,40.011,0.49359
27.257,27.473,0.013182,-0.027288,39.999,0.36875
27.268,27.471,0.11116,-0.025644,39.973,0.13225
27.268,27.468,0,-0.024848,39.953,0.37196
27.303,27.466,0.33204,-0.020525,39.94,0
27.327,27.464,0.41777,-0.01728,39.925,0
27.375,27.462,0.47968,-0.011041,39.91,0
27.417,27.461,0.50304,-0.0055282,39.903,0
27.463,27.46,0.50024,0.00074755,39.895,0
27.521,27.46,0.50235,0.013746,39.902,0
27.57,27.462,0.52315,0.024431,39.908,0
27.57,27.464,0,0.035822,39.918,0
27.683,27.468,0.48635,0.048866,39.943,0
27.732,27.473,0.48603,0.058745,39.963,0
27.774,27.478,0.48144,0.067038,39.982,0
27.821,27.485,0.48533,0.075998,40.006,0
27.87,27.493,0.52857,0.0856,40.047,0
27.923,27.501,0.59498,0.095678,40.08,0
27.923,27.511,0,0.10504,40.122,0
28.042,27.521,0.74649,0.1182,40.174,0
28.119,27.533,0.77784,0.13292,40.23,0
28.205,27.546,0.78548,0.14947,40.294,0
28.276,27.561,0.78432,0.16233,40.357,0
28.276,27.578,0,0.17557,40.427,0
28.276,27.595,0,0.18985,40.496,0
28.511,27.614,0.73824,0.20414,40.596,0
28.588,27.635,0.74161,0.21727,40.686,0
28.658,27.656,0.75254,0.22829,40.778,0
28.736,27.679,0.75697,0.24121,40.89,0
28.807,27.703,0.76029,0.25216,40.997,0
28.879,27.728,0.77657,0.26306,41.104,0
28.957,27.755,0.80105,0.27523,41.228,0
29.045,27.782,0.79566,0.28928,41.36,0
29.045,27.811,0,0.29969,41.485,0
29.187,27.841,0.77078,0.30905,41.622,0
29.269,27.872,0.79093,0.32121,41.76,0
29.345,27.904,0.76871,0.33154,41.904,0
29.413,27.937,0.76252,0.33988,42.042,0
29.494,27.971,0.78306,0.35115,42.193,0
29.58,28.006,0.79139,0.36329,42.346,0
29.58,28.043,0,0.37357,42.502,0
29.734,28.08,0.77168,0.38287,42.683,0
29.82,28.118,0.78856,0.39451,42.859,0
29.897,28.158,0.7849,0.40358,43.032,0
29.978,28.198,0.78302,0.41363,43.207,0
30.061,28.24,0.79671,0.42381,43.394,0
30.139,28.282,0.81005,0.43276,43.582,0
30.214,28.325,0.8413,0.44076,43.779,0
30.214,28.369,0,0.44838,43.966,0
30.214,28.414,0,0.46054,44.148,0
30.214,28.46,0,0.47186,44.326,0
30.214,28.507,0,0.4828,44.499,0
30.654,28.556,0.76269,0.49294,44.788,0
30.728,28.605,0.74264,0.49949,45.009,0
30.804,28.655,0.73336,0.50637,45.226,0
30.88,28.706,0.7296,0.51295,45.439,0
30.944,28.757,0.70313,0.51657,45.66,0
31.013,28.809,0.68726,0.52139,45.888,0
31.077,28.861,0.64277,0.52504,46.113,0
31.145,28.913,0.59038,0.52942,46.345,0
31.207,28.966,0.51995,0.53219,46.566,0
31.207,29.019,0,0.53328,46.788,0
31.309,29.073,0.36157,0.53241,47.02,0
31.348,29.126,0.33068,0.52966,47.244,0
31.378,29.179,0.34851,0.52465,47.457,0
31.417,29.231,0.34501,0.522,47.669,0
31.459,29.284,0.34531,0.52032,47.894,0
31.459,29.336,0,0.51438,48.109,0
31.509,29.387,0.2465,0.50871,48.344,0
31.531,29.438,0.12795,0.50227,48.551,0
31.531,29.488,0,0.49589,48.757,0
31.555,29.538,-0.01379,0.48485,48.966,0
31.56,29.586,-0.037833,0.47485,49.171,0
31.56,29.634,0,0.46372,49.366,0
31.555,29.68,-0.038491,0.45208,49.568,0
31.552,29.725,-0.0034986,0.44079,49.757,0
31.547,29.769,0.048773,0.42928,49.939,0
31.561,29.812,0.14981,0.42268,50.115,0
31.573,29.855,0.27275,0.41567,50.297,0
31.598,29.896,0.35372,0.4118,50.471,0
31.639,29.937,0.46616,0.41222,50.644,0
31.676,29.979,0.45635,0.41147,50.816,0
31.676,30.02,0,0.41232,50.983,0
31.729,30.061,-0.52117,0.40474,51.146,0
31.677,30.101,-1.1665,0.38251,51.299,2.1417
31.552,30.14,-1.1216,0.34312,51.45,2.2271
31.552,30.174,0,0.30657,51.589,0
31.363,30.205,-0.22343,0.2817,51.713,0
31.346,30.233,0.46457,0.27066,51.83,0
31.346,30.26,0,0.27729,51.94,0
31.499,30.288,0.92807,0.29491,52.057,0
31.601,30.317,0.63448,0.31277,52.178,0
31.658,30.348,0.35528,0.31915,52.304,0
31.702,30.38,0.36595,0.32233,52.435,0
31.738,30.412,0.4609,0.3233,52.566,0
31.787,30.445,0.56116,0.32759,52.696,0
31.846,30.478,0.61982,0.33408,52.839,0
31.9,30.511,0.65071,0.33942,52.982,0
31.96,30.545,0.61616,0.34576,53.124,0
32.023,30.579,0.55826,0.35285,53.259,0
32.023,30.615,0,0.35859,53.402,0
32.133,30.651,0.46929,0.36297,53.564,0
32.185,30.687,0.42044,0.36699,53.722,0
32.185,30.724,0,0.36719,53.87,0
32.185,30.76,0,0.37107,54.014,0
32.313,30.797,0.51737,0.37172,54.186,0
32.373,30.835,0.54517,0.37754,54.331,0
32.428,30.872,0.55957,0.38202,54.476,0
32.485,30.911,0.55914,0.38666,54.635,0
32.547,30.949,0.53527,0.39257,54.79,0
32.547,30.988,0,0.39521,54.948,0
32.648,31.028,0.5065,0.39836,55.107,0
32.704,31.068,0.5356,0.40261,55.264,0
32.766,31.108,0.55431,0.40813,55.42,0
32.818,31.149,0.57502,0.41105,55.585,0
32.818,31.19,0,0.4159,55.75,0
32.941,31.232,0.58805,0.42138,55.93,0
32.997,31.274,0.58941,0.42505,56.106,0
33.061,31.316,0.5866,0.43045,56.276,0
33.125,31.359,0.58785,0.43593,56.447,0
33.177,31.403,0.55885,0.43813,56.62,0
33.228,31.447,0.54202,0.44025,56.8,0
33.273,31.491,0.50169,0.44068,56.988,0
33.273,31.535,0,0.44341,57.164,0
33.364,31.579,0.34345,0.4417,57.332,0
33.402,31.623,0.28072,0.44027,57.511,0
33.433,31.667,0.23617,0.43717,57.696,0
33.45,31.711,0.17779,0.43082,57.875,0
33.471,31.754,0.18788,0.42559,58.056,0
33.48,31.797,0.23616,0.41744,58.219,0
33.502,31.838,0.29537,0.41253,58.379,0
33.502,31.88,0,0.40833,58.543,0
33.551,31.921,0.42665,0.40469,58.71,0
33.594,31.961,0.44769,0.40555,58.878,0
33.634,32.002,0.45053,0.40543,59.048,0
33.634,32.042,0,0.40552,59.21,0
33.712,32.083,0.43161,0.40518,59.383,0
33.749,32.123,0.43651,0.40443,59.551,0
33.791,32.164,0.47755,0.40497,59.718,0
33.839,32.204,0.47777,0.40685,59.884,0
33.895,32.245,0.47423,0.41079,60.051,0
33.938,32.286,0.4664,0.4115,60.217,0
33.98,32.327,0.41911,0.41176,60.378,0
34.022,32.368,0.34941,0.41225,60.539,0
34.066,32.409,0.31707,0.41288,60.699,0
34.066,32.451,0,0.40956,60.863,0
34.117,32.492,0.26184,0.4053,61.037,0
34.139,32.532,0.24675,0.40102,61.199,0
34.139,32.572,0,0.39899,61.358,0
34.194,32.612,0.25112,0.39494,61.514,0
34.211,32.652,0.27621,0.38941,61.677,0
34.233,32.691,0.29089,0.38525,61.834,0
34.26,32.729,0.28314,0.3825,61.978,0
34.26,32.767,0,0.37825,62.129,0
34.318,32.805,0.26914,0.37793,62.275,0
34.344,32.843,0.26289,0.37506,62.416,0
34.365,32.881,0.24658,0.37103,62.561,0
34.395,32.918,0.24981,0.36923,62.706,0
34.427,32.955,0.24417,0.36809,62.85,0
34.458,32.991,0.24542,0.36677,62.989,0
34.477,33.028,0.20455,0.36246,63.145,0
34.488,33.064,0.15204,0.35625,63.29,0
34.507,33.1,0.088868,0.3522,63.425,0
34.507,33.135,0,0.3455,63.564,0
34.511,33.17,-0.030983,0.33576,63.706,0
34.509,33.203,-0.081034,0.32699,63.833,0
34.493,33.236,-0.088253,0.31467,63.959,0
34.484,33.267,-0.073334,0.30476,64.088,0
34.486,33.298,-0.065134,0.2975,64.205,0
34.472,33.328,-0.03738,0.28668,64.319,0
34.465,33.356,0.0059366,0.2777,64.441,0
34.468,33.384,0.028781,0.27165,64.558,0
34.479,33.411,0.065078,0.26768,64.675,0
34.477,33.438,0.11062,0.26049,64.781,0
34.496,33.464,0.16844,0.25879,64.88,0
34.517,33.49,0.19626,0.25753,64.981,0
34.537,33.516,0.2127,0.25618,65.091,0
34.55,33.541,0.23919,0.25305,65.184,0
34.55,33.567,0,0.25054,65.284,0
34.55,33.592,0,0.2493,65.381,0
34.624,33.617,0.36834,0.25272,65.464,0
34.624,33.642,0,0.25596,65.564,0
34.706,33.667,0.45419,0.26046,65.662,0
34.706,33.694,0,0.26602,65.764,0
34.706,33.72,0,-2,65.864,26.337
34.84,33.52,0.4126,-2,65.983,38.345
34.885,33.32,0.39686,-2,66.133,43.896
34.931,33.12,0.37597,-2,66.301,50.296
34.97,32.92,0.35112,-2,66.497,57.444
34.995,32.72,0.31402,-2,66.719,65.155
35.023,32.52,0.28375,-2,66.958,74.418
35.049,32.32,0.24851,-2,67.225,85.272
35.072,32.12,0.18198,-2,67.503,98.206
35.097,31.92,0.15841,-2,67.807,114.16
35.11,31.72,0.10997,-2,68.132,133.34
35.11,31.52,0,-2,68.481,159.15
35.11,31.32,0,-2,68.85,187.55
35.11,31.12,0,-2,69.239,223.37
35.11,30.92,0,-2,69.648,269.78
35.169,30.72,0.27831,-2,70.085,287.47
35.194,30.52,0.35646,-2,70.54,334.4
35.194,30.32,0,-2,71.017,626.93
