27.222,27.222,-0.23288,0,35.5,0.63138
27.201,27.222,-0.1646,-0.0032821,35.502,0.45953
27.201,27.222,0,-0.0062786,35.5,0.030412
27.201,27.221,0,-0.0062223,35.498,0.029238
27.189,27.221,0.056092,-0.0047959,35.502,0
27.189,27.22,0,-0.0043632,35.499,0.054784
27.199,27.22,0.040335,-0.0031807,35.49,0
27.197,27.219,0.025499,-0.0033733,35.494,0
27.197,27.219,0,-0.0044247,35.491,0.035561
27.19,27.219,0.041478,-0.0043407,35.488,0
27.191,27.218,0.068093,-0.004162,35.494,0
27.191,27.218,0,-0.0044467,35.491,0.046076
27.199,27.217,0.18036,-0.0027274,35.477,0
27.225,27.217,0.19272,0.0015828,35.473,0
27.245,27.217,0.19172,0.0056613,35.481,0
27.257,27.218,0.18597,0.0080929,35.476,0
27.257,27.219,0,0.010201,35.48,0
27.287,27.22,0.19739,0.01389,35.486,0
27.315,27.221,0.2336,0.019411,35.493,0
27.336,27.223,0.29198,0.023341,35.507,0
27.356,27.225,0.34162,0.026983,35.526,0
27.398,27.228,0.36615,0.035118,35.541,0
27.436,27.231,0.3585,0.042364,35.567,0
27.462,27.236,0.36583,0.0469,35.585,0
27.497,27.24,0.34371,0.053235,35.618,0
27.497,27.246,0,0.060093,35.644,0
27.572,27.252,0.29886,0.066527,35.672,0
27.608,27.258,0.27758,0.072463,35.706,0
27.627,27.266,0.23975,0.074948,35.737,0
27.659,27.273,0.21488,0.080225,35.771,0
27.687,27.281,0.18943,0.08425,35.814,0
27.705,27.29,0.14421,0.086349,35.849,0
27.705,27.298,0,0.086619,35.89,0
27.705,27.307,0,0.085923,35.93,0
27.73,27.315,0.028597,0.086228,35.964,0
27.735,27.324,-0.001015,0.085543,36.01,0
27.729,27.333,-0.011847,0.082593,36.054,0
27.719,27.341,-0.02975,0.078774,36.101,0
27.723,27.349,-0.042413,0.078035,36.133,0
27.723,27.357,-0.0060705,0.076507,36.165,0
27.723,27.364,0.00056742,0.07477,36.194,0
27.731,27.372,-0.0049967,0.075051,36.229,0
27.737,27.379,0.00047976,0.074713,36.265,0
27.737,27.387,0,0.072339,36.301,0
27.732,27.394,-0.047181,0.070787,36.347,0
27.729,27.401,-0.082938,0.068708,36.38,0
27.729,27.408,0,0.066349,36.412,0
27.712,27.415,-0.092695,0.062306,36.443,0
27.703,27.421,-0.084941,0.059135,36.477,0
27.686,27.427,-0.095373,0.05427,36.498,0
27.685,27.432,-0.11012,0.053082,36.527,0
27.672,27.437,-0.11535,0.049271,36.56,0
27.661,27.442,-0.1304,0.045828,36.577,0
27.652,27.447,-0.14188,0.043075,36.599,0
27.639,27.451,-0.13256,0.039334,36.623,0
27.626,27.455,-0.11311,0.035812,36.636,0
27.621,27.459,-0.11996,0.034121,36.661,0.0049972
27.611,27.462,-0.14146,0.031266,36.678,0.083686
27.595,27.465,-0.17968,0.027222,36.696,0.22298
27.581,27.468,-0.21748,0.02365,36.704,0.36697
27.558,27.47,-0.23821,0.018434,36.72,0.47988
27.543,27.472,-0.23337,0.014786,36.737,0.49746
27.543,27.474,0,0.011432,36.744,0
27.502,27.475,-0.15282,0.0056328,36.735,0.33266
27.478,27.475,-0.13537,0.00057561,36.737,0.32672
27.467,27.475,-0.14761,-0.0012438,36.745,0.38358
27.454,27.475,-0.16788,-0.00304,36.738,0.46855
27.445,27.475,-0.20145,-0.0044192,36.733,0.59307
27.415,27.475,-0.22178,-0.0086755,36.723,0.72291
27.4,27.474,-0.20055,-0.01077,36.707,0.68282
27.388,27.473,-0.17912,-0.012248,36.69,0.63474
27.38,27.471,-0.168,-0.013268,36.678,0.61409
27.359,27.47,-0.16903,-0.016137,36.666,0.65845
27.347,27.468,-0.16775,-0.017655,36.648,0.67605
27.325,27.467,-0.18805,-0.02067,36.638,0.78624
27.325,27.465,0,-0.022655,36.624,0.24395
27.325,27.462,0,-0.026674,36.61,0.22976
27.254,27.46,-0.21911,-0.030007,36.592,1.0339
27.228,27.457,-0.21251,-0.033443,36.574,1.0621
27.199,27.453,-0.17851,-0.037166,36.557,0.99717
27.191,27.45,-0.12902,-0.037886,36.521,0.84095
27.18,27.446,-0.13412,-0.038907,36.504,0.8718
27.176,27.442,-0.15301,-0.039012,36.468,0.93483
27.17,27.438,-0.19141,-0.039446,36.447,1.0739
27.17,27.434,0,-0.040495,36.421,0.47671
27.144,27.43,-0.28775,-0.042131,36.404,1.4874
27.119,27.426,-0.26847,-0.045135,36.373,1.4553
27.098,27.421,-0.24226,-0.047667,36.336,1.3889
27.07,27.417,-0.21215,-0.051209,36.31,1.3262
27.044,27.411,-0.19297,-0.054375,36.271,1.3007
27.018,27.406,-0.21243,-0.05747,36.226,1.4211
26.987,27.4,-0.24817,-0.061348,36.181,1.624
26.968,27.394,-0.27198,-0.063365,36.14,1.7551
26.95,27.388,-0.25896,-0.065251,36.091,1.7275
26.918,27.381,-0.23839,-0.0692,36.05,1.7022
26.918,27.374,0,-0.072875,36.004,0.83808
26.858,27.367,-0.20739,-0.076348,35.95,1.6819
26.844,27.359,-0.21935,-0.077415,35.905,1.7452
26.819,27.352,-0.25477,-0.080046,35.857,1.9354
26.8,27.344,-0.30323,-0.082016,35.798,2.1832
26.771,27.335,-0.3058,-0.085216,35.742,2.245
26.743,27.327,-0.24685,-0.08853,35.676,2.0253
26.722,27.318,-0.18784,-0.09054,35.622,1.8021
26.694,27.309,-0.16279,-0.093633,35.569,1.7448
26.668,27.3,-0.1249,-0.096339,35.503,1.6331
26.648,27.29,-0.11794,-0.098221,35.432,1.6294
26.646,27.28,-0.16043,-0.097242,35.373,1.7756
26.621,27.271,-0.23122,-0.099932,35.299,2.1096
26.621,27.261,0,-0.10113,35.235,1.2059
26.621,27.25,0,-0.10578,35.172,1.166
26.621,27.24,0,-0.11181,35.109,1.1213
26.466,27.229,-0.48391,-0.11864,35.037,3.7389
26.418,27.217,-0.49643,-0.12456,34.96,3.9179
26.369,27.204,-0.48536,-0.13078,34.881,3.9544
26.326,27.191,-0.4741,-0.13587,34.799,3.9675
26.326,27.178,0,-0.14091,34.713,1.6295
26.24,27.164,-0.49767,-0.14616,34.605,4.2812
26.187,27.149,-0.5149,-0.15291,34.503,4.5052
26.187,27.134,0,-0.15799,34.408,1.8268
26.085,27.118,-0.51646,-0.16572,34.287,4.7204
26.085,27.101,0,-0.17238,34.184,1.9679
25.989,27.084,-0.41653,-0.17728,34.072,4.2448
25.948,27.066,-0.36523,-0.18175,33.968,3.9931
25.904,27.048,-0.36431,-0.18695,33.848,4.0557
25.876,27.029,-0.44013,-0.18947,33.725,4.5467
25.839,27.011,-0.56515,-0.19329,33.614,5.4536
25.785,26.991,-0.68801,-0.20025,33.488,6.513
25.712,26.971,-0.85936,-0.2101,33.359,8.2092
25.624,26.95,-1.0396,-0.22259,33.232,10.323
25.517,26.928,-1.2018,-0.23823,33.089,12.591
25.393,26.904,-1.3997,-0.25674,32.945,15.744
25.393,26.878,0,-0.27764,32.796,2.9215
25.102,26.851,-1.7721,-0.30117,32.63,23.216
24.925,26.821,-1.8526,-0.3292,32.438,25.532
24.749,26.788,-1.8906,-0.35721,32.238,27.009
24.554,26.752,-1.8706,-0.3889,32.02,27.319
24.376,26.713,-1.8076,-0.41806,31.784,26.618
24.192,26.671,-1.7573,-0.4483,31.539,26.21
24.026,26.626,-1.7107,-0.47591,31.281,25.793
23.864,26.579,-1.6792,-0.50258,31.024,25.64
23.699,26.528,-1.6702,-0.53067,30.747,25.923
23.541,26.475,-1.7053,-0.55774,30.455,27.008
23.369,26.42,-1.7875,-0.58817,30.152,29.136
23.194,26.361,-1.8854,-0.61963,29.842,31.699
23.015,26.299,-1.9815,-0.65253,29.516,34.346
22.813,26.234,-2.0765,-0.69124,29.174,37.188
22.813,26.164,0,-0.73215,28.835,7.0571
22.395,26.091,-2.1769,-0.77374,28.455,40.778
22.175,26.014,-2.216,-0.81851,28.085,42.323
21.945,25.932,-2.2245,-0.86696,27.694,43.032
21.945,25.845,0,-0.91623,27.3,8.0983
21.494,25.754,-2.2002,-0.96645,26.87,43.1
21.494,25.657,0,-1.018,26.449,8.5243
21.494,25.555,0,-1.0671,26.037,7.848
20.84,25.449,-2.0696,-1.121,25.559,40.219
20.627,25.336,-2.022,-1.1748,25.096,39.062
20.425,25.219,-1.9579,-1.2278,24.626,37.44
20.23,25.096,-1.881,-1.2815,24.135,35.478
20.052,24.968,-1.7906,-1.3311,23.653,33.203
19.877,24.835,-1.6535,-1.3828,23.15,30.02
19.716,24.697,-1.4606,-1.4315,22.649,25.992
19.571,24.554,-1.1933,-1.476,22.156,21.2
19.571,24.406,0,-1.5131,21.665,8.2606
19.353,24.255,-0.66729,-1.5444,21.171,13.608
19.285,24.1,-0.47884,-1.5663,20.679,11.275
19.285,23.944,0,-1.5776,20.205,7.2947
19.202,23.786,-0.33521,-1.5873,19.74,9.02
19.178,23.627,-0.29916,-1.5899,19.282,8.2237
19.178,23.468,0,-1.5914,18.845,6.0226
19.113,23.309,-0.39269,-1.5916,18.434,7.839
19.073,23.15,-0.59146,-1.5936,18.019,8.7376
19.021,22.99,-0.95061,-1.5983,17.62,11.356
18.929,22.831,-1.4642,-1.6178,17.229,17.109
18.787,22.669,-2.067,-1.6581,16.844,27.719
18.579,22.503,-2.6683,-1.7296,16.446,44.423
18.579,22.33,0,-3.6217,16.062,13.091
17.995,21.968,-3.3828,-3.8876,15.636,206.58
17.661,21.579,-3.4817,-3.9851,15.246,0
17.321,21.181,-3.4442,-3.9452,14.866,0
16.973,20.786,-3.3247,-3.8265,14.491,151.73
16.642,20.403,-3.2022,-3.7036,14.111,67.949
16.325,20.033,-3.1462,-3.6466,13.734,55.062
16.325,19.668,0,-3.6121,13.382,16.265
15.706,19.307,-3.0611,-3.5602,12.991,42.448
15.393,18.951,-3.0252,-3.5261,12.641,38.501
15.09,18.599,-3.0223,-3.5231,12.291,38.231
14.783,18.246,-2.9404,-4.4,11.938,1.8607
14.486,17.806,-2.8394,-4.4,11.592,3.3794
14.193,17.366,-2.7787,-4.4,11.274,2.8876
13.91,16.926,-2.6847,-4.4,10.964,0.2649
13.65,16.486,-2.5844,-4.4,10.67,0
13.388,16.046,-2.4712,-4.4,10.398,0
13.145,15.606,-2.3683,-4.4,10.141,0
12.9,15.166,-2.2266,-4.4,9.9016,0
12.668,14.726,-2.1013,-4.4,9.6956,0
12.459,14.286,-1.9213,-4.4,9.5077,0
12.273,13.846,-1.8042,-4.4,9.3298,0
12.085,13.406,-1.6483,-4.4,9.1895,0
11.929,12.966,-1.5819,-4.4,9.0649,0
11.765,12.526,-1.5179,-4.4,8.9756,0
11.765,12.086,0,-5.2,8.9215,0
11.46,11.566,-1.5326,-5.2,8.8822,0
11.316,11.046,-1.5755,-5.2,8.899,0
11.163,10.526,-1.6044,-5.2,8.9493,0
11.011,10.006,-1.6118,-5.2,9.0246,0
10.841,9.4863,-1.6188,-5.2,9.1396,0
10.673,8.9663,-1.5753,-5.2,9.2908,0
10.673,8.4463,0,0.9369,9.4875,0
10.386,8.54,-1.1138,0.8319,9.6665,3.7396
10.28,8.6231,-0.76069,0.74672,9.8441,1.2002
10.198,8.6978,-0.37672,0.67545,9.9983,0
10.159,8.7654,-0.050753,0.62734,10.136,0
10.161,8.8281,0.19146,0.5996,10.271,0
10.161,8.8881,0,0.58239,10.401,0
10.201,8.9463,0.22459,0.56423,10.528,0
10.224,9.0027,0.20641,0.54898,10.642,0
10.24,9.0576,0.12029,0.53128,10.76,0
10.244,9.1107,0.015966,0.50861,10.869,0
10.236,9.1616,-0.10817,0.48187,10.976,0
10.222,9.2098,-0.27227,0.45402,11.084,0
10.192,9.2552,-0.43471,0.42008,11.183,0.3094
10.14,9.2972,-0.57611,0.37827,11.281,1.1043
10.14,9.335,0,0.33168,11.363,0
10.007,9.3682,-0.85429,0.2864,11.437,3.1174
10.007,9.3968,0,0.23824,11.499,0
9.8374,9.4207,-1.0581,0.18645,11.528,5.0877
9.7279,9.4393,-1.0838,0.12896,11.557,5.4963
9.7279,9.4522,0,0.074123,11.585,0
9.5175,9.4596,-1.0072,0.025816,11.579,5.1068
9.5175,9.4622,0,-0.012949,11.584,0
9.5175,9.4609,0,-0.040729,11.59,0
9.2614,9.4568,-0.61269,-0.060496,11.553,2.7269
9.195,9.4508,-0.4992,-0.079308,11.536,2.2127
9.1522,9.4428,-0.41919,-0.090429,11.506,1.879
9.1522,9.4338,0,-0.10217,11.477,0.36573
9.0638,9.4236,-0.68582,-0.11259,11.45,3.5116
8.9949,9.4123,-0.96771,-0.13115,11.414,5.8018
8.9074,9.3992,-1.3312,-0.15511,11.377,9.8158
8.7662,9.3837,-1.7488,-0.19604,11.319,16.359
8.6002,9.3641,-2.0519,-0.24478,11.24,22.802
8.6002,9.3396,0,-0.30269,11.165,0.88815
8.168,9.3094,-2.3489,-0.37299,11.064,31.399
7.937,9.2721,-2.3098,-0.44317,10.931,30.841
7.7063,9.2277,-2.2008,-0.51316,10.792,28.442
7.4887,9.1764,-2.0913,-0.58,10.632,26.133
7.2857,9.1184,-1.9873,-0.64312,10.455,24.034
7.0964,9.0541,-1.8705,-0.7036,10.256,21.739
6.9086,8.9837,-1.7568,-0.76337,10.061,19.658
6.726,8.9074,-1.606,-0.82439,9.8432,17.059
6.726,8.825,0,-0.87558,9.6292,2.5168
6.431,8.7374,-1.1795,-0.92177,9.3959,10.954
6.3116,8.6452,-0.97579,-5.2,9.1563,55.325
6.2217,8.1252,-0.82,-5.2,8.9394,50.198
6.1417,7.6052,-0.71535,-5.2,8.7732,46.34
6.0603,7.0852,-0.68236,-0.37487,8.6433,4.5451
5.9875,7.0478,-0.6842,-0.39352,8.5371,4.5854
5.9253,7.0084,-0.5558,-5.2,8.4207,38.664
5.9253,6.4884,0,-0.22132,8.3384,0.69641
5.8378,6.4663,-0.05947,-0.22418,8.2659,0.99256
5.8286,6.4438,0.2201,-5.2,8.2099,44.071
5.8466,5.9238,0.4957,-0.025505,8.1793,0
5.9017,5.9213,0.61629,-0.0064812,8.1662,0
5.9626,5.9206,0.62887,0.029995,8.1768,0
6.0283,5.9236,0.62806,0.074913,8.1883,0
6.0879,5.9311,0.62472,0.11215,8.2017,0
6.1501,5.9424,0.64487,0.14853,8.2238,0
6.2131,5.9572,0.69981,0.18279,8.2513,0
6.2851,5.9755,0.76114,0.22046,8.2699,0
6.3701,5.9975,0.80851,0.26443,8.2983,0
6.451,6.024,0.84797,0.302,8.3332,0
6.5407,6.0542,0.88779,0.34309,8.3847,0
6.6341,6.0885,0.93161,0.38349,8.4422,0
6.7279,6.1268,1.0414,0.42054,8.4995,0
6.8306,6.1689,1.2227,0.46082,8.5638,0
6.9588,6.215,1.4883,0.51528,8.6327,0
7.1173,6.2665,1.7825,0.5864,8.7178,0.64748
7.2916,6.3251,2.0694,0.66186,8.8076,1.4835
7.4953,6.3913,2.2869,0.75085,8.9126,2.1142
7.7308,6.4664,2.42,0.85391,9.0378,2.378
7.9735,6.5518,2.452,0.95215,9.1765,2.2184
8.2242,6.647,2.4254,1.0462,9.3268,1.8213
8.4598,6.7516,2.3577,1.122,9.4992,1.3201
8.6945,6.8638,2.2784,1.1896,9.68,0.8201
8.9161,6.9828,2.2106,1.242,9.8697,0.43313
9.1375,7.107,2.168,1.2895,10.07,0.17039
9.3489,7.2359,2.1201,1.3264,10.28,0
9.5565,7.3686,2.0843,1.3577,10.5,0
9.758,7.5044,2.0368,1.3818,10.721,0
9.9711,7.6425,1.9505,1.4115,10.953,0
10.159,7.7837,1.8298,1.4235,11.19,0
10.335,7.926,1.7333,1.4285,11.439,0
10.335,8.0689,0,1.4354,11.672,0
10.69,8.2124,1.5957,1.437,11.929,0
10.845,8.3561,1.5834,1.4293,12.187,0
10.995,8.4991,1.6308,1.4195,12.442,0
11.164,8.641,1.7859,1.4215,12.701,0
11.352,8.7832,1.9802,1.4324,12.948,0
11.541,8.9264,2.217,1.4441,13.201,0.54023
11.767,9.0708,2.443,1.4762,13.471,1.5477
12.016,9.2184,2.6417,1.5186,13.753,2.4949
12.277,9.3703,2.7385,1.5625,14.03,2.9717
12.551,9.5265,2.7992,1.6109,14.32,3.2617
12.836,9.6876,2.8483,1.661,14.621,3.4993
13.119,9.8537,2.914,1.7074,14.943,3.8519
13.119,10.024,0,1.7502,15.261,0
13.692,10.199,3.0239,1.7939,15.627,4.4968
13.991,10.379,3.0274,1.8377,15.975,4.5348
14.291,10.563,3.0257,1.8802,16.348,4.5428
14.291,10.751,0,1.916,16.712,0
14.878,10.942,3.0162,1.9498,17.12,4.585
15.183,11.137,3.0483,1.9855,17.511,4.8547
15.482,11.336,3.0897,2.0164,17.917,5.2038
15.796,11.537,3.0894,2.0517,18.327,5.2898
16.105,11.743,3.0898,2.0831,18.755,5.3905
16.407,11.951,3.0764,2.1093,19.195,5.4156
16.722,12.162,3.0525,2.141,19.653,5.3576
17.017,12.376,3.0364,2.1616,20.124,5.3748
17.017,12.592,0,2.1856,20.577,0
17.63,12.811,3.0428,2.2082,21.081,5.6814
17.938,13.031,2.9881,2.2303,21.574,5.4482
18.234,13.255,2.9553,2.2451,22.066,5.387
18.521,13.479,2.8009,2.2554,22.574,4.5024
18.521,13.705,0,2.2641,23.067,0
19.044,13.931,1.6647,2.2516,23.596,0
19.044,14.156,0,2.21,24.096,0
19.285,14.377,-0.56596,2.1294,24.617,0
19.285,14.59,0,1.9995,25.097,0
19.082,14.79,-2.0247,1.8348,25.536,12.209
18.882,14.974,-2.238,1.6607,25.953,17.524
18.663,15.14,-2.0451,1.4886,26.331,13.769
18.454,15.288,-1.6344,1.3302,26.655,7.177
18.29,15.421,-1.3374,1.2,26.951,3.8836
18.162,15.541,-0.98866,1.092,27.229,1.0352
18.068,15.651,-0.68355,1.0038,27.478,0
18.002,15.751,-0.39687,0.93171,27.714,0
17.957,15.844,-0.12385,0.87205,27.931,0
17.953,15.931,0.16817,0.83206,28.13,0
17.977,16.015,0.32867,0.80578,28.327,0
18.016,16.095,0.50478,0.7868,28.517,0
18.075,16.174,0.76886,0.77686,28.71,0
18.157,16.252,1.2924,0.77716,28.907,0
18.293,16.329,1.5928,0.79938,29.105,0.57902
18.455,16.409,1.8281,0.83088,29.299,1.6113
18.641,16.492,1.9775,0.87078,29.503,2.324
18.641,16.579,0,0.91498,29.714,0
19.048,16.671,1.7819,0.95904,29.95,1.2903
19.048,16.767,0,0.98706,30.183,0
19.399,16.865,1.7024,1.0171,30.446,0.88007
19.399,16.967,0,1.0401,30.694,0
19.736,17.071,1.7201,1.0641,30.953,0.95212
19.904,17.178,1.7611,1.0859,31.23,1.1485
20.079,17.286,1.8321,1.1096,31.515,1.5033
20.27,17.397,1.8948,1.1386,31.8,1.8296
20.451,17.511,1.9466,1.162,32.097,2.115
20.639,17.627,2.0067,1.1874,32.403,2.4557
20.639,17.746,0,1.2171,32.698,0
21.049,17.868,2.0425,1.2465,33.015,2.6908
21.26,17.992,2.0182,1.2769,33.346,2.5678
21.462,18.12,1.9768,1.3025,33.683,2.3522
21.65,18.25,1.8912,1.3206,34.016,1.8963
21.837,18.382,1.7731,1.3373,34.35,1.2765
22.019,18.516,1.6262,1.3521,34.699,0.52883
22.172,18.651,1.5086,1.3544,35.045,0
22.318,18.787,1.438,1.354,35.398,0
22.457,18.922,1.3924,1.3513,35.749,0
22.457,19.057,0,1.3499,36.096,0
22.457,19.192,0,1.3433,36.429,0
22.863,19.327,1.4405,1.3399,36.83,0
23.003,19.461,1.4638,1.3377,37.178,0
23.153,19.594,1.5089,1.3398,37.529,0.17849
23.296,19.728,1.5573,1.339,37.879,0.45458
23.451,19.862,1.6093,1.3429,38.23,0.75467
23.451,19.996,0,1.3469,38.583,0
23.761,20.131,1.6227,1.3504,38.952,0.8863
23.917,20.266,1.6187,1.3542,39.321,0.89431
23.917,20.402,0,1.3576,39.679,0
24.232,20.537,1.6826,1.3626,40.051,1.3089
24.404,20.674,1.7012,1.3722,40.426,1.4462
24.572,20.811,1.7203,1.3792,40.795,1.5913
24.743,20.949,1.7009,1.3876,41.172,1.5177
24.903,21.088,1.6102,1.3913,41.549,1.0439
25.06,21.227,1.5005,1.3938,41.927,0.48222
25.204,21.366,1.4027,1.3916,42.316,0.001068
25.204,21.505,0,1.3889,42.692,0
25.485,21.644,1.2998,1.385,43.092,0
25.62,21.783,1.2997,1.3801,43.481,0
25.753,21.921,1.3169,1.3747,43.867,0
25.891,22.058,1.3111,1.3715,44.259,0
25.891,22.195,0,1.3661,44.635,0
26.159,22.332,1.3521,1.3619,45.019,0
26.159,22.468,0,1.3586,45.395,0
26.159,22.604,0,1.3532,45.758,0
26.566,22.739,1.4686,1.3513,46.166,0.64067
26.722,22.874,1.4717,1.3553,46.552,0.68801
26.876,23.01,1.4643,1.358,46.934,0.67911
27.015,23.146,1.4406,1.3556,47.318,0.57929
27.162,23.281,1.4133,1.3566,47.714,0.45945
27.31,23.417,1.3563,1.3578,48.104,0.18392
27.44,23.553,1.322,1.3521,48.495,0.030169
27.44,23.688,0,1.3462,48.877,0
27.695,23.822,1.2246,1.3406,49.283,0
27.695,23.957,0,1.3341,49.664,0
27.936,24.09,1.1466,1.3252,50.056,0
28.056,24.222,1.1143,1.318,50.442,0
28.159,24.354,1.0903,1.3048,50.818,0
28.266,24.485,1.078,1.2938,51.195,0
28.366,24.614,1.0638,1.2808,51.575,0
28.366,24.742,0,1.2709,51.944,0
28.576,24.869,1.0527,1.2596,52.32,0
28.678,24.995,1.0677,1.2491,52.692,0
28.793,25.12,1.0878,1.243,53.06,0
28.894,25.244,1.1073,1.2327,53.435,0
29.014,25.368,1.1128,1.2289,53.801,0
29.124,25.491,1.0849,1.222,54.165,0
29.124,25.613,0,1.2168,54.522,0
29.124,25.735,0,1.2099,54.867,0
29.435,25.855,0.89648,4.8,55.26,7.3985
29.531,26.335,0.79841,1.0417,55.597,0
29.531,26.44,0,1.0324,55.912,0
29.682,26.543,0.672,4.8,56.23,11.659
29.682,27.023,0,0.86385,56.52,0
29.801,27.109,0.55361,0.85213,56.8,0
29.801,27.195,0,4.8,57.065,22.704
29.801,27.675,0,0.68814,57.302,0
29.959,27.743,0.52204,0.68241,57.525,0
30.007,27.812,0.52482,0.6759,57.747,0
30.007,27.879,0,4.8,57.963,25.578
30.007,28.359,0,0.52447,58.152,0
30.153,28.412,0.53002,0.52207,58.327,0
30.215,28.464,0.53802,0.52472,58.501,0
30.269,28.516,0.55877,0.52483,58.681,0
30.329,28.569,0.59487,4.8,58.858,19.825
30.329,29.049,0,0.39049,59.01,0
30.453,29.088,0.71935,0.39832,59.145,0
30.526,29.128,0.77811,0.40808,59.288,0
30.608,29.168,0.79872,0.41992,59.434,0
30.687,29.21,0.81077,0.43069,59.577,0
30.761,29.254,0.77869,0.43949,59.733,0
30.846,29.297,0.75035,-2,59.876,48.068
30.928,29.097,0.72179,-2,60.041,55.185
31.008,28.897,0.71461,4.8,60.23,16.536
31.083,29.377,0.70726,-2,60.41,51.544
31.083,29.177,0,-2,60.591,48.58
31.213,28.977,0.74079,4.8,60.818,15.586
31.291,29.457,0.76697,-2,61.02,55.847
31.363,29.257,0.79073,-2,61.224,64.417
31.443,29.057,0.8299,4.8,61.456,13.858
31.534,29.537,0.88481,-2,61.671,62.108
31.534,29.337,0,-2,61.88,58.941
31.722,29.137,0.95027,-2,62.138,83.675
31.811,28.937,0.89999,4.8,62.402,10.72
31.899,29.417,0.86183,-2,62.665,78.703
31.899,29.217,0,-2,62.923,81.802
32.068,29.017,0.82361,4.8,63.205,10.591
32.142,29.497,0.8218,-2,63.5,85.045
32.222,29.297,0.89019,-2,63.785,98.577
32.314,29.097,0.93212,-2,64.1,114.45
32.314,28.897,0,4.8,64.431,17.96
32.493,29.377,0.94728,-2,64.778,108.82
32.585,29.177,0.94772,-2,65.101,126.19
32.678,28.977,0.95303,4.8,65.46,6.3603
32.678,29.457,0,-2,65.806,119.88
32.855,29.257,0.93311,-2,66.16,139.38
32.958,29.057,0.95337,4.8,66.532,5.4608
33.044,29.537,0.96258,-2,66.902,132.79
33.145,29.337,0.95314,-2,67.269,155.62
33.234,29.137,0.96323,-2,67.673,181.87
33.234,28.937,0,4.8,68.093,12.996
33.43,29.417,0.95725,-2,68.528,173.77
33.43,29.217,0,-2,68.939,275.84
