0,0,-0.52647,0,35.5,1.1062
-0.054787,0,-0.46695,7.8,35.504,17.483
-0.092846,0.78,-0.3807,7.8,35.464,18.979
-0.12808,1.56,-0.39355,7.8,35.332,20.677
-0.17685,2.34,-0.39366,7.8,35.132,22.376
-0.22458,3.12,-0.41236,7.8,34.844,24.113
-0.22458,3.9,0,7.8,34.471,24.845
-0.31066,4.68,-0.39183,7.8,34.008,27.444
-0.3467,5.46,-0.30818,7.8,33.471,28.941
-0.38195,6.24,-0.24164,6.7,32.846,28.161
-0.38195,6.91,0,6.7,32.151,29.027
-0.42844,7.58,-0.1595,6.7,31.381,30.831
-0.45154,8.25,-0.15057,-0.46732,30.542,17.173
-0.47012,8.2033,-0.14375,-0.48571,29.667,17.062
-0.49016,8.1547,-0.14935,-0.50484,28.81,16.975
-0.49016,8.1042,0,-0.52539,27.948,16.514
-0.52722,8.0517,-0.17039,-0.54712,27.086,16.795
-0.54123,7.997,-0.12702,-0.57003,26.228,16.572
-0.56137,7.94,-0.13487,-0.59501,25.369,16.461
-0.57014,7.8805,-0.1293,-0.62032,24.526,16.292
-0.57014,7.8184,0,-0.64813,23.684,15.835
-0.59266,7.7536,-0.099879,-0.67721,22.837,15.897
-0.60634,7.6859,-0.11512,-0.70903,21.997,15.751
-0.60634,7.615,0,-0.74267,21.171,15.293
-0.62241,7.5407,-0.12948,-0.77756,20.348,15.373
-0.63573,7.463,-0.11457,-0.81565,19.539,15.129
-0.64366,7.3814,-0.12623,-0.85651,18.729,14.917
-0.64366,7.2957,0,-0.90156,17.93,14.381
-0.66958,7.2056,-0.13423,-0.94864,17.132,14.433
-0.68667,7.1107,-0.16147,-0.99953,16.356,14.224
-0.69365,7.0108,-0.23097,-1.0541,15.577,14.064
-0.71941,6.9054,-0.3,-1.1156,14.809,13.917
-0.71941,6.7938,0,-1.1809,14.052,12.921
-0.78438,6.6757,-0.39632,-1.2549,13.311,13.489
-0.78438,6.5502,0,-1.3353,12.571,12.23
-0.8533,6.4167,-0.31825,-1.4221,11.837,12.584
-0.88745,6.2745,-0.21666,-1.5149,11.125,11.954
-0.91804,6.123,-0.085269,-1.6172,10.415,11.215
-0.9324,5.9613,-0.011551,-1.7258,9.7134,10.53
-0.9324,5.7887,0,-1.8371,9.0327,9.9181
-0.92571,5.605,0.097839,-1.9527,8.3772,9.0792
-0.90649,5.4097,0.10686,-2.07,7.7425,8.3741
-0.89429,5.2027,0.11194,-8.8,7.1203,0
-0.87429,4.3227,0.11019,-8.8,6.5578,0
-0.87429,3.4427,0,-8.8,6.0821,0
-0.85127,2.5627,0.13561,-8.8,5.7037,0
-0.83155,1.6827,0.11151,-8.8,5.4036,0
-0.83155,0.80272,0,-8.8,5.1961,0
-0.82551,0,-0.097241,-0.097241,5.0861,1.6923
-0.82551,0,0,-0.24299,5.0041,1.1817
-0.82551,0,0,-8.8,4.9227,0
-0.89116,0,-0.55534,-8.8,4.8772,0
-0.93768,0,-0.61341,-8.8,4.8251,0
-0.93768,0,0,-8.8,4.7753,0
-1.0597,0,-0.64413,-8.8,4.6974,0
-1.1326,0,-0.64468,-8.8,4.6311,0
-1.1886,0,-0.63104,-8.8,4.5551,0
-1.1886,0,0,-8.8,4.4802,0
-1.3186,0,-0.66015,-8.8,4.3835,0
-1.3874,0,-0.6639,-8.8,4.2844,0
-1.4549,0,-0.65371,-8.8,4.1909,0
-1.5194,0,-0.64769,-8.8,4.092,0
-1.5805,0,-0.64898,-8.8,3.9709,0
-1.6552,0,-0.65317,-8.8,3.85,0
-1.714,0,-0.63436,-8.8,3.7228,0
-1.7693,0,-0.64126,-8.8,3.6011,0
-1.7693,0,0,-8.8,3.4682,0
-1.906,0,-0.83626,-8.8,3.3326,0
-1.9993,0,-1.0013,-8.8,3.1898,0
-2.1037,0,-1.2326,-8.8,3.0321,0
-2.2302,0,-1.4481,-8.8,2.8642,0
-2.3673,0,-1.6265,-8.8,2.6824,0
-2.53,0,-1.748,-8.8,2.4885,0
-2.53,0,0,-8.8,2.2795,0
-2.53,0,0,-8.8,2.0705,0
-3.0709,0,-1.6938,-8.8,1.7808,0
-3.2305,0,-1.5475,-8.8,1.5084,0
-3.2305,0,0,-8.8,1.2293,0
-3.2305,0,0,-8.8,0.95027,0
-3.6532,0,-1.1697,-12.055,0.61304,0
-3.6532,0,0,-24.184,0.30799,0
-3.8862,0,-1.0045,-172.3,0.044083,0
-3.9847,0,-0.82781,-16.578,0.50404,0
-4.0668,0,-0.63654,-44.495,0.18854,0
-4.1223,0,-0.45841,-1049.7,0.008098,0
-4.1646,0,-0.29578,-8.8,4.839,0
-4.1876,0,-0.22961,-8.8,4.4745,0
-4.2067,0,-0.1865,-8.8,4.0912,0
-4.2201,0,-0.15285,-8.8,3.7051,0
-4.2341,0,-0.12055,-8.8,3.3178,0
-4.2378,0,-0.062613,-8.8,2.9417,0
-4.2372,0,-0.035001,-8.8,2.5593,0
-4.244,0,-0.041212,-8.8,2.1806,0
-4.2384,0,-0.03209,-8.8,1.8094,0
-4.2384,0,0,-8.8,1.4296,0
-4.2321,0,-0.020886,-8.8,1.0445,0
-4.2321,0,0,-13.586,0.66528,0
-4.2305,0,-0.066663,-28.488,0.31485,0
-4.2429,0,-0.13363,-294.94,0.030532,0
-4.2466,0,-0.20149,-8.8,1.0749,0
-4.2597,0,-0.28439,-13.333,0.69528,0
-4.2597,0,0,-28.229,0.33597,0
-4.3259,0,-0.40689,-235.58,0.039786,0
-4.3572,0,-0.42941,-12.43,0.791,0
-4.3572,0,0,-23.683,0.41743,0
-4.3572,0,0,-102.99,0.10012,0
-4.4805,0,-0.32655,-58.876,0.17144,0
-4.4805,0,0,-449.32,0.017765,0
-4.4805,0,0,-8.8,1.8163,0
-4.5547,0,-0.0082701,-8.8,1.4173,0
-4.5589,0,0.1556,-10.104,1.0129,0
-4.5373,0,0.33814,-16.386,0.61548,0
-4.4984,0,0.54895,-41.02,0.2434,0
-4.4341,0,0.77072,-2669.9,0.0036811,0
-4.3518,0,0.97891,0.97891,12.92,8.9211
-4.2632,0.097891,1.1512,1.1512,12.481,8.9402
-4.1478,0.21301,1.2807,1.2807,12.051,8.9397
-4.1478,0.34108,0,1.3588,11.609,12.057
-3.8816,0.47696,1.3245,1.3245,11.183,8.935
-3.7523,0.60941,1.2999,1.2999,10.74,8.9415
-3.6256,0.7394,1.2519,1.2519,10.296,8.9483
-3.5075,0.86459,1.1701,1.1701,9.8557,8.9627
-3.3912,0.9816,1.1171,-0.16417,9.4188,6.272
-3.2706,0.96518,1.1117,-0.16854,8.9929,5.9932
-3.1587,0.94833,1.0896,-0.17346,8.5743,5.7653
-3.0531,0.93098,1.0631,-0.17833,8.1783,5.5589
-2.952,0.91315,0.97937,-0.18336,7.7959,5.4804
-2.952,0.89481,0,-0.18937,7.4103,7.488
-2.7725,0.87588,0.80412,0.80412,7.0368,7.4793
-2.6958,0.95629,0.69372,-0.23597,6.663,5.5332
-2.6196,0.93269,0.59515,-0.2452,6.2977,5.5164
-2.5586,0.90817,0.56593,-0.25515,5.9527,5.3815
-2.5057,0.88266,0.53565,-0.26641,5.6133,5.2607
-2.45,0.85601,0.54213,-8.8,5.2734,0
-2.396,0,0.58375,-8.8,4.9948,0
-2.3395,0,0.62004,-8.8,4.7931,0
-2.2681,0,0.6622,-8.8,4.6017,0
-2.2025,0,0.72728,-8.8,4.4123,0
-2.1214,0,0.80501,-8.8,4.2453,0
-2.1214,0,0,-8.8,4.0771,0
-1.948,0,1.1374,-8.8,3.927,0
-1.8386,0,1.3169,-8.8,3.7727,0
-1.8386,0,0,-8.8,3.6329,0
-1.5505,0,1.6702,-8.8,3.518,0
-1.3882,0,1.7311,-8.8,3.4192,0
-1.2231,0,1.7575,-8.8,3.335,0
-1.0566,0,1.747,-8.8,3.2675,0
-0.88771,0,1.7013,-8.8,3.2239,0
-0.71227,0,1.6925,-8.8,3.1793,0
-0.55105,0,1.6698,-8.8,3.1553,0
-0.38531,0,1.6294,-8.8,3.1529,0
-0.22583,0,1.6178,-8.8,3.1595,0
-0.22583,0,0,-8.8,3.1809,0
0.089181,0,1.5233,-8.8,3.227,0
0.089181,0,0,-8.8,3.2799,0
0.39722,0,1.3663,-8.8,3.3607,0
0.52487,0,1.2945,-8.8,3.4518,0
0.64552,0,1.2295,-8.8,3.5491,0
0.76382,0,1.1705,-8.8,3.66,0
0.76382,0,0,-8.8,3.7804,0
0.99142,0,1.1358,-8.8,3.9286,0
1.0951,0,1.1451,-8.8,4.0708,0
1.213,0,1.1443,-8.8,4.2352,0
1.213,0,0,-8.8,4.4005,0
1.213,0,0,-8.8,4.5658,0
1.5674,0,1.2837,-8.8,4.77,0
1.6935,0,1.3055,-8.8,4.9794,0
1.8256,0,1.3412,1.3412,5.2064,0
1.9684,0.13412,1.348,1.348,5.3834,0
2.0966,0.26892,1.331,1.331,5.5675,0
2.2294,0.40202,1.3496,1.3496,5.7443,0
2.3621,0.53699,1.3614,1.3614,5.9318,0
2.5032,0.67313,1.3431,1.3431,6.1044,0
2.6281,0.80744,1.3266,1.3266,6.2951,0
2.7619,0.94011,1.332,4.9,6.4739,12.5
2.7619,1.4301,0,4.9,6.6316,31.532
3.0291,1.9201,1.308,4.388,6.7492,12.194
3.1608,2.3589,1.323,2.277,6.8402,0.85366
3.1608,2.5866,0,1.7134,6.9091,6.3931
3.4142,2.7579,1.3636,1.4624,6.9853,0
3.5509,2.9042,1.2788,1.3316,7.0423,0
3.6755,3.0373,1.2256,1.2305,7.1163,0
3.801,3.1604,1.1701,1.1638,7.1705,0
3.9258,3.2768,1.1379,1.1187,7.2327,0
4.0471,3.3886,1.1389,1.0812,7.2939,0
4.1708,3.4968,1.1923,1.0593,7.3659,0
4.2825,3.6027,1.0916,1.0256,7.4399,0
4.3881,3.7052,0.88922,0.99058,7.5046,0
4.3881,3.8043,0,0.93117,7.5679,1.6854
4.3881,3.8974,0,0.85066,7.6217,1.6148
4.3881,3.9825,0,0.74613,7.6665,1.4146
4.5545,4.0571,-0.040752,0.63899,7.7625,0.85545
4.5526,4.121,-0.046848,0.5433,7.8114,0.69662
4.5517,4.1753,0.084039,0.46567,7.8527,0.12231
4.5517,4.2219,0,0.41426,7.8881,0.34778
4.5937,4.2633,0.4638,0.39817,7.929,0
4.6322,4.3031,0.83248,0.39176,7.9573,0
4.6322,4.3423,0,0.43917,7.9882,0.53849
4.6322,4.3862,0,0.5139,8.015,0.93616
4.9582,4.4376,1.3754,0.59608,8.0707,0
5.0946,4.4972,1.5527,0.67365,8.1338,0
5.2557,4.5646,1.4633,0.76571,8.2004,0
5.4092,4.6412,1.4764,0.83429,8.2737,0
5.5616,4.7246,1.4608,0.89002,8.3521,0
5.7074,4.8136,1.4879,0.93043,8.4458,0
5.8575,4.9066,1.4861,0.96861,8.5446,0
6.0141,5.0035,1.5073,1.0074,8.6504,0
6.1605,5.1042,1.4811,1.0298,8.7595,0
6.1605,5.2072,0,1.0495,8.86,1.0166
6.4587,5.3122,1.4674,1.0698,8.9858,0
6.6048,5.4191,1.4793,1.0829,9.1066,0
6.6048,5.5274,0,1.0938,9.2198,0.81562
6.9057,5.6368,1.4733,1.1107,9.3491,0
7.0603,5.7479,1.4167,1.125,9.4716,0
7.2008,5.8604,1.4379,1.1257,9.5991,0
7.3431,5.973,1.4362,1.1295,9.7426,0
7.3431,6.0859,0,1.1302,9.874,0.40411
7.6255,6.1989,1.3731,1.1338,10.025,0
7.7582,6.3123,1.3594,1.1289,10.167,0
7.8849,6.4252,1.3201,1.1198,10.305,0
8.0221,6.5372,1.2702,1.1205,10.449,0
8.149,6.6492,1.2186,1.1146,10.604,0
8.2757,6.7607,1.1699,1.1089,10.755,0
8.39,6.8716,1.161,1.0945,10.898,0
8.5071,6.981,1.1624,1.0851,11.056,0
8.6204,7.0895,1.1431,1.0734,11.203,0
8.7266,7.1969,1.1215,1.0595,11.366,0
8.8319,7.3028,1.0809,1.0457,11.516,0
8.8319,7.4074,0,1.0388,11.663,0
9.0355,7.5113,0.84019,1.0174,11.815,0
9.1255,7.613,0.74436,0.9985,11.968,0
9.206,7.7129,0.71449,0.97526,12.118,0
9.2706,7.8104,0.68328,0.94471,12.274,0
9.3305,7.9049,0.68438,0.91298,12.412,0
9.3305,7.9962,0,0.896,12.55,0
9.4713,8.0858,0.69131,0.87181,12.696,0
9.5439,8.1729,0.6548,0.85578,12.838,0
9.5439,8.2585,0,0.83549,12.971,0
9.6818,8.3421,0.67148,0.82409,13.123,0
9.7434,8.4245,0.69599,0.80574,13.264,0
9.8161,8.505,0.70771,0.7948,13.387,0
9.8861,8.5845,0.68062,0.78399,13.525,0
9.9609,8.6629,0.68236,0.77696,13.661,0
10.032,8.7406,0.67955,0.7677,13.787,0
10.032,8.8174,0,0.75873,13.913,0
10.167,8.8933,0.67032,0.74808,14.048,0
10.167,8.9681,0,0.74335,14.172,0
10.311,9.0424,0.75793,0.73638,14.3,0
10.311,9.116,0,0.72776,14.423,0
10.465,9.1888,0.91005,0.73199,14.546,0
10.56,9.262,1.015,0.74027,14.673,0
10.667,9.336,1.1328,0.75534,14.809,0
10.779,9.4116,1.1689,0.77226,14.95,0
10.906,9.4888,1.1717,0.79602,15.091,0
11.032,9.5684,1.1736,0.81758,15.232,0
11.032,9.6502,0,0.82949,15.374,0
11.263,9.7331,1.1509,0.84538,15.54,0
11.371,9.8176,1.1247,0.85364,15.698,0
11.478,9.903,1.1077,0.86077,15.849,0
11.586,9.9891,1.114,0.86769,16.009,0
11.699,10.076,1.0769,0.87711,16.17,0
11.809,10.164,0.97235,0.88364,16.324,0
11.809,10.252,0,0.88543,16.484,0
11.989,10.34,0.54416,0.87567,16.651,0
11.989,10.428,0,0.85598,16.812,0
11.989,10.514,0,0.82117,16.963,0
12.087,10.596,-0.088002,0.78002,17.138,0
12.081,10.674,-0.13022,0.73247,17.273,0
12.081,10.747,0,0.67977,17.41,0
12.044,10.815,-0.13619,0.63426,17.538,0
12.036,10.878,-0.10829,0.5953,17.66,0
12.036,10.938,0,0.55672,17.772,0
12.021,10.994,-0.10025,0.52509,17.887,0
12.021,11.046,0,0.49503,17.987,0
12.014,11.096,0.044726,0.46676,18.09,0
12.028,11.142,0.044449,0.44876,18.172,0
12.028,11.187,0,0.43185,18.258,0
12.028,11.23,0,0.40544,18.34,0
12.028,11.271,0,0.38533,18.418,0
12.031,11.309,-0.051888,0.36217,18.492,0
12.031,11.346,0,0.33955,18.562,0
12.017,11.38,0.018602,0.31893,18.629,0
12.026,11.412,0.059938,0.30701,18.698,0
12.027,11.442,0.058672,0.29177,18.749,0
12.027,11.471,0,0.28184,18.806,0
12.041,11.5,-0.0024498,0.2687,18.849,0
12.043,11.526,-0.046687,0.25615,18.909,0
12.046,11.552,-0.10187,0.24448,18.95,0
12.035,11.576,-0.11475,0.22707,19.001,0
12.018,11.599,-0.15791,0.20677,19.035,0
12.006,11.62,-0.22309,0.19065,19.075,0.20976
11.976,11.639,-0.25481,0.16617,19.109,0.36625
11.954,11.656,-0.27172,0.14681,19.142,0.46477
11.935,11.67,-0.25724,0.13018,19.165,0.447
11.907,11.683,-0.24373,0.11003,19.197,0.44157
11.887,11.694,-0.27257,0.094775,19.222,0.5735
11.85,11.704,-0.30858,0.071959,19.239,0.75277
11.815,11.711,-0.28042,0.050942,19.254,0.69174
11.782,11.716,-0.28816,0.03256,19.259,0.75779
11.754,11.719,-0.28578,0.017219,19.267,0.7808
11.754,11.721,0,0.0029531,19.271,0
11.754,11.721,0,-0.0052424,19.274,0
11.754,11.721,0,-0.0086437,19.277,0
11.646,11.72,-0.15821,-0.012493,19.246,0.5437
11.634,11.719,-0.004698,-0.014303,19.228,0.15653
11.629,11.717,0.13687,-0.014835,19.229,0
11.629,11.716,0,-0.013695,19.22,0.15091
11.655,11.714,0.22345,-0.0099184,19.221,0
11.655,11.713,0,-0.0053212,19.215,0.10885
11.687,11.713,-0.0023365,-0.0043941,19.204,0.049384
11.695,11.712,-0.093329,-0.0029755,19.21,0.25107
11.69,11.712,-0.1646,-0.0036446,19.213,0.45858
11.669,11.712,-0.91426,-0.0072049,19.206,4.5412
11.574,11.711,-2.2045,-0.023072,19.19,24.66
11.348,11.709,-3.6015,-0.061119,19.158,89.872
10.982,11.703,-4.8122,-0.12245,19.1,268.72
10.498,11.69,-5.9636,-0.20419,19,25.333
9.8979,11.67,-6.3299,-0.30706,18.843,26.247
9.8979,11.639,0,-0.4194,18.668,3.1153
8.5981,11.597,-6.6231,-0.53894,18.358,27.707
7.9394,11.543,-6.8269,-0.66358,18.034,28.457
7.2516,11.477,-6.9504,-0.80136,17.647,29.09
7.2516,11.397,0,-0.95167,17.228,8.8511
5.8628,11.302,-6.655,-1.1133,16.68,29.388
5.2044,11.19,-6.0779,-1.2835,16.113,28.734
4.5897,11.062,-5.0726,-1.4614,15.498,27.359
4.5897,10.916,0,-1.6361,14.858,13.582
3.6781,10.752,-2.8996,-1.8013,14.144,24.079
3.3965,10.572,-1.711,-1.9529,13.436,22.592
3.2187,10.377,-0.75485,-2.0875,12.728,21.896
3.1435,10.168,-0.30714,-2.2045,12.014,15.291
3.1435,9.9477,0,-2.3104,11.322,11.206
3.1067,9.7167,-0.028928,-2.4138,10.638,10.06
3.1075,9.4753,0.038069,-2.5076,9.9969,8.4032
3.1014,9.2245,0.14899,-5.2,9.376,11.174
3.1242,8.7045,0.31757,-5.2,8.7929,11.53
3.1546,8.1845,0.53125,-5.2,8.2545,12.406
3.2156,7.6645,0.79162,-5.2,7.7837,14.058
3.3046,7.1445,0.97441,-5.2,7.3688,15.403
3.3932,6.6245,1.1115,-5.2,7.024,16.443
3.5046,6.1045,1.2192,-5.2,6.7412,17.508
3.5046,5.5845,0,-8.8,6.5072,0
3.7422,4.7045,0.86788,-8.8,6.3709,5.7352
3.8229,3.8245,0.61862,-8.8,6.321,2.1194
3.8819,2.9445,0.46042,-8.8,6.3636,0
3.9244,2.0645,0.29791,4.9,6.5131,24.015
3.9538,2.5545,0.30367,3.401,6.6697,12.676
3.9916,2.8946,0.65618,2.2025,6.8033,2.7621
3.9916,3.1149,0,1.6835,6.902,4.8783
4.1533,3.2832,1.2476,1.4511,6.9957,0
4.2753,3.4283,1.5634,1.3298,7.09,0
4.436,3.5613,1.8495,1.3013,7.1672,0
4.617,3.6914,1.879,1.3124,7.264,0
4.617,3.8227,0,1.3425,7.35,3.1037
5.0076,3.9569,2.0035,1.3601,7.4699,0
5.2109,4.0929,1.937,1.3864,7.5846,0
5.4064,4.2316,1.8969,1.3954,7.6919,0
5.5902,4.3711,1.8701,1.3909,7.813,0
5.7753,4.5102,1.791,1.3881,7.9308,0
5.7753,4.649,0,1.3772,8.0504,2.0535
6.1243,4.7867,1.6046,1.3677,8.1916,0
6.2931,4.9235,1.5542,1.3547,8.3199,0
6.2931,5.059,0,1.3371,8.4501,1.4573
6.2931,5.1927,0,1.3074,8.5668,1.7773
6.7326,5.3234,1.3682,1.2785,8.7418,0
6.8677,5.4513,1.3553,1.254,8.8927,0
6.9982,5.5767,1.3183,1.2291,9.0372,0
7.1231,5.6996,1.3497,1.2039,9.1834,0
7.2667,5.82,1.3799,1.1974,9.3213,0
7.411,5.9397,1.3839,1.1942,9.4744,0
7.5549,6.0592,1.3944,1.1911,9.6265,0
7.6901,6.1783,1.3891,1.1809,9.7702,0
7.837,6.2964,1.3868,1.1826,9.9272,0
7.9742,6.4146,1.3659,1.1764,10.08,0
8.1115,6.5323,1.319,1.1722,10.243,0
8.2356,6.6495,1.2883,1.1583,10.398,0
8.3599,6.7653,1.2674,1.1462,10.552,0
8.4927,6.8799,1.2705,1.1427,10.715,0
8.625,6.9942,1.236,1.1393,10.877,0
8.7443,7.1081,1.2219,1.1283,11.05,0
8.871,7.221,1.2017,1.1224,11.207,0
8.9977,7.3332,1.1719,1.1172,11.365,0
9.1202,7.4449,1.122,1.1102,11.526,0
9.225,7.5559,1.0849,1.0935,11.698,0
9.3422,7.6653,1.0553,1.0856,11.859,0
9.4437,7.7739,1.0253,1.0695,12.03,0
9.5503,7.8808,0.99321,1.0583,12.2,0
9.6516,7.9866,0.96511,1.0444,12.363,0
9.6516,8.0911,0,1.0319,12.524,0
9.6516,8.1943,0,1.0145,12.675,0
9.9394,8.2957,0.91938,1.0024,12.862,0
10.025,8.396,0.9301,0.9851,13.033,0
10.025,8.4945,0,0.96887,13.191,0
10.215,8.5914,1.0652,0.96616,13.362,0
10.215,8.688,0,0.96911,13.519,0
10.447,8.7849,1.2695,0.97349,13.682,0
10.57,8.8822,1.342,0.98118,13.855,0
10.712,8.9804,1.3821,0.99933,14.028,0
10.858,9.0803,1.3929,1.0175,14.194,0
10.989,9.182,1.3809,1.0274,14.383,0
10.989,9.2848,0,1.0346,14.559,0
10.989,9.3882,0,1.0503,14.724,0
11.406,9.4933,1.3402,1.0651,14.955,0
11.543,9.5998,1.2948,1.0745,15.154,0
11.679,9.7072,1.2672,1.0822,15.342,0
11.805,9.8154,1.258,1.084,15.534,0
11.929,9.9238,1.2474,1.0845,15.729,0
11.929,10.032,0,1.0901,15.924,0
11.929,10.141,0,1.0845,16.108,0
12.284,10.25,1.1258,1.0785,16.345,0
12.399,10.358,1.0835,1.0755,16.552,0
12.505,10.465,1.0602,1.068,16.756,0
12.613,10.572,1.0364,1.0623,16.967,0
12.719,10.678,1.0338,1.0559,17.173,0
12.812,10.784,1.022,1.0439,17.386,0
12.812,10.888,0,1.0394,17.584,0
13.008,10.992,0.94562,1.0257,17.792,0
13.096,11.095,0.93536,1.0129,17.998,0
13.184,11.196,0.75358,1.0002,18.19,0
13.25,11.296,0.50288,0.97782,18.378,0
13.303,11.394,0.31324,0.95091,18.58,0
13.33,11.489,0.14647,0.91223,18.767,0
13.345,11.58,-0.033868,0.87049,18.941,0
13.345,11.667,0,0.82588,19.113,0
13.345,11.75,0,0.77713,19.277,0
13.339,11.827,0.12847,0.73607,19.43,0
13.353,11.901,0.34931,0.70463,19.578,0
13.389,11.971,0.52007,0.68515,19.717,0
13.449,12.04,0.89478,0.67913,19.86,0
13.545,12.108,1.0782,0.69072,20.004,0
13.66,12.177,1.15,0.71046,20.145,0
13.771,12.248,1.1118,0.72747,20.303,0
13.771,12.321,0,0.73998,20.452,0
13.995,12.395,1.1263,0.75914,20.606,0
14.105,12.471,1.2072,0.77315,20.774,0
14.234,12.548,1.1759,0.79492,20.939,0
14.348,12.627,1.2181,0.80895,21.119,0
14.464,12.708,1.1474,0.82254,21.291,0
14.581,12.791,1.1242,0.83614,21.471,0
14.581,12.874,0,0.84846,21.646,0
14.581,12.959,0,0.85469,21.812,0
14.91,13.045,1.1559,0.86246,22.03,0
15.019,13.131,1.1939,0.86964,22.214,0
15.13,13.218,1.2308,0.87757,22.399,0
15.256,13.306,1.2739,0.89203,22.587,0
15.388,13.395,1.2219,0.90862,22.79,0
