0,0,0.0015586,0,35.5,0
0.0066955,0,-0.084093,7.8,35.502,72.937
0.0066955,0.78,0,7.8,35.463,79.703
-0.018032,1.56,-0.047585,7.8,35.344,81.453
-0.015155,2.34,-0.049898,7.8,35.139,83.051
-0.020469,3.12,-0.059374,7.8,34.874,84.68
-0.026599,3.9,-0.056136,7.8,34.527,86.285
-0.029625,4.68,-0.0328,7.8,34.091,87.841
-0.029634,5.46,-0.040504,7.8,33.572,89.456
-0.029634,6.24,0,6.7,32.984,88.659
-0.029634,6.91,0,6.7,32.324,90.033
-0.052645,7.58,-0.043154,6.7,31.581,91.544
-0.052645,8.25,0,-0.44052,30.784,77.823
-0.078343,8.2059,-0.016994,-0.45649,29.965,77.787
-0.083839,8.1603,0.040527,-0.47293,29.137,77.549
-0.085882,8.113,0.098478,-0.49011,28.31,77.299
-0.084255,8.064,0.12418,-0.5081,27.485,77.103
-0.066796,8.0132,0.19588,-0.52549,26.683,76.776
-0.055197,7.9606,0.25155,-0.54421,25.885,76.488
-0.025291,7.9062,0.25906,-0.56286,25.087,76.26
-0.0086987,7.8499,0.25835,-0.58339,24.297,76.069
0.010113,7.7916,0.25107,-0.60451,23.523,26.84
0.010113,7.7311,0,-0.62679,22.747,29.433
0.041769,7.6685,0.19523,-0.6512,21.983,26.229
0.041769,7.6033,0,-0.67639,21.223,28.041
0.076099,7.5357,0.12978,-0.70294,20.472,25.618
0.076099,7.4654,0,-0.73071,19.73,26.552
0.1021,7.3923,0.056932,-0.76153,18.993,25.021
0.10726,7.3162,0.038186,-0.79341,18.277,24.507
0.11191,7.2368,0.029796,-0.82777,17.561,23.836
0.11269,7.1541,0.0049085,-0.86435,16.858,23.343
0.11269,7.0676,0,-0.90352,16.158,22.583
0.10735,6.9773,-0.056802,-0.9449,15.479,21.936
0.098941,6.8828,-0.12293,-0.99073,14.794,20.893
0.094198,6.7837,-0.14005,-1.0386,14.121,19.966
0.094198,6.6799,0,-1.0889,13.457,19.051
0.078594,6.571,-0.14194,-1.1434,12.812,18.102
0.068893,6.4566,-0.14963,-1.2028,12.162,17.102
0.061481,6.3363,-0.15615,-1.2655,11.524,16.075
0.038065,6.2098,-0.20177,-1.3353,10.899,15.012
0.014219,6.0763,-0.18915,-1.4092,10.287,13.966
-0.012083,5.9353,-0.17536,-1.4903,9.6803,13.532
-0.020869,5.7863,-0.16773,-1.5726,9.0828,13.055
-0.020869,5.629,0,-1.6586,8.51,12.2
-0.056556,5.4632,-0.13798,-1.7495,7.952,12.032
-0.064955,5.2882,-0.13658,-8.8,7.4095,0
-0.088056,4.4082,-0.13335,-8.8,6.9202,0
-0.10795,3.5282,-0.12141,-8.8,6.5105,0
-0.12826,2.6482,-0.13005,-8.8,6.1831,0
-0.14835,1.7682,-0.15473,-0.29017,5.9467,7.7468
-0.14835,1.7392,0,-8.8,5.7565,0
-0.16887,0.85923,-0.18066,-0.18066,5.619,6.2099
-0.16887,0.84116,0,-0.17724,5.5171,5.8004
-0.18823,0.82344,-0.15821,-0.15821,5.4139,6.1762
-0.20655,0.80762,-0.14519,-8.8,5.3158,0
-0.23051,0,-0.14753,-0.14753,5.2514,4.5749
-0.23051,0,0,-0.13873,5.2291,4.2833
-0.25697,0,-0.13479,-0.13479,5.1989,4.6291
-0.2704,0,-0.086434,-0.086434,5.1795,4.6566
-0.2742,0,-0.055636,-0.055636,5.1594,4.6644
-0.27519,0,-0.0046584,-0.0046584,5.126,4.6665
-0.27696,0,0.018469,0.018469,5.1016,4.6701
-0.27223,0.0018469,0.082977,0.082977,5.0748,4.6642
-0.27223,0.010145,0,0.12143,5.047,4.9363
-0.25618,0.022288,0.14586,-8.8,5.0109,0
-0.24,0,0.15313,0.15313,5.0205,4.5943
-0.22925,0.015313,0.19104,-8.8,4.9951,0
-0.20324,0,0.18502,0.18502,5.0099,4.519
-0.20324,0.018502,0,-8.8,4.9887,0
-0.17494,0,0.017854,0.017854,5.0074,4.461
-0.16777,0.0017854,-0.037607,-8.8,4.9882,0
-0.1674,0,-0.12066,-0.12066,5.0142,4.4455
-0.18723,0,-0.17015,-8.8,4.9885,0
-0.18723,0,0,-0.14865,5.0138,4.1738
-0.23246,0,-0.15246,-8.8,4.9912,0
-0.23986,0,-0.17748,-0.17748,5.0192,4.594
-0.23986,0,0,-8.8,4.9961,0
-0.25598,0,-0.1298,-8.8,4.9962,0
-0.26272,0,-0.11631,-0.11631,5.0093,4.6409
-0.28104,0,-0.079985,-8.8,4.9867,0
-0.29765,0,-0.018845,-0.018845,5.0096,4.7125
-0.29966,0,-0.007925,-8.8,4.9874,0
-0.30271,0,-0.035429,-0.035429,5.0013,4.7229
-0.30271,0,0,-8.8,4.9712,0
-0.31186,0,-0.042173,-8.8,4.9738,0
-0.31043,0,-0.04772,-8.8,4.9941,0
-0.31043,0,0,-0.045641,5.0071,4.6428
-0.3059,0,-0.024169,-8.8,4.9696,0
-0.3059,0,0,-8.8,4.983,0
-0.30724,0,-0.0226,-8.8,4.9944,0
-0.31249,0,-0.023991,-0.023991,5.0105,4.7429
-0.31249,0,0,-8.8,4.9794,0
-0.30571,0,-0.03417,-8.8,4.9817,0
-0.30075,0,-0.0069896,-8.8,4.9867,0
-0.2931,0,0.01753,0.01753,5.0044,4.7032
-0.2931,0.001753,0,-8.8,4.975,0
-0.29028,0,0.0033609,-8.8,4.9836,0
-0.2928,0,0.0077724,0.0077724,5.0057,4.7026
-0.29587,0.00077724,0.013334,-8.8,4.9678,0
-0.29074,0,0.014726,-8.8,4.9799,0
-0.2915,0,-0.010553,-0.010553,5.001,4.6999
-0.29899,0,-0.015641,-8.8,4.9763,0
-0.30018,0,-0.0022342,-8.8,4.9992,0
-0.30837,0,0.0067518,0.0067518,5.0211,4.7345
-0.30628,0.00067518,-0.014534,-8.8,4.9992,0
-0.30628,0,0,-0.011326,5.0125,4.7064
-0.31749,0,0.0025569,-8.8,4.9838,0
-0.31149,0,0.0067189,0.0067189,5.0044,4.7409
-0.30318,0.00067189,0.044906,-8.8,4.9761,0
-0.30734,0,0.12098,-8.8,4.999,0
-0.3005,0,0.14998,0.14998,5.0038,4.7183
-0.3005,0.014998,0,-8.8,4.973,0
-0.28153,0,0.1655,-8.8,4.9898,0
-0.27477,0,0.13868,-8.8,4.9969,0
-0.25545,0,0.10123,0.10123,5.0115,4.626
-0.25545,0.010123,0,-8.8,4.9854,0
-0.24175,0,0.056685,0.056685,5.0081,4.5979
-0.24175,0.0056685,0,-8.8,4.9836,0
-0.25361,0,-0.027405,-0.027405,5.0139,4.6222
-0.25801,0,0.014429,-8.8,4.9906,0
-0.25801,0,0,0.10261,5.0088,4.8469
-0.25801,0.010261,0,-8.8,4.9825,0
-0.21246,0,0.30089,-8.8,4.9904,0
-0.19073,0,0.35833,0.35833,5.0178,4.4933
-0.14511,0.035833,0.40166,-8.8,4.996,0
-0.11479,0,0.41402,0.41402,5.0296,4.3376
-0.077635,0.041402,0.41678,0.41678,5.0276,4.3463
-0.041383,0.08308,0.45034,-8.8,5.0198,0
-0.00056598,0,0.56732,0.56732,5.0539,4.1035
0.060828,0.056732,0.70164,0.70164,5.05,0
0.12759,0.1269,0.84111,-8.8,5.0533,0
0.20369,0,1.0289,1.0289,5.1113,0
0.31501,0.10289,1.1826,1.1826,5.1243,0
0.43286,0.22116,1.177,1.177,5.1473,0
0.54855,0.33885,1.058,-8.8,5.1673,0
0.66334,0,0.93423,0.93423,5.234,0
0.76196,0.093423,0.74577,0.74577,5.308,0
0.84079,0.168,0.57769,0.57769,5.3789,0
0.90132,0.22577,0.47542,0.47542,5.4427,0
0.94951,0.27331,0.43623,0.43623,5.5041,0
0.99807,0.31693,0.37508,0.37508,5.5653,0
1.0264,0.35444,0.35834,0.35834,5.6268,0
1.0646,0.39028,0.35339,0.35339,5.6902,0
1.0951,0.42562,0.34431,0.34431,5.7509,0
1.1228,0.46005,0.3295,0.3295,5.8112,0
1.1607,0.493,0.34385,0.34385,5.8688,0
1.189,0.52738,0.32775,0.32775,5.9321,0
1.189,0.56016,0,0.30855,5.9967,0
1.2577,0.59101,0.30194,0.30194,6.0493,0
1.287,0.6212,0.29893,0.29893,6.1075,0
1.323,0.6511,0.27659,0.27659,6.1743,0
1.3566,0.67876,0.27147,0.27147,6.2357,0
1.3805,0.7059,0.2817,0.2817,6.2968,0
1.4147,0.73407,0.27591,0.27591,6.3569,0
1.4352,0.76166,0.25047,0.25047,6.4272,0
1.4645,0.78671,0.25077,0.25077,6.4991,0
1.4845,0.81179,0.23629,0.23629,6.5747,0
1.5009,0.83542,0.20755,0.20755,6.6428,0
1.5124,0.85617,0.20267,0.20267,6.7138,0
1.54,0.87644,0.19777,0.19777,6.7892,0
1.54,0.89621,0,4.9,6.8546,35.872
1.54,1.3862,0,1.3579,6.8945,5.798
1.54,1.522,0,0.51251,6.9031,1.6174
1.54,1.5733,0,0.33483,6.9023,1.0605
1.6859,1.6067,0.67374,0.43037,6.9054,0
1.6859,1.6498,0,0.56032,6.9111,1.7686
1.8552,1.7058,1.1815,0.73798,6.9338,0
1.9792,1.7796,1.3747,0.92117,6.9572,0
1.9792,1.8717,0,1.0384,6.9726,3.9875
2.2703,1.9756,1.5557,1.1502,7.0108,0
2.4223,2.0906,1.5976,1.1835,7.0482,0
2.5882,2.2089,1.6178,1.239,7.0778,0
2.7457,2.3328,1.6596,1.2385,7.1246,0
2.9078,2.4567,1.7581,1.2467,7.1617,0
3.0847,2.5814,1.8673,1.2878,7.2057,0
3.2621,2.7101,1.9673,1.3095,7.2519,0
3.4575,2.8411,2.0544,1.3622,7.3168,0
3.6665,2.9773,2.0746,1.4207,7.3883,0
3.8702,3.1194,2.0627,1.443,7.4527,0
3.8702,3.2637,0,1.4717,7.5205,4.6375
4.2838,3.4108,1.9559,1.473,7.6144,0
4.4811,3.5581,1.8791,1.4662,7.703,0
4.6664,3.7048,1.807,1.4447,7.8042,0
4.8438,3.8492,1.6861,1.4174,7.9023,0
5.0096,3.991,1.5744,1.3816,7.9997,0
5.0096,4.1291,0,1.3335,8.0947,2.7249
5.0096,4.2625,0,1.3021,8.1761,3.0522
5.4389,4.3927,1.2464,1.2506,8.309,0
5.4389,4.5178,0,1.218,8.4074,1.9507
5.7006,4.6396,1.2351,1.1856,8.5358,0
5.8171,4.7581,1.2411,1.1479,8.6483,0
5.9319,4.8729,1.2951,1.1158,8.7604,0
6.0615,4.9845,1.2605,1.1046,8.8685,0
6.1959,5.0949,1.2342,1.0998,8.9709,0
6.1959,5.2049,0,1.0863,9.0755,1.0625
6.1959,5.3136,0,1.0688,9.1692,1.3411
6.1959,5.4204,0,1.0538,9.2521,1.6298
6.1959,5.5258,0,1.0443,9.3244,1.946
6.1959,5.6302,0,1.0422,9.3862,2.3025
6.9302,5.7345,1.3074,1.0445,9.6322,0
7.06,5.8389,1.2945,1.0474,9.7629,0
7.06,5.9437,0,1.0529,9.8798,0.51166
7.3155,6.049,1.2957,1.0466,10.004,0
7.4485,6.1536,1.2808,1.0515,10.13,0
7.5827,6.2588,1.2614,1.0564,10.253,0
7.7117,6.3644,1.2434,1.0574,10.385,0
7.8389,6.4701,1.1671,1.057,10.518,0
7.9611,6.5758,1.0535,1.0537,10.661,0
8.0577,6.6812,0.99736,1.0315,10.8,0
8.1648,6.7844,0.96147,1.0192,10.932,0
8.2678,6.8863,0.96164,1.0057,11.064,0
8.3695,6.9868,0.95023,0.99321,11.201,0
8.3695,7.0862,0,0.97931,11.335,0
8.5724,7.1841,1.0026,0.97204,11.467,0
8.6715,7.2813,0.99248,0.96161,11.6,0
8.7677,7.3775,0.96879,0.95113,11.743,0
8.8651,7.4726,0.98615,0.94195,11.877,0
8.9724,7.5668,0.98022,0.9408,12.015,0
9.0676,7.6608,1.0095,0.93236,12.163,0
9.0676,7.7541,0,0.92857,12.299,0
9.2734,7.8469,1.0302,0.92691,12.443,0
9.377,7.9396,1.0313,0.92496,12.582,0
9.4874,8.0321,0.99801,0.92838,12.734,0
9.4874,8.125,0,0.9275,12.875,0
9.6945,8.2177,0.96568,0.92597,13.036,0
9.8,8.3103,0.9548,0.92579,13.18,0
9.8944,8.4029,0.93234,0.9192,13.332,0
9.9834,8.4948,0.95383,0.90927,13.471,0
10.084,8.5857,0.93796,0.90757,13.612,0
10.084,8.6765,0,0.89828,13.758,0
10.268,8.7663,0.91461,0.89662,13.929,0
10.36,8.856,0.91032,0.89085,14.071,0
10.455,8.9451,0.91797,0.88768,14.215,0
10.455,9.0338,0,0.87817,14.362,0
10.455,9.1217,0,0.87614,14.5,0
10.718,9.2093,0.93988,0.8687,14.665,0
10.718,9.2961,0,0.87251,14.811,0
10.916,9.3834,0.94746,0.87099,14.966,0
11.017,9.4705,0.91594,0.87267,15.111,0
11.114,9.5578,0.92077,0.87242,15.257,0
11.216,9.645,0.94017,0.87545,15.416,0
11.318,9.7325,0.90176,0.87853,15.583,0
11.405,9.8204,0.9024,0.87239,15.736,0
11.497,9.9076,0.93584,0.86953,15.886,0
11.597,9.9946,0.90697,0.87149,16.038,0
11.597,10.082,0,0.86815,16.194,0
11.779,10.169,0.89251,0.86597,16.358,0
11.862,10.255,0.8816,0.85909,16.514,0
11.862,10.341,0,0.85579,16.67,0
12.043,10.427,0.88982,0.8557,16.844,0
12.129,10.512,0.85621,0.85113,17.006,0
12.223,10.597,0.83197,0.85176,17.166,0
12.223,10.682,0,0.84873,17.324,0
12.39,10.767,0.65367,0.84176,17.496,0
12.46,10.852,0.60607,0.83033,17.649,0
12.46,10.935,0,0.81097,17.805,0
12.46,11.016,0,0.80089,17.954,0
12.642,11.096,0.58717,0.78704,18.12,0
12.697,11.174,0.59096,0.77175,18.268,0
12.759,11.252,0.58955,0.7605,18.412,0
12.823,11.328,0.5622,0.7516,18.568,0
12.823,11.403,0,0.74398,18.714,0
12.93,11.477,0.3834,0.72475,18.868,0
12.971,11.55,0.30478,0.70596,19.003,0
12.996,11.62,0.19756,0.68101,19.142,0
13.011,11.688,0.053716,0.6523,19.287,0
13.011,11.754,-0.012074,0.61782,19.407,0
13.017,11.815,-0.036325,0.58837,19.523,0
13.006,11.874,-0.095791,0.55255,19.644,0
12.992,11.93,-0.1412,0.51739,19.747,0
12.975,11.981,-0.17632,0.48266,19.858,0
12.955,12.03,-0.25671,0.44891,19.964,0
12.934,12.074,-0.40197,0.41577,20.045,0.38447
12.892,12.116,-0.47294,0.37449,20.128,0.79135
12.836,12.153,-0.49511,0.32884,20.207,0.99438
12.786,12.186,-0.51745,0.28828,20.274,1.1913
12.744,12.215,-0.47211,0.25372,20.322,1.0412
12.702,12.241,-0.38763,0.22133,20.366,0.72996
12.657,12.263,-0.33734,0.18916,20.418,0.59451
12.615,12.282,-0.30568,0.15968,20.455,0.53702
12.587,12.298,-0.22152,0.13824,20.477,0.28824
12.557,12.311,-0.089358,0.1174,20.507,0
12.551,12.323,0.10886,0.10888,20.521,0
12.557,12.334,0.32487,0.10646,20.542,0
12.59,12.345,0.49255,0.11676,20.563,0
12.645,12.356,0.68305,0.13752,20.587,0
12.716,12.37,0.80048,0.16485,20.614,0
12.789,12.387,0.85339,0.19149,20.646,0
12.874,12.406,0.88555,0.22261,20.689,0
12.968,12.428,0.91038,0.25661,20.741,0
13.059,12.454,0.89179,0.2874,20.798,0
13.147,12.482,0.90017,0.3151,20.862,0
13.246,12.514,0.892,0.34661,20.932,0
13.335,12.549,0.88378,0.37208,21.009,0
13.43,12.586,0.8912,0.3988,21.096,0
13.514,12.626,0.89505,0.41891,21.182,0
13.609,12.668,0.85148,0.4429,21.271,0
13.609,12.712,0,0.46043,21.363,0
13.786,12.758,0.84012,0.48202,21.455,0
13.869,12.806,0.82107,0.497,21.553,0
13.959,12.856,0.82728,0.51485,21.653,0
14.042,12.907,0.84493,0.52823,21.768,0
14.12,12.96,0.8355,0.53897,21.885,0
14.194,13.014,0.84141,0.54712,21.994,0
14.274,13.069,0.84393,0.55737,22.111,0
14.364,13.124,0.80247,0.57201,22.233,0
14.44,13.182,0.7745,0.57956,22.361,0
14.516,13.24,0.7387,0.58641,22.485,0
14.584,13.298,0.69009,0.58912,22.615,0
14.647,13.357,0.62246,0.58984,22.739,0
14.701,13.416,0.47911,0.58615,22.871,0
14.752,13.475,0.35323,0.58154,23.005,0
14.787,13.533,0.20505,0.56923,23.124,0
14.809,13.59,0.054953,0.55204,23.248,0
14.815,13.645,-0.035029,0.52886,23.361,0
14.821,13.698,-0.060785,0.50644,23.472,0
14.812,13.749,-0.14166,0.47862,23.586,0
14.803,13.796,-0.15553,0.45205,23.695,0
14.786,13.842,-0.16775,0.42335,23.785,0
14.77,13.884,-0.24144,0.39662,23.877,0
14.737,13.924,-0.26143,0.36369,23.971,0
14.713,13.96,-0.25242,0.33638,24.055,0
14.684,13.994,-0.31668,0.30795,24.137,0.11859
14.646,14.024,-0.32028,0.277,24.21,0.21177
14.622,14.052,-0.26383,0.25374,24.264,0.070322
14.592,14.077,-0.24737,0.22871,24.311,0.078966
14.561,14.1,-0.18389,0.20431,24.36,0
14.538,14.121,-0.10273,0.18526,24.41,0
14.522,14.139,-0.12917,0.16989,24.459,0
14.518,14.156,-0.15031,0.16047,24.502,0
14.518,14.172,0,0.14269,24.538,0
14.518,14.187,0,0.13108,24.572,0
14.471,14.2,-0.20307,0.1198,24.574,0.21814
14.449,14.212,-0.15267,0.10477,24.598,0.10708
14.434,14.222,-0.37035,0.093391,24.616,0.89071
14.388,14.232,-1.2957,0.069165,24.639,7.8841
14.255,14.238,-2.5614,0.0074592,24.646,34.117
13.997,14.239,-3.9043,-0.033496,24.637,117.2
13.596,14.236,-5.2985,-0.088539,24.592,473.07
13.058,14.227,-6.4092,-0.1625,24.512,30.556
12.412,14.211,-6.7855,-0.25255,24.354,31.491
11.736,14.185,-6.5416,-0.348,24.148,32.052
11.087,14.151,-5.9636,-0.44238,23.878,32.358
10.487,14.106,-5.2201,-0.53304,23.542,32.582
9.9608,14.053,-4.5269,-0.61722,23.148,179.55
9.9608,13.991,0,-0.69442,22.742,10.013
9.1247,13.922,-3.5104,-0.76491,22.244,102.51
8.7814,13.845,-3.4455,-0.83287,21.752,99.995
8.4391,13.762,-3.5257,-0.90574,21.224,105.26
8.0766,13.672,-3.5964,-0.98652,20.682,110.11
7.7144,13.573,-3.741,-1.0732,20.113,119.41
7.3342,13.466,-3.9327,-1.1702,19.518,32.042
6.9357,13.349,-4.3004,-1.2801,18.885,31.721
6.5053,13.221,-4.8004,-1.4058,18.233,31.563
6.5053,13.08,0,-1.5579,17.569,15.284
5.4971,12.924,-5.4665,-1.7363,16.802,31.208
4.9432,12.751,-5.4422,-1.9434,16.032,30.585
4.3934,12.556,-5.0886,-2.1762,15.225,29.385
4.3934,12.339,0,-2.4262,14.42,15.24
3.4372,12.096,-3.8035,-2.692,13.536,25.487
3.0493,11.827,-3.4825,-2.9709,12.669,23.5
2.7109,11.53,-3.2712,-3.2718,11.785,21.409
2.7109,11.203,0,-3.6062,10.92,10.48
2.0445,10.842,-3.4918,-7.3527,10.023,9.922
1.6901,10.107,-3.4516,-7.3207,9.1543,9.1239
1.6901,9.3746,0,-7.0685,8.3492,2.9728
1.0273,8.6677,-2.9555,-6.8188,7.5552,7.5451
0.73646,7.9859,-2.4645,-6.3284,6.8006,6.7422
0.49091,7.353,-1.6287,-5.4924,6.0937,5.9488
0.3363,6.8038,-0.95089,-5.2,5.4299,4.3299
0.2334,6.2838,-0.42574,-5.2,4.8061,2.3714
0.2334,5.7638,0,-8.8,4.227,0
0.20239,4.8838,0.4146,-8.8,3.713,0
0.20239,4.0038,0,-8.8,3.2889,0
0.29762,3.1238,0.3211,-8.8,2.9722,0
0.32919,2.2438,0.24616,-8.8,2.7445,0
0.35265,1.3638,0.24827,-8.8,2.6052,0
0.37375,0.48378,0.21992,-8.8,2.5495,0
0.401,0,0.20005,-8.8,2.5801,0
0.41361,0,0.2621,-8.8,2.6703,0
0.44944,0,0.26332,-8.8,2.7514,0
0.47061,0,0.15454,-8.8,2.8477,0
0.49585,0,0.22163,-8.8,2.9492,0
0.49585,0,0,-8.8,3.0428,0
0.55557,0,0.23378,-8.8,3.1483,0
0.57304,0,0.27662,-8.8,3.2461,0
0.57304,0,0,-8.8,3.3474,0
0.62893,0,0.22939,-8.8,3.4582,0
0.64822,0,0.21036,-8.8,3.5739,0
0.66048,0,0.31165,-8.8,3.6781,0
0.66048,0,0,-8.8,3.7882,0
0.70784,0,0.26443,-8.8,3.9128,0
0.73425,0,0.33912,-8.8,4.0301,0
0.76737,0,0.34306,-8.8,4.1481,0
0.79876,0,0.27209,-8.8,4.2784,0
0.82789,0,0.36847,-8.8,4.409,0
0.82789,0,0,-8.8,4.5358,0
0.90331,0,0.29577,-8.8,4.6722,0
0.94184,0,0.31703,-8.8,4.8149,0
0.9683,0,0.38824,-8.8,4.9448,0
1.0076,0,0.29924,0.29924,5.0944,0
1.0407,0.029924,0.27842,0.27842,5.189,0
1.0652,0.057766,0.388,0.388,5.291,0
1.1098,0.096566,0.28053,0.28053,5.3866,0
1.1293,0.12462,0.23835,0.23835,5.4979,0
1.1618,0.14845,0.39147,0.39147,5.5961,0
1.1618,0.1876,0,0.49346,5.6955,0
1.1618,0.23695,0,0.45788,5.7904,0
1.2914,0.28273,0.62065,0.62065,5.8829,0
1.3551,0.3448,0.7079,0.7079,5.9832,0
1.4249,0.41559,0.69042,0.69042,6.0823,0
1.4909,0.48463,0.66494,0.66494,6.1903,0
1.5502,0.55113,0.71699,0.71699,6.2916,0
1.6222,0.62282,0.68204,0.68204,6.3823,0
1.6857,0.69103,0.55995,0.55995,6.4725,0
1.7428,0.74702,0.4689,0.4689,6.5624,0
1.7891,0.79391,0.35441,0.35441,6.6615,0
1.8331,0.82935,0.23579,0.23579,6.7551,0
1.8494,0.85293,0.11974,0.11974,6.8546,0
1.8602,0.86491,0.037263,0.037263,6.9457,0
1.8704,0.86863,-0.028856,-0.028856,7.0398,0
1.8704,0.86575,0,-0.11251,7.1401,0
1.8704,0.8545,0,-0.19213,7.2411,0
1.8267,0.83528,-0.24123,-0.24123,7.337,0
1.8267,0.81116,0,-0.11945,7.4373,0
1.7953,0.79922,-0.012938,-0.012938,7.5299,0
1.7953,0.79792,0,0.17347,7.6296,0
1.7953,0.81527,0,0.34888,7.7285,0
1.8265,0.85016,0.53351,0.53351,7.8409,0
1.8892,0.90351,0.60442,4.9,7.9296,25.02
1.9507,1.3935,0.61,4.3872,8.0129,22.493
2.0186,1.8322,0.64003,0.93191,8.0415,0.31046
2.0769,1.9254,0.65111,0.69864,8.0592,0
2.1419,1.9953,0.61087,0.6381,8.0715,0
2.1419,2.0591,0,0.62844,8.083,1.9251
2.2594,2.1219,0.52942,0.54101,8.0944,0
2.3029,2.176,0.41648,0.479,8.1,0
2.3349,2.2239,0.2415,0.4046,8.1079,0.14199
2.3659,2.2644,0.10246,0.35937,8.1192,0.43184
2.3827,2.3003,-0.024789,0.28455,8.1364,0.65535
2.3767,2.3288,-0.17806,0.16229,8.1502,0.87013
2.3767,2.345,0,0.078268,8.1542,0.10942
2.3477,2.3528,-0.17629,-0.00062896,8.1599,0.46197
2.3223,2.3528,-0.051351,-0.0037224,8.1593,0.17237
2.3223,2.3524,0,-0.003501,8.1563,0.054591
2.3315,2.3521,0.23605,-0.0025256,8.1357,0
2.3315,2.3518,0,0.023189,8.1337,0.093095
2.3315,2.3541,0,0.12706,8.1315,0.36003
2.3315,2.3668,0,0.23277,8.1286,0.71101
2.468,2.3901,0.35145,0.2527,8.1401,0
2.5037,2.4154,0.31456,0.28155,8.149,0
2.5428,2.4435,0.31473,0.31064,8.1497,0
2.5713,2.4746,0.30577,0.29668,8.1605,0
2.5922,2.5043,0.29969,0.26477,8.1758,0
2.63,2.5307,0.28958,0.29427,8.1922,0
2.6543,2.5602,0.29915,0.27411,8.208,0
2.6889,2.5876,0.28526,0.29003,8.2076,0
2.7272,2.6166,0.28723,0.31095,8.216,0
2.7524,2.6477,0.24913,0.28898,8.2269,0
2.7759,2.6766,0.23864,0.26941,8.2397,0
2.8043,2.7035,0.27009,0.26934,8.2538,0
2.8222,2.7305,0.32241,0.2413,8.2611,0
2.8599,2.7546,0.37232,0.2734,8.2733,0
2.8937,2.7819,0.45392,0.28591,8.2878,0
2.9346,2.8105,0.5152,0.31229,8.3005,0
2.9346,2.8417,0,0.34973,8.3113,0.76387
3.0442,2.8767,0.55441,0.40706,8.3358,0
3.093,2.9174,0.57614,0.4175,8.3501,0
3.1446,2.9592,0.56616,0.43124,8.3659,0
3.2101,3.0023,0.54558,0.47297,8.3879,0
3.2695,3.0496,0.63206,0.48887,8.411,0
3.3361,3.0985,0.72508,0.51547,8.431,0
3.4152,3.15,0.75824,0.56122,8.4585,0
3.4152,3.2062,0,0.57012,8.4822,1.2714
3.4152,3.2632,0,0.61316,8.5003,1.6333
3.6617,3.3245,0.99193,0.65879,8.5551,0
3.6617,3.3904,0,0.68374,8.5856,1.5661
3.8508,3.4587,1.0494,0.72241,8.6279,0
3.9592,3.531,1.1465,0.76582,8.6727,0
4.0715,3.6076,1.3203,0.80381,8.7149,0
4.2126,3.6879,1.6693,0.88026,8.76,0
4.3889,3.776,1.9515,0.99345,8.807,0
4.3889,3.8753,0,1.1108,8.8633,2.8576
