22.263,22.263,-0.17072,0,35.5,0.43426
22.263,22.263,0,-0.0012662,35.5,0
22.239,22.262,-0.1278,-0.0028628,35.497,0.3582
22.23,22.262,-0.11524,-0.0039105,35.499,0.34065
22.228,22.262,-0.11343,-0.0041798,35.502,0.34015
22.222,22.261,-0.10753,-0.0047812,35.501,0.33389
22.222,22.261,0,-0.0066234,35.497,0.065552
22.201,22.26,-0.1179,-0.0072745,35.494,0.40406
22.196,22.26,-0.10772,-0.0077824,35.485,0.384
22.194,22.259,-0.094408,-0.0078688,35.481,0.34889
22.187,22.258,-0.1163,-0.0086703,35.473,0.42278
22.175,22.257,-0.13861,-0.010087,35.467,0.51161
22.16,22.256,-0.17172,-0.011724,35.449,0.64195
22.151,22.255,-0.21629,-0.012727,35.442,0.8077
22.128,22.254,-0.23184,-0.015418,35.421,0.912
22.128,22.252,0,-0.017685,35.409,0.22161
22.085,22.25,-0.2351,-0.020309,35.396,1.0156
22.053,22.248,-0.23058,-0.024052,35.37,1.0695
22.024,22.246,-0.21569,-0.027277,35.346,1.0753
22.002,22.243,-0.24625,-0.029695,35.33,1.2363
22.002,22.24,0,-0.032251,35.307,0.43735
21.955,22.237,-0.28095,-0.034798,35.289,1.475
21.955,22.233,0,-0.037189,35.261,0.51644
21.898,22.23,-0.32991,-0.041016,35.233,1.8131
21.857,22.226,-0.31731,-0.045693,35.208,1.8531
21.818,22.221,-0.30827,-0.050021,35.161,1.9005
21.794,22.216,-0.28473,-0.052523,35.11,1.8443
21.766,22.211,-0.27428,-0.055455,35.076,1.8567
21.766,22.205,0,-0.05887,35.031,0.83666
21.708,22.199,-0.28577,-0.061494,34.979,2.0271
21.678,22.193,-0.29892,-0.064508,34.934,2.1479
21.678,22.187,0,-0.067128,34.883,0.98062
21.628,22.18,-0.30854,-0.069548,34.816,2.2914
21.595,22.173,-0.33438,-0.072973,34.759,2.4869
21.595,22.166,0,-0.075557,34.702,1.1111
21.537,22.158,-0.32357,-0.078831,34.637,2.549
21.501,22.15,-0.33232,-0.082633,34.573,2.6696
21.501,22.142,0,-0.084929,34.508,1.2614
21.444,22.134,-0.35302,-0.088272,34.432,2.8868
21.444,22.125,0,-0.092932,34.363,1.3383
21.358,22.116,-0.43007,-0.097459,34.289,3.5096
21.312,22.106,-0.50466,-0.10249,34.213,4.0794
21.257,22.096,-0.58522,-0.10861,34.127,4.7628
21.2,22.085,-0.68368,-0.11507,34.032,5.6493
21.131,22.073,-0.77924,-0.12312,33.94,6.6406
21.131,22.061,0,-0.13132,33.847,1.8761
20.98,22.048,-0.88972,-0.14071,33.739,8.1184
20.899,22.034,-0.92804,-0.15024,33.62,8.7531
20.81,22.019,-0.93168,-0.16095,33.494,9.0773
20.713,22.003,-0.92676,-0.17251,33.376,9.3385
20.615,21.985,-0.93428,-0.18442,33.242,9.7321
20.514,21.967,-0.95262,-0.19676,33.102,10.253
20.514,21.947,0,-0.20841,32.958,3.0499
20.314,21.926,-0.99538,-0.2212,32.798,11.358
20.314,21.904,0,-0.23368,32.637,3.4314
20.113,21.881,-1.0541,-0.24626,32.454,12.676
20.009,21.856,-1.0583,-0.25933,32.279,13.048
19.91,21.83,-0.98551,-0.27193,32.087,12.458
19.816,21.803,-0.85359,-0.28374,31.899,11.218
19.732,21.775,-0.69718,-0.29418,31.703,9.8082
19.664,21.745,-0.50706,-0.30247,31.505,8.2101
19.619,21.715,-0.34146,-0.30741,31.302,6.9366
19.592,21.684,-0.22737,-0.30976,31.1,6.1105
19.592,21.653,0,-0.31178,30.893,4.6291
19.541,21.622,-0.19078,-0.31424,30.669,5.8001
19.515,21.591,-0.19431,-0.31654,30.46,5.7903
19.499,21.559,-0.19433,-0.31737,30.244,5.7257
19.478,21.527,-0.20831,-0.31886,30.032,5.7643
19.465,21.495,-0.21079,-0.3188,29.833,5.7055
19.44,21.464,-0.21584,-0.32067,29.638,5.7004
19.418,21.431,-0.20016,-0.32211,29.445,5.5569
19.389,21.399,-0.16447,-0.32458,29.248,5.3093
19.366,21.367,-0.1186,-0.32618,29.05,4.9958
19.363,21.334,-0.053873,-0.32438,28.86,4.5418
19.348,21.302,0.014024,-0.32468,28.656,4.1303
19.35,21.269,0.082896,-0.32209,28.462,3.7058
19.36,21.237,0.13949,-0.31801,28.269,3.3468
19.378,21.205,0.1998,-0.31239,28.083,2.9821
19.39,21.174,0.24972,-0.30773,27.906,2.6978
19.423,21.143,0.28454,-0.29952,27.724,2.4407
19.459,21.113,0.30072,-0.29063,27.552,2.251
19.491,21.084,0.31157,-0.28215,27.385,2.091
19.527,21.056,0.3128,-0.27292,27.238,1.9606
19.527,21.029,0,-0.26286,27.087,3.0325
19.598,21.002,0.31456,-0.25446,26.942,1.7126
19.623,20.977,0.31513,-0.2473,26.796,1.6158
19.655,20.952,0.33008,-0.23856,26.662,1.4738
19.655,20.928,0,-0.22801,26.533,2.4909
19.741,20.906,0.36369,-0.21702,26.411,1.1679
19.787,20.884,0.37814,-0.20574,26.288,1.0271
19.821,20.863,0.38667,-0.1966,26.175,0.92278
19.852,20.844,0.386,-0.18822,26.064,0.84441
19.884,20.825,0.39276,-0.17947,25.978,0.75576
19.932,20.807,0.39406,-0.16752,25.889,0.65355
19.972,20.79,0.38371,-0.1575,25.807,0.58622
20.005,20.774,0.36852,-0.14862,25.736,0.53647
20.05,20.76,0.32499,-0.13773,25.654,0.51411
20.077,20.746,0.25992,-0.1302,25.584,0.56035
20.095,20.733,0.18574,-0.1247,25.517,0.65557
20.113,20.72,0.13051,-0.11912,25.461,0.72634
20.113,20.708,0,-0.11267,25.401,1.0613
20.143,20.697,0.044149,-0.10936,25.351,0.84734
20.138,20.686,0.026195,-0.10852,25.29,0.88392
20.137,20.675,0.015696,-0.10688,25.231,0.89375
20.137,20.665,0,-0.10646,25.178,0.91362
20.134,20.654,0.017529,-0.10367,25.138,0.85305
20.133,20.644,0.013142,-0.10229,25.079,0.84861
20.129,20.633,0.004214,-0.10127,25.023,0.86035
20.12,20.623,-0.0023934,-0.10143,24.973,0.87701
20.121,20.613,-0.0021361,-0.099344,24.919,0.85376
20.121,20.603,0,-0.096257,24.87,0.83271
20.125,20.594,-0.0014973,-0.09515,24.819,0.80803
20.125,20.584,0,-0.094484,24.773,0.78326
20.128,20.575,0.028542,-0.091135,24.728,0.68715
20.128,20.565,0,-0.086974,24.684,0.75284
20.139,20.557,0.057434,-0.085697,24.631,0.56392
20.153,20.548,0.065711,-0.081364,24.595,0.50698
20.153,20.54,0,-0.076989,24.556,0.6633
20.168,20.532,0.094138,-0.075228,24.52,0.39088
20.168,20.525,0.1256,-0.073869,24.483,0.314
20.178,20.517,0.1441,-0.070463,24.445,0.25123
20.192,20.51,0.17195,-0.066171,24.419,0.16908
20.211,20.504,0.20283,-0.060858,24.391,0.080626
20.239,20.498,0.20751,-0.053885,24.363,0.024737
20.255,20.492,0.20145,-0.049469,24.336,0.0026671
20.273,20.487,0.18528,-0.04482,24.318,0
20.291,20.483,0.1749,-0.040085,24.304,0
20.299,20.479,0.17851,-0.037566,24.284,0
20.316,20.475,0.21064,-0.033338,24.261,0
20.344,20.472,0.24807,-0.026741,24.247,0
20.378,20.469,0.30994,-0.019059,24.238,0
20.404,20.467,0.34788,-0.013237,24.233,0
20.431,20.466,0.36381,-0.0072761,24.231,0
20.467,20.465,0.37562,0.00049521,24.239,0
20.498,20.465,0.40571,0.0077487,24.237,0
20.498,20.466,0,0.018274,24.24,0
20.588,20.468,0.45032,0.028487,24.246,0
20.64,20.471,0.52063,0.040078,24.258,0
20.694,20.475,0.50093,0.052003,24.286,0
20.753,20.48,0.50389,0.064904,24.316,0
20.753,20.486,0,0.07534,24.343,0
20.853,20.494,0.47913,0.085399,24.369,0
20.893,20.502,0.41372,0.093091,24.415,0
20.934,20.512,0.42633,0.1006,24.461,0
20.968,20.522,0.40335,0.10653,24.513,0
21.016,20.532,0.37591,0.11534,24.559,0
21.058,20.544,0.34763,0.1227,24.605,0
21.088,20.556,0.36813,0.12718,24.667,0
21.129,20.569,0.38961,0.13402,24.724,0
21.129,20.582,0,0.13966,24.78,0
21.206,20.596,0.34293,0.14623,24.842,0
21.246,20.611,0.32255,0.15251,24.904,0
21.287,20.626,0.25238,0.1589,24.964,0
21.313,20.642,0.19435,0.16157,25.032,0
21.313,20.658,0,0.16368,25.099,0
21.349,20.675,0.17409,0.16267,25.172,0
21.374,20.691,0.19098,0.16513,25.246,0
21.4,20.707,0.22524,0.16747,25.319,0
21.415,20.724,0.24698,0.16737,25.389,0
21.434,20.741,0.27061,0.16799,25.454,0
21.463,20.758,0.27433,0.17107,25.517,0
21.487,20.775,0.26635,0.17288,25.587,0
21.518,20.792,0.24401,0.17643,25.661,0
21.541,20.81,0.20246,0.17808,25.734,0
21.541,20.828,0,0.18096,25.806,0
21.589,20.846,-0.0037164,0.18135,25.894,0
21.589,20.864,0,0.17651,25.967,0
21.589,20.881,0,0.16776,26.039,0
21.55,20.898,-0.27084,0.15945,26.096,0
21.523,20.914,-0.25321,0.14916,26.155,0
21.523,20.929,0,0.14146,26.216,0
21.523,20.943,0,0.13607,26.274,0
21.486,20.957,-0.0889,0.12999,26.326,0
21.484,20.97,-0.035005,0.12639,26.374,0
21.484,20.982,-0.0064347,0.12329,26.42,0
21.484,20.995,0.029978,0.12044,26.48,0
21.489,21.007,0.092412,0.11874,26.52,0
21.492,21.019,0.16303,0.1166,26.564,0
21.514,21.03,0.22855,0.11911,26.608,0
21.547,21.042,0.2876,0.12431,26.66,0
21.57,21.055,0.31083,0.12721,26.713,0
21.591,21.067,0.32461,0.12935,26.758,0
21.591,21.08,0,0.13343,26.809,0
21.649,21.094,0.35285,0.13725,26.879,0
21.679,21.107,0.35187,0.14162,26.941,0
21.705,21.122,0.34814,0.1445,26.998,0
21.705,21.136,0,0.14933,27.055,0
21.705,21.151,0,0.15386,27.112,0
21.792,21.166,0.30154,0.1555,27.181,0
21.831,21.182,0.29555,0.16137,27.25,0
21.852,21.198,0.30387,0.16267,27.323,0
21.887,21.214,0.33096,0.16774,27.397,0
21.924,21.231,0.35643,0.17294,27.466,0
21.961,21.248,0.3802,0.17777,27.527,0
21.99,21.266,0.37683,0.18076,27.606,0
21.99,21.284,0,0.18477,27.678,0
22.068,21.303,0.36462,0.1916,27.761,0
22.068,21.322,0,0.19734,27.836,0
22.146,21.342,0.31579,0.2018,27.926,0
22.18,21.362,0.29572,0.20561,28.017,0
22.18,21.382,0,0.20578,28.098,0
22.22,21.403,0.24636,0.20572,28.183,0
22.248,21.424,0.2349,0.20783,28.274,0
22.265,21.444,0.21403,0.20696,28.35,0
22.289,21.465,0.21204,0.20802,28.429,0
22.309,21.486,0.21422,0.20804,28.505,0
22.339,21.507,0.20285,0.21059,28.593,0
22.351,21.528,0.1744,0.20859,28.671,0
22.37,21.549,0.14846,0.20807,28.746,0
22.37,21.569,0,0.20823,28.828,0
22.37,21.59,0,0.2076,28.906,0
22.37,21.611,0,0.20314,28.983,0
22.37,21.631,0,0.20088,29.058,0
22.417,21.651,-0.069737,0.19503,29.165,0
22.402,21.671,-0.1044,0.18637,29.247,0
22.402,21.689,0,0.17888,29.319,0
22.38,21.707,-0.1211,0.17165,29.398,0
22.38,21.725,0,0.16613,29.464,0
22.351,21.741,-0.14952,0.15592,29.538,0
22.333,21.757,-0.15168,0.14741,29.588,0
22.31,21.771,-0.14665,0.13791,29.636,0
22.292,21.785,-0.12795,0.12984,29.695,0
22.289,21.798,-0.097649,0.12579,29.743,0
22.273,21.811,-0.088465,0.1186,29.798,0
22.273,21.823,-0.079652,0.11538,29.841,0
22.258,21.834,-0.061088,0.10882,29.888,0
22.262,21.845,-0.045204,0.10697,29.937,0
22.262,21.856,-0.023285,0.10426,29.97,0
22.262,21.866,0,0.10256,30.01,0
22.261,21.876,0.062368,0.0989,30.06,0
22.261,21.886,0,0.099177,30.098,0
22.274,21.896,0.1111,0.097254,30.138,0
22.274,21.906,0,0.098681,30.176,0
22.274,21.916,0,0.10152,30.212,0
22.317,21.926,0.032688,0.10058,30.245,0
22.318,21.936,-0.040379,0.09846,30.28,0
22.312,21.946,-0.11972,0.094296,30.322,0
22.312,21.955,0,0.089873,30.358,0
22.287,21.964,-0.29813,0.083118,30.4,0.27575
22.254,21.973,-0.33924,0.072498,30.436,0.49353
22.222,21.98,-0.36668,0.062436,30.462,0.6686
22.222,21.986,0,0.049859,30.486,0
22.137,21.991,-0.68392,0.037615,30.505,2.4291
22.077,21.995,-0.9375,0.021172,30.517,4.3754
21.987,21.997,-1.1871,-0.0015263,30.519,6.9526
21.861,21.997,-1.452,-0.021003,30.514,10.631
21.861,21.995,0,-0.042795,30.5,0.18458
21.557,21.99,-1.7608,-0.067459,30.452,16.83
21.375,21.984,-1.72,-0.095045,30.395,16.954
21.375,21.974,0,-0.12141,30.335,1.0454
21.028,21.962,-1.4947,-0.1467,30.246,14.772
20.877,21.947,-1.3366,-0.16891,30.146,13.08
20.742,21.931,-1.1677,-0.18875,30.025,11.379
20.63,21.912,-1.0968,-0.20468,29.899,10.894
20.513,21.891,-1.0744,-0.22143,29.775,11.006
20.398,21.869,-1.077,-0.23779,29.643,11.392
20.294,21.845,-1.0821,-0.25281,29.485,11.76
20.177,21.82,-1.1044,-0.26968,29.331,12.38
20.075,21.793,-0.99837,-0.28445,29.152,11.398
19.967,21.765,-0.85783,-0.30003,28.981,10.147
19.89,21.735,-0.68013,-0.31078,28.793,8.5657
19.826,21.703,-0.486,-0.31932,28.603,7.0208
19.769,21.672,-0.30778,-0.32672,28.415,5.7965
19.73,21.639,-0.25803,-0.33086,28.22,5.4697
19.73,21.606,0,-0.33314,28.03,3.903
19.67,21.572,-0.25914,-0.33595,27.852,5.4253
19.639,21.539,-0.26774,-0.33873,27.66,5.4528
19.639,21.505,0,-0.34164,27.472,3.8337
19.575,21.471,-0.23992,-0.34458,27.287,5.2324
19.554,21.436,-0.22999,-0.34547,27.095,5.1145
19.524,21.402,-0.18473,-0.34832,26.897,4.8163
19.524,21.367,0,-0.34855,26.711,3.7308
19.491,21.332,0.082537,-0.34802,26.528,3.3561
19.494,21.297,0.27472,-0.3441,26.355,2.5455
19.514,21.263,0.48581,-0.33699,26.169,1.8587
19.572,21.229,0.65799,-0.32216,26.002,1.3992
19.631,21.197,0.78117,-0.30689,25.85,1.1399
19.7,21.166,0.86319,-0.28962,25.703,0.97459
19.793,21.137,0.89248,-0.2675,25.566,0.83901
19.881,21.111,0.85762,-0.24643,25.428,0.72647
19.977,21.086,0.76341,-0.22367,25.314,0.61895
20.059,21.064,0.73007,-0.20379,25.215,0.51724
20.139,21.043,0.68858,-0.18436,25.123,0.42171
20.205,21.025,0.69823,-0.16783,25.042,0.33057
20.205,21.008,0,-0.15175,24.961,1.4657
20.34,20.993,0.92032,-0.13477,24.899,0.26794
20.425,20.979,1.0356,-0.11464,24.84,0.33681
20.523,20.968,1.1463,-0.092388,24.796,0.46899
20.644,20.959,1.2293,-0.065346,24.765,0.60587
20.644,20.952,0,-0.039013,24.734,0.57981
20.891,20.948,1.3034,-0.011913,24.735,0.77408
21.016,20.947,1.2491,0.016136,24.733,0.62356
21.134,20.949,1.1548,0.043,24.754,0.36251
21.25,20.953,1.039,0.068994,24.777,0.058465
21.25,20.96,0,0.092665,24.806,0
21.452,20.969,0.75808,0.11237,24.849,0
21.519,20.98,0.61947,0.12559,24.91,0
21.582,20.993,0.50304,0.13749,24.975,0
21.582,21.007,0,0.14667,25.033,0
21.582,21.021,0,0.15221,25.09,0
21.713,21.037,0.51159,0.15852,25.149,0
21.713,21.052,0,0.16906,25.216,0
21.834,21.069,0.70824,0.17962,25.291,0
21.902,21.087,0.7244,0.19138,25.367,0
21.902,21.106,0,0.20403,25.448,0
21.902,21.127,0,0.21477,25.526,0
22.1,21.148,0.65714,0.22465,25.631,0
22.1,21.171,0,0.23736,25.726,0
22.1,21.194,0,0.24751,25.817,0
22.326,21.219,0.90019,0.26256,25.927,0
22.419,21.245,0.94814,0.2789,26.039,0
22.521,21.273,0.91983,0.29699,26.169,0
22.614,21.303,0.90096,0.31263,26.29,0
22.614,21.334,0,0.32604,26.419,0
22.792,21.367,0.89399,0.34138,26.56,0
22.875,21.401,0.76973,0.35385,26.705,0
22.875,21.436,0,0.3652,26.851,0
22.875,21.473,0,0.36975,26.993,0
22.875,21.51,0,0.35158,27.131,0
22.801,21.545,-2.9057,0.30379,27.287,41.754
22.801,21.575,0,0.22561,27.412,0
22.088,21.598,-5.3012,0.11867,27.461,732.78
21.554,21.61,-5.8793,-0.010183,27.479,3313
20.975,21.609,-6.169,-0.11491,27.454,6460
20.366,21.597,-6.346,-0.22413,27.36,4603.2
19.728,21.575,-6.4421,-0.33908,27.204,2588.4
19.093,21.541,-6.4786,-0.4544,26.993,1667.6
19.093,21.496,0,-0.5743,26.751,4.5159
17.802,21.438,-6.4472,-0.69738,26.384,933.7
17.162,21.368,-6.3545,-0.82422,25.987,732.42
17.162,21.286,0,-0.95663,25.571,8.7362
15.896,21.19,-6.0081,-1.0928,25.044,468.83
15.301,21.081,-5.6326,-1.2312,24.488,349.77
15.301,20.958,0,-1.3718,23.916,12.466
14.231,20.821,-4.26,-1.5084,23.253,156.66
13.804,20.67,-3.1357,-1.6372,22.575,87.621
13.497,20.506,-2.0404,-1.7448,21.881,49.238
13.497,20.332,0,-1.8341,21.189,14.461
13.497,20.148,0,-1.9014,20.515,13.18
13.13,19.958,0.087446,-1.9479,19.791,12.953
13.131,19.763,0.22739,-1.9816,19.122,10.992
13.157,19.565,0.27777,-2.0046,18.474,9.7368
13.181,19.365,0.3185,-2.0266,17.839,8.6473
13.209,19.162,0.4612,-2.0431,17.229,7.2616
13.247,18.958,0.64561,-2.0486,16.655,6.0618
13.247,18.753,0,-2.0434,16.094,7.9075
13.383,18.549,0.97865,-2.0238,15.565,4.7433
13.475,18.346,1.116,-1.9902,15.066,4.518
13.588,18.147,1.172,-1.9382,14.604,4.3865
13.71,17.953,1.2158,-1.8773,14.154,4.3206
13.837,17.766,1.2844,-4.4,13.741,48.015
13.958,17.326,1.4266,-4.4,13.377,61.997
14.094,16.886,1.6027,-4.4,13.072,79.94
14.263,16.446,1.6894,-4.4,12.815,102.03
14.425,16.006,1.7617,-4.4,12.63,129.34
14.603,15.566,1.7352,-4.4,12.502,165.51
14.774,15.126,1.6141,-4.4,12.437,217.3
14.945,14.686,1.5562,0.059076,12.426,1.6564
15.1,14.692,1.5923,0.093256,12.466,1.8583
15.258,14.701,1.6141,0.12752,12.518,2.023
15.412,14.714,1.7283,0.16028,12.572,2.6166
15.593,14.73,1.8596,0.19883,12.642,3.3881
15.593,14.75,0,0.23915,12.728,0
15.962,14.774,1.8827,0.27616,12.842,3.8257
15.962,14.801,0,0.31524,12.96,0
16.332,14.833,1.884,0.35228,13.106,4.1654
16.332,14.868,0,0.39271,13.254,0
16.332,14.907,0,0.4289,13.399,0
16.899,14.95,1.7849,0.46735,13.61,4.0797
16.899,14.997,0,0.50437,13.802,0
17.249,15.047,1.7512,0.53673,14.03,4.133
17.43,15.101,1.7822,0.57274,14.266,4.4503
17.43,15.158,0,0.60542,14.496,0
17.783,15.219,1.9045,0.64148,14.752,5.4871
17.783,15.283,0,0.68136,15.006,0
18.167,15.351,1.9789,0.71701,15.3,6.2682
18.167,15.423,0,0.75702,15.578,0
18.564,15.498,1.9052,0.79474,15.893,6.0112
18.757,15.578,1.7971,0.83146,16.205,5.358
18.945,15.661,1.7534,0.8664,16.529,5.134
18.945,15.748,0,0.89664,16.853,0
19.29,15.837,1.7087,0.92643,17.203,4.9077
19.461,15.93,1.7499,0.95525,17.554,5.2239
19.635,16.025,1.7977,0.98468,17.918,5.5902
19.635,16.124,0,1.0123,18.274,0
19.978,16.225,1.7447,1.0387,18.64,5.2546
20.159,16.329,1.7366,1.0678,19.023,5.2181
20.33,16.436,1.735,1.0934,19.409,5.2104
20.498,16.545,1.7289,1.1174,19.803,5.1613
20.498,16.657,0,1.1437,20.193,0
20.498,16.771,0,1.1666,20.571,0
20.498,16.888,0,1.1904,20.938,0
21.178,17.007,1.6254,1.2093,21.452,4.3758
21.347,17.128,1.598,1.2295,21.862,4.1728
21.347,17.251,0,1.2457,22.278,0
21.654,17.375,1.5522,1.26,22.727,3.7739
21.802,17.501,1.5512,1.2728,23.166,3.7207
21.964,17.629,1.5674,1.2891,23.604,3.8074
22.13,17.758,1.5663,1.3052,24.037,3.7825
22.281,17.888,1.5759,1.3169,24.484,3.8098
22.281,18.02,0,1.3308,24.917,0
22.612,18.153,1.5919,1.3461,25.369,3.8881
22.774,18.287,1.614,1.3593,25.825,4.0202
22.936,18.423,1.657,1.3714,26.283,4.3022
23.111,18.561,1.6683,1.3868,26.735,4.3815
23.286,18.699,1.6847,1.4016,27.191,4.4988
23.446,18.839,1.71,1.4107,27.642,4.6683
23.446,18.98,0,1.4235,28.096,0
23.446,19.123,0,1.4328,28.535,0
23.944,19.266,1.5787,1.4416,29.033,3.7025
24.1,19.41,1.5748,1.448,29.506,3.6552
24.259,19.555,1.5719,1.4554,29.984,3.6178
24.413,19.701,1.5869,1.4605,30.464,3.7028
24.572,19.847,1.5304,1.4663,30.934,3.2986
24.572,19.993,0,1.4688,31.399,0
24.572,20.14,0,1.4702,31.85,0
24.572,20.287,0,1.4713,32.285,0
25.143,20.434,1.2358,1.4674,32.836,1.2576
25.27,20.581,1.1839,1.4621,33.299,0.91179
25.398,20.727,1.1503,1.4571,33.762,0.68651
25.511,20.873,1.145,1.4476,34.229,0.6253
25.627,21.018,1.119,1.4392,34.687,0.44749
25.731,21.162,1.0856,1.4269,35.144,0.22255
25.731,21.304,0,1.4178,35.594,0
25.947,21.446,1.0643,1.4066,36.059,0.054092
25.947,21.587,0,1.3961,36.502,0
26.156,21.726,1.0216,1.384,36.945,0
26.262,21.865,1.0054,1.3737,37.384,0
26.366,22.002,0.99377,1.3632,37.819,0
26.46,22.138,1.0251,1.35,38.257,0
26.572,22.273,1.0648,1.3427,38.694,0
26.679,22.408,1.0798,1.3338,39.119,0.032692
26.789,22.541,1.0942,1.3259,39.537,0.10702
26.905,22.674,1.1144,1.3206,39.97,0.2129
26.905,22.806,0,1.3111,40.387,0
27.12,22.937,1.0867,1.3045,40.809,0.043149
27.226,23.067,1.0841,1.2962,41.22,0.023699
27.343,23.197,1.082,1.2916,41.632,0.011703
27.445,23.326,1.0783,1.2821,42.039,0
27.556,23.454,1.0704,1.2763,42.459,0
27.659,23.582,1.0686,1.2683,42.876,0
27.769,23.709,1.0525,1.2625,43.287,0
27.88,23.835,1.0394,1.2569,43.685,0
27.981,23.961,1.0543,1.2485,44.084,0
28.088,24.086,1.04,1.2421,44.482,0
28.201,24.21,1.0342,1.2378,44.889,0
28.201,24.334,0,1.2291,45.282,0
28.408,24.456,1.0474,1.2239,45.682,0
28.503,24.579,1.0657,1.2147,46.079,0
28.612,24.7,1.0946,1.2101,46.471,0.046332
28.718,24.821,1.1134,1.2044,46.857,0.14921
28.831,24.942,1.1237,1.2011,47.244,0.20897
28.947,25.062,1.113,1.1988,47.629,0.15688
28.947,25.182,0,1.1961,48.011,0
29.178,25.301,1.0481,1.1948,48.418,0
29.29,25.421,1.0254,1.1914,48.796,0
29.29,25.54,0,1.1839,49.177,0
29.495,25.658,1.0268,1.1793,49.563,0
29.495,25.776,0,1.1727,49.94,0
29.685,25.894,1.0068,1.1637,50.337,0
29.791,26.01,1.0034,1.1597,50.714,0
29.891,26.126,0.97672,1.1541,51.098,0
29.992,26.241,0.96383,1.1484,51.465,0
30.088,26.356,0.98469,1.1414,51.836,0
30.188,26.47,0.9499,1.1362,52.199,0
30.291,26.584,0.93566,1.1319,52.577,0
30.291,26.697,0,1.1273,52.942,0
30.485,26.81,0.9075,1.1199,53.296,0
30.485,26.922,0,1.1097,53.658,0
30.485,27.033,0,1.1042,54.008,0
30.485,27.143,0,1.0999,54.348,0
30.866,27.253,0.98573,1.0973,54.752,0
30.964,27.363,1.0217,1.0926,55.108,0
30.964,27.472,0,1.0905,55.462,0
31.16,27.581,1.0081,1.0841,55.838,0
31.26,27.69,0.93473,1.0806,56.198,0
31.347,27.798,0.99327,1.0735,56.552,0
