11.944,11.944,0.017864,0,35.5,0
11.949,11.944,0.44468,0.0039827,35.499,0
12.003,11.945,-0.087346,0.047655,35.501,0.1933
12.003,11.95,0,0.039363,35.506,0
11.969,11.954,-0.42581,0.012816,35.522,1.3923
11.931,11.955,-0.62981,-0.0014875,35.52,2.518
11.931,11.955,0,-0.0055587,35.518,0.036906
11.781,11.954,-0.87707,-0.010803,35.488,4.7895
11.781,11.953,0,-0.015906,35.471,0.32968
11.594,11.951,-1.0088,-0.022433,35.439,6.7307
11.491,11.949,-0.99947,-0.028779,35.407,7.0834
11.395,11.946,-0.99671,-0.034706,35.348,7.4685
11.395,11.943,0,-0.041089,35.293,1.1598
11.189,11.939,-1.0552,-0.047402,35.235,8.9795
11.093,11.934,-1.1543,-0.05336,35.152,10.545
11.093,11.929,0,-0.06097,35.068,1.8668
11.093,11.923,0,-0.068355,34.985,1.8227
10.715,11.916,-1.5074,-0.077111,34.867,17.411
10.56,11.908,-1.6271,-0.08702,34.741,20.306
10.391,11.899,-1.6638,-0.09796,34.599,21.926
10.226,11.89,-1.6576,-0.10875,34.443,22.735
10.226,11.879,0,-0.12018,34.277,4.1716
10.226,11.867,0,-0.13066,34.113,4.0792
9.7562,11.854,-1.4814,-0.14051,33.864,22.083
9.7562,11.84,0,-0.15146,33.655,5.5447
9.4722,11.824,-1.1755,-0.16056,33.427,18.575
9.3613,11.808,-1.0363,-0.16873,33.194,17.084
9.3613,11.791,0,-0.17699,32.95,6.7209
9.3613,11.774,0,-0.18413,32.708,6.6097
9.0922,11.755,-0.69464,-0.18999,32.42,13.841
9.0188,11.736,-0.59004,-0.19616,32.157,12.926
8.9634,11.717,-0.44858,-0.20119,31.883,11.623
8.9102,11.697,-0.38831,-0.20609,31.615,11.169
8.8762,11.676,-0.27627,-0.20978,31.332,10.19
8.8426,11.655,-0.099882,-0.2135,31.048,8.7726
8.8272,11.634,0.008764,-0.21575,30.775,7.9305
8.823,11.612,0.136,-0.21715,30.502,6.9969
8.8422,11.59,0.33172,-0.21669,30.232,5.7037
8.8422,11.569,0,-0.21483,29.958,7.672
8.9298,11.547,0.61934,-0.21163,29.702,3.9965
8.9298,11.526,0,-0.20821,29.441,7.1895
9.055,11.505,0.72827,-0.20313,29.186,3.1976
9.1193,11.485,0.97952,-0.19839,28.949,2.3756
9.1193,11.465,0,-0.19083,28.714,6.3132
9.1193,11.446,0,-0.18028,28.48,6.3008
9.5115,11.428,2.159,-0.16599,28.296,2.2418
9.7224,11.411,2.517,-0.14759,28.118,3.3276
9.975,11.397,2.745,-0.12514,27.97,4.4513
10.259,11.384,2.8497,-0.099589,27.852,5.3597
10.259,11.374,0,-0.07392,27.74,2.636
10.259,11.367,0,-0.047411,27.629,2.7246
10.259,11.362,0,-0.020141,27.518,2.8268
11.432,11.36,3.039,0.051326,27.664,8.8254
11.727,11.365,3.0397,0.25796,27.68,7.886
12.027,11.391,3.0106,0.45244,27.721,6.8574
12.338,11.436,2.9802,0.63846,27.789,5.9031
12.632,11.5,2.9007,0.7968,27.889,4.8397
12.928,11.58,2.7947,0.94201,28.009,3.7524
13.203,11.674,2.7612,1.0589,28.157,3.1851
13.203,11.78,0,1.1659,28.304,0.040731
13.749,11.896,2.5101,1.2552,28.481,1.4304
14.008,12.022,2.3075,1.3302,28.666,0.40691
14.008,12.155,0,1.3811,28.858,0
14.438,12.293,1.7278,1.4025,29.1,0
14.438,12.433,0,1.4116,29.307,0
14.438,12.574,0,1.399,29.501,0
14.872,12.714,0.83411,1.3604,29.749,0
14.947,12.85,0.62073,1.3067,29.954,0
15.004,12.981,0.42247,1.2472,30.17,0
15.044,13.106,0.29699,1.1832,30.371,0
15.065,13.224,0.21291,1.1126,30.551,0
15.094,13.335,0.2051,1.0539,30.726,0
15.094,13.441,0,0.99359,30.897,0
15.127,13.54,0.20561,0.93584,31.05,0
15.146,13.634,0.19928,0.88532,31.198,0
15.172,13.722,0.20126,0.84273,31.341,0
15.197,13.807,0.15457,0.80334,31.485,0
15.212,13.887,0.099995,0.76133,31.618,0
15.223,13.963,0.045557,0.72019,31.752,0
15.227,14.035,0.005251,0.67761,31.879,0
15.232,14.103,0.06873,0.639,32.001,0
15.234,14.167,0.22785,0.60136,32.12,0
15.252,14.227,0.40352,0.57508,32.223,0
15.293,14.284,0.52374,0.56406,32.332,0
15.293,14.341,0,0.55525,32.43,0
15.404,14.396,0.62918,0.55901,32.543,0
15.404,14.452,0,0.56518,32.641,0
15.544,14.509,0.58436,0.57061,32.758,0
15.544,14.566,0,0.5698,32.859,0
15.661,14.623,0.51392,0.56801,32.969,0
15.714,14.679,0.35392,0.56387,33.078,0
15.757,14.736,0.17274,0.55465,33.174,0
15.765,14.791,0.004599,0.52669,33.273,0
15.765,14.844,0,0.49681,33.368,0
15.765,14.894,0,0.4617,33.458,0
15.728,14.94,-0.29883,0.42225,33.54,0.19752
15.704,14.982,-0.25385,0.38593,33.608,0.079135
15.681,15.021,-0.18434,0.3521,33.677,0
15.658,15.056,-0.091911,0.32001,33.744,0
15.657,15.088,0.017538,0.30226,33.805,0
15.659,15.118,0.10545,0.28661,33.862,0
15.679,15.147,0.08991,0.28165,33.913,0
15.689,15.175,0.10438,0.27157,33.967,0
15.701,15.202,0.1661,0.26294,34.016,0
15.711,15.228,0.27054,0.25415,34.059,0
15.744,15.254,0.43742,0.2577,34.115,0
15.79,15.28,0.63944,0.2677,34.173,0
15.852,15.306,0.75704,0.28598,34.224,0
15.934,15.335,0.82594,0.31346,34.289,0
16.025,15.366,0.82552,0.34378,34.35,0
16.025,15.401,0,0.37016,34.415,0
16.2,15.438,0.7613,0.39639,34.506,0
16.273,15.477,0.71053,0.41305,34.575,0
16.337,15.519,0.61941,0.4238,34.647,0
16.395,15.561,0.46318,0.43075,34.733,0
16.436,15.604,0.27053,0.4285,34.818,0
16.455,15.647,0.07888,0.41536,34.897,0
16.46,15.688,-0.051393,0.39555,34.972,0
16.446,15.728,-0.13793,0.3672,35.057,0
16.438,15.765,-0.061269,0.34368,35.136,0
16.427,15.799,0.10586,0.32,35.199,0
16.427,15.831,0,0.30422,35.26,0
16.467,15.862,0.54097,0.30755,35.327,0
16.527,15.892,0.80603,0.32144,35.38,0
16.617,15.924,1.0269,0.35026,35.443,0
16.617,15.959,0,0.38736,35.51,0
16.617,15.998,0,0.42319,35.574,0
16.617,16.041,0,0.47091,35.634,0
16.617,16.088,0,0.50923,35.689,0.13599
17.208,16.139,0.83529,0.53482,35.86,0
17.291,16.192,0.50457,0.54766,35.973,0
17.331,16.247,0.17145,0.53885,36.074,0
17.342,16.301,0.0048442,0.51622,36.178,0
17.342,16.352,0,0.49317,36.28,0
17.345,16.402,-0.16372,0.46515,36.38,0
17.324,16.448,-0.15982,0.43045,36.473,0
17.304,16.491,-0.1153,0.39864,36.55,0
17.304,16.531,0,0.37747,36.629,0
17.299,16.569,-0.024143,0.35683,36.705,0
17.298,16.604,0.11439,0.33799,36.786,0
17.299,16.638,0.25413,0.3217,36.861,0
17.319,16.67,0.40989,0.31523,36.919,0
17.36,16.702,0.50139,0.31914,36.99,0
17.4,16.734,0.56776,0.32277,37.059,0
17.464,16.766,0.56801,0.33773,37.126,0
17.531,16.8,0.58846,0.3532,37.206,0
17.531,16.835,0,0.36595,37.277,0
17.644,16.872,0.56587,0.3716,37.343,0
17.695,16.909,0.58111,0.37772,37.414,0
17.757,16.947,0.60287,0.38823,37.483,0
17.823,16.986,0.58335,0.40086,37.569,0
17.823,17.026,0,0.41204,37.651,0
17.962,17.067,0.68183,0.4266,37.746,0
18.034,17.11,0.70232,0.43982,37.836,0
18.103,17.154,0.72753,0.4508,37.929,0
18.166,17.199,0.76943,0.45835,38.023,0
18.248,17.244,0.75272,0.47443,38.127,0
18.248,17.292,0,0.48655,38.225,0
18.248,17.341,0,0.49607,38.318,0
18.248,17.39,0,0.50267,38.406,0
18.513,17.44,0.55544,0.50241,38.544,0
18.561,17.491,0.54036,0.50027,38.649,0
18.61,17.541,0.55812,0.49851,38.758,0
18.61,17.591,0,0.5016,38.863,0
18.73,17.641,0.59646,0.50556,38.975,0
18.798,17.691,0.58077,0.51216,39.075,0
18.848,17.742,0.52486,0.51068,39.187,0
18.909,17.794,0.49811,0.51397,39.297,0
18.96,17.845,0.4989,0.51283,39.415,0
19.009,17.896,0.55163,0.51034,39.535,0
19.009,17.947,0,0.50965,39.643,0
19.13,17.998,0.71455,0.51716,39.761,0
19.13,18.05,0,0.525,39.871,0
19.27,18.102,0.80256,0.5307,39.973,0
19.354,18.155,0.79831,0.54376,40.094,0
19.437,18.21,0.75462,0.555,40.209,0
19.437,18.265,0,0.56184,40.329,0
19.591,18.322,0.68626,0.57187,40.462,0
19.656,18.379,0.71759,0.57402,40.589,0
19.728,18.436,0.70919,0.57896,40.714,0
19.807,18.494,0.72188,0.58684,40.841,0
19.888,18.553,0.67341,0.59537,40.968,0
19.957,18.612,0.70139,0.59833,41.103,0
20.035,18.672,0.66503,0.60456,41.235,0
20.102,18.733,0.649,0.6061,41.372,0
20.158,18.793,0.61803,0.60259,41.505,0
20.212,18.853,0.61739,0.59819,41.636,0
20.281,18.913,0.59553,0.6009,41.77,0
20.343,18.973,0.54371,0.60037,41.9,0
20.407,19.033,0.50622,0.60075,42.045,0
20.462,19.093,0.45059,0.59726,42.188,0
20.499,19.153,0.38543,0.58605,42.329,0
20.536,19.212,0.29705,0.57512,42.466,0
20.559,19.269,0.2644,0.5588,42.602,0
20.582,19.325,0.2156,0.54353,42.729,0
20.6,19.38,0.19438,0.52686,42.854,0
20.61,19.432,0.20359,0.50736,42.965,0
20.631,19.483,0.23259,0.49339,43.08,0
20.664,19.532,0.24604,0.48542,43.199,0
20.684,19.581,0.24566,0.47224,43.312,0
20.712,19.628,0.20865,0.46353,43.422,0
20.726,19.674,0.17587,0.44892,43.536,0
20.753,19.719,0.064057,0.44041,43.645,0
20.756,19.763,-0.015397,0.4222,43.744,0
20.761,19.806,-0.03863,0.40581,43.848,0
20.759,19.846,-0.026624,0.3869,43.936,0
20.759,19.885,0,0.36806,44.025,0
20.759,19.922,0,0.34788,44.111,0
20.748,19.956,0.035934,0.33406,44.165,0
20.748,19.99,0,0.32041,44.243,0
20.752,20.022,0.021848,0.30757,44.317,0
20.75,20.053,0.08591,0.29336,44.379,0
20.768,20.082,0.10049,0.2883,44.45,0
20.778,20.111,0.21486,0.27995,44.508,0
20.778,20.139,0,0.27509,44.573,0
20.825,20.166,0.4378,0.27585,44.639,0
20.871,20.194,0.55056,0.28352,44.716,0
20.934,20.222,0.62282,0.29734,44.78,0
20.998,20.252,0.70028,0.31144,44.845,0
20.998,20.283,0,0.32335,44.918,0
21.137,20.315,0.72655,0.34216,45.003,0
21.212,20.35,0.67927,0.35871,45.091,0
21.212,20.386,0,0.37327,45.176,0
21.351,20.423,0.64381,0.38525,45.276,0
21.351,20.461,0,0.39257,45.366,0
21.477,20.501,0.70393,0.40434,45.468,0
21.553,20.541,0.69155,0.41862,45.559,0
21.553,20.583,0,0.4274,45.658,0
21.695,20.626,0.70174,0.44109,45.776,0
21.772,20.67,0.63312,0.45388,45.891,0
21.844,20.715,0.58314,0.46441,46.002,0
21.844,20.762,0,0.46656,46.112,0
21.953,20.808,0.57723,0.46946,46.23,0
22.016,20.855,0.50249,0.47497,46.335,0
22.066,20.903,0.52705,0.47543,46.452,0
22.117,20.95,0.54408,0.47599,46.574,0
22.165,20.998,0.52365,0.47526,46.686,0
22.165,21.045,0,0.47812,46.8,0
22.165,21.093,0,0.47413,46.91,0
22.306,21.141,0.44217,0.47245,47.021,0
22.342,21.188,0.38498,0.46711,47.145,0
22.377,21.235,0.38057,0.46185,47.253,0
22.417,21.281,0.40597,0.45844,47.359,0
22.417,21.327,0,0.45678,47.47,0
22.484,21.372,0.24974,0.44723,47.574,0
22.505,21.417,0.22059,0.43699,47.68,0
22.505,21.461,0,0.43017,47.787,0
22.505,21.504,0,0.41237,47.889,0
22.539,21.545,0.084141,0.39756,47.977,0
22.555,21.585,0.10707,0.38748,48.072,0
22.576,21.623,0.13888,0.3797,48.161,0
22.591,21.661,0.18738,0.37011,48.261,0
22.604,21.698,0.1484,0.36034,48.356,0
22.604,21.734,0,0.35081,48.445,0
22.619,21.77,-0.005498,0.3372,48.521,0
22.615,21.803,-0.097299,0.32187,48.61,0
22.596,21.835,-0.23332,0.30139,48.687,0
22.571,21.866,-0.29082,0.27929,48.769,0
22.544,21.894,-0.25819,0.25707,48.83,0
22.508,21.919,-0.26091,0.23276,48.891,0
22.483,21.943,-0.31315,0.21343,48.946,0.18371
22.461,21.964,-0.28215,0.19607,48.995,0.13429
22.437,21.983,-0.27986,0.17879,49.046,0.18435
22.437,22.001,0,0.15761,49.09,0
22.364,22.017,-0.44171,0.13665,49.122,0.96203
22.322,22.031,-0.47017,0.11457,49.151,1.1707
22.322,22.042,0,0.088819,49.179,0
22.217,22.051,-0.6187,0.065144,49.205,2.1219
22.149,22.058,-0.60812,0.035768,49.216,2.1753
22.092,22.061,-0.50933,0.012009,49.215,1.7388
22.039,22.062,-0.39757,-0.0016722,49.21,1.3269
21.995,22.062,-0.3072,-0.0047598,49.213,1.0699
21.96,22.062,-0.12531,-0.0072146,49.214,0.52909
21.95,22.061,0.046692,-0.0078836,49.195,0.11373
21.946,22.06,0.11437,-0.0080767,49.185,0
21.961,22.059,0.1758,-0.00699,49.172,0
21.987,22.059,0.33029,-0.0050845,49.163,0
22.025,22.058,0.36304,-0.0023205,49.155,0
22.025,22.058,0,-0.00035917,49.152,0.066522
22.079,22.058,0.27793,0.0081679,49.162,0
22.112,22.059,0.26368,0.020752,49.172,0
22.139,22.061,0.24781,0.030832,49.182,0
22.173,22.064,0.33198,0.042954,49.182,0
22.205,22.068,0.44486,0.053565,49.186,0
22.257,22.074,0.49095,0.071932,49.211,0
22.314,22.081,0.50541,0.091478,49.229,0
22.363,22.09,0.51081,0.10726,49.252,0
22.363,22.101,0,0.12533,49.279,0
22.464,22.113,0.46736,0.13779,49.317,0
22.503,22.127,0.47945,0.14737,49.363,0
22.543,22.142,0.50461,0.15724,49.398,0
22.603,22.157,0.50951,0.17467,49.433,0
22.603,22.175,0,0.18723,49.476,0
22.696,22.194,0.36732,0.1965,49.518,0
22.733,22.213,0.38327,0.20338,49.569,0
22.771,22.234,0.39641,0.21014,49.62,0
22.812,22.255,0.39048,0.21758,49.673,0
22.842,22.276,0.42555,0.22099,49.735,0
22.842,22.298,0,0.22632,49.791,0
22.842,22.321,0,0.23226,49.844,0
22.961,22.344,0.39887,0.24035,49.919,0
22.997,22.368,0.38602,0.24478,49.98,0
23.03,22.393,0.37147,0.24782,50.049,0
23.059,22.418,0.37937,0.24939,50.108,0
23.099,22.443,0.33835,0.25511,50.177,0
23.123,22.468,0.26173,0.25438,50.247,0
23.123,22.494,0,0.25828,50.311,0
23.123,22.519,0,0.25454,50.372,0
23.123,22.545,0,0.25042,50.432,0
23.123,22.57,0,0.23951,50.488,0
23.123,22.594,0,0.22993,50.542,0
23.188,22.617,0.098473,0.22095,50.629,0
23.202,22.639,0.12733,0.21766,50.678,0
23.215,22.661,0.18816,0.21393,50.732,0
23.237,22.682,0.26065,0.21418,50.787,0
23.272,22.703,0.25465,0.2194,50.849,0
23.291,22.725,0.28748,0.21812,50.898,0
23.318,22.747,0.31799,4.8,50.949,30.406
23.318,23.227,0,0.044501,50.983,0
23.369,23.232,0.22081,0.051141,50.995,0
23.394,23.237,0.19454,0.058619,51.018,0
23.418,23.243,0.1413,0.06525,51.035,0
23.437,23.249,0.11636,0.070063,51.052,0
23.459,23.256,0.12113,0.075487,51.08,0
23.459,23.264,0,0.075855,51.1,0
23.471,23.271,0.076004,0.074266,51.126,0
23.481,23.279,0.087171,0.075283,51.138,0
23.481,23.286,0,0.075927,51.158,0
23.5,23.294,0.046724,0.076785,51.169,0
23.497,23.302,0.091988,0.072733,51.188,0
23.51,23.309,0.13709,0.074898,51.199,0
23.518,23.316,0.14188,0.074874,51.222,0
23.523,23.324,0.08805,0.073952,51.24,0
23.523,23.331,0,0.076335,51.259,0
23.561,23.339,0.58229,0.082563,51.286,0
23.628,23.347,0.90795,0.10413,51.305,0
23.628,23.357,0,0.13043,51.333,0
23.827,23.371,0.72948,0.16922,51.38,0
23.827,23.387,0,0.18815,51.425,0
23.92,23.406,0.21204,0.19034,51.486,0
23.95,23.425,0.16429,0.19431,51.541,0
23.95,23.445,0,0.19213,51.593,0
23.953,23.464,0.33456,0.18102,51.641,0
23.953,23.482,0,0.18426,51.689,0
24.075,23.5,0.86953,0.21253,51.755,0
24.17,23.522,0.54942,0.23959,51.807,0
24.222,23.546,0.85254,0.25005,51.866,0
24.304,23.571,0.88937,0.27078,51.944,0
24.385,23.598,0.45946,0.29051,52.024,0
24.432,23.627,0.30178,0.29697,52.097,0
24.461,23.657,0.50477,4.8,52.18,26.407
24.461,24.137,0,0.13408,52.237,0
24.544,24.15,0.40733,0.14045,52.269,0
24.588,24.164,0.61817,0.15124,52.304,0
24.645,24.179,0.65276,0.16591,52.352,0
24.645,24.196,0,0.18077,52.398,0
24.765,24.214,0.51769,0.1964,52.437,0
24.811,24.233,0.54526,0.2056,52.488,0
24.873,24.254,0.53736,0.22021,52.542,0
24.927,24.276,0.5255,0.23166,52.609,0
24.984,24.299,0.52974,0.24334,52.681,0
25.031,24.323,0.54558,0.25137,52.75,0
25.031,24.349,0,0.26294,52.819,0
25.031,24.375,0,0.27604,52.886,0
25.208,24.403,0.53963,0.2859,53,0
25.208,24.431,0,0.29546,53.079,0
25.327,24.461,0.54422,0.30717,53.18,0
25.327,24.491,0,0.31204,53.265,0
25.425,24.523,0.50592,4.8,53.357,25.822
25.425,25.003,0,0.16299,53.423,0
25.526,25.019,0.50964,0.17412,53.475,0
25.526,25.036,0,0.1854,53.525,0
25.634,25.055,0.4679,0.19843,53.579,0
25.671,25.075,0.47957,0.20434,53.64,0
25.709,25.095,0.43492,0.21051,53.705,0
25.746,25.116,0.40536,0.21575,53.762,0
25.792,25.138,0.40821,0.22394,53.816,0
25.827,25.16,0.36192,0.2281,53.887,0
25.863,25.183,0.29684,0.23275,53.958,0
25.894,25.206,0.23611,0.23519,54.033,0
25.912,25.23,0.14607,0.23329,54.109,0
25.922,25.253,0.057458,0.22857,54.17,0
25.925,25.276,0.013493,0.22169,54.243,0
25.936,25.298,-0.031783,0.21784,54.304,0
25.933,25.32,-0.053536,0.2091,54.364,0
25.924,25.341,0.0040654,0.19881,54.418,0
25.919,25.361,0.03364,0.1903,54.477,0
25.919,25.38,-0.017847,4.8,54.525,35.729
25.919,25.86,-0.2076,0.019675,54.556,0.45821
25.9,25.862,-0.49287,0.012805,54.568,1.6339
25.86,25.863,-0.81316,-0.0001779,54.562,3.643
25.777,25.863,-1.0469,-0.0060967,54.554,5.9044
25.674,25.862,-1.1276,-0.01331,54.537,7.1427
25.558,25.861,-1.0345,-0.021485,54.508,6.7185
25.462,25.859,-0.80991,-0.028172,54.473,5.1162
25.389,25.856,-0.64917,-0.03317,54.438,4.1717
25.318,25.853,-0.51924,-0.038068,54.379,3.5504
25.268,25.849,-0.47367,-0.041451,54.319,3.4267
25.268,25.845,0,-0.04395,54.261,1.2263
25.268,25.84,0,-0.047728,54.204,1.2028
25.112,25.836,-0.77164,-0.051888,54.125,6.0945
25.112,25.83,0,-0.057341,54.053,1.5566
24.942,25.825,-0.90073,-0.063535,53.955,7.9275
24.856,25.818,-0.76397,-0.06947,53.869,6.9941
24.856,25.811,0,-0.074503,53.773,2.1583
24.715,25.804,-0.55864,-0.079011,53.677,5.8046
24.659,25.796,-0.45752,-0.082787,53.558,5.2423
24.659,25.788,0,-0.085563,53.444,2.6295
24.575,25.779,-0.28996,-0.088214,53.332,4.3743
24.545,25.77,-0.17384,-0.090132,53.205,3.7731
24.518,25.761,-0.025468,-0.091732,53.084,3.0744
24.524,25.752,0.068786,-0.090953,52.951,2.616
24.54,25.743,0.13992,-0.089425,52.831,2.2704
24.552,25.734,0.24894,-0.088144,52.711,1.8412
24.585,25.725,0.29739,-0.085269,52.599,1.5987
24.62,25.717,0.35297,-0.082348,52.482,1.3564
24.65,25.709,0.40805,-0.079699,52.366,1.1467
24.681,25.701,0.41583,-0.076955,52.273,1.0542
24.732,25.693,0.36611,-0.072773,52.165,1.0498
24.764,25.686,0.47623,-0.070032,52.062,0.76261
24.764,25.679,0,-0.065861,51.97,2.0749
24.88,25.672,0.59466,-0.060412,51.898,0.40244
24.95,25.666,0.67195,-0.05479,51.813,0.24669
25.007,25.66,0.77836,-0.050071,51.751,0.15026
25.007,25.655,0,-0.043499,51.685,1.4151
25.149,25.651,0.61774,-0.038595,51.635,0.021876
25.21,25.647,0.78856,-0.033654,51.579,0
25.283,25.644,0.82245,-0.027854,51.54,0
25.357,25.641,0.78179,-0.021919,51.499,0
25.426,25.639,0.87505,-0.016419,51.473,0
25.513,25.637,0.93091,-0.0095833,51.466,0
25.607,25.636,0.78909,-0.0022542,51.454,0
25.607,25.636,0,0.01398,51.451,0.090689
25.766,25.637,0.77733,0.040912,51.456,0
25.847,25.642,0.74534,0.065306,51.47,0
25.847,25.648,0,0.09009,51.49,0
26.017,25.657,0.85277,0.1147,51.538,0
26.097,25.669,0.83443,0.13648,51.572,0
26.19,25.682,0.9104,0.16175,51.628,0
26.282,25.698,0.89541,0.18578,51.676,0
26.379,25.717,0.79166,0.21052,51.734,0
26.379,25.738,0,0.22873,51.799,0
26.528,25.761,0.80344,0.24409,51.872,0
26.608,25.785,0.77167,0.26143,51.949,0
26.608,25.811,0,0.28047,52.03,0
26.764,25.84,0.78406,0.29366,52.132,0
26.834,25.869,0.77691,0.30654,52.226,0
26.905,25.9,0.76276,0.31921,52.318,0
26.979,25.931,0.78628,0.33243,52.422,0
27.066,25.965,0.79811,0.34946,52.529,0
27.15,26,0.79157,0.36499,52.645,0
27.228,26.036,0.78553,0.37797,52.764,0
27.305,26.074,0.78534,0.39033,52.877,0
27.382,26.113,0.73157,0.40214,53.001,0
27.461,26.153,0.74344,0.41434,53.125,0
