20,20,-0.22742,0,35.5,0.61321
20,20,0,-0.0033941,35.5,0
19.98,20,-0.20412,-0.0021448,35.489,0.58116
19.96,19.999,-0.21057,-0.0042554,35.495,0.64558
19.932,19.999,-0.20937,-0.0073595,35.49,0.70595
19.913,19.998,-0.093097,-0.0093604,35.48,0.39184
19.912,19.997,-0.11372,-0.0093211,35.473,0.44878
19.912,19.996,0,-0.010084,35.464,0.15437
19.883,19.995,-0.095486,-0.012262,35.45,0.4532
19.867,19.994,-0.044206,-0.013884,35.438,0.34546
19.864,19.993,-0.084281,-0.014048,35.416,0.45537
19.864,19.991,0,-0.01477,35.403,0.23482
19.844,19.99,0.033799,-0.015975,35.39,0.19553
19.848,19.988,0.040691,-0.015354,35.378,0.16983
19.846,19.987,0.018535,-0.015409,35.371,0.21983
19.853,19.985,0.14663,-0.014521,35.36,0
19.863,19.984,0.30754,-0.01329,35.348,0
19.89,19.982,0.4327,-0.010198,35.343,0
19.89,19.981,0,-0.005902,35.333,0.17981
19.987,19.981,0.73295,0.0020589,35.347,0
19.987,19.981,0,0.026245,35.347,0.044729
19.987,19.984,0,0.051035,35.348,0.10693
20.21,19.989,0.75485,0.076389,35.397,0
20.277,19.996,0.6833,0.096972,35.419,0
20.339,20.006,0.60025,0.11516,35.459,0
20.408,20.018,0.60567,0.13503,35.504,0
20.46,20.031,0.63224,0.14809,35.538,0
20.53,20.046,0.63572,0.16724,35.586,0
20.53,20.063,0,0.18453,35.634,0
20.667,20.081,0.66872,0.20262,35.705,0
20.729,20.101,0.67669,0.21713,35.771,0
20.807,20.123,0.61964,0.23638,35.83,0
20.866,20.147,0.57955,0.24835,35.896,0
20.93,20.172,0.57764,0.26196,35.979,0
20.983,20.198,0.54492,0.27114,36.061,0
21.044,20.225,0.43409,0.28281,36.14,0
21.091,20.253,0.33506,0.28943,36.229,0
21.118,20.282,0.30553,0.28834,36.308,0
21.118,20.311,0,0.28977,36.39,0
21.183,20.34,0.23109,0.29076,36.474,0
21.205,20.369,0.13326,0.2883,36.566,0
21.226,20.398,0.07147,0.28545,36.645,0
21.242,20.426,-0.077916,0.28122,36.736,0
21.235,20.454,-0.25848,0.269,36.809,0
21.208,20.481,-0.36007,0.25006,36.88,0
21.178,20.506,-0.35704,0.23103,36.958,0.045739
21.137,20.529,-0.376,0.20896,37.025,0.2128
21.137,20.55,0,0.19215,37.084,0
21.081,20.57,-0.22492,0.17581,37.127,0
21.064,20.587,-0.1578,0.16383,37.17,0
21.057,20.604,-0.10764,0.15565,37.207,0
21.057,20.619,0,0.14875,37.251,0
21.057,20.634,0.1621,0.1454,37.291,0
21.067,20.649,0.2836,0.1435,37.333,0
21.104,20.663,0.46725,0.15151,37.381,0
21.104,20.678,0,0.16237,37.424,0
21.104,20.694,0,0.1804,37.466,0
21.296,20.712,0.86529,0.20035,37.541,0
21.296,20.732,0,0.22023,37.599,0
21.296,20.754,0,0.24241,37.654,0
21.555,20.779,0.97644,0.26645,37.735,0
21.555,20.805,0,0.29321,37.812,0
21.763,20.835,0.9635,0.31852,37.917,0
21.86,20.866,0.91972,0.34054,38.017,0
21.942,20.901,0.86288,0.35688,38.117,0
22.022,20.936,0.79069,0.37186,38.214,0
22.022,20.973,0,0.38342,38.32,0
22.022,21.012,0,0.39644,38.423,0
22.241,21.051,0.66765,0.40701,38.541,0
22.312,21.092,0.68104,0.41706,38.667,0
22.377,21.134,0.69831,0.42491,38.798,0
22.441,21.176,0.73277,0.43214,38.926,0
22.521,21.219,0.71578,0.44438,39.061,0
22.586,21.264,0.71181,0.4513,39.186,0
22.647,21.309,0.67261,0.45647,39.312,0
22.709,21.355,0.60959,0.46166,39.451,0
22.761,21.401,0.51654,0.46327,39.584,0
22.806,21.447,0.46624,0.46259,39.721,0
22.858,21.493,0.38499,0.46458,39.857,0
22.858,21.54,0,0.46101,39.991,0
22.858,21.586,0,0.45256,40.12,0
22.935,21.631,0.13613,0.44307,40.256,0
22.946,21.676,0.1202,0.43139,40.383,0
22.946,21.719,0,0.41813,40.508,0
22.969,21.761,0.086038,0.40972,40.618,0
22.981,21.801,0.10558,0.39979,40.74,0
22.981,21.841,0,0.38731,40.856,0
22.981,21.88,0,0.38001,40.968,0
23.009,21.918,0.051491,0.36893,41.054,0
23.009,21.955,0,0.35949,41.162,0
23.027,21.991,0.074686,0.34983,41.254,0
23.027,22.026,0,0.34233,41.356,0
23.027,22.06,0,0.33007,41.454,0
23.041,22.093,0.061806,0.31962,41.547,0
23.052,22.125,0.046638,0.31261,41.643,0
23.056,22.156,0.0092406,0.30312,41.738,0
23.047,22.187,-0.034018,0.28978,41.82,0
23.035,22.216,-0.078149,0.27602,41.91,0
23.018,22.243,-0.062896,0.26064,41.984,0
23.021,22.269,-0.11427,0.25302,42.068,0
23.003,22.295,-0.11403,0.23838,42.14,0
22.998,22.319,-0.050858,0.22856,42.203,0
22.991,22.341,-0.018693,0.21848,42.263,0
22.992,22.363,-0.0026209,0.21117,42.318,0
22.983,22.384,0.041803,0.20095,42.387,0
22.994,22.404,0.038532,0.19815,42.447,0
22.995,22.424,-0.010236,0.19147,42.508,0
22.998,22.443,0.031522,0.1863,42.559,0
23.003,22.462,0.067682,0.18153,42.617,0
23.011,22.48,0.097295,0.17793,42.67,0
23.021,22.498,0.10763,0.17525,42.713,0
23.021,22.516,0,0.17604,42.765,0
23.052,22.533,0.031097,0.17396,42.812,0
23.052,22.551,0,0.17085,42.863,0
23.052,22.568,0,0.16834,42.913,0
23.079,22.584,0.099121,0.16556,42.966,0
23.079,22.601,0,0.16208,43.015,0
23.089,22.617,0.20947,0.15799,43.06,0
23.109,22.633,0.26283,0.1593,43.113,0
23.133,22.649,0.24869,0.16208,43.166,0
23.158,22.665,0.24893,0.16501,43.214,0
23.181,22.682,0.31308,0.16717,43.273,0
23.21,22.698,0.38332,0.17128,43.319,0
23.253,22.716,0.4089,0.17992,43.379,0
23.294,22.734,0.43043,0.18767,43.433,0
23.294,22.752,0,0.19346,43.488,0
23.378,22.772,0.42595,0.20268,43.557,0
23.421,22.792,0.31678,0.2104,43.624,0
23.454,22.813,0.27279,0.21428,43.695,0
23.454,22.834,0,0.21803,43.758,0
23.508,22.856,0.23117,0.218,43.82,0
23.525,22.878,0.18251,0.21597,43.876,0
23.538,22.9,0.24088,0.21327,43.948,0
23.564,22.921,0.2559,0.21478,44.005,0
23.564,22.942,0,0.21718,44.068,0
23.61,22.964,0.22505,0.2156,44.139,0
23.61,22.986,0,0.21401,44.203,0
23.653,23.007,0.25213,0.21531,44.267,0
23.683,23.029,0.23128,0.21821,44.332,0
23.683,23.05,0,0.21856,44.397,0
23.683,23.072,0,0.21894,44.459,0
23.752,23.094,0.25275,0.21915,44.531,0
23.774,23.116,0.19125,0.21908,44.589,0
23.795,23.138,0.14326,0.21863,44.661,0
23.813,23.16,0.11969,0.21753,44.719,0
23.825,23.182,0.080421,0.21406,44.779,0
23.825,23.203,0,0.20888,44.842,0
23.837,23.224,0.13036,0.20399,44.893,0
23.837,23.244,0,0.19956,44.953,0
23.857,23.264,0.14872,0.19703,45.014,0
23.857,23.284,0,0.19368,45.072,0
23.885,23.303,0.20539,0.19316,45.14,0
23.904,23.323,0.17807,0.19305,45.197,0
23.918,23.342,0.14717,0.19128,45.251,0
23.924,23.361,0.058641,0.18681,45.304,0
23.932,23.38,-0.02264,0.18325,45.349,0
23.927,23.398,-0.09154,0.17563,45.412,0
23.919,23.416,-0.12263,0.16704,45.473,0
23.914,23.432,-0.15438,0.15977,45.519,0
23.892,23.448,-0.12097,0.14714,45.573,0
23.872,23.463,-0.16876,0.13547,45.615,0
23.863,23.477,-0.1,0.12809,45.645,0
23.857,23.489,-0.0021958,0.12181,45.688,0
23.865,23.502,0.066254,0.12038,45.732,0
23.864,23.514,0.01495,0.11612,45.768,0
23.864,23.525,0,0.1124,45.803,0
23.865,23.536,-0.036357,0.10893,45.826,0
23.865,23.547,-0.11008,0.10524,45.862,0
23.856,23.558,-0.13003,0.098646,45.897,0
23.849,23.568,-0.10074,0.093236,45.926,0
23.83,23.577,-0.091434,0.08384,45.951,0
23.819,23.585,-0.087017,0.077369,45.968,0
23.813,23.593,-0.15438,0.072689,45.981,0.064093
23.803,23.6,-0.24974,0.066868,45.999,0.37655
23.772,23.607,-0.2675,0.054668,46.019,0.49269
23.753,23.613,-0.27735,0.046287,46.03,0.56604
23.753,23.617,0,0.036623,46.043,0
23.694,23.621,-0.17371,0.024029,46.049,0.33496
23.681,23.623,-0.048274,0.019242,46.064,0.026459
23.675,23.625,-0.019234,0.016432,46.063,0
23.677,23.627,0.0119,0.016571,46.076,0
23.688,23.629,0.073609,0.019501,46.073,0
23.703,23.63,0.11146,0.023988,46.071,0
23.712,23.633,0.18017,0.026193,46.079,0
23.731,23.635,0.2943,0.03159,46.086,0
23.76,23.639,0.37962,0.040053,46.093,0
23.76,23.643,0,0.051188,46.105,0
23.831,23.648,0.43699,0.060463,46.123,0
23.865,23.654,0.30868,0.069891,46.15,0
23.893,23.661,0.18549,0.076753,46.167,0
23.906,23.668,0.057113,0.078609,46.2,0
23.902,23.676,-0.091251,0.074667,46.232,0
23.897,23.684,-0.3097,0.070434,46.249,0.5657
23.867,23.691,-0.41289,0.058307,46.259,1.0316
23.831,23.697,-0.53697,0.044364,46.274,1.6853
23.777,23.701,-0.63377,0.02511,46.288,2.3198
23.723,23.704,-0.77859,0.0063027,46.288,3.3511
23.653,23.704,-0.89551,-0.0043571,46.293,4.4491
23.653,23.704,0,-0.011926,46.288,0.080132
23.653,23.703,0,-0.020672,46.283,0.05892
23.327,23.701,-1.435,-0.031647,46.237,11.695
23.176,23.697,-1.5759,-0.044212,46.195,14.552
23.016,23.693,-1.6836,-0.057503,46.136,17.193
22.853,23.687,-1.7766,-0.071081,46.054,19.78
22.672,23.68,-1.8364,-0.086197,45.953,21.961
22.482,23.672,-1.9164,-0.10197,45.852,24.699
22.284,23.661,-1.9087,-0.11861,45.726,25.671
22.284,23.649,0,-0.13542,45.589,3.153
21.886,23.636,-2.0139,-0.1522,45.41,30.317
21.676,23.621,-2.028,-0.17019,45.223,31.855
21.47,23.604,-2.0462,-0.18794,45.029,33.468
21.47,23.585,0,-0.20664,44.816,5.3604
21.05,23.564,-1.9705,-0.22494,44.551,33.974
21.05,23.542,0,-0.24206,44.301,6.5765
21.05,23.518,0,-0.26013,44.053,6.3791
20.468,23.491,-1.8361,-0.27811,43.727,33.912
20.468,23.464,0,-0.2958,43.426,8.2649
20.102,23.434,-1.5648,-0.31327,43.082,29.95
19.954,23.403,-1.2797,-0.32811,42.734,25.342
19.954,23.37,0,-0.34167,42.391,9.7368
19.727,23.336,-0.73548,-0.35188,42.027,18.054
19.646,23.301,-0.59603,-0.36091,41.661,16.521
19.584,23.265,-0.60391,-0.36829,41.287,16.688
19.515,23.228,-0.68858,-0.37628,40.927,17.819
19.437,23.19,-0.73464,-0.38544,40.555,18.539
19.437,23.152,0,-0.39537,40.181,10.672
19.437,23.112,0,-0.40338,39.812,10.443
19.223,23.072,-0.74116,-0.41238,39.394,18.911
19.147,23.03,-0.90447,-0.4222,39.005,21.229
19.055,22.988,-1.0549,-0.43396,38.608,23.631
19.055,22.945,0,-0.44645,38.217,11.092
18.826,22.9,-1.4375,-0.46363,37.798,30.785
18.676,22.854,-1.4996,-0.48295,37.39,32.468
18.521,22.805,-1.4788,-0.50336,36.975,32.551
18.376,22.755,-1.5547,-0.5234,36.541,34.488
18.224,22.703,-1.6441,-0.54505,36.088,36.794
18.069,22.648,-1.7324,-0.56748,35.636,39.168
17.9,22.592,-1.8225,-0.59266,35.167,41.737
17.709,22.532,-1.8647,-0.62121,34.695,43.339
17.531,22.47,-1.8193,-0.64923,34.206,42.745
17.531,22.405,0,-0.67746,33.716,13.921
17.188,22.337,-1.3867,-0.70659,33.199,34.275
17.041,22.267,-1.0871,-0.73328,32.686,29.095
16.94,22.194,-0.81607,-0.75455,32.158,24.812
16.853,22.118,-0.6071,-0.77388,31.641,21.805
16.788,22.041,-0.48492,-0.79032,31.124,20.04
16.732,21.962,-0.47828,-0.80574,30.606,19.688
16.687,21.881,-0.51284,-0.81999,30.085,19.777
16.64,21.799,-0.51809,-0.83456,29.572,19.513
16.591,21.716,-0.49001,-0.84969,29.059,18.848
16.545,21.631,-0.4662,-0.86462,28.548,18.224
16.495,21.544,-0.4628,-0.88025,28.044,17.851
16.439,21.456,-0.41427,-0.89685,27.546,16.991
16.391,21.366,-0.4156,-0.91227,27.054,16.658
16.357,21.275,-0.41928,-0.92487,26.567,16.29
16.323,21.183,-0.4357,-0.93821,26.073,16.05
16.278,21.089,-0.47057,-0.95362,25.583,16.037
16.23,20.994,-0.53224,-0.96908,25.111,16.333
16.172,20.897,-0.6209,-0.98697,24.637,16.97
16.11,20.798,-0.70072,-1.0059,24.165,17.538
16.037,20.697,-0.79084,-1.0271,23.699,18.288
15.96,20.595,-0.83601,-1.0497,23.234,18.497
15.96,20.49,0,-1.074,22.776,9.6461
15.791,20.382,-0.94336,-1.1004,22.301,19.159
15.687,20.272,-1.0133,-1.1301,21.848,19.775
15.687,20.159,0,-1.1578,21.395,8.9052
15.48,20.043,-1.2828,-1.1923,20.932,22.985
15.357,19.924,-1.412,-1.2297,20.475,24.729
15.216,19.801,-1.4773,-1.2732,20.016,25.489
15.058,19.674,-1.4879,-1.3219,19.56,25.314
14.919,19.542,-1.3784,-1.3681,19.091,22.983
14.788,19.405,-1.1268,-1.4121,18.628,18.702
14.677,19.264,-0.91302,-1.4495,18.176,15.456
14.583,19.119,-0.72042,-1.4832,17.715,12.812
14.583,18.97,0,-1.5124,17.269,6.6925
14.449,18.819,-0.54885,-1.5319,16.809,10.102
14.401,18.666,-0.59195,-1.5476,16.374,9.8774
14.333,18.511,-0.6012,-1.57,15.942,9.4099
14.273,18.354,-0.68947,-1.5871,15.528,9.5798
14.198,18.196,-0.76464,-1.6099,15.116,9.67
14.113,18.035,-0.79265,-1.6347,14.718,9.3851
14.029,17.871,-0.79968,-1.6559,14.337,8.9332
13.953,17.706,-0.79518,-1.6727,13.963,8.3869
13.868,17.538,-0.74346,-4.4,13.584,26.808
13.799,17.098,-0.66541,-4.4,13.24,36.843
13.73,16.658,-0.61884,-4.4,12.927,49.777
13.663,16.218,-0.72842,-4.4,12.648,67.151
13.588,15.778,-0.99369,-4.4,12.404,102.31
13.485,15.338,-1.2848,-4.4,12.206,254.01
13.352,14.898,-1.6647,-4.4,12.032,0
13.183,14.458,-2.0229,-4.4,11.891,0
12.987,14.018,-2.2285,-4.4,11.783,0
12.987,13.578,0,-4.4,11.702,316.04
12.521,13.138,-2.3624,-0.26987,11.623,29.16
12.278,13.111,-2.3349,-0.3666,11.559,28.732
12.043,13.075,-2.291,-4.4,11.474,0
11.819,12.635,-2.2364,-0.35419,11.375,26.161
11.591,12.599,-2.0589,-4.4,11.279,0
11.591,12.159,0,-0.32696,11.2,0.48409
11.208,12.126,-1.6161,-0.39617,11.116,13.881
11.051,12.087,-1.2756,-5.2,11.024,0
10.922,11.567,-0.95142,-0.27166,10.934,5.6754
10.827,11.54,-0.69079,-0.30268,10.867,3.8009
10.763,11.509,-0.51163,-0.31936,10.8,2.7784
10.717,11.477,-0.43327,-5.2,10.732,0
10.682,10.957,-0.45978,-0.11392,10.675,1.9174
10.643,10.946,-0.51991,-0.1256,10.646,2.2547
10.594,10.934,-0.84145,-0.14143,10.614,4.348
10.502,10.919,-1.4443,-0.17444,10.582,10.659
10.351,10.902,-2.1037,-0.23167,10.526,22.591
10.134,10.879,-2.5757,-0.31568,10.465,36.047
9.8839,10.847,-2.8694,-5.2,10.375,0
9.5888,10.327,-2.9104,-0.30377,10.3,48.946
9.5888,10.297,0,-0.41855,10.228,0.58565
9.0503,10.255,-1.7362,-5.2,10.09,0
8.8803,9.735,-1.2182,-0.34689,9.9909,8.7272
8.7493,9.7003,-0.81824,-0.38995,9.9059,5.1279
8.6636,9.6613,-0.42772,-5.2,9.7994,997.51
8.6141,9.1413,-0.37361,-0.209,9.7247,1.8989
8.5683,9.1204,-0.33968,-0.22019,9.6754,1.7818
8.5333,9.0984,-0.76696,-0.2268,9.6238,4.1917
8.4511,9.0757,-1.5224,-0.25262,9.5629,12.183
8.2924,9.0504,-2.3653,-5.2,9.5011,0
8.2924,8.5304,0,-0.18086,9.4513,0.11856
7.7528,8.5123,-3.5099,-0.2956,9.3865,83.124
7.4068,8.4828,-3.3722,-0.42329,9.3043,74.311
7.0743,8.4405,-2.9341,-5.2,9.1806,0
6.7737,7.9205,-2.4243,-0.43806,9.0556,32.725
6.5307,7.8766,-1.9521,-5.2,8.93,1481.6
6.3423,7.3566,-1.6324,-0.37396,8.8162,14.985
6.1723,7.3193,-1.4111,-0.42906,8.7095,11.96
6.1723,7.2763,0,-5.2,8.5969,54.053
5.9173,6.7563,-0.9428,-0.30066,8.4833,6.2825
5.8297,6.7263,-0.70446,-0.32522,8.3963,4.4868
5.7498,6.6938,-0.52664,-5.2,8.3107,32.957
5.7069,6.1738,-0.47114,-0.15901,8.2464,2.3966
5.6506,6.1579,-0.44272,-0.17378,8.2046,2.3179
5.6051,6.1405,-0.50973,-0.18497,8.1473,2.7081
5.5515,6.122,-0.51483,-0.19885,8.0879,2.7885
5.4953,6.1021,-0.56433,-5.2,8.0238,24.68
5.4359,5.5821,-0.53536,-0.047137,7.9831,2.1862
5.3764,5.5774,-0.49229,-0.064891,7.971,2.0615
5.3294,5.5709,-0.42969,-0.078283,7.9452,1.8251
5.3294,5.5631,0,-0.091095,7.9214,0.28892
5.232,5.554,-0.43082,-0.10501,7.9001,1.9696
5.1799,5.5435,-0.46794,-0.11928,7.862,2.2234
5.1426,5.5315,-0.49189,-0.12846,7.8195,2.3884
5.1426,5.5187,0,-0.14291,7.7813,0.47487
5.0479,5.5044,-0.49655,-8.8,7.7424,7.9805
4.9912,4.6244,-0.5136,0.37805,7.7466,2.4585
4.9414,4.6622,-0.49562,0.28468,7.7715,2.168
4.89,4.6907,-0.42193,0.20187,7.802,1.6355
4.8542,4.7109,-0.32903,0.14446,7.818,1.1276
4.8542,4.7253,0,0.08976,7.8316,0
4.8542,4.7343,0,0.061339,7.844,0
4.7844,4.7404,-0.1067,0.043991,7.8361,0.26896
4.7844,4.7448,0,0.022285,7.8403,0
4.761,4.747,-0.062133,0.013968,7.8427,0.14339
4.7612,4.7484,-0.13888,0.012786,7.8525,0.34684
4.7612,4.7497,0,-0.00017075,7.8537,0
4.7406,4.7497,-0.087403,-0.0025257,7.8531,0.21733
4.7272,4.7494,-0.12131,-0.0061673,7.8604,0.32822
4.7091,4.7488,-0.047335,-0.011052,7.8515,0.16553
4.7097,4.7477,0.18091,-0.010588,7.8396,0
4.7097,4.7467,0,-0.0041442,7.8359,0.067444
4.7097,4.7462,0,0.0314,7.8322,0.14683
4.7097,4.7494,0,0.11543,7.8284,0.36827
5.0057,4.7609,1.7668,0.2436,7.8672,1.4447
5.1745,4.7853,2.002,0.38542,7.8983,1.7847
5.3836,4.8238,2.1095,0.54962,7.9413,1.5784
5.5848,4.8788,2.1282,0.6846,7.999,1.1655
5.7998,4.9473,2.0835,0.81514,8.0815,0.57956
6.0089,5.0288,2.0217,0.92043,8.1667,0.070445
6.2156,5.1208,2.0124,1.0083,8.2663,0
6.4156,5.2216,2.0654,1.0774,8.3798,0
6.6269,5.3294,2.1152,1.1477,8.5138,0
6.6269,5.4441,0,1.2101,8.6378,1.0085
6.6269,5.5652,0,1.259,8.75,1.6646
7.2586,5.6911,2.1058,1.2973,8.9366,0
7.4641,5.8208,2.1057,1.3316,9.1044,0
7.6798,5.954,2.0698,1.3698,9.2805,0
7.6798,6.0909,0,1.389,9.4462,0.50118
7.6798,6.2298,0,1.4009,9.5981,1.0276
8.266,6.3699,2.0627,1.4124,9.8093,0
8.4774,6.5112,1.8783,1.4378,10.011,0
8.6713,6.6549,1.7106,1.4469,10.212,0
8.8371,6.7996,1.6387,1.4352,10.413,0
8.8371,6.9432,0,1.4229,10.609,0
9.1437,7.0854,1.3437,1.4004,10.819,0
9.1437,7.2255,0,1.3735,11.018,0
9.4146,7.3628,1.3213,1.3535,11.23,0
9.5415,7.4982,1.3045,1.329,11.438,0
9.6697,7.6311,1.2283,1.3079,11.641,0
9.787,7.7619,1.1719,1.2827,11.846,0
9.8995,7.8901,1.1138,1.2567,12.043,0
10.012,8.0158,1.1199,1.2346,12.25,0
10.119,8.1393,1.1086,1.2099,12.441,0
10.236,8.2603,1.1364,1.1955,12.648,0
10.348,8.3798,1.2329,1.1797,12.853,0
10.348,8.4978,0,1.1713,13.044,0
10.609,8.6149,1.3083,1.1735,13.264,0
10.749,8.7323,1.3347,1.1765,13.468,0
10.749,8.8499,0,1.1762,13.664,0
11.02,8.9675,1.3482,1.1767,13.889,0
11.156,9.0852,1.3008,1.1775,14.097,0
11.156,9.2029,0,1.1804,14.298,0
11.421,9.321,1.2384,1.1737,14.514,0
11.544,9.4383,1.2156,1.1681,14.731,0
11.672,9.5552,1.2283,1.1652,14.943,0
11.801,9.6717,1.2791,1.1631,15.158,0
11.939,9.788,1.1728,1.1666,15.379,0
12.05,9.9047,1.0351,1.1548,15.591,0
12.147,10.02,0.88249,1.1363,15.8,0
12.226,10.134,0.72542,1.1097,16.003,0
12.298,10.245,0.57713,1.081,16.201,0
12.298,10.353,0,1.0477,16.401,0
12.424,10.458,0.7776,1.0223,16.6,0
12.504,10.56,0.81934,1.0049,16.792,0
12.582,10.66,0.80191,0.98699,16.981,0
12.659,10.759,0.72023,0.9709,17.173,0
12.659,10.856,0,0.95497,17.358,0
12.798,10.952,0.4735,0.9341,17.552,0
12.851,11.045,0.41604,0.90866,17.734,0
12.889,11.136,0.42769,0.87841,17.92,0
12.935,11.224,0.4692,0.85367,18.093,0
12.978,11.309,0.53673,0.82898,18.264,0
13.04,11.392,0.62737,0.81525,18.436,0
13.1,11.474,0.65279,0.80151,18.597,0
13.169,11.554,0.56579,0.79284,18.768,0
13.221,11.633,0.40807,0.77658,18.924,0
13.271,11.711,0.16702,0.7599,19.076,0
13.294,11.787,-0.1143,0.73183,19.235,0
13.274,11.86,-0.29142,0.68387,19.386,0
13.24,11.928,-0.39005,0.63252,19.531,0
13.196,11.991,-0.46982,0.57901,19.66,0.31807
13.196,12.049,0,0.53168,19.778,0
13.099,12.102,-0.44665,0.4767,19.883,0.41787
13.053,12.15,-0.44792,0.43091,19.976,0.51894
13.011,12.193,-0.50542,0.38923,20.064,0.88176
12.964,12.232,-0.53953,0.34799,20.149,1.1444
12.964,12.267,0,0.30198,20.221,0
12.847,12.297,-0.65858,0.26086,20.283,2.0043
12.777,12.323,-0.75231,0.21503,20.333,2.7044
12.706,12.345,-0.75966,0.17085,20.379,2.8564
12.634,12.362,-0.74369,0.12835,20.406,2.8482
12.555,12.375,-0.69649,0.084955,20.423,2.644
12.478,12.383,-0.61236,0.04486,20.446,2.2325
12.409,12.388,-0.49001,0.010129,20.455,1.6642
12.355,12.389,-0.43081,-0.0054863,20.459,1.4917
12.318,12.388,-0.3815,-0.011289,20.454,1.3585
12.282,12.387,-0.36378,-0.016953,20.446,1.3652
12.253,12.385,-0.39071,-0.021327,20.436,1.5484
12.253,12.383,0,-0.026054,20.423,0.21487
12.179,12.381,-0.47428,-0.03268,20.405,2.1268
12.134,12.377,-0.57141,-0.039532,20.387,2.7742
12.068,12.373,-0.73217,-0.049641,20.362,3.9969
12.003,12.368,-0.92949,-0.059478,20.322,5.7539
11.902,12.362,-1.1133,-0.075298,20.279,7.8689
11.79,12.355,-1.3748,-0.09253,20.229,11.391
11.657,12.346,-1.5719,-0.11342,20.163,14.794
11.5,12.334,-1.8406,-0.13818,20.082,20.208
11.316,12.32,-1.843,-0.16738,19.998,21.083
