18.333,18.333,0.28209,0,35.5,0
18.353,18.333,-0.085555,0.0077878,35.496,0.17423
18.336,18.334,-0.032457,0.00065381,35.499,0.06887
18.329,18.334,-0.11701,-0.00055377,35.5,0.2926
18.329,18.334,0,-0.0017431,35.499,0.0076628
18.311,18.334,-0.03474,-0.0022396,35.492,0.11931
18.314,18.334,0.043417,-0.0019823,35.492,0
18.323,18.334,0.188,-0.0010012,35.5,0
18.343,18.333,0.34022,0.0039986,35.494,0
18.369,18.334,0.4104,0.0139,35.498,0
18.417,18.335,0.47771,0.03263,35.51,0
18.458,18.338,0.52648,0.048024,35.523,0
18.508,18.343,0.51241,0.065875,35.532,0
18.508,18.35,0,0.080637,35.548,0
18.508,18.358,0,0.094567,35.563,0
18.508,18.367,0,0.10535,35.578,0
18.678,18.378,0.38845,0.1202,35.624,0
18.678,18.39,0,0.13076,35.654,0
18.758,18.403,0.33438,0.14172,35.684,0
18.758,18.417,0,0.14966,35.719,0
18.758,18.432,0,0.15675,35.752,0
18.84,18.448,0.10843,0.15644,35.8,0
18.859,18.463,0.00022511,0.1579,35.842,0
18.86,18.479,-0.077092,0.1519,35.877,0
18.862,18.494,-0.14382,0.14661,35.91,0
18.856,18.509,-0.20863,0.13812,35.948,0.10103
18.844,18.523,-0.22849,0.12807,35.981,0.19521
18.844,18.536,0,0.11291,36.012,0
18.79,18.547,-0.2045,0.096511,36.027,0.22275
18.767,18.557,-0.17827,0.083722,36.052,0.18525
18.747,18.565,-0.17355,0.072277,36.075,0.20834
18.747,18.572,0,0.063785,36.093,0
18.747,18.579,0,0.051215,36.11,0
18.697,18.584,-0.16363,0.045203,36.124,0.26676
18.684,18.588,-0.12219,0.037856,36.125,0.17425
18.663,18.592,-0.090045,0.028052,36.135,0.12136
18.655,18.595,-0.037943,0.024078,36.133,0.008744
18.655,18.597,-0.00063133,0.022789,36.145,0
18.651,18.6,0.045213,0.02035,36.155,0
18.664,18.602,0.085406,0.024794,36.162,0
18.679,18.604,0.12244,0.029938,36.173,0
18.679,18.607,0,0.031189,36.181,0
18.705,18.61,0.23846,0.037759,36.178,0
18.731,18.614,0.28064,0.046367,36.193,0
18.752,18.619,0.3235,0.052998,36.207,0
18.792,18.624,0.37937,0.066583,36.215,0
18.825,18.631,0.40426,0.077199,36.243,0
18.872,18.638,0.41093,0.092881,36.269,0
18.872,18.648,0,0.10864,36.292,0
18.966,18.658,0.40361,0.12201,36.32,0
19.008,18.671,0.37106,0.13376,36.358,0
19.054,18.684,0.29965,0.14693,36.394,0
19.054,18.699,0,0.15099,36.43,0
19.104,18.714,0.12089,0.15469,36.463,0
19.117,18.729,0.028095,0.15353,36.495,0
19.117,18.745,0,0.14882,36.533,0
19.12,18.76,-0.075328,0.14277,36.574,0
19.118,18.774,-0.13011,0.13624,36.6,0
19.115,18.787,-0.17584,0.12939,36.63,0.025628
19.087,18.8,-0.2079,0.11334,36.66,0.17318
19.087,18.812,0,0.1043,36.688,0
19.042,18.822,-0.2789,0.086872,36.713,0.4947
19.014,18.831,-0.27504,0.072411,36.731,0.53025
19.014,18.838,0,0.056203,36.749,0
18.965,18.844,-0.27899,0.047725,36.771,0.62833
18.929,18.848,-0.3038,0.031695,36.788,0.77355
18.929,18.852,0,0.015773,36.796,0
18.929,18.853,0,0.0020076,36.804,0
18.821,18.853,-0.3123,-0.0031353,36.8,0.99605
18.78,18.853,-0.29952,-0.0070052,36.8,1.0468
18.752,18.852,-0.27624,-0.0096567,36.785,1.0256
18.716,18.851,-0.28245,-0.013112,36.779,1.1387
18.685,18.85,-0.27509,-0.015948,36.76,1.1833
18.648,18.849,-0.28005,-0.019402,36.744,1.2931
18.628,18.847,-0.26951,-0.021108,36.715,1.295
18.628,18.844,0,-0.024293,36.693,0.40823
18.56,18.842,-0.23954,-0.027302,36.665,1.3364
18.539,18.839,-0.25513,-0.029109,36.644,1.4455
18.539,18.836,0,-0.031783,36.614,0.57389
18.488,18.833,-0.29139,-0.033615,36.563,1.7165
18.462,18.83,-0.29432,-0.03589,36.52,1.7898
18.462,18.826,0,-0.037877,36.484,0.71559
18.414,18.822,-0.29566,-0.039951,36.439,1.9039
18.378,18.818,-0.27925,-0.043167,36.394,1.9164
18.354,18.814,-0.26396,-0.045188,36.345,1.9009
18.322,18.81,-0.28413,-0.047958,36.306,2.066
18.294,18.805,-0.30389,-0.050304,36.259,2.2213
18.267,18.8,-0.2616,-0.052602,36.201,2.0845
18.245,18.795,-0.23933,-0.054364,36.149,2.0287
18.223,18.789,-0.24285,-0.056152,36.084,2.0885
18.202,18.783,-0.23503,-0.057774,36.034,2.0938
18.172,18.778,-0.2373,-0.060362,35.972,2.1696
18.144,18.772,-0.27417,-0.062727,35.915,2.4027
18.119,18.765,-0.33178,-0.064674,35.861,2.7413
18.093,18.759,-0.3597,-0.066852,35.795,2.9468
18.06,18.752,-0.36591,-0.069615,35.734,3.0568
18.031,18.745,-0.38983,-0.072093,35.662,3.2572
18.002,18.738,-0.38043,-0.074502,35.593,3.2694
17.963,18.731,-0.34497,-0.077941,35.523,3.167
17.923,18.723,-0.3491,-0.081348,35.455,3.2831
17.923,18.715,0,-0.084307,35.375,1.6606
17.856,18.706,-0.31269,-0.087113,35.291,3.2325
17.825,18.698,-0.29039,-0.089776,35.195,3.1772
17.793,18.689,-0.29899,-0.092391,35.113,3.2884
17.793,18.679,0,-0.095123,35.024,1.8839
17.74,18.67,-0.27517,-0.096715,34.918,3.2577
17.714,18.66,-0.27491,-0.098754,34.826,3.3015
17.689,18.65,-0.29667,-0.10078,34.721,3.4631
17.666,18.64,-0.30523,-0.10251,34.631,3.5473
17.644,18.63,-0.30803,-0.10418,34.537,3.597
17.644,18.62,0,-0.10699,34.439,2.0923
17.582,18.609,-0.31,-0.10947,34.336,3.729
17.541,18.598,-0.32431,-0.11311,34.239,3.9009
17.508,18.587,-0.32623,-0.11584,34.142,3.975
17.486,18.575,-0.31374,-0.11758,34.032,3.9328
17.452,18.563,-0.31325,-0.1205,33.918,3.9932
17.422,18.551,-0.2896,-0.12302,33.81,3.9079
17.401,18.539,-0.25569,-0.12463,33.688,3.7384
17.372,18.526,-0.22653,-0.12698,33.579,3.6228
17.346,18.514,-0.22201,-0.12911,33.471,3.6364
17.325,18.501,-0.21988,-0.13058,33.361,3.6445
17.305,18.488,-0.21781,-0.13198,33.25,3.6507
17.305,18.475,0,-0.1342,33.132,2.5546
17.258,18.461,-0.19893,-0.13556,33.028,3.6026
17.247,18.448,-0.18676,-0.13588,32.912,3.5254
17.227,18.434,-0.18416,-0.13738,32.783,3.5264
17.199,18.42,-0.20158,-0.13984,32.654,3.6572
17.179,18.406,-0.20984,-0.14129,32.528,3.7147
17.149,18.392,-0.22557,-0.14398,32.401,3.8445
17.118,18.378,-0.24972,-0.14662,32.28,4.0242
17.103,18.363,-0.28495,-0.14754,32.147,4.2253
17.067,18.348,-0.30221,-0.15086,32.019,4.3885
17.067,18.333,0,-0.15454,31.892,2.7616
17.067,18.318,0,-0.158,31.766,2.7005
16.951,18.302,-0.32617,-0.1621,31.614,4.7387
16.913,18.286,-0.22297,-0.16558,31.484,4.1776
16.884,18.269,-0.17844,-0.16826,31.337,3.9602
16.874,18.252,-0.14828,-0.16842,31.204,3.7725
16.861,18.236,0.044758,-0.16899,31.067,2.8394
16.869,18.219,0.19843,-0.16708,30.924,2.1887
16.869,18.202,0,-0.16261,30.789,2.9336
16.917,18.186,0.13062,-0.15903,30.66,2.2371
16.917,18.17,0,-0.15536,30.534,2.7199
16.961,18.154,0.24073,-0.15137,30.396,1.702
16.991,18.139,0.20449,-0.1465,30.27,1.7135
16.991,18.124,0,-0.1432,30.156,2.4108
17.043,18.11,0.46834,-0.1376,30.046,0.92958
17.087,18.096,0.50024,-0.13091,29.939,0.78564
17.087,18.083,0,-0.12234,29.839,2.0958
17.087,18.071,0,-0.11443,29.74,2.0906
17.257,18.06,0.62759,-0.10543,29.655,0.35686
17.32,18.049,0.61738,-0.096141,29.572,0.27348
17.381,18.039,0.59888,-0.087188,29.509,0.20053
17.435,18.031,0.59896,-0.079077,29.443,0.1268
17.49,18.023,0.59783,-0.070911,29.383,0.056283
17.551,18.016,0.59694,-0.061985,29.342,0
17.551,18.01,0,-0.052756,29.296,0.90017
17.675,18.004,0.5118,-0.04406,29.263,0
17.675,18,0,-0.03736,29.23,0.62308
17.755,17.996,0.28807,-0.032367,29.197,0
17.784,17.993,0.17213,-0.028022,29.176,0.03007
17.796,17.99,0.032436,-0.026097,29.165,0.27796
17.8,17.987,-0.081436,-0.025272,29.143,0.55768
17.789,17.985,-0.15358,-0.026447,29.133,0.79608
17.773,17.982,-0.1789,-0.028269,29.113,0.90963
17.755,17.979,-0.17042,-0.030234,29.098,0.91248
17.73,17.976,-0.16853,-0.033269,29.08,0.95512
17.708,17.973,-0.17541,-0.035775,29.061,1.0196
17.684,17.97,-0.18925,-0.038673,29.033,1.116
17.66,17.966,-0.17399,-0.041433,29.013,1.1066
17.66,17.962,0,-0.042129,28.982,0.55712
17.633,17.957,-0.1366,-0.044063,28.943,1.0169
17.622,17.953,-0.11281,-0.045104,28.91,0.95295
17.603,17.948,-0.0955,-0.047022,28.887,0.92619
17.602,17.944,-0.065387,-0.046621,28.847,0.82438
17.597,17.939,-0.032085,-0.046752,28.814,0.72684
17.597,17.934,0,-0.046273,28.78,0.62807
17.597,17.93,0,-0.045156,28.747,0.62029
17.602,17.925,0.17804,-0.04445,28.714,0.20535
17.602,17.921,0,-0.041872,28.682,0.59752
17.631,17.917,0.25178,-0.039459,28.647,0.028988
17.631,17.913,0,-0.036227,28.619,0.52759
17.672,17.909,0.28481,-0.032769,28.591,0
17.705,17.906,0.25258,-0.027775,28.566,0
17.728,17.903,0.21618,-0.024219,28.541,0
17.747,17.901,0.20382,-0.021292,28.521,0
17.761,17.898,0.17749,-0.019141,28.509,0
17.779,17.897,0.15607,-0.0163,28.492,0
17.798,17.895,0.17272,-0.013477,28.481,0
17.818,17.894,0.16282,-0.010519,28.476,0
17.837,17.892,0.11528,-0.0076653,28.469,0
17.855,17.892,0.069771,-0.0051332,28.469,0
17.857,17.891,-0.00038374,-0.0048215,28.462,0.062069
17.865,17.891,-0.11722,-0.0035736,28.46,0.33222
17.846,17.89,-0.22366,-0.0061287,28.449,0.69616
17.821,17.89,-0.30087,-0.0096117,28.45,1.0318
17.796,17.889,-0.36558,-0.012901,28.448,1.3522
17.76,17.887,-0.38822,-0.017705,28.447,1.5376
17.76,17.886,0,-0.02357,28.435,0.21094
17.686,17.883,-0.3398,-0.027557,28.424,1.5001
17.661,17.881,-0.36228,-0.03066,28.408,1.6543
17.63,17.878,-0.38379,-0.03459,28.39,1.8242
17.601,17.874,-0.38918,-0.038196,28.372,1.9157
17.601,17.87,0,-0.044309,28.345,0.47799
17.504,17.866,-0.42909,-0.050701,28.305,2.3472
17.504,17.861,0,-0.056276,28.269,0.64632
17.415,17.855,-0.39451,-0.061979,28.223,2.3807
17.372,17.849,-0.39743,-0.067365,28.18,2.4953
17.33,17.842,-0.3959,-0.072449,28.133,2.581
17.3,17.835,-0.39071,-0.075892,28.081,2.6153
17.3,17.827,0,-0.080791,28.028,0.98711
17.214,17.819,-0.34677,-0.086332,27.959,2.5747
17.214,17.811,0,-0.09022,27.899,1.1298
17.154,17.802,-0.33311,-0.09307,27.829,2.6172
17.12,17.792,-0.31258,-0.096895,27.765,2.5776
17.092,17.783,-0.29815,-0.099885,27.69,2.5518
17.055,17.773,-0.25837,-0.10422,27.623,2.4298
17.03,17.762,-0.21861,-0.10671,27.541,2.2798
17.017,17.752,-0.18563,-0.10754,27.471,2.1401
17.006,17.741,-0.17837,-0.10782,27.406,2.1062
17.006,17.73,0,-0.11044,27.334,1.3922
16.963,17.719,-0.16565,-0.11183,27.266,2.1017
16.944,17.708,-0.17065,-0.11329,27.2,2.1391
16.944,17.696,0,-0.11344,27.124,1.4574
16.925,17.685,-0.1331,-0.11361,27.044,1.9693
16.903,17.674,-0.13639,-0.11575,26.968,2.0075
16.897,17.662,-0.14509,-0.1154,26.89,2.0284
16.877,17.651,-0.13166,-0.11718,26.805,1.9909
16.877,17.639,0,-0.11819,26.729,1.4674
16.844,17.627,-0.15058,-0.11953,26.653,2.0871
16.838,17.615,-0.15172,-0.11919,26.572,2.0766
16.825,17.603,-0.13734,-0.11979,26.501,2.0177
16.806,17.591,-0.13714,-0.12136,26.423,2.0314
16.806,17.579,0,-0.1236,26.345,1.4793
16.764,17.567,-0.11136,-0.1252,26.255,1.9634
16.75,17.554,-0.084477,-0.12594,26.176,1.8592
16.75,17.542,-0.076256,-0.12455,26.087,1.7971
16.75,17.529,0,-0.12315,26.009,1.4963
16.737,17.517,-0.066818,-0.12368,25.934,1.7313
16.738,17.505,-0.06952,-0.12201,25.861,1.7098
16.735,17.492,-0.092807,-0.12111,25.777,1.7747
16.735,17.48,0,-0.12026,25.702,1.4159
16.713,17.468,-0.12481,-0.12172,25.628,1.8902
16.713,17.456,0,-0.1206,25.553,1.4087
16.713,17.444,0,-0.12207,25.48,1.3727
16.713,17.432,0,-0.12332,25.407,1.3373
16.663,17.419,-0.15043,-0.12403,25.329,1.9899
16.653,17.407,-0.1367,-0.12413,25.259,1.9272
16.644,17.395,-0.12168,-0.12395,25.186,1.8561
16.644,17.382,0,-0.12457,25.111,1.3835
16.644,17.37,0,-0.12649,25.038,1.3453
16.591,17.357,-0.11963,-0.12832,24.95,1.8784
16.591,17.344,0,-0.13007,24.874,1.4069
16.591,17.331,0,-0.13141,24.8,1.369
16.547,17.318,-0.11145,-0.13066,24.736,1.8513
16.54,17.305,-0.12405,-0.13016,24.662,1.885
16.534,17.292,-0.12874,-0.12963,24.577,1.8859
16.534,17.279,0,-0.13155,24.502,1.3809
16.503,17.266,-0.13125,-0.1316,24.417,1.9014
16.499,17.253,-0.13115,-0.13057,24.34,1.878
16.485,17.24,-0.12347,-0.13146,24.255,1.8483
16.476,17.227,-0.12738,-0.13122,24.175,1.8505
16.476,17.213,0,-0.13347,24.1,1.3531
16.431,17.2,-0.12821,-0.13578,24.01,1.8902
16.411,17.186,-0.11742,-0.1375,23.943,1.8609
16.394,17.173,-0.11268,-0.13871,23.859,1.8466
16.387,17.159,-0.10776,-0.13823,23.779,1.8112
16.37,17.145,-0.10808,-0.13924,23.705,1.8155
16.36,17.131,-0.11625,-0.13921,23.626,1.8364
16.354,17.117,-0.13178,-0.13856,23.547,1.879
16.354,17.103,0,-0.13841,23.471,1.3705
16.328,17.09,-0.11811,-0.13956,23.377,1.8152
16.314,17.076,-0.11216,-0.14019,23.308,1.7911
16.3,17.062,-0.11541,-0.14065,23.239,1.8002
16.3,17.047,0,-0.13992,23.163,1.3587
16.278,17.033,-0.18135,-0.1409,23.081,2.047
16.26,17.019,-0.18435,-0.14238,23.005,2.0669
16.26,17.005,0,-0.14521,22.929,1.3381
16.215,16.991,-0.24792,-0.14665,22.858,2.3781
16.182,16.976,-0.27128,-0.15079,22.785,2.5277
16.182,16.961,0,-0.15386,22.706,1.3969
16.133,16.945,-0.3807,-0.15592,22.619,3.1233
16.089,16.93,-0.51028,-0.16194,22.542,3.9513
16.089,16.914,0,-0.16925,22.459,1.4642
15.983,16.897,-0.78034,-0.17812,22.352,6.1209
15.9,16.879,-0.98735,-0.19215,22.253,8.231
15.807,16.86,-1.1952,-0.208,22.145,10.783
15.807,16.839,0,-0.22913,22.041,1.8138
15.807,16.816,0,-0.25293,21.939,1.6751
15.403,16.791,-1.6129,-0.28042,21.783,18.107
15.235,16.763,-1.7203,-0.31183,21.63,20.59
15.235,16.732,0,-0.3455,21.479,2.6874
14.864,16.697,-1.7791,-0.38209,21.296,22.957
14.684,16.659,-1.5126,-0.41676,21.11,18.708
14.684,16.617,0,-0.44481,20.914,3.5942
14.42,16.573,-0.74839,-0.46698,20.69,9.4749
14.342,16.526,-0.353,-0.48018,20.481,6.2897
14.305,16.478,-0.12801,-0.48486,20.26,4.8353
14.292,16.429,-0.11943,-0.48421,20.036,4.6677
14.281,16.381,-0.18103,-0.48256,19.827,4.8843
14.257,16.333,-0.24392,-0.48357,19.623,5.1544
14.257,16.284,0,-0.48379,19.418,3.719
14.205,16.236,-0.39935,-0.48658,19.222,5.9577
14.161,16.187,-0.51937,-0.49229,19.019,6.7594
14.113,16.138,-0.68234,-0.49964,18.808,8.0223
14.041,16.088,-0.8622,-0.51237,18.605,9.7029
13.953,16.037,-1.0545,-0.52965,18.393,11.822
13.853,15.984,-1.2686,-0.55036,18.176,14.592
13.722,15.929,-1.4689,-0.5796,17.953,17.696
13.582,15.871,-1.6673,-0.61143,17.729,21.238
13.582,15.81,0,-0.65322,17.504,3.629
13.582,15.744,0,-0.69875,17.284,3.2629
13.011,15.675,-2.3389,-0.75283,16.992,37.638
12.776,15.599,-2.5052,-0.81495,16.724,43.066
12.522,15.518,-2.6695,-0.88449,16.441,49.02
12.249,15.429,-2.8179,-0.96252,16.136,54.965
11.972,15.333,-2.8937,-1.0449,15.809,58.297
11.693,15.229,-2.9984,-1.1326,15.457,62.96
11.693,15.115,0,-1.2269,15.109,4.89
11.082,14.993,-3.1584,-1.3359,14.715,70.646
10.775,14.859,-3.2085,-1.4461,14.313,73.049
10.775,14.714,0,-1.567,13.912,5.0778
10.775,14.558,0,-1.6994,13.526,4.2356
9.769,14.388,-3.6008,-1.8499,13.006,96.082
9.769,14.203,0,-2.0131,12.554,4.9141
9.0237,14.002,-3.9634,-2.1943,12.055,127.46
8.6247,13.782,-4.1081,-5.259,11.556,0
8.2172,13.256,-4.1238,-5.2737,11.04,8.6861
7.8085,12.729,-4.1523,-5.301,10.538,8.1245
7.3946,12.199,-4.1374,-5.2847,10.058,7.6839
7.3946,11.67,0,-5.287,9.6045,77.37
6.556,11.142,-4.1359,-5.2882,9.1241,6.9914
6.1384,10.613,-4.1442,-5.2992,8.6669,6.7456
5.7169,10.083,-4.1031,-5.261,8.2312,6.5172
5.3051,9.5567,-3.9982,-5.2,7.8047,6.1905
4.9105,9.0367,-3.851,-5.2,7.3955,5.6241
4.5317,8.5167,-3.7785,-5.2,6.9942,5.1823
4.1533,7.9967,-3.7147,-5.2,6.6069,4.7581
4.1533,7.4767,0,-5.2,6.2486,13.955
4.1533,6.9567,0,-5.2,5.9422,12.889
3.0573,6.4367,-3.6611,-5.2,5.5137,3.6942
2.686,5.9167,-3.6289,-8.8,5.1782,0
2.686,5.0367,0,-8.8,4.8991,0
2.686,4.1567,0,-8.8,4.708,0
1.6275,3.2767,-3.3687,-8.8,4.4326,0
1.2993,2.3967,-3.2336,-8.8,4.3042,0
0.96766,1.5167,-3.0775,-8.8,4.2207,0
0.96766,0.63675,0,-8.8,4.2098,0
0.37789,0,-2.0833,-8.8,4.2278,0
0.37789,0,0,-8.8,4.3096,0
0.042071,0,-0.36718,-8.8,4.3551,0
0.0064895,0,0.44883,-8.8,4.41,0
0.057613,0,1.2493,-8.8,4.465,0
0.057613,0,0,-8.8,4.5147,0
0.057613,0,0,-8.8,4.5645,0
0.39035,0,0.81114,-8.8,4.6761,0
0.4803,0,0.57777,-8.8,4.7731,0
0.53654,0,0.48913,-8.8,4.8684,0
0.58193,0,0.32309,-8.8,4.9591,0
0.61198,0,0.30699,0.30699,5.0706,0
0.64224,0.030699,0.14583,0.14583,5.1239,0
0.66488,0.045282,0.13058,0.13058,5.1856,0
0.67178,0.05834,-0.045575,-0.045575,5.2537,0
0.6595,0.053783,-0.072629,-0.072629,5.3247,0
0.64971,0.04652,0.045444,0.045444,5.3788,0
0.64971,0.051064,0,0.041589,5.4389,0
0.64162,0.055223,0.054778,0.054778,5.5115,0
0.65006,0.060701,0.084677,0.084677,5.5739,0
0.65709,0.069168,0.038629,0.038629,5.6405,0
0.65709,0.073031,0,0.028743,5.6991,0
0.67186,0.075906,0.057416,0.057416,5.7666,0
0.68261,0.081647,0.056405,0.056405,5.8335,0
0.6831,0.087288,0.047012,0.047012,5.8907,0
0.69608,0.091989,0.05053,0.05053,5.9436,0
0.70215,0.097042,0.0568,0.0568,5.9945,0
0.71639,0.10272,0.047806,0.047806,6.0538,0
0.71216,0.1075,0.047602,0.047602,6.1093,0
0.71475,0.11226,0.053147,0.053147,6.16,0
0.71537,0.11758,0.043154,0.043154,6.2188,0
0.72963,0.12189,0.043977,0.043977,6.2714,0
0.74223,0.12629,0.054152,0.054152,6.3297,0
0.73814,0.13171,0.048689,0.048689,6.3959,0
0.73814,0.13657,0,0.047251,6.4563,0
0.75005,0.1413,0.054124,0.054124,6.5314,0
0.74693,0.14671,0.05384,0.05384,6.5967,0
0.75782,0.1521,0.048713,0.048713,6.6526,0
0.75391,0.15697,0.053252,0.053252,6.7219,0
0.76665,0.16229,0.05619,0.05619,6.7812,0
0.76665,0.16791,0,0.053936,6.8414,0
0.78331,0.17331,0.054721,0.054721,6.9073,0
0.79038,0.17878,0.058716,0.058716,6.9671,0
0.79038,0.18465,0,0.0505,7.0279,0
0.79769,0.1897,0.047088,0.047088,7.0876,0
0.79779,0.19441,0.052183,0.052183,7.1563,0
0.79779,0.19963,0,0.049564,7.2164,0
0.81026,0.20458,0.045179,0.045179,7.285,0
0.81026,0.2091,0,0.055156,7.3454,0
0.8134,0.21462,0.057042,0.057042,7.4189,0
0.82416,0.22032,0.052021,0.052021,7.4779,0
0.83746,0.22552,0.051818,0.051818,7.5416,0
0.85214,0.2307,0.052214,0.052214,7.6122,0
0.85214,0.23593,0,0.049072,7.6741,0
0.84509,0.24083,0.046979,0.046979,7.7259,0
0.84267,0.24553,0.04842,0.04842,7.7794,0
0.84148,0.25037,0.05197,0.05197,7.8398,0
0.85588,0.25557,0.05249,0.05249,7.8916,0
0.85588,0.26082,0,0.052219,7.9514,0
0.86214,0.26604,0.052963,0.052963,8.0127,0
0.87471,0.27134,0.051546,0.051546,8.0796,0
0.88211,0.27649,0.046604,0.046604,8.1322,0
0.89358,0.28115,0.04774,0.04774,8.1852,0
0.89358,0.28593,0,0.046822,8.2462,0
0.89358,0.29061,0,0.044901,8.3067,0
0.91669,0.2951,0.049668,0.049668,8.3613,0
0.92488,0.30006,0.049381,0.049381,8.4225,0
0.93889,0.305,0.046599,0.046599,8.4852,0
0.93823,0.30966,0.048239,0.048239,8.5387,0
0.93823,0.31449,0,0.051484,8.6014,0
0.94708,0.31964,0.045103,0.045103,8.6646,0
0.9467,0.32415,0.044715,0.044715,8.7284,0
0.9467,0.32862,0,0.048234,8.7905,0
0.96152,0.33344,0.047764,0.047764,8.8498,0
0.96186,0.33822,0.044383,0.044383,8.9176,0
0.96857,0.34265,0.046018,0.046018,8.9708,0
0.96877,0.34726,0.048588,0.048588,9.0386,0
0.97511,0.35212,0.048546,0.048546,9.1079,0
0.97511,0.35697,0,0.047073,9.1699,0
0.97511,0.36168,0,0.047449,9.2315,0
0.97511,0.36642,0,0.049328,9.2926,0
0.97038,0.37136,0.051191,0.051191,9.3703,0
0.97038,0.37647,0,0.049542,9.43,0
0.99845,0.38143,0.0494,0.0494,9.491,0
1.0095,0.38637,0.05146,0.05146,9.544,0
1.0174,0.39151,0.050263,0.050263,9.6027,0
1.0184,0.39654,0.048303,0.048303,9.6712,0
1.0271,0.40137,0.04837,0.04837,9.7245,0
1.0287,0.40621,0.050887,0.050887,9.7823,0
1.0287,0.4113,0,0.052329,9.8443,0
1.0281,0.41653,0.054673,0.054673,9.9129,0
1.0311,0.422,0.05572,0.05572,9.9739,0
1.0453,0.42757,0.054046,0.054046,10.028,0
1.0485,0.43297,0.052704,0.052704,10.083,0
1.0558,0.43824,0.052938,0.052938,10.142,0
1.0594,0.44354,0.049248,0.049248,10.213,0
1.0594,0.44846,0,0.047806,10.274,0
1.0582,0.45324,0.048596,0.048596,10.323,0
1.0582,0.4581,0,0.052517,10.383,0
1.0678,0.46335,0.050386,0.050386,10.463,0
1.0784,0.46839,0.052697,0.052697,10.514,0
1.0904,0.47366,0.051643,0.051643,10.569,0
1.094,0.47883,0.051503,0.051503,10.637,0
1.0926,0.48398,0.048162,0.048162,10.707,0
1.1055,0.48879,0.049342,0.049342,10.768,0
1.1055,0.49373,0,0.047474,10.829,0
1.1055,0.49848,0,0.048107,10.89,0
1.1074,0.50329,0.051681,0.051681,10.959,0
1.1074,0.50845,0,0.052692,11.02,0
1.1085,0.51372,0.055068,0.055068,11.096,0
1.1184,0.51923,0.053994,0.053994,11.16,0
1.1184,0.52463,0,0.05468,11.219,0
1.111,0.5301,0.050689,0.050689,11.294,0
1.1252,0.53517,0.046942,0.046942,11.354,0
1.1259,0.53986,0.044107,0.044107,11.421,0
1.1298,0.54427,0.043528,0.043528,11.474,0
1.126,0.54862,0.0425,0.0425,11.532,0
1.126,0.55287,0,0.040146,11.589,0
1.139,0.55689,0.042652,0.042652,11.647,0
1.139,0.56115,0,0.042895,11.705,0
1.139,0.56544,0,0.048754,11.763,0
1.1476,0.57032,0.04883,0.04883,11.815,0
1.1596,0.5752,0.051899,0.051899,11.867,0
1.1589,0.58039,0.051477,0.051477,11.929,0
1.1619,0.58554,0.049447,0.049447,11.981,0
1.1619,0.59048,0,0.046616,12.038,0
1.167,0.59515,0.047335,0.047335,12.114,0
1.1648,0.59988,0.047977,0.047977,12.179,0
1.1648,0.60468,0,0.050125,12.236,0
1.1745,0.60969,0.051914,0.051914,12.283,0
1.1778,0.61488,0.052399,0.052399,12.339,0
1.1896,0.62012,0.054912,0.054912,12.39,0
1.1897,0.62561,0.052074,0.052074,12.455,0
1.1895,0.63082,0.046621,0.046621,12.503,0
1.1991,0.63548,0.046088,0.046088,12.561,0
1.2121,0.64009,0.047494,0.047494,12.62,0
1.2232,0.64484,0.049235,0.049235,12.683,0
1.237,0.64976,0.060088,0.060088,12.739,0
