17.222,17.222,-0.43679,0,35.5,1.4358
17.176,17.222,-0.28935,-0.0043296,35.499,0.9441
17.146,17.222,-0.28493,-0.0070761,35.498,1.0008
17.108,17.221,-0.24562,-0.010489,35.497,0.94486
17.077,17.22,-0.29665,-0.01325,35.49,1.2142
17.077,17.219,0,-0.015793,35.475,0.26383
17.012,17.217,-0.3589,-0.019031,35.444,1.6421
16.973,17.215,-0.38577,-0.022525,35.42,1.8694
16.932,17.213,-0.38578,-0.026158,35.385,1.9779
16.886,17.21,-0.33318,-0.030292,35.352,1.8528
16.846,17.207,-0.31923,-0.03373,35.327,1.889
16.846,17.204,0,-0.037018,35.291,0.70152
16.846,17.2,0,-0.038233,35.255,0.6894
16.846,17.196,0,-0.038334,35.22,0.68008
16.783,17.193,0.15729,-0.038517,35.185,0.42885
16.795,17.189,0.31505,-0.037055,35.14,0.12646
16.795,17.185,0,-0.034175,35.101,0.78674
16.861,17.182,0.47687,-0.030237,35.071,0
16.918,17.179,0.58216,-0.02463,35.049,0
16.98,17.176,0.51536,-0.018579,35.021,0
17.025,17.174,0.51063,-0.014131,35.011,0
17.074,17.173,0.49862,-0.0093756,34.994,0
17.128,17.172,0.45319,-0.0041364,34.991,0
17.169,17.172,0.39346,-0.00021502,34.997,0
17.207,17.171,0.40649,0.015551,35.001,0
17.24,17.173,0.39248,0.029645,35.008,0
17.24,17.176,0,0.048079,35.014,0
17.322,17.181,0.43838,0.062058,35.028,0
17.36,17.187,0.46696,0.07628,35.051,0
17.414,17.195,0.49,0.096765,35.076,0
17.414,17.204,0,0.11528,35.098,0
17.414,17.216,0,0.13163,35.118,0
17.563,17.229,0.5325,0.1472,35.172,0
17.616,17.244,0.54162,0.16403,35.216,0
17.616,17.26,0,0.18121,35.252,0
17.734,17.278,0.57988,0.2005,35.308,0
17.734,17.298,0,0.22022,35.353,0
17.852,17.32,0.59175,0.23336,35.397,0
17.915,17.344,0.59233,0.25059,35.451,0
17.979,17.369,0.58327,0.26751,35.504,0
18.038,17.395,0.58227,0.28153,35.565,0
18.038,17.424,0,0.29772,35.628,0
18.164,17.453,0.60041,0.31044,35.683,0
18.231,17.484,0.62347,0.32586,35.756,0
18.231,17.517,0,0.33706,35.829,0
18.231,17.551,0,0.34592,35.899,0
18.402,17.585,0.56981,0.35453,35.972,0
18.452,17.621,0.5333,0.36071,36.06,0
18.498,17.657,0.51624,0.36458,36.143,0
18.498,17.693,0,0.36709,36.226,0
18.582,17.73,0.36517,0.36805,36.322,0
18.582,17.767,0,0.36794,36.405,0
18.656,17.804,0.32697,0.36748,36.498,0
18.684,17.84,0.54673,0.36296,36.579,0
18.729,17.877,0.82476,0.36621,36.666,0
18.815,17.913,1.239,0.38709,36.757,0
18.941,17.952,1.6572,0.42403,36.85,1.2485
19.097,17.994,1.9142,0.4722,36.954,2.2776
19.097,18.042,0,0.53049,37.062,0
19.097,18.095,0,0.59057,37.165,0
19.669,18.154,1.6314,0.64532,37.336,0.81167
19.837,18.218,1.4867,0.68781,37.496,0.18734
19.982,18.287,1.4757,0.71838,37.671,0.10244
20.131,18.359,1.4999,0.74935,37.85,0.15027
20.285,18.434,1.55,0.7808,38.022,0.30443
20.445,18.512,1.6691,0.81337,38.218,0.75611
20.61,18.593,1.7402,0.84624,38.424,1.0313
20.778,18.678,1.5834,0.87916,38.634,0.32099
20.931,18.766,1.4341,0.90383,38.857,0
20.931,18.856,0,0.92558,39.069,0
20.931,18.949,0,0.94687,39.272,0
21.375,19.043,1.5645,0.96395,39.522,0.17386
21.525,19.14,1.5544,0.98295,39.75,0.12101
21.673,19.238,1.4243,1.0001,39.99,0
21.812,19.338,1.1806,1.0131,40.241,0
21.933,19.439,0.91488,1.018,40.488,0
22.032,19.541,0.63007,1.0137,40.747,0
22.088,19.643,0.52564,0.99194,40.986,0
22.139,19.742,0.44184,0.96921,41.235,0
22.139,19.839,0,0.94287,41.47,0
22.216,19.933,0.48647,0.91774,41.705,0
22.273,20.025,0.30435,0.90095,41.925,0
22.305,20.115,0.12564,0.87493,42.138,0
22.325,20.202,0.038194,0.84592,42.36,0
22.337,20.287,-0.097283,0.81487,42.573,0
22.323,20.368,-0.27386,0.77503,42.782,0
22.287,20.446,-0.32961,0.72819,42.972,0
22.25,20.519,-0.35922,0.6833,43.155,0
22.213,20.587,-0.3425,0.64036,43.315,0
22.185,20.651,-0.37283,0.60291,43.465,0
22.147,20.711,-0.40838,0.56302,43.609,0
22.102,20.768,-0.39778,0.52264,43.747,0
22.067,20.82,-0.32251,0.48751,43.872,0
22.029,20.869,-0.3236,0.45281,43.992,0
22.005,20.914,-0.34666,0.42538,44.099,0
22.005,20.957,0,0.39707,44.206,0
21.954,20.996,-0.28785,0.37221,44.293,0
21.918,21.033,-0.27954,0.34346,44.389,0
21.897,21.068,-0.27071,0.32149,44.466,0
21.874,21.1,-0.25917,0.29979,44.541,0
21.844,21.13,-0.24806,0.27648,44.615,0
21.81,21.158,-0.22624,0.25229,44.693,0
21.778,21.183,-0.27405,0.23008,44.763,0
21.741,21.206,-0.28859,0.20697,44.818,0.090222
21.721,21.227,-0.28355,0.19109,44.864,0.12821
21.701,21.246,-0.30534,0.17571,44.92,0.25734
21.701,21.263,0,0.15783,44.964,0
21.632,21.279,-0.30529,0.13615,45.01,0.39766
21.596,21.293,-0.30945,0.11697,45.035,0.48102
21.558,21.304,-0.31173,0.097653,45.06,0.5587
21.52,21.314,-0.31749,0.079217,45.088,0.6466
21.487,21.322,-0.31877,0.063649,45.1,0.70774
21.46,21.328,-0.33079,0.050533,45.123,0.80127
21.427,21.333,-0.35221,0.035942,45.134,0.93879
21.427,21.337,0,0.018935,45.143,0
21.354,21.339,-0.35622,0.005884,45.133,1.0662
21.32,21.339,-0.3671,-0.0015158,45.128,1.184
21.32,21.339,0,-0.0041109,45.126,0.030601
21.263,21.339,-0.28553,-0.005978,45.115,1.0061
21.225,21.338,-0.25898,-0.0089304,45.108,1.0007
21.192,21.337,-0.24326,-0.011484,45.103,1.0235
21.165,21.336,-0.29825,-0.013538,45.081,1.3045
21.165,21.335,0,-0.015312,45.064,0.32853
21.165,21.333,0,-0.017117,45.047,0.32076
21.095,21.332,-0.28993,-0.018721,45.02,1.4432
21.095,21.33,0,-0.021553,44.997,0.45817
21.026,21.328,-0.21479,-0.023867,44.96,1.3099
20.997,21.325,-0.25339,-0.025973,44.939,1.5333
20.977,21.323,-0.29786,-0.02737,44.913,1.7711
20.956,21.32,-0.32559,-0.028885,44.879,1.9492
20.929,21.317,-0.39138,-0.03084,44.837,2.3393
20.893,21.314,-0.42927,-0.033483,44.796,2.637
20.846,21.311,-0.46011,-0.03701,44.759,2.9445
20.806,21.307,-0.52464,-0.039988,44.711,3.4458
20.744,21.303,-0.55345,-0.044674,44.663,3.8232
20.681,21.298,-0.60518,-0.049413,44.605,4.3733
20.616,21.294,-0.63278,-0.054377,44.544,4.7876
20.551,21.288,-0.65405,-0.059227,44.478,5.161
20.477,21.282,-0.6696,-0.064866,44.4,5.5342
20.416,21.276,-0.64204,-0.069488,44.321,5.527
20.416,21.269,0,-0.07436,44.236,1.8661
20.288,21.261,-0.50908,-0.079179,44.132,4.9621
20.237,21.253,-0.42348,-0.082996,44.023,4.5318
20.204,21.245,-0.36175,-0.08533,43.913,4.221
20.204,21.237,0,-0.088616,43.809,2.3302
20.127,21.228,-0.40242,-0.090809,43.703,4.675
20.08,21.219,-0.42857,-0.094242,43.6,4.9774
20.042,21.209,-0.49163,-0.09699,43.484,5.5187
20.003,21.199,-0.53544,-0.09991,43.359,5.9506
19.951,21.189,-0.57991,-0.1038,43.242,6.4506
19.885,21.179,-0.6464,-0.10887,43.125,7.2113
19.813,21.168,-0.74673,-0.11448,43.003,8.3537
19.813,21.157,0,-0.12025,42.868,3.1492
19.652,21.145,-0.94023,-0.12729,42.728,10.927
19.652,21.132,0,-0.13578,42.579,3.5176
19.433,21.118,-1.1553,-0.14534,42.408,14.465
19.313,21.104,-1.1968,-0.15533,42.236,15.55
19.202,21.088,-1.2501,-0.16463,42.06,16.788
19.072,21.072,-1.2042,-0.17571,41.865,16.696
18.954,21.054,-1.0761,-0.18587,41.668,15.425
18.954,21.036,0,-0.19462,41.459,5.3055
18.761,21.016,-0.71672,-0.20271,41.23,11.834
18.761,20.996,0,-0.20832,41.005,5.7967
18.643,20.975,-0.47437,-0.21302,40.775,9.7447
18.586,20.954,-0.43918,-0.21805,40.54,9.5554
18.549,20.932,-0.49407,-0.22135,40.307,10.103
18.494,20.91,-0.51203,-0.22637,40.067,10.39
18.437,20.887,-0.49196,-0.23156,39.832,10.327
18.39,20.864,-0.55014,-0.23605,39.577,10.965
18.33,20.841,-0.57443,-0.24172,39.325,11.336
18.273,20.816,-0.66107,-0.24724,39.066,12.348
18.273,20.792,0,-0.25322,38.813,6.6166
18.141,20.766,-0.99428,-0.26043,38.533,16.654
18.05,20.74,-1.1813,-0.26947,38.277,19.597
17.925,20.713,-1.4425,-0.2822,37.999,24.343
17.784,20.685,-1.6983,-0.29696,37.708,29.83
17.61,20.655,-2.0126,-0.31533,37.407,37.752
17.417,20.624,-2.1969,-0.33629,37.088,43.51
17.198,20.59,-2.4023,-0.36023,36.765,50.605
16.957,20.554,-2.5226,-0.38748,36.407,55.671
16.708,20.515,-2.3518,-0.41614,36.041,51.52
16.482,20.474,-2.0542,-0.44321,35.652,44.217
16.482,20.43,0,-0.46901,35.255,11.19
16.092,20.383,-1.3684,-0.49256,34.836,30.615
15.963,20.333,-1.0031,-0.5108,34.405,24.738
15.872,20.282,-0.77062,-0.52539,33.957,21.456
15.872,20.23,0,-0.53947,33.518,12.546
15.725,20.176,-0.4258,-0.55084,33.065,17.15
15.68,20.121,-0.28129,-0.56025,32.625,15.457
15.662,20.065,-0.14971,-0.56654,32.179,13.914
15.644,20.008,-0.093202,-0.57252,31.742,13.154
15.633,19.951,-0.05378,-0.57796,31.301,12.547
15.632,19.893,-0.034815,-0.58148,30.878,12.095
15.63,19.835,0.077401,-0.58506,30.456,10.898
15.63,19.776,0,-0.58767,30.039,11.242
15.658,19.718,0.26607,-0.58776,29.618,8.9158
15.693,19.659,0.36884,-0.58544,29.214,7.9221
15.727,19.6,0.44435,-0.5826,28.829,7.1707
15.768,19.542,0.45144,-0.57831,28.448,6.807
15.768,19.484,0,-0.57194,28.074,9.4868
15.872,19.427,0.48295,-0.56558,27.703,5.9769
15.92,19.37,0.45868,-0.55874,27.353,5.7835
15.963,19.315,0.4847,-0.55268,27.004,5.3773
15.963,19.259,0,-0.54619,26.671,7.9278
15.963,19.205,0,-0.53848,26.344,7.7575
16.086,19.151,0.38073,-0.5313,26.051,5.0406
16.115,19.098,0.33357,-0.52555,25.749,5.0229
16.147,19.045,0.25692,-0.51878,25.458,5.1427
16.179,18.993,0.18722,-0.51146,25.179,5.2431
16.202,18.942,0.1436,-0.50593,24.896,5.2434
16.217,18.892,0.083279,-0.50121,24.633,5.3596
16.217,18.841,0,-0.49771,24.368,5.6589
16.232,18.792,-0.015532,-0.49402,24.109,5.5317
16.232,18.742,0,-0.49033,23.856,5.2897
16.232,18.693,0,-0.49157,23.607,5.1125
16.2,18.644,-0.214,-0.49217,23.376,6.3165
16.187,18.595,-0.24111,-0.49193,23.133,6.3542
16.159,18.546,-0.28448,-0.49436,22.899,6.5456
16.159,18.496,0,-0.49509,22.663,4.6715
16.124,18.447,-0.27523,-0.49454,22.442,6.2293
16.093,18.397,-0.50821,-0.49766,22.209,7.8372
16.051,18.347,-0.86909,-0.50313,21.983,11.12
15.956,18.297,-1.3006,-0.51984,21.761,16.608
15.831,18.245,-1.7168,-0.54477,21.514,23.8
15.667,18.191,-1.9277,-0.57881,21.258,28.509
15.469,18.133,-1.8383,-0.62132,21.002,27.053
15.29,18.071,-1.5813,-0.66017,20.728,22.403
15.29,18.005,0,-0.69665,20.453,4.9757
15.011,17.935,-1.0117,-0.72153,20.15,14.167
15.011,17.863,0,-0.74617,19.861,5.1999
14.8,17.788,-0.98717,-0.76866,19.542,13.79
14.693,17.711,-1.031,-0.79224,19.25,14.27
14.585,17.632,-1.026,-0.81679,18.95,14.14
14.473,17.55,-0.99536,-0.84254,18.654,13.704
14.473,17.466,0,-0.86325,18.35,5.1185
14.281,17.38,-0.76451,-0.88743,18.036,10.926
14.2,17.291,-0.63914,-0.90593,17.725,9.5737
14.137,17.201,-0.53592,-0.91841,17.426,8.4932
14.092,17.109,-0.43659,-0.92637,17.112,7.4828
14.051,17.016,-0.40496,-0.93238,16.808,7.0126
14.02,16.923,-0.38259,-0.93409,16.516,6.6055
14.02,16.829,0,-0.93973,16.231,4.2137
14.02,16.735,0,-0.94542,15.954,3.916
14.02,16.641,0,-0.94868,15.688,3.6362
14.02,16.546,0,-0.95571,15.43,3.3528
13.789,16.45,-0.36301,-0.96035,15.125,5.4244
13.743,16.354,-0.36559,-0.96482,14.852,5.2346
13.712,16.258,-0.42176,-0.96125,14.603,5.3419
13.712,16.162,0,-0.96034,14.353,3.1367
13.625,16.066,-0.6852,-0.9633,14.106,6.6642
13.625,15.969,0,-0.96973,13.866,2.8423
13.464,15.872,-1.5335,-0.99285,13.631,15.532
13.318,15.773,-2.0007,-1.0349,13.39,23.849
13.121,15.67,-2.4322,-1.1018,13.132,34.679
12.886,15.56,-2.7512,-1.1853,12.872,45.292
12.886,15.441,0,-4.4,12.61,71.032
12.886,15.001,0,-4.4,12.377,94.15
12.886,14.561,0,-4.4,12.187,127.18
11.762,14.121,-2.747,-4.4,11.827,0
11.487,13.681,-2.6672,-4.4,11.598,0
11.223,13.241,-2.5739,-4.4,11.393,0
10.957,12.801,-2.4484,-4.4,11.201,0
10.704,12.361,-2.3215,-4.4,11.026,0
10.468,11.921,-2.1006,-5.2,10.879,0
10.252,11.401,-1.8342,-0.48958,10.758,18.05
10.252,11.352,0,-5.2,10.645,3678.8
9.8781,10.832,-1.7113,-0.39909,10.519,15.617
9.7019,10.792,-1.4289,-0.46173,10.416,11.545
9.5669,10.746,-1.0506,-5.2,10.299,0
9.4532,10.226,-0.73748,-0.31901,10.212,4.2538
9.3702,10.194,-0.22295,-0.3437,10.127,1.6393
9.3447,10.16,0.13863,-5.2,10.037,915.23
9.3642,9.6397,0.2866,-0.1107,9.9876,0
9.3842,9.6286,0.22897,-0.098647,9.9523,0
9.4046,9.6187,0.17152,-0.086715,9.9261,0
9.4183,9.6101,0.16206,-0.077847,9.9055,0
9.4183,9.6023,0,-0.070767,9.8867,0.22935
9.448,9.5952,-0.0056715,-0.059888,9.8838,0.18869
9.4395,9.5892,-0.15588,-0.060964,9.8732,0.57908
9.4395,9.5831,0,-0.066943,9.8585,0.15378
9.3877,9.5764,-0.35705,-0.077292,9.8288,1.3434
9.3877,9.5687,0,-0.090625,9.8103,0.18054
9.3055,9.5596,-0.28567,-0.10468,9.7838,1.146
9.2856,9.5492,-0.14589,-5.2,9.7549,2553.8
9.2704,9.0292,-0.029701,0.099894,9.7607,0
9.2704,9.0392,0,0.096294,9.7843,0
9.2779,9.0488,0.017815,0.095051,9.8173,0
9.2868,9.0583,0.048639,0.09472,9.8316,0
9.295,9.0678,0.048602,0.094172,9.8474,0
9.295,9.0772,0,0.090766,9.8697,0
9.295,9.0863,0,0.088715,9.891,0
9.3024,9.0951,0.12158,0.085828,9.8912,0
9.3242,9.1037,0.13371,0.091339,9.9157,0
9.3242,9.1128,0,0.095116,9.9373,0
9.347,9.1224,0.086849,0.093138,9.965,0
9.35,9.1317,0.049136,0.090522,9.9834,0
9.3449,9.1407,0.043957,0.084747,10.013,0
9.3535,9.1492,0.037702,0.084778,10.027,0
9.3581,9.1577,-0.11997,0.083247,10.055,0.044745
9.3473,9.166,-0.50049,0.075346,10.079,1.4927
9.3473,9.1735,0,0.055423,10.097,0
9.22,9.1791,-1.1501,0.017006,10.098,6.468
9.22,9.1808,0,-0.027704,10.102,0
8.9705,9.178,-1.4481,-0.077784,10.086,10.438
8.9705,9.1702,0,-0.12814,10.066,0.14251
8.6993,9.1574,-1.0365,-0.17331,10.017,6.2991
8.5952,9.1401,-0.87785,-0.20715,9.9748,5.0749
8.5032,9.1194,-1.3742,-0.23576,9.9205,10.294
8.3727,9.0958,-0.89641,-0.27862,9.8625,5.517
8.2921,9.0679,0.55147,-0.30165,9.7887,0.30988
8.3383,9.0378,0.64096,-0.27392,9.7247,0.25086
8.3383,9.0104,0,-0.24051,9.6561,0.89117
8.3875,8.9863,0.62912,-0.23779,9.6071,0.15136
8.4442,8.9625,0.55733,-0.20695,9.5595,0.054116
8.4939,8.9418,-0.71226,-0.17975,9.5165,3.6334
8.4939,8.9239,0,-5.2,9.4726,336.57
8.3523,8.4039,0.31886,-0.01963,9.4334,0
8.392,8.4019,0.31475,-0.0037594,9.4348,0
8.43,8.4015,0.19207,0.012893,9.4429,0
8.43,8.4028,0,0.018551,9.4456,0
8.4719,8.4047,0.23599,0.030504,9.4623,0
8.4719,8.4077,0,0.044076,9.4689,0
8.5165,8.4121,0.11094,0.047405,9.4862,0
8.5165,8.4169,0,0.05468,9.4964,0
8.535,8.4223,0.05759,0.051142,9.4943,0
8.535,8.4275,0,0.055485,9.5054,0
8.5538,8.433,-0.01834,0.054755,9.5037,0
8.5532,8.4385,0.014832,0.051985,9.5123,0
8.5448,8.4437,0.0058366,0.045813,9.516,0
8.5422,8.4483,0.018606,0.042532,9.525,0
8.5411,8.4525,0.069586,0.040113,9.5349,0
8.5414,8.4565,0.13982,0.038437,9.5416,0
8.5652,8.4604,0.13756,0.047507,9.5594,0
8.5735,8.4651,0.1324,0.049102,9.568,0
8.5785,8.47,0.12737,0.049136,9.5757,0
8.5847,8.4749,0.13496,0.049735,9.5891,0
8.5847,8.4799,0,0.055332,9.5998,0
8.6241,8.4854,0.23781,0.062876,9.6204,0
8.6512,8.4917,0.26595,0.072305,9.629,0
8.6512,8.499,0,0.078679,9.6446,0
8.6512,8.5068,0,0.083756,9.6594,0
8.7226,8.5152,0.3009,0.094029,9.6818,0
8.7428,8.5246,0.31925,0.098959,9.7063,0
8.7428,8.5345,0,0.10857,9.7277,0
8.8194,8.5454,0.49157,0.12441,9.7604,0
8.864,8.5578,0.5329,0.13912,9.7936,0
8.864,8.5717,0,0.16052,9.8235,0
8.9738,8.5878,0.35781,0.17533,9.8559,0
9.0151,8.6053,0.25019,0.18612,9.8939,0
9.0151,8.6239,0,0.18887,9.934,0
9.0517,8.6428,-0.038984,0.18564,9.971,0
9.0544,8.6614,-0.095544,0.17844,10.01,0
9.0433,8.6792,-0.12504,0.16532,10.051,0
9.0397,8.6957,-0.16252,0.15616,10.085,0.023586
9.024,8.7114,-0.17122,0.14185,10.112,0.083915
9.0167,8.7255,-0.17795,0.13217,10.148,0.12819
8.995,8.7388,-0.11584,0.11628,10.173,0
8.9808,8.7504,-0.04949,0.1046,10.202,0
8.9854,8.7608,-0.040758,0.10195,10.226,0
8.9869,8.771,-0.035324,0.09797,10.244,0
8.9893,8.7808,-0.073842,0.094548,10.257,0
8.9905,8.7903,-0.17734,0.090721,10.269,0.22825
8.9905,8.7994,0,0.080955,10.288,0
8.953,8.8075,-0.3164,0.065843,10.29,0.76264
8.9223,8.814,-0.33035,0.048947,10.3,0.8594
8.8879,8.8189,-0.36531,0.031201,10.313,1.0449
8.8534,8.8221,-0.39873,0.014161,10.322,1.2299
8.8233,8.8235,-0.39745,-6.8612e-05,10.322,1.2613
8.777,8.8235,-0.43404,-0.01609,10.316,1.4996
8.7362,8.8219,-0.44551,-0.029622,10.318,1.6173
8.6836,8.8189,-0.39949,-0.046799,10.317,1.4891
8.6388,8.8142,-0.33067,-0.060767,10.306,1.2616
8.6388,8.8081,0,-0.069597,10.288,0.20137
8.5726,8.8012,-0.31356,-0.079542,10.268,1.2753
8.533,8.7932,-0.29242,-0.090711,10.249,1.2407
8.4945,8.7842,-0.28052,-0.10142,10.215,1.2388
8.4663,8.774,-0.2863,-0.10815,10.184,1.2873
8.444,8.7632,-0.25709,-0.11265,10.15,1.1924
8.4244,8.7519,-0.19877,-0.11614,10.113,0.99654
8.4116,8.7403,-0.20818,-0.11684,10.089,1.0294
8.3923,8.7286,-0.18128,-0.12009,10.053,0.94845
8.383,8.7166,-0.1947,-0.11975,10.012,0.98708
8.3639,8.7047,-0.2423,-0.12277,9.9809,1.1619
8.3306,8.6924,-0.31895,-0.13073,9.9532,1.4871
8.294,8.6793,-0.38877,-0.13984,9.9176,1.8212
8.2627,8.6653,-0.43733,-0.147,9.8711,2.0715
8.2258,8.6506,-0.40732,-0.1559,9.83,1.9608
8.1867,8.635,-0.35954,-0.1653,9.79,1.7783
8.1867,8.6185,0,-0.17677,9.746,0.51654
8.1213,8.6008,-0.22786,-0.1787,9.7021,1.2935
8.0925,8.5829,-0.21597,-0.18366,9.6606,1.2636
8.062,8.5646,-0.228,-0.18955,9.6056,1.3191
8.0366,8.5456,-0.2642,-0.19335,9.5504,1.4575
8.0025,8.5263,-0.34771,-0.20057,9.4898,1.811
7.9708,8.5062,-0.40828,-0.20614,9.4433,2.095
7.9708,8.4856,0,-0.21319,9.3908,0.61091
7.8866,8.4643,-0.60449,-0.22551,9.3345,3.1867
7.8206,8.4418,-0.74479,-0.24427,9.2769,4.1546
7.8206,8.4173,0,-0.26929,9.216,0.65866
7.8206,8.3904,0,-5.2,9.1577,179.04
7.5369,7.8704,-1.161,-0.12612,9.0741,7.29
7.5369,7.8578,0,-0.16955,9.0414,0.30206
7.2879,7.8408,-1.2096,-0.21224,8.9698,8.2134
7.1675,7.8196,-1.2105,-5.2,8.9076,211.47
7.047,7.2996,-1.2059,-0.091689,8.8548,7.6412
7.047,7.2904,0,-0.12936,8.83,0.22754
6.8017,7.2775,-1.3367,-0.17398,8.7972,9.6182
6.6582,7.2601,-1.3701,-0.2219,8.7402,10.294
6.5139,7.2379,-1.3476,-0.26952,8.6717,10.248
6.388,7.211,-1.3257,-5.2,8.5899,60.041
6.2639,6.691,-1.2987,-0.15017,8.5259,9.1085
6.1305,6.6759,-1.2961,-0.19306,8.4802,9.3358
6.0033,6.6566,-1.3798,-0.23306,8.4239,10.604
5.8726,6.6333,-1.4576,-0.2739,8.3578,11.867
5.7233,6.6059,-1.5083,-5.2,8.2726,20.054
5.7233,6.0859,0,-0.17546,8.2103,0.37474
5.401,6.0684,-1.5848,-0.22812,8.1371,13.629
5.2521,6.0456,-1.5525,-0.27402,8.0667,13.434
5.2521,6.0182,0,-8.8,7.9887,19.103
4.9413,5.1382,-1.6612,-0.05857,7.9379,13.698
4.9413,5.1323,0,-0.10508,7.9185,0.17115
4.603,5.1218,-1.7598,-0.15589,7.8737,16.359
4.419,5.1062,-1.8155,-0.20834,7.8156,17.887
4.228,5.0854,-1.8225,-0.26333,7.7337,18.524
4.0369,5.0591,-1.8433,-0.31828,7.6435,19.391
4.0369,5.0272,0,-0.37058,7.5429,1.2826
3.6757,4.9902,-1.9271,-8.8,7.3917,0
3.6757,4.1102,0,-0.16932,7.3043,0.53949
3.2705,4.0932,-2.1951,-0.22443,7.2098,8.3175
3.0594,4.0708,-2.2556,-0.28059,7.1105,8.5028
