0,0,1.3242,0,35.5,0
0,0,0,7.8,35.5,59.103
0.2536,0.78,1.237,7.8,35.489,55.144
0.2536,1.56,0,7.8,35.398,83.487
0.2536,2.34,0,7.8,35.228,89.051
0.60333,3.12,1.0694,7.8,35.034,70.995
0.60333,3.9,0,7.8,34.744,97.746
0.80203,4.68,1.1259,7.8,34.382,79.089
0.90548,5.46,1.1496,7.8,33.966,83.221
1.0172,6.24,1.1573,6.7,33.486,74.74
1.1334,6.91,1.0805,6.7,32.944,79.835
1.2461,7.58,0.9078,6.7,32.343,86.861
1.3334,8.25,0.86053,6.7,31.684,91.787
1.4186,8.92,0.81838,-0.42869,30.956,20.814
1.491,8.8771,0.83554,-0.43729,30.204,20.03
1.5666,8.8334,0.85166,-0.44579,29.465,19.25
1.5666,8.7888,0,-0.45335,28.741,28.245
1.7333,8.7435,0.80441,-0.46135,28.048,18.353
1.8049,8.6974,0.74523,-0.47012,27.352,18.265
1.8049,8.6503,0,-0.47824,26.665,25.874
1.9527,8.6025,0.711,-0.48739,25.998,17.309
2.016,8.5538,0.74131,-0.49669,25.344,16.466
2.016,8.5041,0,-0.50552,24.693,23.64
2.1631,8.4536,0.87517,-0.51394,24.066,14.191
2.1631,8.4022,0,-0.52117,23.439,22.145
2.357,8.35,1.1413,-0.52679,22.837,11.12
2.4672,8.2974,1.3064,-0.53133,22.25,9.5849
2.5981,8.2442,1.3774,-0.53342,21.679,8.6144
2.7289,8.1909,1.3785,-0.53477,21.125,8.023
2.8688,8.1374,1.2882,-0.53419,20.594,7.8274
3.0004,8.084,1.187,-0.5335,20.081,7.7088
3.1165,8.0306,1.1464,-0.53373,19.583,7.3608
3.2409,7.9773,1.1763,-0.53213,19.102,6.7004
3.3501,7.9241,1.1826,-0.53165,18.63,6.2071
3.4776,7.8709,1.1043,-0.5279,18.179,6.0078
3.5846,7.8181,0.92582,-0.52497,17.757,6.2728
3.6848,7.7656,0.68037,-0.52256,17.338,6.9357
3.7588,7.7134,0.43769,-0.52222,16.942,7.8161
3.7981,7.6611,0.23118,-0.52603,16.556,8.7419
3.8265,7.6085,0.16066,-0.53101,16.179,8.867
3.8335,7.5554,0.10624,-0.53964,15.794,8.9492
3.8412,7.5015,-0.0046365,-0.54738,15.428,9.4473
3.8412,7.4467,0,-0.55702,15.065,9.121
3.8228,7.391,-0.25649,-0.56874,14.7,10.922
3.7923,7.3341,-0.314,-0.58274,14.347,11.201
3.765,7.2759,-0.34263,-0.59622,14.001,11.211
3.7263,7.2163,-0.32566,-0.61175,13.661,10.847
3.701,7.1551,-0.29582,-0.6255,13.32,10.325
3.6714,7.0925,-0.28911,-0.64143,12.968,10.006
3.6362,7.0284,-0.32049,-0.65891,12.617,10.013
3.6115,6.9625,-0.31465,-0.67438,12.273,9.6707
3.5735,6.8951,-0.23102,-0.69186,11.944,8.7642
3.5479,6.8259,-0.068267,-0.70742,11.613,7.3478
3.5473,6.7551,0.029344,-0.71805,11.281,6.4267
3.56,6.6833,0.13254,-0.72468,10.962,5.5403
3.56,6.6109,0,-0.73197,10.653,5.9577
3.56,6.5377,0,-0.73406,10.351,5.69
3.6067,6.4643,0.12365,-0.73795,10.051,4.6631
3.6067,6.3905,0,-0.74023,9.7691,5.0012
3.6269,6.3164,0.18973,-0.74375,9.498,3.8652
3.6459,6.2421,0.26428,-0.74133,9.2433,3.3575
3.6459,6.1679,0,-0.73754,8.9874,4.1741
3.7004,6.0942,0.25895,-0.72989,8.7444,2.9002
3.727,6.0212,0.20493,-0.72208,8.5105,2.8383
3.7464,5.949,0.24891,-0.71556,8.2832,2.516
3.7464,5.8774,0,-0.70513,8.0665,3.15
3.816,5.8069,0.47126,-8.8,7.8695,4.5992
3.816,4.9269,0,-0.3186,7.7144,1.7278
3.923,4.895,0.59999,-0.29387,7.6154,0.50425
3.982,4.8657,0.46634,-0.27143,7.5128,0.47441
4.0192,4.8385,0.26687,-0.25487,7.4281,0.61819
4.0387,4.813,0.1495,-8.8,7.34,1.3673
4.0515,3.933,0.10571,0.15185,7.3027,0
4.0515,3.9482,0,0.1358,7.3138,0.09164
4.0613,3.9618,-0.051786,0.1264,7.3277,0.21235
4.0547,3.9744,-0.16846,0.10149,7.3374,0.53887
4.0547,3.9846,0,0.074621,7.3449,0.017177
4.0181,3.992,-0.37047,0.03272,7.3547,1.2012
3.9817,3.9953,-0.45378,-0.0035013,7.3454,1.5421
3.9333,3.995,-0.45025,-0.015928,7.3326,1.624
3.8981,3.9934,-0.45806,-0.024684,7.3171,1.7302
3.8575,3.9909,-0.41324,-0.034591,7.3129,1.5978
3.8176,3.9874,-0.46438,-0.044046,7.3067,1.916
3.7699,3.983,-0.57245,-0.055385,7.2939,2.5847
3.7138,3.9775,-0.76724,-0.068899,7.2625,3.9534
3.6386,3.9706,-0.96761,-0.08717,7.2335,5.7307
3.5479,3.9619,-1.1662,-0.10949,7.1913,7.9001
3.4372,3.9509,-1.0971,-0.13716,7.1367,7.4538
3.3292,3.9372,-0.85815,-0.16413,7.0735,5.4957
3.2354,3.9208,-0.60035,-0.18717,7.0047,3.784
3.1818,3.9021,-0.36135,-8.8,6.9295,0
3.1443,3.0221,-0.18733,0.23146,6.909,0.95263
3.1309,3.0452,-0.21516,0.1605,6.9241,0.89746
3.118,3.0613,-0.28614,0.10532,6.9275,1.0504
3.0925,3.0718,-0.35958,0.038244,6.9256,1.1935
3.0498,3.0757,-0.48305,-0.0055279,6.9349,1.7131
2.9947,3.0751,-0.53235,-0.017193,6.9291,2.0919
2.9509,3.0734,-0.45939,-0.026237,6.9208,1.8186
2.9039,3.0708,-0.36503,-0.035805,6.909,1.4813
2.8621,3.0672,-0.38995,-0.044206,6.884,1.6752
2.8621,3.0628,0,-0.049782,6.8637,0.3125
2.7823,3.0578,-0.67477,-0.059712,6.8476,3.4222
2.7062,3.0518,-1.1204,-0.075224,6.8212,7.3551
2.6033,3.0443,-1.7115,-0.09673,6.7786,6.0957
2.4245,3.0346,-1.9199,-0.13508,6.7264,6.5941
2.2344,3.0211,-1.7374,-0.176,6.6647,6.4641
2.2344,3.0035,0,-0.21617,6.5869,1.1841
2.2344,2.9819,0,-8.8,6.5111,0
1.8274,2.1019,-0.38687,-0.044443,6.3932,1.8806
1.7812,2.0974,-0.10672,-0.05151,6.3618,0.87438
1.7812,2.0923,0,-0.053184,6.3304,0.54998
1.7812,2.087,0,-0.055756,6.2996,0.53125
1.7246,2.0814,-0.32053,-0.059235,6.2564,1.7718
1.6849,2.0755,-0.33059,-0.06532,6.2175,1.8965
1.6436,2.0689,-0.28138,-0.071792,6.1699,1.7583
1.6223,2.0618,-0.12897,-0.074625,6.1336,1.1954
1.6223,2.0543,0,-0.077553,6.09,0.76603
1.6223,2.0465,0,-0.07321,6.0472,0.75962
1.6568,2.0392,0.48065,-8.8,5.9958,0
1.6568,1.1592,0,4.5437,6.0015,32.931
1.6568,1.6136,0,0.70244,6.0286,2.4094
1.6568,1.6838,0,0.67529,6.0294,2.5165
1.896,1.7514,0.57404,0.60625,6.06,0
1.9445,1.812,0.56346,0.52538,6.0691,0
1.9921,1.8645,0.59181,0.48327,6.0839,0
2.0416,1.9129,0.58965,0.4683,6.0982,0
2.0416,1.9597,0,0.47899,6.1087,1.2827
2.1535,2.0076,0.45402,0.49225,6.135,0
2.1535,2.0568,0,0.48488,6.1471,1.2623
2.2356,2.1053,0.031192,0.40775,6.1628,0.75294
2.2294,2.1461,-0.11993,0.25247,6.1653,0.88222
2.2117,2.1713,-0.19394,0.12025,6.1767,0.7982
2.1904,2.1834,-0.23827,0.020932,6.1802,0.70092
2.1621,2.1854,-0.27932,-0.0041667,6.1809,0.84246
2.1376,2.185,-0.43834,-0.0084796,6.1752,1.5559
2.1007,2.1842,-0.69982,-0.014957,6.1679,3.1013
2.0323,2.1827,-0.93807,-0.027053,6.1469,5.0796
1.9416,2.18,-1.1488,-0.042996,6.1329,4.0267
1.8314,2.1757,-1.3083,-0.062584,6.0967,4.4225
1.7015,2.1694,-1.4178,-8.8,6.0473,0
1.5527,1.2894,-1.5062,1.8317,6.0293,12.006
1.396,1.4726,-1.6767,-0.0092727,6.0388,4.1617
1.396,1.4717,0,-0.028881,6.0312,0.094489
1.0492,1.4688,-2.0879,-0.051299,5.9949,5.5298
0.83751,1.4636,-2.1916,-0.077201,5.9508,6.0745
0.61448,1.4559,-2.2663,-0.10524,5.879,6.5743
0.39076,1.4454,-2.3183,-0.13458,5.7804,7.0216
0.16471,1.4319,-2.3091,-8.8,5.6641,0
-0.060079,0.55194,-2.2698,-2.2698,5.5693,1.2546
-0.28468,0.32496,-2.2947,-2.2947,5.4994,1.2498
-0.52407,0.095496,-2.2666,-2.2666,5.4308,1.2701
-0.75259,0,-2.2411,-2.2411,5.3646,1.5428
-0.98148,0,-2.2492,-2.2492,5.2988,2.012
-1.2056,0,-2.2941,-2.2941,5.2015,2.4716
-1.2056,0,0,-2.3361,5.0924,0
-1.2056,0,0,-8.8,4.9835,0
-1.2056,0,0,-8.8,4.9069,0
-2.1225,0,-2.2994,-8.8,4.6503,0
-2.345,0,-2.2831,-8.8,4.476,0
-2.5737,0,-2.236,-8.8,4.2776,0
-2.8053,0,-2.2646,-8.8,4.0448,0
-2.8053,0,0,-8.8,3.8082,0
-3.2659,0,-2.1435,-8.8,3.5159,0
-3.4798,0,-2.0124,-8.8,3.2149,0
-3.6772,0,-1.8785,-8.8,2.8969,0
-3.8692,0,-1.6596,-8.8,2.5705,0
-4.034,0,-1.5207,-8.8,2.2189,0
-4.1916,0,-1.5253,-8.8,1.8525,0
-4.1916,0,0,-8.8,1.4773,0
-4.1916,0,0,-10.925,1.1021,0
-4.1916,0,0,-17.776,0.73759,0
-4.8165,0,-1.6401,-42.021,0.28726,0
-4.9839,0,-1.644,-836.62,0.014874,0
-4.9839,0,0,-8.8,3.6996,0
-4.9839,0,0,-8.8,3.2452,0
-5.464,0,-1.6907,-8.8,2.7163,0
-5.6324,0,-1.7544,-8.9484,2.2049,0
-5.6324,0,0,-11.962,1.6864,0
-5.9931,0,-1.9637,-17.644,1.1453,0
-5.9931,0,0,-32.991,0.6342,0
-6.3958,0,-2.1081,-143.8,0.14434,0
-6.6038,0,-2.1301,-105.03,0.21191,0
-6.8186,0,-2.1351,-378.58,0.061754,0
-7.0397,0,-2.1555,-21.833,1.2592,0
-7.2515,0,-2.1389,-41.863,0.66187,0
-7.2515,0,0,-201.97,0.14604,0
-7.6889,0,-2.0158,-78.108,0.38847,0
-7.6889,0,0,-4024.1,0.010121,0
-8.0892,0,-1.8737,-1.8737,19.339,16.583
-8.2722,0,-1.8176,-1.8176,18.536,16.958
-8.2722,0,0,-1.7896,17.718,13.198
-8.6238,0,-1.7685,-1.7685,16.872,17.679
-8.7979,0,-1.7456,-1.7456,16.002,18.036
-8.9647,0,-1.6909,-1.6909,15.125,18.378
-8.9647,0,0,-1.6506,14.237,14.909
-9.3041,0,-1.6165,-1.6165,13.333,19.073
-9.3041,0,0,-1.5336,12.41,15.851
-9.6206,0,-1.3854,-1.3854,11.447,19.722
-9.7645,0,-1.2051,-1.2051,10.494,20.017
-9.8796,0,-1.0078,-1.0078,9.5211,20.253
-9.9741,0,-0.80907,-0.80907,8.526,20.447
-10.053,0,-0.67777,-0.67777,7.519,20.608
-10.053,0,0,-0.60756,6.5171,19.332
-10.175,0,-0.58832,-0.58832,5.5055,20.859
-10.175,0,0,-12.251,4.491,0
-10.286,0,-0.57887,-15.636,3.513,0
-10.349,0,-0.57145,-21.539,2.554,0
-10.349,0,0,-33.846,1.6268,0
-10.349,0,0,-74.019,0.76112,0
-10.349,0,0,-868.33,0.096321,0
-10.466,0,0.16871,-16.097,3.3672,0
-10.441,0,0.36584,-22.245,2.4107,0
-10.407,0,0.4337,-36.275,1.4753,0
-10.358,0,0.41646,-85.05,0.62764,0
-10.307,0,0.418,-4001,0.013273,0
-10.266,0,0.42979,0.42979,18.994,21.046
-10.224,0.042979,0.59035,0.59035,17.975,21.048
-10.166,0.10201,0.8545,0.8545,16.947,21.048
-10.076,0.18746,1.2573,1.2573,15.921,21.041
-9.9552,0.31319,1.6952,1.6952,14.895,21.05
-9.7953,0.48272,2.1736,2.1736,13.862,21.07
-9.5856,0.70008,2.511,2.511,12.832,21.086
-9.3262,0.95118,2.7316,-0.25731,11.795,14.788
-9.0629,0.92545,2.7898,-0.28135,10.786,14.023
-8.7758,0.89731,2.7502,-0.30876,9.799,13.402
-8.5088,0.86643,2.6101,2.6101,8.841,19.219
-8.24,1.1274,2.4677,-0.54616,7.8979,12.87
-8.24,1.0728,0,-0.61447,6.9639,17.8
-8.24,1.0114,0,-0.69989,6.0357,17.495
-7.5509,0.94139,2.2196,-8.8,5.2225,0
-7.3264,0.06139,2.2385,-8.8,4.4242,0
-7.1118,0,2.2552,-8.8,3.7392,0
-6.8795,0,2.2651,-8.8,3.0793,0
-6.6459,0,2.3114,-8.8,2.4413,0
-6.4236,0,2.3296,-8.9616,1.8272,0
-6.1916,0,2.333,-13.002,1.2499,0
-5.9641,0,2.3513,-22.869,0.70519,0
-5.9641,0,0,-69.382,0.22313,0
-5.4888,0,2.4082,-1904.4,0.0078997,0
-5.245,0,2.3847,2.3847,8.9918,10.752
-5.245,0.23847,0,2.3175,8.4554,16.111
-4.7806,0.47022,2.251,2.251,7.9546,10.764
-4.5543,0.69532,2.1732,2.1732,7.4247,10.762
-4.3331,0.91264,2.06,-0.3039,6.9042,5.7868
-4.119,0.88225,2.0156,-0.31649,6.4009,5.3524
-3.9174,0.8506,2.0178,2.0178,5.908,9.7743
-3.711,1.0524,1.996,-8.8,5.4242,0
-3.711,0.17238,0,-8.8,4.9918,0
-3.3285,0,1.9467,-8.8,4.6781,0
-3.1395,0,1.8406,-8.8,4.4042,0
-3.1395,0,0,-8.8,4.1343,0
-2.7684,0,1.5999,-8.8,3.9042,0
-2.6144,0,1.378,-8.8,3.6891,0
-2.6144,0,0,-8.8,3.4716,0
-2.3653,0,0.74722,-8.8,3.2851,0
-2.2879,0,0.59477,-8.8,3.0874,0
-2.2311,0,0.56304,-8.8,2.9092,0
-2.166,0,0.66958,-8.8,2.7385,0
-2.1006,0,0.90399,-8.8,2.5786,0
-2.1006,0,0,-8.8,2.4125,0
-1.8946,0,1.0732,-8.8,2.2523,0
-1.7902,0,0.90188,-8.8,2.1103,0
-1.7902,0,0,-8.8,1.9752,0
-1.6171,0,0.46471,-8.8,1.8574,0
-1.5703,0,0.23612,-8.8,1.7398,0
-1.5495,0,0.068954,-8.8,1.6343,0
-1.5362,0,-0.077297,-8.8,1.5154,0
-1.5391,0,-0.28941,-8.8,1.4101,0
-1.574,0,-0.46702,-8.8,1.2918,0
-1.627,0,-0.44248,-8.8,1.1735,0
-1.627,0,0,-8.8,1.0548,0
-1.7092,0,0.046802,-8.8,0.9239,0
-1.7026,0,0.41752,-8.8,0.7934,0
-1.6695,0,0.76421,-8.8,0.67393,0
-1.6022,0,0.98178,-8.8,0.55759,0
-1.6022,0,0,-8.8,0.44137,0
-1.6022,0,0,-8.8,0.32515,0
-1.6022,0,0,-8.8,0.20892,0
-1.1915,0,0.72631,-8.8,0.18202,0
-1.1101,0,0.55933,-8.8,0.11969,0
-1.0554,0,0.36207,-9.963,0.053936,0
-1.0217,0,0.19583,-255.35,0.0020425,0
-0.9979,0,0.0024814,-8.8,1.1776,0
-1.0039,0,-0.17004,-8.8,1.1171,0
-1.0117,0,-0.28835,-8.8,1.0693,0
-1.0117,0,0,-8.8,1.0121,0
-1.0708,0,-0.24355,-8.8,0.94342,0
-1.0858,0,-0.081567,-8.8,0.88407,0
-1.0998,0,0.15448,-8.8,0.82424,0
-1.0998,0,0,-8.8,0.75826,0
-1.0998,0,0,-8.8,0.69228,0
-0.988,0,0.84778,-8.8,0.61948,0
-0.89411,0,0.93672,-8.8,0.57089,0
-0.79404,0,0.84795,-8.8,0.52825,0
-0.70434,0,0.64521,-8.8,0.49741,0
-0.6408,0,0.37713,-8.8,0.47899,0
-0.59664,0,0.04481,-8.8,0.45808,0
-0.59664,0,0,-8.8,0.44242,0
-0.61282,0,-0.34077,-8.8,0.42855,0
-0.64372,0,-0.39956,-8.8,0.41613,0
-0.64372,0,0,-8.8,0.39575,0
-0.70205,0,-0.25685,-8.8,0.35004,0
-0.72517,0,-0.22169,-8.8,0.32429,0
-0.73959,0,-0.23096,-8.8,0.30459,0
-0.76198,0,-0.35932,-8.8,0.2664,0
-0.80131,0,-0.54795,-8.8,0.23911,0
-0.80131,0,0,-8.8,0.20298,0
-0.92021,0,-0.93032,-8.8,0.15996,0
-1.0064,0,-1.1353,-8.8,0.11181,0
-1.1172,0,-1.4238,-14.764,0.046783,0
-1.2531,0,-1.85,9.8,1,27.049
-1.4441,0.98,-2.6079,-8.8,0.81907,0
-1.7118,0.1,-3.4861,-8.8,0.61115,0
-2.0677,0,-4.3262,-8.9906,0.45831,0
-2.4905,0,-4.9733,-16.523,0.26852,0
-2.4905,0,0,-67.634,0.10208,0
-2.4905,0,0,-75.884,0.1912,0
-3.9866,0,-4.3712,-90.17,0.09262,0
-4.4157,0,-4.322,-79.762,0.12923,0
-4.8445,0,-4.1566,-192.21,0.062401,0
-5.2678,0,-4.3527,-31.453,0.51198,0
-5.7014,0,-4.4299,-131.35,0.12806,0
-6.1473,0,-4.9298,-105.55,0.18778,0
-6.6351,0,-5.0678,-316.93,0.070583,0
-7.1459,0,-5.3083,-31.507,0.97455,0
-7.1459,0,0,-81.203,0.4175,0
-7.1459,0,0,-3824.7,0.10892,0
-8.8923,0,-6.2276,-6.2276,18.268,18.229
-9.5138,0,-6.1322,-6.1322,17.372,19.503
-10.119,0,-6.2066,-6.2066,16.413,20.745
-10.732,0,-5.8137,-5.8137,15.403,22.001
-11.308,0,-4.6623,-4.6623,14.337,23.181
-11.764,0,-3.4513,-3.4513,13.215,24.117
-11.764,0,0,-2.2066,12.055,19.481
-12.337,0,-0.74997,-0.74997,10.839,25.291
-12.406,0,0.60693,0.60693,9.6112,25.433
-12.35,0.060693,0.80704,0.80704,8.3772,25.441
-12.274,0.1414,0.47012,0.47012,7.1429,25.451
-12.22,0.18841,0.19418,0.19418,5.8927,25.438
-12.203,0.20783,-0.11005,-16.659,4.6536,0
-12.223,0,-0.4171,-21.773,3.4977,0
-12.273,0,-0.48035,-32.197,2.3745,0
-12.321,0,-0.25674,-58.609,1.3009,0
-12.321,0,0,-206.2,0.36177,0
-12.346,0,0.28652,-451.91,0.16853,0
-12.308,0,0.4306,-62.573,1.2022,0
-12.255,0,0.48131,-253.22,0.296,0
-12.202,0,0.41968,-218.09,0.34069,0
-12.156,0,0.39722,-347.15,0.21257,0
-12.121,0,0.55173,-99.029,0.73771,0
-12.069,0,0.80007,-3419.9,0.021292,0
-11.992,0,1.1149,1.1149,15.918,24.583
-11.884,0.11149,1.4097,1.4097,14.727,24.591
-11.738,0.25246,1.5587,1.5587,13.524,24.579
-11.576,0.40834,1.4499,1.4499,12.329,24.569
-11.576,0.55333,0,1.1963,11.124,27.38
-11.576,0.67296,0,0.82615,9.9047,26.847
-11.241,0.75558,0.43829,0.43829,8.7286,24.594
-11.241,0.7994,0,0.16,7.5267,25.02
-11.241,0.8154,0,-0.0088761,6.3218,24.698
-11.172,0.81452,-0.076937,-14.066,5.1355,0
-11.176,0,-0.097383,-15.664,4.0119,0
-11.184,0,-0.08999,-21.112,2.9752,0
-11.184,0,0,-32.033,1.9623,0
-11.184,0,0,-63.271,1.0041,0
-11.184,0,0,-345.18,0.20198,0
-11.236,0,-0.14488,-79.964,0.79089,0
-11.245,0,-0.16446,-960.67,0.065825,0
-11.263,0,-0.29986,-17.267,3.7383,0
-11.297,0,-0.42353,-24.157,2.6889,0
-11.297,0,0,-38.849,1.6799,0
-11.402,0,-0.71259,-90.097,0.72721,0
-11.402,0,0,-1649.1,0.037509,0
-11.556,0,-0.84461,-0.84461,7.134,23.691
-11.645,0,-0.86924,-0.86924,5.9777,23.871
-11.724,0,-0.9012,-15.157,4.8212,0
-11.824,0,-0.82866,-19.666,3.711,0
-11.824,0,0,-27.744,2.6269,0
-11.982,0,-0.58714,-46.071,1.5782,0
-11.982,0,0,-120.48,0.61038,0
-12.072,0,-0.29124,9.8,1,45.952
-12.108,0.98,-0.15853,9.8,1,47.755
-12.118,1.96,-0.11494,9.8,1,49.693
-12.137,2.94,-0.17499,9.8,1,51.868
-12.149,3.92,-0.24598,9.8,1,54.05
-12.172,4.9,-0.38157,9.8,1,56.391
-12.219,5.88,-0.49564,9.8,1,58.737
-12.27,6.86,-0.48846,9.8,1,60.835
-12.27,7.84,0,9.8,0.99317,61.817
-12.27,8.82,0,9.8,1.0002,63.826
-12.384,9.8,-0.047884,9.8,1,66.17
-12.392,10.78,0.049731,9.8,1,67.99
-12.381,11.76,0.043469,9.8,1,69.991
-12.382,12.74,0.026352,9.8,1,72.036
-12.372,13.72,-0.013157,9.8,1,74.109
-12.379,14.7,-0.071402,9.8,1,76.255
-12.387,15.68,-0.073536,9.8,1,78.283
-12.388,16.66,-0.058118,9.8,1,80.262
-12.388,17.64,0,9.8,0.99125,82.149
-12.398,18.62,-0.029257,9.8,1,84.24
-12.408,19.6,-0.014446,9.8,1,86.24
-12.401,20.58,-0.062845,9.8,1,88.334
-12.399,21.56,-0.10433,9.8,1,90.427
-12.399,22.54,0,9.8,1.0073,92.217
-12.443,23.52,-0.28977,9.8,1,94.926
-12.443,24.5,0,9.8,0.99591,96.326
-12.499,25.48,-0.21832,9.8,1,98.908
-12.499,26.46,0,9.8,1.0026,100.46
-12.53,27.44,-0.049589,9.8,1,102.63
-12.532,28.42,0.13757,9.8,1,104.25
-12.515,29.4,0.38528,9.8,1,105.71
-12.515,30.38,0,9.8,0.99697,108.53
-12.417,31.36,0.83457,9.8,1,108.58
-12.324,32.34,1.0902,9.8,1,109.86
-12.224,33.32,1.2078,9.8,1,111.42
-12.105,34.3,1.1539,9.8,1,113.3
-11.998,35.28,1.0303,9.8,1,115.35
-11.998,36.26,0,9.8,0.99445,119.52
-11.798,37.24,0.72906,9.8,1,119.59
-11.798,38.22,0,9.8,1.0024,123.13
-11.658,39.2,0.58353,9.8,1,123.62
-11.658,40.18,0,9.8,0.99558,126.86
-11.658,41.16,0,9.8,0.98035,128.87
-11.503,42.14,0.033164,9.8,1,130.49
-11.503,43.12,-0.37353,9.8,1,133.35
-11.503,44.1,0,9.8,0.99223,134.58
-11.602,45.08,-0.62238,9.8,1,138.1
-11.602,46.06,0,9.8,1.0111,138.8
-11.726,47.04,-0.7268,9.8,1,142.59
-11.798,48.02,-0.6459,9.8,1,144.58
-11.798,49,0,9.8,0.9984,145.23
-11.914,49.98,-0.38918,9.8,1,148.29
-11.95,50.96,-0.07028,9.8,1,149.71
-11.956,51.94,0.49506,9.8,1,150.54
-11.956,52.92,0,9.8,0.99827,153.59
-11.956,53.9,0,9.8,0.99344,155.6
-11.664,54.88,1.7805,9.8,1,153.27
-11.484,55.86,1.8852,9.8,1,154.69
-11.303,56.84,1.9193,9.8,1,156.25
-11.105,57.82,1.9522,9.8,1,157.79
-10.916,58.8,1.9405,9.8,1,159.43
-10.916,59.78,0,9.8,0.99412,165.52
-10.523,60.76,1.9076,9.8,1,162.71
-10.325,61.74,1.8905,9.8,1,164.35
-10.325,62.72,0,9.8,0.98509,170.33
-10.325,63.7,0,9.8,0.965,172.34
-9.7859,64.68,1.6978,9.8,1,169.68
-9.6084,65.66,1.6941,9.8,1,171.33
-9.43,66.64,1.6204,9.8,1,173.13
-9.2743,67.62,1.4352,9.8,1,175.21
-9.1259,68.6,1.0755,9.8,1,177.67
-9.0253,69.58,0.72431,9.8,1,180.21
-8.9564,70.56,0.48,9.8,1,182.59
-8.9564,71.54,0,9.8,0.99188,185.61
-8.8601,72.52,0.36128,9.8,1,186.66
-8.833,73.5,0.42324,9.8,1,188.49
-8.7974,74.48,0.33478,9.8,1,190.61
-8.7675,75.46,0.15293,9.8,1,192.94
-8.7675,76.44,0,9.8,0.99027,195.27
-8.7585,77.42,-0.08509,9.8,1,197.44
-8.7588,78.4,-0.055899,9.8,1,199.39
-8.7571,79.38,0.09623,9.8,1,201.07
-8.7571,80.36,0,9.8,0.99685,203.28
-8.7098,81.34,0.35262,9.8,1,204.45
-8.6685,82.32,0.26929,9.8,1,206.55
-8.6341,83.3,0.25751,9.8,1,208.52
-8.6182,84.28,0.28702,9.8,1,210.43
-8.5951,85.26,0.3367,9.8,1,212.29
-8.5602,86.24,0.46459,9.8,1,213.96
-8.5133,87.22,0.60644,9.8,1,215.57
-8.4568,88.2,0.60862,9.8,1,217.46
-8.3975,89.18,0.55908,9.8,1,219.45
-8.3462,90.16,0.47457,9.8,1,221.53
-8.3071,91.14,0.45745,9.8,1,223.5
-8.3071,92.12,0,9.8,0.99323,226.47
-8.2158,93.1,0.74523,9.8,1,226.72
-8.142,94.08,0.94095,9.8,1,228.17
-8.0523,95.06,1.0524,9.8,1,229.76
-7.9535,96.04,1.0461,9.8,1,231.58
-7.8432,97.02,0.97826,9.8,1,233.51
-7.7467,98,0.66861,9.8,1,235.97
-7.7467,98.98,0,9.8,1,239.38
