15.278,15.278,-0.76556,0,35.5,3.2995
15.202,15.278,-0.64806,-0.0061698,35.495,2.7947
15.202,15.277,0,-0.010634,35.488,0.13321
15.08,15.276,-0.53984,-0.016007,35.459,2.5447
15.033,15.274,-0.51685,-0.019778,35.437,2.5596
14.973,15.273,-0.50765,-0.024553,35.404,2.6897
14.929,15.27,-0.48325,-0.027956,35.365,2.6811
14.884,15.267,-0.403,-0.031513,35.324,2.3808
14.848,15.264,-0.34202,-0.034256,35.284,2.1718
14.848,15.261,0,-0.036299,35.242,0.83674
14.848,15.257,0,-0.037715,35.201,0.82383
14.778,15.253,-0.16809,-0.039256,35.162,1.5672
14.778,15.249,0,-0.041026,35.114,0.96539
14.74,15.245,-0.16032,-0.041906,35.078,1.6142
14.727,15.241,-0.11201,-0.042677,35.037,1.45
14.716,15.237,-0.25997,-0.043391,34.979,2.0802
14.69,15.232,-0.42862,-0.045319,34.918,3.0025
14.644,15.228,-0.45618,-0.048888,34.869,3.2927
14.599,15.223,-0.37594,-0.052386,34.804,2.9626
14.566,15.218,-0.44218,-0.054844,34.739,3.4259
14.529,15.212,-0.39552,-0.057637,34.664,3.2524
14.484,15.207,-0.37354,-0.06117,34.593,3.2515
14.454,15.2,-0.46692,-0.06332,34.525,3.8817
14.416,15.194,-0.5895,-0.066276,34.454,4.8157
14.352,15.187,-0.57309,-0.071364,34.376,4.9006
14.289,15.18,-0.54969,-0.076339,34.298,4.9296
14.225,15.173,-0.50849,-0.081502,34.209,4.8389
14.225,15.165,0,-0.085082,34.115,2.0721
14.131,15.156,-0.39145,-0.088911,34.011,4.3244
14.101,15.147,-0.34288,-0.091138,33.914,4.0922
14.068,15.138,-0.26297,-0.093665,33.805,3.7004
14.037,15.129,-0.17742,-0.095985,33.693,3.3024
14.037,15.119,0,-0.097411,33.584,2.4414
14,15.109,-0.095531,-0.098425,33.47,2.9435
14,15.099,0,-0.099547,33.36,2.4832
13.972,15.09,-0.087416,-0.10018,33.25,2.9267
13.96,15.08,-0.088475,-0.10082,33.14,2.9346
13.96,15.069,-0.080671,-0.10039,33.031,2.8681
13.948,15.059,-0.059267,-0.101,32.928,2.7732
13.946,15.049,-0.057826,-0.10068,32.823,2.7415
13.946,15.039,-0.045684,-0.1002,32.717,2.6576
13.941,15.029,-0.040843,-0.10027,32.606,2.622
13.947,15.019,-0.038241,-0.099324,32.489,2.566
13.947,15.009,-0.03375,-0.098861,32.379,2.5176
13.94,14.999,-0.020031,-0.099023,32.275,2.4492
13.944,14.989,0.01776,-0.098224,32.176,2.2592
13.936,14.98,0.058319,-0.098485,32.077,2.0961
13.95,14.97,0.074512,-0.096607,31.982,1.9756
13.955,14.96,0.090287,-0.095591,31.886,1.8816
13.968,14.951,0.12591,-0.093953,31.782,1.7071
13.984,14.941,0.17271,-0.091881,31.694,1.5003
14,14.932,0.19716,-0.089785,31.602,1.3712
14.019,14.923,0.18843,-0.087455,31.513,1.3357
14.036,14.914,0.18035,-0.085298,31.418,1.3019
14.055,14.906,0.20259,-0.083019,31.325,1.1823
14.078,14.897,0.20852,-0.080279,31.235,1.1009
14.078,14.889,0,-0.076852,31.153,1.7416
14.131,14.882,0.22983,-0.074106,31.083,0.91011
14.144,14.874,0.25498,-0.072222,31.019,0.81074
14.178,14.867,0.25508,-0.068419,30.948,0.73358
14.194,14.86,0.25431,-0.066331,30.879,0.69182
14.194,14.854,0,-0.062762,30.813,1.3801
14.261,14.847,0.28683,-0.058743,30.742,0.48361
14.288,14.841,0.29661,-0.055635,30.686,0.41047
14.323,14.836,0.32108,-0.05165,30.638,0.3028
14.352,14.831,0.28094,-0.048293,30.591,0.31049
14.376,14.826,0.2105,-0.045515,30.544,0.38774
14.401,14.821,0.1779,-0.04263,30.502,0.3996
14.416,14.817,0.23449,-0.040699,30.457,0.2583
14.416,14.813,0,-0.038914,30.417,0.7898
14.416,14.809,0,-0.036806,30.378,0.78641
14.472,14.805,0.2544,-0.034029,30.342,0.1145
14.506,14.802,0.32091,-0.030281,30.308,0
14.506,14.799,0,-0.027195,30.278,0.57661
14.567,14.796,0.51025,-0.023524,30.262,0
14.622,14.794,0.67525,-0.017692,30.234,0
14.698,14.792,0.74358,-0.0097052,30.218,0
14.776,14.791,0.77242,-0.001535,30.213,0
14.855,14.791,0.73335,0.031852,30.22,0
14.934,14.794,0.6777,0.069574,30.226,0
14.934,14.801,0,0.098995,30.24,0
15.07,14.811,0.66592,0.12824,30.261,0
15.138,14.824,0.67604,0.15559,30.294,0
15.202,14.839,0.67347,0.17987,30.337,0
15.262,14.857,0.66877,0.20027,30.371,0
15.262,14.877,0,0.22063,30.411,0
15.383,14.9,0.67498,0.239,30.45,0
15.445,14.923,0.65883,0.25714,30.503,0
15.501,14.949,0.64389,0.27194,30.567,0
15.501,14.976,0,0.28882,30.62,0
15.622,15.005,0.62895,0.30302,30.679,0
15.687,15.036,0.62935,0.31947,30.744,0
15.687,15.067,0,0.3353,30.808,0
15.823,15.101,0.62475,0.35302,30.88,0
15.892,15.136,0.61776,0.36869,30.951,0
15.892,15.173,0,0.37791,31.025,0
16.016,15.211,0.6134,0.39145,31.101,0
16.068,15.25,0.61954,0.39689,31.173,0
16.131,15.29,0.63995,0.40726,31.246,0
16.188,15.331,0.62307,0.4141,31.327,0
16.258,15.372,0.61461,0.42715,31.404,0
16.311,15.415,0.61253,0.43104,31.492,0
16.311,15.458,0,0.4434,31.58,0
16.448,15.502,0.53603,0.45264,31.676,0
16.448,15.547,0,0.45447,31.768,0
16.561,15.593,0.51261,0.46152,31.872,0
16.561,15.639,0,0.4656,31.967,0
16.561,15.686,0,0.46897,32.057,0
16.726,15.732,0.53655,0.47058,32.179,0
16.789,15.779,0.52514,0.47745,32.285,0
16.851,15.827,0.49407,0.48304,32.391,0
16.851,15.876,0,0.48169,32.491,0
16.851,15.924,0,0.47968,32.586,0
16.997,15.972,0.36595,0.48027,32.697,0
17.032,16.02,0.30688,0.47317,32.804,0
17.032,16.067,0,0.46769,32.903,0
17.103,16.114,0.20285,0.46043,33.01,0
17.103,16.16,0,0.44952,33.107,0
17.143,16.205,0.15488,0.43529,33.212,0
17.16,16.248,0.13669,0.42203,33.31,0
17.172,16.291,0.13868,0.40728,33.398,0
17.182,16.331,0.15322,0.39243,33.489,0
17.196,16.37,0.1744,0.38013,33.578,0
17.209,16.409,0.19685,0.36799,33.661,0
17.236,16.445,0.21259,0.36266,33.744,0
17.252,16.482,0.19691,0.35304,33.816,0
17.271,16.517,0.16802,0.34482,33.899,0
17.284,16.551,0.14212,0.33442,33.971,0
17.308,16.585,0.12012,0.32969,34.049,0
17.313,16.618,0.1156,0.31644,34.11,0
17.323,16.649,0.1128,0.30625,34.179,0
17.323,16.68,0,0.29354,34.245,0
17.327,16.709,0.009749,0.28023,34.305,0
17.327,16.737,0,0.26659,34.366,0
17.324,16.764,-0.16434,0.25351,34.425,0
17.299,16.789,-0.26664,0.23037,34.479,0.16248
17.299,16.812,0,0.20888,34.529,0
17.243,16.833,-0.30844,0.18461,34.572,0.42612
17.243,16.852,0,0.16371,34.613,0
17.19,16.868,-0.33389,0.14507,34.627,0.62239
17.154,16.883,-0.30499,0.12186,34.662,0.5725
17.124,16.895,-0.24784,0.10286,34.677,0.4182
17.103,16.905,-0.17653,0.088842,34.691,0.2263
17.082,16.914,-0.13796,0.075437,34.714,0.14863
17.082,16.922,0,0.066241,34.73,0
17.06,16.928,-0.087172,0.058989,34.754,0.054956
17.06,16.934,0,0.050269,34.767,0
17.04,16.939,-0.10463,0.045467,34.783,0.13369
17.032,16.944,-0.079967,0.039475,34.785,0.085525
17.031,16.948,-0.022491,0.037428,34.785,0
17.034,16.951,0.028249,0.037188,34.784,0
17.038,16.955,0.030741,0.037268,34.79,0
17.05,16.959,0.053622,0.04101,34.791,0
17.055,16.963,0.085704,0.041162,34.81,0
17.069,16.967,0.12438,0.045556,34.818,0
17.075,16.972,0.14713,0.04631,34.829,0
17.086,16.976,0.18924,0.049257,34.838,0
17.086,16.981,0,0.051173,34.849,0
17.119,16.986,0.22813,0.059281,34.869,0
17.119,16.992,0,0.068639,34.882,0
17.173,16.999,0.25002,0.077828,34.898,0
17.202,17.007,0.26502,0.087182,34.922,0
17.232,17.016,0.26964,0.096813,34.952,0
17.258,17.025,0.28977,0.10391,34.982,0
17.258,17.036,0,0.11143,35.005,0
17.313,17.047,0.29447,0.1188,35.033,0
17.313,17.059,0,0.12272,35.059,0
17.313,17.071,0,0.13319,35.083,0
17.409,17.084,0.31356,0.14465,35.108,0
17.446,17.099,0.30782,0.15506,35.144,0
17.479,17.114,0.31227,0.16241,35.179,0
17.501,17.13,0.31841,0.16502,35.217,0
17.528,17.147,0.28982,0.1696,35.245,0
17.548,17.164,0.26336,0.17087,35.276,0
17.569,17.181,0.27683,0.17229,35.312,0
17.596,17.198,0.26779,0.1765,35.351,0
17.62,17.216,0.24178,0.1794,35.397,0
17.62,17.234,0,0.18123,35.437,0
17.664,17.252,0.26669,0.18271,35.484,0
17.698,17.27,0.24542,0.18936,35.523,0
17.72,17.289,0.23855,0.19058,35.562,0
17.747,17.308,0.24781,0.19406,35.61,0
17.747,17.328,0,0.19431,35.653,0
17.79,17.347,0.21937,0.19552,35.712,0
17.79,17.367,0,0.19491,35.756,0
17.79,17.386,0,0.19596,35.797,0
17.849,17.406,0.217,0.19531,35.835,0
17.863,17.425,0.20329,0.19254,35.884,0
17.863,17.444,0,0.19096,35.927,0
17.9,17.464,0.21126,0.19191,35.961,0
17.917,17.483,0.18863,0.19067,36.011,0
17.941,17.502,0.19461,0.19257,36.055,0
17.952,17.521,0.20264,0.18898,36.102,0
17.977,17.54,0.19481,0.19129,36.148,0
17.993,17.559,0.15602,0.19005,36.195,0
18.002,17.578,0.19342,0.18562,36.234,0
18.029,17.597,0.22362,0.1889,36.284,0
18.043,17.616,0.19185,0.18684,36.331,0
18.069,17.634,0.15445,0.18979,36.365,0
18.069,17.653,0,0.18546,36.408,0
18.095,17.672,0.1518,0.18428,36.449,0
18.095,17.69,0,0.17926,36.491,0
18.108,17.708,0.010846,0.17414,36.531,0
18.101,17.726,-0.0060805,0.16315,36.574,0
18.093,17.742,-0.026247,0.15248,36.602,0
18.088,17.757,-0.081469,0.1438,36.64,0
18.087,17.771,-0.10597,0.13709,36.664,0
18.084,17.785,-0.077234,0.12948,36.693,0
18.077,17.798,-0.06813,0.12071,36.725,0
18.077,17.81,0,0.11246,36.752,0
18.054,17.821,-0.064249,0.10063,36.768,0
18.055,17.832,-0.038854,0.096888,36.798,0
18.056,17.841,-0.022908,0.093026,36.815,0
18.056,17.851,-0.0064247,0.088753,36.834,0
18.058,17.859,-0.0084117,0.086104,36.852,0
18.058,17.868,0,0.084713,36.871,0
18.06,17.876,-0.025012,0.079361,36.899,0
18.062,17.884,-0.040421,0.076605,36.926,0
18.055,17.892,-0.046396,0.070253,36.945,0
18.046,17.899,-0.061746,0.06335,36.956,0
18.043,17.905,-0.063246,0.059351,36.96,0
18.034,17.911,-0.027244,0.052944,36.965,0
18.034,17.917,0,0.045613,36.977,0
18.023,17.921,-0.0086678,0.043912,36.971,0
18.031,17.926,0.012011,0.045465,36.979,0
18.031,17.93,0,0.040442,36.989,0
18.029,17.934,0.013429,0.040748,36.983,0
18.029,17.938,0,0.041298,36.992,0
18.043,17.942,0.012935,0.043199,36.99,0
18.043,17.947,0,0.046056,37,0
18.043,17.951,0,0.042346,37.009,0
18.044,17.956,0.0050522,0.037978,37.035,0
18.044,17.959,0.018606,0.036268,37.04,0
18.042,17.963,0.021044,0.034189,37.058,0
18.046,17.966,0.043389,0.034326,37.074,0
18.046,17.97,0,0.034394,37.082,0
18.046,17.973,0,0.036923,37.09,0
18.068,17.977,0.0037452,0.039109,37.096,0
18.065,17.981,-0.017246,0.036277,37.097,0
18.065,17.985,0,0.030753,37.105,0
18.044,17.988,0.0056506,0.024278,37.118,0
18.043,17.99,0.013605,0.022789,37.127,0
18.053,17.992,0.035642,0.026134,37.128,0
18.053,17.995,0,0.026587,37.134,0
18.054,17.998,0.054233,0.024191,37.134,0
18.062,18,0.0036609,0.02659,37.139,0
18.062,18.003,0,0.0219,37.145,0
18.049,18.005,-0.061937,0.018972,37.149,0.088475
18.049,18.007,0,0.012576,37.153,0
18.017,18.008,-0.16957,0.0038795,37.161,0.41999
18.017,18.008,0,-0.0005848,37.162,0
17.972,18.008,-0.31569,-0.0032994,37.175,1.0202
17.933,18.008,-0.4088,-0.006768,37.179,1.5148
17.895,18.007,-0.44526,-0.010132,37.165,1.7904
17.849,18.006,-0.44842,-0.014226,37.145,1.9356
17.8,18.005,-0.4262,-0.018544,37.13,1.963
17.748,18.003,-0.40242,-0.023056,37.116,1.9891
17.716,18.001,-0.41646,-0.025747,37.093,2.1435
17.672,17.998,-0.45504,-0.029571,37.063,2.4672
17.672,17.995,0,-0.033457,37.03,0.63048
17.579,17.992,-0.47493,-0.037513,36.998,2.8408
17.532,17.988,-0.48016,-0.041539,36.947,3.0056
17.492,17.984,-0.46103,-0.044873,36.895,3.0065
17.442,17.979,-0.43248,-0.049123,36.835,2.9846
17.404,17.975,-0.43366,-0.052257,36.774,3.0925
17.364,17.969,-0.48448,-0.055666,36.713,3.5045
17.321,17.964,-0.50282,-0.059208,36.648,3.7372
17.274,17.958,-0.49732,-0.063133,36.59,3.8368
17.229,17.952,-0.50006,-0.066905,36.516,3.9811
17.188,17.945,-0.50414,-0.070255,36.442,4.1194
17.144,17.938,-0.48762,-0.073972,36.372,4.1374
17.098,17.93,-0.47506,-0.077788,36.291,4.1821
17.049,17.923,-0.44693,-0.081951,36.199,4.1367
17.01,17.914,-0.43062,-0.085143,36.109,4.1329
16.963,17.906,-0.4358,-0.089051,36.021,4.2897
16.928,17.897,-0.44232,-0.091875,35.923,4.4162
16.893,17.888,-0.43648,-0.094703,35.828,4.4627
16.845,17.878,-0.4628,-0.098837,35.718,4.7648
16.789,17.868,-0.48255,-0.10375,35.603,5.0555
16.735,17.858,-0.45871,-0.10831,35.5,5.0351
16.698,17.847,-0.43246,-0.11136,35.391,4.9434
16.66,17.836,-0.42469,-0.11455,35.265,4.9782
16.614,17.825,-0.41763,-0.11852,35.138,5.043
16.614,17.813,0,-0.12281,35.017,2.6878
16.524,17.801,-0.4523,-0.12623,34.892,5.5012
16.479,17.788,-0.46702,-0.13016,34.761,5.7159
16.424,17.775,-0.44243,-0.13505,34.634,5.6813
16.424,17.761,0,-0.13983,34.499,3.044
16.326,17.747,-0.44101,-0.14388,34.341,5.9067
16.326,17.733,0,-0.14845,34.2,3.2263
16.326,17.718,0,-0.1515,34.06,3.1659
16.186,17.703,-0.52726,-0.15646,33.899,6.8889
16.139,17.687,-0.527,-0.16071,33.75,6.9952
16.077,17.671,-0.52623,-0.16648,33.602,7.1502
16.022,17.655,-0.54648,-0.17178,33.438,7.4534
15.964,17.637,-0.58739,-0.17729,33.277,7.9451
15.903,17.62,-0.59573,-0.18311,33.108,8.1703
15.839,17.601,-0.65982,-0.18934,32.943,8.9171
15.839,17.583,0,-0.19515,32.767,4.1128
15.839,17.563,0,-0.20222,32.594,4.0132
15.839,17.543,0,-0.20897,32.423,3.9138
15.839,17.522,0,-0.21608,32.253,3.8114
15.517,17.5,-0.66863,-0.22215,31.999,9.8128
15.517,17.478,0,-0.23007,31.801,4.6876
15.369,17.455,-0.67287,-0.23805,31.589,10.234
15.31,17.431,-0.6718,-0.24454,31.371,10.348
15.31,17.407,0,-0.25184,31.16,5.0573
15.176,17.382,-0.71467,-0.25942,30.933,11.082
15.109,17.356,-0.71847,-0.26692,30.711,11.264
15.036,17.329,-1.2156,-0.27529,30.49,17.613
14.913,17.301,-2.1721,-0.28981,30.258,37.227
14.688,17.272,-3.2669,-0.31726,30.019,79.504
14.352,17.241,-4.3208,-0.3592,29.748,158.43
13.924,17.205,-5.3664,-0.4143,29.432,318.5
13.391,17.163,-5.8739,-0.48482,29.074,443.38
13.391,17.115,0,-0.56491,28.699,9.5684
13.391,17.058,0,-0.65145,28.33,8.778
11.612,16.993,-6.0785,-0.74095,27.703,41.165
11.012,16.919,-6.2556,-0.83792,27.13,41.472
10.384,16.835,-6.4339,-0.94534,26.514,41.77
9.7435,16.741,-6.4871,-1.0636,25.836,41.973
9.0994,16.634,-6.2232,-1.1918,25.116,41.958
8.4783,16.515,-5.7012,-1.3287,24.337,41.712
8.4783,16.382,0,-1.471,23.54,22.634
8.4783,16.235,0,-1.6143,22.757,20.637
6.9596,16.074,-3.9742,-1.7638,21.732,40.096
6.9596,15.898,0,-1.9158,20.829,24.217
6.2109,15.706,-3.3352,-2.0755,19.882,38.088
5.8805,15.498,-3.1034,-2.2487,18.922,36.725
5.5742,15.274,-2.8374,-2.4353,17.949,35.16
5.2937,15.03,-2.5152,-2.6358,16.969,72.16
5.0447,14.766,-2.2792,-2.8447,16.001,61.719
4.8208,14.482,-2.2192,-3.0656,15.042,56.466
4.5932,14.175,-2.2427,-3.3123,14.083,26.468
4.3633,13.844,-2.3407,-3.5852,13.132,23.859
4.1252,13.486,-2.4676,-3.8877,12.195,21.277
3.8837,13.097,-2.5925,-6.3594,11.267,10.972
3.8837,12.461,0,-6.395,10.377,19.212
3.3643,11.821,-2.5734,-6.342,9.4894,9.4184
3.1062,11.187,-2.3974,-6.167,8.6619,8.6454
2.8575,10.571,-2.167,-5.948,7.8668,7.8666
2.8575,9.9757,0,-5.6874,7.1252,9.5758
2.4389,9.407,-1.587,-5.3812,6.3986,6.3122
2.2843,8.8689,-1.3121,-5.2,5.7231,5.3289
2.1581,8.3489,-1.0686,-5.2,5.08,4.0098
2.0571,7.8289,-0.86545,-5.2,4.4845,2.7986
2.0571,7.3089,0,-5.2,3.9333,3.057
1.8968,6.7889,-0.55325,-5.2,3.4097,0.75377
1.8378,6.2689,-0.4698,-5.2,2.9468,0
1.7842,5.7489,-0.43322,-8.8,2.5332,0
1.7411,4.8689,-0.42982,-8.8,2.1875,0
1.6991,3.9889,-0.44282,-8.8,1.9074,0
1.6991,3.1089,0,-8.8,1.7224,0
1.6125,2.2289,-0.44637,-8.8,1.6164,0
1.5627,1.3489,-0.43613,-8.8,1.5924,0
1.5244,0.46887,-0.4369,-8.8,1.659,0
1.4721,0,-0.42983,-8.8,1.8052,0
1.4721,0,0,-8.8,1.9964,0
1.3914,0,-0.3816,-8.8,2.1719,0
1.3914,0,0,-8.8,2.3551,0
1.313,0,-0.32483,-8.8,2.5453,0
1.2881,0,-0.291,-8.8,2.7104,0
1.2515,0,-0.26117,-8.8,2.8721,0
1.2515,0,0,-8.8,3.0412,0
1.2031,0,-0.22907,-8.8,3.2121,0
1.1773,0,-0.21325,-8.8,3.3683,0
1.1529,0,-0.18349,-8.8,3.5381,0
1.1413,0,-0.1649,-8.8,3.7027,0
1.1238,0,-0.14245,-8.8,3.857,0
1.1137,0,-0.12969,-8.8,4.0093,0
1.1137,0,0,-8.8,4.1647,0
1.095,0,-0.12748,-8.8,4.323,0
1.0829,0,-0.13851,-8.8,4.4743,0
1.0786,0,-0.14565,-8.8,4.6352,0
1.0578,0,-0.14102,-8.8,4.7854,0
1.0534,0,-0.13399,-8.8,4.9246,0
1.0534,0,0,-0.15412,5.074,0
1.0202,0,-0.15072,-0.15072,5.1697,0
1.0202,0,0,-0.141,5.2725,0
0.98828,0,-0.16141,-0.16141,5.369,0
0.96857,0,-0.16878,-0.16878,5.4655,0
0.94952,0,-0.12482,-0.12482,5.5662,0
0.94622,0,-0.099471,-0.099471,5.6619,0
0.94622,0,0,-0.068681,5.7571,0
0.91968,0,-0.025713,-0.025713,5.8456,0
0.91225,0,0.028226,0.028226,5.9378,0
0.91782,0.0028226,0.04941,0.04941,6.0384,0
0.9299,0.0077636,0.078775,0.078775,6.1369,0
0.92861,0.015641,0.095929,0.095929,6.2347,0
0.9323,0.025234,0.11876,0.11876,6.3256,0
0.95292,0.03711,0.13178,0.13178,6.4239,0
0.96076,0.050288,0.12639,0.12639,6.5223,0
0.97389,0.062927,0.12501,0.12501,6.6041,0
0.99268,0.075429,0.13111,0.13111,6.6901,0
1.0121,0.08854,0.11855,0.11855,6.7894,0
1.0262,0.1004,0.090485,0.090485,6.8818,0
1.0362,0.10944,0.088184,0.088184,6.9745,0
1.0377,0.11826,0.073207,0.073207,7.0651,0
1.0371,0.12558,0.027071,0.027071,7.1631,0
1.0384,0.12829,0.0051609,0.0051609,7.2513,0
1.0324,0.12881,0.0075278,0.0075278,7.3488,0
1.0363,0.12956,-0.0056958,-0.0056958,7.4423,0
1.0321,0.12899,-0.019583,-0.019583,7.5382,0
1.0383,0.12703,0.0015367,0.0015367,7.6357,0
1.0473,0.12718,0.01689,0.01689,7.7299,0
1.0473,0.12887,0,0.0040144,7.8218,0
1.0427,0.12927,-0.019686,-0.019686,7.9068,0
1.0483,0.12731,-0.0066997,-0.0066997,7.994,0
1.0456,0.12664,0.0045937,0.0045937,8.0816,0
1.0412,0.1271,-0.0018198,-0.0018198,8.1642,0
1.0412,0.12691,0,0.00056354,8.2556,0
1.0374,0.12697,0.019433,0.019433,8.3406,0
1.0374,0.12891,0,0.022905,8.4316,0
1.0481,0.1312,0.04123,0.04123,8.5207,0
1.0449,0.13533,0.069761,0.069761,8.6061,0
1.0615,0.1423,0.10004,0.10004,8.6972,0
1.0765,0.15231,0.090381,0.090381,8.7936,0
1.0834,0.16135,0.13709,0.13709,8.8762,0
1.0969,0.17505,0.18364,0.18364,8.9662,0
1.1232,0.19342,0.24472,0.24472,9.0568,0
1.1476,0.21789,0.31257,0.31257,9.1436,0
1.1827,0.24915,0.41713,0.41713,9.228,0
1.2241,0.29086,0.4547,0.4547,9.328,0
1.2241,0.33633,0,0.45725,9.419,0
1.3209,0.38205,0.44248,0.44248,9.5077,0
1.3209,0.4263,0,0.4314,9.5994,0
1.3209,0.46944,0,0.43895,9.6867,0
1.3209,0.51334,0,0.43319,9.7696,0
1.3209,0.55666,0,0.42103,9.8482,0
1.5285,0.59876,0.44773,0.44773,9.9733,0
1.5722,0.64353,0.45949,0.45949,10.075,0
1.6151,0.68948,0.45137,0.45137,10.17,0
1.6698,0.73462,0.43977,0.43977,10.256,0
1.7158,0.7786,0.45483,0.45483,10.343,0
1.7635,0.82408,0.45023,0.45023,10.434,0
1.7635,0.8691,0,0.43597,10.525,0
1.8514,0.9127,0.42169,4.9,10.635,27.749
1.9025,1.4027,0.42875,4.9,10.704,30.268
1.9461,1.8927,0.44359,0.32699,10.723,0
1.9848,1.9254,0.43682,0.3538,10.738,0
2.0347,1.9608,0.44257,0.42681,10.739,0
2.0728,2.0035,0.46832,0.38674,10.748,0
2.1225,2.0421,0.47436,0.43442,10.764,0
2.1225,2.0856,0,0.41595,10.77,1.1662
2.2235,2.1272,0.49854,0.48726,10.781,0
2.264,2.1759,0.52209,0.42942,10.789,0
2.3257,2.2188,0.54578,0.50452,10.793,0
2.3714,2.2693,0.56732,0.4645,10.808,0
2.4224,2.3157,0.57381,0.47001,10.828,0
2.4744,2.3627,0.5945,0.47602,10.832,0
2.5258,2.4103,0.61024,0.47649,10.848,0
2.5258,2.458,0,0.54923,10.857,1.6201
2.6551,2.5129,0.62227,0.54943,10.885,0
2.7145,2.5679,0.61809,0.54676,10.897,0
2.7804,2.6225,0.61672,0.56894,10.911,0
2.8447,2.6794,0.60922,0.57522,10.918,0
2.8447,2.737,0,0.53959,10.932,1.4544
2.9663,2.7909,0.5993,0.57214,10.959,0
2.9663,2.8481,0,0.5839,10.974,1.6121
2.9663,2.9065,0,0.54487,10.983,1.6261
3.1434,2.961,0.59705,0.54075,11,0
3.2013,3.0151,0.5962,0.53603,11.01,0
3.255,3.0687,0.6028,0.52178,11.033,0
3.3121,3.1209,0.60017,0.5213,11.049,0
3.3733,3.173,0.5863,0.53191,11.063,0
3.4379,3.2262,0.58098,0.54785,11.089,0
3.4379,3.281,0,0.53944,11.107,1.3032
3.5606,3.3349,0.56663,0.55485,11.139,0
3.6112,3.3904,0.55002,0.52881,11.157,0
3.6614,3.4433,0.53564,0.50946,11.171,0
3.6614,3.4942,0,0.50293,11.19,1.1247
3.7693,3.5445,0.5595,0.5021,11.214,0
3.8154,3.5947,0.58651,0.48214,11.233,0
3.8729,3.6429,0.63961,0.49187,11.246,0
