11.111,11.111,0.3355,0,35.5,0
11.151,11.111,0.43491,6.7,35.496,52.631
11.189,11.781,0.34504,-0.036544,35.465,0.43244
11.189,11.777,0,-0.0338,35.406,1.2899
11.274,11.774,0.30575,-0.031011,35.343,0.33788
11.298,11.771,0.30706,-0.029381,35.303,0.289
11.327,11.768,0.20234,-0.027415,35.267,0.4218
11.339,11.765,0.085764,-0.026547,35.233,0.66024
11.349,11.763,-0.052035,-0.025831,35.184,1.0315
11.336,11.76,-0.11985,-0.02652,35.138,1.2891
11.336,11.757,0,-0.027333,35.096,0.88428
11.336,11.755,0,-0.028539,35.054,0.87401
11.274,11.752,-0.30762,-0.030037,35.005,2.2255
11.241,11.749,-0.38532,-0.031941,34.964,2.7091
11.241,11.746,0,-0.033938,34.913,1.0708
11.167,11.742,-0.34558,-0.036363,34.842,2.7084
11.131,11.739,-0.40992,-0.038518,34.778,3.1628
11.097,11.735,-0.25455,-0.040554,34.71,2.4401
11.071,11.731,-0.080486,-0.04206,34.652,1.745
11.064,11.726,0.025458,-0.04237,34.593,1.3707
11.07,11.722,0.10573,-0.041853,34.522,1.0963
11.083,11.718,0.22052,-0.040852,34.454,0.75852
11.099,11.714,0.1858,-0.039652,34.391,0.79987
11.112,11.71,0.16049,-0.038615,34.34,0.82677
11.127,11.706,0.09486,-0.03753,34.288,0.96335
11.136,11.702,-0.069517,-0.036797,34.227,1.4624
11.132,11.699,-0.12579,-0.036864,34.163,1.6739
11.119,11.695,-0.31862,-0.037571,34.115,2.568
11.081,11.691,-0.46074,-0.03991,34.052,3.4644
11.04,11.687,-0.60639,-0.042462,33.994,4.5495
10.973,11.683,-0.55177,-0.046723,33.923,4.3971
10.92,11.678,-0.69653,-0.050044,33.854,5.6477
10.92,11.673,0,-0.054256,33.778,1.6632
10.786,11.668,-0.66005,-0.058559,33.694,5.8374
10.711,11.662,-0.57654,-0.063412,33.602,5.459
10.644,11.656,-0.66772,-0.067736,33.512,6.4115
10.577,11.649,-0.658,-0.072025,33.411,6.567
10.577,11.642,0,-0.07677,33.305,2.4711
10.577,11.634,0,-0.081385,33.199,2.4295
10.362,11.626,-0.726,-0.086255,33.063,7.9436
10.298,11.617,-0.74807,-0.09058,32.925,8.3799
10.221,11.608,-0.76745,-0.095885,32.78,8.8554
10.151,11.599,-0.75749,-0.10072,32.634,9.0175
10.076,11.589,-0.71208,-0.10595,32.479,8.8548
10.076,11.578,0,-0.11158,32.328,3.7035
9.9197,11.567,-0.70946,-0.11704,32.156,9.398
9.9197,11.555,0,-0.12268,31.992,4.099
9.7723,11.543,-0.69072,-0.12785,31.802,9.7362
9.7038,11.53,-0.77209,-0.13294,31.623,10.799
9.6239,11.517,-0.8025,-0.13891,31.445,11.417
9.5444,11.503,-0.82782,-0.14502,31.249,11.987
9.4635,11.488,-0.88347,-0.15126,31.058,12.922
9.3761,11.473,-0.87411,-0.15821,30.846,13.142
9.2965,11.457,-0.84764,-0.16467,30.631,13.121
9.2086,11.441,-0.80397,-0.17187,30.413,12.94
9.1219,11.424,-0.70376,-0.17916,30.184,12.135
9.0489,11.406,-0.60474,-0.18545,29.955,11.332
8.9887,11.387,-0.60861,-0.19087,29.719,11.536
8.9887,11.368,0,-0.19559,29.48,6.4155
8.8841,11.349,-0.46495,-0.20076,29.235,10.381
8.8416,11.329,-0.37336,-0.205,28.992,9.6276
8.8029,11.308,-0.24007,-0.20895,28.752,8.5687
8.7844,11.287,-0.11162,-0.21139,28.499,7.57
8.7783,11.266,0.010176,-0.21275,28.25,6.6681
8.7783,11.245,0,-0.21278,28.002,6.6514
8.8005,11.224,0.19903,-0.21256,27.748,5.3096
8.8005,11.202,0,-0.2118,27.507,6.4071
8.8635,11.181,0.59264,-0.20838,27.27,3.2792
8.9166,11.16,0.71742,-0.20405,27.049,2.721
8.9839,11.14,0.82877,-0.19832,26.83,2.2627
9.0582,11.12,0.87274,-0.19173,26.624,1.9967
9.1507,11.101,0.94375,-0.18339,26.413,1.6884
9.2389,11.083,0.99091,-0.17513,26.224,1.4651
9.3443,11.065,1.0491,-0.16509,26.04,1.2448
9.4434,11.048,1.015,-0.15545,25.866,1.1215
9.5371,11.033,0.91935,-0.14613,25.706,1.0501
9.6357,11.018,0.80244,-0.13606,25.57,1.0031
9.7142,11.005,0.73501,-0.12799,25.43,0.94387
9.7962,10.992,0.68642,-0.11942,25.304,0.86092
9.8583,10.98,0.69459,-0.11273,25.188,0.74415
9.9284,10.969,0.67958,-0.10516,25.083,0.64524
9.9984,10.958,0.58213,-0.097624,24.975,0.6352
10.048,10.948,0.48102,-0.092146,24.873,0.68123
10.103,10.939,0.38797,-0.085949,24.791,0.72837
10.134,10.931,0.30745,-0.082238,24.716,0.81488
10.169,10.922,0.19835,-0.078116,24.632,0.98247
10.186,10.915,0.126,-0.075907,24.554,1.1248
10.189,10.907,-0.0012094,-0.075045,24.481,1.4973
10.187,10.899,-0.10542,-0.074816,24.408,1.8707
10.176,10.892,-0.16873,-0.075552,24.332,2.1428
10.176,10.884,0,-0.077801,24.261,1.4602
10.135,10.877,-0.14527,-0.078921,24.173,2.1041
10.123,10.869,-0.15139,-0.079662,24.107,2.1399
10.11,10.861,-0.20809,-0.080607,24.029,2.4054
10.08,10.853,-0.29464,-0.083288,23.962,2.8887
10.08,10.844,0,-0.085035,23.885,1.5853
10.025,10.836,-0.41739,-0.088199,23.807,3.683
9.9773,10.827,-0.44364,-0.092899,23.719,3.9622
9.9283,10.818,-0.41909,-0.097692,23.64,3.9333
9.8825,10.808,-0.4341,-0.10218,23.55,4.1375
9.8825,10.798,0,-0.1068,23.458,1.9231
9.785,10.787,-0.5314,-0.112,23.347,5.031
9.7413,10.776,-0.52166,-0.11633,23.246,5.0676
9.7413,10.764,0,-0.12281,23.143,2.1692
9.7413,10.752,0,-0.12925,23.042,2.1098
9.5584,10.739,-0.5961,-0.1354,22.918,6.1108
9.5051,10.726,-0.73928,-0.14103,22.793,7.4451
9.4357,10.711,-0.89068,-0.14853,22.671,9.0986
9.3466,10.697,-1.0445,-0.15842,22.542,11.075
9.3466,10.681,0,-0.1695,22.408,2.9084
9.1343,10.664,-1.2749,-0.18283,22.246,14.809
9.0053,10.646,-1.2149,-0.198,22.09,14.483
9.0053,10.626,0,-0.21235,21.927,3.6257
8.7696,10.604,-0.90506,-0.2265,21.738,11.48
8.688,10.582,-0.73415,-0.23667,21.546,9.899
8.6204,10.558,-0.58362,-0.24527,21.349,8.6311
8.5573,10.534,-0.55766,-0.25348,21.147,8.5208
8.5076,10.508,-0.55688,-0.25985,20.953,8.5794
8.4529,10.482,-0.53643,-0.26707,20.753,8.4808
8.3904,10.456,-0.50122,-0.27562,20.543,8.2812
8.3498,10.428,-0.50275,-0.28112,20.341,8.3137
8.2935,10.4,-0.41399,-0.28889,20.135,7.6578
8.2562,10.371,-0.25691,-0.29412,19.929,6.494
8.2335,10.342,-0.18389,-0.29742,19.72,5.9579
8.217,10.312,-0.041089,-0.3001,19.502,5.0295
8.2031,10.282,0.1153,-0.30232,19.288,4.1497
8.2053,10.252,0.20407,-0.30196,19.082,3.6481
8.2205,10.221,0.24333,-0.29974,18.872,3.3596
8.2403,10.191,0.30425,-0.29649,18.673,2.9986
8.2646,10.162,0.28848,-0.29217,18.487,2.9225
8.2997,10.133,0.26528,-0.28617,18.299,2.8508
8.3222,10.104,0.16612,-0.28176,18.125,3.0995
8.343,10.076,0.077759,-0.27772,17.946,3.3386
8.3484,10.048,-0.015212,-0.2758,17.779,3.6669
8.3459,10.02,-0.15339,-0.2753,17.607,4.2935
8.3459,9.9929,0,-0.27829,17.441,3.4168
8.2905,9.9651,-0.33394,-0.28256,17.269,5.336
8.2565,9.9369,-0.42008,-0.28711,17.107,5.9158
8.2073,9.9081,-0.4531,-0.29457,16.935,6.1891
8.1628,9.8787,-0.3942,-0.30137,16.759,5.7905
8.12,9.8486,-0.26502,-0.30761,16.593,4.9637
8.12,9.8178,0,-0.31134,16.421,3.4327
8.0765,9.7867,-0.04682,-0.3127,16.255,3.685
8.0635,9.7554,-0.040937,-0.31371,16.084,3.5932
8.0635,9.724,0,-0.31369,15.917,3.3062
8.049,9.6926,-0.17428,-0.31296,15.761,4.1086
8.0217,9.6613,-0.16364,-0.3162,15.607,4.022
8.0033,9.6297,-0.17226,-0.31816,15.439,4.0126
8.0033,9.5979,0,-0.32165,15.278,3.0711
7.9689,9.5657,-0.047847,-0.32151,15.106,3.289
7.9689,9.5336,0,-0.32167,14.948,2.9809
7.9595,9.5014,-0.024258,-0.31907,14.791,3.0257
7.9471,9.4695,0.080242,-0.31945,14.635,2.5495
7.9513,9.4376,0.17173,-0.31621,14.481,2.1486
7.9513,9.406,0,-0.31163,14.334,2.6951
7.9874,9.3748,0.27324,-0.30272,14.199,1.6567
8.0117,9.3445,0.33425,-0.29457,14.059,1.4119
8.0459,9.3151,0.25522,-0.28413,13.921,1.4829
8.0778,9.2867,0.2545,-0.27406,13.787,1.376
8.1073,9.2592,0.26042,-0.26428,13.662,1.2621
8.1282,9.2328,0.24714,-0.25615,13.548,1.2098
8.143,9.2072,0.24326,-0.24911,13.447,1.1486
8.1771,9.1823,0.24321,-0.23746,13.349,1.0508
8.1771,9.1585,0,-0.22945,13.249,1.6785
8.2179,9.1356,0.048567,-0.22077,13.158,1.3911
8.2179,9.1135,0,-0.21426,13.068,1.5049
8.2182,9.0921,-0.18038,-0.21409,12.974,2.1032
8.2098,9.0707,-0.26165,-0.21269,12.887,2.4211
8.1864,9.0494,-0.22631,-0.21522,12.795,2.2599
8.1576,9.0279,-0.17898,-0.2192,12.699,2.0666
8.1576,9.006,0,-0.2217,12.613,1.3627
8.1205,8.9838,-0.081627,-0.22112,12.529,1.6707
8.1068,8.9617,-0.043364,-0.22089,12.443,1.5191
8.0943,8.9396,-0.062798,-0.22054,12.35,1.5598
8.0969,8.9176,-0.026589,-0.21579,12.273,1.3933
8.0941,8.896,0.02871,-0.21257,12.193,1.1912
8.0892,8.8747,0.15515,-0.20995,12.113,0.84392
8.1119,8.8537,0.21572,-0.19969,12.042,0.65455
8.1251,8.8338,0.29061,-0.19222,11.969,0.48204
8.1251,8.8145,0,-0.18193,11.899,1.0892
8.1713,8.7963,0.31513,-0.17185,11.838,0.33532
8.2121,8.7792,0.34883,-0.15697,11.775,0.22174
8.2432,8.7635,0.40466,-0.14483,11.721,0.11387
8.2891,8.749,0.48146,-0.12854,11.679,0.0013217
8.3348,8.7361,0.54881,-0.11257,11.643,0
8.3848,8.7249,0.56796,-0.095701,11.61,0
8.4458,8.7153,0.56332,-0.076205,11.569,0
8.5115,8.7077,0.57599,-0.055552,11.551,0
8.5607,8.7021,0.56112,-0.040119,11.533,0
8.6075,8.6981,0.49874,-0.025778,11.514,0
8.6509,8.6955,0.49686,-0.012715,11.506,0
8.6966,8.6943,0.44618,0.001197,11.497,0
8.7469,8.6944,0.42217,0.02682,11.501,0
8.7469,8.6971,0,0.043575,11.506,0
8.7469,8.7014,0,0.065562,11.511,0.049179
8.8837,8.708,0.45517,0.089706,11.538,0
8.9374,8.7169,0.48828,0.11247,11.549,0
8.9865,8.7282,0.53098,0.13169,11.571,0
9.0403,8.7414,0.58301,0.15248,11.606,0
9.0928,8.7566,0.69873,0.17134,11.634,0
9.0928,8.7737,0,0.20042,11.667,0
9.2471,8.7938,0.91734,0.23062,11.703,0
9.3301,8.8168,1.0316,0.26099,11.756,0
9.3301,8.8429,0,0.30054,11.806,0
9.5467,8.873,1.0335,0.34171,11.863,0
9.6558,8.9072,0.98687,0.37925,11.932,0
9.6558,8.9451,0,0.40625,12.005,0
9.6558,8.9857,0,0.43325,12.074,0
9.9122,9.029,0.63675,0.44592,12.195,0
9.9669,9.0736,0.52537,0.45001,12.277,0
10.029,9.1186,0.48339,0.45774,12.361,0
10.086,9.1644,0.37376,0.46217,12.442,0
10.118,9.2106,0.31619,0.45446,12.54,0
10.15,9.2561,0.2774,0.44661,12.632,0
10.174,9.3007,0.21098,0.43564,12.712,0
10.174,9.3443,0,0.42534,12.797,0
10.174,9.3868,0,0.41137,12.878,0
10.23,9.428,0.20379,0.39807,12.969,0
10.248,9.4678,0.18026,0.38678,13.052,0
10.248,9.5065,0,0.37352,13.128,0
10.272,9.5438,0.18763,0.35962,13.196,0
10.292,9.5798,0.15675,0.35108,13.265,0
10.292,9.6149,0,0.34316,13.334,0
10.322,9.6492,0.15304,0.33098,13.409,0
10.335,9.6823,0.071571,0.32039,13.47,0
10.338,9.7143,-0.03086,0.3059,13.536,0
10.337,9.7449,-0.10112,0.29008,13.592,0
10.337,9.7739,0,0.27354,13.65,0
10.337,9.8013,0,0.24807,13.705,0
10.289,9.8261,-0.15059,0.22587,13.749,0
10.274,9.8487,-0.39472,0.20713,13.792,0.81257
10.243,9.8694,-0.75384,0.18193,13.829,2.8342
10.161,9.8876,-1.1736,0.13284,13.854,6.49
10.038,9.9009,-1.5457,0.066773,13.879,11.199
9.8754,9.9075,-1.8324,-0.007709,13.893,16.132
9.6914,9.9068,-1.7792,-0.051766,13.885,15.888
9.5057,9.9016,-1.5133,-0.095427,13.855,12.287
9.3623,9.8921,-1.1523,-0.12817,13.813,8.1919
9.2496,9.8792,-0.89827,-0.15316,13.758,6.013
9.1574,9.8639,-0.60073,-0.1728,13.698,3.9522
9.1037,9.8466,-0.46717,-0.18284,13.631,3.2172
9.1037,9.8284,0,-0.19349,13.557,1.1414
9.0106,9.809,-0.33471,-0.19963,13.466,2.6241
8.9776,9.789,-0.32827,-0.2043,13.392,2.6139
8.9776,9.7686,0,-0.20662,13.312,1.2653
8.918,9.7479,-0.33444,-0.21222,13.231,2.6683
8.8812,9.7267,-0.42588,-0.21794,13.149,3.1692
8.8338,9.7049,-0.45244,-0.22632,13.066,3.3648
8.7954,9.6823,-0.45997,-0.23236,12.98,3.4327
8.7502,9.6591,-0.41093,-0.24012,12.894,3.1967
8.6994,9.6351,-0.35173,-0.24955,12.8,2.9303
8.6727,9.6101,-0.29718,-0.25227,12.708,2.6548
8.6511,9.5849,-0.37406,-0.25374,12.612,3.0186
8.62,9.5595,-0.42168,-0.25748,12.525,3.2744
8.585,9.5337,-0.22212,-0.26238,12.435,2.3075
8.585,9.5075,0,-0.26588,12.341,1.4147
8.585,9.4809,0,-0.25619,12.25,1.3777
8.6029,9.4553,0.63778,-0.2427,12.151,0.37314
8.6029,9.431,0,-0.21753,12.067,1.3248
8.6029,9.4093,0,-0.18517,11.986,1.3685
8.8826,9.3908,1.437,-0.14776,11.944,1.2833
8.8826,9.376,0,-0.10189,11.894,0.84443
9.2208,9.3658,2.1601,-0.042408,11.883,4.0516
9.4421,9.3616,2.3834,0.037358,11.872,5.1696
9.6859,9.3653,2.2896,0.149,11.899,4.4787
9.6859,9.3802,0,0.24786,11.93,0
10.117,9.405,1.5932,0.33082,12,1.0595
10.285,9.4381,1.1355,0.39367,12.083,0
10.396,9.4774,0.82775,0.42657,12.164,0
10.476,9.5201,0.46451,0.44414,12.265,0
10.476,9.5645,0,0.44298,12.359,0
10.525,9.6088,-0.37283,0.42458,12.441,0.12773
10.525,9.6513,0,0.38621,12.531,0
10.457,9.6899,-0.66004,0.35464,12.61,1.725
10.389,9.7253,-0.80271,0.30661,12.688,2.7711
10.314,9.756,-0.73142,0.25748,12.752,2.4126
10.314,9.7817,0,0.20762,12.807,0
10.159,9.8025,-0.90502,0.16429,12.831,3.8968
10.159,9.8189,0,0.11399,12.866,0
9.9936,9.8303,-0.69175,0.075095,12.883,2.6216
9.9936,9.8378,0,0.037014,12.899,0
9.8546,9.8416,-0.7196,0.0059903,12.896,2.9774
9.7848,9.8421,-0.67367,-0.01547,12.892,2.8317
9.7252,9.8406,-0.63681,-0.031114,12.891,2.7359
9.6534,9.8375,-0.59753,-0.049672,12.884,2.6546
9.5945,9.8325,-0.51564,-0.064436,12.855,2.312
9.5945,9.8261,0,-0.076158,12.831,0.31816
9.5945,9.8185,0,-0.084815,12.808,0.28247
9.4617,9.81,-0.42017,-0.095237,12.756,2.0484
9.4289,9.8005,-0.43116,-0.10204,12.714,2.1471
9.3947,9.7903,-0.48392,-0.10904,12.678,2.4649
9.3947,9.7794,0,-0.12093,12.639,0.54557
9.3947,9.7673,0,-0.13453,12.601,0.48671
9.2155,9.7538,-1.1288,-0.15052,12.538,7.7962
9.1048,9.7388,-1.4584,-0.17845,12.475,12.088
8.9561,9.7209,-1.5582,-0.21684,12.406,13.948
8.8003,9.6992,-1.5026,-0.25739,12.314,13.512
8.6584,9.6735,-1.4162,-0.29392,12.209,12.6
8.51,9.6441,-1.1947,-0.33189,12.106,10.09
8.394,9.6109,-1.078,-0.36059,11.989,8.9761
8.394,9.5748,0,-0.38654,11.869,1.6955
8.1781,9.5362,-1.2574,-0.41385,11.727,11.326
8.1781,9.4948,0,-0.44453,11.593,1.8597
8.1781,9.4504,0,-0.4782,11.464,1.6529
7.7825,9.4025,-1.4759,-0.51906,11.271,14.796
7.6437,9.3506,-1.6167,-0.55758,11.099,17.139
7.4887,9.2949,-1.8248,-0.60227,10.919,21.017
7.3141,9.2346,-2.209,-0.65391,10.736,29.779
7.1003,9.1692,-2.5891,-0.72176,10.53,41.214
7.1003,9.0971,0,-0.80875,10.327,2.4605
6.529,9.0162,-3.5163,-0.91609,10.078,17.168
6.1821,8.9246,-3.8769,-1.043,9.8176,17.229
5.796,8.8203,-4.0437,-1.1917,9.5354,17.089
5.4002,8.7011,-4.1124,-5.2,9.2134,4.4815
4.9984,8.1811,-4.1394,-5.2,8.8946,4.2958
4.5917,7.6611,-4.2206,-5.2,8.5781,4.2345
4.1633,7.1411,-4.2226,-5.2,8.2848,4.0507
3.7386,6.6211,-4.0319,-5.2,7.9908,3.4546
3.7386,6.1011,0,-5.2,7.7286,7.5392
2.98,5.5811,-3.3837,-8.8,7.4323,0
2.98,4.7011,0,-8.8,7.2162,0
2.98,3.8211,0,-0.39161,7.0881,0.90233
2.121,3.782,-1.6233,-8.8,6.8554,0
1.951,2.902,-1.143,-0.20104,6.7177,5.621
1.951,2.8819,0,-0.22431,6.6237,1.5637
1.7671,2.8594,-0.27878,-0.24012,6.4975,3.1303
1.732,2.8354,-0.10377,-8.8,6.3941,0
1.732,1.9554,0,-0.034329,6.3277,0.39976
1.7155,1.952,-0.22307,-0.036114,6.3104,1.1124
1.7003,1.9484,-0.39718,-0.038115,6.28,1.8729
1.7003,1.9446,0,-0.04435,6.2554,0.42139
1.6107,1.9401,-0.6077,-0.051243,6.2162,3.2489
1.5476,1.935,-0.56871,-0.060663,6.1801,3.1733
1.4884,1.9289,-0.36329,-0.069645,6.1324,2.1913
1.4539,1.922,-0.17801,-0.07479,6.0782,1.4524
1.4295,1.9145,-0.22286,-0.078072,6.0356,1.666
1.4114,1.9067,-0.38216,-0.080667,5.9766,2.4139
1.3701,1.8986,-0.42123,-8.8,5.9332,0
1.3271,1.0186,-0.42567,3.1346,5.9279,25.618
1.2933,1.3321,-0.44222,-0.0043163,5.9509,1.5648
1.2589,1.3316,-0.3164,-0.0081145,5.943,1.109
1.2337,1.3308,-0.20437,-0.010878,5.9251,0.75559
1.212,1.3297,-0.22859,-0.013243,5.9091,0.88681
1.1943,1.3284,-0.2925,-0.015099,5.9018,1.1655
1.1591,1.3269,-0.33138,-0.01897,5.8825,1.409
1.1209,1.325,-0.30921,-0.023168,5.8628,1.4076
1.1209,1.3227,0,-0.025928,5.8425,0.37229
1.0716,1.3201,-0.32506,-0.028473,5.8144,1.5877
1.0393,1.3173,-0.37721,-0.031955,5.7947,1.9022
1.0393,1.3141,0,-0.035388,5.767,0.51287
0.96933,1.3105,-0.42781,-0.039705,5.7329,2.3251
0.92246,1.3065,-0.44626,-0.045041,5.695,2.5429
0.92246,1.302,0,-8.8,5.6568,0
0.834,0.42204,-0.36365,-0.36365,5.6471,0
0.79542,0.38568,-0.338,-0.338,5.6973,0
0.7583,0.35188,-0.27927,-0.27927,5.7327,0
0.73924,0.32395,-0.19653,-0.19653,5.7653,0
0.73924,0.3043,0,-0.21794,5.8079,0
0.69665,0.2825,-0.23843,-0.23843,5.8494,0
0.67265,0.25866,-0.23663,-0.23663,5.8832,0
0.67265,0.235,0,-0.25834,5.9258,0
0.61965,0.20916,-0.31822,-0.31822,5.9629,0
0.59306,0.17734,-0.30469,-0.30469,5.9951,0
0.56968,0.14687,-0.2957,-0.2957,6.0415,0
0.56968,0.1173,0,-0.29763,6.0852,0
0.51395,0.08754,-0.28649,-0.28649,6.1268,0
0.48539,0.05889,-0.31903,-0.31903,6.1731,0
0.45264,0.026988,-0.31176,-0.31176,6.2139,0
0.42299,0,-0.0063252,-0.0063252,6.2562,0
0.4229,0,0.4513,0.4513,6.2925,0
0.46571,0.04513,1.105,1.105,6.3316,0
0.58515,0.15563,1.8663,1.8663,6.3733,0
0.77,0.34226,2.6026,2.6026,6.4183,0
1.0401,0.60252,3.049,3.049,6.4653,0
1.3544,0.90741,3.1913,4.9,6.5123,4.8947
1.6815,1.3974,2.924,1.8609,6.5505,0
1.6815,1.5835,0,2.0725,6.5696,11.383
2.2462,1.7908,2.7067,1.9917,6.6267,0
2.512,1.9899,2.4997,1.9277,6.6774,0
2.7582,2.1827,2.4731,1.8349,6.7354,0
2.7582,2.3662,0,1.7768,6.7838,7.6716
3.2755,2.5439,2.795,1.8371,6.8641,0
3.2755,2.7276,0,1.8604,6.9281,7.5672
3.8017,2.9136,2.1355,1.8128,7.0168,0
3.8017,3.0949,0,1.7249,7.0965,5.8886
3.8017,3.2674,0,1.585,7.1586,5.686
4.2847,3.4259,0.36378,1.3836,7.2881,1.1013
4.3116,3.5643,0.064952,1.1373,7.3636,1.7956
4.3111,3.678,-0.15476,0.9213,7.4275,2.3061
4.2868,3.7701,-0.169,0.72711,7.4932,1.7979
4.2778,3.8428,-0.13613,0.59696,7.5504,1.294
4.2778,3.9025,0,0.47618,7.5909,0.43492
4.2778,3.9501,0,0.38894,7.626,0.27157
4.2335,3.989,-0.11266,0.31916,7.6573,0.64657
4.2179,4.0209,-0.14266,0.25425,7.6745,0.65594
4.1988,4.0464,-0.1478,0.19519,7.6945,0.5897
4.1753,4.0659,-0.092823,0.13939,7.718,0.34387
4.1592,4.0798,-0.086245,0.10052,7.7205,0.28502
4.1571,4.0899,-0.075713,0.084908,7.7295,0.24087
4.1512,4.0984,-0.093045,0.066436,7.7317,0.27225
4.141,4.105,-0.10017,0.045149,7.7288,0.27316
4.1369,4.1095,-0.16282,0.034227,7.7223,0.44494
4.1369,4.113,0,-2.5124e-05,7.7249,0
4.082,4.113,-0.12061,-0.0075775,7.7271,0.34315
4.0765,4.1122,0.34344,-0.0087462,7.7233,0
4.1167,4.1113,0.82312,0.0067168,7.7299,0
4.1934,4.112,1.1973,0.10203,7.7375,0.20742
4.3109,4.1222,1.761,0.23598,7.7597,1.385
4.4863,4.1458,1.959,0.42302,7.785,1.3607
4.4863,4.1881,0,0.61147,7.817,1.1714
4.8734,4.2492,1.8048,0.75221,7.8802,0
5.0616,4.3245,1.786,0.86972,7.9511,0
5.2325,4.4114,1.7436,0.94447,8.0218,0
5.4005,4.5059,1.7164,1.0021,8.1017,0
5.5686,4.6061,1.6806,1.0506,8.2015,0
5.7431,4.7111,1.5955,1.0954,8.2919,0
5.8971,4.8207,1.5757,1.1132,8.4073,0
6.0523,4.932,1.4671,1.1276,8.5121,0
6.0523,5.0448,0,1.1277,8.6185,1.2026
6.3503,5.1575,1.4587,1.1413,8.7452,0
6.5009,5.2717,1.4157,1.1484,8.8709,0
6.5009,5.3865,0,1.1483,8.9881,0.94456
6.7751,5.5013,1.3238,1.1359,9.12,0
6.9135,5.6149,1.2961,1.1324,9.2408,0
7.0492,5.7282,1.2106,1.1274,9.3641,0
7.1624,5.8409,1.2057,1.1057,9.4997,0
7.2912,5.9515,1.1545,1.0991,9.625,0
7.4156,6.0614,1.0424,1.0909,9.7585,0
7.5152,6.1705,0.85702,1.0651,9.9014,0
7.5998,6.277,0.65508,1.0303,10.033,0
7.6636,6.38,0.40925,0.98425,10.164,0
7.6997,6.4784,0.12738,0.92324,10.295,0
7.7123,6.5708,-0.057392,0.85158,10.415,0
7.7023,6.6559,-0.14833,0.77162,10.532,0.19764
7.6844,6.7331,-0.11388,0.69442,10.639,0.03787
7.6844,6.8025,0,0.62721,10.731,0
7.6691,6.8652,0.1536,0.57659,10.82,0
7.6788,6.9229,0.33263,0.53848,10.907,0
7.7202,6.9768,0.47131,0.52612,10.985,0
7.7643,7.0294,0.54355,0.51643,11.052,0
7.8214,7.081,0.5938,0.51709,11.128,0
7.8791,7.1327,0.5551,0.51814,11.205,0
7.9297,7.1845,0.53985,0.51425,11.283,0
7.978,7.236,0.44697,0.50871,11.351,0
7.978,7.2868,0,0.50497,11.422,0
8.078,7.3373,0.32984,0.5013,11.484,0
8.1015,7.3875,0.27337,0.48068,11.561,0
8.1365,7.4355,0.22129,0.46943,11.635,0
8.1639,7.4825,0.19703,0.45396,11.704,0
8.1639,7.5279,0,0.4378,11.77,0
8.1639,7.5716,0,0.42183,11.832,0
8.2146,7.6138,0.097168,0.39451,11.897,0
8.2334,7.6533,0.068868,0.37924,11.953,0
8.2379,7.6912,0.048934,0.35587,12.008,0
8.2515,7.7268,0.038744,0.34006,12.053,0
8.2501,7.7608,0.0016969,0.31595,12.102,0
