19.444,19.444,0.31022,0,35.5,0
19.482,19.444,0.39439,0.013569,35.507,0
19.482,19.446,0,0.029546,35.511,0
19.57,19.449,0.42415,0.043835,35.524,0
19.616,19.453,0.40331,0.058971,35.545,0
19.653,19.459,0.33062,0.070579,35.553,0
19.653,19.466,0,0.081722,35.572,0
19.728,19.474,0.27039,0.092226,35.588,0
19.755,19.483,0.25837,0.098643,35.62,0
19.774,19.493,0.27208,0.10191,35.656,0
19.806,19.504,0.32153,0.10979,35.685,0
19.806,19.515,0,0.11478,35.715,0
19.869,19.526,0.36007,0.12429,35.753,0
19.869,19.538,0,0.12953,35.787,0
19.869,19.551,0,0.13717,35.819,0
19.97,19.565,0.29091,0.14665,35.864,0
19.992,19.58,0.28727,0.14939,35.895,0
20.014,19.595,0.29257,0.15195,35.932,0
20.042,19.61,0.34651,0.1564,35.98,0
20.042,19.626,0,0.16272,36.023,0
20.12,19.642,0.39683,0.17302,36.069,0
20.12,19.659,0,0.17979,36.116,0
20.12,19.677,0,0.18862,36.161,0
20.244,19.696,0.37272,0.19821,36.21,0
20.282,19.716,0.3502,0.20467,36.262,0
20.325,19.736,0.33658,0.21268,36.309,0
20.325,19.758,0,0.21948,36.367,0
20.325,19.779,0,0.22673,36.423,0
20.45,19.802,0.38009,0.2338,36.483,0
20.494,19.826,0.41482,0.24088,36.542,0
20.534,19.85,0.44331,0.24674,36.607,0
20.582,19.874,0.44041,0.25483,36.683,0
20.62,19.9,0.42816,0.25947,36.765,0
20.667,19.926,0.44065,0.26694,36.841,0
20.708,19.952,0.45441,0.27193,36.917,0
20.753,19.98,0.4482,0.27831,36.994,0
20.805,20.007,0.45956,0.28697,37.064,0
20.853,20.036,0.4595,0.29344,37.135,0
20.853,20.065,0,0.29967,37.216,0
20.952,20.095,0.45755,0.30748,37.299,0
21.002,20.126,0.47377,0.31425,37.391,0
21.04,20.158,0.48933,0.31651,37.473,0
21.04,20.189,0,0.32085,37.56,0
21.04,20.221,0,0.32809,37.643,0
21.179,20.254,0.42127,0.33101,37.722,0
21.179,20.287,0,0.33517,37.813,0
21.262,20.321,0.45259,0.33652,37.914,0
21.312,20.354,0.46966,0.34194,38,0
21.362,20.389,0.50119,0.34757,38.098,0
21.412,20.423,0.49514,0.35297,38.194,0
21.454,20.459,0.46076,0.35489,38.286,0
21.502,20.494,0.43617,0.3591,38.387,0
21.544,20.53,0.43033,0.36098,38.479,0
21.582,20.566,0.41445,0.36157,38.59,0
21.582,20.602,0,0.36221,38.689,0
21.67,20.639,0.43915,0.36674,38.803,0
21.717,20.675,0.43662,0.37026,38.897,0
21.717,20.712,0,0.36959,38.999,0
21.781,20.749,0.32374,0.36623,39.099,0
21.821,20.786,0.27259,0.36708,39.197,0
21.821,20.823,0,0.36567,39.299,0
21.878,20.859,0.22363,0.36082,39.407,0
21.907,20.895,0.26744,0.35835,39.518,0
21.936,20.931,0.28125,0.35571,39.627,0
21.965,20.967,0.30543,0.35333,39.732,0
22.001,21.002,0.35153,0.35305,39.826,0
22.039,21.037,0.37693,0.35394,39.925,0
22.067,21.073,0.39327,0.35127,40.024,0
22.109,21.108,0.39927,0.35341,40.128,0
22.151,21.143,0.39174,0.35543,40.221,0
22.182,21.179,0.32867,0.35361,40.329,0
22.216,21.214,0.26704,0.35302,40.436,0
22.246,21.249,0.2119,0.35124,40.545,0
22.266,21.284,0.16326,0.3455,40.642,0
22.266,21.319,0,0.34139,40.739,0
22.306,21.353,0.11503,0.33488,40.823,0
22.311,21.387,0.14149,0.32491,40.925,0
22.311,21.419,0,0.31959,41.016,0
22.353,21.451,0.14801,0.31667,41.112,0
22.372,21.483,0.15525,0.31187,41.192,0
22.372,21.514,0,0.308,41.279,0
22.414,21.545,0.15129,0.30458,41.372,0
22.42,21.575,0.13812,0.29593,41.468,0
22.43,21.605,0.16444,0.2888,41.542,0
22.454,21.634,0.2235,0.287,41.63,0
22.477,21.662,0.25611,0.28501,41.71,0
22.507,21.691,0.26233,0.28543,41.793,0
22.537,21.719,0.28111,0.2856,41.872,0
22.567,21.748,0.31105,0.28606,41.961,0
22.567,21.777,0,0.28792,42.041,0
22.626,21.805,0.27419,0.28634,42.12,0
22.652,21.834,0.2822,0.28526,42.2,0
22.652,21.862,0,0.28367,42.281,0
22.706,21.891,0.32179,0.28401,42.361,0
22.735,21.919,0.3161,0.28418,42.448,0
22.735,21.948,0,0.2858,42.528,0
22.801,21.976,0.31992,0.28721,42.61,0
22.801,22.005,0,0.28726,42.691,0
22.864,22.034,0.27024,0.28871,42.763,0
22.891,22.063,0.29621,0.28775,42.839,0
22.929,22.091,0.3376,0.29099,42.923,0
22.958,22.12,0.36459,0.2908,43.009,0
22.986,22.15,0.39191,0.29019,43.101,0
23.035,22.179,0.38047,0.29693,43.177,0
23.07,22.208,0.3673,0.29881,43.267,0
23.111,22.238,0.36684,0.3026,43.363,0
23.152,22.268,0.33505,0.30625,43.45,0
23.195,22.299,0.26508,0.31038,43.538,0
23.221,22.33,0.26293,0.30831,43.635,0
23.241,22.361,0.28507,0.30459,43.72,0
23.241,22.391,0,0.30269,43.806,0
23.297,22.422,0.30227,0.30264,43.903,0
23.324,22.452,0.35936,0.30147,43.996,0
23.367,22.482,0.37385,0.30558,44.08,0
23.367,22.513,0,0.30594,44.167,0
23.439,22.543,0.28737,0.30908,44.257,0
23.472,22.574,0.26018,0.30973,44.338,0
23.493,22.605,0.2237,0.30603,44.429,0
23.509,22.636,0.19634,0.30071,44.513,0
23.52,22.666,0.20451,0.29404,44.593,0
23.55,22.695,0.2326,0.29419,44.688,0
23.568,22.725,0.25124,0.29015,44.774,0
23.568,22.754,0,0.28657,44.857,0
23.609,22.782,0.36312,0.28422,44.947,0
23.609,22.811,0,0.28453,45.029,0
23.609,22.839,0,0.29003,45.107,0
23.609,22.868,0,0.29068,45.183,0
23.762,22.897,0.32632,0.29659,45.28,0
23.791,22.927,0.28685,0.2963,45.366,0
23.815,22.956,0.28514,0.29418,45.457,0
23.85,22.986,0.27612,0.29616,45.549,0
23.873,23.015,0.21664,0.29374,45.627,0
23.873,23.045,0,0.29379,45.711,0
23.915,23.074,0.19385,0.28749,45.797,0
23.915,23.103,0,0.28406,45.88,0
23.955,23.131,0.13373,0.28149,45.965,0
23.965,23.16,0.18365,0.27506,46.05,0
23.986,23.187,0.21088,0.27278,46.136,0
24.013,23.214,0.21514,0.2727,46.213,0
24.029,23.242,0.20698,0.2689,46.299,0
24.055,23.268,0.22096,0.26821,46.379,0
24.077,23.295,0.21715,0.26662,46.466,0
24.106,23.322,0.20029,0.26713,46.542,0
24.129,23.349,0.2527,0.26605,46.618,0
24.153,23.375,0.2806,0.26507,46.698,0
24.153,23.402,0,0.2637,46.775,0
24.198,23.428,0.21492,0.26212,46.863,0
24.229,23.454,0.19905,0.26372,46.934,0
24.245,23.481,0.15511,0.25982,47.012,0
24.245,23.507,0,0.25933,47.087,0
24.286,23.533,0.223,0.25597,47.172,0
24.312,23.558,0.28932,0.2559,47.245,0
24.312,23.584,0,0.25441,47.319,0
24.375,23.609,0.3317,0.25989,47.394,0
24.404,23.635,0.33391,0.26068,47.469,0
24.404,23.661,0,0.26221,47.545,0
24.472,23.688,0.31135,0.26612,47.625,0
24.504,23.714,0.27463,0.26775,47.703,0
24.504,23.741,0,0.26959,47.781,0
24.575,23.768,0.27083,0.27313,47.846,0
24.594,23.795,0.26007,0.27018,47.925,0
24.617,23.822,0.27365,0.26893,48.006,0
24.617,23.849,0,0.26657,48.084,0
24.665,23.876,0.30263,0.26683,48.166,0
24.704,23.902,0.3068,0.27073,48.253,0
24.732,23.93,0.30708,0.27117,48.34,0
24.766,23.957,0.30523,0.27324,48.419,0
24.789,23.984,0.29407,0.27166,48.503,0
24.824,24.011,0.28877,0.27408,48.586,0
24.853,24.039,0.30367,0.27468,48.662,0
24.874,24.066,0.33244,0.27242,48.741,0
24.911,24.093,0.35514,0.27563,48.813,0
24.957,24.121,0.34869,0.28147,48.894,0
24.988,24.149,0.34376,0.28234,48.983,0
25.025,24.177,0.3367,0.28528,49.059,0
25.062,24.206,0.31725,0.2881,49.149,0
25.062,24.235,0,0.29117,49.234,0
25.062,24.264,0,0.28888,49.315,0
25.161,24.293,0.39037,0.29158,49.411,0
25.203,24.322,0.34633,0.29603,49.502,0
25.203,24.351,0,0.29741,49.589,0
25.266,24.381,0.21072,0.29692,49.69,0
25.293,24.411,0.13785,0.29576,49.786,0
25.308,24.44,0.084056,0.29083,49.873,0
25.325,24.469,0.13921,0.28685,49.956,0
25.325,24.498,0,0.28004,50.04,0
25.351,24.526,0.26721,0.27616,50.126,0
25.37,24.554,0.26491,0.27329,50.218,0
25.388,24.581,0.29337,0.27005,50.307,0
25.415,24.608,0.31336,0.26987,50.393,0
25.443,24.635,0.2768,0.27006,50.481,0
25.471,24.662,0.29064,0.27048,50.56,0
25.471,24.689,0,0.27426,50.64,0
25.539,24.717,0.20533,0.27483,50.721,0
25.539,24.744,0,0.27169,50.801,0
25.574,24.771,0.059791,0.26786,50.894,0
25.588,24.798,0.049466,0.26363,50.982,0
25.591,24.824,0.079907,0.25588,51.066,0
25.606,24.85,0.10634,0.25212,51.135,0
25.608,24.875,0.14843,0.24416,51.203,0
25.627,24.9,0.16894,0.24237,51.276,0
25.647,24.924,0.23503,0.24078,51.349,0
25.663,24.948,0.25938,0.23802,51.411,0
25.687,24.972,0.29563,0.23795,51.49,0
25.715,24.995,0.30893,0.23917,51.556,0
25.745,25.019,0.29247,0.24119,51.623,0
25.745,25.043,0,0.24309,51.695,0
25.799,25.068,0.16837,0.24277,51.76,0
25.821,25.092,0.1459,0.24216,51.828,0
25.821,25.116,0,0.24023,51.9,0
25.857,25.14,0.21674,0.23768,51.985,0
25.881,25.164,0.22753,0.23769,52.046,0
25.881,25.188,0,0.2385,52.117,0
25.937,25.212,0.22425,0.24057,52.193,0
25.962,25.236,0.23405,0.24079,52.264,0
25.962,25.26,0,0.23824,52.335,0
25.996,25.284,0.18881,0.23583,52.4,0
25.996,25.307,0,0.23704,52.47,0
26.04,25.331,0.28026,0.23454,52.545,0
26.064,25.354,0.20862,0.23467,52.611,0
26.064,25.378,0,0.23266,52.68,0
26.104,25.401,0.1162,0.23242,52.749,0
26.121,25.424,0.058826,0.23028,52.824,0
26.13,25.447,-0.029743,0.22527,52.896,0
26.121,25.47,-0.037632,0.21504,52.972,0
26.121,25.491,0,0.20852,53.036,0
26.121,25.512,0,0.1984,53.098,0
26.121,25.532,0,0.188,53.158,0
26.103,25.551,-0.025466,0.18211,53.225,0
26.103,25.569,-0.056388,0.1759,53.276,0
26.098,25.587,-0.073333,0.16858,53.325,0
26.094,25.604,-0.080852,0.1615,53.367,0
26.082,25.62,-0.079921,0.15219,53.407,0
26.08,25.635,-0.14058,0.14649,53.445,0
26.08,25.65,0,0.1401,53.489,0
26.052,25.664,-0.12289,0.12774,53.528,0
26.031,25.676,-0.10301,0.11667,53.567,0
26.022,25.688,-0.11373,0.10981,53.594,0
26.017,25.699,-0.034578,0.10474,53.632,0
26.024,25.71,0.013982,0.10332,53.661,0
26.02,25.72,0.094676,0.098692,53.701,0
26.038,25.73,0.16426,0.10135,53.737,0
26.049,25.74,0.2458,0.10152,53.766,0
26.049,25.75,0,0.1078,53.797,0
26.108,25.761,0.29634,0.11423,53.825,0
26.108,25.772,0,0.11853,53.86,0
26.167,25.784,0.3356,0.12583,53.883,0
26.207,25.797,0.30777,0.13486,53.916,0
26.237,25.81,0.33144,0.14003,53.967,0
26.273,25.824,0.37284,0.14735,54.013,0
26.273,25.839,0,0.15475,54.057,0
26.344,25.854,0.27679,0.16076,54.105,0
26.368,25.87,0.26669,0.16323,54.149,0
26.393,25.887,0.19525,0.16608,54.195,0
26.42,25.903,0.10621,0.16941,54.246,0
26.42,25.92,0,0.16771,54.297,0
26.42,25.937,0,0.15902,54.346,0
26.409,25.953,-0.14677,0.1494,54.405,0
26.397,25.968,-0.097241,0.14068,54.458,0
26.392,25.982,-0.11044,0.13416,54.497,0
26.38,25.995,-0.056609,0.12594,54.542,0
26.369,26.008,0.073478,0.11816,54.58,0
26.367,26.02,0.01253,0.11367,54.62,0
26.367,26.031,0,0.10961,54.654,0
26.367,26.042,0,0.10237,54.687,0
26.367,26.052,0,0.093519,54.719,0
26.329,26.062,-0.12427,0.087469,54.74,0
26.31,26.07,-0.13486,0.078441,54.767,0
26.306,26.078,-0.11548,0.074322,54.781,0
26.287,26.086,-0.11845,0.065689,54.813,0
26.266,26.092,-0.097891,0.056669,54.826,0
26.266,26.098,0,0.051846,54.843,0
26.244,26.103,-0.029647,0.045921,54.86,0
26.242,26.108,0.017949,0.043869,54.87,0
26.241,26.112,0.027222,0.042051,54.889,0
26.241,26.116,0,0.043484,54.901,0
26.255,26.121,0.0066719,0.044026,54.906,0
26.264,26.125,-0.0099049,0.045522,54.91,0
26.272,26.13,-0.057072,0.046647,54.921,0
26.266,26.134,-0.084873,0.043187,54.939,0.0084901
26.25,26.139,-0.10659,0.036472,54.953,0.091955
26.232,26.142,-0.15329,0.029325,54.961,0.24964
26.232,26.145,0,0.026292,54.97,0
26.201,26.148,-0.21119,0.01749,54.962,0.478
26.183,26.15,-0.17112,0.01086,54.973,0.3855
26.176,26.151,-0.12328,0.0081475,54.976,0.26162
26.176,26.151,0,0.0043948,54.978,0
26.156,26.152,-0.064308,0.0014854,54.979,0.13921
26.142,26.152,-0.084064,-0.00073124,54.976,0.2162
26.128,26.152,-0.11792,-0.0017007,54.979,0.3354
26.128,26.152,0,-0.002237,54.977,0.044429
26.118,26.152,-0.071367,-0.0023981,54.972,0.23293
26.112,26.151,-0.024661,-0.002772,54.977,0.13051
26.112,26.151,0,-0.0029393,54.973,0.074183
26.108,26.151,0.015758,-0.0030291,54.962,0.048225
26.106,26.15,-0.032506,-0.0031287,54.959,0.15884
26.099,26.15,-0.068633,-0.0036498,54.96,0.26279
26.096,26.15,-0.087819,-0.0038267,54.961,0.31824
26.096,26.149,0,-0.004562,54.955,0.10158
26.096,26.149,0,-0.0052373,54.95,0.099133
26.075,26.148,-0.010943,-0.0051909,54.936,0.16657
26.073,26.148,0.020386,-0.005329,54.921,0.10037
26.073,26.147,0,-0.0057212,54.914,0.14334
26.072,26.147,-0.039956,-0.0053024,54.915,0.23887
26.067,26.146,-0.10067,-0.0056156,54.917,0.40757
26.06,26.146,-0.18678,-0.0060966,54.907,0.68367
26.034,26.145,-0.60349,-0.0079148,54.901,2.6498
25.97,26.144,-1.3864,-0.012371,54.893,10.074
25.97,26.143,0,-0.021559,54.876,0.31947
25.6,26.141,-3.5563,-0.038455,54.827,87.372
25.253,26.137,-4.8563,-0.062922,54.764,265.79
24.772,26.131,-5.8853,-0.097014,54.655,756.12
24.183,26.121,-6.5403,-0.13903,54.499,1647.1
23.527,26.107,-6.8051,-0.18616,54.278,1654.9
23.527,26.089,0,-0.23543,54.021,6.8876
23.527,26.065,0,-0.28575,53.766,6.502
21.528,26.036,-6.2079,-0.33526,53.205,474.73
20.911,26.003,-5.7836,-0.38367,52.734,346.17
20.326,25.965,-5.1471,-0.43158,52.189,242.68
19.808,25.921,-4.662,-0.47589,51.597,192.77
19.341,25.874,-4.1106,-0.51789,50.973,152.35
19.341,25.822,0,-0.5565,50.322,23.139
18.619,25.766,-2.2768,-0.58987,49.608,72.83
18.389,25.707,-1.6852,-0.61743,48.876,57.549
18.223,25.646,-1.1516,-0.6404,48.144,46.182
18.223,25.582,0,-0.66006,47.405,27.047
18.223,25.516,0,-0.67606,46.672,26.525
18.223,25.448,0,-0.69243,45.946,25.992
17.91,25.379,-0.5629,-0.70757,45.177,35.193
17.856,25.308,-0.57212,-0.72329,44.439,35.065
17.799,25.236,-0.65413,-0.74013,43.688,36.103
17.74,25.162,-0.86653,-0.75726,42.95,39.419
17.651,25.086,-1.0678,-0.77856,42.197,42.963
17.542,25.008,-1.2137,-0.80239,41.453,45.757
17.542,24.928,0,-0.82904,40.711,25.614
17.309,24.845,-0.96254,-0.85509,39.94,40.776
17.221,24.759,-0.63122,-0.87968,39.179,34.852
17.16,24.671,-0.30816,-0.90132,38.433,29.649
17.133,24.581,-0.046316,-0.91954,37.685,25.687
17.121,24.489,0.065179,-0.93593,36.949,23.769
17.121,24.396,0,-0.95077,36.217,23.887
17.133,24.301,0.093068,-0.96484,35.492,22.129
17.151,24.204,0.14978,-0.97776,34.776,20.809
17.169,24.106,0.27946,-0.99041,34.071,18.806
17.199,24.007,0.41064,-1.0009,33.381,16.884
17.246,23.907,0.57989,-1.0082,32.708,14.747
17.309,23.806,0.76319,-1.0123,32.048,12.68
17.384,23.705,0.91369,-1.0138,31.402,11.024
17.483,23.604,1.0585,-1.01,30.78,9.5297
17.483,23.503,0,-1.0031,30.173,16.914
17.702,23.403,1.2797,-0.99451,29.592,7.3137
17.838,23.303,1.4006,-0.97947,29.031,6.3315
17.838,23.205,0,-0.96145,28.49,14.101
18.118,23.109,1.4307,-0.94105,27.998,5.2534
18.118,23.015,0,-0.91934,27.504,12.254
18.388,22.923,1.3425,-0.89719,27.05,4.5911
18.526,22.833,1.2653,-0.87216,26.606,4.3411
18.647,22.746,1.2171,-0.84823,26.19,4.0699
18.647,22.661,0,-0.82453,25.784,9.1054
18.885,22.579,1.2991,-0.79711,25.411,3.3202
19.015,22.499,1.1309,-0.76639,25.062,3.2276
19.121,22.422,0.99812,-0.73945,24.731,3.1467
19.228,22.348,0.86613,-0.71144,24.413,3.0875
19.311,22.277,0.70723,-0.68788,24.111,3.1538
19.311,22.209,0,-0.6654,23.818,5.7567
19.441,22.142,0.575,-0.6475,23.54,2.987
19.503,22.077,0.59512,-0.62681,23.275,2.7129
19.567,22.015,0.56611,-0.60469,23.027,2.5587
19.567,21.954,0,-0.58379,22.785,4.4234
19.677,21.896,0.53769,-0.56404,22.55,2.234
19.74,21.839,0.54721,-0.54058,22.34,2.0271
19.8,21.785,0.52178,-0.51732,22.144,1.8976
19.854,21.734,0.55436,-0.49564,21.949,1.6846
19.914,21.684,0.52119,-0.47196,21.768,1.5776
19.914,21.637,0,-0.4482,21.593,2.9471
20.023,21.592,0.39534,-0.42715,21.44,1.4961
20.023,21.549,0,-0.40925,21.285,2.5342
20.023,21.508,0,-0.38651,21.134,2.5024
20.164,21.47,0.69541,-0.36512,21.011,0.83321
20.235,21.433,0.78196,-0.33767,20.892,0.71369
20.314,21.399,0.83602,-0.30835,20.773,0.62373
20.396,21.369,0.71107,-0.27805,20.666,0.49032
20.466,21.341,0.58621,-0.25156,20.576,0.40771
20.531,21.316,0.51979,-0.22682,20.494,0.33721
20.583,21.293,0.49536,-0.20632,20.424,0.26744
20.642,21.272,0.4464,-0.18391,20.359,0.2064
20.642,21.254,0,-0.16458,20.296,0.95288
20.742,21.237,0.61028,-0.14559,20.243,0.020731
20.799,21.223,0.75458,-0.125,20.192,0.018137
20.799,21.21,0,-0.097938,20.15,0.66336
20.966,21.201,0.93256,-0.069541,20.136,0.078983
21.053,21.194,0.91663,-0.041611,20.126,0
21.053,21.189,0,-0.014252,20.112,0.25642
21.237,21.188,0.80292,0.0093419,20.098,0
21.237,21.189,0,0.024522,20.103,0
21.39,21.191,0.68627,0.037718,20.125,0
21.464,21.195,0.61714,0.051133,20.157,0
21.535,21.2,0.53951,0.063638,20.186,0
21.591,21.207,0.42032,0.07302,20.215,0
21.634,21.214,0.34104,0.079994,20.248,0
21.664,21.222,0.25749,0.084236,20.284,0
21.697,21.23,0.21534,0.089099,20.331,0
21.727,21.239,0.22425,0.093168,20.376,0
21.74,21.249,0.27048,0.094074,20.427,0
21.764,21.258,0.27683,0.096954,20.47,0
21.794,21.268,0.30951,0.10097,20.53,0
21.825,21.278,0.29459,0.10507,20.574,0
21.855,21.288,0.23483,0.10914,20.636,0
21.855,21.299,0,0.11115,20.693,0
21.901,21.31,0.3558,0.11399,20.749,0
21.937,21.322,0.39602,0.11909,20.811,0
21.978,21.334,0.45536,0.12481,20.87,0
22.024,21.346,0.50275,0.13157,20.93,0
22.065,21.359,0.46555,0.13721,20.995,0
22.119,21.373,0.38692,0.14525,21.061,0
22.163,21.388,0.37972,0.15129,21.132,0
22.194,21.403,0.42859,0.15472,21.215,0
22.228,21.418,0.47278,0.15875,21.287,0
22.228,21.434,0,0.16685,21.367,0
22.338,21.451,0.59793,0.17472,21.471,0
22.4,21.468,0.62127,0.184,21.567,0
22.4,21.487,0,0.19165,21.66,0
22.519,21.506,0.60861,0.20115,21.767,0
22.583,21.526,0.60482,0.21027,21.863,0
22.639,21.547,0.60247,0.21778,21.969,0
22.691,21.569,0.55992,0.2244,22.072,0
22.756,21.591,0.58836,0.23377,22.196,0
22.756,21.614,0,0.24214,22.311,0
22.756,21.639,0,0.25075,22.424,0
22.938,21.664,0.67236,0.25796,22.565,0
22.938,21.69,0,0.26672,22.691,0
23.08,21.716,0.7001,0.27787,22.828,0
23.148,21.744,0.71445,0.28687,22.966,0
23.223,21.773,0.70874,0.29744,23.108,0
23.223,21.802,0,0.30531,23.252,0
23.363,21.833,0.66311,0.31593,23.407,0
23.363,21.865,0,0.32538,23.558,0
23.508,21.897,0.59503,0.33481,23.719,0
23.57,21.931,0.48191,0.34191,23.876,0
23.625,21.965,0.39718,0.34755,24.048,0
23.655,22,0.38207,0.34786,24.209,0
23.689,22.034,0.37772,0.34885,24.378,0
23.735,22.069,0.35847,0.35224,24.539,0
23.779,22.104,0.39237,0.35517,24.698,0
23.817,22.14,0.33313,0.3569,24.857,0
23.845,22.176,0.25419,0.35651,25.031,0
23.868,22.211,0.20894,0.35507,25.203,0
23.888,22.247,0.15945,0.35273,25.366,0
23.904,22.282,0.10688,0.34951,25.521,0
23.915,22.317,0.096884,0.34561,25.691,0
23.918,22.352,0.12641,0.33982,25.854,0
23.926,22.386,0.0085245,0.33487,26,0
