23.38,23.38,-1.5183,0,35.5,10.953
23.232,23.38,-1.4086,-0.01916,35.501,10.148
23.085,23.378,-1.3925,-0.037923,35.484,10.591
23.085,23.374,0,-0.056101,35.455,0.49429
22.813,23.369,-1.3034,-0.072015,35.398,10.612
22.683,23.362,-1.2231,-0.088187,35.344,10.158
22.552,23.353,-1.1487,-0.10436,35.275,9.8005
22.443,23.342,-1.1067,-0.11759,35.199,9.7318
22.339,23.331,-1.1221,-0.13013,35.1,10.292
22.236,23.318,-1.0969,-0.1425,34.997,10.374
22.131,23.303,-1.1014,-0.15519,34.886,10.804
22.025,23.288,-1.1322,-0.16796,34.769,11.551
21.906,23.271,-1.1224,-0.18258,34.638,11.865
21.796,23.253,-1.097,-0.19587,34.503,11.939
21.691,23.233,-1.0662,-0.20863,34.356,11.921
21.575,23.212,-1.0704,-0.22304,34.199,12.367
21.459,23.19,-1.0686,-0.23749,34.029,12.732
21.357,23.166,-1.1192,-0.24996,33.856,13.686
21.246,23.141,-1.1375,-0.26391,33.681,14.288
21.132,23.115,-1.1717,-0.2784,33.485,15.11
21.132,23.087,0,-0.29386,33.288,4.3531
21.132,23.058,0,-0.30904,33.094,4.1816
20.767,23.027,-1.1773,-0.32559,32.876,16.347
20.767,22.994,0,-0.34176,32.652,5.0526
20.536,22.96,-1.1731,-0.35666,32.407,16.958
20.417,22.924,-1.2277,-0.3729,32.163,18.082
20.417,22.887,0,-0.38991,31.914,5.6725
20.164,22.848,-1.3014,-0.40851,31.647,19.917
20.034,22.807,-1.3358,-0.42719,31.38,20.823
19.905,22.765,-1.378,-0.44623,31.094,21.852
19.77,22.72,-1.446,-0.46666,30.795,23.361
19.624,22.673,-1.3882,-0.48952,30.486,22.769
19.476,22.624,-1.4271,-0.51296,30.167,23.81
19.338,22.573,-1.4568,-0.53505,29.854,24.657
19.184,22.52,-1.4433,-0.56053,29.521,24.791
19.037,22.463,-1.3793,-0.58539,29.178,23.994
19.037,22.405,0,-0.60872,28.838,7.8357
18.754,22.344,-1.3925,-0.6349,28.471,24.727
18.613,22.281,-1.3954,-0.66033,28.114,25.001
18.477,22.215,-1.3872,-0.68531,27.752,25.037
18.343,22.146,-1.3966,-0.71086,27.373,25.337
18.2,22.075,-1.3749,-0.73859,26.993,25.118
18.053,22.001,-1.4134,-0.76826,26.598,25.93
17.912,21.924,-1.3778,-0.79754,26.2,25.404
17.773,21.844,-1.4055,-0.82747,25.787,25.932
17.63,21.762,-1.417,-0.85883,25.376,26.176
17.63,21.676,0,-0.89149,24.967,8.8216
17.345,21.587,-1.411,-0.92349,24.542,26.054
17.196,21.494,-1.4344,-0.95897,24.115,26.44
17.196,21.398,0,-0.99448,23.69,8.8209
17.196,21.299,0,-1.0292,23.275,8.2249
16.76,21.196,-1.5218,-1.0678,22.82,27.682
16.612,21.089,-1.606,-1.108,22.366,29.087
16.448,20.978,-1.6766,-1.1533,21.909,30.3
16.448,20.863,0,-1.202,21.462,8.4233
16.115,20.743,-1.7636,-1.2491,20.99,31.599
15.937,20.618,-1.7791,-1.3027,20.523,31.636
15.767,20.488,-1.7991,-1.3556,20.053,31.682
15.58,20.352,-1.8333,-1.4152,19.581,32.038
15.393,20.211,-1.8654,-1.4761,19.111,32.299
15.202,20.063,-1.8679,-1.542,18.624,31.834
15.019,19.909,-1.8121,-1.6058,18.145,30.043
14.831,19.748,-1.8254,-1.6737,17.66,29.67
14.641,19.581,-1.7964,-1.7459,17.165,28.337
14.453,19.406,-1.8268,-1.8196,16.671,28.152
14.273,19.224,-1.827,-1.8938,16.169,27.233
14.087,19.035,-1.8488,-1.9712,15.673,26.703
13.908,18.838,-1.9007,-2.048,15.176,26.694
13.709,18.633,-1.8975,-2.1325,14.692,25.544
13.528,18.42,-1.869,-2.9,14.199,15.823
13.336,18.13,-1.8844,-4.4,13.71,4.8559
13.142,17.69,-1.9132,-4.4,13.235,4.9175
12.953,17.25,-1.8467,-4.4,12.802,5.9929
12.766,16.81,-1.8958,-4.4,12.388,7.1597
12.584,16.37,-1.822,-4.4,11.996,10.873
12.584,15.93,0,-4.4,11.64,44.059
12.214,15.49,-1.8671,-4.4,11.3,23.91
12.026,15.05,-1.8872,-4.4,10.98,40.502
11.827,14.61,-1.8659,-4.4,10.693,74.404
11.64,14.17,-1.9226,-4.4,10.426,332.39
11.439,13.73,-1.8534,-4.4,10.185,0
11.439,13.29,0,-4.4,9.9782,112.4
11.08,12.85,-1.7674,-4.4,9.7713,0
11.08,12.41,0,-4.4,9.6163,164.24
10.728,11.97,-1.7401,-5.2,9.4583,0
10.728,11.45,0,-5.2,9.3601,0
10.394,10.93,-1.7133,-5.2,9.2829,0
10.216,10.41,-1.7449,-5.2,9.2556,0
10.046,9.8898,-1.7849,-5.2,9.25,0
9.8769,9.3698,-1.6866,-5.2,9.2791,0
9.8769,8.8498,0,-5.2,9.3558,0
9.8769,8.3298,0,0.55808,9.4845,0
9.3708,8.3856,-1.6726,0.4535,9.5679,11.966
9.1964,8.431,-1.6416,0.35197,9.6543,11.766
9.0246,8.4662,-1.7174,0.2564,9.7132,13.251
8.8533,8.4918,-1.7067,0.16575,9.7533,13.337
8.8533,8.5084,0,0.077614,9.7887,0
8.4969,8.5162,-1.8028,-0.0069872,9.796,15.519
8.4969,8.5155,0,-0.070441,9.7941,0
8.1258,8.5084,-1.8454,-0.13958,9.7584,17.191
8.1258,8.4945,0,-0.20609,9.7208,0.32436
7.7418,8.4739,-1.8023,-0.27082,9.6504,17.214
7.5709,8.4468,-1.792,-0.32708,9.5762,17.337
7.5709,8.4141,0,-0.38648,9.4902,0.91804
7.2171,8.3754,-1.7201,-0.44515,9.3586,16.581
7.0355,8.3309,-1.6949,-0.50518,9.2437,16.369
6.8724,8.2804,-1.6481,-5.2,9.1096,404.21
6.7082,7.7604,-1.6327,-0.39797,8.9891,14.968
6.5397,7.7206,-1.6006,-0.45361,8.8756,14.669
6.5397,7.6752,0,-5.2,8.7598,69.981
6.5397,7.1552,0,-0.34563,8.6722,0.54084
6.0763,7.1207,-1.4785,-5.2,8.545,37.695
5.9235,6.6007,-1.4519,-0.23741,8.4663,11.66
5.7815,6.5769,-1.4577,-0.28235,8.3829,11.989
5.645,6.5487,-1.4322,-0.32478,8.297,11.854
5.51,6.5162,-1.4737,-5.2,8.2061,14.053
5.3631,5.9962,-1.5379,-0.21418,8.1244,12.859
5.2016,5.9748,-1.5724,-0.26468,8.0472,13.708
5.0408,5.9483,-1.6442,-8.8,7.971,0
4.8687,5.0683,-1.6761,-0.058908,7.9069,13.953
4.6917,5.0624,-1.6667,-0.10966,7.8884,14.336
4.5278,5.0515,-1.6646,-0.15601,7.8429,14.769
4.3654,5.0359,-1.6463,-0.20188,7.7769,14.904
4.3654,5.0157,0,-0.24619,7.7109,0.82819
4.0399,4.9911,-1.6456,-0.29452,7.602,15.67
3.8751,4.9616,-1.701,-0.34179,7.5005,16.955
3.7036,4.9274,-1.7465,-8.8,7.3775,0
3.5351,4.0474,-1.7589,-0.13558,7.2895,7.4672
3.3661,4.0339,-1.7969,-0.17809,7.2397,7.5972
3.1836,4.0161,-1.7893,-0.22518,7.1564,7.663
3.0146,3.9935,-1.7554,-0.26846,7.0712,7.672
2.8481,3.9667,-1.7961,-8.8,6.9668,0
2.662,3.0867,-1.7942,-0.091914,6.8957,6.2634
2.4801,3.0775,-1.7691,-0.13057,6.8417,6.393
2.3097,3.0644,-1.7893,-0.16654,6.7832,6.5729
2.1231,3.0478,-1.7998,-0.20749,6.691,6.7411
2.1231,3.027,0,-0.2462,6.5995,1.4276
2.1231,3.0024,0,-8.8,6.5104,0
1.6051,2.1224,-1.6718,-0.085051,6.3752,5.2784
1.6051,2.1139,0,-0.11093,6.3239,0.85616
1.2847,2.1028,-1.6194,-0.13829,6.2309,5.5774
1.1166,2.089,-1.6687,-0.16721,6.1399,5.865
0.95408,2.0723,-1.6924,-0.19566,6.0433,6.0906
0.78237,2.0527,-1.7091,-8.8,5.9226,0
0.62012,1.1727,-1.7988,-0.055472,5.8302,5.0559
0.4318,1.1672,-1.8704,-0.074874,5.7625,5.5135
0.24524,1.1597,-1.8706,-0.094475,5.6878,5.8188
0.05545,1.1502,-1.9249,-0.11545,5.5874,6.2334
-0.12804,1.1387,-1.9656,-8.8,5.4692,0
-0.3228,0.25868,-1.9425,-1.9425,5.3785,1.379
-0.51563,0.064436,-1.9742,-1.9742,5.3181,1.3761
-0.71049,0,-2.038,-2.038,5.2652,1.6435
-0.91806,0,-2.088,-2.088,5.193,2.069
-0.91806,0,0,-2.1384,5.1116,0
-1.3342,0,-2.17,-8.8,4.9888,0
-1.547,0,-2.1746,-8.8,4.8952,0
-1.7597,0,-2.1519,-8.8,4.7832,0
-1.7597,0,0,-8.8,4.6513,0
-1.7597,0,0,-8.8,4.5193,0
-2.4043,0,-2.1547,-8.8,4.2924,0
-2.4043,0,0,-8.8,4.096,0
-2.8287,0,-2.0883,-8.8,3.8648,0
-3.0299,0,-2.0578,-8.8,3.6127,0
-3.2285,0,-2.0453,-8.8,3.3458,0
-3.4323,0,-1.9973,-8.8,3.0486,0
-3.633,0,-1.9947,-8.8,2.7395,0
-3.834,0,-1.9827,-8.8,2.415,0
-4.0342,0,-1.9422,-8.8,2.0717,0
-4.0342,0,0,-8.8,1.7123,0
-4.4271,0,-1.8943,-9.3825,1.3087,0
-4.4271,0,0,-13.574,0.91291,0
-4.4271,0,0,-24.844,0.53806,0
-4.4271,0,0,-91.947,0.21957,0
-5.1901,0,-1.8693,-154.98,0.087964,0
-5.1901,0,0,-44.488,0.34387,0
-5.1901,0,0,-1137.3,0.047301,0
-5.7695,0,-1.8737,-1.8737,5.1255,12.015
-5.9513,0,-1.9313,-8.8,4.5484,0
-6.1482,0,-1.999,-8.8,3.9934,0
-6.3426,0,-1.9831,-8.8,3.417,0
-6.3426,0,0,-9.7001,2.8267,0
-6.764,0,-2.1576,-12.592,2.1923,0
-6.9876,0,-2.2307,-17.767,1.5714,0
-7.2065,0,-2.261,-29.706,0.94612,0
-7.4425,0,-2.3292,-80.586,0.35391,0
-7.6678,0,-2.362,-28173,0.0010435,0
-7.896,0,-2.3792,7.8,140.1,37.763
-8.1252,0.78,-2.3781,7.8,139.27,39.829
-8.3576,1.56,-2.4516,7.8,138.33,42.059
-8.608,2.34,-2.5303,7.8,137.28,44.337
-8.608,3.12,0,7.8,136.15,40.619
-9.107,3.9,-2.4829,7.8,134.88,48.458
-9.107,4.68,0,7.8,133.54,44.84
-9.6058,5.46,-2.416,7.8,132.08,52.538
-9.6058,6.24,0,6.7,130.53,46.749
-9.6058,6.91,0,6.7,128.91,48.123
-10.341,7.58,-2.3664,6.7,127.12,55.975
-10.585,8.25,-2.3726,6.7,125.29,57.863
-10.831,8.92,-2.3749,6.7,123.36,59.744
-11.077,9.59,-2.3578,6.7,121.34,61.587
-11.313,10.26,-2.3608,6.7,119.24,63.451
-11.313,10.93,0,6.7,117.05,59.864
-11.313,11.6,0,6.7,114.79,61.238
-12.026,12.27,-2.479,4.8,112.38,65.29
-12.279,12.75,-2.5938,4.8,109.91,67.032
-12.548,13.23,-2.7349,4.8,107.38,68.864
-12.823,13.71,-2.8664,4.8,104.75,70.688
-13.111,14.19,-3.0135,4.8,102.07,72.572
-13.412,14.67,-3.1315,4.8,99.302,74.42
-13.716,15.15,-3.2773,4.8,96.448,76.335
-14.039,15.63,-3.3632,4.8,93.517,78.161
-14.366,16.11,-3.439,4.8,90.513,79.975
-14.717,16.59,-3.5042,4.8,87.426,81.815
-15.069,17.07,-3.5408,4.8,84.244,83.598
-15.414,17.55,-3.5087,4.8,80.995,85.222
-15.77,18.03,-3.4837,4.8,77.648,86.884
-16.111,18.51,-3.4538,4.8,74.218,88.503
-16.451,18.99,-3.4072,4.8,70.705,90.086
-16.797,19.47,-3.3473,4.8,67.124,91.654
-17.128,19.95,-3.3519,4.8,63.453,93.326
-17.471,20.43,-3.3183,4.8,59.696,94.943
-17.801,20.91,-3.246,4.8,55.861,96.451
-17.801,21.39,0,4.8,51.965,90.615
-18.43,21.87,-2.9798,-2.9452,47.967,82.874
-18.43,21.575,0,-3.3549,43.952,75.148
-18.43,21.24,0,-3.8603,39.968,73.398
-19.287,20.854,-2.7155,-4.4951,35.9,78.737
-19.556,20.404,-2.6659,-5.3115,31.9,76.548
-19.556,19.873,0,-6.3928,27.93,67.585
-20.09,19.234,-2.5191,-7.84,23.96,69.62
-20.341,18.45,-2.3831,-7.84,20.062,68.243
-20.583,17.666,-2.2654,-7.84,16.203,66.884
-20.583,16.882,0,-59.535,12.417,0
-21.033,10.929,-2.1638,-59.449,8.9164,0
-21.033,4.9837,0,-59.39,6.0175,0
-21.472,0,-2.1411,-65.051,3.6643,0
-21.689,0,-2.1126,-130.54,1.8314,0
-21.898,0,-2.0276,-776.1,0.30973,0
-22.102,0,-2.0098,-124.22,1.9987,0
-22.298,0,-2.0024,-622.75,0.40049,0
-22.49,0,-2.0011,-201.78,1.2659,0
-22.49,0,0,-14377,0.025793,0
-22.908,0,-2.2711,7.8,69.63,68.311
-23.142,0.78,-2.432,7.8,67.298,70.726
-23.387,1.56,-2.5929,7.8,64.851,73.166
-23.638,2.34,-2.7139,7.8,62.312,75.535
-23.919,3.12,-2.7784,7.8,59.657,77.844
-24.206,3.9,-2.8227,7.8,56.907,80.125
-24.489,4.68,-2.8099,7.8,54.048,82.277
-24.771,5.46,-2.7635,7.8,51.078,84.356
-25.045,6.24,-2.757,6.7,48.003,84.192
-25.045,6.91,0,6.7,44.841,79.772
-25.598,7.58,-2.6627,6.7,41.544,87.876
-25.874,8.25,-2.5692,6.7,38.189,89.618
-25.874,8.92,0,6.7,34.743,85.593
-26.382,9.59,-2.4093,-2.1977,31.172,74.375
-26.629,9.3702,-2.3133,-2.6264,27.571,73.328
-26.861,9.1076,-2.2535,-3.206,23.97,71.922
-27.078,8.787,-2.1957,-4.017,20.387,69.883
-27.293,8.3853,-2.2084,-5.223,16.811,66.994
-27.518,7.863,-2.1559,-7.1488,13.258,62.226
-27.724,7.1481,-2.0852,-7.84,9.74,59.583
-27.724,6.3641,0,-95.649,6.292,0
-28.124,0,-1.9404,-121.12,3.3183,0
-28.322,0,-1.8367,-365.85,1.1017,0
-28.322,0,0,-4719.5,0.098862,0
-28.677,0,-1.7481,7.8,20.825,79.038
-28.677,0.78,0,-1.7745,17.918,56.846
-29.047,0.60255,-1.7552,-1.7552,14.957,60.968
-29.22,0.42703,-1.7759,-1.7759,12,60.963
-29.387,0.24944,-1.8009,-1.8009,9.0373,60.943
-29.387,0.069351,0,-1.791,6.0826,56.81
-29.744,0,-1.8697,-144.39,3.1039,0
-29.935,0,-2.0361,-540,0.83285,0
-29.935,0,0,-862.1,0.53937,0
-30.356,0,-2.5825,-257.21,1.8095,0
-30.613,0,-2.9142,-9245.6,0.050697,0
-30.914,0,-3.1892,7.8,43.194,86.651
-31.238,0.78,-3.4165,7.8,40.042,89.393
-31.585,1.56,-3.651,7.8,36.783,92.195
-31.948,2.34,-3.7507,7.8,33.419,94.748
-32.318,3.12,-3.7807,7.8,29.93,97.169
-32.694,3.9,-3.7858,7.8,26.324,99.55
-33.075,4.68,-3.7703,-1.8056,22.609,81.713
-33.459,4.4994,-3.6913,-2.352,18.833,80.815
-33.827,4.2642,-3.5929,-3.2328,15.026,79.03
-34.195,3.941,-3.4202,-4.8212,11.209,75.423
-34.536,3.4588,-3.2151,-7.84,7.4117,68.357
-34.85,2.6748,-3.027,-196.8,3.6334,0
-35.152,0,-2.8969,-723.46,0.85741,0
-35.152,0,0,-669.12,0.95956,0
-35.737,0,-3.2605,-889.04,0.72091,0
-36.066,0,-3.5683,-414.67,1.582,0
-36.423,0,-3.7255,-21602,0.030711,0
-36.801,0,-3.6826,7.8,104.38,99.758
-37.161,0.78,-3.4627,7.8,100.64,101.63
-37.498,1.56,-3.1378,7.8,96.795,103.24
-37.498,2.34,0,7.8,92.85,98.244
-38.096,3.12,-2.5112,7.8,88.777,106.35
-38.355,3.9,-2.5254,7.8,84.598,108.51
-38.609,4.68,-2.6493,7.8,80.327,110.89
-38.879,5.46,-2.857,7.8,75.943,113.47
-38.879,6.24,0,6.7,71.47,106.76
-39.472,6.91,-3.6701,6.7,66.864,117.06
-39.472,7.58,0,6.7,62.193,110.72
-40.249,8.25,-4.4423,6.7,57.379,123.02
-40.685,8.92,-4.8637,6.7,52.475,126.18
-40.685,9.59,0,6.7,47.481,117.33
-41.717,10.26,-5.8349,6.7,42.324,133.08
-42.294,10.93,-6.3301,6.7,37.059,136.68
-42.933,11.6,-6.7733,-3.9836,31.681,117.84
-43.62,11.202,-7.1697,-5.2734,26.208,116.55
-44.341,10.674,-7.42,-7.4032,20.719,113
-45.083,9.934,-7.4055,-7.84,15.219,112.06
-45.823,9.15,-6.9621,-7.84,9.7132,111.04
-45.823,8.366,0,-363.52,4.2551,0
-47.13,0,-5.3535,-2153.4,0.51703,0
-47.13,0,0,-4.9082,6.5712,86.49
-48.164,0,-5.1806,-651.53,1.7945,0
-48.681,0,-5.9673,-5787.6,0.20495,0
-49.273,0,-6.9986,7.8,24.248,132.29
-49.966,0.78,-7.3697,-7.3697,19.242,104.22
-50.695,0.043034,-7.058,-7.058,14.17,104.2
-51.408,0,-5.91,-5.91,9.0941,105.57
-51.996,0,-4.3734,-346.35,3.9528,0
-52.441,0,-2.8254,-2979.6,0.46192,0
-52.731,0,-1.9083,-1.9083,10.096,108.29
-52.916,0,-1.3136,-291.61,4.8228,0
-53.043,0,-0.82862,-1434.2,0.98145,0
-53.135,0,-0.40595,-496.37,2.8462,0
-53.166,0,0.12629,-2.9977e+05,0.0047147,0
-53.156,0,0.77302,7.8,1493.5,123.92
-53.073,0.78,1.351,7.8,1488.2,124.14
-52.933,1.56,1.5673,7.8,1482.8,124.99
-52.783,2.34,1.4253,7.8,1477.3,126.58
-52.638,3.12,0.93961,7.8,1471.8,128.91
-52.553,3.9,0.26234,7.8,1466.2,131.75
-52.52,4.68,-0.38524,7.8,1460.5,134.65
-52.561,5.46,-0.829,7.8,1454.7,137.26
-52.64,6.24,-1.1129,6.7,1448.9,137.31
-52.756,6.91,-1.2727,6.7,1443,139.25
-52.88,7.58,-1.3624,6.7,1437,141.07
-53.013,8.25,-1.4282,6.7,1430.9,142.86
-53.163,8.92,-1.4543,6.7,1424.7,144.59
-53.309,9.59,-1.4631,6.7,1418.5,146.28
-53.453,10.26,-1.4674,6.7,1412.1,147.96
-53.453,10.93,0,6.7,1405.7,146.25
-53.453,11.6,0,6.7,1399.3,147.62
-53.878,12.27,-1.2617,4.8,1392.7,148.53
-54.013,12.75,-1.1069,4.8,1386,149.46
-54.117,13.23,-0.86183,4.8,1379.3,150.14
-54.117,13.71,0,4.8,1372.5,149.32
-54.256,14.19,-0.17664,4.8,1365.7,150.96
-54.282,14.67,0.15189,4.8,1358.9,151.3
-54.273,15.15,0.41922,4.8,1351.9,151.71
-54.225,15.63,0.54533,4.8,1345,152.33
-54.166,16.11,0.54695,4.8,1338,153.19
-54.118,16.59,0.49723,4.8,1330.9,154.18
-54.118,17.07,0,4.8,1323.8,156.21
-54.03,17.55,0.37929,4.8,1316.7,156.21
-54.03,18.03,0,4.8,1309.5,158
-53.967,18.51,0.33419,4.8,1302.3,158.15
-53.924,18.99,0.29655,4.8,1295,159.12
-53.899,19.47,0.23796,4.8,1287.7,160.18
-53.872,19.95,0.16414,4.8,1280.3,161.26
-53.848,20.43,0.11189,4.8,1273,162.31
-53.827,20.91,0.039837,4.8,1265.5,163.4
-53.824,21.39,-0.012721,4.8,1258,164.49
-53.835,21.87,-0.024861,4.8,1250.5,165.52
-53.847,22.35,-0.017963,4.8,1242.9,166.51
-53.84,22.83,-0.019626,4.8,1235.2,167.49
-53.849,23.31,-0.010171,4.8,1227.5,168.47
-53.844,23.79,0.039847,4.8,1219.8,169.34
-53.84,24.27,0.1232,4.8,1212,170.14
-53.819,24.75,0.2044,4.8,1204.2,170.91
-53.804,25.23,0.23554,4.8,1196.3,171.8
-53.771,25.71,0.2428,4.8,1188.4,172.7
-53.771,26.19,0,4.8,1180.4,174.19
-53.771,26.67,0,4.8,1172.4,175.18
-53.683,27.15,0.25421,4.8,1164.3,175.45
-53.661,27.63,0.26741,4.8,1156.2,176.36
-53.625,28.11,0.30406,4.8,1148.1,177.19
-53.587,28.59,0.27209,4.8,1139.9,178.16
-53.567,29.07,0.22227,-2,1131.6,164.92
-53.543,28.87,0.18397,4.8,1123.4,178.83
-53.526,29.35,0.15737,-2,1115.1,165.55
-53.511,29.15,0.14035,-2,1106.8,165.14
-53.487,28.95,0.13525,4.8,1098.6,178.98
-53.476,29.43,0.1381,-2,1090.3,165.65
-53.467,29.23,0.1268,-2,1082,165.25
-53.467,29.03,0,4.8,1073.8,179.39
-53.431,29.51,0.12625,-2,1065.5,165.75
-53.41,29.31,0.15052,-2,1057.2,165.24
-53.399,29.11,0.14956,-2,1048.9,164.81
-53.39,28.91,0.15269,4.8,1040.7,178.67
-53.372,29.39,0.17923,-2,1032.4,165.27
-53.353,29.19,0.17787,-2,1024.2,164.82
-53.339,28.99,0.17748,4.8,1015.9,178.68
-53.316,29.47,0.181,-2,1007.7,165.32
-53.291,29.27,0.19376,-2,999.42,164.83
-53.264,29.07,0.15484,-2,991.19,164.44
-53.258,28.87,0.13656,4.8,982.96,178.35
-53.258,29.35,0,-2,974.72,165.33
-53.235,29.15,0.10129,-2,966.48,164.66
-53.224,28.95,0.09149,4.8,958.25,178.54
-53.224,29.43,0,-2,950.01,165.42
-53.216,29.23,0.081569,-2,941.76,164.83
-53.213,29.03,0.058748,4.8,933.52,178.75
-53.199,29.51,0.022323,-2,925.27,165.49
-53.196,29.31,-0.033425,-2,917.01,165.19
-53.199,29.11,-0.055544,-2,908.76,164.83
-53.204,28.91,-0.1024,4.8,900.54,178.82
-53.223,29.39,-0.16872,-2,892.3,165.7
-53.248,29.19,-0.21909,-2,884.04,165.44
-53.248,28.99,0,4.8,875.81,178.86
-53.314,29.47,-0.29373,-2,867.55,166.31
-53.342,29.27,-0.32904,-2,859.29,166.03
-53.383,29.07,-0.33044,-2,851.03,165.71
-53.412,28.87,-0.32486,4.8,842.8,179.63
-53.442,29.35,-0.33048,-2,834.54,166.4
-53.442,29.15,0,-2,826.27,165.3
-53.504,28.95,-0.34236,4.8,818.03,180.02
-53.546,29.43,-0.4151,-2,809.75,166.96
-53.591,29.23,-0.51381,-2,801.45,166.85
-53.652,29.03,-0.63352,4.8,793.19,181.1
-53.723,29.51,-0.76026,-2,784.9,168.21
-53.723,29.31,0,-2,776.59,166.2
-53.87,29.11,-0.95631,-2,768.3,168.1
-53.967,28.91,-0.99456,4.8,760,182.26
-54.07,29.39,-1.0082,-2,751.67,169.2
-54.18,29.19,-1.0477,-2,743.32,169.1
-54.293,28.99,-1.0313,4.8,734.99,183.17
-54.398,29.47,-0.93072,-2,726.63,169.87
-54.491,29.27,-0.90708,-2,718.24,169.6
-54.591,29.07,-0.88628,-2,709.87,169.35
-54.673,28.87,-0.8277,4.8,701.51,183.27
-54.748,29.35,-0.83352,-2,693.11,170.14
-54.827,29.15,-0.82477,-2,684.71,169.87
-54.91,28.95,-0.96327,4.8,676.31,184.21
