8.0556,8.0556,0.076915,0,35.5,0
8.0556,8.0556,0,6.7,35.5,60.872
8.0821,8.7256,0.024229,6.7,35.458,64.833
8.0792,9.3956,0.042189,6.7,35.355,69.14
8.0839,10.066,0.083796,6.7,35.181,72.939
8.093,10.736,0.13684,6.7,34.944,76.484
8.093,11.406,0,-0.20375,34.646,10.23
8.1249,11.385,0.25715,-0.20468,34.306,8.1143
8.1504,11.365,0.28218,-0.2046,33.98,7.7714
8.1504,11.344,0,-0.2049,33.66,9.7019
8.2055,11.324,0.37797,-0.20397,33.345,6.8257
8.2337,11.303,0.42539,-0.2035,33.036,6.3844
8.2337,11.283,0,-0.20156,32.73,9.1015
8.3289,11.263,0.52029,-0.19964,32.441,5.4476
8.3873,11.243,0.52133,-0.19685,32.15,5.2008
8.4331,11.223,0.52864,-0.19487,31.859,4.9665
8.4909,11.204,0.55112,-0.19187,31.58,4.6372
8.5475,11.185,0.53615,-0.18878,31.315,4.4835
8.5913,11.166,0.49671,-0.18656,31.05,4.4724
8.6379,11.147,0.49651,-0.18405,30.789,4.2846
8.6833,11.129,0.55177,-0.18146,30.54,3.8795
8.6833,11.11,0,-0.17871,30.296,6.6988
8.7983,11.093,0.72263,-0.174,30.076,2.9137
8.7983,11.075,0,-0.16936,29.848,6.1726
8.9414,11.058,0.86251,-0.16387,29.645,2.183
9.033,11.042,0.85941,-0.15704,29.44,1.9849
9.033,11.026,0,-0.15004,29.24,5.221
9.2151,11.011,0.78808,-0.143,29.062,1.7313
9.2993,10.997,0.75402,-0.13639,28.878,1.6167
9.3817,10.983,0.65388,-0.12974,28.712,1.6366
9.4457,10.97,0.5408,-0.12443,28.559,1.7401
9.492,10.958,0.41972,-0.12057,28.404,1.9339
9.492,10.946,0,-0.11686,28.258,3.5197
9.5628,10.934,0.0060997,-0.11443,28.117,3.235
9.564,10.923,-0.26676,-0.11416,27.98,4.6678
9.5383,10.911,-0.53534,-0.11614,27.847,6.5995
9.478,10.9,-0.81262,-0.12114,27.705,9.266
9.3992,10.887,-1.052,-0.12785,27.55,12.198
9.2902,10.875,-1.2135,-0.13722,27.394,14.742
9.2902,10.861,0,-0.14719,27.236,3.7641
9.2902,10.846,0,-0.15778,27.08,3.6661
8.9175,10.83,-1.3243,-0.17031,26.867,18.001
8.79,10.813,-1.2641,-0.18193,26.679,17.652
8.6647,10.795,-1.0768,-0.19379,26.464,15.53
8.5591,10.776,-0.84715,-0.20392,26.253,13.065
8.4801,10.755,-0.61316,-0.21176,26.036,10.795
8.4227,10.734,-0.39747,-0.21783,25.807,8.9373
8.3923,10.713,-0.23936,-0.22157,25.566,7.6809
8.3706,10.69,-0.17445,-0.2245,25.326,7.1836
8.3505,10.668,-0.15983,-0.22728,25.087,7.0526
8.3352,10.645,-0.14458,-0.22938,24.865,6.9026
8.3264,10.622,-0.13274,-0.23108,24.627,6.7539
8.3217,10.599,-0.15884,-0.23232,24.393,6.8522
8.3146,10.576,-0.17433,-0.23361,24.172,6.8866
8.2882,10.553,-0.19903,-0.23686,23.955,7.053
8.2639,10.529,-0.26132,-0.24016,23.724,7.4897
8.2639,10.505,0,-0.24447,23.499,5.6179
8.1911,10.48,-0.41842,-0.24907,23.287,8.7882
8.1558,10.455,-0.51605,-0.25356,23.063,9.6613
8.1558,10.43,0,-0.25903,22.834,5.6615
8.06,10.404,-0.61575,-0.26581,22.602,10.726
7.9951,10.378,-0.65076,-0.27417,22.363,11.199
7.9231,10.35,-0.66323,-0.28342,22.127,11.474
7.849,10.322,-0.69702,-0.29328,21.881,11.977
7.7726,10.293,-0.80811,-0.30386,21.622,13.356
7.6961,10.262,-0.99736,-0.31462,21.363,15.824
7.6049,10.231,-1.2016,-0.32762,21.096,18.891
7.4943,10.198,-1.4086,-0.34356,20.82,22.503
7.3617,10.164,-1.5866,-0.36254,20.547,26.136
7.3617,10.127,0,-0.38593,20.269,6.7995
7.0268,10.089,-1.7367,-0.41201,19.968,30.34
6.8511,10.048,-1.7214,-0.43977,19.648,30.626
6.8511,10.004,0,-0.46825,19.331,7.8279
6.8511,9.9567,0,-0.49773,19.018,7.465
6.3538,9.907,-1.4501,-0.52592,18.625,26.76
6.2142,9.8544,-1.2856,-0.55323,18.265,24.164
6.0931,9.799,-1.1959,-0.57904,17.895,22.847
6.0931,9.7411,0,-0.60615,17.527,8.9829
5.8549,9.6805,-0.98445,-0.63316,17.144,19.868
5.7512,9.6172,-0.95278,-0.65997,16.753,19.4
5.7512,9.5512,0,-0.68678,16.37,9.0975
5.5547,9.4825,-0.82701,-0.71364,15.984,17.577
5.474,9.4112,-0.72471,-0.73878,15.598,16.146
5.3918,9.3373,-0.65323,-0.76637,15.195,15.123
5.3341,9.2607,-0.5221,-0.79014,14.794,13.423
5.275,9.1816,-0.38966,-0.81342,14.41,11.861
5.275,9.1003,0,-0.83409,14.023,8.2905
5.2047,9.0169,-0.13321,-0.85244,13.637,9.0539
5.2047,8.9316,0,-0.86849,13.26,7.7062
5.1903,8.8448,-0.0034062,-0.87903,12.884,7.3921
5.1999,8.7569,0.041552,-0.88758,12.518,6.7185
5.1999,8.6681,0,-0.89338,12.167,6.6061
5.2254,8.5788,0.13454,-0.89888,11.827,5.4787
5.2447,8.4889,0.17112,-0.90016,11.502,4.9609
5.2677,8.3989,0.20015,-0.89945,11.185,4.5038
5.2971,8.309,0.21609,-0.89437,10.885,4.1208
5.3234,8.2195,0.20204,-0.88943,10.59,3.8706
5.3338,8.1306,0.19913,-0.88664,10.314,3.6241
5.3524,8.0419,0.19243,-0.88219,10.031,3.3819
5.3524,7.9537,0,-0.87518,9.7667,3.8542
5.388,7.8662,0.17562,-0.86583,9.516,2.9559
5.4071,7.7796,0.1966,-0.85479,9.2729,2.6801
5.4337,7.6941,0.21351,-0.83995,9.0355,2.4259
5.4459,7.6101,0.20889,-0.82722,8.8185,2.2603
5.4735,7.5274,0.22653,-5.2,8.608,37.412
5.4913,7.0074,0.22223,-5.2,8.4393,36.695
5.5088,6.4874,0.18249,-0.34689,8.3153,0.90028
5.5183,6.4527,0.18434,-0.33509,8.228,0.83376
5.5341,6.4192,0.27563,-5.2,8.1416,37.177
5.5341,5.8992,0,-0.11022,8.0791,0.52837
5.5341,5.8882,0,-0.09445,8.0431,0.54265
5.6663,5.8787,0.61455,-0.071875,8.0199,0
5.7327,5.8715,0.70688,-0.04716,7.9942,0
5.7998,5.8668,0.74082,-0.02275,7.9917,0
5.7998,5.8645,0,0.011194,7.9851,0.16079
5.9429,5.8657,0.6752,0.055122,8.0059,0
5.9429,5.8712,0,0.097233,8.0133,0.066857
5.9429,5.8809,0,0.13074,8.02,0.17247
6.1294,5.894,0.63537,0.16779,8.0707,0
6.1896,5.9108,0.67736,0.1983,8.092,0
6.258,5.9306,0.74475,0.2324,8.1258,0
6.3283,5.9538,0.79338,0.26539,8.1707,0
6.4083,5.9804,0.78059,0.30246,8.2139,0
6.4795,6.0106,0.73711,0.33026,8.2602,0
6.4795,6.0436,0,0.36193,8.3054,0
6.6233,6.0798,0.71611,0.37915,8.3502,0
6.6956,6.1177,0.76144,0.40167,8.4131,0
6.767,6.1579,0.84036,0.42179,8.4811,0
6.8489,6.2001,0.88603,0.4467,8.5342,0
6.9395,6.2448,0.91487,0.47627,8.6085,0
7.0237,6.2924,0.93806,0.49842,8.6755,0
7.0237,6.3422,0,0.53073,8.7461,0
7.2234,6.3953,0.9379,0.55729,8.8172,0
7.3162,6.451,0.94587,0.5785,8.8972,0
7.3162,6.5089,0,0.59578,8.9808,0
7.4979,6.5685,0.88823,0.61351,9.0713,0
7.4979,6.6298,0,0.6231,9.1612,0
7.6706,6.6921,0.84831,0.63732,9.2544,0
7.7572,6.7559,0.81871,0.6483,9.3569,0
7.8483,6.8207,0.71226,0.66102,9.4575,0
7.9121,6.8868,0.5572,0.65481,9.5528,0
7.9648,6.9523,0.4192,0.64218,9.6486,0
8.0105,7.0165,0.3118,0.6262,9.742,0
8.0476,7.0791,0.22275,0.60696,9.8481,0
8.0675,7.1398,0.20991,0.57778,9.937,0
8.094,7.1976,0.25206,0.55549,10.032,0
8.1237,7.2531,0.18811,0.53632,10.111,0
8.1237,7.3068,0,0.51636,10.195,0
8.1237,7.3584,0,0.48771,10.274,0
8.1548,7.4072,-0.20803,0.45456,10.363,0.086622
8.1334,7.4526,-0.27934,0.41244,10.442,0.39378
8.1087,7.4939,-0.2793,0.37131,10.513,0.42646
8.1087,7.531,0,0.32797,10.572,0
8.1087,7.5638,0,0.29305,10.628,0
8.0352,7.5931,-0.10359,0.26483,10.676,0
8.0183,7.6196,-0.092486,0.23833,10.721,0
8.0183,7.6434,0,0.22366,10.76,0
8.0123,7.6658,-0.13046,0.20617,10.787,0.068679
8.0056,7.6864,-0.16046,0.18959,10.82,0.1782
8.0056,7.7054,0,0.17206,10.851,0
7.9706,7.7226,-0.20693,0.14689,10.882,0.37562
7.9462,7.7373,-0.19785,0.12358,10.9,0.3718
7.9289,7.7496,-0.19724,0.10599,10.928,0.39025
7.9107,7.7602,-0.19384,0.088941,10.953,0.39929
7.9107,7.7691,0,0.066553,10.967,0
7.8574,7.7758,-0.11508,0.048121,10.969,0.21465
7.8426,7.7806,-0.06487,0.036609,10.984,0.098883
7.8346,7.7842,-0.012826,0.029738,10.997,0
7.8313,7.7872,0.034397,0.026043,11.009,0
7.8305,7.7898,0.03319,0.023999,11.007,0
7.8399,7.7922,0.018526,0.028093,11.01,0
7.837,7.795,-0.0049993,0.024742,11.007,0
7.8318,7.7975,-0.023076,0.020196,11.012,0.022415
7.8323,7.7995,-0.070242,0.019328,11.013,0.13469
7.8281,7.8014,-0.093731,0.015673,11.023,0.19911
7.8098,7.803,-0.1575,0.0040057,11.021,0.3901
7.8098,7.8034,0,-0.0016757,11.022,0
7.7738,7.8032,-0.33708,-0.0080091,11.023,1.066
7.7483,7.8024,-0.37756,-0.014707,11.027,1.2795
7.7483,7.801,0,-0.025752,11.022,0.053892
7.6741,7.7984,-0.44405,-0.033781,11.02,1.7162
7.6309,7.795,-0.40493,-0.044685,11.005,1.6127
7.5972,7.7906,-0.328,-0.052765,10.984,1.3351
7.573,7.7853,-0.26865,-0.058007,10.969,1.1353
7.5532,7.7795,-0.16876,-0.061924,10.956,0.80942
7.5462,7.7733,-0.053176,-0.06234,10.929,0.47227
7.5363,7.767,0.021466,-0.06357,10.9,0.29631
7.5335,7.7607,0.071409,-0.062676,10.885,0.18541
7.534,7.7544,0.10857,-0.061013,10.856,0.10493
7.5494,7.7483,0.098102,-0.055205,10.834,0.093448
7.5569,7.7428,0.091559,-0.051779,10.806,0.086794
7.5679,7.7376,0.096686,-0.047368,10.789,0.05456
7.5685,7.7329,0.15043,-0.045912,10.776,0
7.5837,7.7283,0.21938,-0.040493,10.756,0
7.6068,7.7242,0.27826,-0.032935,10.745,0
7.6444,7.721,0.3583,-0.021486,10.732,0
7.6859,7.7188,0.46613,-0.0092408,10.733,0
7.7284,7.7179,0.55887,0.0061876,10.735,0
7.7864,7.7185,0.66337,0.039775,10.745,0
7.7864,7.7225,0,0.075226,10.752,0.031965
7.9344,7.73,0.8767,0.11972,10.766,0
8.0167,7.742,0.95384,0.16079,10.787,0
8.0167,7.758,0,0.21016,10.813,0
8.0167,7.7791,0,0.26155,10.838,0.11419
8.3194,7.8052,1.0381,0.29971,10.903,0
8.4188,7.8352,1.0832,0.33968,10.965,0
8.5264,7.8692,1.1298,0.38151,11.02,0
8.6487,7.9073,1.1215,0.4295,11.096,0
8.7573,7.9503,1.1451,0.46598,11.167,0
8.7573,7.9969,0,0.4986,11.246,0
8.977,8.0467,1.2081,0.53363,11.339,0
8.977,8.1001,0,0.56703,11.43,0
9.2166,8.1568,1.4197,0.60327,11.531,0
9.3674,8.2171,1.4927,0.65226,11.642,0
9.3674,8.2823,0,0.69297,11.754,0
9.6665,8.3516,1.537,0.74004,11.902,0
9.814,8.4256,1.4721,0.77723,12.028,0
9.957,8.5034,1.4197,0.80946,12.164,0
10.107,8.5843,1.3975,0.84327,12.31,0
10.243,8.6686,1.3938,0.868,12.475,0
10.385,8.7554,1.3516,0.8938,12.629,0
10.514,8.8448,1.2436,0.91011,12.794,0
10.628,8.9358,1.0773,0.91835,12.969,0
10.73,9.0277,0.73349,0.91835,13.13,0
10.73,9.1195,0,0.90441,13.296,0
10.865,9.2099,0.362,0.88278,13.459,0
10.905,9.2982,0.24247,0.8525,13.624,0
10.905,9.3835,0,0.81483,13.78,0
10.934,9.4649,-0.049719,0.77176,13.93,0
10.934,9.5421,0,0.72249,14.073,0
10.906,9.6144,-0.27022,0.67217,14.196,0
10.906,9.6816,0,0.62424,14.322,0
10.862,9.744,-0.056145,0.57696,14.426,0
10.862,9.8017,0.18921,0.54599,14.54,0
10.862,9.8563,0,0.52534,14.644,0
10.918,9.9088,0.21762,0.5164,14.747,0
10.946,9.9605,0.084923,0.5031,14.842,0
10.965,10.011,-0.0036367,0.48573,14.945,0
10.973,10.059,-0.035702,0.4645,15.043,0
10.973,10.106,0,0.43331,15.132,0
10.973,10.149,0,0.40745,15.217,0
10.973,10.19,0,0.38689,15.297,0
10.953,10.229,-0.010946,0.36519,15.392,0
10.942,10.265,0.041725,0.34084,15.463,0
10.954,10.299,0.082146,0.32917,15.525,0
10.961,10.332,0.11104,0.31529,15.582,0
10.969,10.364,0.10452,0.30303,15.634,0
10.973,10.394,0.091506,0.28912,15.686,0
10.973,10.423,0,0.27532,15.742,0
10.977,10.45,0.13474,0.26219,15.782,0
10.987,10.477,0.13193,0.2536,15.831,0
10.997,10.502,0.1392,0.24546,15.874,0
11.008,10.527,0.14793,0.23854,15.927,0
11.025,10.55,0.095568,0.23494,15.979,0
11.025,10.574,0,0.23121,16.026,0
11.025,10.597,0,0.21786,16.07,0
11.027,10.619,-0.2956,0.20158,16.105,0.44174
10.998,10.639,-0.41362,0.1771,16.146,0.971
10.95,10.657,-0.58167,0.14451,16.182,1.8715
10.9,10.671,-0.70785,0.11275,16.207,2.6878
10.834,10.682,-0.91999,0.074474,16.224,4.2976
10.732,10.69,-1.0418,0.020729,16.232,5.4519
10.628,10.692,-1.1954,-0.012902,16.239,7.2228
10.509,10.691,-1.2601,-0.036625,16.235,8.3518
10.378,10.687,-1.2873,-0.062364,16.213,9.128
10.255,10.681,-1.1594,-0.086149,16.183,8.086
10.137,10.672,-1.1381,-0.10873,16.135,8.2325
10.014,10.661,-1.1246,-0.13231,16.07,8.4695
10.014,10.648,0,-0.15515,16.006,1.032
10.014,10.632,0,-0.17678,15.944,0.93509
10.014,10.615,0,-0.19335,15.883,0.85026
9.5913,10.595,-0.71638,-0.21103,15.737,5.7734
9.5182,10.574,-0.59749,-0.22366,15.643,5.0184
9.459,10.552,-0.50879,-0.23349,15.539,4.5003
9.459,10.529,0,-0.24236,15.431,1.869
9.3449,10.504,-0.71568,-0.25204,15.331,6.1668
9.2752,10.479,-0.86319,-0.26462,15.205,7.555
9.2752,10.453,0,-0.27857,15.086,2.0359
9.1039,10.425,-0.96472,-0.29665,14.957,8.8613
9.0026,10.395,-0.91887,-0.3165,14.821,8.597
8.9074,10.364,-0.87071,-0.33511,14.68,8.2925
8.9074,10.33,0,-0.3535,14.536,2.4458
8.7296,10.295,-0.8585,-0.37013,14.377,8.4301
8.6407,10.258,-0.88817,-0.38816,14.213,8.8285
8.5443,10.219,-0.92342,-0.40845,14.042,9.3027
8.4485,10.178,-0.82957,-0.42904,13.862,8.491
8.4485,10.135,0,-0.4465,13.691,2.8494
8.4485,10.09,0,-0.45995,13.525,2.6726
8.2414,10.044,-0.4351,-0.47071,13.324,5.3898
8.1991,9.9974,-0.31899,-0.47815,13.137,4.6107
8.1624,9.9496,-0.32192,-0.48401,12.951,4.5564
8.1223,9.9012,-0.3221,-0.49018,12.775,4.4947
8.0868,9.8522,-0.25707,-0.49514,12.597,4.0636
8.0616,9.8026,-0.1615,-0.49751,12.415,3.4963
8.0376,9.7529,-0.087619,-0.49892,12.241,3.0832
8.0226,9.703,-0.010298,-0.49698,12.078,2.6841
8.0241,9.6533,0.038302,-0.49058,11.906,2.3947
8.0307,9.6042,0.041565,-0.48208,11.743,2.2659
8.0357,9.556,0.039636,-0.4735,11.589,2.1621
8.0357,9.5087,0,-0.46609,11.439,2.1926
8.0357,9.4621,0,-0.45503,11.294,2.1069
8.0549,9.4166,0.1247,-0.44478,11.151,1.616
8.0689,9.3721,-0.42873,-0.4314,11.027,3.7041
8.0347,9.329,-1.2577,-0.43459,10.899,10.781
8.0347,9.2855,0,-0.47037,10.772,1.6236
7.6806,9.2385,-3.2973,-0.53934,10.631,71.481
7.3452,9.1845,-4.2408,-0.65041,10.455,18.296
6.9154,9.1195,-4.4575,-0.79762,10.262,18.389
6.9154,9.0397,0,-0.95983,10.046,2.3526
6.9154,8.9437,0,-1.1184,9.838,1.8511
5.6832,8.8319,-2.7831,-1.2615,9.4479,15.602
5.4095,8.7057,-2.1274,-5.2,9.1255,7.7005
5.2042,8.1857,-1.6602,-5.2,8.8113,9.0209
5.0431,7.6657,-1.4268,-5.2,8.5221,8.5011
4.8992,7.1457,-1.4324,-5.2,8.2807,5.6679
4.8992,6.6257,0,-5.2,8.0821,21.656
4.6048,6.1057,-1.5004,-5.2,7.905,0.37568
4.4543,5.5857,-1.4886,-8.8,7.7695,0
4.4543,4.7057,0,-0.11155,7.7003,0.28145
4.1718,4.6946,-1.4536,-0.15041,7.6356,11.642
4.0218,4.6795,-1.4291,-0.19125,7.571,11.694
3.8853,4.6604,-1.3837,-0.22799,7.4984,11.406
3.7492,4.6376,-1.1408,-0.26452,7.4195,8.7668
3.6383,4.6112,-0.68693,-0.29383,7.3278,4.8719
3.6383,4.5818,0,-8.8,7.232,0
3.5405,3.7018,0.055122,-0.039868,7.1651,0.13164
3.554,3.6978,0.44278,-0.035606,7.1527,0
3.5964,3.6942,0.57172,-0.024267,7.1431,0
3.5964,3.6918,0,-0.0085035,7.1334,0.18142
3.7061,3.691,0.36919,0.021171,7.1252,0
3.7511,3.6931,0.39089,0.080926,7.1359,0
3.7895,3.7012,0.32937,0.12281,7.14,0
3.7895,3.7135,0,0.14918,7.1483,0.18846
3.8524,3.7284,0.35063,0.1706,7.1554,0
3.8524,3.7454,0,0.20526,7.167,0.26928
3.9322,3.766,0.36364,0.22601,7.1952,0
3.967,3.7886,0.35107,0.24062,7.2076,0
4.0092,3.8126,0.35856,0.26317,7.2331,0
4.0503,3.8389,0.35974,0.27996,7.2434,0
4.0807,3.8669,0.34871,0.28052,7.2652,0
4.1141,3.895,0.33356,0.28494,7.2906,0
4.1478,3.9235,0.35443,0.2888,7.3078,0
4.1839,3.9524,0.35076,0.29528,7.329,0
4.1839,3.9819,0,0.28784,7.3507,0.27741
4.2489,4.0107,0.35494,0.29837,7.3807,0
4.2838,4.0405,0.35988,0.30181,7.4067,0
4.3241,4.0707,0.34355,0.31176,7.4387,0
4.3538,4.1019,0.34185,0.30657,7.4553,0
4.3832,4.1325,0.34068,0.3024,7.4871,0
4.4116,4.1628,0.33091,0.29722,7.5046,0
4.4116,4.1925,0,0.2889,7.528,0.23813
4.4712,4.2214,0.35259,0.29294,7.5485,0
4.5143,4.2507,0.33754,0.30622,7.5645,0
4.5491,4.2813,0.32813,0.30867,7.6009,0
4.5859,4.3122,0.35126,0.31254,7.6224,0
4.6157,4.3434,0.33377,0.30796,7.6436,0
4.6497,4.3742,0.32965,0.30898,7.6755,0
4.6919,4.4051,0.33399,0.31904,7.7059,0
4.7277,4.437,0.34546,0.32041,7.7289,0
4.7673,4.4691,0.33901,0.3257,7.7531,0
4.8017,4.5016,0.35092,0.32504,7.7894,0
4.831,4.5341,0.34688,0.3189,7.8212,0
4.8616,4.566,0.34317,0.31512,7.8577,0
4.8902,4.5975,0.33441,0.30962,7.8895,0
4.9329,4.6285,0.33347,0.31957,7.923,0
4.9613,4.6604,0.33596,0.31354,7.9602,0
5.0023,4.6918,0.34031,0.32087,7.9836,0
5.0387,4.7239,0.34426,0.32294,8.0198,0
5.0741,4.7562,0.34502,0.32351,8.0507,0
5.1048,4.7885,0.3405,0.31956,8.0892,0
5.1349,4.8205,0.34126,0.31534,8.1213,0
5.1712,4.852,0.35115,0.31743,8.1443,0
5.2026,4.8838,0.35708,0.31492,8.1799,0
5.2328,4.9153,0.36246,0.31107,8.203,0
5.2631,4.9464,0.35919,0.30779,8.2273,0
5.3011,4.9771,0.35689,0.31297,8.2679,0
5.3442,5.0084,0.35381,0.32214,8.3009,0
5.3836,5.0407,0.36304,0.32635,8.3261,0
5.4136,5.0733,0.36532,0.32139,8.3541,0
5.4597,5.1054,0.35885,0.33223,8.3877,0
5.4939,5.1386,0.35866,0.33079,8.4244,0
5.5364,5.1717,0.35223,0.33749,8.4673,0
5.5807,5.2055,0.34789,0.34516,8.5122,0
5.6077,5.24,0.35954,0.33612,8.5582,0
5.6464,5.2736,0.36768,0.33809,8.5852,0
5.6816,5.3074,0.36048,0.3367,8.6131,0
5.6816,5.3411,0,0.34156,8.6489,0.094433
5.7529,5.3752,0.35146,0.33516,8.6843,0
5.7792,5.4088,0.34115,0.32656,8.7208,0
5.8087,5.4414,0.34237,0.32156,8.7502,0
5.8525,5.4736,0.34932,0.32987,8.7933,0
5.8947,5.5066,0.35752,0.3359,8.8339,0
5.9306,5.5401,0.363,0.33593,8.8765,0
5.973,5.5737,0.35577,0.34145,8.9157,0
6.0105,5.6079,0.35224,0.34194,8.949,0
6.0437,5.6421,0.34984,0.33898,8.9905,0
6.0712,5.676,0.35124,0.33138,9.0232,0
6.1019,5.7091,0.35431,0.3276,9.0696,0
6.1019,5.7419,0,0.32296,9.1072,0
6.1755,5.7742,0.35333,0.33078,9.1401,0
6.2147,5.8072,0.36099,0.33407,9.1857,0
6.2447,5.8407,0.41911,0.32914,9.2183,0
6.2864,5.8736,0.48425,0.33475,9.2668,0
6.3413,5.907,0.55694,0.35006,9.3056,0
6.3944,5.942,0.6228,0.36248,9.3447,0
6.4635,5.9783,0.67062,0.38661,9.3938,0
6.54,6.017,0.6741,0.41403,9.4379,0
6.54,6.0584,0,0.43463,9.4881,0.022325
6.54,6.1018,0,0.44719,9.5341,0.17225
6.742,6.1465,0.87912,0.46198,9.6023,0
6.742,6.1927,0,0.49416,9.6595,0.035249
6.9372,6.2422,1.4079,0.53205,9.7377,0
7.0839,6.2954,1.7252,0.59921,9.8121,0.3312
7.2483,6.3553,2.0205,0.67315,9.8984,1.1133
7.4403,6.4226,2.2546,0.76008,9.9911,1.7509
7.4403,6.4986,0,0.86771,10.089,0.27919
7.9102,6.5854,2.4488,0.9672,10.208,1.9007
7.9102,6.6821,0,1.0685,10.336,0.23244
8.4116,6.7889,2.5379,1.154,10.494,1.7184
8.6658,6.9043,2.5832,1.2355,10.665,1.6849
8.6658,7.0279,0,1.3161,10.835,0.014729
8.6658,7.1595,0,1.3854,10.992,0.76002
9.448,7.298,2.5956,1.4431,11.263,1.2259
9.7129,7.4423,2.5274,1.5007,11.484,0.81849
9.9679,7.5924,2.4495,1.545,11.709,0.42969
10.208,7.7469,2.3622,1.5763,11.952,0.05295
10.449,7.9045,2.2558,1.6044,12.197,0
10.449,8.065,0,1.6261,12.443,0
10.903,8.2276,2.0375,1.6385,12.727,0
