9.1667,9.1667,0.10948,0,35.5,0
9.1848,9.1667,0.22557,6.7,35.509,56.511
9.2082,9.8367,0.15285,6.7,35.482,62.25
9.2177,10.507,0.15857,6.7,35.38,66.667
9.2292,11.177,0.14721,6.7,35.228,71.437
9.2391,11.847,0.15868,-0.16532,35,6.4602
9.2587,11.83,0.15832,-0.16472,34.75,6.3308
9.2734,11.814,0.15177,-0.16448,34.494,6.2557
9.293,11.797,0.15366,-0.16382,34.249,6.1141
9.3035,11.781,0.12393,-0.16379,33.999,6.1937
9.3085,11.764,0.033729,-0.16415,33.744,6.6766
9.3098,11.748,-0.073655,-0.16462,33.508,7.33
9.3087,11.732,-0.19596,-0.16533,33.262,8.1624
9.2837,11.715,-0.31196,-0.16762,33.026,9.1184
9.2549,11.698,-0.40654,-0.17026,32.781,9.9778
9.2226,11.681,-0.44156,-0.17322,32.532,10.347
9.186,11.664,-0.47425,-0.17654,32.281,10.721
9.1339,11.646,-0.48347,-0.18106,32.026,10.941
9.0794,11.628,-0.49844,-0.18574,31.778,11.227
9.0236,11.61,-0.50958,-0.19072,31.516,11.48
8.9679,11.591,-0.5195,-0.19578,31.252,11.72
8.9679,11.571,0,-0.20076,30.99,7.2619
8.8712,11.551,-0.49368,-0.20498,30.723,11.672
8.8712,11.53,0,-0.20905,30.456,7.436
8.7788,11.509,-0.47691,-0.21432,30.178,11.684
8.7364,11.488,-0.4731,-0.21879,29.904,11.714
8.6847,11.466,-0.44955,-0.22403,29.635,11.589
8.6485,11.444,-0.39825,-0.22809,29.365,11.134
8.6075,11.421,-0.3388,-0.23265,29.09,10.637
8.5743,11.398,-0.27087,-0.23685,28.8,10.053
8.548,11.374,-0.20386,-0.2403,28.526,9.4756
8.5324,11.35,-0.15598,-0.2429,28.25,9.0337
8.5265,11.326,-0.14066,-0.24466,27.976,8.8219
8.5104,11.301,-0.13338,-0.24738,27.7,8.7111
8.5104,11.276,0,-0.25054,27.422,7.6113
8.4823,11.251,-0.14894,-0.25251,27.149,8.7033
8.4736,11.226,-0.16362,-0.25465,26.873,8.7314
8.4568,11.201,-0.16748,-0.25742,26.607,8.7054
8.4356,11.175,-0.17687,-0.26065,26.34,8.7372
8.4162,11.149,-0.15721,-0.26387,26.067,8.5342
8.3906,11.123,-0.16291,-0.26757,25.803,8.5499
8.3768,11.096,-0.16261,-0.27024,25.534,8.4742
8.3528,11.069,-0.16592,-0.27405,25.261,8.461
8.3272,11.041,-0.16954,-0.27805,24.99,8.4545
8.3073,11.014,-0.17432,-0.28138,24.725,8.4349
8.286,10.985,-0.17937,-0.28521,24.445,8.4188
8.286,10.957,0,-0.28764,24.176,7.0076
8.2623,10.928,-0.18824,-0.29054,23.908,8.3075
8.2394,10.899,-0.19108,-0.29447,23.639,8.2769
8.2125,10.87,-0.21127,-0.29904,23.365,8.3901
8.2125,10.84,0,-0.30279,23.1,6.7482
8.1721,10.809,-0.25371,-0.30663,22.825,8.5846
8.1443,10.779,-0.33108,-0.31114,22.567,9.1689
8.1183,10.748,-0.4207,-0.31555,22.307,9.8856
8.0693,10.716,-0.51844,-0.32283,22.047,10.813
8.0172,10.684,-0.59939,-0.3306,21.787,11.643
7.9663,10.651,-0.67352,-0.33868,21.513,12.434
7.8925,10.617,-0.69378,-0.34982,21.241,12.763
7.8194,10.582,-0.69201,-0.36087,20.975,12.848
7.8194,10.546,0,-0.37219,20.701,6.728
7.6816,10.509,-0.68052,-0.38354,20.406,12.865
7.6181,10.47,-0.65952,-0.39471,20.114,12.676
7.5609,10.431,-0.61716,-0.40509,19.826,12.236
7.5005,10.39,-0.54945,-0.41634,19.531,11.561
7.4536,10.349,-0.48242,-0.42557,19.244,10.87
7.4536,10.306,0,-0.43617,18.957,6.8428
7.4536,10.262,0,-0.44359,18.673,6.6338
7.3396,10.218,-0.1698,-0.45067,18.369,8.0184
7.313,10.173,-0.088582,-0.45706,18.09,7.3313
7.3047,10.127,-0.0021517,-0.46053,17.811,6.6033
7.31,10.081,0.047448,-0.46186,17.531,6.1054
7.31,10.035,0,-0.46223,17.257,6.215
7.3302,9.9888,0.056626,-0.46156,17,5.649
7.337,9.9427,0.048757,-0.46147,16.745,5.5056
7.337,9.8965,0,-0.46226,16.487,5.6107
7.337,9.8503,0,-0.46106,16.233,5.4518
7.3619,9.8042,0.056705,-0.46066,15.97,4.9023
7.3678,9.7581,0.073103,-0.46013,15.726,4.648
7.3678,9.7121,0,-0.45933,15.489,4.8707
7.3836,9.6662,0.06163,-0.45668,15.268,4.3663
7.3836,9.6205,0,-0.45655,15.042,4.5205
7.3836,9.5749,0,-0.45541,14.82,4.374
7.401,9.5293,-0.00099641,-0.45206,14.588,4.1879
7.399,9.4841,-0.074436,-0.45087,14.386,4.4171
7.399,9.439,0,-0.449,14.179,3.9121
7.3778,9.3941,-0.2321,-0.45198,13.987,5.0392
7.3492,9.3489,-0.28921,-0.45691,13.783,5.295
7.3274,9.3033,-0.32129,-0.46,13.583,5.3867
7.2938,9.2573,-0.30497,-0.46585,13.385,5.2054
7.2678,9.2107,-0.27419,-0.47028,13.18,4.9189
7.2431,9.1636,-0.23395,-0.47386,12.984,4.5881
7.2124,9.1163,-0.20152,-0.479,12.788,4.3256
7.2002,9.0684,-0.17147,-0.47883,12.602,4.048
7.1763,9.0205,-0.16035,-0.4816,12.416,3.8986
7.1595,8.9723,-0.15391,-0.48241,12.233,3.7604
7.1438,8.9241,-0.17322,-0.48216,12.06,3.7489
7.1438,8.8759,0,-0.48195,11.884,2.846
7.1177,8.8277,-0.17585,-0.48062,11.708,3.5399
7.0921,8.7796,-0.18172,-0.48325,11.535,3.4834
7.0689,8.7313,-0.1779,-0.48468,11.37,3.3791
7.0578,8.6828,-0.16599,-0.48202,11.21,3.2182
7.0491,8.6346,-0.17558,-0.47851,11.053,3.1532
7.0323,8.5868,-0.20889,-0.47778,10.892,3.2102
7.0102,8.539,-0.29105,-0.47801,10.74,3.5208
6.9896,8.4912,-0.39789,-0.4783,10.581,3.9933
6.9896,8.4433,0,-0.48515,10.433,2.0814
6.9043,8.3948,-0.57285,-0.49248,10.272,4.9446
6.8506,8.3456,-0.65749,-0.50247,10.127,5.488
6.7794,8.2953,-0.69174,-0.5191,9.9737,5.7192
6.7013,8.2434,-0.73415,-0.53829,9.818,6.0247
6.6218,8.1896,-0.80021,-0.5585,9.6563,6.5232
6.5384,8.1337,-0.88443,-0.57947,9.5003,7.2118
6.4527,8.0758,-0.96333,-0.60217,9.3353,7.8895
6.3535,8.0156,-1.0432,-0.62994,9.1702,8.6377
6.2561,7.9526,-1.1186,-0.65739,9.0013,9.366
6.152,7.8868,-1.1757,-5.2,8.8281,44.263
6.0364,7.3668,-1.2336,-5.2,8.6691,37.018
5.9209,6.8468,-1.3051,-0.33201,8.5544,10.266
5.7986,6.8136,-1.3447,-0.36929,8.4522,10.91
5.6555,6.7767,-1.387,-5.2,8.3551,19.668
5.5153,6.2567,-1.4374,-0.25547,8.2613,11.66
5.5153,6.2312,0,-0.29699,8.1884,0.8503
5.2357,6.2015,-1.4831,-5.2,8.0934,7.6651
5.2357,5.6815,0,-0.19399,8.0228,0.50751
4.927,5.6621,-1.537,-0.24225,7.9502,13.176
4.7731,5.6378,-1.5361,-0.28863,7.8668,13.472
4.6222,5.609,-1.5345,-8.8,7.7774,0
4.4769,4.729,-1.5412,-0.071939,7.71,12.062
4.319,4.7218,-1.5406,-0.11567,7.6732,12.518
4.168,4.7102,-1.526,-0.15695,7.6242,12.723
4.0235,4.6945,-1.5143,-0.19581,7.5703,12.933
4.0235,4.6749,0,-0.23372,7.5042,0.86177
3.7244,4.6516,-1.507,-0.27643,7.4277,13.551
3.5808,4.6239,-1.5221,-0.31577,7.331,14.076
3.4196,4.5924,-1.54,-8.8,7.228,0
3.2625,3.7124,-1.5747,-0.1122,7.1407,13.356
3.096,3.7011,-1.6127,-0.15252,7.0814,6.8824
2.9284,3.6859,-1.6027,-0.19298,7.0162,6.9584
2.77,3.6666,-1.5583,-0.23149,6.9359,6.9668
2.6238,3.6434,-1.4873,-0.26731,6.8432,6.9141
2.4847,3.6167,-1.3269,-8.8,6.7398,0
2.3572,2.7367,-1.105,-0.076189,6.6706,7.3601
2.2492,2.7291,-0.869,-0.097263,6.6202,5.4854
2.1681,2.7194,-0.6359,-0.11296,6.5605,3.9313
2.1681,2.7081,0,-0.12304,6.506,0.89647
2.0609,2.6958,-0.24648,-0.1328,6.4425,1.9932
2.0296,2.6825,-0.11598,-0.1381,6.3784,1.5089
2.0081,2.6687,-0.025914,-8.8,6.3222,0
2.0081,1.7887,0,0.88196,6.3002,2.7027
2.0124,1.8769,0.11587,0.52517,6.319,0.84799
2.0163,1.9294,0.14581,0.32221,6.327,0.23413
2.0386,1.9616,0.18341,0.2781,6.3433,0.048778
2.0386,1.9894,0,0.22297,6.3496,0.46339
2.0736,2.0117,0.32386,0.21457,6.3523,0
2.1002,2.0332,0.38513,0.22846,6.36,0
2.1402,2.056,0.44593,0.28168,6.3597,0
2.1892,2.0842,0.47435,0.34382,6.3653,0
2.2448,2.1186,0.45777,0.40286,6.3771,0
2.2911,2.1589,0.46853,0.41006,6.392,0
2.3385,2.1999,0.47899,0.41695,6.4025,0
2.3886,2.2416,0.47315,0.42903,6.4095,0
2.444,2.2845,0.46742,0.45191,6.4231,0
2.5004,2.3296,0.48413,0.46905,6.4365,0
2.5483,2.3766,0.47652,0.45788,6.4622,0
2.5872,2.4223,0.44008,0.42708,6.4861,0
2.6352,2.465,0.4105,0.42914,6.5017,0
2.6683,2.508,0.40017,0.39364,6.5151,0
2.707,2.5473,0.38575,0.38266,6.5309,0
2.7533,2.5856,0.36711,0.39314,6.5509,0
2.7833,2.6249,0.37907,0.36232,6.5587,0
2.8183,2.6611,0.41323,0.3525,6.5801,0
2.8587,2.6964,0.44465,0.3569,6.5954,0
2.906,2.7321,0.49108,0.37533,6.6189,0
2.906,2.7696,0,0.39569,6.6345,0.80685
3.0232,2.8092,0.64706,0.44257,6.6473,0
3.0926,2.8534,0.66057,0.48281,6.6652,0
3.0926,2.9017,0,0.51439,6.6867,1.1
3.231,2.9532,0.63373,0.53349,6.7192,0
3.2855,3.0065,0.57004,0.52212,6.7494,0
3.3385,3.0587,0.51706,0.50985,6.7675,0
3.3963,3.1097,0.4995,0.51055,6.8043,0
3.4365,3.1608,0.49567,0.47951,6.8282,0
3.4885,3.2087,0.53197,0.47557,6.846,0
3.4885,3.2563,0,0.49109,6.8716,0.88867
3.6095,3.3054,0.72551,0.49458,6.888,0
3.6885,3.3548,0.80816,0.53134,6.9164,0
3.7732,3.408,0.84204,0.56877,6.9475,0
3.8577,3.4648,0.81177,0.59786,6.9834,0
3.9434,3.5246,0.72979,0.62192,7.0152,0
4.0106,3.5868,0.60688,0.61486,7.0617,0
4.0106,3.6483,0,0.60174,7.101,0.93896
4.1235,3.7085,0.45791,0.57606,7.1545,0
4.1736,3.7661,0.40836,0.55384,7.1907,0
4.2125,3.8215,0.35874,0.52118,7.2315,0
4.2438,3.8736,0.34216,0.48434,7.2642,0
4.2438,3.922,0,0.4635,7.2988,0.53661
4.3173,3.9684,0.43591,0.44259,7.3411,0
4.3667,4.0126,0.5522,0.44259,7.3723,0
4.3667,4.0569,0,0.45122,7.4054,0.52617
4.3667,4.102,0,0.46254,7.4342,0.69072
4.5682,4.1483,0.88619,0.50304,7.4803,0
4.6524,4.1986,0.92118,0.53522,7.5185,0
4.7543,4.2521,0.93887,0.58286,7.5621,0
4.8485,4.3104,0.93559,0.61432,7.6152,0
4.8485,4.3718,0,0.65029,7.6659,0.79292
5.0371,4.4368,0.88002,0.66201,7.7346,0
5.1189,4.503,0.85836,0.66722,7.7942,0
5.1189,4.5698,0,0.68606,7.8524,0.72031
5.2946,4.6384,0.86021,0.68666,7.9238,0
5.3848,4.707,0.85907,0.6968,7.9867,0
5.3848,4.7767,0,0.69575,8.051,0.58539
5.5556,4.8463,0.83408,0.70521,8.1235,0
5.6354,4.9168,0.75072,0.7026,8.1913,0
5.6354,4.9871,0,0.68817,8.2596,0.43975
5.7696,5.0559,0.54152,0.67665,8.338,0
5.7696,5.1236,0,0.66165,8.406,0.34762
5.8889,5.1897,0.44827,0.64303,8.4626,0
5.9388,5.254,0.42553,0.62189,8.5385,0
5.9789,5.3162,0.40378,0.59408,8.603,0
5.9789,5.3756,0,0.57278,8.6663,0.15121
6.0643,5.4329,0.37082,0.55238,8.7192,0
6.1025,5.4881,0.33576,0.53225,8.7889,0
6.1444,5.5414,0.31546,0.51715,8.8474,0
6.171,5.5931,0.30625,0.49108,8.9115,0
6.2027,5.6422,0.28332,0.472,8.9664,0
6.2273,5.6894,0.28083,0.4495,9.029,0
6.257,5.7343,0.29268,0.43332,9.0823,0
6.2837,5.7777,0.28961,0.41607,9.1266,0
6.2837,5.8193,0,0.3997,9.1752,0
6.3431,5.8592,0.25843,0.39207,9.2164,0
6.3783,5.8985,0.15318,0.38654,9.2721,0
6.4025,5.9371,-0.01452,0.37221,9.3102,0
6.4092,5.9743,-0.18564,0.34575,9.3573,0.48227
6.3853,6.0089,-0.34252,0.2976,9.4023,1.1161
6.3431,6.0387,-0.49086,0.23931,9.4279,1.8188
6.2892,6.0626,-0.55921,0.17746,9.4562,2.1549
6.2426,6.0803,-0.57218,0.12666,9.4749,2.1926
6.1759,6.093,-0.5589,0.064499,9.4809,2.0781
6.1279,6.0995,-0.56334,0.022095,9.4857,2.0777
6.0785,6.1017,-0.55878,-0.0061984,9.4803,2.0902
6.0171,6.101,-0.55314,-0.022458,9.4698,2.1892
5.9668,6.0988,-0.54826,-0.035436,9.451,2.265
5.9107,6.0953,-0.55474,-0.049669,9.434,2.4128
5.8539,6.0903,-0.55706,-0.063731,9.4173,2.5368
5.8006,6.0839,-0.53281,-0.076766,9.3828,2.5009
5.8006,6.0762,0,-0.09203,9.3548,0.37617
5.6931,6.067,-0.48096,-0.10213,9.3201,2.4088
5.6931,6.0568,0,-0.1154,9.2832,0.51262
5.5834,6.0453,-0.34616,-0.12731,9.2477,1.9225
5.5834,6.0325,0,-0.13383,9.2021,0.6576
5.5198,6.0192,-0.18732,-0.13906,9.1636,1.3414
5.5046,6.0053,-0.093526,-0.14046,9.1091,1.0251
5.4943,5.9912,-0.012734,-0.14052,9.0514,0.78256
5.4918,5.9772,0.043736,-0.13799,9.0087,0.62063
5.4937,5.9634,0.087333,-0.1343,8.9631,0.49719
5.5006,5.9499,0.10376,-0.12919,8.9203,0.43207
5.503,5.937,0.13138,-0.12568,8.8696,0.3546
5.509,5.9244,0.13173,-0.12118,8.8175,0.32629
5.5179,5.9123,0.12961,-0.11563,8.7792,0.29999
5.5249,5.9008,0.13406,-0.11091,8.7344,0.26506
5.5358,5.8897,0.13125,-0.10474,8.7076,0.2394
5.5505,5.8792,0.10644,-0.097551,8.6826,0.24985
5.5529,5.8694,0.10955,-0.094219,8.6574,0.22666
5.5543,5.86,0.098071,-0.091318,8.6307,0.2328
5.5581,5.8509,0.10236,-0.087832,8.5987,0.20605
5.5581,5.8421,0,-0.08225,8.5699,0.41724
5.573,5.8339,0.12317,-0.07889,8.5408,0.12388
5.5837,5.826,0.15245,-0.073469,8.5186,0.050167
5.5902,5.8186,0.19892,-0.06947,8.497,0
5.6178,5.8117,0.22821,-0.059095,8.4805,0
5.6178,5.8058,0,-0.051337,8.4614,0.28166
5.6706,5.8007,0.27825,-0.039712,8.4587,0
5.6706,5.7967,0,-0.030432,8.4459,0.19691
5.7255,5.7936,0.26808,-0.020931,8.4244,0
5.7605,5.7916,0.26586,-0.0095281,8.4179,0
5.7792,5.7906,0.25695,-0.0035137,8.4129,0
5.8027,5.7902,0.26653,0.0094644,8.4224,0
5.8285,5.7912,0.27627,0.02847,8.4325,0
5.8501,5.794,0.30033,0.042849,8.4462,0
5.8731,5.7983,0.35525,0.057139,8.4606,0
5.9137,5.804,0.44716,0.083781,8.4782,0
5.9137,5.8124,0,0.1175,8.4887,0.050831
5.9137,5.8242,0,0.1501,8.4983,0.15982
6.0984,5.8392,0.84638,0.19726,8.5339,0
6.1906,5.8589,0.96078,0.25189,8.5678,0
6.2946,5.8841,1.0509,0.3108,8.6095,0
6.3906,5.9152,1.1096,0.35819,8.6466,0
6.3906,5.951,0,0.41739,8.6924,0.075335
6.6257,5.9927,1.1478,0.47205,8.7598,0
6.7459,6.0399,1.1575,0.52306,8.8243,0
6.7459,6.0922,0,0.55962,8.8923,0
6.9809,6.1482,1.2353,0.60781,8.9711,0
7.1038,6.209,1.2913,0.64771,9.0532,0
7.2231,6.2738,1.3614,0.68133,9.1426,0
7.2231,6.3419,0,0.72613,9.2342,0
7.511,6.4145,1.453,0.77319,9.3451,0
7.6614,6.4918,1.4063,0.81669,9.4526,0
7.8039,6.5735,1.323,0.8513,9.5776,0
7.9446,6.6586,1.2391,0.88055,9.6975,0
8.0689,6.7467,1.1866,0.89639,9.8286,0
8.181,6.8363,1.1826,0.90192,9.9548,0
8.2983,6.9265,1.2561,0.91147,10.096,0
8.4279,7.0177,1.3873,0.92839,10.239,0
8.5609,7.1105,1.504,0.94508,10.375,0
8.5609,7.205,0,0.97261,10.515,0
8.8711,7.3023,1.6278,1.003,10.675,0
8.8711,7.4026,0,1.0346,10.827,0
9.2045,7.506,1.6498,1.0649,10.998,0
9.3793,7.6125,1.6475,1.098,11.18,0
9.5446,7.7223,1.6371,1.121,11.355,0
9.7089,7.8344,1.6423,1.1412,11.53,0
9.7089,7.9485,0,1.1639,11.712,0
10.042,8.0649,1.5392,1.1793,11.901,0
10.193,8.1829,1.3475,1.1879,12.096,0
10.193,8.3016,0,1.1844,12.291,0
10.432,8.4201,0.77244,1.1676,12.512,0
10.506,8.5368,0.49159,1.1321,12.703,0
10.506,8.6501,0,1.0902,12.894,0
10.506,8.7591,0,1.0316,13.074,0
10.506,8.8622,0,0.98072,13.244,0
10.641,8.9603,0.41908,0.93774,13.451,0
10.641,9.0541,0,0.90069,13.614,0
10.747,9.1441,0.7074,0.88331,13.78,0
10.747,9.2325,0,0.86529,13.936,0
10.9,9.319,0.82927,0.86083,14.087,0
10.991,9.4051,0.85195,0.85926,14.252,0
11.08,9.491,0.83813,0.85677,14.42,0
11.169,9.5767,0.82768,0.85432,14.583,0
11.255,9.6621,0.81743,0.85008,14.738,0
11.333,9.7471,0.74271,0.84142,14.889,0
11.416,9.8313,0.42613,0.83646,15.038,0
11.459,9.9149,-0.39592,0.81043,15.184,0
11.427,9.996,-1.6235,0.7477,15.341,11.567
11.255,10.071,-2.9649,0.61541,15.462,49.158
10.968,10.132,-4.1275,0.43255,15.564,143.85
10.547,10.176,-4.7831,0.19164,15.627,288.84
10.066,10.195,-4.7214,-0.026141,15.642,265.7
9.5913,10.192,-4.208,-0.12264,15.615,153.2
9.1609,10.18,-3.5956,-0.20965,15.528,91.177
8.8106,10.159,-3.1576,-0.28057,15.401,65.506
8.4914,10.131,-2.9878,-0.3456,15.253,58.678
8.4914,10.096,0,-0.40575,15.091,2.7691
8.4914,10.056,0,-0.46954,14.933,2.4245
7.5967,10.009,-2.8832,-0.5371,14.638,57.511
7.3011,9.955,-2.5517,-0.60417,14.393,46.201
7.3011,9.8946,0,-0.66323,14.13,4.7323
7.3011,9.8283,0,-0.71616,13.874,4.2817
6.6687,9.7566,-1.1846,-0.76284,13.518,16.965
6.5448,9.6804,-0.69364,-0.79795,13.209,11.13
6.4661,9.6006,-0.34232,-0.82156,12.905,7.9584
6.4375,9.5184,-0.048399,-0.8321,12.601,5.8177
6.4375,9.4352,0,-0.83703,12.297,5.2558
6.4375,9.3515,0,-0.83638,12.002,4.9832
6.4375,9.2678,0,-0.82933,11.714,4.745
6.4877,9.1849,0.25701,-0.82311,11.432,3.3815
6.5212,9.1026,0.27052,-0.81094,11.167,3.0893
6.5212,9.0215,0,-0.79932,10.913,3.8547
6.5724,8.9416,0.27601,-0.7864,10.675,2.6439
6.5994,8.8629,0.27059,-0.77101,10.449,2.4604
6.5994,8.7858,0,-0.75495,10.226,3.1252
6.652,8.7103,0.25239,-0.7391,10.005,2.1366
6.6715,8.6364,0.25668,-0.72236,9.8088,1.9719
6.6889,8.5642,0.25797,-0.70489,9.6245,1.8264
6.6889,8.4937,0,-0.68467,9.4405,2.3537
6.7402,8.4252,0.28389,-0.66265,9.2648,1.5015
6.7402,8.359,0,-5.2,9.0996,81.513
6.8158,7.839,0.34892,-0.39304,8.9639,0.67584
6.846,7.7997,0.39941,-5.2,8.8682,87.717
6.8823,7.2797,0.43927,-0.145,8.8101,0
6.9163,7.2652,0.48799,-0.12813,8.7652,0
6.972,7.2524,0.5571,-0.10324,8.7395,0
7.023,7.242,0.65615,-0.081019,8.7095,0
7.023,7.2339,0,-0.052573,8.688,0.32835
7.1562,7.2287,0.83031,-0.026913,8.6803,0
7.2443,7.226,0.91184,0.0098858,8.6766,0
7.334,7.227,0.98013,0.057997,8.6929,0
7.4379,7.2328,1.0312,0.11109,8.701,0
7.544,7.2439,1.1058,0.16259,8.7305,0
7.662,7.2601,1.1732,0.21772,8.7673,0
7.662,7.2819,0,0.26745,8.8064,0
7.9067,7.3087,1.2642,0.32327,8.8554,0
8.0247,7.341,1.2681,0.36958,8.928,0
8.1478,7.3779,1.2486,0.41562,9.0011,0
8.265,7.4195,1.2351,0.45544,9.0728,0
8.265,7.465,0,0.50151,9.1551,0
8.5136,7.5152,1.1898,0.53563,9.2516,0
8.6394,7.5688,1.1749,0.5737,9.363,0
8.7491,7.6261,1.1591,0.6002,9.47,0
8.8617,7.6862,1.1298,0.62634,9.5764,0
8.8617,7.7488,0,0.64897,9.6909,0
8.8617,7.8137,0,0.67287,9.7989,0
9.1991,7.881,1.0177,0.69667,9.9466,0
9.296,7.9506,0.92982,0.70878,10.075,0
9.296,8.0215,0,0.72061,10.206,0
9.4816,8.0936,0.72398,0.72765,10.36,0
9.5457,8.1663,0.61079,0.72068,10.496,0
9.5457,8.2384,0,0.70821,10.63,0
9.6585,8.3092,0.43796,0.69996,10.757,0
9.6966,8.3792,0.32061,0.68165,10.896,0
9.7326,8.4474,0.085161,0.66301,11.026,0
9.7384,8.5137,-0.20598,0.63007,11.154,0
9.7094,8.5767,-0.50201,0.58065,11.264,0.72009
9.7094,8.6348,0,0.52373,11.375,0
9.5849,8.6871,-1.0722,0.4577,11.467,5.0093
9.4765,8.7329,-1.1997,0.37826,11.552,6.4169
9.4765,8.7707,0,0.29808,11.624,0
9.23,8.8005,-1.3031,0.21762,11.669,7.8284
9.0901,8.8223,-1.3275,0.13543,11.695,8.2517
8.9531,8.8358,-1.3411,0.059251,11.719,8.5443
8.8248,8.8418,-1.3599,-0.0047675,11.73,8.9239
8.8248,8.8413,0,-0.042812,11.728,0
8.5444,8.837,-1.3642,-0.082568,11.688,9.7923
8.5444,8.8288,0,-0.11921,11.659,0.33331
8.2717,8.8168,-1.3745,-0.15504,11.616,10.668
8.1406,8.8013,-1.3023,-0.18937,11.549,10.083
8.0112,8.7824,-1.0377,-0.22257,11.484,7.4487
7.9099,8.7601,-0.71418,-0.24749,11.406,4.8579
7.8473,8.7354,-0.37158,-0.26108,11.316,2.8165
7.8473,8.7093,0,-0.26765,11.229,1.2617
7.8473,8.6825,0,-0.2665,11.144,1.2008
7.8106,8.6559,0.26757,-0.25639,11.038,0.66103
7.8423,8.6302,0.256,-0.24146,10.948,0.6
7.8688,8.6061,0.24409,-0.22818,10.863,0.54897
7.8688,8.5833,0,-0.21508,10.79,1.0563
7.9146,8.5618,0.26259,-0.20356,10.72,0.40055
7.9503,8.5414,0.32962,-0.187,10.666,0.2482
7.9922,8.5227,0.42548,-0.16911,10.602,0.098764
8.0305,8.5058,0.55344,-0.15244,10.549,0.0013994
8.0305,8.4905,0,-0.13131,10.502,0.6886
8.1522,8.4774,0.85364,-0.10552,10.453,0.050544
8.2404,8.4669,0.96746,-0.073681,10.426,0.1428
8.3378,8.4595,1.0553,-0.039669,10.41,0.23803
8.4483,8.4555,1.0868,-0.0023627,10.406,0.23924
8.5544,8.4553,1.087,0.048534,10.416,0.13367
8.655,8.4601,1.0795,0.09536,10.423,0.018846
8.7652,8.4697,1.0787,0.14471,10.45,0
8.8658,8.4842,1.0655,0.18682,10.48,0
8.9786,8.5028,1.0623,0.23274,10.514,0
9.0915,8.5261,1.0474,0.27662,10.57,0
9.1875,8.5538,1.0091,0.30981,10.625,0
9.2888,8.5848,0.94,0.34403,10.693,0
9.3743,8.6192,0.84869,0.369,10.773,0
9.459,8.6561,0.74954,0.39191,10.846,0
9.5318,8.6952,0.6543,0.40826,10.936,0
9.6021,8.7361,0.57618,0.42248,11.029,0
9.6586,8.7783,0.51779,0.42921,11.123,0
9.7058,8.8212,0.48763,0.43069,11.207,0
9.7509,8.8643,0.47895,0.43123,11.296,0
9.7927,8.9074,0.46793,0.43027,11.39,0
9.8317,8.9505,0.43622,0.42812,11.487,0
9.8681,8.9933,0.39704,0.42436,11.571,0
9.9058,9.0357,0.35566,0.42148,11.656,0
9.9508,9.0779,0.30767,0.42225,11.739,0
9.9508,9.1201,0,0.41585,11.824,0
9.9953,9.1617,0.084525,0.40233,11.913,0
9.9944,9.2019,-0.085554,0.38193,11.993,0
9.9923,9.2401,-0.29059,0.36201,12.067,0.045366
9.9586,9.2763,-0.49945,0.32808,12.144,1.0129
9.9586,9.3091,0,0.28961,12.211,0
9.9586,9.3381,0,0.24255,12.274,0
9.7701,9.3623,-0.84221,0.19532,12.301,3.4047
9.6786,9.3818,-0.86517,0.14197,12.336,3.6966
9.6786,9.396,0,0.092543,12.365,0
9.5063,9.4053,-0.92904,0.048294,12.38,4.4117
9.5063,9.4101,0,0.0016825,12.389,0
9.5063,9.4103,0,-0.024745,12.399,0
9.2171,9.4078,-0.93792,-0.052324,12.387,5.0797
9.1158,9.4026,-0.9288,-0.07881,12.371,5.2478
