0,0,-0.21278,0,35.5,0.4471
-0.012352,0,-0.31303,7.8,35.505,17.073
-0.050089,0.78,-0.22584,7.8,35.464,18.566
-0.050089,1.56,0,7.8,35.342,19.69
-0.098318,2.34,-0.19856,7.8,35.14,21.806
-0.12657,3.12,-0.17641,7.8,34.857,23.416
-0.12657,3.9,0,7.8,34.494,24.644
-0.16859,4.68,-0.22444,7.8,34.041,26.801
-0.16859,5.46,0,7.8,33.518,27.928
-0.23065,6.24,-0.22489,6.7,32.909,27.816
-0.24673,6.91,-0.23794,6.7,32.22,29.25
-0.24673,7.58,0,6.7,31.47,30.123
-0.29576,8.25,-0.21859,-0.45629,30.65,17.019
-0.31019,8.2044,-0.20973,-0.47361,29.791,16.9
-0.3236,8.157,-0.1764,-0.49148,28.949,16.723
-0.3507,8.1079,-0.16334,-0.5117,28.095,16.608
-0.37438,8.0567,-0.1645,-0.53282,27.247,16.51
-0.39598,8.0034,-0.19225,-0.55479,26.413,16.457
-0.41664,7.9479,-0.19669,-0.57805,25.582,16.346
-0.43059,7.8901,-0.24191,-0.6022,24.757,16.3
-0.43059,7.8299,0,-0.62888,23.928,15.613
-0.48728,7.767,-0.25031,-0.65856,23.098,16.063
-0.48728,7.7012,0,-0.68932,22.276,15.338
-0.53084,7.6322,-0.24306,-0.72126,21.465,15.729
-0.53084,7.5601,0,-0.75619,20.652,14.997
-0.53084,7.4845,0,-0.79324,19.847,14.765
-0.59871,7.4052,-0.17611,-0.83363,19.048,15.026
-0.59871,7.3218,0,-0.87558,18.252,14.397
-0.63104,7.2342,-0.22765,-0.92146,17.468,14.666
-0.63104,7.1421,0,-0.97177,16.686,13.893
-0.687,7.0449,-0.27571,-1.0271,15.909,14.272
-0.70676,6.9422,-0.28156,-1.0862,15.133,13.99
-0.73757,6.8336,-0.24797,-1.152,14.363,13.621
-0.76389,6.7184,-0.22397,-1.2224,13.605,13.241
-0.78223,6.5961,-0.18033,-1.2967,12.861,12.78
-0.80282,6.4665,-0.13344,-1.379,12.12,12.285
-0.82279,6.3286,-0.13321,-1.4655,11.404,11.861
-0.82279,6.182,0,-1.5562,10.696,11.09
-0.83846,6.0264,-0.16585,-1.6558,10.006,10.942
-0.85895,5.8608,-0.20693,-1.7688,9.3182,10.494
-0.8855,5.6839,-0.25731,-1.8878,8.6604,10.041
-0.91386,5.4952,-0.24284,-2.0197,8.0102,9.4048
-0.93703,5.2932,-0.21764,-8.8,7.3806,0
-0.96844,4.4132,-0.19572,-8.8,6.8039,0
-0.99782,3.5332,-0.16935,-8.8,6.3076,0
-1.019,2.6532,-0.15676,-8.8,5.8912,0
-1.0359,1.7732,-0.17146,-8.8,5.5671,0
-1.048,0.8932,-0.16985,-8.8,5.3341,0
-1.048,0.013199,0,-0.19177,5.184,1.7724
-1.0848,0,-0.23351,-0.23351,5.0671,2.2239
-1.0848,0,0,-8.8,4.9598,0
-1.0848,0,0,-8.8,4.8953,0
-1.0848,0,0,-8.8,4.8308,0
-1.0848,0,0,-8.8,4.7663,0
-1.2175,0,-0.20485,-8.8,4.6637,0
-1.2431,0,-0.20204,-8.8,4.5796,0
-1.2586,0,-0.21349,-8.8,4.4918,0
-1.2736,0,-0.24099,-8.8,4.4046,0
-1.2905,0,-0.29299,-8.8,4.3285,0
-1.3224,0,-0.33893,-8.8,4.2482,0
-1.3224,0,0,-8.8,4.16,0
-1.4038,0,-0.43314,-8.8,4.0597,0
-1.4563,0,-0.52268,-8.8,3.9668,0
-1.4563,0,0,-8.8,3.8651,0
-1.5824,0,-0.63717,-8.8,3.7536,0
-1.6495,0,-0.63181,-8.8,3.6284,0
-1.7159,0,-0.65792,-8.8,3.5106,0
-1.7729,0,-0.67893,-8.8,3.3844,0
-1.7729,0,0,-8.8,3.2511,0
-1.9141,0,-0.62926,-8.8,3.0988,0
-1.985,0,-0.65724,-8.8,2.943,0
-2.0598,0,-0.63068,-8.8,2.7809,0
-2.1321,0,-0.56722,-8.8,2.6188,0
-2.1321,0,0,-8.8,2.4496,0
-2.2574,0,-0.61059,-8.8,2.2737,0
-2.3112,0,-0.67335,-8.8,2.0825,0
-2.3736,0,-0.66331,-8.8,1.8929,0
-2.3736,0,0,-8.8,1.6995,0
-2.3736,0,0,-8.8,1.5062,0
-2.5379,0,-0.41287,-8.8,1.282,0
-2.5734,0,-0.27502,-8.8,1.0708,0
-2.5934,0,-0.22418,-8.8,0.86335,0
-2.6089,0,-0.23794,-8.8,0.64797,0
-2.6385,0,-0.31606,-8.8,0.42524,0
-2.6759,0,-0.34123,-17.246,0.21179,0
-2.7121,0,-0.36713,-103.16,0.035776,0
-2.7121,0,0,-13.324,0.28038,0
-2.7668,0,-0.23373,-52.798,0.072816,0
-2.7809,0,-0.15609,-72.448,0.053488,0
-2.7988,0,-0.12111,-29.009,0.13558,0
-2.8035,0,-0.072359,9.8,1,26.491
-2.8111,0.98,-0.084929,-10.928,0.66278,0
-2.822,0,-0.080507,-11.892,0.33713,0
-2.8384,0,-0.084927,-35.581,0.11348,0
-2.8469,0,-0.12737,-2037,0.0019896,0
-2.8536,0,-0.18615,-0.18615,9.8961,5.85
-2.8735,0,-0.21253,-0.21253,9.612,5.8906
-2.8971,0,-0.17988,-0.17988,9.3186,5.9391
-2.9078,0,-0.12296,-0.12296,9.0237,5.961
-2.9078,0,0,-0.11014,8.7335,5.7296
-2.9304,0,-0.11433,-0.11433,8.4276,6.0073
-2.9442,0,-0.13276,-0.13276,8.1352,6.0356
-2.9672,0,-0.18127,-0.18127,7.8465,6.0827
-2.9767,0,-0.18827,-0.18827,7.557,6.1021
-2.9995,0,-0.1717,-0.1717,7.261,6.1489
-3.0133,0,-0.14003,-0.14003,6.9693,6.1773
-3.0348,0,-0.12062,-0.12062,6.6647,6.2214
-3.0535,0,-0.052968,-0.052968,6.3601,6.2597
-3.0535,0,0,0.026621,6.055,6.3157
-3.0599,0.0026621,0.16893,0.16893,5.7516,6.2783
-3.0389,0.019555,0.30854,0.30854,5.4536,6.2698
-3.0389,0.050408,0,0.32871,5.1462,7.0237
-2.9765,0.083279,0.34426,-8.8,4.843,0
-2.944,0,0.3923,-8.8,4.5854,0
-2.9013,0,0.44587,-8.8,4.3299,0
-2.86,0,0.53279,-8.8,4.0887,0
-2.86,0,0,-8.8,3.8467,0
-2.86,0,0,-8.8,3.6047,0
-2.6811,0,0.69644,-8.8,3.388,0
-2.6187,0,0.62032,-8.8,3.1666,0
-2.5549,0,0.58054,-8.8,2.9457,0
-2.5066,0,0.5983,-8.8,2.7274,0
-2.4382,0,0.68149,-8.8,2.5203,0
-2.3716,0,0.75735,-8.8,2.3239,0
-2.2918,0,0.86031,-8.8,2.1262,0
-2.2124,0,0.81856,-8.8,1.9381,0
-2.1293,0,0.74674,-8.8,1.773,0
-2.0593,0,0.63916,-8.8,1.6104,0
-2.0593,0,0,-8.8,1.4485,0
-2.0593,0,0,-8.8,1.2866,0
-1.8902,0,0.60962,-8.8,1.1497,0
-1.8269,0,0.6891,-8.8,0.99904,0
-1.7592,0,0.74616,-8.8,0.86097,0
-1.7592,0,0,-8.8,0.72905,0
-1.6155,0,0.76122,-8.8,0.60667,0
-1.5482,0,0.66494,-8.8,0.49193,0
-1.4831,0,0.56408,-8.8,0.37895,0
-1.4831,0,0,-8.8,0.27463,0
-1.3766,0,0.56039,-8.8,0.17619,0
-1.3766,0,0,-9.315,0.082536,0
-1.2583,0,0.67195,-51.332,0.015222,0
-1.1961,0,0.76657,-8.8,0.14103,0
-1.1222,0,0.83775,-8.8,0.067539,0
-1.041,0,0.819,9.8,1,21.005
-0.96699,0.98,0.76983,-8.8,0.8437,0
-0.89073,0.1,0.64175,-8.8,0.69311,0
-0.83349,0,0.5527,-8.8,0.65007,0
-0.78077,0,0.509,-8.8,0.61716,0
-0.73254,0,0.54757,-8.8,0.58547,0
-0.73254,0,0,-8.8,0.55622,0
-0.6161,0,0.70299,-8.8,0.52128,0
-0.6161,0,0,-8.8,0.50367,0
-0.45972,0,0.72403,-8.8,0.50481,0
-0.38674,0,0.62015,-8.8,0.51498,0
-0.32645,0,0.52537,-8.8,0.52444,0
-0.2739,0,0.50647,-8.8,0.52924,0
-0.2739,0,0,-8.8,0.54585,0
-0.2739,0,0,-8.8,0.56246,0
-0.10503,0,0.76931,-8.8,0.60911,0
-0.10503,0,0,-8.8,0.6426,0
0.056359,0,0.82653,-8.8,0.69276,0
0.1365,0,0.73627,-8.8,0.74599,0
0.20628,0,0.57633,-8.8,0.80055,0
0.26576,0,0.44641,-8.8,0.85945,0
0.31503,0,0.45723,-8.8,0.93738,0
0.31503,0,0,-8.8,1.0129,0
0.31503,0,0,-8.8,1.0884,0
0.31503,0,0,-8.8,1.1639,0
0.52238,0,0.55712,-8.8,1.2741,0
0.58395,0,0.48581,-8.8,1.3776,0
0.63878,0,0.37545,-8.8,1.4771,0
0.63878,0,0,-8.8,1.585,0
0.70518,0,0.44022,-8.8,1.6906,0
0.7552,0,0.44468,-8.8,1.7978,0
0.7552,0,0,-8.8,1.9173,0
0.84245,0,0.48371,-8.8,2.0437,0
0.84245,0,0,-8.8,2.1719,0
0.9475,0,0.46735,-8.8,2.3083,0
0.98583,0,0.44266,-8.8,2.4478,0
0.98583,0,0,-8.8,2.5904,0
1.0841,0,0.4803,-8.8,2.7299,0
1.1311,0,0.49461,-8.8,2.8759,0
1.1899,0,0.49544,-8.8,3.0311,0
1.24,0,0.46399,-8.8,3.189,0
1.2891,0,0.41193,-8.8,3.354,0
1.2891,0,0,-8.8,3.5269,0
1.2891,0,0,-8.8,3.6998,0
1.3674,0,0.21151,-8.8,3.8647,0
1.3786,0,0.15166,-8.8,4.0431,0
1.3929,0,0.13339,-8.8,4.2201,0
1.4099,0,0.10678,-8.8,4.4082,0
1.4099,0,0,-8.8,4.5932,0
1.4233,0,-0.056515,-8.8,4.7905,0
1.4233,0,0,-8.8,4.9768,0
1.4,0,-0.16378,-0.16378,5.169,0
1.3799,0,-0.16159,-0.16159,5.3149,0
1.368,0,-0.073016,-0.073016,5.4593,0
1.3653,0,0.028358,0.028358,5.6028,0
1.361,0.0028358,0.10927,0.10927,5.7424,0
1.361,0.013763,0,0.067989,5.8776,0
1.3702,0.020562,0.047299,0.047299,6.0023,0
1.3817,0.025292,-0.014372,-0.014372,6.1446,0
1.3832,0.023855,-0.041947,-0.041947,6.2853,0
1.3845,0.01966,-0.031019,-0.031019,6.4309,0
1.3852,0.016558,0.04752,0.04752,6.5717,0
1.3913,0.02131,0.033542,0.033542,6.709,0
1.3879,0.024664,0.006033,0.006033,6.8486,0
1.3814,0.025268,-0.0065874,-0.0065874,6.9775,0
1.3778,0.024609,-0.050427,-0.050427,7.1067,0
1.3639,0.019566,-0.048606,-0.048606,7.2396,0
1.3676,0.014706,0.0080636,0.0080636,7.381,0
1.3604,0.015512,0.026703,0.026703,7.5141,0
1.372,0.018182,0.006668,0.006668,7.6403,0
1.3751,0.018849,0.021825,0.021825,7.7784,0
1.373,0.021032,-0.00033112,-0.00033112,7.9178,0
1.3827,0.020999,-0.051148,-0.051148,8.0547,0
1.3865,0.015884,-0.059549,-0.059549,8.1989,0
1.3813,0.0099289,-0.057202,-0.057202,8.3311,0
1.3813,0.0042086,0,-0.10569,8.4685,0
1.3658,0,-0.16305,-0.16305,8.5945,0
1.3506,0,-0.14326,-0.14326,8.737,0
1.3451,0,-0.11341,-0.11341,8.8663,0
1.3402,0,-0.081934,-0.081934,8.9993,0
1.329,0,-0.056975,-0.056975,9.1374,0
1.3161,0,-0.063041,-0.063041,9.2714,0
1.3044,0,-0.1253,-0.1253,9.3937,0
1.2904,0,-0.17779,-0.17779,9.531,0
1.2715,0,-0.21929,-0.21929,9.6516,0
1.2591,0,-0.20486,-0.20486,9.7775,0
1.2591,0,0,-0.17733,9.9044,0
1.2308,0,-0.13602,-0.13602,10.018,0
1.2192,0,-0.12997,-0.12997,10.137,0
1.2192,0,0,-0.15681,10.26,0
1.1944,0,-0.14069,-0.14069,10.394,0
1.1739,0,-0.092369,-0.092369,10.507,0
1.1604,0,-0.11152,-0.11152,10.622,0
1.1419,0,-0.12875,-0.12875,10.73,0
1.1326,0,-0.11056,-0.11056,10.841,0
1.1251,0,-0.10871,-0.10871,10.952,0
1.1213,0,-0.10825,-0.10825,11.062,0
1.1213,0,0,-0.098215,11.175,0
1.1167,0,-0.10591,-0.10591,11.287,0
1.1167,0,0,-0.097988,11.399,0
1.0838,0,-0.1073,-0.1073,11.509,0
1.0762,0,-0.17404,-0.17404,11.607,0
1.06,0,-0.21393,-0.21393,11.709,0
1.0361,0,-0.16237,-0.16237,11.821,0
1.0132,0,-0.13042,-0.13042,11.925,0
0.99356,0,-0.14885,-0.14885,12.033,0
0.98699,0,-0.11573,-0.11573,12.128,0
0.98411,0,-0.037602,-0.037602,12.235,0
0.98411,0,0,-0.025721,12.333,0
0.98411,0,0,-0.045086,12.432,0
0.97525,0,-0.049529,-0.049529,12.539,0
0.96813,0,-0.055358,-0.055358,12.632,0
0.96231,0,-0.080323,-0.080323,12.725,0
0.95599,0,-0.074966,-0.074966,12.818,0
0.9575,0,-0.0059191,-0.0059191,12.914,0
0.95935,0,0.026274,0.026274,13.018,0
0.96806,0.0026274,-0.0047313,-0.0047313,13.104,0
0.96806,0.0021543,0,-0.046928,13.2,0
0.9574,0,-0.095924,-0.095924,13.309,0
0.9574,0,0,-0.11157,13.405,0
0.93344,0,-0.045564,-0.045564,13.501,0
0.92059,0,0.01646,0.01646,13.6,0
0.92107,0.001646,0.054225,0.054225,13.702,0
0.92469,0.0070686,0.066148,0.066148,13.797,0
0.92469,0.013683,0,0.030233,13.888,0
0.92969,0.016707,-0.023608,-0.023608,13.972,0
0.93661,0.014346,-0.063265,-0.063265,14.053,0
0.93661,0.0080194,0,-0.074209,14.146,0
0.91744,0.00059847,-0.064433,-0.064433,14.234,0
0.91501,0,-0.1057,-0.1057,14.327,0
0.91501,0,0,-0.17453,14.419,0
0.87949,0,-0.22349,-0.22349,14.509,0
0.85704,0,-0.27971,-0.27971,14.59,0
0.82911,0,-0.33287,-0.33287,14.68,0
0.78756,0,-0.3662,-0.3662,14.756,0
0.75817,0,-0.3641,-0.3641,14.827,0
0.72549,0,-0.33354,-0.33354,14.911,0
0.69098,0,-0.31977,-0.31977,14.98,0
0.65231,0,-0.33236,-0.33236,15.058,0
0.65231,0,0,-0.37204,15.124,0
0.57162,0,-0.40329,-0.40329,15.2,0
0.53281,0,-0.49752,-0.49752,15.248,0
0.47717,0,-0.57561,-0.57561,15.301,0
0.42944,0,-0.63017,-0.63017,15.359,0
0.42944,0,0,-0.65812,15.405,0
0.30583,0,-0.79714,-0.79714,15.432,0
0.22019,0,-0.86431,-0.86431,15.465,0
0.13788,0,-0.88674,-0.88674,15.494,0
0.053276,0,-0.90982,-0.90982,15.501,0
0.053276,0,0,-0.93901,15.511,0
-0.13096,0,-0.91894,-0.91894,15.521,0.27017
-0.2191,0,-0.89352,-0.89352,15.517,0.45088
-0.31392,0,-0.89116,-0.89116,15.493,0.64525
-0.40868,0,-0.93595,-0.93595,15.472,0.83951
-0.505,0,-0.96835,-0.96835,15.426,1.037
-0.60666,0,-0.98485,-0.98485,15.37,1.2454
-0.70013,0,-1.0212,-1.0212,15.302,1.437
-0.8057,0,-1.0418,-1.0418,15.222,1.6534
-0.8057,0,0,-1.0357,15.147,0
-0.8057,0,0,-1.0112,15.072,0
-0.8057,0,0,-0.99491,14.996,0
-1.206,0,-1.012,-1.012,14.824,2.474
-1.206,0,0,-1.5146,14.708,0
-1.4585,0,-2.7291,-2.7291,14.57,2.9916
-1.4585,0,0,-4.2922,14.438,0
-2.1514,0,-5.8675,-5.8675,14.253,4.4121
-2.7449,0,-7.5071,-7.5071,14.044,5.6287
-3.497,0,-8.6568,-8.6568,13.77,7.1706
-4.3715,0,-9.0148,-9.0148,13.429,8.9633
-5.2706,0,-9.0017,-9.0017,12.987,10.806
-6.1631,0,-8.7025,-8.7025,12.458,12.636
-7.0278,0,-7.757,-7.757,11.836,14.409
-7.8088,0,-6.3338,-6.3338,11.135,16.01
-7.8088,0,0,-4.7744,10.386,5.9777
-7.8088,0,0,-3.1664,9.6291,9.3564
-9.242,0,-1.8872,-1.8872,8.6168,18.948
-9.4311,0,-1.2126,-1.2126,7.6972,19.335
-9.5465,0,-1.0619,-1.0619,6.7612,19.572
-9.6611,0,-1.0812,-1.0812,5.8131,19.807
-9.7644,0,-1.1474,-10.967,4.8548,0
-9.8719,0,-1.1072,-13.503,3.931,0
-9.9822,0,-0.9559,-17.553,3.0019,0
-10.083,0,-0.67567,-24.929,2.0959,0
-10.144,0,-0.42317,-42.976,1.2091,0
-10.182,0,-0.23354,-128.59,0.40385,0
-10.211,0,-0.12587,-2750,0.018958,0
-10.232,0,-0.10807,-0.10807,12.746,20.976
-10.244,0,-0.19341,-0.19341,11.728,21.003
-10.272,0,-0.24855,-0.24855,10.706,21.059
-10.272,0,0,-0.25483,9.6805,20.523
-10.329,0,-0.17266,-0.17266,8.6428,21.176
-10.345,0,-0.033556,-0.033556,7.6193,21.209
-10.345,0,0,0.074665,6.585,21.366
-10.344,0.0074665,0.18808,0.18808,5.5365,21.222
-10.321,0.026274,0.34677,-11.546,4.501,0
-10.276,0,0.47112,-14.511,3.5243,0
-10.276,0,0,-19.778,2.5692,0
-10.171,0,0.70366,-30.564,1.6543,0
-10.171,0,0,-64.014,0.78999,0
-10.032,0,0.83219,-509.07,0.098684,0
-9.9545,0,0.85773,-29.139,1.6517,0
-9.8623,0,0.86866,-58.862,0.8142,0
-9.7807,0,0.85279,-378.25,0.12617,0
-9.6925,0,0.84642,-43.94,1.0488,0
-9.5996,0,0.83824,-147.62,0.31036,0
-9.5112,0,0.81463,-520.3,0.086796,0
-9.5112,0,0,-24.679,1.7372,0
-9.3462,0,0.82171,-46.572,0.92154,0
-9.2591,0,0.83785,-190.06,0.22455,0
-9.1681,0,0.86016,-160.37,0.26066,0
-9.1681,0,0,-277.08,0.14572,0
-8.9973,0,0.84947,-62.941,0.63451,0
-8.9973,0,0,-823.76,0.049484,0
-8.8408,0,0.74593,-11.185,3.2756,0
-8.8408,0,0,-15.026,2.4475,0
-8.8408,0,0,-22.407,1.6385,0
-8.6406,0,0.55991,-41.504,0.88747,0
-8.6406,0,0,-161.95,0.23093,0
-8.5343,0,0.57599,-198.74,0.18271,0
-8.485,0,0.64125,-112.84,0.31721,0
-8.4301,0,0.70302,-1314.5,0.027018,0
-8.3523,0,0.75974,0.75974,5.7514,17.124
-8.2747,0.075974,0.80684,-8.8,4.926,0
-8.2747,0,0,-8.8,4.135,0
-8.1244,0,0.83105,-8.9352,3.3793,0
-8.1244,0,0,-11.479,2.6115,0
-7.9522,0,0.86782,-15.968,1.8781,0
-7.8711,0,0.90608,-25.67,1.1656,0
-7.7891,0,0.94883,-58.561,0.50975,0
-7.6912,0,0.99621,-1511.4,0.019557,0
-7.5855,0,1.0247,1.0247,6.8048,15.552
-7.4916,0.10247,1.0425,1.0425,6.0547,15.57
-7.4916,0.20672,0,1.0548,5.2901,18
-7.2855,0.3122,1.0725,-8.8,4.5299,0
-7.2855,0,0,-8.8,3.8142,0
-7.0579,0,1.1347,-8.8,3.1549,0
-6.9418,0,1.1762,-8.8,2.4976,0
-6.8211,0,1.2233,-11.298,1.858,0
-6.6969,0,1.267,-16.926,1.2326,0
-6.5659,0,1.195,-31.654,0.65619,0
-6.4444,0,1.1802,-127.81,0.16098,0
-6.3222,0,1.2188,-117.45,0.16842,0
-6.2028,0,1.2773,-155.62,0.12261,0
-6.0662,0,1.3266,-63.919,0.282,0
-5.933,0,1.4924,-2046.2,0.0085953,0
-5.933,0,0,1.6295,9.6463,15.588
-5.6125,0.16295,1.7054,1.7054,9.0684,11.841
-5.4452,0.33349,1.7165,1.7165,8.4958,11.848
-5.2648,0.50514,1.7397,1.7397,7.911,11.83
-5.1006,0.67911,1.7576,1.7576,7.3342,11.85
-4.929,0.85487,1.7211,1.7211,6.7579,11.859
-4.929,1.027,0,-0.45756,6.1709,11.25
-4.5799,0.98123,1.7134,-0.48994,5.6153,6.7723
-4.418,0.93224,1.7446,-8.8,5.0722,0
-4.2402,0.052236,1.6951,-8.8,4.5849,0
-4.0718,0,1.5952,-8.8,4.2042,0
-3.9204,0,1.4371,-8.8,3.8486,0
-3.774,0,1.3846,-8.8,3.5075,0
-3.6275,0,1.3952,-8.8,3.1858,0
-3.4851,0,1.4976,-8.8,2.8761,0
-3.3405,0,1.6664,-8.8,2.582,0
-3.1814,0,1.826,-8.8,2.3101,0
-3.0051,0,1.7635,-8.8,2.0412,0
-2.8243,0,1.5522,-8.8,1.8018,0
-2.6611,0,1.3931,-8.8,1.565,0
-2.5268,0,1.272,-8.8,1.3425,0
-2.3974,0,1.2814,-8.8,1.1309,0
-2.2712,0,1.3598,-8.8,0.94502,0
-2.1436,0,1.505,-8.8,0.77168,0
-1.996,0,1.5713,-8.8,0.60061,0
-1.8446,0,1.5808,-8.8,0.46183,0
-1.685,0,1.4714,-8.8,0.32634,0
-1.5281,0,1.3491,-8.8,0.20257,0
-1.4014,0,1.3066,-8.8768,0.09643,0
-1.2785,0,1.2773,-286.84,0.0028366,0
-1.1527,0,1.2792,-8.8,1.3208,0
-1.022,0,1.3129,-8.8,1.2497,0
-0.88638,0,1.379,-8.8,1.2065,0
-0.7417,0,1.3513,-8.8,1.1669,0
-0.7417,0,0,-8.8,1.1367,0
-0.47417,0,1.2514,-8.8,1.1293,0
-0.35714,0,1.2376,-8.8,1.1272,0
-0.22572,0,1.2499,-8.8,1.1491,0
-0.090999,0,1.2874,-8.8,1.1735,0
0.038766,0,1.288,-8.8,1.2074,0
0.16534,0,1.2368,-8.8,1.2601,0
0.29139,0,1.1758,-8.8,1.3266,0
0.41791,0,1.1476,-8.8,1.4004,0
0.52314,0,1.1809,-8.8,1.4995,0
0.6484,0,1.2321,-8.8,1.5933,0
0.6484,0,0,-8.8,1.7022,0
0.89128,0,1.3026,-8.8,1.832,0
1.0218,0,1.1116,-8.8,1.9746,0
1.1252,0,1.1137,-8.8,2.1341,0
