9.7222,9.7222,1.132,0,35.5,0.33694
9.7222,9.7222,0,6.7,35.5,60.872
9.9732,10.392,1.1963,6.7,35.498,43.295
10.089,11.062,1.2067,6.7,35.423,46.557
10.202,11.732,1.1894,-0.094691,35.293,0.98367
10.329,11.723,1.1947,-0.086798,35.141,0.85292
10.329,11.714,0,-0.079375,35.002,3.468
10.575,11.706,1.2198,-0.071192,34.885,0.66114
10.693,11.699,1.2305,-0.063576,34.787,0.5982
10.807,11.693,1.2114,-0.056204,34.686,0.52468
10.807,11.687,0,-0.04793,34.598,2.0427
11.053,11.682,1.1438,-0.040214,34.531,0.35601
11.053,11.678,0,-0.03217,34.468,1.3926
11.286,11.675,1.014,-0.024936,34.425,0.12312
11.395,11.673,0.96864,-0.017824,34.398,0.034139
11.395,11.671,0,-0.011577,34.37,0.57821
11.395,11.67,0,-0.0067533,34.343,0.58855
11.639,11.669,0.52884,-0.0019518,34.357,0
11.695,11.669,0.38149,0.021856,34.355,0
11.727,11.671,0.23409,0.046021,34.353,0
11.727,11.675,0,0.06108,34.359,0.026938
11.727,11.682,0,0.077243,34.364,0.077766
11.793,11.689,0.018291,0.085201,34.373,0
11.793,11.698,0,0.081886,34.383,0
11.793,11.706,0,0.078486,34.392,0
11.799,11.714,-0.06344,0.070384,34.388,0.1272
11.798,11.721,-0.080381,0.06324,34.393,0.17258
11.796,11.727,-0.094439,0.05664,34.409,0.21119
11.782,11.733,-0.10047,0.040545,34.416,0.22993
11.782,11.737,0,0.028965,34.421,0
11.766,11.74,-0.12192,0.021379,34.422,0.29142
11.766,11.742,0,0.017818,34.424,0
11.766,11.744,0,0.013567,34.426,0
11.766,11.745,0,0.0051795,34.429,0
11.749,11.746,-0.1094,0.002958,34.411,0.26004
11.741,11.746,-0.13051,-0.0003365,34.418,0.32952
11.736,11.746,-0.14959,-0.00065879,34.415,0.39496
11.736,11.746,0,-0.0014148,34.414,0.017832
11.736,11.746,0,-0.0021608,34.413,0.015962
11.736,11.745,0,-0.0025758,34.412,0.01464
11.736,11.745,0,-0.0038845,34.411,0.011352
11.678,11.745,-0.085373,-0.004323,34.365,0.33997
11.678,11.744,0,-0.0047169,34.358,0.128
11.678,11.744,0,-0.0051456,34.351,0.12604
11.648,11.743,0.0015956,-0.0062073,34.339,0.18371
11.648,11.743,0,-0.0060148,34.329,0.18649
11.648,11.742,0,-0.005847,34.32,0.18559
11.659,11.742,0.24432,-0.0053837,34.306,0
11.659,11.741,0,-0.0042333,34.298,0.16327
11.706,11.741,0.43524,-0.0022447,34.28,0
11.706,11.74,0,-5.0472e-06,34.276,0.071045
11.706,11.74,0,0.035519,34.273,0.15179
11.835,11.744,0.55114,0.074665,34.278,0
11.835,11.751,0,0.11441,34.287,0.081652
11.939,11.763,0.5277,0.14351,34.299,0
11.939,11.777,0,0.17117,34.316,0.049067
11.939,11.794,0,0.20501,34.331,0.17851
11.939,11.815,0,0.24107,34.344,0.33107
12.171,11.839,0.51312,0.26803,34.405,0
12.217,11.866,0.53595,0.28338,34.437,0
12.217,11.894,0,0.29764,34.471,0.010603
12.311,11.924,0.57924,0.30988,34.516,0
12.311,11.955,0,0.33201,34.553,0.029286
12.311,11.988,0,0.34914,34.587,0.16117
12.311,12.023,0,0.37537,34.618,0.33138
12.311,12.061,0,0.39104,34.645,0.48114
12.619,12.1,0.61323,0.40851,34.732,0
12.619,12.14,0,0.41584,34.782,0
12.619,12.182,0,0.42432,34.828,0.10254
12.619,12.224,0,0.42875,34.869,0.22526
12.619,12.267,0,0.43606,34.906,0.36145
12.619,12.311,0,0.43806,34.939,0.48475
12.925,12.355,0.30966,0.43679,35.095,0
12.963,12.398,0.23545,0.43096,35.154,0
12.963,12.442,0,0.41651,35.208,0
12.963,12.483,0,0.40247,35.258,0
12.963,12.523,0,0.3765,35.304,0
12.963,12.561,0,0.36349,35.346,0.0070741
13.053,12.597,0.10155,0.34074,35.406,0
13.073,12.632,0.078345,0.32862,35.458,0
13.073,12.664,0,0.31173,35.5,0
13.073,12.696,0,0.28716,35.539,0
13.073,12.724,0,0.2765,35.576,0
13.104,12.752,0.093812,0.25951,35.612,0
13.104,12.778,0,0.24592,35.646,0
13.116,12.802,0.13772,0.23002,35.686,0
13.116,12.825,0,0.21845,35.716,0
13.116,12.847,0,0.21052,35.744,0
13.15,12.868,0.13758,0.20534,35.777,0
13.15,12.889,0,0.19826,35.805,0
13.15,12.909,0,0.19208,35.83,0
13.15,12.928,0,0.17988,35.853,0
13.188,12.946,-0.004014,0.17464,35.885,0
13.188,12.963,0,0.15567,35.909,0
13.183,12.979,-0.031004,0.14735,35.935,0
13.183,12.994,0,0.12989,35.955,0
13.183,13.007,0,0.11993,35.974,0
13.183,13.019,0,0.097844,35.991,0
13.183,13.028,0,0.09046,36.007,0
13.183,13.037,0,0.069968,36.022,0
13.13,13.044,-0.074507,0.061285,36.041,0.13246
13.13,13.051,0,0.055307,36.049,0
13.115,13.056,-0.082825,0.041978,36.04,0.16551
13.101,13.06,-0.061386,0.028853,36.035,0.11952
13.09,13.063,-0.080308,0.01879,36.041,0.17331
13.085,13.065,-0.10986,0.014089,36.048,0.25352
13.073,13.067,-0.08788,0.0043281,36.045,0.20169
13.073,13.067,0,0.0023809,36.045,0
13.073,13.067,0,-0.00012842,36.046,0
13.073,13.067,0,-0.00048641,36.046,0
13.073,13.067,0,-0.0014696,36.047,0
13.036,13.067,-0.0044338,-0.0020874,36.057,0.069467
13.036,13.067,0,-0.0027709,36.054,0.057895
13.018,13.066,0.031734,-0.0032539,36.057,0.026207
13.018,13.066,0,-0.0026052,36.052,0.094358
13.018,13.066,0,-0.0018024,36.048,0.095583
13.05,13.066,0.026148,-0.0010663,36.061,0
13.048,13.066,0.028329,-0.0011887,36.067,0
13.048,13.066,0.02828,-0.0011669,36.06,0
13.048,13.065,0,-0.00068223,36.059,0.034134
13.048,13.065,0,-6.0527e-05,36.057,0.035324
13.074,13.065,-0.010734,0.0062892,36.054,0.018141
13.074,13.066,0,0.0013314,36.054,0
13.074,13.066,0,-9.3787e-05,36.055,0
13.074,13.066,0,-0.00058791,36.056,0
13.074,13.066,0,-0.001756,36.057,0
13.029,13.066,-0.12907,-0.0024612,36.06,0.39479
13.029,13.066,0,-0.0032705,36.056,0.068352
13.029,13.065,0,-0.0039055,36.052,0.066291
13.029,13.065,0,-0.0043091,36.049,0.064603
13.029,13.064,0,-0.0050138,36.045,0.06218
12.971,13.064,-0.11088,-0.0062145,36.05,0.46686
12.96,13.063,-0.11436,-0.0069228,36.041,0.50042
12.955,13.063,-0.11503,-0.0072308,36.027,0.51251
12.94,13.062,-0.12462,-0.0081842,36.013,0.57289
12.936,13.061,-0.12289,-0.0084298,35.991,0.57573
12.936,13.06,0,-0.0092996,35.978,0.24217
12.936,13.059,0,-0.0097652,35.966,0.23906
12.936,13.058,0,-0.010322,35.953,0.23563
12.936,13.057,0,-0.010666,35.941,0.23258
12.884,13.056,-0.080034,-0.011628,35.918,0.55541
12.87,13.055,-0.09453,-0.012496,35.901,0.62647
12.87,13.054,0,-0.013551,35.883,0.36272
12.838,13.052,-0.077234,-0.014513,35.875,0.64218
12.838,13.051,0,-0.014426,35.854,0.42676
12.838,13.05,0,-0.014727,35.833,0.42274
12.838,13.048,0,-0.015545,35.812,0.41734
12.808,13.047,-0.023402,-0.016158,35.788,0.54129
12.808,13.045,0,-0.016313,35.764,0.47498
12.808,13.043,0,-0.016595,35.741,0.47053
12.808,13.042,0,-0.017013,35.717,0.46566
12.808,13.04,0,-0.018037,35.694,0.45915
12.763,13.038,-0.025261,-0.018721,35.675,0.62579
12.763,13.036,0,-0.018839,35.648,0.55196
12.773,13.034,0.093194,-0.01783,35.616,0.30252
12.773,13.033,0,-0.017274,35.59,0.52456
12.794,13.031,0.15161,-0.016233,35.566,0.14011
12.805,13.029,0.17946,-0.015372,35.538,0.068014
12.805,13.028,0,-0.014171,35.515,0.44904
12.805,13.026,0,-0.013046,35.493,0.44869
12.853,13.025,0.21878,-0.011845,35.464,0
12.853,13.024,0,-0.0099025,35.447,0.3435
12.895,13.023,0.22645,-0.0087865,35.417,0
12.926,13.022,0.20094,-0.0066106,35.401,0
12.926,13.021,0,-0.0055643,35.391,0.18778
12.96,13.021,0.19866,-0.0041923,35.366,0
12.96,13.02,0,-0.0033643,35.36,0.11829
12.96,13.02,0,-0.001426,35.354,0.12192
12.96,13.02,0,0.0030129,35.348,0.13161
13.056,13.02,0.40433,0.025355,35.362,0
13.056,13.023,0,0.055212,35.365,0.05145
13.056,13.028,0,0.087547,35.369,0.14049
13.191,13.037,0.43453,0.10847,35.405,0
13.234,13.048,0.397,0.13166,35.415,0
13.234,13.061,0,0.15486,35.433,0
13.315,13.076,0.37013,0.16792,35.464,0
13.315,13.093,0,0.17891,35.487,0
13.315,13.111,0,0.18783,35.508,0
13.404,13.13,0.24845,0.192,35.551,0
13.404,13.149,0,0.19023,35.577,0
13.428,13.168,0.093597,0.18096,35.596,0
13.428,13.186,0,0.17898,35.621,0
13.445,13.204,-0.021749,0.16745,35.634,0
13.435,13.221,-0.051633,0.14827,35.649,0.0049989
13.437,13.236,-0.048593,0.1392,35.677,0.0031354
13.437,13.25,0,0.12383,35.696,0
13.412,13.262,-0.067049,0.10364,35.714,0.075428
13.407,13.272,-0.07098,0.093042,35.727,0.092979
13.407,13.282,-0.096975,0.086611,35.735,0.16655
13.407,13.29,0,0.069114,35.747,0
13.381,13.297,-0.11745,0.057464,35.744,0.24261
13.381,13.303,0,0.042691,35.752,0
13.342,13.307,-0.16809,0.02365,35.743,0.4116
13.342,13.31,0,0.014898,35.746,0
13.342,13.311,0,0.00099838,35.749,0
13.342,13.311,0,-0.00011779,35.752,0
13.342,13.311,0,-0.0010212,35.755,0
13.342,13.311,0,-0.0030072,35.758,0
13.24,13.311,-0.16447,-0.0049479,35.728,0.57817
13.24,13.31,0,-0.0054263,35.72,0.13563
13.24,13.31,0,-0.0060324,35.713,0.13312
13.24,13.309,0,-0.0072389,35.706,0.12914
13.214,13.308,0.015819,-0.0065768,35.71,0.1482
13.206,13.308,-0.049267,-0.007094,35.706,0.31895
13.206,13.307,0,-0.0075984,35.696,0.19602
13.206,13.306,0,-0.0089514,35.686,0.19127
13.151,13.305,-0.5628,-0.010769,35.658,2.5538
13.085,13.304,-0.7687,-0.015316,35.635,4.124
13.004,13.303,-0.99113,-0.020885,35.619,6.2924
13.004,13.301,0,-0.027487,35.589,0.58515
12.77,13.298,-1.6475,-0.036982,35.531,15.835
12.604,13.294,-2.1088,-0.048524,35.466,26.11
12.402,13.289,-2.6625,-0.062592,35.38,43.712
12.133,13.283,-3.2433,-0.081447,35.276,71.066
12.133,13.275,0,-0.10454,35.161,2.5917
12.133,13.265,0,-0.13026,35.047,2.4568
11.056,13.252,-3.8161,-0.15866,34.794,112.98
11.056,13.236,0,-0.18662,34.575,5.7094
10.311,13.217,-3.2834,-0.21455,34.285,83.939
9.9741,13.196,-2.9187,-0.24091,33.984,69.346
9.9741,13.171,0,-0.26485,33.663,9.3129
9.4301,13.145,-2.2552,-0.28628,33.286,49.742
9.4301,13.116,0,-0.30614,32.916,11.175
9.4301,13.086,0,-0.32425,32.549,10.909
8.8496,13.053,-1.2327,-0.34134,32.101,29.339
8.8496,13.019,0,-0.35523,31.682,13.039
8.6528,12.984,-0.52757,-0.36566,31.241,19.384
8.6528,12.947,0,-0.37465,30.81,13.48
8.5709,12.91,-0.10584,-0.3811,30.387,14.643
8.5709,12.871,0,-0.38594,29.955,13.424
8.5709,12.833,0,-0.39135,29.527,13.201
8.5564,12.794,-0.065161,-0.39606,29.092,13.645
8.5573,12.754,-0.047621,-0.40034,28.677,13.258
8.5573,12.714,0,-0.40555,28.259,12.604
8.5573,12.674,0,-0.41097,27.845,12.376
8.5573,12.632,0,-0.41572,27.436,12.152
8.5602,12.591,0.22684,-0.41827,27.021,10.127
8.5809,12.549,0.40773,-0.42072,26.614,8.6181
8.5809,12.507,0,-0.42071,26.219,11.438
8.5809,12.465,0,-0.41938,25.829,11.259
8.742,12.423,0.92519,-0.41543,25.456,5.0897
8.839,12.381,0.9704,-0.40809,25.086,4.5791
8.9295,12.341,0.89361,-0.40076,24.736,4.5159
9.0263,12.301,0.75176,-0.39187,24.408,4.6845
9.0263,12.261,0,-0.3846,24.082,8.6878
9.0263,12.223,0,-0.38065,23.761,8.5536
9.2035,12.185,0.26376,-0.37672,23.472,6.0775
9.2035,12.147,0,-0.376,23.176,7.5556
9.2035,12.11,0,-0.3766,22.883,7.4027
9.2233,12.072,-0.4534,-0.37949,22.594,10.733
9.2233,12.034,0,-0.38854,22.311,6.9582
9.2233,11.995,0,-0.40035,22.032,6.7399
8.9712,11.955,-1.4712,-0.41991,21.717,24.566
8.9712,11.913,0,-0.44382,21.42,7.1438
8.9712,11.869,0,-0.47117,21.128,6.814
8.4814,11.822,-1.925,-0.50012,20.763,35.411
8.4814,11.772,0,-0.53312,20.431,7.9834
8.0837,11.718,-2.1794,-0.56997,20.073,43.128
7.8733,11.661,-2.3167,-0.60991,19.691,47.649
7.6379,11.6,-2.4356,-0.65532,19.308,51.992
7.6379,11.535,0,-0.70446,18.915,9.3853
7.6379,11.464,0,-0.75938,18.529,8.7498
6.8734,11.388,-2.7018,-0.81847,18.044,63.053
6.6047,11.307,-2.7314,-0.88297,17.579,64.702
6.6047,11.218,0,-0.95141,17.113,10.793
6.0516,11.123,-2.8083,-1.0285,16.6,68.464
5.7675,11.02,-2.8251,-1.1105,16.088,25.225
5.4885,10.909,-2.817,-1.1982,15.557,24.747
5.2056,10.789,-2.8365,-1.2932,15.014,24.212
4.9187,10.66,-2.7105,-1.3988,14.446,23.558
4.9187,10.52,0,-1.5078,13.879,11.314
4.9187,10.369,0,-1.6217,13.326,9.988
4.1699,10.207,-2.1429,-1.7371,12.695,20.914
3.9468,10.033,-1.9478,-1.8619,12.096,19.806
3.9468,9.8473,0,-1.9945,11.496,9.5622
3.5497,9.6478,-1.8569,-2.1343,10.865,17.348
3.5497,9.4344,0,-2.2787,10.266,8.0599
3.5497,9.2066,0,-2.4393,9.689,6.7127
3.5497,8.9626,0,-5.2,9.1355,12.073
3.5497,8.4426,0,-5.2,8.6202,11.007
3.5497,7.9226,0,-5.2,8.1569,9.9414
2.6785,7.4026,-0.39586,-5.2,7.4143,2.7627
2.6785,6.8826,0,-5.2,6.9679,3.6291
2.6785,6.3626,0,-5.2,6.5735,2.5631
2.6225,5.8426,0.082085,-8.8,6.2285,0
2.6293,4.9626,0.081879,-8.8,5.9517,0
2.6293,4.0826,0,-8.8,5.7624,0
2.6293,3.2026,0,-8.8,5.661,0
2.6439,2.3226,0.23294,-8.8,5.6366,0
2.6678,1.4426,0.43056,-8.8,5.7154,0
2.708,0.56262,0.66467,0.66467,5.8834,0
2.7734,0.62909,0.94777,0.94777,6.1049,0
2.7734,0.72387,0,1.2704,6.3146,0
2.7734,0.8509,0,1.5482,6.5132,0.14277
3.1558,1.0057,1.7533,4.9,6.7534,7.4685
3.1558,1.4957,0,4.9,6.9439,29.49
3.1558,1.9857,0,4.9,7.0854,32.545
3.1558,2.4757,0,3.4973,7.1779,21.075
3.9779,2.8255,2.5098,2.5874,7.3714,0
4.2315,3.0842,2.5074,2.2535,7.4766,0
4.2315,3.3095,0,2.0948,7.58,7.5684
4.727,3.519,2.2164,1.9593,7.7232,0
4.727,3.715,0,1.8535,7.8342,5.4369
5.147,3.9003,1.8331,1.7524,7.976,0
5.3265,4.0755,1.823,1.6556,8.0941,0
5.5121,4.2411,1.7976,1.594,8.2105,0
5.6981,4.4005,1.6397,1.5501,8.3314,0
5.6981,4.5555,0,1.5008,8.4534,2.6798
5.9861,4.7056,0.070434,1.4042,8.5813,1.2537
5.9861,4.846,0,1.2181,8.7023,1.19
5.9861,4.9678,0,0.92796,8.8102,0.29145
5.9861,5.0606,0,0.52058,8.9074,0
5.1219,5.1127,-6.1118,0.0091107,8.9094,15.253
4.5153,5.1136,-7.171,-0.14725,8.8768,17.864
4.5153,5.0989,0,-0.3275,8.8178,0.51282
2.9974,5.0661,-7.5901,-0.53049,8.6057,20.316
2.9974,5.0131,0,-0.73416,8.4015,2.7378
2.9974,4.9396,0,-0.9308,8.2036,2.0264
2.9974,4.8466,0,-1.1015,8.014,1.5809
0.78512,4.7364,-1.0646,-8.8,7.3166,0
0.78512,3.8564,0,-0.86226,6.9654,5.382
0.67284,3.7702,0.5973,-8.8,6.655,0
0.74007,2.8902,0.72357,-8.8,6.3878,0
0.74007,2.0102,0,-0.19256,6.2168,2.6202
0.87696,1.9909,0.22806,-0.18358,6.1049,1.4579
0.90971,1.9726,0.1982,-0.1786,5.9968,1.4329
0.90971,1.9547,0,-8.8,5.8914,0
0.95395,1.0747,0.30369,-0.011044,5.8265,0
0.95395,1.0736,0,-0.0077983,5.8145,0.23528
1.0203,1.0728,0.38863,-0.0048252,5.8047,0
1.0549,1.0723,0.48032,-0.0015969,5.8081,0
1.0549,1.0722,0,0.27175,5.8063,0.79297
1.0549,1.0994,0,0.48087,5.8032,1.6763
1.2208,1.1474,0.91626,0.60059,5.8182,0
1.2208,1.2075,0,0.79877,5.8225,3.0051
1.2208,1.2874,0,1.033,5.8198,4.6405
1.2208,1.3907,0,1.3523,5.808,7.1696
1.2208,1.5259,0,1.7074,5.7842,10.445
1.2208,1.6967,0,1.9869,5.7452,13.592
1.2208,1.8954,0,2.1128,5.6877,15.726
1.2208,2.1066,0,-8.8,5.6096,0
1.2208,1.2266,0,4.9,5.5651,40.039
3.3723,1.7166,2.2163,4.9,6.3479,6.2136
3.3723,2.2066,0,4.2092,6.489,25.318
3.3723,2.6275,0,2.6164,6.5845,12.631
3.3723,2.8892,0,1.9887,6.6459,8.835
3.3723,3.0881,0,1.5783,6.6843,6.7355
4.0143,3.2459,0.18197,1.2891,6.8933,1.8549
4.0354,3.3748,-0.12006,1.0478,6.9628,2.6884
4.0354,3.4796,0,0.83018,7.0236,1.3087
4.0354,3.5626,0,0.613,7.075,0.6594
4.0354,3.6239,0,0.41411,7.1193,0.13625
4.0354,3.6653,0,0.25009,7.1583,0
4.0354,3.6903,0,0.077975,7.1941,0
4.0354,3.6981,0,-0.012719,7.2282,0
4.0354,3.6968,0,-0.03806,7.262,0
4.0354,3.693,0,-0.063751,7.2961,0
3.337,3.6867,-0.76602,-0.088068,7.0655,4.1778
3.2549,3.6779,-0.48155,-0.10699,7.0368,2.5571
3.2549,3.6672,0,-0.11799,6.995,0.61436
3.2549,3.6554,0,-0.12108,6.9544,0.58026
3.1999,3.6433,0.35173,-0.11434,6.9113,0.074994
3.2391,3.6318,0.46076,-0.10199,6.8681,0
3.2391,3.6216,0,-0.0901,6.8293,0.61776
3.3238,3.6126,0.47415,-8.8,6.7945,0
3.3633,2.7326,0.44896,1.3974,6.8218,1.4925
3.4135,2.8724,0.43874,1.112,6.8828,0.64223
3.4566,2.9836,0.44729,0.91882,6.9385,0.14083
3.4962,3.0754,0.54896,0.78145,6.9826,0
3.5488,3.1536,0.812,0.70738,7.0228,0
3.5488,3.2243,0,0.7072,7.0588,1.5007
3.5488,3.295,0,0.75923,7.0877,1.9715
3.9279,3.371,2.294,0.90552,7.1442,0.52067
4.1474,3.4615,2.7673,1.0749,7.2039,1.4382
4.4155,3.569,3.0563,1.2738,7.289,1.7012
4.7239,3.6964,3.1776,1.4741,7.3787,1.3735
5.0429,3.8438,3.1482,1.6341,7.4946,0.71807
5.3654,4.0072,3.0272,1.7532,7.6245,0
5.3654,4.1825,0,1.8042,7.7516,4.3775
5.3654,4.3629,0,1.8278,7.8609,5.3034
6.2262,4.5457,2.8055,1.8484,8.07,0
6.2262,4.7306,0,1.8669,8.2288,3.4828
6.2262,4.9173,0,1.8853,8.369,4.3759
7.1121,5.1058,3.4767,1.9246,8.6062,1.6972
7.1121,5.2982,0,1.9909,8.7972,2.9623
7.8211,5.4973,3.7804,2.0579,9.0369,2.8794
8.2017,5.7031,3.7566,2.1295,9.2737,2.6839
8.2017,5.9161,0,2.1919,9.513,2.2992
8.2017,6.1353,0,2.238,9.7306,3.4895
9.3258,6.3591,3.5746,2.2785,10.12,1.9019
9.682,6.5869,3.5009,2.2999,10.417,1.7113
9.682,6.8169,0,2.3201,10.715,0.79497
9.682,7.0489,0,2.3323,10.99,1.7664
10.717,7.2821,3.2481,2.3385,11.398,1.0638
11.04,7.516,3.1622,2.3391,11.755,0.8683
11.04,7.7499,0,2.342,12.096,0
11.04,7.9841,0,2.3292,12.413,0.13423
11.04,8.217,0,2.3148,12.707,0.92522
12.247,8.4485,2.8404,2.3053,13.238,0.24742
12.54,8.679,2.7532,2.2974,13.617,0.044563
12.54,8.9088,0,2.2801,13.992,0
12.54,9.1368,0,2.2649,14.343,0
12.54,9.3633,0,2.2542,14.672,0
13.609,9.5887,2.5877,2.2327,15.193,0.092911
13.609,9.812,0,2.2228,15.584,0
13.609,10.034,0,2.2103,15.953,0
13.609,10.255,0,2.203,16.299,0
14.667,10.476,2.5746,2.199,16.827,0.71569
14.667,10.695,0,2.1965,17.235,0
14.667,10.915,0,2.1925,17.621,0
15.456,11.134,2.4651,2.1864,18.109,0.61352
15.697,11.353,2.3581,2.1733,18.551,0.22824
15.697,11.57,0,2.1616,18.975,0
15.697,11.787,0,2.1491,19.377,0
16.398,12.001,2.2621,2.1306,19.862,0.21263
16.628,12.214,2.2251,2.1187,20.311,0.16291
16.628,12.426,0,2.1086,20.742,0
16.628,12.637,0,2.096,21.151,0
17.29,12.847,1.9586,2.075,21.648,0
17.493,13.054,1.7741,2.0545,22.087,0
17.676,13.26,1.668,2.0267,22.527,0
17.676,13.462,0,1.9954,22.958,0
18.014,13.662,1.5758,1.9664,23.415,0
18.162,13.859,1.546,1.9303,23.856,0
18.313,14.052,1.5334,1.8973,24.282,0
18.313,14.241,0,1.8677,24.698,0
18.605,14.428,1.4704,1.8355,25.138,0
18.745,14.612,1.474,1.8046,25.557,0
18.888,14.792,1.4719,1.7774,25.971,0
19.036,14.97,1.4693,1.754,26.387,0
19.036,15.145,0,1.7279,26.785,0
19.036,15.318,0,1.7042,27.166,0
19.471,15.488,1.4416,1.6888,27.59,0
19.622,15.657,1.4213,1.6718,27.98,0
19.769,15.825,1.3995,1.6539,28.366,0
19.917,15.99,1.3885,1.6384,28.763,0
19.917,16.154,0,1.6179,29.148,0
19.917,16.316,0,1.5979,29.516,0
19.917,16.475,0,1.5813,29.868,0
19.917,16.633,0,1.5637,30.204,0
19.917,16.79,0,1.5487,30.525,0
