21.389,21.389,0.86901,0,35.5,0
21.482,21.389,0.70581,0.028801,35.495,0
21.482,21.392,0,0.050361,35.504,0
21.622,21.397,0.68915,0.069802,35.531,0
21.622,21.404,0,0.091765,35.553,0
21.622,21.413,0,0.11191,35.575,0
21.622,21.424,0,0.12871,35.595,0
21.905,21.437,0.71164,0.14493,35.681,0
21.984,21.452,0.72404,0.1648,35.725,0
21.984,21.468,0,0.18109,35.777,0
21.984,21.486,0,0.19839,35.828,0
21.984,21.506,0,0.21434,35.877,0
21.984,21.527,0,0.22974,35.923,0
22.333,21.55,0.68715,0.24264,36.065,0
22.333,21.575,0,0.25921,36.142,0
22.333,21.601,0,0.27441,36.217,0
22.333,21.628,0,0.28738,36.288,0
22.333,21.657,0,0.29598,36.357,0
22.333,21.686,0,0.31128,36.424,0
22.755,21.717,0.74126,0.32178,36.618,0
22.837,21.75,0.77678,0.33742,36.729,0
22.837,21.783,0,0.35057,36.836,0
22.988,21.818,0.74596,0.36302,36.95,0
22.988,21.855,0,0.37364,37.065,0
23.124,21.892,0.72501,0.38226,37.176,0
23.124,21.93,0,0.39487,37.298,0
23.124,21.97,0,0.4049,37.415,0
23.346,22.01,0.71975,0.41425,37.551,0
23.346,22.052,0,0.42533,37.682,0
23.346,22.094,0,0.43605,37.809,0
23.346,22.138,0,0.44233,37.932,0
23.627,22.182,0.6442,0.44858,38.122,0
23.627,22.227,0,0.45718,38.264,0
23.759,22.273,0.69513,0.46128,38.399,0
23.759,22.319,0,0.46897,38.545,0
23.759,22.366,0,0.47774,38.687,0
23.759,22.413,0,0.48316,38.824,0
23.759,22.462,0,0.48981,38.956,0
23.759,22.511,0,0.49526,39.084,0
23.759,22.56,0,0.49939,39.206,0
23.759,22.61,0,0.50682,39.323,0
23.759,22.661,0,0.51027,39.436,0
24.379,22.712,0.72747,0.51727,39.847,0
24.447,22.764,0.7132,0.52251,40.014,0
24.447,22.816,0,0.52786,40.18,0
24.588,22.869,0.69378,0.5335,40.353,0
24.665,22.922,0.69722,0.54075,40.521,0
24.731,22.976,0.68816,0.54431,40.689,0
24.793,23.031,0.67875,0.54661,40.863,0
24.87,23.085,0.6795,0.55332,41.045,0
24.931,23.141,0.66571,0.55515,41.226,0
24.931,23.196,0,0.55699,41.402,0
24.931,23.252,0,0.5585,41.573,0
25.125,23.308,0.66297,0.56338,41.767,0
25.125,23.364,0,0.56362,41.946,0
25.251,23.42,0.66645,0.56733,42.145,0
25.251,23.477,0,0.56955,42.325,0
25.251,23.534,0,0.57364,42.5,0
25.452,23.591,0.68189,0.57628,42.696,0
25.452,23.649,0,0.58193,42.879,0
25.452,23.707,0,0.58292,43.057,0
25.452,23.765,0,0.58346,43.228,0
25.452,23.824,0,0.58497,43.394,0
25.765,23.882,0.34696,0.58253,43.649,0
25.795,23.941,0.25759,0.57374,43.83,0
25.795,23.998,0,0.56615,44.013,0
25.795,24.055,0,0.55075,44.19,0
25.795,24.11,0,0.53387,44.361,0
25.838,24.163,0.066181,0.51738,44.526,0
25.838,24.215,0,0.50306,44.691,0
25.838,24.265,0,0.48689,44.85,0
25.84,24.314,-0.085769,0.47095,44.999,0
25.839,24.361,-0.099528,0.45605,45.154,0
25.839,24.406,0,0.43746,45.3,0
25.823,24.45,-0.089275,0.42343,45.435,0
25.817,24.493,-0.089238,0.4082,45.572,0
25.81,24.533,-0.11728,0.39331,45.693,0
25.803,24.573,-0.11512,0.37925,45.824,0
25.794,24.611,-0.11294,0.36454,45.941,0
25.776,24.647,-0.079709,0.34774,46.054,0
25.766,24.682,-0.044259,0.33378,46.158,0
25.766,24.715,0,0.32146,46.265,0
25.766,24.747,0,0.30818,46.368,0
25.766,24.778,0,0.30032,46.468,0
25.766,24.808,0,0.28996,46.566,0
25.766,24.837,0,0.2825,46.66,0
25.77,24.865,0.059395,0.27814,46.729,0
25.783,24.893,0.074089,0.27348,46.819,0
25.787,24.921,0.083453,0.26622,46.907,0
25.787,24.947,0,0.26083,46.992,0
25.787,24.973,0,0.2568,47.075,0
25.787,24.999,0,0.25156,47.155,0
25.787,25.024,0,0.24729,47.233,0
25.827,25.049,0.078034,0.23898,47.333,0
25.837,25.073,0.046027,0.23468,47.406,0
25.837,25.096,0,0.22738,47.481,0
25.835,25.119,-0.068048,0.21968,47.557,0
25.835,25.141,0,0.21264,47.628,0
25.835,25.162,0,0.20181,47.696,0
25.806,25.182,-0.24679,0.19145,47.756,0
25.776,25.202,-0.23593,0.17631,47.811,0
25.776,25.219,0,0.16439,47.867,0
25.776,25.236,0,0.14881,47.922,0
25.776,25.251,0,0.13275,47.976,0
25.776,25.264,0,0.11984,48.028,0
25.625,25.276,-0.28847,0.10698,48.034,0.25159
25.593,25.286,-0.188,0.094009,48.076,0.010092
25.593,25.296,0,0.087284,48.106,0
25.583,25.305,-0.0023671,0.085376,48.14,0
25.583,25.313,0,0.083093,48.167,0
25.592,25.321,0.16098,0.0829,48.185,0
25.592,25.33,0,0.083768,48.212,0
25.612,25.338,0.15434,0.083893,48.237,0
25.612,25.347,0,0.088021,48.264,0
25.612,25.355,0,0.087548,48.29,0
25.612,25.364,0,0.090808,48.316,0
25.612,25.373,0,0.094977,48.34,0
25.696,25.383,0.15677,0.096133,48.389,0
25.696,25.392,0,0.10027,48.42,0
25.733,25.402,0.0064504,0.10122,48.445,0
25.733,25.412,0,0.099344,48.478,0
25.734,25.422,-0.15582,0.095601,48.505,0
25.72,25.432,-0.19016,0.088192,48.544,0.044589
25.708,25.441,-0.24891,0.081852,48.575,0.25375
25.681,25.449,-0.35028,0.07102,48.604,0.66623
25.648,25.456,-0.45724,0.058704,48.618,1.1813
25.648,25.462,0,0.040749,48.637,0
25.529,25.466,-0.82249,0.019238,48.652,3.5639
25.448,25.468,-0.8759,-0.0017006,48.65,4.1768
25.353,25.468,-0.81411,-0.009647,48.653,4.0568
25.274,25.467,-0.76015,-0.0162,48.642,3.9434
25.19,25.465,-0.66739,-0.023168,48.622,3.5893
25.127,25.463,-0.61794,-0.0283,48.588,3.4704
25.071,25.46,-0.64526,-0.032857,48.552,3.835
25.071,25.457,0,-0.037364,48.513,0.76825
24.945,25.453,-0.69899,-0.042987,48.464,4.6378
24.872,25.449,-0.6756,-0.048877,48.408,4.7142
24.872,25.444,0,-0.054883,48.351,1.177
24.73,25.438,-0.52683,-0.060261,48.283,4.1383
24.685,25.432,-0.47536,-0.063732,48.204,3.9362
24.685,25.426,0,-0.068186,48.129,1.5786
24.579,25.419,-0.43764,-0.072003,48.045,4.0053
24.579,25.412,0,-0.076118,47.961,1.8032
24.487,25.404,-0.44012,-0.079088,47.875,4.2785
24.452,25.396,-0.42459,-0.081661,47.774,4.2676
24.452,25.388,0,-0.084435,47.68,2.0656
24.372,25.38,-0.4332,-0.08764,47.571,4.5314
24.324,25.371,-0.44195,-0.091417,47.467,4.7238
24.324,25.362,0,-0.094061,47.363,2.3243
24.24,25.352,-0.44852,-0.097733,47.257,4.9887
24.198,25.343,-0.44512,-0.10093,47.146,5.0756
24.198,25.333,0,-0.1046,47.032,2.5695
24.102,25.322,-0.44915,-0.10833,46.915,5.3618
24.102,25.311,0,-0.11121,46.794,2.7686
24.102,25.3,0,-0.11479,46.673,2.7196
24.102,25.289,0,-0.11804,46.554,2.6712
24.102,25.277,0,-0.1223,46.436,2.618
24.102,25.265,0,-0.12492,46.319,2.5706
23.851,25.252,-0.4676,-0.12759,46.126,6.1241
23.814,25.239,-0.46541,-0.13039,45.985,6.192
23.767,25.226,-0.4383,-0.1341,45.837,6.1076
23.725,25.213,-0.39682,-0.13738,45.691,5.9046
23.678,25.199,-0.34338,-0.14105,45.549,5.6405
23.648,25.185,-0.34161,-0.14322,45.402,5.6797
23.648,25.171,0,-0.14579,45.249,3.6113
23.568,25.156,-0.39885,-0.14947,45.099,6.2576
23.524,25.141,-0.43813,-0.15299,44.948,6.6526
23.47,25.126,-0.42996,-0.15739,44.788,6.7223
23.431,25.11,-0.40129,-0.1605,44.627,6.5864
23.388,25.094,-0.39317,-0.16392,44.467,6.6164
23.388,25.078,0,-0.16725,44.297,4.067
23.388,25.061,0,-0.17139,44.129,3.9907
23.388,25.044,0,-0.17445,43.963,3.9187
23.224,25.026,-0.43968,-0.17736,43.744,7.2963
23.224,25.009,0,-0.18095,43.565,4.3224
23.141,24.991,-0.37416,-0.18427,43.386,6.9484
23.094,24.972,-0.36477,-0.18818,43.206,6.9698
23.049,24.953,-0.37952,-0.19209,43.011,7.1687
23.008,24.934,-0.3873,-0.19556,42.829,7.3021
22.979,24.915,-0.3943,-0.19789,42.626,7.3815
22.979,24.895,0,-0.20107,42.434,4.679
22.979,24.875,0,-0.20545,42.243,4.5866
22.979,24.854,0,-0.20962,42.054,4.4944
22.979,24.833,0,-0.21283,41.868,4.4061
22.773,24.812,-0.3845,-0.21592,41.613,7.6307
22.773,24.79,0,-0.21895,41.411,4.9455
22.7,24.768,-0.38558,-0.22218,41.21,7.7253
22.7,24.746,0,-0.22653,41.004,5.0091
22.7,24.724,0,-0.22922,40.801,4.9146
22.7,24.701,0,-0.23223,40.599,4.8182
22.555,24.677,-0.429,-0.23498,40.365,8.2271
22.555,24.654,0,-0.23841,40.154,5.1358
22.555,24.63,0,-0.24325,39.946,5.0253
22.428,24.606,-0.40956,-0.24689,39.706,8.2271
22.388,24.581,-0.3891,-0.25074,39.481,8.103
22.388,24.556,0,-0.25396,39.263,5.3013
22.388,24.531,0,-0.2575,39.047,5.1911
22.388,24.505,0,-0.26052,38.834,5.0831
22.236,24.479,-0.40169,-0.26492,38.599,8.3252
22.206,24.452,-0.40296,-0.26754,38.381,8.334
22.206,24.426,0,-0.27211,38.158,5.3908
22.114,24.398,-0.3932,-0.27654,37.945,8.3581
22.077,24.371,-0.37711,-0.28012,37.721,8.246
22.077,24.343,0,-0.28388,37.493,5.4958
22.077,24.314,0,-0.28892,37.267,5.3659
21.944,24.285,-0.37884,-0.29406,37.002,8.3743
21.912,24.256,-0.37506,-0.297,36.771,8.3327
21.877,24.226,-0.36934,-0.30045,36.542,8.2891
21.847,24.196,-0.3449,-0.30322,36.304,8.0719
21.847,24.166,0,-0.30569,36.071,5.5719
21.786,24.135,-0.37988,-0.30921,35.816,8.3103
21.756,24.104,-0.39488,-0.31218,35.574,8.4091
21.717,24.073,-0.39273,-0.31617,35.346,8.4
21.67,24.042,-0.40249,-0.32123,35.114,8.5123
21.67,24.009,0,-0.32541,34.879,5.5426
21.67,23.977,0,-0.32805,34.646,5.4107
21.571,23.944,-0.37328,-0.331,34.405,8.2135
21.571,23.911,0,-0.33466,34.169,5.4954
21.571,23.878,0,-0.33944,33.937,5.3496
21.571,23.844,0,-0.34194,33.708,5.2152
21.436,23.809,-0.39785,-0.34485,33.436,8.3153
21.436,23.775,0,-0.35026,33.201,5.4075
21.348,23.74,-0.45341,-0.35472,32.961,8.7889
21.308,23.704,-0.49197,-0.35925,32.713,9.1073
21.255,23.668,-0.4745,-0.3656,32.479,8.9906
21.204,23.632,-0.45811,-0.37154,32.242,8.8701
21.155,23.595,-0.46912,-0.37735,32.003,8.977
21.103,23.557,-0.40533,-0.38384,31.752,8.4608
21.103,23.519,0,-0.38729,31.509,5.488
21.103,23.48,0,-0.38935,31.269,5.3386
21.103,23.441,0,-0.39073,31.034,5.1933
21.103,23.402,0,-0.39266,30.802,5.0462
21.103,23.363,0,-0.39181,30.574,4.9137
20.987,23.323,-0.17429,-0.39058,30.298,6.2351
20.987,23.284,0,-0.39203,30.066,5.0431
20.987,23.245,0,-0.39186,29.838,4.9074
20.987,23.206,0,-0.39357,29.615,4.7637
20.915,23.167,-0.18499,-0.39281,29.398,5.9654
20.899,23.127,-0.182,-0.39296,29.174,5.8562
20.881,23.088,-0.22238,-0.39316,28.96,6.0302
20.86,23.049,-0.26382,-0.39403,28.746,6.2275
20.86,23.009,0,-0.3941,28.529,4.5249
20.809,22.97,-0.31442,-0.39738,28.313,6.4406
20.769,22.93,-0.31493,-0.40187,28.095,6.4191
20.742,22.89,-0.28238,-0.40374,27.879,6.1331
20.742,22.85,0,-0.40641,27.666,4.3273
20.742,22.809,0,-0.40927,27.458,4.1797
20.659,22.768,-0.22377,-0.40967,27.233,5.569
20.659,22.727,0,-0.41184,27.024,4.1713
20.659,22.686,0,-0.41299,26.82,4.0317
20.659,22.645,0,-0.41329,26.619,3.8971
20.659,22.603,0,-0.41235,26.422,3.7695
20.558,22.562,-0.05885,-0.41127,26.187,4.2554
20.558,22.521,-0.022637,-0.40707,25.985,3.9585
20.558,22.48,0,-0.40195,25.791,3.7441
20.575,22.44,-0.020299,-0.39535,25.585,3.6871
20.563,22.401,-0.05775,-0.39333,25.404,3.7837
20.563,22.361,0,-0.39054,25.222,3.4063
20.563,22.322,0,-0.38721,25.044,3.3004
20.563,22.283,0,-0.38625,24.87,3.1867
20.563,22.245,0,-0.38632,24.7,3.0704
20.563,22.206,0,-0.38466,24.534,2.9623
20.474,22.168,-0.16101,-0.38511,24.321,3.856
20.474,22.129,0,-0.38218,24.154,3.0069
20.447,22.091,-0.24237,-0.38099,23.99,4.135
20.415,22.053,-0.30295,-0.38333,23.822,4.4422
20.415,22.015,0,-0.38506,23.66,2.8331
20.347,21.976,-0.42249,-0.38865,23.49,5.1117
20.307,21.937,-0.51996,-0.39288,23.323,5.7548
20.263,21.898,-0.67856,-0.39796,23.156,6.9544
20.263,21.858,0,-0.40951,22.994,2.7277
20.106,21.817,-1.0366,-0.42468,22.829,10.557
20.011,21.775,-1.2089,-0.44228,22.657,12.737
20.011,21.73,0,-0.46709,22.483,2.8663
20.011,21.684,0,-0.49489,22.313,2.6327
19.619,21.634,-1.4514,-0.52337,22.089,16.827
19.474,21.582,-1.4756,-0.55447,21.884,17.452
19.474,21.526,0,-0.58722,21.676,3.3718
19.474,21.468,0,-0.61984,21.474,3.0775
19.474,21.406,0,-0.65018,21.277,2.7975
18.894,21.341,-1.3736,-0.6826,20.96,16.633
18.894,21.272,0,-0.7112,20.719,3.8451
18.894,21.201,0,-0.73787,20.484,3.5293
18.544,21.128,-0.69792,-0.7585,20.188,8.8291
18.544,21.052,0,-0.7672,19.934,4.0062
18.544,20.975,0,-0.77306,19.687,3.7535
18.544,20.898,0,-0.77456,19.448,3.523
18.362,20.82,-0.25777,-0.77349,19.176,5.0804
18.333,20.743,-0.21551,-0.77148,18.927,4.6922
18.319,20.666,-0.18996,-0.76356,18.697,4.3888
18.295,20.589,-0.14723,-0.75966,18.457,4.0327
18.295,20.513,0,-0.75479,18.232,3.2151
18.264,20.438,-0.018687,-0.74305,18.016,3.202
18.264,20.364,0,-0.73043,17.802,2.9742
18.264,20.291,0,-0.71839,17.596,2.819
18.247,20.219,-0.17881,-0.70444,17.416,3.4055
18.247,20.148,0,-0.69328,17.223,2.5728
18.21,20.079,-0.62161,-0.68746,17.035,5.6023
18.143,20.01,-0.88974,-0.69751,16.839,7.6479
18.058,19.94,-1.1472,-0.71308,16.655,10.171
17.948,19.869,-1.3105,-0.73826,16.473,12.1
17.824,19.795,-1.4421,-0.76918,16.284,13.855
17.824,19.718,0,-0.80536,16.09,2.2263
17.824,19.638,0,-0.846,15.905,1.9449
17.389,19.553,-1.5385,-0.88925,15.656,15.193
17.244,19.464,-1.5397,-0.92821,15.444,15.144
17.08,19.372,-1.5058,-0.97601,15.222,14.576
17.08,19.274,0,-1.0179,14.998,2.3649
16.782,19.172,-1.3547,-1.0614,14.743,12.244
16.782,19.066,0,-2.9,14.509,11.484
16.782,18.776,0,-2.9,14.295,13.771
16.782,18.486,0,-2.9,14.11,16.542
16.367,18.196,-0.44397,-4.4,13.864,123.11
16.367,17.756,0,-4.4,13.703,156.96
16.289,17.316,-0.2443,-4.4,13.584,241.05
16.266,16.876,-0.22569,-0.27309,13.492,1.3131
16.235,16.849,-0.2373,-0.27594,13.44,1.353
16.235,16.821,0,-4.4,13.38,317.71
16.194,16.381,-0.22635,-0.082755,13.331,0.82925
16.194,16.373,0,-0.092821,13.313,0.17156
16.194,16.364,0,-0.094807,13.295,0.14866
16.194,16.354,0,-0.095772,13.279,0.12761
16.194,16.344,0,-0.096028,13.263,0.10795
16.117,16.335,-0.084847,-0.097434,13.226,0.44299
16.113,16.325,-0.071781,-0.094823,13.205,0.40217
16.113,16.316,0,-0.094702,13.185,0.21581
16.103,16.306,0.015778,-0.091253,13.176,0.19211
16.099,16.297,0.078505,-0.089184,13.164,0.067116
16.11,16.288,0.13959,-4.4,13.139,436.45
16.127,15.848,0.15694,0.058828,13.146,0
16.14,15.854,0.041227,0.060368,13.179,0
16.147,15.86,-0.41687,0.060739,13.198,0.72845
16.097,15.866,-1.2594,0.048928,13.226,6.9057
16.097,15.871,0,0.021712,13.249,0
16.097,15.873,0,-0.05854,13.272,0
15.366,15.867,-5.0216,-0.21763,13.207,386.16
14.873,15.846,-6.1211,-0.4259,13.127,0
14.873,15.803,0,-0.688,13.032,0.60677
13.551,15.734,-7.5578,-7.7437,12.816,4.0842
13.551,14.96,0,-0.95266,12.636,1.0738
13.551,14.865,0,-8.5254,12.5,0
11.176,14.012,-8.1838,-1.2505,12.058,29.208
10.351,13.887,-7.7416,-8.274,11.744,6.1307
9.5726,13.06,-7.1271,-7.6604,11.401,6.0278
9.5726,12.294,0,-7.0192,11.09,4046.1
9.5726,11.592,0,-6.4204,10.853,4045.9
9.5726,10.95,0,-5.8948,10.683,4045.7
9.5726,10.36,0,-5.5041,10.575,4045.3
6.6013,9.8097,-4.4943,-5.2,9.7329,5.0945
6.1467,9.2897,-3.8959,-5.2,9.4107,3.7029
5.7494,8.7697,-3.2061,-5.2,9.1115,2.002
5.4242,8.2497,-2.394,-5.2,8.8236,3.5991
5.1897,7.7297,-1.6972,-5.2,8.5585,7.4176
5.0144,7.2097,-1.1955,-5.2,8.3305,9.9237
4.9045,6.6897,-0.84343,-5.2,8.1341,11.551
4.9045,6.1697,0,-5.2,7.9815,20.805
4.7612,5.6497,-0.50962,-0.29667,7.876,3.383
4.7076,5.62,-0.5405,-8.8,7.78,2.779
4.7076,4.74,0,-0.02596,7.7327,0.012143
4.5962,4.7374,-0.60944,-0.040331,7.7146,2.618
4.5962,4.7334,0,-0.055376,7.7007,0.16513
4.4799,4.7279,-0.6478,-0.071487,7.6611,3.0751
4.4115,4.7207,-0.68007,-0.089377,7.6412,3.4132
4.3341,4.7118,-0.65349,-0.10979,7.6062,3.3875
4.3341,4.7008,0,-0.12568,7.569,0.49469
4.2226,4.6882,-0.49575,-0.13727,7.5172,2.6298
4.174,4.6745,-0.40373,-0.14878,7.4652,2.2198
4.174,4.6596,0,-0.15915,7.4159,0.67609
4.174,4.6437,0,-0.16514,7.3681,0.62606
4.174,4.6272,0,-8.8,7.322,0.75494
4.174,3.7472,0,0.4297,7.3206,0.14596
4.03,3.7902,-0.21772,0.32744,7.3139,1.1116
4.03,3.8229,0,0.2542,7.3363,0.16677
4.03,3.8483,0,0.21064,7.3557,0.10668
3.9897,3.8694,-0.057932,0.15965,7.3638,0.27335
3.9897,3.8854,0,0.13436,7.3751,0.085608
3.9897,3.8988,0,0.1245,7.3848,0.091096
3.9997,3.9112,-0.030231,0.11567,7.3899,0.15149
3.9997,3.9228,0,0.099727,7.3982,0.061487
3.9925,3.9328,-0.024387,0.077355,7.3948,0.10464
3.9865,3.9405,-0.016274,0.059458,7.4035,0.071996
3.9865,3.9465,0,0.061457,7.4078,0.051459
3.994,3.9526,0.040829,0.053353,7.413,0
3.9898,3.9579,0.15826,0.041038,7.4269,0
3.9898,3.962,0,0.055687,7.4299,0.064504
4.0382,3.9676,0.50313,0.090615,7.4387,0
4.0817,3.9767,0.67921,0.13441,7.4437,0
4.0817,3.9901,0,0.21222,7.4535,0.32644
4.0817,4.0113,0,0.27361,7.4616,0.56791
4.3064,4.0387,0.78334,0.33634,7.5047,0
4.3064,4.0723,0,0.40039,7.5297,0.55586
4.3064,4.1124,0,0.43395,7.5512,0.78444
4.3064,4.1558,0,0.45798,7.5684,0.99769
4.5986,4.2016,0.59282,0.47496,7.6505,0
4.6506,4.2491,0.58617,0.47328,7.6836,0
4.7041,4.2964,0.58558,0.47385,7.7225,0
4.7677,4.3438,0.5796,0.48622,7.7665,0
4.8296,4.3924,0.57606,0.49489,7.8147,0
4.8296,4.4419,0,0.48931,7.856,0.44669
4.9351,4.4908,0.61335,0.48949,7.903,0
4.9868,4.5398,0.62924,0.48644,7.9534,0
4.9868,4.5884,0,0.49146,7.9956,0.42514
4.9868,4.6376,0,0.51083,8.033,0.62971
4.9868,4.6886,0,0.52925,8.0654,0.84394
4.9868,4.7416,0,0.52681,8.0925,0.98859
4.9868,4.7942,0,0.53179,8.1144,1.1645
5.3811,4.8474,0.61167,0.53753,8.2461,0
5.3811,4.9012,0,0.54486,8.2968,0.38911
5.3811,4.9557,0,0.53796,8.342,0.5151
5.5622,5.0095,0.45573,0.53588,8.4028,0
5.5622,5.063,0,0.5234,8.4554,0.26271
5.6462,5.1154,0.28954,0.50317,8.5223,0
5.6462,5.1657,0,0.485,8.5728,0.18439
5.7092,5.2142,0.19393,0.45953,8.6274,0
5.7204,5.2602,0.16843,0.4232,8.6771,0
5.7204,5.3025,0,0.40416,8.721,0.089305
5.7721,5.3429,0.16068,0.38838,8.7767,0
5.7721,5.3817,0,0.3635,8.8177,0.036378
5.7721,5.4181,0,0.34759,8.8549,0.078982
5.8108,5.4528,0.091871,0.31675,8.8917,0
5.8108,5.4845,0,0.30211,8.926,0.015867
5.8108,5.5147,0,0.27124,8.9571,0.0024086
5.8108,5.5418,0,0.25695,8.9853,0.02735
5.8108,5.5675,0,0.24173,9.0109,0.046424
5.8108,5.5917,0,0.22211,9.0341,0.050239
5.8108,5.6139,0,0.19752,9.0549,0.036841
5.8458,5.6337,0.016146,0.18139,9.0979,0
5.8519,5.6518,-0.0061946,0.17063,9.1241,0
5.858,5.6689,-0.01414,0.16086,9.1509,0
5.858,5.685,0,0.14062,9.169,0
5.858,5.699,0,0.12927,9.1856,0
5.8417,5.712,0.011219,0.10962,9.2069,0
5.8373,5.7229,0.014827,0.096488,9.2273,0
5.8373,5.7326,0,0.088097,9.2383,0
5.8382,5.7414,-0.016737,0.081477,9.2538,0.014328
5.8382,5.7495,0,0.076589,9.2631,0
5.8382,5.7572,0,0.067341,9.2716,0
5.8382,5.7639,0,0.062949,9.2793,0
5.8283,5.7702,-0.04579,0.048568,9.2836,0.090276
5.8283,5.7751,0,0.046904,9.2891,0
5.8283,5.7798,0,0.032402,9.2942,0
5.809,5.783,-0.0091084,0.021724,9.317,0.012357
5.8002,5.7852,-0.095632,0.012544,9.3147,0.22252
5.8002,5.7864,0,0.0040554,9.3161,0
5.7614,5.7868,-0.35788,-0.0066137,9.3175,1.144
5.7614,5.7862,0,-0.017259,9.3149,0.014657
5.7614,5.7844,0,-0.033685,9.3125,0
5.7614,5.7811,0,-0.05799,9.3104,0
5.4292,5.7753,-1.6055,-0.090488,9.2667,13.415
5.2634,5.7662,-1.8933,-0.13217,9.2272,19.022
5.2634,5.753,0,-0.18239,9.1776,0.62835
4.8586,5.7348,-2.1313,-0.23482,9.0866,25.589
4.637,5.7113,-2.1249,-0.29216,8.9822,26.151
4.637,5.6821,0,-0.3464,8.8763,1.4794
4.637,5.6474,0,-0.39959,8.7735,1.2531
4.637,5.6075,0,-0.45658,8.6745,1.0307
3.802,5.5618,-2.0449,-0.51579,8.4364,10.689
3.5912,5.5102,-2.0496,-0.57663,8.2597,10.617
3.388,5.4526,-2.0574,-0.63953,8.0529,10.51
3.1739,5.3886,-2.0824,-0.70894,7.8336,10.405
3.1739,5.3177,0,-8.8,7.6157,0
3.1739,4.4377,0,-0.47531,7.4453,1.6409
2.5599,4.3902,-2.1088,-0.53485,7.2393,9.1763
2.5599,4.3367,0,-8.8,7.0589,0
2.5599,3.4567,0,-0.32212,6.9252,1.1942
