0,0,-1.1209,0,35.5,2.3553
0,0,0,7.8,35.5,59.103
0,0.78,0,7.8,35.461,63.94
0,1.56,0,7.8,35.344,68.834
-0.43254,2.34,-0.9955,7.8,35.069,73.411
-0.43254,3.12,0,7.8,34.753,72.919
-0.6483,3.9,-0.98836,7.8,34.347,77.037
-0.6483,4.68,0,7.8,33.853,76.559
-0.8297,5.46,-0.95406,7.8,33.264,80.534
-0.92462,6.24,-0.94803,6.7,32.587,80.004
-1.0174,6.91,-0.97334,6.7,31.826,81.621
-1.0174,7.58,0,6.7,30.999,80.949
-1.0174,8.25,0,-0.52083,30.106,67.15
-1.0174,8.1979,0,-0.548,29.182,66.986
-1.4278,8.1431,-1.1348,-0.57856,28.187,70.035
-1.4278,8.0853,0,-0.61147,27.233,67.463
-1.4278,8.0241,0,-0.64734,26.285,67.262
-1.7761,7.9594,-1.2279,-0.68675,25.289,70.341
-1.7761,7.8907,0,-0.73027,24.319,67.529
-2.0163,7.8177,-1.2404,-0.777,23.333,70.38
-2.0163,7.74,0,-0.82863,22.354,67.505
-2.2547,7.6571,-1.1755,-0.88588,21.362,70.174
-2.2547,7.5685,0,-0.94822,20.375,67.391
-2.2547,7.4737,0,-1.0198,19.397,67.046
-2.2547,7.3717,0,-1.1001,18.43,66.669
-2.74,7.2617,-1.2676,-1.1892,17.356,69.914
-2.8598,7.1428,-1.314,-1.2873,16.364,69.807
-2.9971,7.0141,-1.3198,-1.401,15.371,69.598
-2.9971,6.874,0,-1.5313,14.376,66.264
-2.9971,6.7208,0,-1.6792,13.397,65.639
-3.3683,6.5529,-1.187,-1.8493,12.357,68.193
-3.4883,6.368,-1.1294,-2.0425,11.373,67.533
-3.5955,6.1637,-1.0797,-2.2626,10.401,66.767
-3.5955,5.9375,0,-2.5248,9.4365,63.483
-3.5955,5.685,0,-2.8273,8.4958,62.33
-3.5955,5.4023,0,-8.8,7.5819,49.201
-4.0377,4.5223,-0.98167,-8.8,6.6343,50.366
-4.1421,3.6423,-0.934,-8.8,5.8273,48.676
-4.1421,2.7623,0,-8.8,5.0929,44.909
-4.329,1.8823,-0.81818,-8.8,4.4144,45.207
-4.329,1.0023,0,-8.8,3.8373,41.684
-4.4959,0.12226,-0.8116,-8.8,3.333,41.928
-4.5817,0,-0.81744,-8.8,2.9173,41.865
-4.6708,0,-0.81282,-8.8,2.4898,42.038
-4.6708,0,0,-8.8,2.0667,40.33
-4.6708,0,0,-8.8,1.6436,40.33
-4.6708,0,0,-11.031,1.2206,35.642
-5.0107,0,-0.74667,-17.541,0.74749,24.229
-5.0107,0,0,-38.727,0.33413,0
-5.1461,0,-0.16709,-490.57,0.027001,0
-5.1619,0,0.12657,-8.8,1.956,41.071
-5.1619,0,0,-8.8,1.4838,41.337
-5.1619,0,0,-12.17,1.0116,34.256
-5.0542,0,0.5578,-22.026,0.56557,12.153
-5.0024,0,0.51841,-71.027,0.17488,0
-5.0024,0,0,-408.23,0.029778,0
-4.9108,0,0.43982,-8.8,1.5852,39.898
-4.858,0,0.45273,-9.8574,1.1445,37.541
-4.858,0,0,-15.707,0.70799,26.202
-4.858,0,0,-36.588,0.30072,0
-4.858,0,0,-806.07,-0.0021295,0
-4.858,0,0,-8.8,3.5424,40.714
-4.6223,0,0.47841,-8.8,3.1587,39.225
-4.6223,0,0,-8.8,2.7405,40.231
-4.5421,0,0.46325,-8.8,2.3325,39.093
-4.5421,0,0,-8.8,1.9223,40.066
-4.5421,0,0,-8.8,1.5121,40.066
-4.5421,0,0,-8.8,1.1019,40.066
-4.3553,0,0.47042,-12.792,0.71512,30.306
-4.3553,0,0,-27.131,0.34355,1.1658
-4.2722,0,0.46217,-198.86,0.045783,0
-4.2722,0,0,-14.246,0.61289,28.071
-4.2722,0,0,-32.742,0.2569,0
-4.1304,0,0.46607,-462.52,0.018424,0
-4.0834,0,0.47194,-8.8,1.9174,38.134
-4.0834,0,0,-8.8,1.553,39.126
-4.0834,0,0,-8.8,1.1887,39.126
-4.0834,0,0,-8.8,0.82433,39.126
-4.0834,0,0,-14.31,0.46,27.548
-4.0834,0,0,-35.554,0.12321,0
-4.0834,0,0,-4515.8,-0.10736,0
-3.7477,0,0.46844,7.8,22.196,72.334
-3.7477,0.78,0,7.8,21.782,74.918
-3.7477,1.56,0,-0.084234,21.291,59.95
-3.628,1.5516,0.46967,-0.086447,20.774,58.696
-3.628,1.5429,0,-0.08861,20.256,59.66
-3.5424,1.5341,0.47206,-0.091028,19.743,58.47
-3.5043,1.525,0.46684,-0.093568,19.232,58.379
-3.4511,1.5156,0.46947,-0.095802,18.74,58.24
-3.3969,1.506,0.47299,-0.098137,18.248,58.097
-3.3969,1.4962,0,-0.10054,17.758,59.066
-3.3969,1.4862,0,-0.10322,17.27,59.039
-3.3969,1.4758,0,-0.10586,16.782,59.013
-3.3969,1.4653,0,-0.10874,16.295,58.985
-3.1495,1.4544,0.46542,-0.11174,15.869,57.471
-3.1495,1.4432,0,-0.11474,15.41,58.42
-3.0591,1.4317,0.46321,-0.11796,14.973,57.231
-3.0084,1.4199,0.47041,-0.1213,14.519,57.081
-2.9692,1.4078,0.47433,-0.12487,14.086,56.96
-2.9692,1.3953,0,-0.12856,13.649,57.923
-2.9692,1.3825,0,-0.13199,13.213,57.89
-2.9692,1.3693,0,-0.13553,12.778,57.855
-2.9692,1.3557,0,-0.13957,12.345,57.819
-2.9692,1.3418,0,-0.14378,11.913,57.781
-2.6771,1.3274,0.46521,-0.14814,11.579,56.166
-2.6302,1.3126,0.46783,-0.15256,11.185,56.025
-2.5818,1.2973,0.46696,-0.15741,10.784,55.886
-2.538,1.2816,0.47415,-0.1623,10.404,55.739
-2.538,1.2653,0,-0.16697,10.023,56.692
-2.4381,1.2486,0.47003,-0.17233,9.6542,55.454
-2.3871,1.2314,0.47154,-0.17762,9.287,55.3
-2.3871,1.2136,0,-0.18364,8.9261,56.242
-2.3078,1.1953,0.46958,-0.19032,8.5646,55.041
-2.2542,1.1762,0.46783,-0.19585,8.2241,54.884
-2.2542,1.1567,0,-0.20239,7.882,55.813
-2.1742,1.1364,0.47086,-0.2098,7.548,54.603
-2.1742,1.1154,0,-0.21658,7.2179,55.535
-2.1742,1.0938,0,-0.22452,6.8901,55.474
-2.0391,1.0713,0.47433,-0.23257,6.5693,54.137
-2.0391,1.0481,0,-0.24036,6.2595,55.07
-1.9579,1.024,0.47023,-0.24921,5.9621,53.847
-1.9178,0.99912,0.47135,-0.25855,5.6612,53.692
-1.9178,0.97327,0,-8.8,5.3708,36.682
-1.9178,0.093265,0,0.47115,5.1257,54.359
-1.7765,0.14038,0.46941,-8.8,4.9494,33.698
-1.7765,0,0,-8.8,4.8017,34.397
-1.7765,0,0,-8.8,4.668,34.397
-1.6453,0,0.46105,-8.8,4.5508,33.159
-1.6453,0,0,-8.8,4.4303,34.128
-1.6453,0,0,-8.8,4.3098,34.128
-1.5143,0,0.46298,-8.8,4.2167,32.887
-1.4676,0,0.46473,-8.8,4.1036,32.787
-1.4676,0,0,-8.8,4.0009,33.764
-1.4676,0,0,-8.8,3.8981,33.764
-1.4676,0,0,-8.8,3.7953,33.764
-1.275,0,0.46849,-8.8,3.7262,32.384
-1.227,0,0.46783,-8.8,3.6449,32.287
-1.1748,0,0.47184,-8.8,3.5641,32.172
-1.1748,0,0,-8.8,3.4906,33.163
-1.1748,0,0,-8.8,3.4172,33.163
-1.0376,0,0.46937,-8.8,3.3593,31.896
-0.98764,0,0.46653,-8.8,3.2995,31.799
-0.95032,0,0.46274,-8.8,3.2397,31.731
-0.90983,0,0.46339,-8.8,3.1811,31.647
-0.87171,0,0.46383,-8.8,3.1366,31.567
-0.87171,0,0,-8.8,3.0934,32.542
-0.87171,0,0,-8.8,3.0502,32.542
-0.87171,0,0,-8.8,3.007,32.542
-0.87171,0,0,-8.8,2.9639,32.542
-0.87171,0,0,-8.8,2.9207,32.542
-0.58988,0,0.4665,-8.8,2.9655,30.984
-0.58988,0,0,-8.8,2.9505,31.964
-0.49369,0,0.46646,-8.8,2.9608,30.787
-0.45231,0,0.46712,-8.8,2.9585,30.701
-0.45231,0,0,-8.8,2.9573,31.682
-0.35521,0,0.47202,-8.8,2.9671,30.491
-0.30196,0,0.47115,-8.8,2.9681,30.384
-0.25196,0,0.47226,-8.8,2.9855,30.279
-0.25196,0,0,-8.8,3.0043,31.272
-0.25196,0,0,-8.8,3.0231,31.272
-0.25196,0,0,-8.8,3.0419,31.272
-0.25196,0,0,-8.8,3.0607,31.272
-0.0089339,0,0.46936,-8.8,3.1234,29.787
0.044595,0,0.46782,-8.8,3.173,0
0.044595,0,0,-8.8,3.2214,0
0.044595,0,0,-8.8,3.2699,0
0.18161,0,0.46975,-8.8,3.3491,0
0.22936,0,0.47059,-8.8,3.4073,0
0.22936,0,0,-8.8,3.4742,0
0.22936,0,0,-8.8,3.5412,0
0.22936,0,0,-8.8,3.6081,0
0.22936,0,0,-8.8,3.675,0
0.44872,0,0.4757,-8.8,3.8014,0
0.48891,0,0.47528,-8.8,3.8911,0
0.54055,0,0.47529,-8.8,3.9887,0
0.58797,0,0.46827,-8.8,4.0816,0
0.64335,0,0.47045,-8.8,4.1816,0
0.64335,0,0,-8.8,4.2899,0
0.64335,0,0,-8.8,4.3983,0
0.64335,0,0,-8.8,4.5066,0
0.64335,0,0,-8.8,4.6149,0
0.64335,0,0,-8.8,4.7233,0
0.92298,0,0.47481,-8.8,4.9235,0
0.92298,0,0,0.47179,5.0598,0
0.92298,0.047179,0,0.47108,5.1497,0
0.92298,0.094287,0,0.46458,5.2349,0
0.92298,0.14075,0,0.46697,5.3155,0
1.157,0.18744,0.4672,0.4672,5.446,0
1.1949,0.23416,0.46371,0.46371,5.5484,0
1.1949,0.28053,0,0.46422,5.6422,0
1.2915,0.32696,0.46913,0.46913,5.7306,0
1.3357,0.37387,0.47113,0.47113,5.8242,0
1.3357,0.42098,0,0.46785,5.918,0
1.4172,0.46777,0.4709,0.4709,6.0139,0
1.4172,0.51486,0,0.46848,6.1065,0
1.4172,0.56171,0,0.46876,6.1944,0
1.5458,0.60858,0.4683,0.4683,6.3099,0
1.5891,0.65541,0.47744,0.47744,6.4078,0
1.5891,0.70315,0,0.47525,6.4988,0
1.5891,0.75068,0,0.47422,6.585,0
1.7387,0.7981,0.47677,0.47677,6.7067,0
1.7918,0.84578,0.4794,0.4794,6.8039,0
1.8379,0.89372,0.47096,4.9,6.9013,27.039
1.8379,1.3837,0,3.4644,6.9712,22.061
1.8379,1.7302,0,0.97753,6.9993,3.6352
1.9937,1.8279,0.74761,0.73913,7.036,0
2.0656,1.9018,0.99292,0.6841,7.0455,0
2.1579,1.9702,1.2781,0.74094,7.0658,0
2.2929,2.0443,1.5522,0.92565,7.0914,0
2.4577,2.1369,1.7794,1.1144,7.1282,0
2.4577,2.2483,0,1.263,7.1547,4.9498
2.4577,2.3746,0,1.3524,7.1693,6.0644
3.0348,2.5099,2.0432,1.4147,7.2465,0
3.0348,2.6513,0,1.4774,7.2919,5.6126
3.4497,2.7991,2.0647,1.4793,7.3469,0
3.6628,2.947,2.0774,1.5067,7.4207,0
3.6628,3.0977,0,1.529,7.4848,5.1817
4.0914,3.2506,1.9492,1.5316,7.5812,0
4.0914,3.4037,0,1.4976,7.6576,4.4672
4.0914,3.5535,0,1.4457,7.7189,4.7555
4.0914,3.6981,0,1.3662,7.7655,4.8465
4.0914,3.8347,0,1.2737,7.798,4.8225
4.8095,3.9621,0.7261,1.1661,8.0197,0
4.8095,4.0787,0,1.0692,8.0986,1.8599
4.8095,4.1856,0,0.96347,8.1663,1.7055
5.007,4.2819,0.77606,0.89893,8.2522,0
5.007,4.3718,0,0.86936,8.3203,1.2296
5.2036,4.4588,1.6724,0.87644,8.3964,0
5.3759,4.5464,2.2403,0.95306,8.4774,0.43754
5.3759,4.6417,0,1.0649,8.5556,1.8268
5.3759,4.7482,0,1.2273,8.6237,3.0802
6.2062,4.8709,3.5376,1.4142,8.8056,3.8837
6.2062,5.0124,0,1.5946,8.9321,3.0286
6.2062,5.1718,0,1.7429,9.0435,4.6023
6.2062,5.3461,0,1.8429,9.1382,6.0309
7.6152,5.5304,3.3242,1.9119,9.5043,1.2907
7.946,5.7216,3.2326,1.9655,9.716,0.86163
8.275,5.9181,3.0586,2.0097,9.946,0.16615
8.275,6.1191,0,2.0303,10.172,1.8449
8.275,6.3221,0,2.0192,10.377,2.5772
9.0742,6.524,1.4661,1.9719,10.699,0
9.0742,6.7212,0,1.8727,10.944,0.25868
9.2904,6.9085,-0.067939,1.7406,11.18,0
9.2904,7.0826,0,1.5719,11.409,0
9.2904,7.2398,0,1.4055,11.622,0
9.2904,7.3803,0,1.2354,11.82,0
9.146,7.5038,-0.14012,1.1103,11.963,0
9.146,7.6149,0,1.0134,12.122,0
9.1441,7.7162,0.36043,0.94288,12.277,0
9.185,7.8105,0.58961,0.89903,12.426,0
9.185,7.9004,0,0.87289,12.559,0
9.3146,7.9877,0.99939,0.85265,12.704,0
9.3146,8.0729,0,0.85796,12.833,0
9.3146,8.1587,0,0.8792,12.953,0
9.6807,8.2467,1.479,0.89983,13.133,0
9.6807,8.3366,0,0.93235,13.272,0
9.9882,8.4299,1.4314,0.96204,13.438,0
9.9882,8.5261,0,0.98608,13.589,0
10.274,8.6247,1.4871,1.0009,13.756,0
10.413,8.7248,1.5968,1.0161,13.928,0
10.566,8.8264,1.7417,1.0379,14.093,0
10.74,8.9302,1.8249,1.0712,14.28,0
10.74,9.0373,0,1.1016,14.455,0
11.111,9.1475,1.9696,1.1425,14.653,0.10835
11.304,9.2617,2.0019,1.1783,14.861,0.16371
11.304,9.3795,0,1.2167,15.06,0
11.702,9.5012,1.9726,1.2485,15.298,0
11.905,9.6261,1.9275,1.2819,15.524,0
12.095,9.7543,1.709,1.3053,15.764,0
12.095,9.8848,0,1.317,15.991,0
12.095,10.016,0,1.3161,16.206,0
12.536,10.148,0.82822,1.2953,16.461,0
12.609,10.278,0.46045,1.2544,16.697,0
12.665,10.403,0.33377,1.207,16.927,0
12.665,10.524,0,1.1485,17.148,0
12.665,10.639,0,1.0918,17.356,0
12.665,10.748,0,1.0401,17.553,0
12.665,10.852,0,1.0063,17.74,0
12.665,10.952,0,0.9763,17.916,0
12.665,11.05,0,0.96238,18.082,0
12.665,11.146,0,0.95681,18.239,0
12.665,11.242,0,0.95313,18.386,0
13.238,11.337,1.3127,0.96007,18.699,0
13.238,11.433,0,0.96809,18.884,0
13.496,11.53,1.3607,0.98303,19.083,0
13.496,11.628,0,1.0011,19.275,0
13.496,11.729,0,1.0105,19.456,0
13.899,11.83,1.2247,1.0193,19.686,0
14.021,11.931,1.1189,1.0241,19.901,0
14.126,12.034,0.99266,1.02,20.101,0
14.234,12.136,0.85187,1.0179,20.304,0
14.329,12.238,0.6654,1.0094,20.509,0
14.329,12.339,0,0.98424,20.713,0
14.329,12.437,0,0.95521,20.908,0
14.329,12.533,0,0.9247,21.092,0
14.513,12.625,0.18738,0.89529,21.317,0
14.532,12.715,0.23433,0.85817,21.506,0
14.547,12.8,0.45152,0.82134,21.677,0
14.547,12.883,0,0.79764,21.848,0
14.547,12.962,0,0.78989,22.01,0
14.547,13.041,0,0.78888,22.165,0
14.834,13.12,1.2259,0.79503,22.358,0
14.964,13.2,1.2978,0.81552,22.522,0
15.099,13.281,1.3977,0.83747,22.701,0
15.099,13.365,0,0.86212,22.879,0
15.407,13.451,1.7258,0.89481,23.07,0.53913
15.407,13.541,0,0.92864,23.261,0
15.407,13.634,0,0.95903,23.443,0
15.908,13.729,1.529,0.98694,23.7,0
15.908,13.828,0,1.0101,23.913,0
15.908,13.929,0,1.0178,24.116,0
16.292,14.031,0.34376,1.0127,24.37,0
16.326,14.132,-0.072209,0.97857,24.597,0
16.319,14.23,-0.58264,0.92819,24.801,0
16.27,14.323,-0.79319,0.86206,25.007,0.9611
16.27,14.409,0,0.78412,25.197,0
16.058,14.487,-1.3639,0.69058,25.354,6.6156
16.058,14.557,0,0.59862,25.508,0
16.058,14.616,0,0.49395,25.655,0
16.058,14.666,0,0.38251,25.796,0
16.058,14.704,0,0.26538,25.934,0
15.099,14.731,-1.603,0.16022,25.86,11.607
15.099,14.747,0,0.084922,25.896,0
14.864,14.755,0.093756,0.047309,25.914,0
14.864,14.76,0,0.046635,25.924,0
14.918,14.765,0.73022,0.066897,25.951,0
14.918,14.771,0,0.094862,25.966,0
14.918,14.781,0,0.11326,25.981,0
14.918,14.792,0,0.11192,25.994,0
15.037,14.803,-0.28212,0.10155,26.043,0.51956
15.037,14.813,0,0.081771,26.066,0
14.969,14.822,-0.3952,0.064006,26.081,1.0675
14.969,14.828,0,0.045122,26.096,0
14.872,14.832,-0.72107,0.017363,26.105,2.9489
14.796,14.834,-0.97288,-0.0049653,26.113,5.0239
14.703,14.834,-1.1721,-0.017144,26.103,7.2832
14.582,14.832,-1.3652,-0.032796,26.093,10.036
14.437,14.829,-1.5037,-0.051438,26.062,12.575
14.287,14.824,-1.5515,-0.070732,26.02,13.984
14.287,14.816,0,-0.091055,25.967,0.96301
14.287,14.807,0,-0.10985,25.914,0.8875
13.841,14.796,-1.437,-0.12744,25.795,14.244
13.841,14.784,0,-0.14667,25.7,1.8561
13.544,14.769,-1.32,-0.16526,25.582,13.803
13.544,14.752,0,-0.18105,25.461,2.4829
13.544,14.734,0,-0.19638,25.341,2.3708
13.17,14.715,-1.2363,-0.21319,25.174,14.062
13.17,14.693,0,-0.2305,25.021,3.2354
12.908,14.67,-1.3356,-0.24772,24.851,16.428
12.778,14.646,-1.3942,-0.26518,24.671,17.784
12.778,14.619,0,-0.28399,24.485,4.0188
12.778,14.591,0,-0.30506,24.303,3.8284
12.778,14.56,0,-0.32891,24.123,3.6232
12.145,14.527,-1.7896,-0.3548,23.837,27.344
11.974,14.492,-1.8959,-0.38076,23.582,30.28
11.974,14.454,0,-0.41135,23.332,5.5926
11.586,14.413,-2.0034,-0.4414,23.045,34.251
11.586,14.368,0,-0.47377,22.764,6.3659
11.586,14.321,0,-0.50499,22.489,6.02
11.586,14.271,0,-0.53339,22.218,5.6867
11.586,14.217,0,-0.55602,21.952,5.3818
10.834,14.162,-0.67541,-0.5739,21.448,13.784
10.773,14.104,-0.55824,-0.58746,21.106,12.461
10.773,14.045,0,-0.59852,20.776,7.5219
10.681,13.986,-0.19782,-0.60926,20.432,8.9889
10.652,13.925,0.10176,-0.61631,20.112,6.7868
10.652,13.863,0,-0.61679,19.788,7.1771
10.652,13.801,0,-0.60911,19.47,6.9857
10.652,13.74,0,-0.59625,19.158,6.8279
10.88,13.681,1.1735,-0.57493,18.87,2.3381
10.88,13.623,0,-0.54831,18.593,5.8188
11.122,13.569,1.0763,-0.52139,18.348,1.9701
11.239,13.516,0.85858,-0.49387,18.108,1.9422
11.239,13.467,0,-0.47282,17.883,4.4143
11.239,13.42,0,-0.4573,17.662,4.3306
11.391,13.374,-0.24388,-0.45043,17.483,4.9933
11.391,13.329,0,-0.452,17.287,3.5768
11.391,13.284,0,-0.46098,17.095,3.4006
11.391,13.238,0,-0.47211,16.908,3.2168
11.173,13.19,-0.90806,-0.48821,16.677,10.223
11.081,13.142,-1.069,-0.50694,16.472,12.075
10.973,13.091,-1.22,-0.52982,16.261,14.066
10.973,13.038,0,-0.55757,16.052,3.5261
10.716,12.982,-1.6112,-0.58779,15.824,20.356
10.716,12.923,0,-0.62885,15.6,3.666
10.383,12.861,-1.7392,-0.669,15.348,23.178
10.383,12.794,0,-0.71382,15.103,3.9325
10.033,12.722,-1.5835,-0.76016,14.82,20.692
9.869,12.646,-1.3514,-0.80466,14.544,17.052
9.869,12.566,0,-0.83971,14.271,4.2817
9.6284,12.482,-0.74418,-0.8705,13.976,9.6723
9.5477,12.395,-0.51646,-0.89091,13.7,7.5911
9.5477,12.306,0,-0.90265,13.42,4.2083
9.4642,12.215,-0.19138,-0.90916,13.129,5.0576
9.4642,12.124,0,-0.90676,12.858,3.9036
9.4559,12.034,0.30698,-0.89862,12.587,2.7574
9.4559,11.944,0,-0.87936,12.333,3.5154
9.5495,11.856,0.81186,-0.8455,12.09,1.8432
9.5495,11.771,0,-0.80606,11.864,3.0449
9.5495,11.691,0,-0.75534,11.646,3.0011
9.8041,11.615,0.55789,-0.70735,11.48,1.379
9.8041,11.545,0,-0.6685,11.302,2.2422
9.904,11.478,-0.024254,-0.63692,11.147,1.9979
9.904,11.414,0,-0.62541,10.993,1.8118
9.904,11.351,0,-0.62296,10.845,1.6754
9.904,11.289,0,-0.62867,10.703,1.5242
9.7341,11.226,-0.96379,-5.2,10.548,0
9.7341,10.706,0,-0.44469,10.424,1.0607
9.5448,10.662,-1.2211,-5.2,10.323,0
9.4206,10.142,-1.2838,-0.29425,10.23,9.2286
9.2869,10.112,-1.3593,-0.3404,10.145,10.296
9.1477,10.078,-1.3749,-0.38782,10.058,10.638
9.0095,10.04,-1.3507,-5.2,9.956,0
9.0095,9.5196,0,-0.25774,9.879,0.50434
8.7449,9.4938,-1.2969,-0.30561,9.7962,9.4313
8.7449,9.4633,0,-5.2,9.7228,454.11
8.4844,8.9433,-1.2357,-0.18021,9.642,8.285
8.3703,8.9252,-1.1822,-0.21968,9.5823,7.8629
8.3703,8.9033,0,-0.26058,9.5279,0.54498
8.3703,8.8772,0,-0.29515,9.4759,0.42474
8.3703,8.8477,0,-5.2,9.4267,295.48
7.9343,8.3277,-0.92373,-0.15125,9.3217,5.1684
7.9343,8.3126,0,-0.18408,9.2831,0.38871
7.7463,8.2942,-0.96518,-0.21345,9.2224,5.775
7.6433,8.2728,-1.0219,-0.24672,9.1736,6.4184
7.5353,8.2481,-1.0353,-5.2,9.1029,334.07
7.4414,7.7281,-1.0535,-0.10665,9.0556,6.1513
7.3365,7.7175,-1.0704,-0.14238,9.0218,6.4887
7.2345,7.7032,-1.0673,-0.17595,8.9871,6.6217
7.2345,7.6856,0,-0.21356,8.9411,0.4762
7.2345,7.6643,0,-0.24525,8.897,0.36893
