18.333,18.333,0.58919,0,35.5,0
18.333,18.333,0,0.022593,35.5,0.048753
18.459,18.336,0.61287,0.04946,35.512,0
18.517,18.341,0.63172,0.070739,35.524,0
18.579,18.348,0.64647,0.092554,35.54,0
18.634,18.357,0.6757,0.11076,35.565,0
18.698,18.368,0.66748,0.13203,35.602,0
18.755,18.381,0.65169,0.14951,35.636,0
18.828,18.396,0.63125,0.17274,35.674,0
18.895,18.413,0.60916,0.19262,35.717,0
18.949,18.433,0.59422,0.2064,35.776,0
18.949,18.453,0,0.22408,35.827,0
18.949,18.476,0,0.23801,35.875,0
18.949,18.499,0,0.25162,35.922,0
19.179,18.525,0.47174,0.26086,36.027,0
19.236,18.551,0.35287,0.27298,36.089,0
19.236,18.578,0,0.27955,36.156,0
19.31,18.606,0.12529,0.27999,36.224,0
19.31,18.634,0,0.26993,36.293,0
19.316,18.661,0.096576,0.2602,36.36,0
19.316,18.687,0,0.25239,36.424,0
19.316,18.712,0,0.24502,36.486,0
19.348,18.737,0.40806,0.24202,36.54,0
19.394,18.761,0.50043,0.25065,36.594,0
19.446,18.786,0.55755,0.26092,36.649,0
19.504,18.812,0.53551,0.27325,36.71,0
19.504,18.839,0,0.2868,36.778,0
19.504,18.868,0,0.29656,36.843,0
19.504,18.898,0,0.30275,36.905,0
19.504,18.928,0,0.30755,36.964,0
19.744,18.959,0.27553,0.30903,37.077,0
19.744,18.99,0,0.31102,37.154,0
19.807,19.021,0.21163,0.30868,37.228,0
19.829,19.052,0.1659,0.30508,37.306,0
19.829,19.082,0,0.29747,37.382,0
19.85,19.112,0.046497,0.28928,37.463,0
19.85,19.141,0,0.27812,37.536,0
19.85,19.169,0,0.26781,37.605,0
19.85,19.195,0,0.25655,37.672,0
19.85,19.221,0,0.24589,37.736,0
19.843,19.246,-0.023656,0.23324,37.801,0
19.832,19.269,0.036291,0.21971,37.867,0
19.832,19.291,0,0.21172,37.922,0
19.836,19.312,0.067681,0.20397,37.965,0
19.842,19.333,0.14905,0.19852,38.024,0
19.842,19.352,0,0.19498,38.074,0
19.879,19.372,0.32115,0.19742,38.137,0
19.879,19.392,0,0.20437,38.187,0
19.963,19.412,0.43952,0.21445,38.254,0
19.999,19.434,0.45131,0.21984,38.316,0
19.999,19.455,0,0.22501,38.372,0
20.084,19.478,0.47504,0.23544,38.446,0
20.13,19.502,0.41943,0.24386,38.501,0
20.13,19.526,0,0.25101,38.562,0
20.13,19.551,0,0.25694,38.621,0
20.13,19.577,0,0.25706,38.678,0
20.281,19.602,0.37102,0.26286,38.776,0
20.318,19.629,0.41902,0.26689,38.839,0
20.318,19.655,0,0.27641,38.907,0
20.318,19.683,0,0.28617,38.972,0
20.461,19.712,0.296,0.28938,39.049,0
20.461,19.741,0,0.28826,39.123,0
20.461,19.769,0,0.28395,39.193,0
20.521,19.798,0.19472,0.27852,39.273,0
20.55,19.826,0.26688,0.27876,39.335,0
20.55,19.854,0,0.27773,39.406,0
20.611,19.881,0.26604,0.28037,39.467,0
20.611,19.909,0,0.27872,39.539,0
20.668,19.937,0.257,0.28044,39.611,0
20.685,19.965,0.19596,0.27594,39.675,0
20.711,19.993,0.22998,0.2751,39.755,0
20.711,20.02,0,0.27603,39.825,0
20.711,20.048,0,0.27344,39.893,0
20.792,20.075,0.20239,0.27428,39.998,0
20.813,20.103,0.19093,0.27149,40.06,0
20.834,20.13,0.14542,0.2689,40.134,0
20.834,20.157,0,0.26683,40.203,0
20.873,20.183,0.10235,0.26301,40.275,0
20.873,20.21,0,0.25688,40.343,0
20.902,20.235,0.098925,0.25376,40.396,0
20.902,20.261,0,0.24433,40.461,0
20.902,20.285,0,0.23601,40.524,0
20.911,20.309,0.11477,0.2289,40.582,0
20.911,20.332,0,0.22183,40.641,0
20.911,20.354,0,0.21498,40.698,0
20.911,20.375,0,0.21287,40.753,0
20.937,20.397,0.080311,0.20498,40.811,0
20.937,20.417,0,0.19639,40.864,0
20.937,20.437,0,0.19033,40.915,0
20.942,20.456,0.061653,0.18433,40.966,0
20.942,20.474,0,0.18209,41.013,0
20.952,20.493,0.010747,0.17386,41.052,0
20.961,20.51,0.0073338,0.17058,41.096,0
20.961,20.527,0,0.16453,41.141,0
20.967,20.543,0.043572,0.16011,41.176,0
20.977,20.559,0.093212,0.15773,41.223,0
20.977,20.575,0,0.15579,41.264,0
20.977,20.591,0,0.15733,41.304,0
20.977,20.607,0,0.15834,41.342,0
21.033,20.622,0.011101,0.15497,41.397,0
21.041,20.638,-0.050412,0.15203,41.43,0
21.041,20.653,0,0.14496,41.469,0
21.024,20.668,-0.048115,0.13437,41.513,0
21.023,20.681,-0.022652,0.12865,41.54,0
21.024,20.694,-0.016482,0.12436,41.57,0
21.024,20.706,0,0.11608,41.603,0
21.024,20.718,0,0.11309,41.634,0
21.024,20.729,0,0.10627,41.664,0
21.024,20.74,0,0.10412,41.693,0
21.024,20.75,0,0.10181,41.721,0
21.024,20.76,-0.0031473,0.098993,41.727,0
21.024,20.77,0,0.097002,41.752,0
21.038,20.78,0.056342,0.096978,41.765,0
21.038,20.79,0,0.096921,41.791,0
21.063,20.799,0.1095,0.09876,41.811,0
21.063,20.809,0,0.097347,41.837,0
21.063,20.819,0,0.096895,41.861,0
21.063,20.829,0,0.099173,41.885,0
21.113,20.839,0.14907,0.10298,41.91,0
21.113,20.849,0,0.10431,41.937,0
21.113,20.859,0,0.10379,41.963,0
21.113,20.87,0,0.096384,41.988,0
21.113,20.879,0,0.091679,42.012,0
21.111,20.889,-0.18946,0.083288,42.049,0.1876
21.111,20.897,0,0.073398,42.071,0
21.111,20.904,0,0.060012,42.092,0
21.111,20.91,0,0.049817,42.112,0
21.016,20.915,-0.36832,0.037676,42.12,0.98916
20.988,20.919,-0.37673,0.025973,42.133,1.0699
20.942,20.922,-0.43493,0.0076621,42.136,1.3962
20.894,20.922,-0.40751,-0.0024833,42.138,1.3831
20.894,20.922,0,-0.0067328,42.135,0.044479
20.816,20.921,-0.39906,-0.0091157,42.121,1.5564
20.816,20.921,0,-0.012887,42.11,0.19116
20.738,20.919,-0.37669,-0.015643,42.094,1.6634
20.698,20.918,-0.41249,-0.019016,42.071,1.942
20.698,20.916,0,-0.02267,42.049,0.41654
20.698,20.913,0,-0.026518,42.027,0.40183
20.574,20.911,-0.37612,-0.029176,41.985,2.0992
20.545,20.908,-0.38791,-0.031516,41.944,2.2339
20.501,20.905,-0.40732,-0.035121,41.909,2.4538
20.468,20.901,-0.40777,-0.037715,41.869,2.5434
20.468,20.897,0,-0.040242,41.826,0.86501
20.393,20.893,-0.40073,-0.043772,41.767,2.7094
20.393,20.889,0,-0.046171,41.718,1.0134
20.393,20.884,0,-0.048311,41.668,0.99544
20.298,20.88,-0.4059,-0.051132,41.592,2.9824
20.298,20.875,0,-0.054192,41.534,1.1911
20.298,20.869,0,-0.056955,41.477,1.1685
20.298,20.863,0,-0.06067,41.42,1.1423
20.298,20.857,0,-0.064079,41.364,1.1164
20.298,20.851,0,-0.067128,41.308,1.0908
20.298,20.844,0,-0.06968,41.253,1.0662
20.298,20.837,0,-0.071672,41.199,1.0428
20.298,20.83,0,-0.073474,41.146,1.0195
20.298,20.823,0,-0.074871,41.093,0.9972
20.298,20.815,0,-0.077691,41.041,0.97044
19.922,20.807,-0.25913,-0.080181,40.761,3.1009
19.922,20.799,0,-0.082172,40.673,1.9056
19.922,20.791,0,-0.085007,40.585,1.8721
19.84,20.783,-0.30019,-0.086242,40.498,3.4942
19.84,20.774,0,-0.088008,40.404,2.0467
19.79,20.765,-0.38229,-0.089823,40.298,4.0729
19.79,20.756,0,-0.093055,40.201,2.1186
19.721,20.747,-0.40936,-0.095198,40.104,4.4065
19.721,20.738,0,-0.09892,40.002,2.2426
19.721,20.728,0,-0.1015,39.901,2.2039
19.586,20.717,-0.46416,-0.1061,39.798,5.1206
19.586,20.707,0,-0.11059,39.685,2.503
19.586,20.696,0,-0.11458,39.573,2.454
19.426,20.684,-0.63016,-0.11956,39.444,6.8358
19.358,20.672,-0.68401,-0.12553,39.316,7.5104
19.28,20.66,-0.7406,-0.13233,39.19,8.276
19.21,20.647,-0.78833,-0.13859,39.044,8.9613
19.21,20.633,0,-0.14548,38.901,3.291
19.061,20.618,-0.74743,-0.15181,38.749,9.0465
19.061,20.603,0,-0.15755,38.594,3.6194
18.934,20.587,-0.61284,-0.16315,38.43,8.1751
18.934,20.571,0,-0.16773,38.266,3.8864
18.934,20.554,0,-0.17292,38.103,3.8062
18.778,20.537,-0.50905,-0.17694,37.928,7.6702
18.778,20.519,0,-0.18219,37.753,4.1689
18.681,20.501,-0.49925,-0.18554,37.584,7.8033
18.632,20.482,-0.47545,-0.18999,37.393,7.7091
18.632,20.463,0,-0.19413,37.209,4.4184
18.632,20.444,0,-0.19726,37.027,4.3361
18.509,20.424,-0.38644,-0.20114,36.821,7.21
18.476,20.404,-0.36397,-0.20403,36.631,7.0745
18.438,20.384,-0.32892,-0.20753,36.431,6.8634
18.411,20.363,-0.33792,-0.20981,36.231,6.9393
18.381,20.342,-0.33602,-0.21252,36.035,6.9487
18.381,20.321,0,-0.21585,35.84,4.6883
18.381,20.299,0,-0.21881,35.647,4.598
18.284,20.277,-0.30597,-0.22129,35.429,6.8022
18.261,20.255,-0.33304,-0.22322,35.225,6.9921
18.223,20.233,-0.41938,-0.22686,35.03,7.7054
18.223,20.21,0,-0.23169,34.831,4.7731
18.223,20.187,0,-0.23672,34.633,4.6665
18.069,20.163,-0.51808,-0.24239,34.427,8.8039
18.023,20.139,-0.53773,-0.247,34.222,9.0445
18.023,20.114,0,-0.25261,34.012,5.0345
18.023,20.089,0,-0.25824,33.804,4.9159
17.87,20.063,-0.49193,-0.26309,33.571,8.8762
17.87,20.037,0,-0.26838,33.353,5.2194
17.87,20.01,0,-0.27414,33.137,5.0933
17.87,19.983,0,-0.27724,32.925,4.9799
17.716,19.955,-0.27658,-0.27907,32.685,7.2394
17.694,19.927,-0.28184,-0.28108,32.462,7.2404
17.694,19.899,0,-0.28284,32.24,5.2804
17.643,19.871,-0.40038,-0.28599,32.02,8.1023
17.643,19.842,0,-0.29135,31.799,5.2162
17.643,19.813,0,-0.29678,31.581,5.084
17.486,19.783,-0.62433,-0.30409,31.336,10.272
17.486,19.753,0,-0.31093,31.108,5.3545
17.347,19.722,-0.82515,-0.32107,30.879,12.622
17.347,19.69,0,-0.33181,30.643,5.5198
17.167,19.657,-1.1337,-0.34441,30.383,16.917
17.05,19.622,-1.3243,-0.36004,30.135,20.096
16.926,19.586,-1.4194,-0.3771,29.868,22.026
16.926,19.548,0,-0.39738,29.604,6.1918
16.621,19.509,-1.6036,-0.42023,29.32,26.357
16.454,19.467,-1.5512,-0.4448,29.021,25.926
16.3,19.422,-1.3885,-0.46794,28.718,23.488
16.167,19.375,-1.279,-0.48819,28.409,22.005
16.167,19.327,0,-0.50774,28.091,7.6159
15.934,19.276,-0.98416,-0.52553,27.757,18.084
15.934,19.223,0,-0.5415,27.425,7.9294
15.743,19.169,-0.92215,-0.55789,27.079,17.433
15.642,19.113,-0.94408,-0.57517,26.743,17.814
15.642,19.056,0,-0.59162,26.399,8.1221
15.642,18.997,0,-0.60659,26.061,7.7966
15.381,18.936,-0.80344,-0.62291,25.692,16.047
15.299,18.874,-0.7615,-0.63878,25.335,15.51
15.299,18.81,0,-0.65386,24.981,8.1294
15.299,18.744,0,-0.66656,24.633,7.7949
15.101,18.678,-0.48909,-0.67876,24.262,12.257
15.101,18.61,0,-0.68731,23.908,7.9208
15.101,18.541,0,-0.6954,23.56,7.6046
14.988,18.472,-0.33664,-0.70226,23.22,10.251
14.988,18.401,0,-0.70806,22.875,7.4271
14.988,18.331,0,-0.71489,22.537,7.1182
14.988,18.259,0,-0.7196,22.206,6.8236
14.988,18.187,0,-0.72762,21.883,6.5141
14.83,18.114,-0.30286,-0.73424,21.531,8.8708
14.83,18.041,0,-0.73835,21.206,6.4986
14.781,17.967,-0.24412,-0.74284,20.879,7.9638
14.781,17.893,0,-0.74699,20.564,6.0965
14.73,17.818,-0.22944,-0.7496,20.266,7.4222
14.703,17.743,-0.20231,-0.75252,19.97,7.0296
14.703,17.668,0,-0.75589,19.669,5.5358
14.703,17.592,0,-0.75608,19.377,5.2775
14.703,17.517,0,-0.75661,19.092,5.0223
14.703,17.441,0,-0.76052,18.814,4.7563
14.703,17.365,0,-0.76088,18.544,4.5107
14.565,17.289,-0.29559,-0.76247,18.223,6.3485
14.537,17.213,-0.2982,-0.76353,17.96,6.1738
14.537,17.136,0,-0.76789,17.696,4.2834
14.537,17.059,0,-0.77183,17.44,4.0312
14.537,16.982,0,-0.76782,17.192,3.8159
14.435,16.905,-0.16621,-0.76355,16.912,4.6819
14.425,16.829,-0.078347,-0.75796,16.661,4.0702
14.425,16.753,0,-0.74975,16.424,3.5446
14.425,16.678,0,-0.73762,16.195,3.3753
14.425,16.605,0,-0.72795,15.973,3.2028
14.425,16.532,0,-0.71235,15.759,3.0569
14.425,16.461,0,-0.70063,15.552,2.9034
14.425,16.391,0,-0.68349,15.352,2.7734
14.425,16.322,0,-0.66702,15.159,2.647
14.449,16.255,0.0035682,-0.65538,14.957,2.4365
14.449,16.19,0,-0.64348,14.779,2.3181
14.449,16.126,0,-0.63236,14.608,2.1908
14.449,16.062,0,-0.62081,14.444,2.0693
14.449,16,0,-0.60997,14.286,1.9502
14.449,15.939,0,-0.60092,14.134,1.8306
14.38,15.879,-0.1735,-0.59446,13.958,2.4312
14.355,15.82,-0.22519,-0.58793,13.82,2.5548
14.355,15.761,0,-0.58509,13.676,1.6773
14.355,15.702,0,-0.57894,13.539,1.5605
14.355,15.645,0,-0.57494,13.407,1.4423
14.234,15.587,-0.43241,-0.57251,13.259,3.1996
14.234,15.53,0,-0.57269,13.127,1.4626
14.145,15.473,-0.43713,-0.57643,12.991,3.1205
14.106,15.415,-0.4724,-0.57544,12.862,3.2404
14.052,15.357,-0.45238,-0.58011,12.741,3.1023
14.009,15.299,-0.45645,-4.4,12.619,211.08
14.009,14.859,0,-0.39578,12.512,0.91264
13.907,14.82,-0.48793,-0.40632,12.435,2.7952
13.907,14.779,0,-4.4,12.345,240.67
13.907,14.339,0,-0.23604,12.28,0.39073
13.907,14.316,0,-0.24933,12.238,0.3192
13.698,14.291,-0.50421,-0.26356,12.146,2.4855
13.698,14.264,0,-4.4,12.088,324.42
13.698,13.824,0,-0.10314,12.054,0.045526
13.528,13.814,-0.70999,-0.12499,12.013,3.3089
13.46,13.801,-1.1775,-0.14959,11.976,7.3041
13.343,13.786,-1.8405,-0.19543,11.938,16.855
13.152,13.767,-2.7189,-0.27191,11.895,40.69
13.152,13.74,0,-4.4,11.835,317.18
13.152,13.3,0,-0.35077,11.798,0
12.036,13.265,-5.1909,-0.54137,11.642,476.14
11.526,13.21,-5.5709,-5.6942,11.496,1.9085
11.526,12.641,0,-0.73099,11.356,0.84113
10.397,12.568,-5.9498,-6.1613,11.149,4.0071
10.397,11.952,0,-6.0784,10.963,0
10.397,11.344,0,-0.90724,10.837,0.58647
8.6404,11.253,-5.6158,-5.9416,10.478,4.6719
8.0802,10.659,-5.4688,-5.7945,10.211,4.6025
8.0802,10.08,0,-5.5904,9.9824,226.13
7.0032,9.5206,-5.1176,-5.444,9.7072,4.4748
6.4989,8.9762,-4.8511,-5.2,9.4572,4.3454
6.4989,8.4562,0,-5.2,9.2355,69.703
5.5706,7.9362,-4.1297,-5.2,8.9651,2.6006
5.1581,7.4162,-3.7372,-0.85431,8.7249,14.82
4.7881,7.3308,-3.3542,-5.2,8.4902,1.334
4.7881,6.8108,0,-5.2,8.262,20.334
4.7881,6.2908,0,-5.2,8.0857,19.268
4.7881,5.7708,0,-8.8,7.9614,10.638
3.6745,4.8908,-1.6295,-0.36579,7.6354,16.32
3.5158,4.8542,-1.2559,-0.4104,7.5092,11.23
3.5158,4.8132,0,-8.8,7.3774,0
3.2765,3.9332,-0.79883,-0.16883,7.2802,5.1985
3.1877,3.9163,-0.80152,-0.18912,7.2178,5.3951
3.0981,3.8974,-0.87072,-0.21051,7.1322,6.1345
3.0121,3.8763,-0.94933,-0.23021,7.0582,6.9946
2.9204,3.8533,-1.0724,-0.25175,6.9755,8.3754
2.8155,3.8281,-1.2295,-8.8,6.8777,0
2.6977,2.9481,-1.327,-0.052591,6.8145,5.2204
2.5569,2.9429,-1.2952,-0.081397,6.7894,5.3071
2.4179,2.9347,-1.1943,-0.10995,6.742,5.2845
2.4179,2.9237,0,-0.13339,6.6909,0.78834
2.4179,2.9104,0,-0.15536,6.6409,0.70104
2.4179,2.8949,0,-0.17261,6.5925,0.6241
2.4179,2.8776,0,-0.18469,6.5456,0.55828
1.9839,2.8591,-0.48096,-8.8,6.3956,0
1.9315,1.9791,-0.52519,-0.0072924,6.3564,1.9906
1.9315,1.9784,0,-0.014563,6.3517,0.065668
1.9315,1.977,0,-0.022246,6.3471,0.046364
1.7903,1.9747,-0.24786,-0.028499,6.3128,1.0868
1.7656,1.9719,-0.13137,-0.032025,6.2893,0.73297
1.7656,1.9687,0,-0.035208,6.2688,0.35238
1.7656,1.9652,0,-0.035333,6.2487,0.34433
1.7656,1.9616,0,-0.03516,6.2289,0.33698
1.7402,1.9581,-0.18052,-0.034459,6.192,0.91641
1.7208,1.9547,-0.34832,-0.03704,6.1784,1.6088
1.6905,1.951,-0.56824,-0.041344,6.1631,2.8069
1.6393,1.9468,-0.74573,-0.049074,6.1339,4.1054
1.556,1.9419,-0.91635,-0.061976,6.1006,3.604
1.4672,1.9357,-1.1272,-0.075764,6.0626,4.0705
1.4672,1.9281,0,-0.093729,6.0161,0.79011
1.2345,1.9188,-1.3718,-8.8,5.9394,0
1.0931,1.0388,-1.6206,0.53166,5.8987,5.476
0.92317,1.0919,-1.8781,-0.015373,5.9016,4.5141
0.92317,1.0904,0,-0.031918,5.8848,0.28188
0.53614,1.0872,-2.4024,-0.051057,5.8246,6.2587
0.28645,1.0821,-2.6267,-0.074628,5.7637,7.1528
0.28645,1.0746,0,-0.10099,5.6845,1.5945
0.28645,1.0645,0,-0.12801,5.6062,1.4774
0.28645,1.0517,0,-8.8,5.529,0
-0.79654,0.17173,-2.7912,-2.7912,5.3094,2.0356
-1.0783,0,-2.8346,-2.8346,5.209,2.2613
-1.0783,0,0,-2.9616,5.1154,0
-1.0783,0,0,-8.8,5.0223,0
-1.9384,0,-3.1565,-8.8,4.8373,0
-1.9384,0,0,-8.8,4.6875,0
-1.9384,0,0,-8.8,4.5376,0
-2.8961,0,-3.1932,-8.8,4.2311,0
-2.8961,0,0,-8.8,3.9855,0
-2.8961,0,0,-8.8,3.7399,0
-3.8384,0,-3.069,-8.8,3.363,0
-4.1367,0,-2.9923,-8.8,3.0064,0
-4.4343,0,-2.8384,-8.8,2.6182,0
-4.4343,0,0,-8.8,2.2187,0
-4.971,0,-2.6023,-9.6574,1.7513,0
-4.971,0,0,-13.243,1.3025,0
-5.4951,0,-2.6256,-21.064,0.81887,0
-5.4951,0,0,-47.862,0.37467,0
-5.4951,0,0,-1027.7,0.06447,0
-5.4951,0,0,-8.8,4.6537,0
-5.4951,0,0,-8.8,4.1481,0
-6.7779,0,-2.2767,-9.1734,3.3306,0
-7.0012,0,-2.2674,-11.382,2.689,0
-7.0012,0,0,-15.156,2.0458,0
-7.4534,0,-2.3658,-22.756,1.3623,0
-7.4534,0,0,-43.859,0.73071,0
-7.4534,0,0,-208.96,0.20466,0
-8.1618,0,-2.3023,-87.871,0.38925,0
-8.1618,0,0,-3465.8,0.012424,0
-8.6166,0,-2.1796,-2.1796,16.486,17.715
-8.6166,0,0,-2.2026,15.636,13.086
-8.6166,0,0,-2.2452,14.785,12.997
-8.6166,0,0,-2.425,13.934,12.619
-9.5295,0,-2.6207,-2.6207,12.882,19.586
-9.7832,0,-2.874,-2.874,11.922,20.106
-9.7832,0,0,-3.0419,10.958,13.714
-9.7832,0,0,-3.065,9.9953,13.666
-9.7832,0,0,-2.9472,9.0323,13.913
-10.978,0,-2.7586,-2.7586,7.8475,22.556
-11.254,0,-2.474,-2.474,6.7436,23.122
-11.508,0,-2.235,-2.235,5.615,23.641
-11.735,0,-2.099,-17.539,4.4595,0
-11.735,0,0,-23.283,3.3737,0
-11.735,0,0,-34.509,2.3166,0
-12.352,0,-2.0205,-64.849,1.2141,0
-12.352,0,0,-268.54,0.30321,0
-12.352,0,0,-222.35,0.41075,0
-12.352,0,0,-418.99,0.28733,0
-12.352,0,0,-89.549,1.1471,0
-12.352,0,0,-897.45,0.35969,0
-13.485,0,-1.7222,-29.716,3.2477,0
-13.485,0,0,-47.308,2.0478,0
-13.485,0,0,-106.54,0.9359,0
-13.485,0,0,-1954.1,0.12012,0
-14.137,0,-0.97476,-0.97476,8.4081,29.031
-14.224,0,-0.63518,-0.63518,6.9896,29.211
-14.224,0,0,-0.30934,5.5704,28.561
-14.224,0,0,-25.011,4.1495,0
-14.333,0,-0.092602,-36.595,2.8139,0
-14.333,0,0,-65.834,1.5636,0
-14.333,0,0,-228.33,0.4595,0
-14.333,0,0,-650.29,0.16789,0
-14.333,0,0,-52.677,1.9861,0
-14.381,0,-0.14538,-132.5,0.78122,0
-14.405,0,-0.14273,-7152.2,0.014506,0
-14.416,0,-0.20667,7.8,34.341,46.426
-14.416,0.78,0,7.8,32.86,47.591
