19.446,19.446,0.32284,0,35.5,0
19.446,19.446,0,0.012055,35.5,0.025696
19.516,19.447,0.35674,0.02472,35.503,0
19.516,19.45,0,0.033299,35.51,0
19.578,19.453,0.34828,0.045277,35.527,0
19.578,19.458,0,0.054294,35.54,0
19.651,19.463,0.33441,0.068267,35.549,0
19.651,19.47,0,0.075512,35.568,0
19.651,19.478,0,0.084507,35.585,0
19.651,19.486,0,0.095324,35.602,0
19.785,19.496,0.36284,0.10479,35.639,0
19.785,19.506,0,0.11464,35.667,0
19.785,19.518,0,0.12596,35.695,0
19.885,19.53,0.28123,0.12851,35.747,0
19.911,19.543,0.25744,0.13334,35.774,0
19.931,19.556,0.24937,0.13578,35.806,0
19.931,19.57,0,0.13697,35.843,0
19.931,19.584,0,0.13839,35.879,0
19.991,19.597,0.18943,0.14268,35.931,0
19.991,19.612,0,0.1448,35.97,0
20.029,19.626,0.30214,0.14565,36.012,0
20.029,19.641,0,0.14979,36.051,0
20.087,19.656,0.23775,0.15607,36.096,0
20.116,19.671,0.30494,0.16077,36.14,0
20.15,19.687,0.29751,0.1674,36.181,0
20.15,19.704,0,0.17392,36.226,0
20.207,19.722,0.29377,0.17544,36.275,0
20.207,19.739,0,0.1822,36.323,0
20.207,19.757,0,0.18651,36.368,0
20.207,19.776,0,0.18359,36.412,0
20.284,19.794,-0.034562,0.17669,36.466,0
20.284,19.812,0,0.16621,36.514,0
20.26,19.829,-0.12224,0.1556,36.561,0
20.26,19.844,0,0.14425,36.603,0
20.26,19.859,0,0.13456,36.644,0
20.23,19.872,-0.11288,0.12878,36.665,0
20.221,19.885,-0.11288,0.12107,36.695,0
20.201,19.897,-0.11433,0.10949,36.736,0
20.197,19.908,-0.11994,0.10402,36.757,0
20.197,19.918,0,0.09294,36.785,0
20.197,19.928,0,0.08725,36.812,0
20.163,19.936,-0.10188,0.081733,36.854,0
20.163,19.945,-0.15071,0.078665,36.884,0.073081
20.154,19.952,-0.18518,0.072623,36.913,0.19447
20.154,19.96,0,0.060453,36.933,0
20.104,19.966,-0.12921,0.049783,36.947,0.12462
20.082,19.971,-0.090301,0.039893,36.963,0.061147
20.082,19.975,0,0.038587,36.974,0
20.088,19.979,0.086102,0.039372,36.976,0
20.104,19.982,0.12237,0.043839,36.988,0
20.109,19.987,0.14431,0.043946,37.004,0
20.133,19.991,0.18595,0.050971,37.015,0
20.133,19.996,0,0.056935,37.029,0
20.133,20.002,0,0.063347,37.042,0
20.133,20.008,0,0.068626,37.055,0
20.133,20.015,0,0.078013,37.067,0
20.133,20.023,0,0.085278,37.078,0
20.306,20.032,0.37654,0.098526,37.15,0
20.306,20.041,0,0.10782,37.177,0
20.373,20.052,0.36877,0.11546,37.216,0
20.405,20.064,0.35307,0.12281,37.258,0
20.439,20.076,0.30118,0.13065,37.288,0
20.439,20.089,0,0.13818,37.324,0
20.512,20.103,0.30336,0.147,37.361,0
20.545,20.118,0.30709,0.15344,37.41,0
20.545,20.133,0,0.15825,37.452,0
20.596,20.149,0.32145,0.16072,37.494,0
20.63,20.165,0.33138,0.16688,37.538,0
20.655,20.182,0.33218,0.16984,37.579,0
20.655,20.199,0,0.17407,37.626,0
20.71,20.216,0.35403,0.17713,37.686,0
20.746,20.234,0.38305,0.18377,37.738,0
20.775,20.252,0.35663,0.18737,37.787,0
20.775,20.271,0,0.19377,37.838,0
20.838,20.29,0.35209,0.19645,37.909,0
20.838,20.31,0,0.20167,37.963,0
20.838,20.33,0,0.20609,38.015,0
20.838,20.351,0,0.2095,38.064,0
20.838,20.372,0,0.21269,38.112,0
20.838,20.393,0,0.216,38.158,0
20.838,20.414,0,0.21652,38.201,0
20.838,20.436,0,0.21994,38.242,0
21.082,20.458,0.24299,0.22298,38.383,0
21.082,20.48,0,0.22547,38.444,0
21.139,20.503,0.2618,0.22697,38.49,0
21.139,20.526,0,0.22874,38.553,0
21.139,20.548,0,0.22759,38.613,0
21.22,20.571,0.26907,0.23159,38.699,0
21.241,20.594,0.2582,0.23058,38.761,0
21.259,20.617,0.26139,0.22876,38.816,0
21.259,20.64,0,0.23344,38.879,0
21.324,20.664,0.31084,0.23534,38.956,0
21.352,20.687,0.31577,0.23685,39.023,0
21.388,20.711,0.31731,0.2411,39.093,0
21.388,20.735,0,0.24667,39.16,0
21.388,20.76,0,0.24725,39.224,0
21.388,20.784,0,0.25152,39.286,0
21.388,20.81,0,0.25715,39.345,0
21.388,20.835,0,0.25714,39.401,0
21.388,20.861,0,0.25833,39.455,0
21.388,20.887,0,0.25856,39.507,0
21.388,20.913,0,0.25956,39.556,0
21.388,20.939,0,0.26361,39.602,0
21.713,20.965,0.20095,0.26517,39.807,0
21.738,20.991,0.18233,0.26455,39.885,0
21.738,21.018,0,0.26233,39.959,0
21.777,21.044,-0.03888,0.2595,40.034,0
21.777,21.07,0,0.24876,40.106,0
21.777,21.095,0,0.23656,40.176,0
21.777,21.119,0,0.22008,40.243,0
21.72,21.141,-0.22591,0.20479,40.302,0
21.72,21.161,0,0.18956,40.359,0
21.72,21.18,0,0.17443,40.414,0
21.66,21.198,-0.23799,0.16336,40.452,0
21.66,21.214,0,0.14752,40.498,0
21.66,21.229,0,0.1343,40.542,0
21.66,21.242,0,0.1235,40.584,0
21.559,21.254,-0.33404,0.10751,40.616,0.53358
21.533,21.265,-0.25739,0.094396,40.646,0.32005
21.533,21.275,0,0.083144,40.672,0
21.487,21.283,-0.33029,0.071831,40.693,0.67276
21.463,21.29,-0.34242,0.060891,40.711,0.7664
21.439,21.296,-0.31301,0.05016,40.733,0.70148
21.416,21.301,-0.33245,0.04044,40.744,0.81683
21.416,21.305,0,0.026397,40.756,0
21.343,21.308,-0.27349,0.012427,40.774,0.71916
21.322,21.309,-0.28994,0.0045393,40.77,0.81217
21.298,21.31,-0.34001,-0.0010431,40.778,1.0516
21.298,21.309,0,-0.0042951,40.776,0.013782
21.237,21.309,-0.31142,-0.0066934,40.759,1.0926
21.196,21.308,-0.245,-0.01043,40.751,0.94033
21.171,21.307,-0.16302,-0.012714,40.741,0.71646
21.171,21.306,0,-0.014401,40.727,0.25397
21.148,21.305,-0.023257,-0.014565,40.718,0.35702
21.145,21.303,-0.032184,-0.014759,40.706,0.3839
21.145,21.302,0,-0.015608,40.69,0.29828
21.145,21.3,0,-0.016405,40.675,0.29295
21.145,21.298,0,-0.017104,40.659,0.28768
21.1,21.297,-0.091328,-0.018379,40.621,0.62831
21.1,21.295,0,-0.019881,40.602,0.37174
21.1,21.293,0,-0.021268,40.582,0.36389
21.061,21.291,-0.25056,-0.021525,40.559,1.2523
21.041,21.289,-0.41127,-0.023195,40.539,2.0075
20.994,21.286,-0.57073,-0.027437,40.505,3.0157
20.936,21.284,-0.75442,-0.032632,40.477,4.4427
20.862,21.28,-0.84466,-0.039374,40.441,5.4194
20.778,21.276,-0.89572,-0.046921,40.391,6.1669
20.697,21.272,-0.93518,-0.054263,40.343,6.8356
20.697,21.266,0,-0.062119,40.286,1.1492
20.697,21.26,0,-0.070803,40.23,1.1066
20.697,21.253,0,-0.078833,40.174,1.0644
20.697,21.245,0,-0.087359,40.118,1.0194
20.245,21.236,-0.79092,-0.094887,39.951,7.1794
20.164,21.227,-0.78774,-0.10221,39.839,7.435
20.091,21.217,-0.75004,-0.10864,39.739,7.3421
20.091,21.206,0,-0.11596,39.627,2.4655
19.932,21.194,-0.58307,-0.12288,39.488,6.4464
19.881,21.182,-0.52207,-0.1273,39.364,6.1123
19.821,21.169,-0.45781,-0.13258,39.224,5.7976
19.782,21.156,-0.40587,-0.13587,39.081,5.5145
19.782,21.142,0,-0.13898,38.944,3.1217
19.706,21.128,-0.24141,-0.14206,38.816,4.5976
19.706,21.114,0,-0.14479,38.674,3.2476
19.706,21.1,0,-0.14473,38.534,3.2019
19.706,21.085,0,-0.14416,38.395,3.1586
19.672,21.071,0.088139,-0.14281,38.23,2.8375
19.688,21.057,0.10966,-0.14043,38.1,2.6697
19.688,21.043,0,-0.1394,37.964,3.1015
19.688,21.029,0,-0.13753,37.829,3.0658
19.688,21.015,0,-0.13484,37.695,3.0344
19.74,21.001,0.25444,-0.13206,37.56,1.8879
19.74,20.988,0,-0.12915,37.435,2.8122
19.794,20.975,0.23655,-0.12489,37.314,1.7644
19.81,20.963,0.21706,-0.12243,37.198,1.7607
19.838,20.951,0.1807,-0.11863,37.092,1.7847
19.859,20.939,0.13983,-0.11568,36.973,1.8433
19.879,20.927,0.12252,-0.11276,36.864,1.8275
19.879,20.916,0,-0.11107,36.76,2.2538
19.894,20.905,0.13224,-0.10968,36.643,1.7069
19.894,20.894,0,-0.1078,36.543,2.1586
19.894,20.883,0,-0.10522,36.443,2.1373
19.894,20.872,0,-0.10183,36.345,2.1199
19.894,20.862,0,-0.098147,36.248,2.1046
19.894,20.852,0,-0.094982,36.151,2.0884
19.894,20.843,0,-0.09044,36.056,2.0784
19.894,20.834,0,-0.085758,35.962,2.0701
20.087,20.825,0.30569,-0.082501,35.924,0.70032
20.114,20.817,0.31674,-0.078686,35.861,0.61601
20.142,20.809,0.25054,-0.074846,35.798,0.68317
20.142,20.802,0,-0.070291,35.731,1.3549
20.142,20.795,0,-0.06738,35.666,1.346
20.218,20.788,0.19568,-0.064473,35.596,0.62193
20.232,20.781,0.21972,-0.062354,35.537,0.53448
20.232,20.775,0,-0.060439,35.483,1.088
20.232,20.769,0,-0.057935,35.428,1.0805
20.298,20.763,0.30891,-0.053151,35.37,0.23533
20.298,20.758,0,-0.047961,35.324,0.91776
20.298,20.753,0,-0.043458,35.278,0.91922
20.401,20.749,0.20798,-0.039904,35.273,0.20704
20.429,20.745,0.1713,-0.036297,35.244,0.2188
20.429,20.741,0,-0.034434,35.213,0.60264
20.461,20.738,0.052946,-0.031814,35.184,0.39481
20.46,20.735,0.11335,-0.031688,35.153,0.25933
20.46,20.732,0,-0.03096,35.126,0.51773
20.479,20.728,0.28027,-0.028796,35.105,0
20.5,20.726,0.30056,-0.026077,35.084,0
20.525,20.723,0.33624,-0.022852,35.058,0
20.525,20.721,0,-0.017889,35.038,0.37757
20.525,20.719,0,-0.014517,35.018,0.38195
20.525,20.717,0,-0.012217,34.999,0.38444
20.525,20.716,0,-0.010759,34.98,0.38535
20.525,20.715,0,-0.0085343,34.961,0.38851
20.65,20.714,-0.038171,-0.0074489,34.994,0.20595
20.65,20.714,0,-0.0086013,34.988,0.11334
20.65,20.713,0,-0.0090721,34.982,0.11049
20.624,20.712,-0.11051,-0.010234,34.987,0.44389
20.624,20.711,0,-0.01166,34.978,0.15667
20.592,20.71,-0.099323,-0.013652,34.959,0.4729
20.585,20.708,-0.089011,-0.014305,34.941,0.45526
20.574,20.707,-0.10012,-0.015439,34.924,0.50667
20.569,20.705,-0.12326,-0.01587,34.915,0.58223
20.569,20.704,0,-0.016719,34.902,0.24726
20.569,20.702,0,-0.01802,34.888,0.2406
20.524,20.7,-0.20016,-0.020574,34.855,0.92013
20.504,20.698,-0.20582,-0.022692,34.841,0.98173
20.479,20.696,-0.18709,-0.025347,34.827,0.96779
20.468,20.693,-0.22697,-0.02632,34.798,1.1308
20.468,20.691,0,-0.028524,34.776,0.41202
20.416,20.688,-0.26907,-0.031861,34.749,1.4087
20.416,20.685,0,-0.034803,34.722,0.50075
20.416,20.681,0,-0.039161,34.695,0.48169
20.303,20.677,-0.59947,-0.043955,34.663,3.4085
20.243,20.673,-0.79834,-0.050551,34.63,5.0125
20.243,20.668,0,-0.060077,34.588,0.79639
20.049,20.662,-1.2951,-0.072388,34.535,10.825
20.049,20.655,0,-0.087024,34.474,1.1624
20.049,20.646,0,-0.103,34.414,1.092
20.049,20.636,0,-0.12152,34.355,1.0122
19.432,20.623,-1.9265,-0.14308,34.161,24.416
19.432,20.609,0,-0.16641,34.042,2.4488
19.037,20.592,-2.0297,-0.18899,33.89,28.786
19.037,20.574,0,-0.21348,33.736,3.352
19.037,20.552,0,-0.23881,33.583,3.1751
19.037,20.528,0,-0.26459,33.433,2.9934
18.183,20.502,-2.1731,-0.29129,33.118,36.713
18.183,20.473,0,-0.31853,32.887,5.3998
18.183,20.441,0,-0.3471,32.66,5.1367
18.183,20.406,0,-0.37615,32.436,4.8677
18.183,20.369,0,-0.40594,32.215,4.5922
17.064,20.328,-2.3098,-0.43562,31.746,45.795
16.83,20.284,-2.3118,-0.468,31.413,46.88
16.83,20.238,0,-0.50182,31.07,8.6556
16.367,20.187,-2.3424,-0.53543,30.675,49.688
16.367,20.134,0,-0.57118,30.296,9.7059
16.367,20.077,0,-0.6079,29.922,9.2262
16.367,20.016,0,-0.64878,29.554,8.7162
16.367,19.951,0,-0.69014,29.192,8.2002
16.367,19.882,0,-0.73198,28.837,7.68
14.926,19.809,-2.2841,-0.77607,28.073,52.877
14.697,19.731,-2.0663,-0.82102,27.569,47.36
14.697,19.649,0,-0.86301,27.069,12.91
14.697,19.563,0,-0.90049,26.578,12.25
14.189,19.473,-0.94865,-0.93485,26.017,25.079
14.189,19.379,0,-0.96129,25.493,13.286
14.189,19.283,0,-0.98332,24.979,12.689
14.006,19.185,-0.33,-1.0001,24.431,16.051
13.964,19.085,-0.31566,-1.018,23.922,15.462
13.928,18.983,-0.32903,-1.035,23.418,15.13
13.899,18.88,-0.34003,-1.0504,22.919,14.744
13.899,18.775,0,-1.0667,22.426,11.145
13.823,18.668,-0.32767,-1.0844,21.946,13.69
13.784,18.559,-0.29227,-1.1012,21.47,12.896
13.784,18.449,0,-1.1146,20.998,9.9468
13.738,18.338,-0.34699,-1.1285,20.516,12.356
13.738,18.225,0,-1.144,20.062,9.0446
13.738,18.111,0,-1.1612,19.619,8.4951
13.595,17.994,-0.88322,-1.1846,19.153,16.496
13.511,17.876,-1.0807,-1.2121,18.719,18.582
13.511,17.755,0,-1.2495,18.288,7.5196
13.274,17.63,-1.4545,-1.29,17.838,23.393
13.136,17.501,-1.66,-1.3369,17.394,26.609
13.136,17.367,0,-1.3943,16.964,6.732
13.136,17.228,0,-1.4621,16.548,5.9596
12.555,17.082,-2.3897,-1.5418,16.053,42.68
12.555,16.927,0,-1.6319,15.608,6.1044
12.059,16.764,-2.5716,-1.73,15.139,47.212
11.802,16.591,-2.6144,-1.8336,14.672,47.875
11.802,16.408,0,-1.941,14.203,5.5833
11.299,16.214,-2.6192,-2.0551,13.702,45.93
11.043,16.008,-2.6489,-2.1748,13.211,45.684
10.781,15.791,-2.6652,-4.4,12.717,15.43
10.507,15.351,-2.6524,-4.4,12.224,13.652
10.234,14.911,-2.7265,-4.4,11.745,15.439
10.234,14.471,0,-4.4,11.299,26.472
10.234,14.031,0,-4.4,10.897,33.937
10.234,13.591,0,-4.4,10.54,43.782
10.234,13.151,0,-4.4,10.226,56.878
10.234,12.711,0,-4.4,9.9562,74.584
8.5219,12.271,-2.7724,-4.4,9.2142,0
8.5219,11.831,0,-5.2,8.8613,129.39
8.5219,11.311,0,-5.2,8.5565,191.32
7.7407,10.791,-2.1276,-5.2,8.1917,0
7.5231,10.271,-1.7027,-5.2,7.903,0
7.5231,9.7507,0,-5.2,7.6542,144.52
7.5231,9.2307,0,-5.2,7.4575,143.45
7.1334,8.7107,-0.56921,-5.2,7.2484,118.75
7.0771,8.1907,-0.40206,-5.2,7.1119,107.1
7.0771,7.6707,0,-5.2,7.0265,101.14
7.0083,7.1507,-0.50683,-5.2,6.9898,100.73
7.0083,6.6307,0,-5.2,7.0016,94.232
6.8924,6.1107,-0.66723,-5.2,7.0595,91.124
6.8285,5.5907,-0.84212,-8.8,7.1511,80.485
6.8285,4.7107,0,-8.8,7.3188,71.444
6.618,3.8307,-1.8865,3.8475,7.5554,46.086
6.427,4.2155,-2.8444,2.6799,7.8108,64.567
6.427,4.4835,0,1.8634,8.0185,1.6991
6.427,4.6698,0,1.1397,8.2036,0
6.427,4.7838,0,0.46868,8.3736,0
6.427,4.8306,0,-0.049104,8.5355,0
4.0019,4.8257,-6.6882,-0.21786,8.1824,16.94
3.3254,4.8039,-6.5651,-0.39901,8.0583,17.387
2.6619,4.764,-6.183,-0.58275,7.8852,17.262
2.6619,4.7058,0,-0.76406,7.6779,2.7148
1.4884,4.6294,-5.0223,-0.9453,7.3625,15.81
1.4884,4.5348,0,-8.8,7.0531,0
1.4884,3.6548,0,-8.8,6.7925,0
0.19683,2.7748,-2.9038,-0.56051,6.4137,10.655
-0.10307,2.7188,-2.1675,-8.8,6.137,0
-0.10307,1.8388,0,-8.8,5.8988,0
-0.4625,0.95878,-0.87584,-0.11931,5.6953,4.9493
-0.4625,0.94685,0,-0.12863,5.5538,3.0649
-0.59245,0.93399,-0.23614,-8.8,5.405,0
-0.59245,0.053991,0,-0.12686,5.2964,1.5046
-0.59245,0.041305,0,-0.1101,5.2324,1.5138
-0.59245,0.030295,0,-0.099077,5.1695,1.5144
-0.65615,0.020388,-0.085227,-0.085227,5.102,1.8329
-0.65842,0.011865,-0.040226,-0.040226,5.0339,1.8201
-0.65842,0.0078424,0,-8.8,4.9671,0
-0.65679,0,0.25555,-8.8,4.9368,0
-0.63549,0,0.55854,-8.8,4.9242,0
-0.63549,0,0,-8.8,4.9046,0
-0.63549,0,0,-8.8,4.8851,0
-0.63549,0,0,-8.8,4.8655,0
-0.21308,0,1.645,-8.8,4.9083,0
-0.21308,0,0,-8.8,4.931,0
-0.21308,0,0,-8.8,4.9537,0
-0.21308,0,0,1.355,4.9764,3.7299
-0.21308,0.1355,0,1.1222,4.9483,3.5186
-0.21308,0.24772,0,-8.8,4.9078,0
0.61048,0,0.59271,0.59271,5.1975,0
0.66432,0.059271,0.40262,0.40262,5.2507,0
0.66432,0.099533,0,0.31841,5.3092,0
0.7457,0.13137,0.25335,0.25335,5.3674,0
0.77617,0.15671,0.21771,0.21771,5.4192,0
0.79021,0.17848,0.18527,0.18527,5.4847,0
0.81391,0.19701,0.13717,0.13717,5.5394,0
0.83059,0.21072,0.053131,0.053131,5.6082,0
0.84193,0.21604,-0.056174,-0.056174,5.6745,0
0.82945,0.21042,-0.17987,-0.17987,5.7324,0
0.82945,0.19243,0,-0.29599,5.7952,0
0.82945,0.16283,0,-0.3892,5.8604,0
0.72834,0.12391,-0.4342,-0.4342,5.9103,0
0.72834,0.080493,0,-0.44139,5.9729,0
0.65776,0.036354,-0.43775,-0.43775,6.0307,0
0.61373,0,-0.43319,-0.43319,6.0934,0
0.57482,0,-0.46447,-0.46447,6.1554,0
0.51961,0,-0.4972,-0.4972,6.221,0
0.51961,0,0,-0.49091,6.2755,0
0.40608,0,-0.41481,-0.41481,6.3208,0
0.40608,0,0,-0.30927,6.3635,0
0.33261,0,-0.16231,-0.16231,6.3982,0
0.32602,0,-0.032947,-0.032947,6.4324,0
0.32602,0,0,0.057547,6.4652,0
0.32602,0.0057547,0,0.080388,6.4975,0
0.32602,0.013794,0,0.06983,6.5291,0
0.32602,0.020777,0,0.038211,6.56,0
0.33547,0.024598,0.060669,0.060669,6.6081,0
0.33987,0.030664,0.054672,0.054672,6.648,0
0.34647,0.036132,0.043471,0.043471,6.6789,0
0.34297,0.040479,-0.015676,-0.015676,6.7104,0
0.34297,0.038911,0,-0.090134,6.7407,0
0.32383,0.029898,-0.23373,-0.23373,6.7611,0
0.30609,0.0065243,-0.32874,-0.32874,6.7867,0
0.28221,0,-0.40628,-0.40628,6.817,0
0.23411,0,-0.42063,-0.42063,6.8421,0
0.23411,0,0,-0.40792,6.8677,0
0.23411,0,0,-0.37739,6.8931,0
0.23411,0,0,-0.38342,6.9184,0
0.076522,0,-0.4063,-0.4063,6.9289,0
0.026297,0,-0.49951,-0.49951,6.9413,0
0.026297,0,0,-0.63117,6.9464,0
-0.10094,0,-0.79522,-0.79522,6.9522,0.20734
-0.18062,0,-0.91806,-0.91806,6.9417,0.3707
-0.18062,0,0,-1.029,6.9282,0
-0.38271,0,-1.0741,-1.0741,6.896,0.78496
-0.49014,0,-1.0811,-1.0811,6.8495,1.0052
-0.49014,0,0,-1.0663,6.8059,0
-0.69781,0,-1.0718,-1.0718,6.7381,1.4309
-0.69781,0,0,-1.0809,6.6737,0
-0.89635,0,-1.0826,-1.0826,6.5814,1.8379
-0.99942,0,-1.0891,-1.0891,6.4925,2.0492
-0.99942,0,0,-1.0678,6.398,0
-1.2118,0,-1.0306,-1.0306,6.2874,2.4847
-1.3244,0,-0.99107,-0.99107,6.1699,2.7155
-1.4158,0,-0.96161,-0.96161,6.034,2.9028
-1.5179,0,-0.92678,-0.92678,5.8922,3.1121
-1.5179,0,0,-0.83066,5.745,1.3667
-1.6841,0,-0.59804,-0.59804,5.5779,3.4528
-1.7342,0,-0.31092,-0.31092,5.4063,3.5555
-1.7556,0,-0.074904,-0.074904,5.235,3.5994
-1.7607,0,0.1219,0.1219,5.0601,3.6098
-1.7607,0.01219,0,-8.8,4.8835,0
-1.7607,0,0,-8.8,4.7502,0
-1.6857,0,0.15838,-8.8,4.6303,0
-1.6857,0,0,-8.8,4.5057,0
-1.6857,0,0,-8.8,4.3811,0
-1.6857,0,0,-8.8,4.2566,0
-1.6857,0,0,-8.8,4.132,0
-1.6339,0,0.1388,-8.8,4.0251,0
-1.6279,0,0.14293,-8.8,3.9097,0
-1.6279,0,0,-8.8,3.7909,0
-1.6142,0,0.13502,-8.8,3.6736,0
-1.6088,0,0.13651,-8.8,3.5566,0
-1.6088,0,0,-8.8,3.4397,0
-1.5847,0,0.13024,-8.8,3.3368,0
-1.5678,0,0.12908,-8.8,3.2183,0
-1.5678,0,0,-8.8,3.1055,0
-1.5303,0,0.13831,-8.8,3.0026,0
-1.5171,0,0.13541,-8.8,2.8888,0
-1.5003,0,0.15429,-8.8,2.783,0
-1.4808,0,0.12222,-8.8,2.6695,0
