27.222,27.222,-0.23288,0,35.5,0.63138
27.222,27.222,0,-0.0036105,35.5,0
27.222,27.222,0,-0.0072373,35.5,0
27.162,27.221,0.022524,-0.0090517,35.495,0.055631
27.162,27.22,0,-0.0086782,35.489,0.10287
27.162,27.219,0,-0.0075888,35.483,0.10344
27.177,27.219,0.040335,-0.0063658,35.472,0
27.177,27.218,0,-0.0048995,35.468,0.074668
27.177,27.217,0,-0.0050448,35.464,0.073329
27.177,27.217,0,-0.0031351,35.459,0.076438
27.177,27.217,0,-0.0018069,35.455,0.078687
27.21,27.216,0.1252,-0.0010034,35.456,0
27.21,27.216,0,0.0001649,35.455,0.013666
27.233,27.216,0.19272,0.0034532,35.456,0
27.233,27.217,0,0.008785,35.458,0
27.233,27.218,0,0.010856,35.459,0
27.288,27.219,0.18182,0.014414,35.47,0
27.305,27.22,0.19739,0.017476,35.471,0
27.325,27.222,0.2336,0.021283,35.49,0
27.325,27.224,0,0.026708,35.5,0
27.325,27.227,0,0.031025,35.51,0
27.325,27.23,0,0.0382,35.519,0
27.458,27.234,0.3585,0.04652,35.549,0
27.458,27.238,0,0.053078,35.571,0
27.458,27.244,0,0.061321,35.593,0
27.57,27.25,0.3243,0.066357,35.639,0
27.599,27.256,0.29886,0.070955,35.664,0
27.633,27.263,0.27758,0.076547,35.693,0
27.661,27.271,0.23975,0.080962,35.732,0
27.661,27.279,0,0.085107,35.771,0
27.661,27.288,0,0.086684,35.809,0
27.661,27.296,0,0.08817,35.846,0
27.661,27.305,0,0.087667,35.882,0
27.731,27.314,0.07556,0.086818,35.94,0
27.731,27.323,0,0.086404,35.981,0
27.74,27.331,-0.001015,0.085047,36.027,0
27.74,27.34,0,0.08516,36.068,0
27.74,27.348,0,0.085021,36.107,0
27.744,27.357,-0.042413,0.080686,36.156,0
27.738,27.365,-0.0060705,0.077923,36.193,0
27.728,27.373,0.00056742,0.074135,36.221,0
27.728,27.38,0,0.071969,36.256,0
27.728,27.387,0,0.072366,36.291,0
27.728,27.395,0,0.068882,36.324,0
27.728,27.401,0,0.067633,36.357,0
27.728,27.408,0,0.063533,36.39,0
27.728,27.415,0,0.062177,36.421,0
27.728,27.421,0,0.059933,36.452,0
27.69,27.427,-0.084941,0.055227,36.502,0
27.69,27.432,0,0.053655,36.528,0
27.69,27.438,0,0.051633,36.553,0
27.682,27.443,-0.11535,0.050054,36.573,0
27.682,27.448,0,0.04709,36.597,0
27.664,27.452,-0.14188,0.044443,36.621,0
27.653,27.457,-0.13256,0.041189,36.635,0
27.649,27.461,-0.11311,0.039503,36.653,0
27.649,27.465,0,0.034592,36.672,0
27.649,27.468,0,0.030379,36.69,0
27.649,27.471,0,0.026404,36.708,0
27.649,27.474,0,0.020433,36.725,0
27.556,27.476,-0.23821,0.016758,36.718,0.49508
27.53,27.478,-0.23337,0.010963,36.733,0.53228
27.499,27.479,-0.19046,0.004153,36.736,0.45747
27.499,27.479,0,-0.00017336,36.738,0
27.499,27.479,0,-0.0035624,36.74,0
27.499,27.479,0,-0.0063101,36.742,0
27.499,27.478,0,-0.0084978,36.744,0
27.393,27.478,-0.20145,-0.012214,36.723,0.70718
27.382,27.476,-0.22178,-0.013739,36.717,0.79862
27.382,27.475,0,-0.016013,36.708,0.1595
27.382,27.473,0,-0.018296,36.698,0.15099
27.336,27.471,-0.168,-0.019779,36.688,0.70815
27.319,27.47,-0.16903,-0.021919,36.681,0.74252
27.319,27.467,0,-0.023018,36.666,0.26198
27.319,27.465,0,-0.023767,36.652,0.25524
27.319,27.463,0,-0.02617,36.637,0.24451
27.319,27.46,0,-0.02756,36.623,0.23566
27.319,27.457,0,-0.029494,36.609,0.2253
27.319,27.454,0,-0.031982,36.595,0.21332
27.319,27.451,0,-0.033869,36.582,0.20224
27.197,27.448,-0.12902,-0.036722,36.523,0.82433
27.197,27.444,0,-0.038249,36.498,0.44289
27.177,27.44,-0.15301,-0.038655,36.458,0.92933
27.157,27.436,-0.19141,-0.040998,36.439,1.0972
27.14,27.432,-0.24768,-0.04296,36.407,1.3384
27.14,27.428,0,-0.045812,36.378,0.51556
27.14,27.423,0,-0.049274,36.349,0.49633
27.065,27.418,-0.24226,-0.052287,36.304,1.4608
27.048,27.413,-0.21215,-0.054091,36.275,1.3695
27.048,27.408,0,-0.056991,36.239,0.65354
26.998,27.402,-0.21243,-0.059922,36.214,1.4589
26.978,27.396,-0.24817,-0.062058,36.179,1.6355
26.978,27.39,0,-0.065009,36.138,0.75286
26.923,27.383,-0.25896,-0.068674,36.081,1.7826
26.892,27.377,-0.23839,-0.072442,36.028,1.753
26.892,27.369,0,-0.073744,35.98,0.88629
26.892,27.362,0,-0.074961,35.933,0.86499
26.844,27.354,-0.21935,-0.076679,35.892,1.733
26.844,27.347,0,-0.079228,35.842,0.93172
26.79,27.339,-0.30323,-0.082786,35.781,2.1952
26.79,27.331,0,-0.086457,35.727,1.0027
26.79,27.322,0,-0.089375,35.673,0.97292
26.79,27.313,0,-0.0905,35.621,0.94784
26.79,27.304,0,-0.092721,35.569,0.9195
26.673,27.295,-0.1249,-0.094942,35.471,1.6102
26.655,27.285,-0.11794,-0.096413,35.417,1.6018
26.634,27.276,-0.16043,-0.098472,35.364,1.7938
26.634,27.266,0,-0.10032,35.3,1.1893
26.634,27.256,0,-0.10262,35.238,1.1569
26.552,27.245,-0.37982,-0.10727,35.17,2.9483
26.552,27.235,0,-0.11089,35.101,1.286
26.476,27.224,-0.48391,-0.1162,35.042,3.6949
26.476,27.212,0,-0.12278,34.968,1.3848
26.372,27.2,-0.48536,-0.12943,34.883,3.9301
26.32,27.187,-0.4741,-0.13605,34.806,3.9724
26.32,27.173,0,-0.14122,34.72,1.6325
26.32,27.159,0,-0.14702,34.635,1.5756
26.173,27.144,-0.5149,-0.15419,34.536,4.5361
26.173,27.129,0,-0.16214,34.44,1.8386
26.173,27.113,0,-0.16913,34.345,1.7703
26.173,27.096,0,-0.17569,34.252,1.7026
26.173,27.078,0,-0.18003,34.16,1.6414
25.92,27.06,-0.36523,-0.18504,34.001,4.0575
25.881,27.042,-0.36431,-0.18923,33.893,4.1051
25.881,27.023,0,-0.1925,33.778,2.2468
25.8,27.004,-0.56515,-0.19821,33.658,5.5582
25.8,26.984,0,-0.20571,33.538,2.3176
25.663,26.963,-0.85936,-0.21624,33.424,8.3628
25.569,26.942,-1.0396,-0.2295,33.296,10.507
25.461,26.919,-1.2018,-0.24515,33.157,12.79
25.461,26.894,0,-0.26259,33.012,2.8247
25.461,26.868,0,-0.28306,32.87,2.6659
25.045,26.839,-1.7721,-0.30816,32.683,23.452
24.876,26.809,-1.8526,-0.33472,32.49,25.73
24.876,26.775,0,-0.36519,32.298,3.8356
24.876,26.739,0,-0.3957,32.11,3.5852
24.876,26.699,0,-0.42533,31.926,3.3378
24.876,26.657,0,-0.45536,31.745,3.0892
23.957,26.611,-1.7107,-0.48417,31.329,26.064
23.957,26.563,0,-0.51128,31.066,5.5195
23.636,26.511,-1.6702,-0.53819,30.773,26.15
23.46,26.458,-1.7053,-0.56842,30.489,27.322
23.285,26.401,-1.7875,-0.59948,30.177,29.458
23.101,26.341,-1.8854,-0.63264,29.864,32.063
23.101,26.278,0,-0.66856,29.543,6.7552
23.101,26.211,0,-0.70485,29.229,6.3117
22.517,26.14,-2.1305,-0.74318,28.842,39.403
22.517,26.066,0,-0.78491,28.483,7.5052
22.085,25.987,-2.216,-0.83111,28.082,42.632
21.86,25.904,-2.2245,-0.87909,27.682,43.307
21.86,25.816,0,-0.92885,27.281,8.2428
21.416,25.724,-2.2002,-0.97837,26.83,43.301
21.416,25.626,0,-1.0304,26.404,8.6326
21.416,25.523,0,-1.0816,25.988,7.9363
21.416,25.415,0,-1.1355,25.583,7.2383
20.551,25.301,-2.022,-1.1887,25.027,39.185
20.351,25.182,-1.9579,-1.2419,24.545,37.525
20.351,25.058,0,-1.2963,24.068,9.0018
19.955,24.928,-1.7906,-1.3518,23.575,33.356
19.955,24.793,0,-1.4033,23.084,8.8885
19.614,24.653,-1.4606,-1.4548,22.563,26.115
19.614,24.507,0,-1.5007,22.067,8.5456
19.354,24.357,-0.93617,-1.5376,21.552,17.218
19.354,24.203,0,-1.5713,21.06,7.9989
19.354,24.046,0,-1.5927,20.583,7.3355
19.14,23.887,-0.36633,-1.605,20.083,9.808
19.104,23.727,-0.33521,-1.6124,19.62,9.0198
19.079,23.565,-0.29916,-1.614,19.172,8.2279
19.049,23.404,-0.31107,-1.6166,18.726,7.7839
19.025,23.242,-0.39269,-1.6132,18.307,7.7961
19.025,23.081,0,-1.6119,17.893,5.2428
18.939,22.92,-0.95061,-1.617,17.491,11.259
18.939,22.758,0,-1.638,17.101,4.5092
18.939,22.594,0,-1.6793,16.727,3.9914
18.508,22.426,-2.6683,-1.7461,16.303,44.154
18.236,22.252,-3.1169,-3.624,15.899,47.921
18.236,21.889,0,-3.8896,15.515,19.478
17.582,21.5,-3.4817,-3.9894,15.122,0
17.23,21.101,-3.4442,-3.9527,14.738,0
16.892,20.706,-3.3247,-3.8316,14.349,155.44
16.561,20.323,-3.2022,-3.7087,13.967,68.389
16.249,19.952,-3.1462,-3.6509,13.584,55.319
15.932,19.587,-3.1136,-3.6187,13.226,49.834
15.618,19.225,-3.0611,-3.5665,12.871,42.488
15.303,18.868,-3.0252,-3.5329,12.515,38.519
15.303,18.515,0,-3.5304,12.176,15.757
14.702,18.162,-2.9404,-4.4,11.821,1.9024
14.411,17.722,-2.8394,-4.4,11.473,3.384
14.13,17.282,-2.7787,-4.4,11.148,2.7886
14.13,16.842,0,-4.4,10.855,64.443
14.13,16.402,0,-4.4,10.605,84.983
14.13,15.962,0,-4.4,10.4,113.92
14.13,15.522,0,-4.4,10.239,156.58
14.13,15.082,0,-4.4,10.122,224.07
14.13,14.642,0,-4.4,10.049,343.75
12.419,14.202,-1.9213,-4.4,9.3928,0
12.234,13.762,-1.8042,-4.4,9.2354,0
12.055,13.322,-1.6483,-4.4,9.093,0
12.055,12.882,0,-4.4,8.9882,250.64
11.733,12.442,-1.5179,-4.4,8.8946,0
11.591,12.002,-1.5354,-5.2,8.8428,0
11.447,11.482,-1.5326,-5.2,8.8201,0
11.293,10.962,-1.5755,-5.2,8.8352,0
11.293,10.442,0,-5.2,8.8943,0
10.98,9.9222,-1.6118,-5.2,8.9663,0
10.827,9.4022,-1.6188,-5.2,9.0972,0
10.674,8.8822,-1.5753,-5.2,9.2519,0
10.508,8.3622,-1.4513,0.98194,9.4547,7.2099
10.508,8.4604,0,0.86933,9.6644,0
10.249,8.5473,-0.76069,0.77813,9.8398,1.2092
10.249,8.6251,0,0.7077,10.006,0
10.138,8.6959,-0.050753,0.65819,10.145,0
10.138,8.7617,0,0.62289,10.286,0
10.138,8.824,0,0.60401,10.421,0
10.138,8.8844,0,0.58773,10.549,0
10.186,8.9432,0.20641,0.56621,10.673,0
10.186,8.9998,0,0.5489,10.794,0
10.186,9.0547,0,0.52853,10.91,0
10.223,9.1075,-0.10817,0.50679,11.005,0
10.203,9.1582,-0.27227,0.47449,11.114,0
10.203,9.2056,0,0.43627,11.216,0
10.203,9.2493,0,0.39229,11.313,0
10.067,9.2885,-0.73448,0.3528,11.391,2.134
9.9967,9.3238,-0.85429,0.30465,11.458,3.0925
9.9967,9.3542,0,0.24984,11.524,0
9.8207,9.3792,-1.0581,0.19962,11.57,5.0708
9.8207,9.3992,0,0.13829,11.613,0
9.6035,9.413,-1.0538,0.086018,11.633,5.3559
9.6035,9.4216,0,0.036738,11.652,0
9.3979,9.4253,-0.89824,-0.0083503,11.649,4.338
9.3979,9.4245,0,-0.035179,11.647,0
9.3979,9.4209,0,-0.057737,11.644,0
9.163,9.4152,-0.4992,-0.07703,11.611,2.2114
9.1172,9.4075,-0.41919,-0.088885,11.589,1.8847
9.1172,9.3986,0,-0.097797,11.56,0.37525
9.1172,9.3888,0,-0.11227,11.533,0.32194
8.9654,9.3776,-0.96771,-0.12767,11.484,5.8031
8.9654,9.3648,0,-0.15754,11.444,0.4912
8.7359,9.3491,-1.7488,-0.19235,11.374,16.372
8.7359,9.3298,0,-0.24608,11.313,0.70519
8.7359,9.3052,0,-0.30562,11.255,0.52686
8.7359,9.2746,0,-0.37132,11.2,0.35452
8.7359,9.2375,0,-0.44239,11.148,0.20143
8.7359,9.1933,0,-0.51285,11.1,0.085136
8.7359,9.142,0,-0.5768,11.056,0.012986
7.2251,9.0843,-1.9873,-0.64403,10.511,24.213
7.2251,9.0199,0,-0.70689,10.328,2.2631
7.2251,8.9492,0,-0.76252,10.152,1.9475
6.6654,8.873,-1.606,-0.82334,9.897,17.238
6.6654,8.7906,0,-0.8756,9.6804,2.5801
6.6654,8.7031,0,-0.92456,9.4722,2.2465
6.2479,8.6106,-0.97579,-5.2,9.2041,51.69
6.2479,8.0906,0,-5.2,8.9938,58.518
6.0631,7.5706,-0.71535,-0.57283,8.8201,5.5096
6.0002,7.5133,-0.68236,-5.2,8.665,40.894
5.939,6.9933,-0.6842,-0.38826,8.5344,4.5938
5.8609,6.9545,-0.5558,-5.2,8.4325,36.467
5.8609,6.4345,0,-0.22205,8.3492,0.71768
5.8609,6.4123,0,-0.22849,8.2929,0.65443
5.7506,6.3895,0.2201,-0.22654,8.2308,0.41466
5.7798,6.3668,0.4957,-5.2,8.164,46.08
5.7798,5.8468,0,-0.0055068,8.1313,0.12769
5.8967,5.8463,0.62887,0.036691,8.1329,0
5.9676,5.8499,0.62806,0.085548,8.1378,0
6.0355,5.8585,0.62472,0.12861,8.1503,0
6.1002,5.8713,0.64487,0.1659,8.1635,0
6.1736,5.8879,0.69981,0.20654,8.185,0
6.1736,5.9086,0,0.2473,8.2125,0.010658
6.1736,5.9333,0,0.28146,8.2378,0.16455
6.1736,5.9615,0,0.32332,8.2604,0.36086
6.4897,5.9938,0.88779,0.35407,8.3439,0
6.5687,6.0292,0.93161,0.38369,8.399,0
6.5687,6.0676,0,0.41975,8.4511,0
6.5687,6.1095,0,0.45885,8.4991,0.15514
6.8905,6.1554,1.4883,0.51497,8.5864,0
7.0395,6.2069,1.7825,0.58015,8.6683,0.65365
7.0395,6.2649,0,0.65581,8.7487,0
7.0395,6.3305,0,0.74969,8.8229,0.50015
7.0395,6.4055,0,0.84122,8.89,1.1083
7.0395,6.4896,0,0.94271,8.9492,1.856
8.1294,6.5839,2.4254,1.0323,9.2329,1.8436
8.1294,6.6871,0,1.1138,9.3823,0
8.1294,6.7985,0,1.1793,9.5209,0.38577
8.1294,6.9164,0,1.2396,9.6481,1.0475
8.1294,7.0404,0,1.2872,9.7632,1.7127
8.1294,7.1691,0,1.3219,9.8657,2.3625
9.4761,7.3013,2.0843,1.3546,10.364,0
9.6907,7.4367,2.0368,1.3877,10.589,0
9.6907,7.5755,0,1.412,10.808,0
10.08,7.7167,1.8298,1.4214,11.053,0
10.08,7.8589,0,1.4355,11.283,0
10.439,8.0024,1.6579,1.4321,11.533,0
10.439,8.1456,0,1.4297,11.77,0
10.439,8.2886,0,1.4187,11.992,0
10.439,8.4305,0,1.4116,12.2,0
10.439,8.5716,0,1.4125,12.393,0
10.439,8.7129,0,1.4188,12.573,0.18967
11.448,8.8547,2.217,1.4327,13.011,0.56722
11.448,8.998,0,1.4655,13.263,0
11.925,9.1446,2.6417,1.5094,13.549,2.5184
12.185,9.2955,2.7385,1.555,13.838,2.9821
12.185,9.451,0,1.608,14.119,0
12.185,9.6118,0,1.6602,14.384,0
12.185,9.7778,0,1.7021,14.633,0
12.185,9.948,0,1.7543,14.865,0.072449
12.185,10.123,0,1.7989,15.08,0.91177
13.928,10.303,3.0274,1.8462,15.775,4.5014
13.928,10.488,0,1.8933,16.128,0
14.537,10.677,3.0127,1.931,16.534,4.4583
14.844,10.87,3.0162,1.9708,16.934,4.519
15.145,11.067,3.0483,2.0043,17.336,4.7895
15.459,11.268,3.0897,2.0411,17.747,5.1262
15.459,11.472,0,2.078,18.156,0
16.09,11.68,3.0898,2.1096,18.602,5.3087
16.4,11.891,3.0764,2.1376,19.042,5.3379
16.711,12.105,3.0525,2.1639,19.492,5.3067
17.025,12.321,3.0364,2.1916,19.962,5.3193
17.325,12.54,3.0485,2.2107,20.443,5.5396
17.325,12.761,0,2.235,20.911,0
17.944,12.985,2.9881,2.2535,21.421,5.4228
17.944,13.21,0,2.267,21.905,0
18.535,13.437,2.8009,2.2791,22.423,4.4878
18.825,13.665,2.3199,2.2887,22.941,1.5823
19.057,13.893,1.6647,2.2728,23.467,0
19.222,14.121,0.66556,2.2283,23.986,0
19.291,14.344,-0.56596,2.1453,24.495,0
19.24,14.558,-1.5251,2.0158,24.986,3.6079
19.083,14.76,-2.0247,1.848,25.433,12.149
18.882,14.944,-2.238,1.6722,25.844,17.459
18.882,15.112,0,1.5,26.23,0
18.882,15.262,0,1.3429,26.599,0
18.882,15.396,0,1.2093,26.954,0
18.152,15.517,-0.98866,1.0976,27.136,1.0105
18.061,15.627,-0.68355,1.0102,27.388,0
18.061,15.728,0,0.93912,27.626,0
18.061,15.822,0,0.87996,27.854,0
18.061,15.91,0,0.83579,28.074,0
17.948,15.993,0.32867,0.80229,28.246,0
17.979,16.073,0.50478,0.78013,28.434,0
17.979,16.151,0,0.76579,28.621,0
18.111,16.228,1.2924,0.76779,28.815,0
18.239,16.305,1.5928,0.787,29.008,0.59696
18.239,16.384,0,0.81887,29.197,0
18.239,16.465,0,0.85887,29.378,0
18.239,16.551,0,0.90216,29.551,0
18.239,16.641,0,0.94571,29.716,0
19.166,16.736,1.7305,0.97764,30.078,1.0418
19.345,16.834,1.7024,1.0082,30.332,0.89054
19.517,16.935,1.7006,1.034,30.584,0.87117
19.681,17.038,1.7201,1.0553,30.838,0.96109
19.856,17.144,1.7611,1.0799,31.098,1.1572
20.036,17.252,1.8321,1.1061,31.382,1.5092
20.036,17.362,0,1.1335,31.655,0
20.406,17.476,1.9466,1.1581,31.97,2.1188
20.597,17.591,2.0067,1.1846,32.265,2.4611
20.597,17.71,0,1.2146,32.56,0
20.597,17.831,0,1.2411,32.842,0
20.597,17.955,0,1.2682,33.113,0
20.597,18.082,0,1.2897,33.371,0
20.597,18.211,0,1.3141,33.616,0
20.597,18.343,0,1.3335,33.848,0
21.96,18.476,1.6262,1.3447,34.555,0.53387
22.116,18.61,1.5086,1.3486,34.91,0
22.273,18.745,1.438,1.353,35.256,0
22.414,18.881,1.3924,1.3508,35.611,0
22.414,19.016,0,1.3491,35.958,0
22.414,19.151,0,1.3488,36.291,0
22.842,19.285,1.4405,1.347,36.668,0
22.986,19.42,1.4638,1.3462,37.021,0
23.134,19.555,1.5089,1.3472,37.375,0.17748
23.134,19.689,0,1.3494,37.726,0
23.134,19.824,0,1.3518,38.064,0
23.134,19.96,0,1.3597,38.388,0
23.134,20.096,0,1.3698,38.699,0
23.938,20.232,1.6187,1.3752,39.219,0.88576
23.938,20.37,0,1.3793,39.582,0
24.26,20.508,1.6826,1.3844,39.96,1.3045
24.424,20.646,1.7012,1.3895,40.329,1.4466
24.424,20.785,0,1.3961,40.7,0
24.424,20.925,0,1.4019,41.057,0
24.922,21.065,1.6102,1.407,41.485,1.0401
25.077,21.206,1.5005,1.4081,41.881,0.47429
25.077,21.347,0,1.4089,42.261,0
25.077,21.488,0,1.4054,42.627,0
25.513,21.628,1.2998,1.4013,43.046,0
25.513,21.768,0,1.3936,43.428,0
25.767,21.908,1.3169,1.3849,43.837,0
25.899,22.046,1.3111,1.3788,44.222,0
25.899,22.184,0,1.3707,44.601,0
25.899,22.321,0,1.3641,44.965,0
26.29,22.457,1.3784,1.3603,45.359,0.10602
26.43,22.593,1.4142,1.3583,45.749,0.32025
26.576,22.729,1.4686,1.3583,46.13,0.64212
26.723,22.865,1.4717,1.3585,46.51,0.69058
26.871,23.001,1.4643,1.3592,46.891,0.68142
26.871,23.137,0,1.3618,47.271,0
27.163,23.273,1.4133,1.3593,47.665,0.46412
27.163,23.409,0,1.3578,48.047,0
27.163,23.545,0,1.3563,48.416,0
27.163,23.68,0,1.349,48.771,0
27.7,23.815,1.2246,1.3444,49.231,0
27.7,23.95,0,1.3348,49.612,0
27.928,24.083,1.1466,1.3243,50.006,0
27.928,24.216,0,1.3139,50.384,0
27.928,24.347,0,1.3015,50.749,0
27.928,24.477,0,1.2945,51.1,0
28.374,24.607,1.0638,1.2853,51.515,0
28.374,24.735,0,1.2748,51.886,0
28.588,24.863,1.0527,1.2655,52.258,0
28.692,24.989,1.0677,1.255,52.628,0
28.791,25.115,1.0878,1.2432,52.998,0
28.791,25.239,0,1.2386,53.36,0
28.791,25.363,0,1.234,53.709,0
29.135,25.486,1.0849,1.2261,54.088,0
29.251,25.609,1.036,1.2213,54.442,0
29.251,25.731,0,1.2112,54.8,0
29.251,25.852,0,4.8,55.146,18.056
29.535,26.332,0.79841,1.0431,55.511,0
29.535,26.436,0,1.0353,55.826,0
29.535,26.54,0,4.8,56.131,20.404
29.774,27.02,0.59497,0.87167,56.434,0
29.774,27.107,0,0.86052,56.705,0
29.89,27.193,0.54642,0.85166,56.975,0
29.89,27.278,0,4.8,57.24,22.674
30.003,27.758,0.52204,0.6905,57.486,0
30.047,27.827,0.52482,0.68235,57.706,0
30.091,27.896,0.53904,0.67438,57.931,0
30.091,27.963,0,4.8,58.147,25.578
30.091,28.443,0,0.52438,58.336,0
30.248,28.496,0.53802,0.52438,58.53,0
30.31,28.548,0.55877,0.52696,58.71,0
30.31,28.601,0,0.52946,58.883,0
30.31,28.654,0,4.8,59.052,28.458
30.31,29.134,0,0.39954,59.193,0
30.57,29.174,0.77811,0.40669,59.362,0
30.57,29.214,0,0.41988,59.499,0
30.57,29.256,0,0.43371,59.633,0
30.823,29.3,0.77869,0.44358,59.808,0
30.903,29.344,0.75035,-2,59.955,48.333
30.903,29.144,0,-2,60.12,44.098
31.046,28.944,0.71461,4.8,60.327,16.581
31.046,29.424,0,-2,60.513,40.267
31.192,29.224,0.72253,-2,60.699,59.251
31.267,29.024,0.74079,4.8,60.907,15.546
31.338,29.504,0.76697,-2,61.106,55.845
31.338,29.304,0,-2,61.3,52.895
31.338,29.104,0,-2,61.513,60.422
31.581,28.904,0.88481,4.8,61.782,11.83
31.581,29.384,0,-2,62.026,58.978
31.751,29.184,0.95027,-2,62.278,82.953
31.751,28.984,0,4.8,62.545,21.753
31.751,29.464,0,-2,62.798,62.595
31.751,29.264,0,-2,63.036,71.611
32.113,29.064,0.82361,-2,63.355,104.77
32.198,28.864,0.8218,4.8,63.683,9.2321
32.286,29.344,0.89019,-2,64.004,99.456
32.286,29.144,0,-2,64.308,113.22
32.286,28.944,0,4.8,64.632,18.386
32.286,29.424,0,-2,64.942,92.713
32.286,29.224,0,-2,65.239,106.85
32.286,29.024,0,4.8,65.555,18.849
32.286,29.504,0,-2,65.857,87.681
32.286,29.304,0,-2,66.145,100.91
32.286,29.104,0,-2,66.454,116.58
32.286,28.904,0,4.8,66.782,18.155
32.286,29.384,0,-2,67.096,95.355
33.288,29.184,0.96323,-2,67.961,182.61
33.383,28.984,0.95715,4.8,68.39,3.2738
33.383,29.464,0,-2,68.806,209.61
33.566,29.264,0.90603,-2,69.22,206.54
