22.263,22.263,-0.17072,0,35.5,0.43426
22.249,22.263,-0.1439,-0.0016688,35.494,0.38392
22.239,22.262,-0.1278,-0.0029254,35.499,0.35925
22.235,22.262,-0.11524,-0.00329,35.502,0.3304
22.235,22.262,0,-0.0053704,35.5,0.043288
22.235,22.261,0,-0.0071228,35.497,0.038439
22.201,22.261,-0.12144,-0.0073429,35.497,0.41527
22.184,22.26,-0.1179,-0.0093304,35.487,0.43852
22.184,22.259,0,-0.011745,35.48,0.13115
22.157,22.258,-0.094408,-0.012335,35.474,0.4225
22.157,22.256,0,-0.012214,35.464,0.18147
22.15,22.255,-0.13861,-0.012967,35.442,0.5609
22.15,22.254,0,-0.01511,35.432,0.18544
22.121,22.252,-0.21629,-0.016116,35.411,0.86989
22.107,22.251,-0.23184,-0.017707,35.401,0.95469
22.107,22.249,0,-0.020955,35.387,0.25352
22.107,22.247,0,-0.023957,35.373,0.24199
22.107,22.245,0,-0.027697,35.359,0.2282
21.99,22.242,-0.21569,-0.031024,35.323,1.1457
21.99,22.239,0,-0.03415,35.298,0.4564
21.947,22.235,-0.25543,-0.035619,35.261,1.3863
21.947,22.232,0,-0.039269,35.233,0.52529
21.893,22.228,-0.30519,-0.041509,35.199,1.7116
21.893,22.224,0,-0.044077,35.166,0.61924
21.893,22.219,0,-0.047391,35.133,0.60019
21.893,22.215,0,-0.050375,35.1,0.5814
21.893,22.209,0,-0.052717,35.068,0.56371
21.893,22.204,0,-0.056912,35.037,0.54084
21.73,22.199,-0.2565,-0.058574,34.963,1.836
21.73,22.193,0,-0.061417,34.917,0.88398
21.682,22.187,-0.29892,-0.063389,34.865,2.1197
21.658,22.18,-0.31041,-0.065734,34.806,2.2189
21.626,22.174,-0.30854,-0.069141,34.762,2.2788
21.626,22.167,0,-0.071483,34.708,1.0485
21.575,22.16,-0.32708,-0.074108,34.64,2.4653
21.547,22.152,-0.32357,-0.076943,34.59,2.5045
21.521,22.144,-0.33232,-0.07947,34.519,2.5965
21.521,22.136,0,-0.08268,34.457,1.2019
21.454,22.128,-0.35302,-0.086353,34.391,2.8408
21.41,22.12,-0.37821,-0.091148,34.325,3.0754
21.365,22.11,-0.43007,-0.096049,34.253,3.473
21.365,22.101,0,-0.09987,34.179,1.4581
21.275,22.091,-0.58522,-0.10593,34.092,4.6903
21.275,22.08,0,-0.1113,34.011,1.6062
21.15,22.069,-0.77924,-0.12011,33.919,6.5532
21.068,22.057,-0.84434,-0.12993,33.815,7.3912
21.068,22.044,0,-0.14021,33.716,1.9724
20.897,22.03,-0.92804,-0.15009,33.611,8.7473
20.897,22.015,0,-0.1622,33.498,2.2933
20.705,21.999,-0.92676,-0.17324,33.369,9.359
20.619,21.982,-0.93428,-0.18343,33.237,9.7021
20.619,21.963,0,-0.19403,33.101,2.8371
20.619,21.944,0,-0.20432,32.968,2.7365
20.619,21.923,0,-0.21759,32.836,2.6225
20.619,21.902,0,-0.23071,32.707,2.5073
20.619,21.879,0,-0.24218,32.58,2.3968
20.619,21.854,0,-0.25634,32.455,2.2753
19.915,21.829,-0.98551,-0.27095,32.091,12.432
19.815,21.802,-0.85359,-0.28359,31.905,11.218
19.815,21.773,0,-0.29416,31.708,4.3624
19.67,21.744,-0.50706,-0.30145,31.497,8.1823
19.628,21.714,-0.34146,-0.30616,31.281,6.8999
19.593,21.683,-0.22737,-0.3098,31.077,6.1016
19.593,21.652,0,-0.31306,30.87,4.6151
19.532,21.621,-0.19078,-0.31572,30.647,5.8204
19.508,21.589,-0.19431,-0.31784,30.431,5.8033
19.508,21.557,0,-0.32034,30.224,4.5453
19.508,21.525,0,-0.32125,30.021,4.4318
19.44,21.493,-0.21079,-0.32283,29.806,5.7698
19.41,21.461,-0.21584,-0.32557,29.605,5.7778
19.41,21.428,0,-0.32644,29.402,4.4083
19.371,21.396,-0.16447,-0.32822,29.179,5.3453
19.348,21.363,-0.1186,-0.3297,28.986,5.0298
19.331,21.33,-0.053873,-0.33005,28.793,4.608
19.336,21.297,0.014024,-0.32708,28.591,4.144
19.346,21.264,0.082896,-0.32313,28.388,3.6966
19.346,21.232,0,-0.31858,28.198,4.0041
19.363,21.2,0.1998,-0.31502,28.03,3.001
19.363,21.169,0,-0.30938,27.848,3.7849
19.363,21.138,0,-0.30319,27.669,3.713
19.423,21.107,0.30072,-0.29639,27.513,2.3072
19.448,21.078,0.31157,-0.28919,27.355,2.1616
19.448,21.049,0,-0.28142,27.193,3.2597
19.448,21.021,0,-0.27299,27.035,3.2083
19.545,20.993,0.31456,-0.26295,26.9,1.7915
19.545,20.967,0,-0.25288,26.757,2.8305
19.607,20.942,0.33008,-0.2457,26.634,1.5385
19.634,20.917,0.34442,-0.23784,26.509,1.4121
19.634,20.893,0,-0.22691,26.382,2.4555
19.712,20.871,0.37814,-0.21732,26.272,1.1254
19.712,20.849,0,-0.20891,26.157,2.1712
19.772,20.828,0.386,-0.20038,26.053,0.94347
19.802,20.808,0.39276,-0.19208,25.95,0.85397
19.802,20.789,0,-0.18331,25.85,1.8494
19.867,20.771,0.38371,-0.17435,25.755,0.71142
19.908,20.753,0.36852,-0.16376,25.676,0.64741
19.945,20.737,0.32499,-0.15408,25.585,0.63585
19.98,20.721,0.25992,-0.14494,25.509,0.67386
19.98,20.707,0,-0.13866,25.435,1.3116
20.025,20.693,0.13051,-0.13158,25.361,0.8279
20.025,20.68,0,-0.12851,25.295,1.1601
20.04,20.667,0.044149,-0.12434,25.228,0.97544
20.041,20.655,0.026195,-0.12224,25.162,1.0011
20.034,20.642,0.015696,-0.12157,25.094,1.0193
20.036,20.63,0.0086155,-0.11908,25.039,1.0124
20.036,20.618,0,-0.11587,24.981,1.0178
20.053,20.607,0.013142,-0.11197,24.908,0.92429
20.053,20.595,0,-0.10856,24.853,0.94438
20.053,20.585,0,-0.10465,24.799,0.92932
20.053,20.574,0,-0.10299,24.746,0.90881
20.078,20.564,-0.015433,-0.099194,24.702,0.87629
20.072,20.554,-0.0014973,-0.098767,24.658,0.83036
20.072,20.544,0,-0.098635,24.611,0.8032
20.063,20.534,0.028542,-0.096983,24.565,0.72802
20.057,20.524,0.03361,-0.09656,24.516,0.70828
20.055,20.515,0.057434,-0.095205,24.469,0.63422
20.055,20.505,0,-0.09391,24.424,0.76441
20.059,20.496,0.078801,-0.091105,24.364,0.54393
20.059,20.487,0,-0.086456,24.32,0.73281
20.09,20.478,0.1256,-0.081186,24.29,0.36177
20.09,20.47,0,-0.075806,24.251,0.64914
20.127,20.462,0.17195,-0.070475,24.202,0.19261
20.127,20.455,0,-0.066766,24.169,0.55379
20.127,20.449,0,-0.061594,24.137,0.55185
20.178,20.443,0.20145,-0.056055,24.103,0.041712
20.206,20.437,0.18528,-0.04891,24.077,0.016912
20.231,20.432,0.1749,-0.042549,24.049,0
20.231,20.428,0,-0.037407,24.029,0.33227
20.266,20.424,0.21064,-0.033519,24.023,0
20.266,20.421,0,-0.029974,24.008,0.25872
20.266,20.418,0,-0.022644,23.992,0.26939
20.266,20.415,0,-0.014193,23.977,0.2845
20.382,20.414,0.36381,-0.0068267,23.975,0
20.41,20.413,0.37562,-0.00064482,23.978,0
20.446,20.413,0.40571,0.0078289,23.988,0
20.446,20.414,0,0.016666,23.991,0
20.446,20.416,0,0.023932,23.995,0
20.57,20.418,0.52063,0.035891,24.018,0
20.57,20.422,0,0.048773,24.033,0
20.672,20.427,0.50389,0.057993,24.068,0
20.672,20.432,0,0.067398,24.092,0
20.672,20.439,0,0.075434,24.116,0
20.672,20.447,0,0.087193,24.139,0
20.863,20.455,0.42633,0.096647,24.206,0
20.898,20.465,0.40335,0.10286,24.252,0
20.935,20.475,0.37591,0.10925,24.307,0
20.935,20.486,0,0.11471,24.352,0
20.935,20.498,0,0.12011,24.396,0
20.935,20.51,0,0.12705,24.44,0
20.935,20.522,0,0.13187,24.481,0
21.104,20.536,0.34293,0.13558,24.547,0
21.13,20.549,0.32255,0.13866,24.61,0
21.165,20.563,0.25238,0.14405,24.676,0
21.194,20.577,0.19435,0.14756,24.731,0
21.222,20.592,0.17574,0.15087,24.785,0
21.222,20.607,0,0.15012,24.847,0
21.25,20.622,0.19098,0.15067,24.914,0
21.25,20.637,0,0.15401,24.976,0
21.25,20.653,0,0.15788,25.036,0
21.343,20.669,0.27061,0.1622,25.09,0
21.366,20.685,0.27433,0.16416,25.168,0
21.403,20.701,0.26635,0.16923,25.229,0
21.433,20.718,0.24401,0.17258,25.308,0
21.433,20.735,0,0.17311,25.379,0
21.433,20.753,0,0.17192,25.447,0
21.468,20.77,-0.0037164,0.16917,25.537,0
21.467,20.787,-0.088117,0.16502,25.6,0
21.466,20.803,-0.19895,0.16104,25.662,0
21.439,20.819,-0.27084,0.15077,25.732,0
21.42,20.834,-0.25321,0.1426,25.798,0
21.42,20.849,0,0.13353,25.856,0
21.42,20.862,0,0.12751,25.912,0
21.361,20.875,-0.0889,0.11872,25.969,0
21.361,20.887,0,0.11513,26.017,0
21.361,20.898,0,0.11208,26.064,0
21.356,20.909,0.029978,0.10927,26.115,0
21.356,20.92,0,0.10893,26.159,0
21.384,20.931,0.16303,0.11088,26.194,0
21.409,20.942,0.22855,0.11439,26.236,0
21.431,20.954,0.2876,0.11697,26.273,0
21.459,20.965,0.31083,0.121,26.331,0
21.459,20.978,0,0.1255,26.38,0
21.531,20.99,0.3394,0.13292,26.446,0
21.531,21.003,0,0.14016,26.5,0
21.601,21.017,0.35187,0.14358,26.566,0
21.628,21.032,0.34814,0.14695,26.624,0
21.663,21.047,0.32814,0.15214,26.689,0
21.663,21.062,0,0.15487,26.75,0
21.663,21.077,0,0.15708,26.809,0
21.737,21.093,0.29555,0.15908,26.856,0
21.766,21.109,0.30387,0.16254,26.929,0
21.793,21.125,0.33096,0.16534,26.997,0
21.826,21.142,0.35643,0.16968,27.065,0
21.826,21.159,0,0.17583,27.133,0
21.898,21.176,0.37683,0.17922,27.209,0
21.939,21.194,0.3795,0.18538,27.29,0
21.939,21.213,0,0.18832,27.364,0
21.939,21.231,0,0.19118,27.436,0
22.036,21.251,0.31579,0.196,27.51,0
22.036,21.27,0,0.20091,27.587,0
22.036,21.29,0,0.20539,27.663,0
22.036,21.311,0,0.20659,27.736,0
22.036,21.331,0,0.20666,27.808,0
22.036,21.352,0,0.20697,27.877,0
22.036,21.373,0,0.20943,27.945,0
22.229,21.394,0.21422,0.20971,28.083,0
22.229,21.415,0,0.20884,28.166,0
22.229,21.436,0,0.2067,28.246,0
22.275,21.456,0.14846,0.20613,28.33,0
22.294,21.477,0.12237,0.20608,28.414,0
22.294,21.498,0,0.20441,28.495,0
22.294,21.518,0,0.19899,28.574,0
22.294,21.538,0,0.19482,28.65,0
22.308,21.557,-0.069737,0.19,28.719,0
22.311,21.576,-0.1044,0.18602,28.799,0
22.311,21.595,0,0.1811,28.872,0
22.298,21.613,-0.1211,0.17377,28.951,0
22.298,21.63,0,0.16897,29.019,0
22.291,21.647,-0.14952,0.16348,29.09,0
22.291,21.664,0,0.15668,29.154,0
22.263,21.679,-0.14665,0.14849,29.223,0
22.263,21.694,0,0.13859,29.281,0
22.263,21.708,0,0.12981,29.337,0
22.263,21.721,0,0.1239,29.392,0
22.263,21.733,0,0.12016,29.445,0
22.194,21.745,-0.061088,0.11459,29.477,0
22.195,21.757,-0.045204,0.11197,29.529,0
22.196,21.768,-0.023285,0.10941,29.564,0
22.196,21.779,0,0.1037,29.607,0
22.196,21.789,0,0.099851,29.648,0
22.196,21.799,0,0.096678,29.688,0
22.196,21.809,0,0.098904,29.727,0
22.196,21.819,0,0.1001,29.765,0
22.196,21.829,0,0.098663,29.803,0
22.222,21.839,0.032688,0.098143,29.865,0
22.219,21.849,-0.040379,0.09484,29.899,0
22.219,21.858,0,0.092721,29.935,0
22.219,21.867,0,0.089299,29.971,0
22.192,21.876,-0.29813,0.081061,30.001,0.28574
22.161,21.884,-0.33924,0.071007,30.025,0.50005
22.129,21.892,-0.36668,0.060916,30.058,0.67622
22.129,21.898,0,0.047612,30.081,0
22.129,21.902,0,0.033469,30.104,0
22.129,21.906,0,0.01316,30.127,0
22.129,21.907,0,-0.0070029,30.149,0
21.736,21.906,-1.452,-0.02693,30.085,10.777
21.595,21.904,-1.6597,-0.048806,30.056,14.493
21.429,21.899,-1.7608,-0.074481,30.02,16.99
21.244,21.891,-1.72,-0.10292,29.961,17.114
21.078,21.881,-1.614,-0.12803,29.898,16.039
21.078,21.868,0,-0.15084,29.818,1.4341
20.775,21.853,-1.3366,-0.1736,29.71,13.084
20.775,21.836,0,-0.19217,29.603,2.0213
20.775,21.817,0,-0.2079,29.498,1.9129
20.775,21.796,0,-0.22527,29.395,1.7974
20.775,21.773,0,-0.24142,29.294,1.6846
20.775,21.749,0,-0.25704,29.195,1.5725
20.102,21.723,-1.1044,-0.27141,28.896,12.242
20.102,21.696,0,-0.2876,28.736,3.211
20.102,21.667,0,-0.30209,28.578,3.0623
19.806,21.637,-0.68013,-0.31476,28.37,8.4763
19.806,21.606,0,-0.323,28.188,3.7061
19.691,21.574,-0.30778,-0.32973,27.987,5.6967
19.658,21.541,-0.25803,-0.33273,27.808,5.3597
19.658,21.507,0,-0.33492,27.621,3.8102
19.613,21.474,-0.25914,-0.33513,27.435,5.2695
19.613,21.44,0,-0.3358,27.25,3.7348
19.569,21.407,-0.25867,-0.33732,27.063,5.1663
19.569,21.373,0,-0.33898,26.881,3.6456
19.569,21.339,0,-0.34032,26.703,3.5324
19.501,21.305,-0.18473,-0.34082,26.519,4.5893
19.478,21.271,-0.087483,-0.34193,26.341,4.0237
19.462,21.237,0.082537,-0.34175,26.156,3.1829
19.462,21.203,0,-0.33589,25.98,3.4604
19.502,21.169,0.48581,-0.32676,25.819,1.7091
19.502,21.136,0,-0.31337,25.654,3.2255
19.502,21.105,0,-0.2951,25.492,3.2059
19.502,21.075,0,-0.27721,25.333,3.1905
19.502,21.048,0,-0.25538,25.177,3.1973
19.502,21.022,0,-0.23448,25.024,3.2073
19.968,20.999,0.76341,-0.21158,24.979,0.53677
19.968,20.978,0,-0.19143,24.877,1.8821
20.122,20.958,0.68858,-0.1733,24.803,0.34903
20.189,20.941,0.69823,-0.15647,24.725,0.26188
20.189,20.925,0,-0.13838,24.651,1.3355
20.189,20.912,0,-0.12067,24.578,1.356
20.189,20.9,0,-0.10062,24.507,1.3892
20.189,20.89,0,-0.075706,24.436,1.4448
20.639,20.882,1.2293,-0.051328,24.462,0.59771
20.639,20.877,0,-0.022497,24.438,0.46206
20.894,20.875,1.3034,0.0045626,24.453,0.77674
20.894,20.875,0,0.036272,24.455,0.038534
20.894,20.879,0,0.066267,24.457,0.11574
20.894,20.885,0,0.091136,24.458,0.19163
20.894,20.894,0,0.11328,24.458,0.26983
21.47,20.906,0.75808,0.13099,24.619,0
21.47,20.919,0,0.14345,24.674,0
21.47,20.933,0,0.15554,24.729,0
21.47,20.949,0,0.16203,24.782,0
21.47,20.965,0,0.16692,24.833,0
21.731,20.982,0.51159,0.17523,24.969,0
21.731,20.999,0,0.18349,25.043,0
21.853,21.017,0.70824,0.19577,25.133,0
21.923,21.037,0.7244,0.208,25.222,0
21.998,21.058,0.68587,0.22111,25.319,0
22.066,21.08,0.6484,0.23221,25.418,0
22.066,21.103,0,0.24248,25.515,0
22.066,21.127,0,0.25349,25.61,0
22.269,21.153,0.8032,0.26456,25.754,0
22.348,21.179,0.90019,0.27739,25.865,0
22.445,21.207,0.94814,0.29463,25.992,0
22.445,21.236,0,0.31035,26.114,0
22.445,21.267,0,0.32764,26.233,0
22.735,21.3,0.92589,0.34346,26.392,0
22.735,21.335,0,0.35965,26.533,0
22.735,21.371,0,0.3725,26.671,0
23.006,21.408,0.43065,0.3854,26.853,0
23.006,21.446,0,0.38805,27.011,0
23.006,21.485,-1.6188,0.36831,27.177,7.0471
23.006,21.522,0,0.31936,27.327,0
22.545,21.554,-4.2016,0.2407,27.426,164.87
22.545,21.578,0,0.13301,27.524,0
21.599,21.591,-5.8793,0.0018345,27.543,3880.8
21.599,21.591,0,-0.10534,27.544,0
20.395,21.581,-6.346,-0.21514,27.411,5146.3
19.753,21.559,-6.4421,-0.33032,27.257,2710.7
19.107,21.526,-6.4786,-0.4476,27.041,1694.6
19.107,21.482,0,-0.56639,26.801,4.4636
17.827,21.425,-6.4472,-0.68767,26.428,942.73
17.827,21.356,0,-0.8136,26.072,7.2673
16.548,21.275,-6.2458,-0.94565,25.59,605.08
15.915,21.18,-6.0081,-1.0835,25.082,469.69
15.32,21.072,-5.6326,-1.2203,24.541,349.97
14.75,20.95,-5.0935,-1.3615,23.939,248.27
14.75,20.814,0,-1.5003,23.326,13.366
13.799,20.664,-3.1357,-1.6289,22.637,87.721
13.477,20.501,-2.0404,-1.7397,21.943,49.412
13.477,20.327,0,-1.8276,21.249,14.572
13.156,20.144,-0.34402,-1.8929,20.547,17.967
13.121,19.955,0.087446,-1.9382,19.859,13.042
13.121,19.761,0,-1.9667,19.185,12.691
13.168,19.564,0.27777,-1.9887,18.543,9.7791
13.196,19.365,0.3185,-2.0096,17.905,8.6788
13.196,19.164,0,-2.0215,17.299,9.6649
13.196,18.962,0,-2.0257,16.712,8.901
13.196,18.76,0,-2.0189,16.145,8.223
13.423,18.558,0.97865,-2.0006,15.623,4.7126
13.423,18.358,0,-1.9671,15.119,6.4285
13.634,18.161,1.172,-1.9142,14.659,4.3394
13.751,17.97,1.2158,-1.8522,14.229,4.2642
13.751,17.784,0,-4.4,13.817,29.664
13.751,17.344,0,-4.4,13.435,38.141
14.141,16.904,1.6027,-4.4,13.154,80.818
14.141,16.464,0,-4.4,12.899,82.226
14.141,16.024,0,-4.4,12.689,109.97
14.64,15.584,1.7352,-4.4,12.584,166.78
14.815,15.144,1.6141,-4.4,12.525,219.46
14.815,14.704,0,0.061888,12.514,0
14.815,14.711,0,0.098001,12.524,0
14.815,14.72,0,0.13122,12.534,0.10086
14.815,14.734,0,0.16535,12.543,0.22031
14.815,14.75,0,0.20311,12.55,0.36632
15.819,14.77,1.8791,0.24402,12.866,3.6525
15.819,14.795,0,0.2825,12.97,0
15.819,14.823,0,0.32018,13.071,0
16.385,14.855,1.884,0.36218,13.252,4.1799
16.574,14.891,1.8541,0.40104,13.418,4.1715
16.574,14.931,0,0.4394,13.584,0
16.574,14.975,0,0.47691,13.746,0
17.129,15.023,1.7589,0.51373,13.998,4.0502
17.129,15.074,0,0.55023,14.206,0
17.129,15.129,0,0.58371,14.409,0
17.662,15.188,1.8244,0.61859,14.69,4.8259
17.838,15.25,1.9045,0.65273,14.943,5.4678
17.838,15.315,0,0.69176,15.199,0
18.22,15.384,1.9789,0.72752,15.492,6.2387
18.22,15.457,0,0.76482,15.771,0
18.22,15.533,0,0.80414,16.044,0
18.801,15.614,1.7971,0.83849,16.382,5.315
18.984,15.698,1.7534,0.87141,16.697,5.0861
18.984,15.785,0,0.90461,17.021,0
18.984,15.875,0,0.93353,17.337,0
18.984,15.969,0,0.96017,17.643,0
18.984,16.065,0,0.98968,17.94,0
18.984,16.164,0,1.0176,18.227,0
18.984,16.265,0,1.0475,18.504,0
18.984,16.37,0,1.0751,18.77,0
20.38,16.478,1.735,1.1,19.585,5.1729
20.549,16.588,1.7289,1.1245,19.988,5.1203
20.72,16.7,1.7135,1.1483,20.386,5.0077
20.72,16.815,0,1.1737,20.782,0
20.72,16.932,0,1.1952,21.167,0
20.72,17.052,0,1.2144,21.54,0
20.72,17.173,0,1.2318,21.9,0
20.72,17.296,0,1.2491,22.249,0
20.72,17.421,0,1.2665,22.585,0
20.72,17.548,0,1.279,22.909,0
22.009,17.676,1.5674,1.2903,23.761,3.783
22.009,17.805,0,1.3006,24.188,0
22.009,17.935,0,1.3148,24.602,0
22.48,18.066,1.5932,1.3294,25.079,3.8807
22.632,18.199,1.5919,1.3392,25.516,3.8437
22.786,18.333,1.614,1.3498,25.967,3.969
22.944,18.468,1.657,1.3611,26.418,4.2517
22.944,18.604,0,1.3752,26.859,0
22.944,18.742,0,1.3854,27.286,0
23.434,18.88,1.71,1.3952,27.771,4.5961
23.434,19.02,0,1.4096,28.22,0
23.779,19.161,1.6799,1.421,28.689,4.3809
23.944,19.303,1.5787,1.431,29.153,3.655
24.112,19.446,1.5748,1.4413,29.624,3.6218
24.112,19.59,0,1.4449,30.083,0
24.409,19.735,1.5869,1.4481,30.552,3.6674
24.409,19.88,0,1.4564,31.012,0
24.717,20.025,1.5427,1.4574,31.496,3.3314
24.717,20.171,0,1.4625,31.958,0
25.016,20.317,1.3345,1.4625,32.434,1.9046
25.016,20.463,0,1.461,32.897,0
25.016,20.61,0,1.4556,33.345,0
25.405,20.755,1.1503,1.4504,33.839,0.676
25.512,20.9,1.145,1.4391,34.299,0.61353
25.63,21.044,1.119,1.4315,34.756,0.43742
25.63,21.187,0,1.4221,35.207,0
25.86,21.329,1.0747,1.4149,35.667,0.13813
25.958,21.471,1.0643,1.4015,36.114,0.05391
26.064,21.611,1.0243,1.3908,36.561,0
26.16,21.75,1.0216,1.3772,36.998,0
26.16,21.888,0,1.3686,37.432,0
26.364,22.025,0.99377,1.355,37.874,0
26.364,22.16,0,1.3432,38.301,0
26.364,22.295,0,1.3307,38.715,0
26.663,22.428,1.0798,1.322,39.165,0.020048
26.663,22.56,0,1.3122,39.582,0
26.663,22.691,0,1.3042,39.986,0
26.663,22.821,0,1.299,40.376,0
27.106,22.951,1.0867,1.2955,40.855,0.03024
27.106,23.081,0,1.288,41.264,0
27.106,23.21,0,1.2813,41.66,0
27.106,23.338,0,1.2766,42.043,0
27.548,23.465,1.0704,1.2702,42.485,0
27.548,23.592,0,1.2625,42.887,0
27.753,23.719,1.0525,1.254,43.299,0
27.852,23.844,1.0394,1.2447,43.696,0
27.949,23.969,1.0543,1.2353,44.086,0
27.949,24.092,0,1.2287,44.478,0
27.949,24.215,0,1.2197,44.857,0
27.949,24.337,0,1.2102,45.225,0
28.35,24.458,1.0474,1.2046,45.653,0
28.449,24.578,1.0657,1.1969,46.034,0
28.449,24.698,0,1.1941,46.415,0
28.663,24.818,1.1134,1.1876,46.798,0.1347
28.784,24.936,1.1237,1.1872,47.178,0.19845
28.889,25.055,1.113,1.182,47.553,0.14322
28.889,25.173,0,1.1766,47.93,0
29.101,25.291,1.0481,1.1729,48.313,0
29.202,25.408,1.0254,1.1668,48.69,0
29.202,25.525,0,1.1589,49.064,0
29.202,25.641,0,1.1526,49.426,0
29.202,25.756,0,1.1502,49.776,0
29.606,25.871,1.0068,1.1448,50.181,0
29.706,25.986,1.0034,1.1397,50.55,0
29.805,26.1,0.97672,1.134,50.92,0
29.805,26.213,0,1.1262,51.285,0
29.805,26.326,0,1.1205,51.638,0
30.098,26.438,0.9499,1.1173,52.006,0
30.098,26.549,0,1.1112,52.367,0
30.098,26.66,0,1.1029,52.716,0
30.098,26.771,0,1.0937,53.054,0
30.453,26.88,0.93216,1.0866,53.441,0
30.546,26.989,0.93691,1.0812,53.797,0
30.546,27.097,0,1.0745,54.147,0
30.731,27.204,0.98573,1.0702,54.52,0
30.833,27.311,1.0217,1.0677,54.87,0
30.932,27.418,0.98817,1.0646,55.229,0
30.932,27.525,0,1.063,55.575,0
30.932,27.631,0,1.0592,55.91,0
30.932,27.737,0,1.0546,56.235,0
