0,0,0.33298,0,35.5,0
0,0,0,7.8,35.5,59.103
0.072858,0.78,0.37376,7.8,35.466,71.696
0.11245,1.56,0.3946,7.8,35.356,76.402
0.11245,2.34,0,7.8,35.173,90.062
0.20321,3.12,0.38938,7.8,34.93,86.756
0.23943,3.9,0.38062,7.8,34.602,92.176
0.27279,4.68,0.33015,7.8,34.204,98.539
0.27279,5.46,0,7.8,33.724,111.46
0.32839,6.24,0.18466,6.7,33.172,98.612
0.3398,6.91,0.1267,6.7,32.546,104.6
0.3398,7.58,0,6.7,31.855,112.3
0.3398,8.25,0,-0.41082,31.098,32.67
0.3398,8.2089,0,-0.42386,30.309,32.297
0.39287,8.1665,0.23118,-0.43623,29.543,28.602
0.39287,8.1229,0,-0.4493,28.767,31.226
0.39287,8.078,0,-0.46238,27.997,30.834
0.39287,8.0317,0,-0.47533,27.23,30.437
0.50655,7.9842,0.34795,-0.48988,26.502,25.093
0.50655,7.9352,0,-0.50494,25.757,28.931
0.50655,7.8847,0,-0.52053,25.017,28.491
0.50655,7.8327,0,-0.53695,24.282,28.035
0.50655,7.779,0,-0.55376,23.552,27.569
0.50655,7.7236,0,-0.57073,22.827,27.093
0.67362,7.6665,0.012662,-0.58963,22.147,25.5
0.67552,7.6076,-0.080409,-0.61109,21.449,26.114
0.66897,7.5465,-0.15877,-0.63439,20.758,26.581
0.65751,7.483,-0.21254,-0.65973,20.067,26.736
0.65751,7.417,0,-0.68693,19.388,23.472
0.6223,7.3484,-0.28145,-0.71496,18.72,26.53
0.58479,7.2769,-0.31721,-0.74792,18.044,23.484
0.58479,7.2021,0,-0.78208,17.378,21.853
0.50939,7.1239,-0.41703,-0.82075,16.702,22.033
0.46398,7.0418,-0.43875,-0.86188,16.037,21.352
0.41538,6.9556,-0.44643,-0.9067,15.374,20.668
0.41538,6.8649,0,-0.95285,14.724,19.496
0.3156,6.7696,-0.47715,-1.0053,14.074,19.199
0.2616,6.6691,-0.46202,-1.0618,13.423,18.439
0.2616,6.5629,0,-1.1199,12.788,17.368
0.2616,6.4509,0,-1.1844,12.163,16.308
0.10549,6.3325,-0.4864,-1.2531,11.535,15.903
0.055219,6.2072,-0.48509,-1.3282,10.91,14.979
0.055219,6.0744,0,-1.4033,10.301,13.859
0.055219,5.934,0,-1.4906,9.7065,12.618
0.055219,5.785,0,-1.5824,9.1261,11.368
0.055219,5.6267,0,-1.681,8.5611,10.11
0.055219,5.4586,0,-1.7832,8.0123,8.8812
0.055219,5.2803,0,-8.8,7.4809,0
0.055219,4.4003,0,-8.8,7.0024,0
0.055219,3.5203,0,-8.8,6.6119,0
0.055219,2.6403,0,-8.8,6.3094,0
0.055219,1.7603,0,-8.8,6.0948,0
-0.48036,0.88032,-0.51029,-0.10445,5.6857,3.644
-0.48036,0.86987,0,-0.4923,5.5501,1.7354
-0.48036,0.82064,0,-8.8,5.4176,0
-0.6387,0,-0.45808,-0.45808,5.2957,1.3112
-0.6387,0,0,-0.46391,5.2341,0.33639
-0.6387,0,0,-0.45997,5.1726,0.34467
-0.6387,0,0,-0.46479,5.111,0.33454
-0.82232,0,-0.48498,-0.48498,5.0137,1.6876
-0.87909,0,-0.47379,-8.8,4.9399,0
-0.93417,0,-0.4561,-8.8,4.9009,0
-0.93417,0,0,-8.8,4.8515,0
-0.93417,0,0,-8.8,4.8021,0
-1.0698,0,-0.46223,-8.8,4.7297,0
-1.0698,0,0,-8.8,4.6668,0
-1.0698,0,0,-8.8,4.6038,0
-1.0698,0,0,-8.8,4.5408,0
-1.0698,0,0,-8.8,4.4778,0
-1.2816,0,-0.43636,-8.8,4.3518,0
-1.2816,0,0,-8.8,4.2676,0
-1.3763,0,-0.44887,-8.8,4.1663,0
-1.3763,0,0,-8.8,4.0727,0
-1.3763,0,0,-8.8,3.9791,0
-1.528,0,-0.45808,-8.8,3.8695,0
-1.528,0,0,-8.8,3.7607,0
-1.528,0,0,-8.8,3.6518,0
-1.528,0,0,-8.8,3.543,0
-1.7024,0,-0.22922,-8.8,3.3832,0
-1.7024,0,0,-8.8,3.257,0
-1.7337,0,-0.038292,-8.8,3.1344,0
-1.7337,0,0,-8.8,3.0051,0
-1.7332,0,0.14931,-8.8,2.8693,0
-1.7117,0,0.1796,-8.8,2.7396,0
-1.7117,0,0,-8.8,2.6124,0
-1.677,0,0.28601,-8.8,2.4795,0
-1.677,0,0,-8.8,2.3558,0
-1.6163,0,0.35055,-8.8,2.2387,0
-1.6163,0,0,-8.8,2.1211,0
-1.6163,0,0,-8.8,2.0035,0
-1.6163,0,0,-8.8,1.8858,0
-1.4685,0,0.37048,-8.8,1.7898,0
-1.4685,0,0,-8.8,1.687,0
-1.4685,0,0,-8.8,1.5841,0
-1.4685,0,0,-8.8,1.4813,0
-1.2899,0,0.46618,-8.8,1.3947,0
-1.2475,0,0.44664,-8.8,1.3095,0
-1.2475,0,0,-8.8,1.2288,0
-1.1699,0,0.4074,-8.8,1.1598,0
-1.1232,0,0.41594,-8.8,1.0843,0
-1.0914,0,0.39861,-8.8,1.01,0
-1.0914,0,0,-8.8,0.94485,0
-1.0914,0,0,-8.8,0.87971,0
-1.0914,0,0,-8.8,0.81457,0
-0.93622,0,0.33142,-8.8,0.77884,0
-0.90055,0,0.32875,-8.8,0.72721,0
-0.90055,0,0,-8.8,0.68115,0
-0.90055,0,0,-8.8,0.6351,0
-0.79491,0,0.33696,-8.8,0.6253,0
-0.79491,0,0,-8.8,0.58981,0
-0.71797,0,0.37276,-8.8,0.57783,0
-0.71797,0,0,-8.8,0.55004,0
-0.65617,0,0.36881,-8.8,0.54292,0
-0.62894,0,0.35234,-8.8,0.5286,0
-0.58655,0,0.33547,-8.8,0.51666,0
-0.55077,0,0.36703,-8.8,0.49563,0
-0.55077,0,0,-8.8,0.48455,0
-0.49349,0,0.32772,-8.8,0.47843,0
-0.49349,0,0,-8.8,0.47308,0
-0.42597,0,0.31587,-8.8,0.47246,0
-0.42597,0,0,-8.8,0.47387,0
-0.42597,0,0,-8.8,0.47527,0
-0.32611,0,0.35497,-8.8,0.49897,0
-0.28653,0,0.34659,-8.8,0.50532,0
-0.25,0,0.33032,-8.8,0.51572,0
-0.25,0,0,-8.8,0.53472,0
-0.25,0,0,-8.8,0.55372,0
-0.17,0,0.25132,-8.8,0.57787,0
-0.14945,0,0.27088,-8.8,0.6035,0
-0.13228,0,0.26411,-8.8,0.63061,0
-0.13228,0,0,-8.8,0.66138,0
-0.13228,0,0,-8.8,0.69215,0
-0.060902,0,0.21166,-8.8,0.75401,0
-0.060902,0,0,-8.8,0.79192,0
-0.060902,0,0,-8.8,0.82983,0
-0.030962,0,-0.034578,-8.8,0.85558,0
-0.030962,0,0,-8.8,0.89648,0
-0.030962,0,0,-8.8,0.93739,0
-0.06812,0,-0.26431,-8.8,0.97327,0
-0.085204,0,-0.28318,-8.8,1.008,0
-0.12159,0,-0.32027,-8.8,1.0457,0
-0.15634,0,-0.38916,-8.8,1.0727,0
-0.15634,0,0,-8.8,1.101,0
-0.235,0,-0.4699,-8.8,1.1332,0
-0.235,0,0,-8.8,1.1537,0
-0.235,0,0,-8.8,1.1742,0
-0.235,0,0,-8.8,1.1947,0
-0.235,0,0,-8.8,1.2152,0
-0.47132,0,-0.46135,-8.8,1.1617,0
-0.50752,0,-0.47297,-8.8,1.1595,0
-0.50752,0,0,-8.8,1.1528,0
-0.50752,0,0,-8.8,1.146,0
-0.64425,0,-0.48674,-8.8,1.1313,0
-0.70187,0,-0.49185,-8.8,1.112,0
-0.75209,0,-0.48526,-8.8,1.0877,0
-0.75209,0,0,-8.8,1.0565,0
-0.82917,0,-0.45201,-8.8,1.0137,0
-0.88003,0,-0.45971,-8.8,0.96512,0
-0.88003,0,0,-8.8,0.92112,0
-0.88003,0,0,-8.8,0.87711,0
-1.028,0,-0.49022,-8.8,0.79362,0
-1.0694,0,-0.48428,-8.8,0.7274,0
-1.1255,0,-0.4632,-8.8,0.65759,0
-1.1255,0,0,-8.8,0.58904,0
-1.1255,0,0,-8.8,0.52049,0
-1.2487,0,-0.37785,-8.8,0.41385,0
-1.2918,0,-0.30018,-8.8,0.32126,0
-1.2918,0,0,-8.8,0.23608,0
-1.357,0,-0.21773,-8.8,0.14111,0
-1.3729,0,-0.198,-16.702,0.057101,0
-1.3729,0,0,9.8,1.0059,23.408
-1.3729,0.98,0,-8.8,0.81966,0
-1.3729,0.1,0,-8.8,0.62837,0
-1.3729,0,0,-8.8,0.52509,0
-1.3729,0,0,-8.8,0.4318,0
-1.5063,0,-0.43484,-8.8,0.27475,0
-1.5465,0,-0.45107,-8.8,0.15883,0
-1.5465,0,0,-26.047,0.04818,0
-1.6306,0,-0.46729,-67.349,0.019877,0
-1.6306,0,0,-8.8,0.19356,0
-1.6306,0,0,-25.13,0.074503,0
-1.7795,0,-0.52101,-116.22,0.013684,0
-1.8397,0,-0.50698,-8.8,0.42097,0
-1.8397,0,0,-8.8,0.28101,0
-1.9263,0,-0.46946,-12.887,0.14941,0
-1.9717,0,-0.45853,-89.112,0.021926,0
-1.9717,0,0,-8.8,0.27031,0
-1.9717,0,0,-21.075,0.11714,0
-1.9717,0,0,-657.58,0.025345,0
-2.1495,0,-0.49935,-8.8,3.0734,0
-2.1495,0,0,-8.8,2.9024,0
-2.2448,0,-0.4864,-8.8,2.7044,0
-2.2968,0,-0.49451,-8.8,2.5191,0
-2.3456,0,-0.48901,-8.8,2.3281,0
-2.3977,0,-0.48328,-8.8,2.1384,0
-2.3977,0,0,-8.8,1.9426,0
-2.3977,0,0,-8.8,1.7468,0
-2.3977,0,0,-8.8,1.551,0
-2.3977,0,0,-8.8,1.3553,0
-2.3977,0,0,-8.8,1.1595,0
-2.6775,0,-0.35947,-8.8,0.86868,0
-2.7128,0,-0.30366,-8.8,0.64933,0
-2.7424,0,-0.24616,-9.2864,0.41596,0
-2.7649,0,-0.18756,-21.676,0.17788,0
-2.7753,0,-0.10001,-403.17,0.0095541,0
-2.7753,0,0,-8.8,1.7479,0
-2.7753,0,0,-8.8,1.5144,0
-2.7753,0,0,-8.8,1.2809,0
-2.8063,0,0.023773,-8.8,1.0411,0
-2.8063,0,0,-8.8,0.80449,0
-2.7839,0,0.016911,-8.8,0.56542,0
-2.7839,0,0,-11.821,0.33103,0
-2.7707,0,0.030956,-33.518,0.11441,0
-2.775,0,0.0033044,-348.24,0.011056,0
-2.7662,0,-0.0084649,-8.8,1.4776,0
-2.7573,0,0.023575,-8.8,1.2404,0
-2.7573,0,0,-8.8,1.0087,0
-2.7573,0,0,-8.8,0.77696,0
-2.7573,0,0,-8.8,0.54524,0
-2.7338,0,0.066585,-11.853,0.31351,0
-2.7328,0,0.065933,-36.947,0.10089,0
-2.7328,0,0,-180.55,0.012342,0
-2.7185,0,0.087219,-8.8,0.64895,0
-2.7193,0,0.099955,-8.8,0.41832,0
-2.7066,0,0.099939,-19.894,0.1832,0
-2.6897,0,0.096011,-312.53,0.01157,0
-2.6897,0,0,-8.8,1.3053,0
-2.6897,0,0,-8.8,1.0803,0
-2.6897,0,0,-8.8,0.85532,0
-2.6445,0,0.054308,-8.8,0.63847,0
-2.6445,0,0,-8.8,0.41801,0
-2.6445,0,0,-16.881,0.19756,0
-2.6276,0,0.12846,-100.11,0.034439,0
-2.6276,0,0,-12.691,0.27224,0
-2.6276,0,0,-44.659,0.07293,0
-2.6276,0,0,-79.802,0.033462,0
-2.5198,0,0.21338,-16.833,0.18624,0
-2.4908,0,0.21688,-183.95,0.016843,0
-2.4908,0,0,-8.8,0.68752,0
-2.4286,0,0.22458,-8.8,0.48375,0
-2.4286,0,0,-9.7812,0.28489,0
-2.3828,0,0.23904,-29.615,0.095089,0
-2.3544,0,0.26495,-195.4,0.014164,0
-2.3287,0,0.26733,-8.8,0.74801,0
-2.2977,0,0.25769,-8.8,0.5638,0
-2.2977,0,0,-8.8,0.37804,0
-2.2977,0,0,-12.344,0.19227,0
-2.2977,0,0,-55.23,0.02422,0
-2.2977,0,0,-22.975,0.070605,0
-2.1728,0,0.29749,9.8,1,24.423
-2.1728,0.98,0,-8.8,0.73372,0
-2.1728,0.1,0,-8.8,0.46244,0
-2.1728,0,0,-8.8,0.27916,0
-2.1728,0,0,-15.829,0.10588,0
-2.0334,0,0.18009,-164.21,0.012575,0
-2.0211,0,0.17374,-8.8,0.62491,0
-2.0211,0,0,-8.8,0.4668,0
-2.0211,0,0,-8.8,0.30869,0
-2.0211,0,0,-12.869,0.15059,0
-1.96,0,0.047513,-90.474,0.02122,0
-1.9506,0,0.034771,-8.8,0.27422,0
-1.9506,0,0,-15.512,0.12315,0
-1.9345,0,0.0020446,9.8,1,24.556
-1.9276,0.98,0.0035871,-8.8,0.76407,0
-1.9276,0.1,0,-8.8,0.51732,0
-1.9276,0,0,-8.8,0.35856,0
-1.9276,0,0,-8.8,0.2098,0
-1.9276,0,0,-27.084,0.061041,0
-1.9276,0,0,-98.749,0.0037022,0
-1.9276,0,0,-8.8,0.30469,0
-1.9764,0,-0.24479,-12.287,0.16218,0
-2.0046,0,-0.32552,-61.339,0.032929,0
-2.0437,0,-0.38148,-16.745,0.12762,0
-2.0847,0,-0.3784,-513.23,0.0042371,0
-2.0847,0,0,-8.8,2.3619,0
-2.1602,0,-0.42997,-8.8,2.1851,0
-2.21,0,-0.4372,-8.8,2.0033,0
-2.21,0,0,-8.8,1.8263,0
-2.3011,0,-0.44904,-8.8,1.6323,0
-2.3011,0,0,-8.8,1.4462,0
-2.3851,0,-0.44796,-8.8,1.2522,0
-2.3851,0,0,-8.8,1.0577,0
-2.4655,0,-0.44887,-8.8,0.86276,0
-2.5114,0,-0.46752,-8.8,0.64829,0
-2.5556,0,-0.49647,-8.8,0.44557,0
-2.5556,0,0,-14.698,0.234,0
-2.5556,0,0,-60.087,0.051926,0
-2.7036,0,-0.49206,-41.953,0.088145,0
-2.7525,0,-0.5061,-148.41,0.025613,0
-2.7936,0,-0.51421,-8.8,0.48639,0
-2.8522,0,-0.52521,-16.884,0.24863,0
-2.9044,0,-0.53071,-82.026,0.051753,0
-2.9556,0,-0.51384,-25.529,0.1746,0
-2.9556,0,0,9.8,1.0101,26.653
-2.9556,0.98,0,-12.951,0.66552,0
-3.0962,0,-0.519,-15.941,0.3108,0
-3.0962,0,0,-72.889,0.080884,0
-3.1979,0,-0.53474,-43.048,0.12028,0
-3.1979,0,0,-236.48,0.015723,0
-3.3161,0,-0.63273,-8.8,0.88453,0
-3.3799,0,-0.69265,-10.247,0.59783,0
-3.4501,0,-0.79563,-19.62,0.31616,0
-3.4501,0,0,-110.12,0.069252,0
-3.4501,0,0,-26.451,0.27482,0
-3.7076,0,-1.0602,-376.36,0.018314,0
-3.8077,0,-1.2192,-8.8,1.5336,0
-3.9325,0,-1.4218,-8.8,1.1827,0
-4.0761,0,-1.6069,-11.569,0.83391,0
-4.0761,0,0,-20.447,0.48415,0
-4.0761,0,0,-65.54,0.17877,0
-4.6261,0,-2.041,-456.56,0.023542,0
-4.8282,0,-1.9893,-8.8,1.8353,0
-5.0188,0,-1.8637,-10.885,1.396,0
-5.2025,0,-1.6655,-16.085,0.93848,0
-5.3594,0,-1.422,-30.768,0.48938,0
-5.4986,0,-1.2082,-146.24,0.10423,0
-5.6219,0,-1.1079,-56.884,0.28333,0
-5.6219,0,0,9.8,1.0132,32.119
-5.8682,0.98,-1.3854,-62.954,0.38086,0
-6.0123,0,-1.5887,-1742.6,0.010381,0
-6.0123,0,0,-1.7926,8.122,8.5604
-6.3554,0,-1.9222,-1.9222,7.5029,13.03
-6.3554,0,0,-1.9402,6.877,8.9534
-6.746,0,-1.9836,-1.9836,6.2288,13.831
-6.9385,0,-2.0841,-2.0841,5.5541,14.226
-6.9385,0,0,-8.8,4.8706,0
-7.3677,0,-2.4564,-8.924,4.1965,1.5155
-7.3677,0,0,-11.035,3.5044,0
-7.8767,0,-3.0985,-14.282,2.7739,0
-7.8767,0,0,-19.908,2.0576,0
-8.5438,0,-3.8307,-31.907,1.3,0
-8.5438,0,0,-71.902,0.60512,0
-9.3305,0,-4.2951,-1331.9,0.032787,0
-9.3305,0,0,-4.4252,5.7594,9.831
-10.188,0,-4.4607,-15.359,4.7619,0
-10.188,0,0,-19.377,3.8199,0
-11.083,0,-4.4801,-26.385,2.8035,0
-11.533,0,-4.6097,-41.431,1.806,0
-11.533,0,0,-90.804,0.85991,0
-11.533,0,0,-1261,0.16068,0
-11.533,0,0,-5.4564,5.3123,12.178
-13.545,0,-5.691,-29.882,3.7919,0
-13.545,0,0,-44.424,2.5868,0
-13.545,0,0,-84.675,1.4545,0
-13.545,0,0,-407.59,0.5234,0
-15.573,0,-2.9424,-156.71,0.78855,0
-15.863,0,-1.8313,9.8,1,56.961
-15.863,0.98,0,9.8,1.0174,55.122
-16.149,1.96,-0.4742,9.8,1,58.714
-16.201,2.94,-0.32773,9.8,1,60.521
-16.201,3.92,0,9.8,1.0029,61.842
-16.27,4.9,-0.25022,9.8,1,64.518
-16.291,5.88,-0.076821,9.8,1,66.207
-16.303,6.86,0.16978,9.8,1,67.722
-16.303,7.84,0,9.8,0.99556,70.088
-16.249,8.82,0.70221,9.8,1,70.509
-16.181,9.8,0.87732,9.8,1,72.012
-16.099,10.78,0.94448,9.8,1,73.711
-16.011,11.76,0.97768,9.8,1,75.47
-16.011,12.74,0,9.8,0.99025,79.533
-15.809,13.72,1.0187,9.8,1,78.988
-15.702,14.7,1.0863,9.8,1,80.635
-15.593,15.68,1.1396,9.8,1,82.309
-15.478,16.66,1.2022,9.8,1,83.95
-15.355,17.64,1.2075,9.8,1,85.697
-15.355,18.62,0,9.8,0.9866,90.243
-15.105,19.6,1.3548,9.8,1,88.894
-15.105,20.58,0,9.8,1.0008,93.749
-14.813,21.56,1.5143,9.8,1,91.977
-14.666,22.54,1.6322,9.8,1,93.438
-14.498,23.52,1.6989,9.8,1,94.962
-14.498,24.5,0,9.8,0.98369,100.54
-14.154,25.48,1.7915,9.8,1,98.079
-13.972,26.46,1.8389,9.8,1,99.616
-13.789,27.44,1.8808,9.8,1,101.16
-13.608,28.42,1.9091,9.8,1,102.74
-13.608,29.4,0,9.8,0.9985,108.76
-13.608,30.38,0,9.8,0.96584,110.77
-13.608,31.36,0,9.8,0.9149,112.78
-13.608,32.34,0,9.8,0.85365,114.79
-12.672,33.32,1.8335,9.8,1,111.02
-12.488,34.3,1.8061,9.8,1,112.71
-12.488,35.28,0,9.8,0.98261,118.52
-12.488,36.26,0,9.8,0.94782,120.53
-11.966,37.24,1.5395,9.8,1,118.23
-11.966,38.22,0,9.8,0.98811,123.47
-11.966,39.2,0,9.8,0.95765,125.48
-11.54,40.18,1.307,9.8,1,123.87
-11.414,41.16,1.317,9.8,1,125.6
-11.414,42.14,0,9.8,1.0022,130.38
-11.414,43.12,0,9.8,0.98926,132.39
-11.414,44.1,0,9.8,0.94808,134.4
-11.414,45.08,0,9.8,0.90584,136.41
-11.414,46.06,0,9.8,0.85218,138.41
-11.414,47.04,0,9.8,0.77272,140.42
-11.414,48.02,0,9.8,0.69408,142.43
-10.423,49,0.91647,9.8,1,140.49
-10.423,49.98,0,9.8,0.99986,144.42
-10.25,50.96,0.76761,9.8,1,144.46
-10.25,51.94,0,9.8,1.0002,148.08
-10.25,52.92,0,9.8,0.98871,150.09
-10.25,53.9,0,9.8,0.96895,152.1
-10.25,54.88,0,9.8,0.94069,154.11
-10.25,55.86,0,9.8,0.91931,156.12
-9.8768,56.84,0.51259,9.8,1,156.29
-9.8191,57.82,0.47745,9.8,1,158.25
-9.7674,58.8,0.42252,9.8,1,160.27
-9.7674,59.78,0,9.8,0.99293,163.17
-9.6895,60.76,0.367,9.8,1,164.24
-9.6895,61.74,0,9.8,0.99207,167.02
-9.6151,62.72,0.33479,9.8,1,168.18
-9.5834,63.7,0.27095,9.8,1,170.26
-9.5486,64.68,0.24371,9.8,1,172.25
-9.5158,65.66,0.24507,9.8,1,174.19
-9.5158,66.64,0,9.8,1.0014,176.71
-9.5158,67.62,0,9.8,0.9914,178.72
-9.5158,68.6,0,9.8,0.97517,180.73
-9.4165,69.58,0.18075,9.8,1,182.16
-9.4165,70.56,0,9.8,0.99769,184.55
-9.3628,71.54,0.15863,9.8,1,186.11
-9.3628,72.52,0,9.8,0.99007,188.45
-9.3628,73.5,0,9.8,0.98326,190.46
-9.3282,74.48,0.19197,9.8,1,192
-9.3139,75.46,0.22327,9.8,1,193.91
-9.2867,76.44,0.25269,9.8,1,195.8
-9.2867,77.42,0,9.8,1.0022,198.34
-9.2255,78.4,0.34402,9.8,1,199.5
-9.1831,79.38,0.33261,9.8,1,201.45
-9.1534,80.36,0.31881,9.8,1,203.43
-9.1534,81.34,0,9.8,1.0033,206.11
-9.1534,82.32,0,9.8,0.99524,208.11
-9.1534,83.3,0,9.8,0.99476,210.12
-9.0253,84.28,0.32284,9.8,1,211.19
-9.0253,85.26,0,9.8,0.99627,213.88
-9.0253,86.24,0,9.8,0.98637,215.89
-8.9225,87.22,0.31775,9.8,1,217.02
-8.894,88.2,0.33055,9.8,1,218.94
-8.8587,89.18,0.31009,9.8,1,220.92
-8.8337,90.16,0.29361,9.8,1,222.91
-8.8337,91.14,0,9.8,1.003,225.54
-8.8337,92.12,0,9.8,0.98952,227.55
-8.7557,93.1,0.26491,9.8,1,228.84
-8.7336,94.08,0.31066,9.8,1,230.71
-8.7336,95.06,0,9.8,1.0072,233.37
-8.7336,96.04,0,9.8,0.9998,235.38
-8.7336,97.02,0,9.8,0.98717,237.39
-8.7336,98,0,9.8,0.97381,239.4
-8.7336,98.98,0,9.8,0.96408,241.41
-8.7336,99.96,0,9.8,0.94144,243.42
-8.4894,100.94,0.34479,9.8,1,244.2
-8.4894,101.92,0,9.8,0.99857,246.93
-8.4894,102.9,0,9.8,0.99827,248.94
-8.4894,103.88,0,9.8,1.001,250.95
-8.4083,104.86,0.073426,9.8,1,252.64
-8.4044,105.84,0.16508,9.8,1,254.45
-8.3942,106.82,0.24905,9.8,1,256.26
-8.3942,107.8,0,9.8,0.99409,258.79
-8.3324,108.78,0.19352,9.8,1,260.27
-8.3324,109.76,0,9.8,0.9998,262.68
-8.3324,110.74,0,9.8,0.98916,264.69
