24.722,24.722,-0.35841,0,35.5,1.097
24.722,24.722,0,-0.0051067,35.5,0
24.66,24.722,-0.28686,-0.0085188,35.497,0.96292
24.66,24.721,0,-0.012246,35.491,0.10068
24.608,24.72,-0.25154,-0.015372,35.466,0.94608
24.583,24.718,-0.24324,-0.018512,35.447,0.9675
24.583,24.716,0,-0.022686,35.434,0.22917
24.531,24.714,-0.23098,-0.025236,35.413,1.0333
24.531,24.711,0,-0.027978,35.395,0.32107
24.493,24.709,-0.21283,-0.029791,35.37,1.0414
24.478,24.706,-0.22841,-0.031418,35.34,1.1247
24.462,24.703,-0.24491,-0.033279,35.309,1.2175
24.462,24.699,0,-0.037348,35.285,0.42364
24.406,24.695,-0.25517,-0.040005,35.267,1.3708
24.378,24.691,-0.26861,-0.043387,35.236,1.4825
24.378,24.687,0,-0.047243,35.205,0.55988
24.378,24.682,0,-0.049713,35.174,0.54266
24.378,24.677,0,-0.051953,35.144,0.52557
24.378,24.672,0,-0.05367,35.114,0.5094
24.278,24.667,-0.16268,-0.054366,35.053,1.2493
24.278,24.661,0,-0.056406,35.014,0.71038
24.278,24.656,0,-0.059111,34.976,0.68975
24.21,24.65,-0.1898,-0.061756,34.921,1.466
24.191,24.644,-0.20081,-0.063707,34.885,1.5399
24.191,24.637,0,-0.066458,34.84,0.83208
24.191,24.631,0,-0.069271,34.796,0.80822
24.122,24.624,-0.19976,-0.0709,34.747,1.6485
24.104,24.617,-0.20756,-0.072688,34.701,1.7075
24.092,24.609,-0.2186,-0.073547,34.641,1.7638
24.07,24.602,-0.21715,-0.075716,34.591,1.7914
24.07,24.594,0,-0.076674,34.538,0.99179
24.07,24.587,0,-0.079225,34.486,0.96543
24.07,24.579,0,-0.0805,34.435,0.94233
24.007,24.571,-0.11727,-0.080962,34.366,1.4702
24.003,24.563,-0.12032,-0.08066,34.305,1.4727
24.003,24.555,0,-0.08177,34.249,1.0447
23.968,24.547,-0.14821,-0.083804,34.178,1.6191
23.968,24.538,0,-0.085422,34.12,1.0795
23.936,24.53,-0.10337,-0.086253,34.076,1.4823
23.924,24.521,-0.0042875,-0.087079,34.008,1.1549
23.924,24.512,0,-0.087126,33.949,1.1195
23.924,24.504,0,-0.082966,33.891,1.1103
23.924,24.495,0,-0.077418,33.833,1.1064
24.012,24.487,0.50444,-0.070017,33.771,0.031547
24.012,24.48,0,-0.060496,33.724,0.90133
24.13,24.474,0.56147,-0.050984,33.687,0
24.13,24.469,0,-0.041418,33.652,0.64731
24.251,24.465,0.58337,-0.031699,33.646,0
24.306,24.462,0.57502,-0.023189,33.62,0
24.359,24.46,0.5996,-0.014958,33.606,0
24.428,24.458,0.61889,-0.0045524,33.601,0
24.428,24.458,0,0.0090712,33.598,0.082447
24.428,24.459,0,0.025219,33.595,0.12089
24.635,24.461,0.70617,0.041057,33.613,0
24.709,24.465,0.69365,0.057431,33.641,0
24.773,24.471,0.61033,0.071213,33.675,0
24.843,24.478,0.47429,0.086193,33.701,0
24.896,24.487,0.30291,0.096606,33.744,0
24.925,24.496,0.12212,0.10129,33.782,0
24.925,24.507,0,0.09987,33.824,0
24.925,24.517,0,0.096447,33.866,0
24.914,24.526,-0.17113,0.091604,33.911,0
24.914,24.535,0,0.087754,33.949,0
24.892,24.544,-0.16605,0.082343,33.989,0
24.884,24.552,-0.1454,0.078581,34.024,0
24.862,24.56,-0.14322,0.07146,34.061,0
24.862,24.567,0,0.064862,34.091,0
24.862,24.574,0,0.061622,34.12,0
24.862,24.58,0,0.056489,34.148,0
24.807,24.586,-0.15101,0.052458,34.161,0
24.807,24.591,0,0.046133,34.183,0
24.807,24.596,0,0.042849,34.205,0
24.807,24.6,0,0.036164,34.226,0
24.807,24.603,0,0.030046,34.246,0
24.707,24.606,-0.15624,0.023765,34.252,0.21761
24.707,24.609,0,0.017853,34.262,0
24.667,24.611,-0.20823,0.013366,34.255,0.44869
24.645,24.612,-0.21799,0.0078502,34.269,0.52182
24.619,24.613,-0.18709,0.0015271,34.275,0.47258
24.603,24.613,-0.12654,-0.0013796,34.273,0.32587
24.6,24.613,0.0021923,-0.0018865,34.274,0.018192
24.6,24.613,0,-0.0028063,34.272,0.020496
24.605,24.612,0.23275,-0.0010854,34.283,0
24.628,24.612,0.31882,0.0037924,34.29,0
24.628,24.613,0,0.013204,34.291,0
24.628,24.614,0,0.024064,34.293,0.022037
24.628,24.616,0,0.034594,34.294,0.05044
24.799,24.62,0.50448,0.042685,34.343,0
24.799,24.624,0,0.051438,34.361,0
24.799,24.629,0,0.064029,34.378,0
24.799,24.636,0,0.07661,34.395,0
24.799,24.643,0,0.088584,34.411,0
25.09,24.652,0.68064,0.10434,34.491,0
25.166,24.662,0.68232,0.11984,34.535,0
25.166,24.674,0,0.13178,34.585,0
25.166,24.688,0,0.14267,34.633,0
25.166,24.702,0,0.15401,34.68,0
25.402,24.717,0.65261,0.16331,34.757,0
25.402,24.734,0,0.17282,34.825,0
25.402,24.751,0,0.18442,34.891,0
25.591,24.769,0.69292,0.19644,34.972,0
25.591,24.789,0,0.20879,35.053,0
25.722,24.81,0.7014,0.21848,35.144,0
25.789,24.832,0.69327,0.22953,35.243,0
25.789,24.855,0,0.23985,35.338,0
25.922,24.879,0.6747,0.25051,35.444,0
25.988,24.904,0.67686,0.26064,35.557,0
26.046,24.93,0.65419,0.26872,35.666,0
26.116,24.957,0.66724,0.27925,35.782,0
26.181,24.985,0.64944,0.28854,35.905,0
26.236,25.013,0.65559,0.29529,36.024,0
26.298,25.043,0.66014,0.30348,36.156,0
26.365,25.073,0.68594,0.31272,36.288,0
26.365,25.105,0,0.32377,36.416,0
26.365,25.137,0,0.33319,36.54,0
26.365,25.17,0,0.34401,36.661,0
26.365,25.205,0,0.35044,36.779,0
26.365,25.24,0,0.3583,36.893,0
26.758,25.276,0.37863,0.36129,37.124,0
26.802,25.312,0.2458,0.36369,37.268,0
26.817,25.348,0.10949,0.35872,37.409,0
26.817,25.384,0,0.35355,37.554,0
26.817,25.419,0,0.3429,37.695,0
26.804,25.454,-0.14187,0.33088,37.825,0
26.781,25.487,-0.14398,0.31736,37.959,0
26.781,25.518,0,0.30602,38.087,0
26.781,25.549,0,0.29438,38.212,0
26.726,25.578,-0.12583,0.282,38.302,0
26.711,25.607,-0.12171,0.27145,38.412,0
26.706,25.634,-0.18438,0.26378,38.53,0
26.69,25.66,-0.21459,0.25355,38.628,0
26.69,25.686,0,0.24347,38.73,0
26.659,25.71,-0.16149,0.23391,38.816,0
26.659,25.733,0,0.22485,38.909,0
26.659,25.756,0,0.21929,39.001,0
26.64,25.778,0.039242,0.21292,39.084,0
26.64,25.799,0,0.21119,39.169,0
26.648,25.82,0.041657,0.20461,39.253,0
26.646,25.841,0.064751,0.19931,39.334,0
26.646,25.86,0,0.19609,39.414,0
26.646,25.88,0,0.19242,39.491,0
26.646,25.899,0,0.19005,39.567,0
26.646,25.918,0,0.18908,39.641,0
26.717,25.937,0.33068,0.19349,39.743,0
26.717,25.957,0,0.19755,39.82,0
26.717,25.976,0,0.1984,39.895,0
26.81,25.996,0.28182,0.20207,39.978,0
26.81,26.016,0,0.20213,40.058,0
26.863,26.037,0.21219,0.20553,40.135,0
26.863,26.057,0,0.2043,40.217,0
26.863,26.078,0,0.20775,40.296,0
26.863,26.098,0,0.21029,40.374,0
26.986,26.119,0.42738,0.21587,40.477,0
26.986,26.141,0,0.22157,40.563,0
26.986,26.163,0,0.22568,40.646,0
27.09,26.186,0.21844,0.22565,40.735,0
27.104,26.208,0.056112,0.2237,40.835,0
27.117,26.231,-0.0025073,0.22143,40.922,0
27.117,26.253,0,0.21642,41.009,0
27.116,26.274,0.055734,0.21045,41.082,0
27.131,26.295,0.073107,0.20899,41.173,0
27.131,26.316,0,0.20477,41.256,0
27.131,26.337,0,0.20185,41.336,0
27.165,26.357,0.128,0.20234,41.416,0
27.165,26.377,0,0.2028,41.496,0
27.191,26.398,0.051953,0.19904,41.576,0
27.194,26.417,0.056534,0.1948,41.664,0
27.194,26.437,0,0.1899,41.74,0
27.211,26.456,0.10421,0.18952,41.809,0
27.23,26.475,0.13119,0.18959,41.886,0
27.246,26.494,0.17158,0.18891,41.96,0
27.246,26.513,0,0.18791,42.034,0
27.276,26.532,0.16049,0.18724,42.113,0
27.276,26.55,0,0.18681,42.187,0
27.314,26.569,0.20448,0.18746,42.267,0
27.314,26.588,0,0.18788,42.341,0
27.314,26.606,0,0.18662,42.412,0
27.314,26.625,0,0.18777,42.482,0
27.389,26.644,0.15658,0.18763,42.541,0
27.396,26.663,0.11756,0.18489,42.615,0
27.416,26.681,0.14157,0.18542,42.697,0
27.416,26.7,0,0.18573,42.769,0
27.416,26.718,0,0.18436,42.84,0
27.465,26.737,0.23622,0.18396,42.922,0
27.465,26.755,0,0.18358,42.994,0
27.512,26.773,0.28409,0.18658,43.074,0
27.512,26.792,0,0.19146,43.147,0
27.512,26.811,0,0.19497,43.218,0
27.512,26.831,0,0.19456,43.287,0
27.625,26.85,0.091394,0.1962,43.384,0
27.628,26.87,-0.0068002,0.19197,43.471,0
27.628,26.889,0,0.18713,43.546,0
27.628,26.908,0,0.18178,43.619,0
27.628,26.926,0,0.17074,43.69,0
27.571,26.943,-0.35923,0.1593,43.756,0
27.571,26.959,0,0.14641,43.818,0
27.571,26.974,0,0.13527,43.878,0
27.46,26.987,-0.35551,0.1201,43.92,0.19333
27.46,26.999,0,0.10992,43.966,0
27.404,27.01,-0.28245,0.10012,44.017,0.09294
27.404,27.02,0,0.092023,44.056,0
27.35,27.029,-0.26244,0.081461,44.092,0.1591
27.35,27.037,0,0.074376,44.124,0
27.35,27.045,0,0.065149,44.155,0
27.269,27.051,-0.32113,0.055171,44.168,0.54204
27.232,27.057,-0.29837,0.044406,44.195,0.53922
27.194,27.061,-0.26747,0.033632,44.203,0.50968
27.159,27.065,-0.24322,0.023857,44.209,0.49774
27.128,27.067,-0.21081,0.015367,44.225,0.45249
27.108,27.069,-0.18782,0.010119,44.232,0.41724
27.087,27.07,-0.18998,0.0044096,44.23,0.46283
27.087,27.07,0,0.00086678,44.232,0
27.048,27.07,-0.19409,-0.0023397,44.244,0.55514
27.048,27.07,0,-0.0050314,44.241,0.03465
27.009,27.069,-0.22119,-0.006398,44.23,0.73144
26.982,27.069,-0.22102,-0.0090832,44.226,0.78981
26.966,27.068,-0.20146,-0.010735,44.213,0.75924
26.966,27.067,0,-0.01343,44.203,0.18188
26.926,27.065,-0.18101,-0.014717,44.18,0.77676
26.898,27.064,-0.13598,-0.017486,44.157,0.68991
26.898,27.062,0,-0.018032,44.14,0.30799
26.898,27.06,0,-0.019564,44.124,0.30035
26.898,27.059,0,-0.020643,44.108,0.29348
26.865,27.056,-0.071124,-0.020266,44.08,0.5521
26.851,27.054,-0.07862,-0.021517,44.056,0.59815
26.851,27.052,0,-0.021351,44.035,0.3822
26.851,27.05,0,-0.023142,44.015,0.37301
26.851,27.048,0,-0.024289,43.996,0.36504
26.851,27.045,0,-0.025403,43.976,0.35692
26.788,27.043,-0.10567,-0.027127,43.918,0.7916
26.77,27.04,-0.12786,-0.028757,43.899,0.89668
26.749,27.037,-0.14695,-0.030707,43.868,1.0017
26.729,27.034,-0.16916,-0.032502,43.843,1.1182
26.717,27.031,-0.21949,-0.033517,43.821,1.3281
26.717,27.028,0,-0.034618,43.79,0.5983
26.669,27.024,-0.291,-0.037982,43.756,1.7271
26.669,27.02,0,-0.040058,43.721,0.67886
26.669,27.016,0,-0.044039,43.686,0.65859
26.669,27.012,0,-0.048229,43.652,0.637
26.669,27.007,0,-0.052879,43.618,0.61341
26.474,27.002,-0.43236,-0.056785,43.535,2.9091
26.474,26.996,0,-0.061927,43.482,1.0289
26.39,26.99,-0.44671,-0.064881,43.413,3.2086
26.39,26.983,0,-0.068301,43.353,1.1909
26.313,26.977,-0.51322,-0.072049,43.284,3.8085
26.257,26.969,-0.50614,-0.077544,43.215,3.9196
26.257,26.962,0,-0.082179,43.145,1.4349
26.257,26.953,0,-0.087854,43.074,1.3945
26.089,26.945,-0.50694,-0.093835,42.991,4.3861
26.044,26.935,-0.49372,-0.098074,42.902,4.4144
25.987,26.925,-0.48798,-0.10356,42.809,4.5279
25.935,26.915,-0.49009,-0.10855,42.706,4.6772
25.935,26.904,0,-0.11333,42.608,2.0507
25.839,26.893,-0.50456,-0.1175,42.516,5.0187
25.839,26.881,0,-0.12241,42.412,2.226
25.737,26.869,-0.50515,-0.12715,42.288,5.2787
25.696,26.856,-0.46565,-0.13097,42.163,5.0957
25.652,26.843,-0.43555,-0.13505,42.036,4.9887
25.606,26.83,-0.37584,-0.13934,41.91,4.6965
25.606,26.816,0,-0.14256,41.788,2.6412
25.535,26.801,-0.25425,-0.14549,41.654,4.0808
25.535,26.787,0,-0.14777,41.528,2.7468
25.535,26.772,0,-0.14917,41.404,2.6962
25.474,26.757,-0.064658,-0.1496,41.248,3.1291
25.474,26.742,0,-0.15013,41.121,2.7881
25.456,26.727,0.045954,-0.1496,40.989,2.6065
25.456,26.712,0,-0.14718,40.863,2.7646
25.456,26.698,0,-0.1451,40.738,2.7284
25.472,26.683,0.026018,-0.14428,40.627,2.5293
25.465,26.669,-0.0093705,-0.14406,40.5,2.6559
25.456,26.654,-0.035419,-0.14397,40.389,2.752
25.456,26.64,0,-0.14246,40.27,2.563
25.456,26.626,0,-0.14296,40.152,2.5185
25.444,26.611,-0.093725,-0.14211,40.04,2.9287
25.444,26.597,0,-0.14198,39.924,2.4757
25.444,26.583,0,-0.14245,39.81,2.4319
25.444,26.569,0,-0.14295,39.696,2.388
25.397,26.554,-0.13668,-0.14329,39.563,3.0928
25.381,26.54,-0.12424,-0.14415,39.456,3.0368
25.378,26.526,-0.11529,-0.14324,39.346,2.9599
25.358,26.511,-0.10376,-0.14452,39.24,2.9187
25.341,26.497,-0.10684,-0.14546,39.115,2.9356
25.341,26.482,0,-0.14677,39,2.4194
25.307,26.468,-0.13631,-0.14741,38.88,3.0838
25.289,26.453,-0.14334,-0.1484,38.767,3.1231
25.289,26.438,0,-0.14975,38.651,2.4309
25.259,26.423,-0.17925,-0.14982,38.526,3.2968
25.259,26.408,0,-0.15211,38.41,2.4227
25.208,26.393,-0.13183,-0.15397,38.278,3.112
25.189,26.377,-0.10836,-0.15507,38.164,3.0059
25.189,26.362,0,-0.15443,38.046,2.484
25.169,26.346,-0.09846,-0.15505,37.924,2.9247
25.169,26.331,0,-0.15413,37.807,2.4528
25.169,26.316,0,-0.15274,37.692,2.4129
25.147,26.3,-0.10803,-0.15383,37.587,2.8975
25.136,26.285,-0.10874,-0.15393,37.464,2.8853
25.135,26.269,-0.09081,-0.15275,37.344,2.7642
25.135,26.254,0,-0.15351,37.231,2.33
25.116,26.239,-0.10175,-0.15244,37.129,2.7786
25.116,26.224,0,-0.15364,37.017,2.2959
25.098,26.208,-0.061351,-0.15196,36.912,2.5624
25.098,26.193,0,-0.15015,36.802,2.272
25.096,26.178,-0.17608,-0.14945,36.694,3.012
25.084,26.163,-0.52556,-0.1496,36.584,5.0669
25.084,26.148,0,-0.15513,36.477,2.1643
24.907,26.133,-2.1,-0.17143,36.36,28.25
24.907,26.115,0,-0.1985,36.239,2.4148
24.381,26.096,-4.3887,-0.2427,36.068,170.06
23.934,26.071,-5.5282,-0.30499,35.872,432.38
23.389,26.041,-6.5169,-0.38238,35.624,1287.7
22.729,26.003,-7.2682,-0.47772,35.328,6246.8
22,25.955,-7.7792,-0.5859,34.963,0
21.226,25.896,-7.9026,-0.70436,34.538,11875
21.226,25.826,0,-0.83076,34.074,11.556
21.226,25.743,0,-0.95954,33.618,10.328
21.226,25.647,0,-1.0873,33.172,9.1262
18.245,25.538,-6.597,-1.2204,32.136,532.05
17.585,25.416,-6.4526,-1.356,31.377,473.49
16.944,25.28,-6.4328,-1.4984,30.568,458.34
16.304,25.131,-6.5004,-1.6529,29.702,467.71
15.653,24.965,-6.4574,-1.8217,28.802,451.69
15.011,24.783,-6.4293,-2.0044,27.852,442.37
14.362,24.583,-6.3719,-2.2083,26.845,429.1
13.729,24.362,-5.7871,-2.4281,25.806,324.98
13.16,24.119,-4.323,-2.6573,24.723,171.68
12.726,23.853,-3.3838,-2.8765,23.61,114.7
12.395,23.566,-2.9455,-3.0886,22.488,92.846
12.107,23.257,-2.8174,-3.3053,21.372,84.649
11.818,22.926,-2.99,-3.5434,20.254,87.892
11.818,22.572,0,-3.8097,19.161,18.027
11.818,22.191,0,-4.1314,18.104,14.4
11.818,21.778,0,-4.4942,17.087,11.286
10.299,21.328,-3.6843,-4.8958,15.812,109.36
9.9373,20.839,-3.2875,-7.3251,14.717,153.41
9.605,20.106,-2.8992,-6.9404,13.644,34.987
9.3054,19.412,-2.5433,-6.595,12.605,20.816
9.3054,18.753,0,-6.067,11.628,14.361
8.8545,18.146,-1.4479,-5.4973,10.66,11.596
8.7145,17.596,-1.0723,-5.1183,9.7487,10.021
8.5987,17.085,-0.75352,-4.8039,8.8892,8.9123
8.5987,16.604,0,-4.4966,8.0647,7.9694
8.4874,16.154,-0.17343,-4.4,7.2664,7.553
8.474,15.714,0.0028816,-4.4,6.5175,7.9288
8.4708,15.274,0.22231,-4.4,5.8112,9.5256
8.4708,14.834,0,-4.4,5.1528,9.621
8.4708,14.394,0,-4.4,4.5384,11.334
8.5925,13.954,0.83767,-4.4,3.9784,22.696
8.5925,13.514,0,-4.4,3.4642,18.261
8.5925,13.074,0,-4.4,2.994,23.119
8.5925,12.634,0,-4.4,2.5678,29.526
9.0715,12.194,1.8031,-5.2,2.2698,136.25
9.0715,11.674,0,-5.2,1.9835,223.56
9.0715,11.154,0,-5.2,1.7492,372.85
9.0715,10.634,0,-5.2,1.5669,748.66
9.0715,10.114,0,-5.2,1.4366,747.6
10.025,9.5945,1.7183,-5.2,1.5746,420.03
10.025,9.0745,0,-5.2,1.6437,0
10.025,8.5545,0,-5.2,1.7647,0
10.492,8.0345,1.0899,-5.2,1.9908,952.33
10.492,7.5145,0,-5.2,2.2625,0
10.7,6.9945,0.95155,-5.2,2.5984,1705.8
10.79,6.4745,1.0343,-5.2,2.9904,1643.1
10.897,5.9545,1.1023,-8.8,3.4607,1691.1
10.897,5.0745,0,-8.8,3.999,0
10.897,4.1945,0,-8.8,4.6253,0
11.263,3.3145,1.3081,-8.8,5.4023,2015.9
11.4,2.4345,1.326,4.9,6.2458,0
11.527,2.9245,1.3893,4.9,7.1147,0
11.659,3.4145,1.4259,4.9,7.9498,0
11.659,3.9045,0,4.9,8.7498,0
11.961,4.3945,1.4371,4.9,9.545,0
12.105,4.8845,1.4258,4.9,10.293,0
12.105,5.3745,0,4.9,10.99,1.4045
12.105,5.8645,0,4.9,11.639,3.7323
12.539,6.3545,1.4628,4.9,12.29,0
12.539,6.8445,0,4.9,12.884,6.4533
12.848,7.3345,1.4291,4.299,13.454,0
12.848,7.7644,0,3.8421,13.984,1.2807
13.145,8.1486,1.3971,3.4908,14.49,0
13.291,8.4977,1.4055,3.217,14.983,0
13.437,8.8194,1.3896,2.9935,15.454,0
13.437,9.1187,0,2.8012,15.9,0
13.721,9.3988,1.4542,2.6488,16.348,0
13.721,9.6637,0,2.5113,16.767,0
14.015,9.9148,1.4372,2.4025,17.182,0
14.153,10.155,1.4328,2.2968,17.58,0
14.299,10.385,1.4194,2.2102,17.979,0
14.449,10.606,1.4024,2.1364,18.375,0
14.449,10.819,0,2.0616,18.748,0
14.729,11.026,1.3524,2.0005,19.14,0
14.869,11.226,1.3498,1.9424,19.508,0
15.011,11.42,1.3525,1.8909,19.862,0
15.148,11.609,1.3507,1.8418,20.218,0
15.287,11.793,1.339,1.7978,20.561,0
15.428,11.973,1.3345,1.759,20.903,0
15.428,12.149,0,1.7168,21.239,0
15.68,12.321,1.3308,1.6781,21.59,0
15.68,12.488,0,1.644,21.917,0
15.949,12.653,1.3382,1.6187,22.263,0
15.949,12.815,0,1.5878,22.585,0
16.204,12.973,1.3243,1.5609,22.913,0
16.204,13.129,0,1.5397,23.228,0
16.477,13.283,1.3261,1.5207,23.561,0
16.61,13.435,1.3254,1.5015,23.888,0
16.742,13.586,1.3147,1.4828,24.204,0
16.742,13.734,0,1.4657,24.512,0
16.742,13.88,0,1.4473,24.806,0
16.742,14.025,0,1.4245,25.085,0
17.218,14.168,0.85797,1.3975,25.459,0
17.218,14.307,0,1.3655,25.757,0
17.366,14.444,0.56129,1.3234,26.064,0
17.366,14.576,0,1.2788,26.35,0
17.476,14.704,0.63664,1.2427,26.647,0
17.533,14.828,0.77667,1.2068,26.92,0
17.606,14.949,0.95491,1.1803,27.196,0
17.606,15.067,0,1.166,27.456,0
17.606,15.184,0,1.1532,27.704,0
17.606,15.299,0,1.1457,27.94,0
18.013,15.414,0.76312,1.1348,28.245,0
18.013,15.527,0,1.1131,28.499,0
18.013,15.638,0,1.0858,28.742,0
18.196,15.747,0.55841,1.0559,29.004,0
18.196,15.853,0,1.029,29.244,0
18.196,15.956,0,1.0123,29.473,0
18.4,16.057,0.91061,0.99964,29.723,0
18.4,16.157,0,0.9957,29.952,0
18.4,16.256,0,0.98929,30.171,0
18.681,16.355,0.76403,0.98285,30.438,0
18.681,16.453,0,0.96858,30.666,0
18.817,16.55,0.44834,0.95154,30.896,0
18.853,16.646,0.29641,0.92372,31.117,0
18.884,16.738,0.22638,0.89541,31.333,0
18.884,16.827,0,0.86273,31.543,0
18.919,16.914,0.32783,0.83152,31.746,0
18.919,16.997,0,0.80489,31.943,0
18.978,17.077,0.48111,0.7843,32.14,0
18.978,17.156,0,0.7681,32.326,0
18.978,17.233,0,0.75502,32.504,0
18.978,17.308,0,0.74799,32.675,0
18.978,17.383,0,0.74265,32.838,0
19.275,17.457,0.78759,0.74137,33.055,0
19.361,17.531,0.75031,0.74456,33.234,0
