22.486,22.486,-0.63679,0,35.5,2.4799
22.431,22.486,-0.60461,-0.0068317,35.5,2.4565
22.368,22.485,-0.61423,-0.01459,35.494,2.7004
22.368,22.484,0,-0.022514,35.482,0.19428
22.368,22.482,0,-0.031013,35.471,0.17039
22.169,22.479,-0.53942,-0.038428,35.437,2.8338
22.106,22.475,-0.33796,-0.04581,35.399,1.9466
22.069,22.47,-0.10479,-0.049962,35.364,1.0944
22.069,22.465,0,-0.051655,35.324,0.75342
22.06,22.46,0.21617,-0.049998,35.277,0.27334
22.06,22.455,0,-0.047543,35.238,0.76222
22.1,22.45,0.3683,-0.043895,35.192,0
22.1,22.446,0,-0.03919,35.158,0.66782
22.1,22.442,0,-0.035489,35.123,0.66869
22.1,22.438,0,-0.030345,35.089,0.67442
22.1,22.435,0,-0.023254,35.055,0.68682
22.1,22.433,0,-0.013569,35.022,0.70836
22.403,22.432,0.75268,-0.0036009,35.08,0
22.481,22.431,0.75287,0.014077,35.085,0
22.551,22.433,0.71764,0.033546,35.099,0
22.614,22.436,0.69981,0.050267,35.12,0
22.685,22.441,0.72341,0.06906,35.148,0
22.748,22.448,0.74867,0.085097,35.178,0
22.748,22.457,0,0.10482,35.208,0
22.748,22.467,0,0.12156,35.236,0
22.962,22.479,0.64446,0.13687,35.298,0
23.028,22.493,0.654,0.15166,35.356,0
23.093,22.508,0.57538,0.16602,35.422,0
23.093,22.525,0,0.17666,35.48,0
23.093,22.542,0,0.18795,35.536,0
23.261,22.561,0.5174,0.1986,35.604,0
23.305,22.581,0.42478,0.20576,35.678,0
23.305,22.602,0,0.20948,35.749,0
23.305,22.622,0,0.21497,35.818,0
23.305,22.644,0,0.2169,35.886,0
23.414,22.666,0.064017,0.21267,35.974,0
23.414,22.687,0,0.20778,36.048,0
23.414,22.708,0,0.20141,36.119,0
23.414,22.728,0,0.19031,36.189,0
23.414,22.747,0,0.18037,36.257,0
23.414,22.765,0,0.16844,36.322,0
23.316,22.782,-0.56856,0.15218,36.381,1.0225
23.254,22.797,-0.55427,0.13028,36.439,1.1043
23.254,22.81,0,0.10995,36.484,0
23.254,22.821,0,0.09453,36.528,0
23.114,22.83,-0.35854,0.080773,36.548,0.58764
23.075,22.839,-0.45266,0.067299,36.574,1.0592
23.028,22.845,-0.51284,0.051978,36.599,1.4414
23.028,22.85,0,0.035849,36.617,0
23.028,22.854,0,0.018742,36.635,0
22.852,22.856,-0.49236,-0.0004208,36.609,1.709
22.852,22.856,0,-0.0061012,36.609,0
22.852,22.855,0,-0.010952,36.608,0
22.852,22.854,0,-0.016167,36.608,0
22.852,22.853,0,-0.021821,36.608,0
22.604,22.85,-0.84833,-0.029599,36.56,4.7549
22.524,22.847,-0.93122,-0.038788,36.537,5.7274
22.432,22.844,-0.98349,-0.049502,36.508,6.5408
22.432,22.839,0,-0.059745,36.467,0.75576
22.237,22.833,-0.89001,-0.071907,36.408,6.3865
22.142,22.825,-0.8262,-0.082702,36.349,6.1536
22.062,22.817,-0.87949,-0.091599,36.274,6.8929
21.972,22.808,-1.0161,-0.10175,36.189,8.5482
21.861,22.798,-1.3344,-0.11448,36.096,12.809
21.729,22.786,-1.6118,-0.12978,35.995,17.634
21.567,22.773,-1.7525,-0.14864,35.89,20.94
21.396,22.759,-1.8397,-0.16874,35.765,23.494
21.396,22.742,0,-0.19162,35.63,2.8515
21.007,22.722,-2.0493,-0.21511,35.463,30.09
20.794,22.701,-2.0772,-0.24077,35.285,31.843
20.794,22.677,0,-0.26597,35.096,4.2421
20.361,22.65,-2.3203,-0.29403,34.875,40.51
20.361,22.621,0,-0.32224,34.647,5.2717
19.912,22.589,-1.9427,-0.35079,34.385,32.883
19.711,22.554,-1.7646,-0.37673,34.119,29.807
19.711,22.516,0,-0.4008,33.836,6.8632
19.38,22.476,-1.3749,-0.42085,33.526,23.618
19.239,22.434,-1.2227,-0.44023,33.21,21.551
19.239,22.39,0,-0.4574,32.893,7.8883
19.239,22.344,0,-0.47579,32.58,7.5947
18.869,22.296,-1.161,-0.49349,32.205,21.476
18.869,22.247,0,-0.51203,31.865,8.4675
18.869,22.196,0,-0.53017,31.529,8.1473
18.869,22.143,0,-0.54697,31.199,7.8329
18.869,22.088,0,-0.5644,30.875,7.5133
18.335,22.032,-0.72282,-0.5774,30.419,16.281
18.258,21.974,-0.69402,-0.59072,30.042,15.921
18.196,21.915,-0.63742,-0.60186,29.665,15.186
18.141,21.855,-0.54179,-0.61184,29.294,14.028
18.141,21.794,0,-0.62192,28.925,8.9
18.044,21.731,-0.19559,-0.6303,28.544,10.505
18.014,21.668,0.069817,-0.63632,28.17,8.3343
18.014,21.605,0,-0.63639,27.808,8.5576
18.048,21.541,0.43881,-0.63025,27.464,5.6952
18.048,21.478,0,-0.6207,27.118,8.0091
18.048,21.416,0,-0.61041,26.778,7.8253
18.048,21.355,0,-0.60297,26.444,7.6297
18.048,21.295,0,-0.60152,26.116,7.4033
18.156,21.234,-0.41623,-0.60485,25.839,9.7904
18.116,21.174,-0.52239,-0.6112,25.524,10.591
18.116,21.113,0,-0.62134,25.222,6.3494
18.116,21.051,0,-0.63077,24.925,6.0726
17.953,20.988,-0.4977,-0.63814,24.607,10.053
17.907,20.924,-0.39353,-0.64551,24.302,9.0333
17.863,20.859,-0.3337,-0.65219,24,8.4216
17.823,20.794,-0.27529,-0.65798,23.704,7.8426
17.794,20.728,-0.18804,-0.66105,23.41,7.0661
17.773,20.662,-0.080737,-0.66204,23.119,6.2083
17.765,20.596,-0.01044,-0.66031,22.824,5.6061
17.765,20.53,0,-0.65471,22.544,5.3486
17.783,20.464,0.11517,-0.64657,22.278,4.5453
17.783,20.4,0,-0.63651,22.013,4.9359
17.807,20.336,0.15639,-0.62968,21.758,3.9697
17.833,20.273,0.1488,-0.61732,21.507,3.7885
17.833,20.211,0,-0.60616,21.266,4.2946
17.833,20.151,0,-0.59798,21.031,4.1377
17.833,20.091,0,-0.58742,20.802,3.9953
17.833,20.032,0,-0.57454,20.579,3.8674
17.894,19.975,-0.059919,-0.56687,20.36,3.7981
17.894,19.918,0,-0.56245,20.155,3.3834
17.894,19.862,0,-0.55838,19.956,3.2337
17.894,19.806,0,-0.55702,19.762,3.0771
17.781,19.75,-0.67615,-0.56632,19.561,7.2396
17.781,19.694,0,-0.57973,19.367,2.9954
17.635,19.636,-0.90607,-0.59127,19.168,9.2707
17.544,19.577,-0.98253,-0.60912,18.967,10.062
17.454,19.516,-1.0354,-0.62744,18.755,10.628
17.354,19.453,-1.0555,-0.64798,18.555,10.868
17.248,19.388,-1.0834,-0.67012,18.352,11.201
17.248,19.321,0,-0.69353,18.141,3.0296
17.029,19.252,-0.95723,-0.71847,17.922,9.8597
17.029,19.18,0,-0.73956,17.703,3.0827
16.857,19.106,-0.49307,-0.75251,17.462,5.8479
16.857,19.031,0,-0.75733,17.241,3.0819
16.857,18.955,0,-0.75546,17.027,2.8844
16.857,18.879,0,-0.7428,16.821,2.7273
16.857,18.805,0,-0.73214,16.623,2.5697
16.753,18.732,-0.068361,-0.72009,16.383,2.9251
16.753,18.66,0,-0.70611,16.189,2.5459
16.753,18.589,0,-0.69462,16.001,2.4023
16.753,18.52,0,-0.68566,15.821,2.2564
16.695,18.451,-0.35833,-0.6804,15.616,3.6586
16.651,18.383,-0.53315,-0.68092,15.442,4.5337
16.598,18.315,-0.67851,-0.6852,15.267,5.3977
16.598,18.247,0,-0.69553,15.099,1.9477
16.446,18.177,-0.96559,-0.71103,14.926,7.5876
16.446,18.106,0,-0.73187,14.757,1.8798
16.446,18.033,0,-0.7549,14.594,1.6673
16.148,17.957,-0.90877,-0.77841,14.398,6.9488
16.148,17.88,0,-0.79748,14.221,1.8792
15.987,17.8,-0.69508,-0.80703,14.023,5.1493
15.923,17.719,-0.60736,-4.4,13.85,134.16
15.923,17.279,0,-0.63976,13.692,1.4378
15.923,17.215,0,-4.4,13.56,169.05
15.923,16.775,0,-0.46568,13.452,0.77552
15.923,16.729,0,-4.4,13.369,255.68
15.923,16.289,0,-0.29409,13.311,0.16676
15.569,16.259,-0.56897,-0.30791,13.193,2.9487
15.569,16.228,0,-0.32505,13.125,0.66782
15.448,16.196,-0.50976,-4.4,13.044,491.18
15.392,15.756,-0.46847,-0.16109,12.98,2.0299
15.392,15.74,0,-0.17739,12.944,0.33939
15.303,15.722,-0.30239,-0.18711,12.908,1.3717
15.273,15.703,-0.22863,-0.19287,12.864,1.1145
15.273,15.684,0,-4.4,12.822,385.13
15.273,15.244,0,-0.0043331,12.803,0
15.273,15.244,0,-0.013322,12.806,0
15.273,15.242,0,-0.024107,12.809,0
15.161,15.24,-0.14146,-0.034603,12.777,0.44057
15.144,15.236,-0.057773,-0.040354,12.765,0.23468
15.144,15.232,0,-0.045063,12.756,0.085298
15.121,15.228,-0.031643,-0.046865,12.75,0.18975
15.121,15.223,0,-0.049438,12.739,0.10484
15.121,15.218,0,-0.052865,12.73,0.087581
15.121,15.213,0,-0.060387,12.72,0.061482
15.121,15.207,0,-0.072561,12.711,0.025307
15.121,15.2,0,-0.088109,12.703,0
14.932,15.191,-0.62504,-0.11484,12.67,2.7382
14.867,15.179,-0.68111,-0.13902,12.639,3.1448
14.799,15.165,-0.80255,-0.16372,12.6,4.0288
14.722,15.149,-0.80832,-4.4,12.568,0
14.634,14.709,-0.73233,-0.032544,12.54,3.176
14.634,14.706,0,-0.060319,12.532,0.021357
14.503,14.7,-0.46069,-0.085897,12.519,1.7938
14.466,14.691,-0.20293,-0.098453,12.5,0.80037
14.438,14.681,0.087833,-0.10691,12.47,0.10452
14.444,14.671,0.31266,-0.099605,12.449,0
14.444,14.661,0,-0.083212,12.427,0.2704
14.519,14.652,0.56611,-0.058732,12.412,0
14.575,14.646,0.53044,-0.031403,12.394,0
14.575,14.643,0,-0.00709,12.387,0.12597
14.681,14.643,0.55024,0.0087723,12.387,0
14.681,14.643,0,0.020498,12.391,0
14.681,14.646,0,0.033252,12.395,0
14.681,14.649,0,0.047265,12.398,0.035875
14.926,14.654,0.87131,0.062496,12.455,0
15.006,14.66,0.97416,0.079458,12.492,0
15.101,14.668,1.0284,0.099622,12.528,0.012928
15.198,14.678,0.99852,0.11997,12.579,0
15.198,14.69,0,0.1395,12.63,0
15.381,14.704,0.94315,0.1571,12.705,0
15.469,14.719,0.92842,0.17425,12.769,0
15.469,14.737,0,0.19227,12.843,0
15.469,14.756,0,0.21078,12.915,0
15.469,14.777,0,0.23062,12.985,0
15.469,14.8,0,0.25147,13.053,0
15.469,14.825,0,0.26703,13.119,0
15.469,14.852,0,0.2814,13.182,0
16.119,14.88,0.88389,0.29736,13.505,0
16.209,14.91,0.89965,0.31339,13.625,0
16.305,14.941,0.90985,0.33069,13.762,0
16.404,14.974,0.9195,0.34843,13.904,0
16.502,15.009,0.90804,0.36574,14.047,0
16.601,15.046,0.87205,0.38341,14.209,0
16.681,15.084,0.88786,0.3961,14.373,0
16.681,15.124,0,0.41253,14.53,0
16.879,15.165,0.9622,0.4299,14.703,0
16.98,15.208,0.96213,0.44711,14.876,0
17.071,15.253,0.98161,0.46129,15.048,0
17.071,15.299,0,0.47902,15.228,0
17.264,15.347,0.88367,0.49222,15.431,0
17.353,15.396,0.81372,0.50548,15.628,0
17.433,15.446,0.78586,0.51568,15.82,0
17.505,15.498,0.76402,0.52406,16.019,0
17.505,15.55,0,0.53267,16.217,0
17.505,15.604,0,0.54317,16.41,0
17.742,15.658,0.71596,0.55287,16.623,0
17.817,15.713,0.6886,0.56131,16.841,0
17.889,15.769,0.67501,0.56839,17.05,0
17.889,15.826,0,0.57206,17.259,0
17.889,15.883,0,0.57889,17.462,0
18.078,15.941,0.31829,0.58113,17.681,0
18.109,15.999,0.13096,0.57603,17.885,0
18.123,16.057,-0.084569,0.5665,18.087,0
18.107,16.114,-0.20618,0.54862,18.283,0
18.083,16.169,-0.19734,0.5285,18.469,0
18.056,16.221,-0.15014,0.50838,18.663,0
18.056,16.272,0,0.49349,18.844,0
18.056,16.322,0,0.48252,19.02,0
18.072,16.37,0.29505,0.47593,19.172,0
18.072,16.417,0,0.47341,19.34,0
18.148,16.465,0.43164,0.47362,19.515,0
18.148,16.512,0,0.47475,19.681,0
18.148,16.56,0,0.47842,19.842,0
18.148,16.607,0,0.47978,19.999,0
18.354,16.655,0.66392,0.48272,20.168,0
18.415,16.704,0.65597,0.4877,20.339,0
18.478,16.752,0.58692,0.49316,20.52,0
18.529,16.802,0.54562,0.49489,20.691,0
18.593,16.851,0.52057,0.49994,20.854,0
18.649,16.901,0.53674,0.50303,21.027,0
18.694,16.952,0.56571,0.50269,21.207,0
18.755,17.002,0.60875,0.50678,21.374,0
18.816,17.053,0.58338,0.51091,21.544,0
18.88,17.104,0.56072,0.51568,21.717,0
18.943,17.155,0.57467,0.52017,21.896,0
19.005,17.207,0.60758,0.5241,22.067,0
19.062,17.26,0.60116,0.52652,22.243,0
19.124,17.312,0.60998,0.53037,22.422,0
19.124,17.365,0,0.53267,22.6,0
19.124,17.419,0,0.53711,22.773,0
19.124,17.472,0,0.53974,22.941,0
19.124,17.526,0,0.54207,23.104,0
19.124,17.58,0,0.54777,23.261,0
19.124,17.635,0,0.55044,23.412,0
19.552,17.69,0.59631,0.55268,23.714,0
19.552,17.746,0,0.55208,23.898,0
19.552,17.801,0,0.55499,24.076,0
19.72,17.856,0.55431,0.55572,24.261,0
19.72,17.912,0,0.55461,24.445,0
19.827,17.967,0.5613,0.55637,24.629,0
19.827,18.023,0,0.55753,24.813,0
19.935,18.079,0.4871,0.55679,25,0
19.935,18.134,0,0.55366,25.183,0
19.935,18.19,0,0.55108,25.36,0
19.935,18.245,0,0.547,25.532,0
19.935,18.3,0,0.54561,25.698,0
20.139,18.354,0.31452,0.53925,25.916,0
20.139,18.408,0,0.53319,26.091,0
20.182,18.461,0.035353,0.52081,26.266,0
20.189,18.513,-0.065818,0.50786,26.442,0
20.178,18.564,-0.16988,0.48955,26.611,0
20.178,18.613,0,0.47051,26.77,0
20.13,18.66,-0.35926,0.44691,26.933,0
20.13,18.705,0,0.42021,27.078,0
20.13,18.747,0,0.3942,27.218,0
19.986,18.786,-0.52464,0.36526,27.316,0
19.933,18.823,-0.53194,0.338,27.425,0
19.933,18.857,0,0.31213,27.534,0
19.933,18.888,0,0.28977,27.64,0
19.795,18.917,-0.42985,0.26787,27.737,0
19.744,18.944,-0.36229,0.24432,27.819,0
19.715,18.968,-0.31824,0.22789,27.894,0
19.679,18.991,-0.30131,0.21005,27.966,0
19.679,19.012,0,0.19508,28.034,0
19.632,19.031,-0.079931,0.1835,28.105,0
19.626,19.05,0.0087464,0.17605,28.163,0
19.635,19.067,0.088082,0.1734,28.216,0
19.635,19.085,0,0.17006,28.272,0
19.664,19.102,0.16282,0.17206,28.317,0
19.664,19.119,0,0.17387,28.372,0
19.689,19.136,-0.074599,0.16908,28.446,0
19.689,19.153,0,0.16103,28.501,0
19.667,19.169,-0.37048,0.15227,28.541,0.29348
19.667,19.185,0,0.13841,28.59,0
19.667,19.198,0,0.12056,28.638,0
19.667,19.21,0,0.099594,28.684,0
19.473,19.22,-0.80363,0.077317,28.709,3.0214
19.383,19.228,-0.8637,0.047356,28.735,3.6647
19.383,19.233,0,0.018518,28.751,0
19.215,19.235,-0.81791,-0.0028459,28.748,3.7295
19.13,19.234,-0.81375,-0.015506,28.742,3.9741
19.039,19.233,-0.81037,-0.028763,28.723,4.2388
18.955,19.23,-0.76606,-0.040817,28.7,4.1714
18.875,19.226,-0.75181,-0.052189,28.675,4.3116
18.875,19.221,0,-0.06342,28.64,0.60331
18.875,19.214,0,-0.074507,28.606,0.56021
18.875,19.207,0,-0.082886,28.573,0.52232
18.59,19.199,-0.58613,-0.091363,28.485,3.9569
18.59,19.189,0,-0.1001,28.425,1.1091
18.59,19.179,0,-0.10919,28.365,1.0571
18.59,19.169,0,-0.11618,28.307,1.01
18.59,19.157,0,-0.1262,28.25,0.95316
18.249,19.144,-0.66632,-0.13662,28.134,5.4157
18.249,19.131,0,-0.1456,28.045,1.6928
18.108,19.116,-0.64576,-0.15539,27.948,5.6184
18.108,19.101,0,-0.16231,27.848,1.9388
17.995,19.084,-0.61035,-0.1697,27.733,5.5991
17.995,19.067,0,-0.17666,27.625,2.1087
17.995,19.05,0,-0.18451,27.519,2.0307
17.995,19.031,0,-0.19115,27.414,1.956
17.766,19.012,-0.6486,-0.19895,27.256,6.377
17.766,18.992,0,-0.2091,27.133,2.4267
17.766,18.971,0,-0.21904,27.011,2.3287
17.537,18.949,-0.8146,-0.23025,26.854,8.3688
17.462,18.926,-0.85119,-0.24061,26.701,8.8933
17.462,18.902,0,-0.25212,26.556,2.888
17.296,18.877,-0.9939,-0.26413,26.398,10.799
17.202,18.851,-1.0497,-0.27762,26.244,11.681
17.106,18.823,-1.1078,-0.29181,26.073,12.629
16.987,18.794,-1.1826,-0.31004,25.893,13.919
16.987,18.763,0,-0.32864,25.714,3.6032
16.751,18.73,-1.3047,-0.34625,25.531,16.265
16.627,18.695,-1.3332,-0.3658,25.338,17.031
16.627,18.659,0,-0.38843,25.133,4.1607
16.351,18.62,-1.3873,-0.41097,24.905,18.623
16.208,18.579,-1.4635,-0.43503,24.672,20.239
16.208,18.535,0,-0.46183,24.437,4.7984
16.208,18.489,0,-0.4898,24.207,4.5088
15.709,18.44,-1.9919,-0.52376,23.905,32.194
15.518,18.388,-2.039,-0.55933,23.627,33.882
15.518,18.332,0,-0.59717,23.343,5.8128
15.518,18.272,0,-0.6382,23.065,5.3934
14.896,18.208,-2.3091,-0.68295,22.689,42.741
14.661,18.14,-2.6697,-0.73202,22.358,54.959
14.397,18.067,-3.0227,-0.78957,21.999,69.695
14.09,17.988,-3.1234,-0.85847,21.629,75.079
14.09,17.902,0,-0.93238,21.243,7.6652
14.09,17.809,0,-1.0045,20.867,6.922
13.216,17.708,-2.2899,-1.0748,20.361,45.923
12.979,17.601,-1.9024,-1.1411,19.897,35.994
12.782,17.487,-1.633,-1.2002,19.423,30.073
12.619,17.367,-1.5592,-1.2522,18.948,28.314
12.619,17.241,0,-1.3034,18.48,8.6332
12.619,17.111,0,-1.3552,18.024,7.8553
12.619,16.976,0,-1.4131,17.582,7.0695
11.988,16.834,-1.6684,-1.4734,17.034,28.443
11.988,16.687,0,-1.5347,16.556,7.6516
11.662,16.533,-1.4102,-1.5984,16.074,22.551
11.518,16.374,-1.1601,-1.6572,15.596,18.118
11.518,16.208,0,-1.7044,15.119,6.7956
11.518,16.037,0,-1.7458,14.658,6.0794
11.237,15.863,-0.71719,-1.7863,14.175,10.86
11.237,15.684,0,-1.8184,13.721,5.5859
11.109,15.502,-0.48296,-1.8453,13.269,7.705
11.056,15.318,-0.37597,-1.8684,12.827,6.4814
11.056,15.131,0,-4.4,12.411,28.989
10.986,14.691,-0.26246,-4.4,12.008,32.348
10.959,14.251,-0.25724,-4.4,11.656,42.202
10.933,13.811,-0.28143,-4.4,11.35,55.182
10.9,13.371,-0.30151,-4.4,11.088,73.093
10.9,12.931,0,-4.4,10.863,99.528
10.842,12.491,-0.32996,-4.4,10.679,139.5
10.842,12.051,0,-5.2,10.536,2042.5
10.842,11.531,0,-5.2,10.441,0
10.842,11.011,0,-5.2,10.398,0
10.7,10.491,-0.26748,0.071168,10.382,0.43179
10.7,10.498,0,0.062755,10.402,0
10.659,10.504,-0.21545,0.052596,10.423,0.34462
10.659,10.51,0,0.046434,10.438,0
10.659,10.514,0,0.040422,10.453,0
10.627,10.518,0.084708,0.037089,10.464,0
10.627,10.522,0,0.039991,10.475,0
10.656,10.526,0.31073,0.044209,10.478,0
10.685,10.53,0.32336,0.052752,10.485,0
10.685,10.536,0,0.063214,10.5,0
10.685,10.542,0,0.073936,10.515,0
10.794,10.549,0.35848,0.083476,10.521,0
10.831,10.558,0.34051,0.093188,10.539,0
10.831,10.567,0,0.099594,10.566,0
10.884,10.577,0.31905,0.10491,10.601,0
10.924,10.588,0.31449,0.1153,10.629,0
10.954,10.599,0.33217,0.12165,10.655,0
10.993,10.611,0.3341,0.13076,10.683,0
10.993,10.624,0,0.13486,10.72,0
10.993,10.638,0,0.14368,10.756,0
11.087,10.652,0.42621,0.14971,10.821,0
11.122,10.667,0.42391,0.15696,10.875,0
11.122,10.683,0,0.1668,10.92,0
11.208,10.7,0.41305,0.17586,10.972,0
11.254,10.717,0.39245,0.18623,11.033,0
11.254,10.736,0,0.19459,11.086,0
11.254,10.755,0,0.19929,11.136,0
11.254,10.775,0,0.20745,11.185,0
11.405,10.796,0.36166,0.21241,11.254,0
11.405,10.817,0,0.2197,11.313,0
11.476,10.839,0.35017,0.22299,11.378,0
11.476,10.861,0,0.2312,11.441,0
11.548,10.885,0.30034,0.23307,11.522,0
11.575,10.908,0.30952,0.23484,11.598,0
11.606,10.931,0.31318,0.23807,11.664,0
11.606,10.955,0,0.24091,11.731,0
11.674,10.979,0.32756,0.24583,11.797,0
11.674,11.004,0,0.24678,11.866,0
11.73,11.028,0.28952,0.24909,11.951,0
11.758,11.053,0.26471,0.25052,12.026,0
11.774,11.078,0.22384,0.2478,12.092,0
11.788,11.103,0.14571,0.24387,12.153,0
11.811,11.128,0.045989,0.24389,12.214,0
11.811,11.152,0,0.23614,12.281,0
11.811,11.176,0,0.22664,12.346,0
11.792,11.198,-0.16513,0.21239,12.405,0
11.792,11.22,0,0.20232,12.463,0
11.769,11.24,-0.26396,0.19002,12.535,0
11.769,11.259,0,0.17557,12.587,0
11.706,11.276,-0.52463,0.1543,12.622,1.1616
11.706,11.292,0,0.13355,12.664,0
11.592,11.305,-1.1263,0.10327,12.7,5.7073
11.592,11.315,0,0.060566,12.728,0
11.34,11.321,-1.6759,0.0065894,12.737,13.28
11.162,11.322,-1.8978,-0.05124,12.723,17.719
11.162,11.317,0,-0.11037,12.707,0.088287
11.162,11.306,0,-0.17579,12.692,0
10.55,11.288,-2.036,-0.24038,12.577,22.319
10.348,11.264,-1.9198,-0.30099,12.496,20.377
10.348,11.234,0,-0.35556,12.406,1.0844
10.348,11.199,0,-0.40744,12.319,0.88801
10.348,11.158,0,-0.45511,12.236,0.71336
9.6949,11.112,-1.0444,-0.4901,12.007,8.5669
9.6949,11.063,0,-0.51723,11.867,1.7738
9.6949,11.012,0,-0.53842,11.733,1.5946
9.6949,10.958,0,-0.54813,11.604,1.4487
9.4102,10.903,-0.34139,-0.55056,11.403,3.3123
9.3831,10.848,-0.28625,-0.54825,11.265,2.9747
9.3639,10.793,-0.2421,-0.54403,11.113,2.692
9.338,10.739,-0.21977,-0.54193,10.968,2.5252
9.338,10.685,0,-0.53818,10.83,1.6642
9.2874,10.631,-0.18974,-0.53592,10.695,2.2687
9.27,10.577,-0.22314,-0.52903,10.567,2.318
9.27,10.524,0,-0.52439,10.439,1.4882
9.27,10.472,0,-0.519,10.316,1.3844
9.1909,10.42,-0.34025,-5.2,10.178,0
9.1909,9.8999,0,-0.30197,10.081,0.82385
9.1239,9.8697,-0.38611,-0.30582,10.019,2.2214
9.1239,9.8391,0,-0.31387,9.9457,0.80978
9.0329,9.8078,-0.39565,-5.2,9.8832,11891
8.9989,9.2878,-0.39622,-0.11444,9.8314,1.663
8.9989,9.2763,0,-0.12668,9.8031,0.30274
8.9989,9.2636,0,-0.14019,9.776,0.2485
8.8838,9.2496,-0.37478,-0.14683,9.7274,1.6692
8.8838,9.2349,0,-0.15248,9.6915,0.40028
8.8838,9.2197,0,-0.16439,9.6572,0.34311
8.8838,9.2033,0,-0.17158,9.6244,0.29494
8.7454,9.1861,-0.33379,-5.2,9.5905,889.7
8.7173,8.6661,-0.3292,0.022329,9.5671,0.91775
8.7173,8.6683,0,0.0040884,9.5721,0
8.6385,8.6687,-0.34958,-0.011638,9.5653,1.1044
8.607,8.6676,-0.34951,-0.023348,9.554,1.1473
8.607,8.6652,0,-0.03753,9.5481,0.040745
8.525,8.6615,-0.35708,-0.052707,9.5389,1.2866
8.525,8.6562,0,-0.062868,9.5256,0.13691
8.4567,8.6499,-0.33018,-0.074989,9.5023,1.2563
8.4178,8.6424,-0.3403,-0.087442,9.4783,1.3406
8.4178,8.6337,0,-0.094847,9.4563,0.2435
8.3636,8.6242,-0.33615,-0.10234,9.4159,1.3711
8.3331,8.614,-0.34452,-0.11053,9.3964,1.4329
8.3018,8.6029,-0.34338,-0.11893,9.3677,1.4548
8.2737,8.591,-0.32548,-0.12581,9.3378,1.4024
8.2737,8.5784,0,-0.13661,9.3066,0.33806
8.2737,8.5648,0,-5.2,9.2769,267.93
8.1731,8.0448,-0.32223,0.06134,9.2352,0.81711
8.1474,8.0509,-0.3468,0.046168,9.2547,0.94758
8.1048,8.0555,-0.36951,0.023593,9.2706,1.0904
8.0675,8.0579,-0.39399,0.0045885,9.2744,1.2359
8.0352,8.0584,-0.39367,-0.0086872,9.2693,1.2794
7.9923,8.0575,-0.38063,-0.024472,9.258,1.286
