15.691,15.691,0.13188,0,35.5,0
15.71,15.691,0.1101,0.0097264,35.492,0
15.729,15.692,0.1331,0.01913,35.498,0
15.729,15.694,0,0.022885,35.501,0
15.729,15.696,0,0.033105,35.505,0.0033818
15.771,15.7,0.13586,0.037312,35.506,0
15.771,15.703,0,0.043643,35.513,0
15.796,15.708,0.11483,0.045971,35.53,0
15.818,15.712,0.1001,0.054585,35.536,0
15.818,15.718,0,0.055638,35.547,0
15.818,15.723,0,0.062688,35.556,0
15.85,15.73,0.096684,0.06248,35.567,0
15.85,15.736,0,0.065779,35.579,0
15.85,15.742,0,0.061802,35.59,0
15.85,15.749,0,0.061596,35.6,0
15.85,15.755,0,0.062122,35.61,0
15.85,15.761,0,0.057064,35.619,0
15.85,15.767,0,0.046433,35.628,0
15.828,15.771,-0.308,0.02933,35.661,0.84685
15.828,15.774,0,0.0098196,35.666,0
15.828,15.775,0,-0.0020255,35.672,0
15.703,15.775,-0.57368,-0.0059936,35.682,2.3437
15.703,15.774,0,-0.011269,35.675,0.1233
15.703,15.773,0,-0.016565,35.668,0.10927
15.703,15.772,0,-0.022359,35.661,0.093224
15.703,15.769,0,-0.027949,35.654,0.076641
15.703,15.767,0,-0.033569,35.648,0.059075
15.296,15.763,-0.70813,-0.039318,35.522,4.557
15.296,15.759,0,-0.044404,35.476,0.93534
15.296,15.755,0,-0.049605,35.429,0.90907
15.102,15.75,-0.69853,-0.055008,35.335,5.1497
15.102,15.744,0,-0.059881,35.271,1.3449
15.102,15.738,0,-0.06545,35.207,1.3111
14.898,15.732,-0.68301,-0.071395,35.116,5.7206
14.824,15.725,-0.68466,-0.077473,35.03,5.9892
14.824,15.717,0,-0.082899,34.94,1.9493
14.824,15.709,0,-0.089198,34.851,1.9028
14.824,15.7,0,-0.095388,34.763,1.8553
14.824,15.69,0,-0.10045,34.676,1.8106
14.48,15.68,-0.65802,-0.10537,34.517,6.9078
14.419,15.67,-0.6644,-0.11034,34.404,7.1568
14.419,15.659,0,-0.11569,34.279,2.8438
14.419,15.647,0,-0.1217,34.156,2.7829
14.215,15.635,-0.65348,-0.12745,34.002,7.7174
14.215,15.622,0,-0.13286,33.861,3.2975
14.092,15.609,-0.63609,-0.13792,33.698,7.9356
14.029,15.595,-0.63446,-0.14328,33.55,8.1098
14.029,15.581,0,-0.14826,33.394,3.6963
13.901,15.566,-0.62782,-0.15455,33.221,8.4311
13.901,15.55,0,-0.16056,33.055,3.965
13.901,15.534,0,-0.16585,32.891,3.886
13.713,15.518,-0.63416,-0.17124,32.71,9.0225
13.713,15.501,0,-0.17782,32.531,4.3492
13.585,15.483,-0.66741,-0.18323,32.324,9.695
13.585,15.465,0,-0.19003,32.135,4.6078
13.585,15.446,0,-0.19697,31.948,4.5067
13.585,15.426,0,-0.20457,31.763,4.4008
13.585,15.405,0,-0.21191,31.58,4.2945
13.231,15.384,-0.64212,-0.21776,31.29,10.426
13.165,15.362,-0.64065,-0.2245,31.071,10.577
13.108,15.34,-0.64161,-0.23029,30.859,10.713
13.052,15.317,-0.66187,-0.23622,30.63,11.034
12.982,15.293,-0.68206,-0.24348,30.408,11.411
12.982,15.269,0,-0.25175,30.179,5.7473
12.828,15.244,-0.7067,-0.2605,29.922,12.065
12.748,15.218,-0.72194,-0.2693,29.683,12.431
12.678,15.191,-0.71026,-0.27746,29.427,12.461
12.614,15.163,-0.65601,-0.2851,29.165,12.008
12.614,15.135,0,-0.29277,28.912,6.3979
12.485,15.105,-0.48502,-0.30066,28.645,10.545
12.435,15.075,-0.35888,-0.30684,28.386,9.4625
12.435,15.045,0,-0.31239,28.124,6.6256
12.364,15.013,-0.037156,-0.3161,27.863,7.0009
12.364,14.982,0,-0.31721,27.599,6.6291
12.366,14.95,0.25631,-0.3164,27.351,5.053
12.366,14.918,0,-0.31392,27.094,6.3972
12.366,14.887,0,-0.31075,26.841,6.2961
12.447,14.856,0.40417,-0.3067,26.6,3.8781
12.447,14.825,0,-0.30185,26.361,5.8107
12.447,14.795,0,-0.29576,26.125,5.7326
12.58,14.765,0.48905,-0.28858,25.915,3.0138
12.639,14.737,0.58226,-0.28029,25.7,2.5404
12.696,14.709,0.69091,-0.27198,25.493,2.1039
12.757,14.681,0.80916,-0.26262,25.305,1.727
12.757,14.655,0,-0.2505,25.114,4.3683
12.757,14.63,0,-0.23529,24.926,4.3573
13.042,14.607,1.2214,-0.21961,24.8,1.0573
13.169,14.585,1.3014,-0.20026,24.655,1.0016
13.295,14.565,1.3483,-0.18091,24.523,0.97252
13.295,14.546,0,-0.16099,24.397,2.691
13.563,14.53,1.4073,-0.13967,24.295,0.96416
13.708,14.516,1.4226,-0.11743,24.196,0.97332
13.708,14.505,0,-0.096079,24.116,1.6352
13.986,14.495,1.4522,-0.074525,24.065,1.0548
14.131,14.488,1.4804,-0.052298,24.016,1.1657
14.277,14.482,1.5032,-0.030087,23.993,1.2888
14.419,14.479,1.4977,-0.0088072,23.973,1.3419
14.419,14.478,0,0.039399,23.967,0.21532
14.725,14.482,1.4323,0.10164,23.985,0.98894
14.863,14.493,1.364,0.15492,24.015,0.68181
14.863,14.508,0,0.20299,24.051,0
14.863,14.528,0,0.24699,24.086,0
15.257,14.553,1.267,0.29437,24.177,0.146
15.257,14.583,0,0.33081,24.246,0
15.488,14.616,1.1685,0.36456,24.335,0
15.488,14.652,0,0.39728,24.421,0
15.714,14.692,1.0327,0.42652,24.528,0
15.821,14.734,0.94321,0.45267,24.623,0
15.821,14.78,0,0.4724,24.73,0
15.995,14.827,0.83387,0.48563,24.865,0
16.072,14.875,0.71841,0.49704,24.989,0
16.072,14.925,0,0.50769,25.106,0
16.218,14.976,0.49716,0.51431,25.228,0
16.264,15.027,0.31715,0.51156,25.347,0
16.264,15.079,0,0.49944,25.468,0
16.264,15.128,0,0.4859,25.584,0
16.305,15.177,-0.1726,0.46448,25.698,0
16.305,15.224,0,0.43973,25.809,0
16.305,15.268,0,0.41491,25.915,0
16.305,15.309,0,0.38764,26.016,0
16.24,15.348,-0.12441,0.36573,26.107,0
16.24,15.384,0,0.34446,26.194,0
16.24,15.419,0,0.32948,26.278,0
16.24,15.452,0,0.31411,26.359,0
16.222,15.483,-0.01911,0.30174,26.416,0
16.215,15.513,-0.039065,0.28641,26.494,0
16.209,15.542,-0.067462,0.27204,26.571,0
16.209,15.569,0,0.25593,26.636,0
16.209,15.595,0,0.24411,26.699,0
16.209,15.619,0,0.22727,26.759,0
16.158,15.642,-0.13851,0.2099,26.82,0
16.144,15.663,-0.12558,0.19556,26.879,0
16.144,15.682,0,0.17974,26.926,0
16.107,15.7,-0.062272,0.16498,26.962,0
16.107,15.717,0,0.15236,27.002,0
16.107,15.732,0,0.14846,27.04,0
16.107,15.747,0,0.14398,27.077,0
16.106,15.761,0.11017,0.1396,27.114,0
16.122,15.775,0.099764,0.14053,27.149,0
16.122,15.789,0,0.13629,27.183,0
16.122,15.803,0,0.13453,27.215,0
16.149,15.816,0.11732,0.13479,27.247,0
16.149,15.83,0,0.13638,27.279,0
16.149,15.844,0,0.1326,27.311,0
16.149,15.857,0,0.13405,27.341,0
16.149,15.87,0,0.12956,27.369,0
16.199,15.883,-0.0091216,0.12768,27.417,0
16.193,15.896,-0.051354,0.12022,27.443,0
16.193,15.908,0,0.11718,27.472,0
16.193,15.92,0,0.11199,27.5,0
16.189,15.931,-0.057861,0.1042,27.527,0
16.179,15.941,-0.031869,0.095764,27.557,0
16.169,15.951,-0.064962,0.088026,27.575,0
16.169,15.96,0,0.083416,27.597,0
16.161,15.968,-0.095444,0.077954,27.622,0
16.152,15.976,-0.068966,0.071155,27.634,0
16.137,15.983,-0.045355,0.062144,27.649,0
16.126,15.989,0.016868,0.055073,27.664,0
16.126,15.995,0,0.05499,27.678,0
16.126,16,0,0.052439,27.69,0
16.126,16.005,0,0.053277,27.703,0
16.14,16.011,-0.085875,0.052141,27.718,0.039019
16.14,16.016,0,0.047169,27.731,0
16.113,16.021,-0.085041,0.036989,27.731,0.083314
16.111,16.024,-0.035578,0.034727,27.745,0
16.107,16.028,0.0093297,0.031653,27.749,0
16.114,16.031,0.052944,0.033444,27.757,0
16.113,16.034,0.099086,0.031679,27.757,0
16.113,16.038,0,0.033067,27.765,0
16.134,16.041,0.12501,0.03759,27.773,0
16.134,16.045,0,0.037484,27.783,0
16.161,16.048,0.16732,0.04511,27.777,0
16.161,16.053,0,0.051886,27.788,0
16.206,16.058,0.17461,0.059405,27.816,0
16.206,16.064,0,0.060573,27.831,0
16.206,16.07,0,0.06597,27.845,0
16.206,16.077,0,0.074351,27.858,0
16.206,16.084,0,0.07543,27.871,0
16.206,16.092,0,0.073359,27.882,0
16.278,16.099,0.075105,0.071774,27.923,0
16.278,16.106,0,0.071149,27.941,0
16.278,16.113,0,0.074754,27.958,0
16.303,16.121,0.078761,0.073163,27.998,0
16.303,16.128,0,0.075852,28.016,0
16.331,16.136,0.084038,0.078523,28.037,0
16.331,16.143,0.072599,0.075103,28.048,0
16.344,16.151,0.068454,0.077337,28.066,0
16.344,16.159,0,0.076875,28.085,0
16.352,16.166,0.060233,0.074348,28.107,0
16.352,16.174,0,0.074498,28.126,0
16.352,16.181,0,0.075631,28.143,0
16.352,16.189,0,0.076067,28.16,0
16.352,16.196,0,0.078117,28.176,0
16.352,16.204,0,0.077611,28.191,0
16.352,16.212,0,0.071761,28.205,0
16.352,16.219,0,0.066929,28.219,0
16.352,16.226,0,0.066705,28.232,0
16.352,16.233,0,0.06629,28.244,0
16.389,16.239,0.0084748,0.059917,28.302,0
16.389,16.245,0,0.055051,28.317,0
16.389,16.251,0,0.055004,28.331,0
16.389,16.256,0,0.053237,28.344,0
16.389,16.262,0,0.046564,28.357,0
16.389,16.266,0,0.040572,28.37,0
16.389,16.27,0,0.038232,28.382,0
16.389,16.274,0,0.037564,28.393,0
16.363,16.278,-0.031255,0.03424,28.382,0
16.359,16.281,-0.067361,0.03119,28.382,0.056597
16.359,16.284,0,0.025633,28.389,0
16.359,16.287,0,0.014472,28.397,0
16.359,16.288,0,0.0034162,28.404,0
16.359,16.289,0,-0.0034052,28.411,0
16.22,16.288,-0.52977,-0.0086642,28.393,2.0799
16.167,16.288,-0.56903,-0.015214,28.377,2.4433
16.108,16.286,-0.57617,-0.022489,28.366,2.6531
16.06,16.284,-0.56758,-0.028269,28.344,2.7376
16.06,16.281,0,-0.035041,28.322,0.39134
16.06,16.277,0,-0.040498,28.3,0.37025
16.06,16.273,0,-0.046803,28.279,0.3462
15.852,16.269,-0.55487,-0.053145,28.21,3.2413
15.793,16.263,-0.55598,-0.060087,28.165,3.4102
15.731,16.257,-0.55959,-0.06743,28.113,3.6044
15.731,16.251,0,-0.072866,28.061,0.99123
15.635,16.243,-0.54008,-0.07839,28.003,3.7324
15.635,16.235,0,-0.085395,27.943,1.156
15.524,16.227,-0.53956,-0.091199,27.862,4.019
15.476,16.218,-0.5447,-0.096574,27.788,4.172
15.476,16.208,0,-0.10355,27.714,1.4362
15.359,16.198,-0.54364,-0.11029,27.616,4.4694
15.359,16.187,0,-0.11677,27.533,1.6485
15.359,16.175,0,-0.12411,27.451,1.5923
15.177,16.163,-0.57267,-0.13119,27.367,5.1373
15.129,16.15,-0.60016,-0.13647,27.273,5.4503
15.129,16.136,0,-0.14397,27.172,2.0446
15.129,16.122,0,-0.15096,27.072,1.9787
14.933,16.106,-0.63499,-0.15964,26.943,6.2205
14.933,16.09,0,-0.16607,26.826,2.393
14.824,16.074,-0.6109,-0.17229,26.689,6.2748
14.824,16.057,0,-0.18063,26.565,2.5555
14.694,16.039,-0.56245,-0.18792,26.432,6.2022
14.694,16.02,0,-0.19559,26.298,2.7745
14.582,16,-0.54414,-0.20132,26.145,6.2886
14.537,15.98,-0.53442,-0.20629,26.01,6.2864
14.474,15.959,-0.52756,-0.21406,25.859,6.3619
14.417,15.938,-0.54959,-0.2211,25.703,6.6399
14.357,15.916,-0.54449,-0.22857,25.548,6.7145
14.297,15.893,-0.54732,-0.23588,25.398,6.8476
14.297,15.87,0,-0.24402,25.24,3.3304
14.178,15.845,-0.58234,-0.2511,25.063,7.3421
14.126,15.82,-0.60933,-0.25757,24.89,7.6405
14.06,15.794,-0.6371,-0.26632,24.712,7.999
13.998,15.768,-0.70352,-0.27441,24.542,8.7024
13.998,15.74,0,-0.28285,24.366,3.6993
13.849,15.712,-1.0681,-0.29472,24.192,12.927
13.738,15.682,-1.3379,-0.31085,24.006,16.913
13.738,15.651,0,-0.33003,23.813,4.0406
13.738,15.618,0,-0.35574,23.624,3.8157
13.254,15.583,-2.1656,-0.38663,23.369,35.309
13.046,15.544,-2.2853,-0.42095,23.121,39.383
12.824,15.502,-2.3156,-0.4583,22.862,41.117
12.593,15.456,-2.2914,-0.49866,22.579,41.301
12.593,15.406,0,-0.54031,22.295,6.1143
12.128,15.352,-2.2572,-0.58372,21.957,41.948
11.901,15.294,-2.2932,-0.62688,21.633,43.676
11.667,15.231,-2.3843,-0.67348,21.287,47.056
11.667,15.164,0,-0.72312,20.933,7.664
11.667,15.092,0,-0.77767,20.587,7.0764
11.667,15.014,0,-0.83596,20.249,6.4735
10.639,14.93,-2.8023,-0.90032,19.718,63.91
10.639,14.84,0,-0.96674,19.293,8.9833
10.639,14.743,0,-1.0421,18.878,8.1545
9.7823,14.639,-2.8947,-1.1222,18.36,68.888
9.4965,14.527,-2.9155,-1.2062,17.862,69.924
9.2004,14.406,-2.9289,-1.2971,17.356,70.579
9.2004,14.277,0,-1.3936,16.842,9.8798
8.6207,14.137,-2.8907,-1.4945,16.295,68.705
8.3364,13.988,-2.7618,-1.6017,15.746,63.233
8.3364,13.828,0,-1.716,15.189,9.5906
8.3364,13.656,0,-1.8285,14.648,8.3364
8.3364,13.473,0,-1.9485,14.125,7.1361
8.3364,13.278,0,-2.0657,13.621,6.07
7.1777,13.072,-1.619,-2.1818,12.812,26.245
7.1777,12.854,0,-2.2883,12.234,7.3553
7.1777,12.625,0,-2.4001,11.678,6.2811
7.1777,12.385,0,-4.4,11.145,15.777
6.6368,11.945,-0.98371,-5.2,10.536,25.409
6.5453,11.425,-0.91142,-5.2,10.02,37.257
6.5453,10.905,0,-5.2,9.5578,65.821
6.375,10.385,-0.89369,-5.2,9.1348,62.736
6.375,9.8648,0,-5.2,8.7598,67.204
6.375,9.3448,0,-5.2,8.4368,66.138
6.1223,8.8248,-0.94584,-5.2,8.117,46.082
6.1223,8.3048,0,-5.2,7.8727,54.391
5.9352,7.7848,-0.91086,-5.2,7.6576,36.613
5.8415,7.2648,-0.90601,-5.2,7.4895,32.329
5.7541,6.7448,-0.89081,-5.2,7.378,28.669
5.6605,6.2248,-0.87246,-5.2,7.3069,25.124
5.576,5.7048,-0.82525,-8.8,7.2797,14.869
5.576,4.8248,0,-8.8,7.3108,23.761
5.576,3.9448,0,1.912,7.4299,3.2122
5.3543,4.136,-0.69546,1.48,7.5581,7.9487
5.3543,4.284,0,1.1623,7.6725,1.1572
5.3543,4.4003,0,0.90792,7.7737,0.40301
5.3543,4.491,0,0.71245,7.8646,0
5.0761,4.5623,-0.81123,0.55001,7.8817,5.1522
5.0761,4.6173,0,0.408,7.9303,0
4.9062,4.6581,-1.0605,0.25854,7.9512,6.5002
4.7953,4.6839,-1.2641,0.1152,7.9654,8.1763
4.6769,4.6955,-1.4456,-0.0049683,7.9719,10.022
4.6769,4.695,0,-0.04499,7.9701,0
4.358,4.6905,-1.9266,-0.089467,7.9468,19.02
4.1663,4.6815,-2.162,-0.13971,7.9008,8.8915
4.1663,4.6676,0,-0.19854,7.8499,0.61574
4.1663,4.6477,0,-0.25717,7.8008,0.44783
3.4782,4.622,-2.6078,-0.32264,7.6495,9.7949
3.2269,4.5897,-2.7047,-0.3913,7.5331,10.036
3.2269,4.5506,0,-0.4699,7.3988,1.8013
2.6667,4.5036,-2.9312,-8.8,7.2164,0
2.6667,3.6236,0,-0.30745,7.0767,1.3774
2.6667,3.5929,0,-0.38269,6.9825,1.1063
2.6667,3.5546,0,-8.8,6.8918,0
1.51,2.6746,-2.6437,-0.23115,6.6167,8.3111
1.51,2.6515,0,-0.28656,6.5014,1.9119
0.9909,2.6228,-2.148,-0.3407,6.3354,7.8923
0.9909,2.5887,0,-8.8,6.1739,0
0.9909,1.7087,0,-0.15923,6.0581,1.2252
0.9909,1.6928,0,-0.18332,5.9871,1.1154
0.9909,1.6745,0,-8.8,5.9179,0
0.9909,0.79449,0,-4.1925,5.8935,0
-0.49187,0.37524,-5.4673,-5.4673,5.5921,2.4328
-1.029,0,-6.2274,-6.2274,5.5077,2.7646
-1.6488,0,-5.679,-5.679,5.4143,4.0353
-2.2221,0,-4.5213,-4.5213,5.2565,5.2105
-2.6734,0,-3.1266,-3.1266,5.0382,6.1356
-2.6734,0,0,-8.8,4.7865,0
-2.6734,0,0,-8.8,4.5632,0
-3.2229,0,-0.46663,-8.8,4.2461,0
-3.2744,0,-0.37179,-8.8,3.9748,0
-3.3142,0,-0.30846,-8.8,3.6865,0
-3.3142,0,0,-8.8,3.399,0
-3.363,0,0.13685,-8.8,3.0899,0
-3.3582,0,0.47621,-8.8,2.7925,0
-3.3582,0,0,-8.8,2.5006,0
-3.3582,0,0,-8.8,2.2088,0
-3.3582,0,0,-8.8,1.917,0
-3.0467,0,1.1192,-8.8,1.6956,0
-3.0467,0,0,-8.8,1.4349,0
-3.0467,0,0,-8.8,1.1742,0
-2.6892,0,1.3313,-8.8,0.95728,0
-2.553,0,1.4208,-8.8,0.74095,0
-2.553,0,0,-8.8,0.52965,0
-2.279,0,1.4403,-8.8,0.33597,0
-2.279,0,0,-13.234,0.15207,0
-2.279,0,0,-82.771,-0.0096604,0
-1.8532,0,1.4567,-8.8,0.23516,0
-1.8532,0,0,-14.456,0.093844,0
-1.8532,0,0,9.8,0.98144,25.046
-1.8532,0.98,0,-8.8,0.74712,0
-1.8532,0.1,0,-8.8,0.5078,0
-1.0627,0,1.8162,-8.8,0.54927,0
-1.0627,0,0,-8.8,0.487,0
-0.69788,0,1.9329,-8.8,0.45953,0
-0.49663,0,1.9536,-8.8,0.44478,0
-0.49663,0,0,-8.8,0.43911,0
-0.096873,0,1.9271,-8.8,0.47154,0
-0.096873,0,0,-8.8,0.50586,0
-0.096873,0,0,-8.8,0.54017,0
0.46063,0,1.6863,-8.8,0.64713,0
0.62887,0,1.529,-8.8,0.75419,0
0.78588,0,1.3314,-8.8,0.87792,0
0.78588,0,0,-8.8,1.0005,0
1.0098,0,0.71244,-8.8,1.1444,0
1.0098,0,0,-8.8,1.2894,0
1.1303,0,0.12623,-8.8,1.4412,0
1.1462,0,-0.10948,-8.8,1.5975,0
1.1439,0,-0.29356,-8.8,1.7539,0
1.1439,0,0,-8.8,1.9122,0
1.1439,0,0,-8.8,2.0706,0
1.0154,0,-0.58741,-8.8,2.2063,0
0.96176,0,-0.65907,-8.8,2.3404,0
0.96176,0,0,-8.8,2.4805,0
0.83638,0,-0.64011,-8.8,2.607,0
0.83638,0,0,-8.8,2.7347,0
0.70587,0,-0.62116,-8.8,2.8539,0
0.64234,0,-0.6023,-8.8,2.9633,0
0.57879,0,-0.60111,-8.8,3.0774,0
0.51113,0,-0.64565,-8.8,3.1786,0
0.45375,0,-0.74455,-8.8,3.2801,0
0.45375,0,0,-8.8,3.3695,0
0.45375,0,0,-8.8,3.4589,0
0.18774,0,-1.3274,-8.8,3.5101,0
0.18774,0,0,-8.8,3.5729,0
0.18774,0,0,-8.8,3.6357,0
-0.29157,0,-2.0312,-8.8,3.6449,0
-0.48648,0,-2.1853,-8.8,3.6501,0
-0.48648,0,0,-8.8,3.6454,0
-0.93574,0,-2.2757,-8.8,3.6039,0
-1.1697,0,-2.2683,-8.8,3.5421,0
-1.3874,0,-2.2619,-8.8,3.4635,0
-1.6062,0,-2.2668,-8.8,3.3541,0
-1.839,0,-2.2872,-8.8,3.2319,0
-2.0736,0,-2.326,-8.8,3.0877,0
-2.0736,0,0,-8.8,2.9244,0
-2.0736,0,0,-8.8,2.761,0
-2.0736,0,0,-8.8,2.5976,0
-3.0127,0,-2.3112,-8.8,2.2684,0
-3.2421,0,-2.2914,-8.8,1.9931,0
-3.4613,0,-2.4543,-8.8,1.6944,0
-3.7065,0,-2.6673,-8.8,1.3842,0
-3.9698,0,-2.9284,-10.413,1.0529,0
-3.9698,0,0,-16.431,0.70794,0
-4.5765,0,-3.2142,-36.18,0.31768,0
-4.8913,0,-3.0743,-473.39,0.025435,0
-5.1921,0,-2.8724,-10.009,1.8887,0
-5.4817,0,-2.7015,-13.382,1.4067,0
-5.4817,0,0,-20.561,0.92546,0
-6.0043,0,-2.5524,-44.65,0.42819,0
-6.0043,0,0,-459.4,0.051009,0
-6.0043,0,0,-15.352,1.7476,0
-6.0043,0,0,-23.569,1.2239,0
-7.0652,0,-2.4003,-49.889,0.52558,0
-7.0652,0,0,-451.88,0.068497,0
-7.0652,0,0,-19.472,1.6214,0
-7.0652,0,0,-33.286,1.0122,0
-7.7704,0,-0.56963,-102.66,0.29571,0
-7.7704,0,0,-876.86,0.031979,0
-7.7704,0,0,-9.01,3.6392,0
-7.7704,0,0,-11.357,2.9072,0
-7.9534,0,-0.46933,-15.262,2.1382,0
-7.9534,0,0,-23.037,1.4191,0
-7.9534,0,0,-44.88,0.73897,0
-8.054,0,0.1344,-228.57,0.14182,0
-8.042,0,0.43823,-67.287,0.47748,0
-8.002,0,0.72715,-2274.8,0.01407,0
-8.002,0,0,0.91609,10.588,18.35
-8.002,0.091609,0,1.0058,9.7829,18.727
-7.7301,0.19219,1.0114,1.0114,8.9975,16.262
-7.7301,0.29334,0,0.96844,8.2003,18.504
-7.7301,0.39018,0,0.91105,7.3931,18.582
-7.7301,0.48129,0,0.86192,6.5765,18.666
-7.355,0.56748,0.8133,0.8133,5.8369,16.263
-7.355,0.64881,0,-8.8,5.0406,0
-7.355,0,0,-8.8,4.2842,0
-7.1385,0,0.63355,-8.8,3.6191,0
-7.0757,0,0.62675,-8.8,2.9584,0
