0,0,0.81191,0,35.5,0
0.084293,0,0.82528,7.8,35.505,58.083
0.17422,0.78,0.78591,7.8,35.487,63.336
0.17422,1.56,0,7.8,35.387,84.052
0.17422,2.34,0,7.8,35.21,89.619
0.41757,3.12,0.79766,7.8,34.994,77.242
0.41757,3.9,0,7.8,34.685,99.087
0.55945,4.68,0.81471,7.8,34.315,86.637
0.64999,5.46,0.80904,7.8,33.865,91.52
0.7293,6.24,0.79195,6.7,33.354,83.442
0.7293,6.91,0,6.7,32.77,104.6
0.88912,7.58,0.81439,6.7,32.131,91.133
0.88912,8.25,0,6.7,31.429,113.18
1.0606,8.92,0.80392,-0.45596,30.675,22.495
1.1355,8.8744,0.8098,-0.46564,29.904,21.764
1.2155,8.8278,0.79672,-0.47558,29.129,21.192
1.2941,8.7803,0.79678,-0.48538,28.381,20.501
1.2941,8.7317,0,-0.49526,27.635,29.077
1.4683,8.6822,0.81598,-0.50493,26.896,18.877
1.5484,8.6317,0.8055,-0.5153,26.174,18.282
1.5484,8.5802,0,-0.5257,25.469,26.474
1.5484,8.5276,0,-0.53538,24.768,26.087
1.8017,8.4741,0.83123,-0.54449,24.122,15.985
1.8842,8.4196,0.82333,-0.55467,23.455,15.374
1.8842,8.3642,0,-0.56422,22.804,23.062
2.0487,8.3077,0.73765,-0.57411,22.181,14.713
2.1316,8.2503,0.68203,-0.58336,21.57,14.477
2.201,8.192,0.64016,-0.59363,20.974,14.181
2.264,8.1326,0.59046,-0.60466,20.386,13.965
2.3324,8.0722,0.58556,-0.61561,19.799,13.371
2.385,8.0106,0.54749,-0.6273,19.241,13.096
2.385,7.9479,0,-0.64042,18.682,17.584
2.4786,7.8838,0.46395,-0.65304,18.138,12.62
2.5255,7.8185,0.46123,-0.66528,17.613,12.084
2.5255,7.752,0,-0.67649,17.087,15.622
2.5255,7.6844,0,-0.69056,16.567,15.183
2.6326,7.6153,0.13533,-0.70679,16.088,13.027
2.6326,7.5446,0,-0.72519,15.593,13.742
2.6353,7.4721,-0.10586,-0.74583,15.105,14.196
2.6353,7.3975,0,-0.76845,14.625,12.729
2.6353,7.3207,0,-0.79178,14.153,12.212
2.5836,7.2415,-0.096737,-0.81752,13.682,12.727
2.5836,7.1597,0,-0.8426,13.22,11.37
2.5655,7.0755,0.14854,-0.86625,12.759,9.8204
2.5655,6.9889,0,-0.88371,12.312,10.431
2.6314,6.9005,0.51111,-0.89649,11.891,6.6525
2.6314,6.8108,0,-0.90779,11.469,9.2597
2.6314,6.7201,0,-0.91291,11.055,8.8609
2.6314,6.6288,0,-0.91547,10.651,8.482
2.6314,6.5372,0,-0.91174,10.256,8.1453
2.9886,6.4461,0.84529,-0.90434,9.9553,3.419
3.0756,6.3556,0.86235,-0.89389,9.6214,3.0814
3.1549,6.2662,0.88878,-0.88185,9.3085,2.7833
3.1549,6.178,0,-0.86683,9.0017,5.2004
3.3253,6.0914,1.0943,-0.84626,8.7239,2.2761
3.4423,6.0067,1.2048,-0.81483,8.4485,2.1645
3.4423,5.9253,0,-0.77519,8.1962,3.8995
3.6991,5.8477,1.402,-0.72798,7.9845,2.1948
3.6991,5.7749,0,-8.8,7.7733,0
3.6991,4.8949,0,-0.27078,7.6097,2.1131
3.6991,4.8679,0,-0.22218,7.4915,2.2129
4.29,4.8456,1.6513,-0.17073,7.491,1.9852
4.4643,4.8286,1.6841,-0.11255,7.4489,2.0726
4.4643,4.8173,0,-0.05887,7.413,0.6316
4.4643,4.8114,0,-0.0059501,7.378,0.76411
4.4643,4.8108,0,0.14043,7.3433,1.2318
5.1411,4.8249,1.8332,0.293,7.4422,1.5345
5.1411,4.8542,0,0.43478,7.4724,0.53131
5.5122,4.8977,1.8759,0.56244,7.5491,0.77297
5.7058,4.9539,1.8676,0.68049,7.6172,0.3803
5.8924,5.0219,1.8751,0.77692,7.6937,0.12039
5.8924,5.0996,0,0.85881,7.7769,0.68973
5.8924,5.1855,0,0.92918,7.8518,1.2687
5.8924,5.2784,0,0.99579,7.9179,1.898
6.6284,5.378,1.8392,1.0455,8.1307,0
6.8155,5.4826,1.8021,1.0941,8.2556,0
6.988,5.592,1.7539,1.1252,8.3935,0
6.988,5.7045,0,1.149,8.5275,0.40301
6.988,5.8194,0,1.1719,8.6501,0.87561
6.988,5.9366,0,1.1903,8.7611,1.3566
7.6555,6.0556,1.5688,1.2,8.99,0
7.8087,6.1756,1.5233,1.2046,9.1543,0
7.9545,6.2961,1.4837,1.2044,9.3269,0
8.1069,6.4165,1.4648,1.2072,9.4845,0
8.1069,6.5372,0,1.2065,9.6475,0
8.1069,6.6579,0,1.2071,9.7985,0.13589
8.1069,6.7786,0,1.2055,9.9373,0.51002
8.1069,6.8991,0,1.2064,10.064,0.90763
8.1069,7.0198,0,1.2083,10.179,1.3227
8.9845,7.1406,1.5415,1.2079,10.52,0
9.1362,7.2614,1.5576,1.2135,10.711,0
9.2843,7.3827,1.558,1.215,10.89,0
9.44,7.5042,1.5681,1.2216,11.074,0
9.6021,7.6264,1.5666,1.2325,11.267,0
9.7629,7.7497,1.5458,1.2416,11.462,0
9.9228,7.8738,1.5377,1.2505,11.671,0
9.9228,7.9989,0,1.2494,11.87,0
10.227,8.1238,1.5224,1.2561,12.08,0
10.227,8.2494,0,1.2543,12.284,0
10.227,8.3748,0,1.2581,12.475,0
10.227,8.5007,0,1.2673,12.654,0
10.227,8.6274,0,1.2781,12.82,0
11.012,8.7552,1.7403,1.2835,13.154,0
11.19,8.8835,1.7906,1.3002,13.386,0
11.377,9.0136,1.8359,1.3211,13.628,0
11.377,9.1457,0,1.3418,13.858,0
11.377,9.2799,0,1.36,14.075,0
11.377,9.4159,0,1.373,14.277,0
11.377,9.5532,0,1.3872,14.467,0
12.314,9.6919,1.8796,1.4028,14.863,0
12.314,9.8321,0,1.4171,15.118,0
12.693,9.9739,1.8551,1.4306,15.392,0
12.884,10.117,1.8476,1.444,15.665,0
13.069,10.261,1.8384,1.4527,15.934,0
13.069,10.407,0,1.4616,16.208,0
13.435,10.553,1.8342,1.4679,16.496,0
13.435,10.7,0,1.472,16.777,0
13.794,10.847,1.8634,1.4782,17.077,0
13.794,10.995,0,1.4845,17.365,0
13.794,11.143,0,1.4918,17.637,0
13.794,11.292,0,1.4997,17.895,0
13.794,11.442,0,1.511,18.137,0
13.794,11.593,0,1.5188,18.365,0
13.794,11.745,0,1.5239,18.577,0
13.794,11.898,0,1.5295,18.775,0.14228
15.281,12.05,1.8296,1.5331,19.548,0
15.281,12.204,0,1.5347,19.864,0
15.638,12.357,1.8175,1.5369,20.201,0
15.823,12.511,1.8192,1.542,20.53,0
15.996,12.665,1.8286,1.5418,20.871,0
15.996,12.819,0,1.55,21.196,0
16.375,12.974,1.8146,1.5559,21.551,0
16.375,13.13,0,1.5555,21.883,0
16.375,13.285,0,1.5571,22.2,0
16.375,13.441,0,1.5558,22.501,0
16.375,13.597,0,1.5597,22.787,0
17.259,13.753,1.7958,1.5576,23.262,0
17.444,13.908,1.7921,1.5619,23.609,0
17.444,14.065,0,1.5669,23.954,0
17.444,14.221,0,1.5641,24.284,0
17.444,14.378,0,1.5624,24.599,0
17.444,14.534,0,1.5588,24.898,0
17.444,14.69,0,1.5557,25.181,0
18.463,14.845,1.4362,1.5481,25.743,0
18.599,15,1.3914,1.5328,26.108,0
18.732,15.154,1.3737,1.5169,26.474,0
18.87,15.305,1.3321,1.5042,26.836,0
18.87,15.456,0,1.4933,27.185,0
19.143,15.605,1.2574,1.4798,27.549,0
19.143,15.753,0,1.4675,27.895,0
19.143,15.9,0,1.454,28.227,0
19.532,16.045,1.1625,1.4395,28.603,0
19.532,16.189,0,1.4227,28.944,0
19.769,16.331,1.1281,1.4073,29.296,0
19.887,16.472,1.0977,1.3929,29.645,0
19.996,16.611,1.0594,1.3748,29.982,0
19.996,16.749,0,1.355,30.313,0
19.996,16.884,0,1.3345,30.631,0
19.996,17.018,0,1.321,30.935,0
19.996,17.15,0,1.3033,31.227,0
20.498,17.28,0.94335,1.2838,31.639,0
20.592,17.409,0.9358,1.2656,31.951,0
20.592,17.535,0,1.2517,32.263,0
20.592,17.66,0,1.2317,32.563,0
20.878,17.784,0.91667,1.218,32.89,0
20.972,17.905,0.88648,1.2032,33.188,0
21.061,18.026,0.86697,1.1869,33.488,0
21.061,18.144,0,1.1695,33.786,0
21.061,18.261,0,1.1578,34.072,0
21.061,18.377,0,1.1412,34.346,0
21.061,18.491,0,1.1239,34.608,0
21.489,18.604,0.86676,1.1123,34.962,0
21.489,18.715,0,1.1031,35.245,0
21.672,18.825,0.79099,1.0916,35.54,0
21.672,18.934,0,1.0746,35.82,0
21.822,19.042,0.82324,1.0608,36.103,0
21.822,19.148,0,1.0473,36.376,0
21.822,19.253,0,1.0375,36.638,0
22.072,19.356,0.79597,1.0282,36.914,0
22.072,19.459,0,1.0179,37.18,0
22.231,19.561,0.8066,1.0063,37.448,0
22.231,19.662,0,0.99943,37.71,0
22.231,19.761,0,0.99061,37.962,0
22.231,19.861,0,0.97961,38.204,0
22.231,19.958,0,0.97221,38.437,0
22.231,20.056,0,0.96801,38.659,0
22.742,20.153,0.86229,0.96276,39.013,0
22.823,20.249,0.89374,0.95502,39.266,0
22.823,20.344,0,0.94781,39.518,0
22.823,20.439,0,0.94526,39.761,0
22.823,20.534,0,0.94207,39.995,0
22.823,20.628,0,0.94449,40.219,0
23.29,20.722,1.0437,0.94387,40.568,0
23.402,20.817,1.0808,0.9483,40.821,0
23.504,20.911,1.1194,0.94906,41.088,0
23.504,21.006,0,0.95401,41.342,0
23.504,21.102,0,0.96071,41.587,0
23.852,21.198,1.238,0.96608,41.875,0
23.974,21.294,1.2917,0.97319,42.135,0
23.974,21.392,0,0.98559,42.398,0
24.23,21.49,1.2455,0.99142,42.683,0
24.355,21.589,1.1725,0.99892,42.966,0
24.355,21.689,0,1.0024,43.237,0
24.355,21.79,0,1.0057,43.499,0
24.355,21.89,0,1.007,43.75,0
24.355,21.991,0,1.0024,43.992,0
24.355,22.091,0,1.0007,44.223,0
24.355,22.191,0,1.0005,44.445,0
24.355,22.291,0,0.99868,44.656,0
24.355,22.391,0,0.99282,44.857,0
24.355,22.49,0,0.98572,45.049,0
25.347,22.589,0.87967,0.9769,45.765,0
25.429,22.687,0.90348,0.96963,46.044,0
25.429,22.784,0,0.96331,46.313,0
25.429,22.88,0,0.95655,46.573,0
25.429,22.976,0,0.94736,46.823,0
25.429,23.07,0,0.94296,47.064,0
25.833,23.165,0.73201,0.93488,47.381,0
25.907,23.258,0.77217,0.92634,47.642,0
25.988,23.351,0.77032,0.92072,47.903,0
25.988,23.443,0,0.91746,48.162,0
26.144,23.535,0.80482,0.90804,48.439,0
26.144,23.625,0,0.90146,48.695,0
26.304,23.716,0.77763,0.89744,48.951,0
26.374,23.805,0.79816,0.8895,49.215,0
26.374,23.894,0,0.886,49.467,0
26.536,23.983,0.83719,0.88135,49.732,0
26.622,24.071,0.79656,0.87892,49.979,0
26.622,24.159,0,0.87298,50.229,0
26.774,24.246,0.80659,0.86838,50.499,0
26.846,24.333,0.84022,0.8621,50.759,0
26.846,24.419,0,0.86246,51.006,0
27.032,24.505,0.86921,0.86408,51.263,0
27.112,24.592,0.88549,0.86074,51.509,0
27.112,24.678,0,0.86252,51.757,0
27.112,24.764,0,0.85888,51.996,0
27.371,24.85,0.85419,0.85694,52.254,0
27.449,24.936,0.85148,0.85295,52.508,0
27.538,25.021,0.82269,0.853,52.764,0
27.538,25.106,0,0.84862,53.011,0
27.689,25.191,0.81114,0.8444,53.271,0
27.777,25.276,0.82143,0.84407,53.512,0
27.858,25.36,0.81818,0.84187,53.762,0
27.942,25.444,0.82553,0.84084,54.021,0
27.942,25.528,0,0.83985,54.267,0
28.119,25.612,0.82706,0.84118,54.52,0
28.119,25.696,0,0.84252,54.767,0
28.119,25.781,0,0.84099,55.005,0
28.367,25.865,0.78304,4.8,55.265,13.75
28.367,26.345,0,0.68612,55.491,0
28.367,26.413,0,0.69111,55.69,0
28.611,26.482,0.79167,0.69092,55.921,0
28.611,26.552,0,4.8,56.13,25.997
28.611,27.032,0,0.54875,56.312,0
28.855,27.086,0.79268,0.55789,56.493,0
28.855,27.142,0,0.56554,56.667,0
28.855,27.199,0,0.57235,56.836,0
28.855,27.256,0,0.58102,56.999,0
29.17,27.314,0.82898,4.8,57.212,16.611
29.25,27.794,0.89463,0.44609,57.373,0
29.25,27.839,0,0.46033,57.516,0
29.25,27.885,0,0.47292,57.655,0
29.25,27.932,0,0.48219,57.789,0
29.25,27.98,0,0.49184,57.919,0
29.25,28.029,0,4.8,58.043,31.157
29.718,28.509,0.74189,0.35994,58.289,0
29.796,28.545,0.81363,0.37252,58.417,0
29.871,28.583,0.84631,0.38345,58.543,0
29.871,28.621,0,0.39806,58.67,0
30.034,28.661,0.8079,0.40847,58.814,0
30.117,28.702,0.76879,0.42115,58.963,0
30.117,28.744,0,4.8,59.103,30.207
30.253,29.224,0.76208,0.29839,59.225,0
30.337,29.254,0.8019,0.31396,59.331,0
30.337,29.285,0,0.33079,59.437,0
30.337,29.318,0,0.34351,59.541,0
30.337,29.352,0,0.35663,59.641,0
30.668,29.388,0.75345,0.37056,59.788,0
30.668,29.425,0,0.38091,59.914,0
30.668,29.463,0,0.38749,60.036,0
30.857,29.502,0.48726,-2,60.175,40.096
30.857,29.302,0,-2,60.32,38.53
30.949,29.102,0.47477,-2,60.499,52.589
30.991,28.902,0.48811,4.8,60.703,19.3
31.044,29.382,0.49955,-2,60.886,47.724
31.044,29.182,0,-2,61.062,47.196
31.044,28.982,0,4.8,61.258,25.981
31.175,29.462,0.50025,-2,61.451,49.122
31.175,29.262,0,-2,61.633,48.841
31.175,29.062,0,-2,61.834,55.769
31.304,28.862,0.39952,4.8,62.062,18.419
31.304,29.342,0,-2,62.282,50.445
31.38,29.142,0.32156,-2,62.497,63.829
31.413,28.942,0.29188,4.8,62.726,19.599
31.413,29.422,0,-2,62.949,51.419
31.413,29.222,0,-2,63.158,58.726
31.413,29.022,0,4.8,63.387,23.991
31.413,29.502,0,-2,63.602,48.765
31.546,29.302,0.21199,-2,63.819,62.932
31.565,29.102,0.18212,-2,64.057,71.791
31.565,28.902,0,4.8,64.313,22.369
31.601,29.382,0.17458,-2,64.573,61.566
31.611,29.182,0.17387,-2,64.797,70.234
31.619,28.982,0.18883,4.8,65.055,19.976
31.619,29.462,0,-2,65.295,57.413
31.619,29.262,0,-2,65.52,65.624
31.619,29.062,0,-2,65.766,75.12
31.619,28.862,0,4.8,66.032,21.809
31.619,29.342,0,-2,66.284,62.198
31.777,29.142,0.4053,-2,66.569,81.413
31.817,28.942,0.4526,4.8,66.851,15.419
31.817,29.422,0,-2,67.115,67.329
31.817,29.222,0,-2,67.365,77.098
31.817,29.022,0,4.8,67.634,21.583
31.954,29.502,0.10434,-2,67.912,70.71
31.97,29.302,-0.083246,-2,68.159,80.846
31.97,29.102,0,-2,68.435,93.119
31.926,28.902,-0.42546,4.8,68.742,26.482
31.926,29.382,0,-2,69.021,74.472
31.819,29.182,-0.9139,-2,69.276,84.387
31.728,28.982,-1.1701,4.8,69.54,42.054
31.728,29.462,0,-2,69.791,61.725
31.728,29.262,0,-2,70.027,70.604
31.292,29.062,-1.9641,-2,70.23,144.68
31.292,28.862,0,4.8,70.463,23.759
30.861,29.342,-2.7028,-2,70.646,0
30.861,29.142,0,-2,70.808,42.939
30.284,28.942,-3.5915,4.8,70.935,132.73
30.284,29.422,0,-2,71.045,24.219
29.515,29.222,-4.6652,-2,71.078,0
29.042,29.022,-5.1612,4.8,71.093,236.93
28.532,29.502,-5.5538,-2,71.037,0
27.972,29.302,-5.8737,-2,70.927,0
27.972,29.102,0,-2,70.804,5.7276
26.774,28.902,-5.9171,4.8,70.573,305.25
26.774,29.382,0,-2,70.336,2.72
25.626,29.182,-5.0909,-2,69.971,613.08
25.127,28.982,-4.629,4.8,69.59,223.85
24.667,29.462,-4.0834,-2,69.155,139.52
24.266,29.262,-3.4798,-2,68.673,88.504
24.266,29.062,0,-2,68.184,5.9003
24.266,28.862,0,4.8,67.714,69.7
24.266,29.342,0,-2,67.23,6.7221
23.217,29.142,-1.2073,-2,66.485,21.699
23.217,28.942,0,4.8,65.902,77.564
23.217,29.422,0,-2,65.306,10.699
23.217,29.222,0,-2,64.695,9.9252
22.933,29.022,-0.06548,4.8,64.044,81.476
22.933,29.502,0,-2,63.411,12.178
22.933,29.302,0,-2,62.764,11.356
22.933,29.102,0,-2,62.137,10.56
23.012,28.902,0.58345,4.8,61.528,67.495
23.081,29.382,0.73499,-2,60.911,7.3852
23.081,29.182,0,-2,60.291,10.295
23.241,28.982,0.94462,4.8,59.706,60.248
23.343,29.462,0.9635,-0.43718,59.103,13.321
23.343,29.418,0,-0.43402,58.493,22.042
23.343,29.375,0,-0.43017,57.888,21.842
23.615,29.332,0.90139,-0.42747,57.33,12.183
23.697,29.289,0.92015,-0.42439,56.764,11.579
23.796,29.247,0.90046,-0.4198,56.203,11.18
23.887,29.205,0.80395,-0.41534,55.673,11.324
23.887,29.163,0,-0.41157,55.144,18.03
23.887,29.122,0,-0.40872,54.618,17.843
23.887,29.081,0,-0.40601,54.097,17.657
23.887,29.041,0,-0.40484,53.579,17.461
24.159,29,0.30865,-0.40517,53.146,13.091
24.159,28.96,0,-0.40486,52.664,15.693
24.159,28.919,0,-0.40415,52.186,15.499
24.249,28.879,0.41643,-0.40358,51.707,11.332
24.283,28.838,0.47096,-0.4024,51.251,10.637
24.324,28.798,0.61696,-0.40028,50.805,9.3445
24.324,28.758,0,-0.39696,50.36,13.973
24.462,28.718,0.94798,-0.39056,49.942,6.8172
24.462,28.679,0,-0.38314,49.518,13.052
24.462,28.641,0,-0.3741,49.098,12.94
24.776,28.604,1.246,-0.36429,48.721,4.5715
24.776,28.567,0,-0.35325,48.34,11.311
24.776,28.532,0,-0.34202,47.962,11.232
25.141,28.498,1.2624,-0.33005,47.653,3.5384
25.263,28.465,1.2845,-0.31797,47.33,3.199
25.263,28.433,0,-0.30494,47.011,8.9309
25.263,28.402,0,-0.29253,46.696,8.8836
25.643,28.373,1.3002,-0.2788,46.435,2.3851
25.643,28.345,0,-0.26527,46.163,7.2637
25.643,28.319,0,-0.25084,45.894,7.2455
26.029,28.294,1.2635,-0.23685,45.689,1.7728
26.163,28.27,1.2269,-0.22197,45.462,1.5996
26.282,28.248,1.2085,-0.20848,45.257,1.4412
26.406,28.227,1.2038,-0.19432,45.066,1.2813
26.406,28.207,0,-0.18146,44.885,4.3793
26.406,28.189,0,-0.16795,44.705,4.3838
26.406,28.172,0,-0.15262,44.528,4.4022
26.406,28.157,0,-0.13749,44.352,4.4252
27.033,28.143,1.3605,-0.12139,44.318,0.85521
27.033,28.131,0,-0.10613,44.207,2.4538
27.301,28.121,1.5523,-0.090252,44.113,1.1671
27.456,28.112,1.7972,-0.072367,44.03,1.8919
27.638,28.104,2.1069,-0.051577,43.975,3.1878
27.638,28.099,0,-0.027104,43.929,0.9832
28.107,28.097,2.711,0.0024327,43.939,7.0739
28.107,28.097,0,0.068111,43.94,0.13254
28.107,28.104,0,0.13426,43.94,0.31868
28.966,28.117,3.0216,0.2018,44.067,10.405
29.273,28.137,3.0416,0.27028,44.175,11.111
29.573,28.164,3.0775,0.33531,44.293,11.953
29.88,28.198,3.1132,0.401,44.447,12.849
29.88,28.238,0,0.46712,44.613,0
30.517,28.285,3.1115,0.53344,44.839,14.195
30.517,28.338,0,0.59818,45.059,0
30.517,28.398,0,0.66024,45.274,0
30.517,28.464,0,0.71735,45.483,0
31.752,28.536,2.9572,0.77386,45.939,15.605
32.038,28.613,2.9573,0.82561,46.268,16.228
32.038,28.695,0,0.87698,46.607,0
32.617,28.783,2.9917,0.92777,46.989,17.826
32.617,28.876,0,0.97757,47.368,0
32.617,28.974,0,1.0267,47.738,0
32.617,29.076,0,1.0728,48.097,0
32.617,29.184,0,1.1216,48.446,0
32.617,29.296,0,1.1672,48.783,0
34.342,29.413,2.7751,1.2078,49.624,19.477
34.626,29.533,2.7714,1.25,50.116,20.03
34.626,29.658,0,1.2877,50.619,0
35.165,29.787,2.8067,1.3253,51.156,21.442
35.437,29.92,2.8797,1.3624,51.7,22.73
35.437,30.056,0,1.4007,52.245,0
36.02,30.196,3.0495,1.4436,52.822,25.779
36.332,30.34,3.1303,1.4881,53.411,27.378
36.652,30.489,3.1867,1.5334,54.013,28.763
36.969,30.642,3.1982,1.5769,54.636,29.632
36.969,30.8,0,1.6188,55.261,0
37.598,30.962,3.135,1.6599,55.934,30.361
37.913,31.128,3.0991,1.7003,56.612,30.658
37.913,31.298,0,1.7394,57.282,0
38.527,31.472,2.9717,1.7738,58.009,30.49
38.527,31.649,0,1.8074,58.706,0
39.114,31.83,2.8438,1.8367,59.446,30.123
39.392,32.014,2.7209,1.8631,60.184,29.153
39.67,32.2,2.7219,1.8884,60.924,29.605
39.942,32.389,2.7916,1.9116,61.678,30.813
39.942,32.58,0,1.9358,62.424,0
39.942,32.774,0,1.9647,63.15,0
40.815,32.97,3.2037,1.9916,63.993,37.21
41.127,33.169,3.3077,2.022,64.786,39.096
41.459,33.371,3.3517,-2,65.582,694.72
41.793,33.171,3.3554,-2,66.418,903.84
41.793,32.971,0,-2,67.29,0
41.793,32.771,0,-2,68.182,0
41.793,32.571,0,-2,69.094,0
41.793,32.371,0,-2,70.027,0
43.465,32.171,3.1928,-2,71.392,0
43.778,31.971,3.1581,-2,72.544,0
44.101,31.771,3.1219,-2,73.746,0
44.101,31.571,0,-2,74.989,0
44.101,31.371,0,-2,76.252,0
44.101,31.171,0,-2,77.535,0
45.287,30.971,2.7301,-2,79.085,0
45.287,30.771,0,-2,80.526,0
