26.111,26.111,0.39591,0,35.5,0
26.142,26.111,0.40197,0.0068374,35.504,0
26.179,26.112,0.40167,0.014826,35.511,0
26.179,26.113,0,0.022081,35.518,0
26.261,26.115,0.36043,0.032391,35.525,0
26.261,26.119,0,0.040144,35.539,0
26.261,26.123,0,0.045595,35.553,0
26.261,26.127,0,0.055227,35.567,0
26.42,26.133,0.47005,0.063887,35.62,0
26.465,26.139,0.53509,0.072446,35.655,0
26.51,26.146,0.55778,0.080823,35.684,0
26.566,26.155,0.53317,0.091632,35.721,0
26.611,26.164,0.50657,0.099505,35.774,0
26.611,26.174,0,0.10954,35.818,0
26.611,26.185,0,0.11928,35.861,0
26.776,26.197,0.50059,0.12931,35.921,0
26.836,26.209,0.48823,0.13972,35.986,0
26.878,26.223,0.48582,0.14623,36.051,0
26.878,26.238,0,0.15349,36.116,0
26.973,26.253,0.45865,0.161,36.187,0
27.029,26.27,0.47653,0.16991,36.263,0
27.078,26.286,0.48645,0.17731,36.346,0
27.078,26.304,0,0.18616,36.424,0
27.078,26.323,0,0.19224,36.501,0
27.078,26.342,0,0.19841,36.575,0
27.078,26.362,0,0.20718,36.648,0
27.078,26.383,0,0.21566,36.718,0
27.078,26.404,0,0.22366,36.787,0
27.454,26.427,0.46339,0.23186,36.997,0
27.501,26.45,0.40555,0.23729,37.092,0
27.501,26.473,0,0.24314,37.196,0
27.501,26.498,0,0.24494,37.297,0
27.501,26.522,0,0.24885,37.396,0
27.645,26.547,0.30567,0.24883,37.51,0
27.677,26.572,0.28231,0.25054,37.615,0
27.695,26.597,0.22419,0.24937,37.733,0
27.727,26.622,0.14287,0.25128,37.842,0
27.727,26.647,0,0.24803,37.952,0
27.727,26.672,0,0.24268,38.058,0
27.727,26.696,0,0.23731,38.163,0
27.727,26.72,0,0.23116,38.265,0
27.719,26.743,-0.17969,0.22294,38.374,0
27.719,26.765,0,0.21506,38.471,0
27.691,26.787,-0.24601,0.20686,38.551,0
27.691,26.808,0,0.19547,38.64,0
27.624,26.827,-0.34288,0.18244,38.717,0
27.624,26.845,0,0.17041,38.796,0
27.624,26.862,0,0.16069,38.873,0
27.53,26.878,-0.40254,0.14958,38.934,0
27.53,26.893,0,0.13622,38.999,0
27.53,26.907,0,0.12344,39.062,0
27.53,26.919,0,0.1108,39.124,0
27.35,26.93,-0.40705,0.0965,39.156,0.44472
27.35,26.94,0,0.083534,39.198,0
27.35,26.948,0,0.072998,39.239,0
27.35,26.956,0,0.060419,39.278,0
27.35,26.962,0,0.048592,39.318,0
27.35,26.967,0,0.036534,39.356,0
27.075,26.97,-0.44553,0.024183,39.334,1.2508
27.038,26.973,-0.42602,0.015069,39.345,1.2481
26.991,26.974,-0.36002,0.0038432,39.352,1.0696
26.991,26.975,0,-0.0028379,39.354,0
26.927,26.974,-0.092577,-0.0060448,39.343,0.30998
26.915,26.974,0.034742,-0.0075154,39.347,0.032871
26.915,26.973,0,-0.0073454,39.341,0.10536
26.937,26.972,0.15211,-0.0044941,39.347,0
26.937,26.972,0,-0.0026682,39.343,0.066481
26.937,26.972,0,0.00083097,39.34,0.073557
27.002,26.972,0.21657,0.0069498,39.346,0
27.002,26.972,0,0.010852,39.349,0
27.041,26.973,0.27345,0.015624,39.358,0
27.041,26.975,0,0.019712,39.365,0
27.041,26.977,0,0.023404,39.372,0
27.041,26.979,0,0.028863,39.378,0
27.041,26.982,0,0.033127,39.384,0
27.156,26.985,0.22614,0.039263,39.411,0
27.156,26.989,0,0.04334,39.428,0
27.203,26.994,0.21838,0.04834,39.44,0
27.203,26.999,0,0.052027,39.461,0
27.249,27.004,0.31702,0.056636,39.487,0
27.282,27.009,0.35229,0.062827,39.507,0
27.282,27.016,0,0.069382,39.534,0
27.36,27.023,0.40412,0.077788,39.565,0
27.36,27.03,0,0.087109,39.599,0
27.442,27.039,0.39297,0.093018,39.651,0
27.442,27.048,0,0.098595,39.691,0
27.523,27.058,0.43725,0.1074,39.726,0
27.523,27.069,0,0.11463,39.772,0
27.523,27.081,0,0.12135,39.816,0
27.647,27.093,0.44156,0.12821,39.887,0
27.647,27.105,0,0.13746,39.942,0
27.647,27.119,0,0.14584,39.996,0
27.647,27.134,0,0.15237,40.048,0
27.647,27.149,0,0.15803,40.098,0
27.875,27.165,0.4852,0.16487,40.221,0
27.875,27.181,0,0.17077,40.291,0
27.959,27.198,0.46762,0.17664,40.359,0
27.959,27.216,0,0.18282,40.434,0
27.959,27.234,0,0.18627,40.508,0
27.959,27.253,0,0.19273,40.579,0
27.959,27.272,0,0.19486,40.649,0
28.145,27.292,0.30599,0.19884,40.755,0
28.168,27.312,0.29212,0.19959,40.833,0
28.168,27.332,0,0.20116,40.918,0
28.226,27.352,0.27648,0.20418,41.013,0
28.247,27.372,0.23948,0.20444,41.108,0
28.247,27.393,0,0.20742,41.195,0
28.247,27.413,0,0.20841,41.279,0
28.326,27.434,0.018376,0.20869,41.365,0
28.326,27.455,0,0.20259,41.453,0
28.304,27.475,-0.15016,0.19402,41.525,0
28.289,27.495,-0.21893,0.18614,41.6,0
28.289,27.513,0,0.17738,41.679,0
28.289,27.531,0,0.1666,41.755,0
28.212,27.548,-0.38763,0.15601,41.818,0
28.182,27.563,-0.41258,0.14524,41.884,0.08792
28.182,27.578,0,0.13271,41.945,0
28.106,27.591,-0.43948,0.12087,41.989,0.39069
28.106,27.603,0,0.10853,42.04,0
28.032,27.614,-0.42486,0.098176,42.062,0.52536
27.993,27.624,-0.43079,0.086865,42.105,0.64551
27.993,27.633,0,0.07664,42.142,0
27.925,27.64,-0.4008,0.066958,42.161,0.6955
27.925,27.647,0,0.05821,42.189,0
27.856,27.653,-0.38994,0.04773,42.206,0.81591
27.825,27.657,-0.40301,0.039407,42.223,0.94054
27.825,27.661,0,0.031266,42.239,0
27.825,27.665,0,0.019636,42.255,0
27.825,27.667,0,0.0085452,42.271,0
27.655,27.667,-0.43184,-0.0014759,42.268,1.4468
27.655,27.667,0,-0.0066826,42.267,0.011722
27.655,27.667,0,-0.011563,42.266,0.00018073
27.53,27.665,-0.38624,-0.015711,42.254,1.5628
27.53,27.664,0,-0.019832,42.241,0.23758
27.459,27.662,-0.41502,-0.023615,42.219,1.8784
27.459,27.659,0,-0.027385,42.199,0.36632
27.391,27.657,-0.3789,-0.030904,42.182,1.8747
27.391,27.654,0,-0.036139,42.156,0.48276
27.391,27.65,0,-0.041254,42.13,0.46162
27.391,27.646,0,-0.045558,42.104,0.44158
27.223,27.641,-0.50788,-0.048935,42.039,2.9886
27.223,27.636,0,-0.053689,41.997,0.78799
27.223,27.631,0,-0.060605,41.956,0.75588
27.223,27.625,0,-0.069263,41.916,0.71782
27.223,27.618,0,-0.080277,41.876,0.67213
26.825,27.61,-1.1911,-0.092655,41.782,10.317
26.704,27.601,-1.2714,-0.10622,41.701,11.821
26.569,27.59,-1.3275,-0.12132,41.608,13.145
26.43,27.578,-1.393,-0.13681,41.508,14.674
26.283,27.564,-1.4941,-0.15345,41.383,16.875
26.142,27.549,-1.608,-0.16936,41.239,19.414
25.979,27.532,-1.7066,-0.18781,41.099,21.969
25.979,27.513,0,-0.20752,40.945,3.3703
25.979,27.493,0,-0.22892,40.792,3.2115
25.441,27.47,-1.8891,-0.25016,40.557,28.258
25.249,27.445,-1.8922,-0.27278,40.35,29.243
25.051,27.417,-1.8674,-0.29638,40.127,29.627
24.859,27.388,-1.8457,-0.31968,39.874,30.027
24.859,27.356,0,-0.34169,39.622,6.0329
24.859,27.322,0,-0.36478,39.374,5.7803
24.859,27.285,0,-0.38905,39.13,5.518
24.116,27.246,-1.8762,-0.41283,38.727,33.869
24.116,27.205,0,-0.43724,38.416,7.7617
24.116,27.161,0,-0.4621,38.109,7.4386
23.547,27.115,-1.8923,-0.48919,37.711,36.461
23.547,27.066,0,-0.51582,37.357,9.0274
23.175,27.015,-1.9108,-0.54152,36.977,38.211
22.985,26.96,-1.9251,-0.56944,36.585,39.195
22.985,26.903,0,-0.59697,36.191,10.184
22.617,26.844,-1.9286,-0.62593,35.755,40.406
22.617,26.781,0,-0.6554,35.335,10.854
22.617,26.716,0,-0.68689,34.922,10.356
22.062,26.647,-1.775,-0.71702,34.426,38.26
22.062,26.575,0,-0.74787,33.971,11.753
21.729,26.5,-1.5354,-0.77669,33.477,33.738
21.58,26.423,-1.4141,-0.80484,32.997,31.534
21.443,26.342,-1.3202,-0.83193,32.504,29.865
21.443,26.259,0,-0.85739,32.018,12.333
21.193,26.173,-1.0765,-0.88345,31.523,25.706
21.091,26.085,-0.90705,-0.90577,31.029,22.995
21.004,25.994,-0.7472,-0.92598,30.537,20.581
21.004,25.902,0,-0.94289,30.043,12.095
21.004,25.808,0,-0.96065,29.557,11.555
20.803,25.711,-0.50713,-0.97702,29.054,16.748
20.803,25.614,0,-0.99257,28.568,11.366
20.803,25.514,0,-1.0069,28.092,10.841
20.803,25.414,0,-1.0176,27.626,10.344
20.803,25.312,0,-1.0306,27.17,9.8361
20.803,25.209,0,-1.0423,26.724,9.342
20.529,25.105,-0.41855,-1.0546,26.17,13.48
20.483,24.999,-0.41082,-1.066,25.725,13.028
20.483,24.893,0,-1.0765,25.279,9.1464
20.483,24.785,0,-1.085,24.844,8.6684
20.483,24.677,0,-1.0928,24.419,8.2021
20.333,24.567,-0.39306,-1.1031,23.957,11.252
20.333,24.457,0,-1.1093,23.539,7.8446
20.333,24.346,0,-1.1197,23.132,7.3748
20.21,24.234,-0.37608,-1.1293,22.697,9.9746
20.166,24.121,-0.35296,-1.1378,22.29,9.4332
20.125,24.007,-0.37673,-1.1443,21.898,9.2614
20.125,23.893,0,-1.1507,21.516,6.3457
20.125,23.778,0,-1.1545,21.145,5.9379
19.988,23.662,-0.47679,-1.1624,20.781,9.019
19.945,23.546,-0.49299,-1.1669,20.417,8.7997
19.886,23.429,-0.47734,-1.1748,20.066,8.3759
19.833,23.312,-0.46319,-1.1816,19.711,7.9584
19.789,23.194,-0.43138,-1.1846,19.36,7.4114
19.789,23.075,0,-1.1893,19.025,4.6334
19.789,22.956,0,-1.1871,18.703,4.2979
19.661,22.838,-0.47768,-1.1851,18.372,6.8146
19.661,22.719,0,-1.1875,18.06,3.992
19.567,22.6,-0.56831,-1.1847,17.747,6.8609
19.567,22.482,0,-1.1858,17.45,3.6168
19.567,22.363,0,-1.1935,17.164,3.2947
19.567,22.244,0,-1.1956,16.89,3.0047
19.325,22.124,-0.4579,-1.197,16.567,5.2153
19.274,22.005,-0.43775,-1.1925,16.299,4.8892
19.274,21.886,0,-1.1866,16.032,2.8789
19.175,21.767,-0.40658,-2.9,15.767,6.557
19.175,21.477,0,-2.9,15.522,11.36
19.175,21.187,0,-2.9,15.307,13.62
19.015,20.897,-0.73625,-2.9,15.112,7.8257
19.015,20.607,0,-2.9,14.939,17.76
18.851,20.317,-1.0953,-2.9,14.777,7.5989
18.851,20.027,0,-2.9,14.645,23.11
18.851,19.737,0,-2.9,14.542,27.755
18.851,19.447,0,-2.9,14.468,33.323
18.851,19.157,0,-2.9,14.422,40.01
18.851,18.867,0,-2.9,14.406,48.075
18.851,18.577,0,-2.9,14.419,57.863
18.851,18.287,0,-0.10891,14.461,0
18.851,18.276,0,-4.4,14.518,4890.2
18.851,17.836,0,-0.0058313,14.597,0
17.689,17.835,-1.5772,-0.06449,14.124,12.024
17.689,17.829,0,-0.13134,14.11,0.020852
17.341,17.816,-2.0179,-0.21065,14.069,20.417
17.341,17.795,0,-0.28844,14.022,0.33652
16.933,17.766,-2.1771,-0.37363,13.939,24.556
16.933,17.729,0,-4.4,13.857,258.22
16.933,17.289,0,-0.35404,13.8,0.07012
16.283,17.253,-2.1166,-0.43585,13.667,23.329
16.068,17.21,-2.0213,-4.4,13.561,0
15.865,16.77,-1.9315,-0.40447,13.453,19.269
15.663,16.729,-1.819,-4.4,13.364,0
15.473,16.289,-1.8296,-0.36207,13.264,17.216
15.282,16.253,-2.0905,-0.43363,13.185,22.76
15.282,16.21,0,-4.4,13.09,228.96
15.282,15.77,0,-0.42281,13.019,0.2004
15.282,15.727,0,-0.5292,12.972,0.062976
14.256,15.674,-2.8809,-4.4,12.757,0
14.256,15.234,0,-0.56321,12.637,0.84102
14.256,15.178,0,-4.4,12.542,230.05
13.478,14.738,-2.0521,-4.4,12.339,0
13.279,14.298,-1.834,-0.44932,12.222,17.641
13.103,14.253,-1.5733,-4.4,12.112,0
13.103,13.813,0,-0.38215,12.019,0.65664
13.103,13.775,0,-0.42279,11.95,0.51282
12.709,13.733,-0.84608,-4.4,11.822,658.43
12.616,13.293,-0.71553,-0.29451,11.744,3.871
12.616,13.263,0,-0.31859,11.678,0.65772
12.477,13.231,-0.77157,-4.4,11.607,1332.2
12.477,12.791,0,-0.16993,11.553,0.28829
12.312,12.774,-1.1359,-0.19902,11.517,7.0814
12.189,12.754,-1.2902,-0.24501,11.462,8.9037
12.06,12.73,-1.4748,-0.29269,11.391,11.381
11.903,12.701,-1.5858,-4.4,11.31,0
11.745,12.261,-1.7134,-0.22073,11.253,14.808
11.566,12.239,-1.7717,-0.28963,11.198,16.055
11.382,12.21,-1.7548,-0.35934,11.126,15.988
11.205,12.174,-1.6539,-5.2,11.033,0
11.04,11.654,-1.3122,-0.25963,10.956,9.2902
11.04,11.628,0,-0.3053,10.896,0.56338
11.04,11.597,0,-0.32835,10.838,0.45966
10.788,11.564,-0.097322,-5.2,10.759,0
10.786,11.044,0.21705,-0.10698,10.71,0
10.786,11.034,0,-0.097373,10.685,0.30363
10.786,11.024,0,-0.08386,10.661,0.31328
10.841,11.015,0.21533,-0.072873,10.648,0
10.841,11.008,0,-0.060439,10.631,0.21697
10.841,11.002,0,-0.052865,10.615,0.22104
10.899,10.997,0.35218,-0.0413,10.583,0
10.94,10.993,0.39996,-0.022304,10.572,0
10.983,10.991,0.50742,-0.0029797,10.575,0
11.034,10.99,0.61069,0.014133,10.584,0
11.086,10.992,0.72203,0.030374,10.585,0
11.157,10.995,0.84509,0.052242,10.606,0
11.157,11,0,0.075131,10.622,0
11.157,11.007,0,0.10754,10.637,0
11.157,11.018,0,0.14206,10.651,0.026568
11.597,11.032,1.6453,0.182,10.731,1.839
11.597,11.051,0,0.22755,10.786,0
11.597,11.073,0,0.27837,10.84,0
12.117,11.101,1.9604,0.33066,10.974,3.3019
12.117,11.134,0,0.38818,11.074,0
12.117,11.173,0,0.44533,11.17,0
12.727,11.218,2.0695,0.49722,11.344,3.9757
12.727,11.267,0,0.55519,11.492,0
12.727,11.323,0,0.61261,11.635,0
13.372,11.384,1.6535,0.66573,11.879,1.8177
13.372,11.451,0,0.70176,12.075,0
13.657,11.521,0.59952,0.72393,12.306,0
13.715,11.593,0.0061394,0.72183,12.51,0
13.715,11.665,0,0.70416,12.718,0
13.715,11.736,0,0.65895,12.92,0
13.715,11.802,0,0.59347,13.114,0
13.339,11.861,-2.4629,0.51062,13.282,26.606
13.087,11.912,-3.1446,0.40661,13.421,55.555
12.763,11.953,-3.4727,0.28067,13.524,77.455
12.763,11.981,0,0.15159,13.604,0
12.763,11.996,0,0.0156,13.681,0
11.695,11.998,-2.9672,-0.092375,13.61,51.02
11.695,11.988,0,-0.18358,13.58,0.2195
11.695,11.97,0,-0.24445,13.551,0.081193
11.695,11.946,0,-0.28223,13.525,0
10.961,11.917,-0.20062,-0.30074,13.311,2.087
10.961,11.887,0,-0.30185,13.217,1.319
10.961,11.857,0,-0.29421,13.126,1.2682
10.946,11.828,0.13244,-0.28422,13.05,0.93263
10.959,11.799,0.49589,-0.27293,12.973,0.39945
10.959,11.772,0,-0.25283,12.89,1.1868
11.096,11.747,1.3418,-0.2148,12.804,1.1694
11.096,11.725,0,-0.1659,12.74,0.98978
11.096,11.709,0,-0.10016,12.678,1.1407
11.628,11.699,2.5366,-0.023424,12.679,6.0462
11.628,11.696,0,0.061099,12.673,0.28922
11.628,11.702,0,0.15284,12.665,0.559
12.436,11.718,2.8868,0.24508,12.799,8.4431
12.722,11.742,2.8855,0.33483,12.876,8.5669
12.722,11.776,0,0.42048,12.972,0
12.722,11.818,0,0.50491,13.065,0
12.722,11.868,0,0.58638,13.152,0
13.837,11.927,2.6691,0.66202,13.467,7.5522
13.837,11.993,0,0.73101,13.655,0
13.837,12.066,0,0.79722,13.836,0
14.611,12.146,2.5595,0.86449,14.122,6.9993
14.611,12.232,0,0.92839,14.364,0
15.12,12.325,2.5223,0.9876,14.641,6.8306
15.12,12.424,0,1.046,14.915,0
15.632,12.528,2.48,1.1051,15.23,6.5965
15.632,12.639,0,1.1573,15.535,0
16.119,12.755,2.4289,1.2063,15.875,6.2724
16.353,12.875,2.4068,1.2512,16.217,6.1256
16.353,13,0,1.2929,16.559,0
16.823,13.13,2.3975,1.3361,16.929,6.0724
17.071,13.263,2.3511,1.3817,17.31,5.7532
17.071,13.401,0,1.4238,17.684,0
17.071,13.544,0,1.4622,18.044,0
17.786,13.69,2.3363,1.4964,18.512,5.653
17.786,13.84,0,1.532,18.915,0
17.786,13.993,0,1.5595,19.302,0
18.476,14.149,2.3462,1.5868,19.778,5.7469
18.709,14.308,2.3031,1.6161,20.223,5.4507
18.949,14.469,2.2371,1.6451,20.656,5.0155
19.166,14.634,2.2036,1.6645,21.101,4.8012
19.391,14.8,2.1893,1.6858,21.556,4.7208
19.616,14.969,2.1201,1.707,22.022,4.2604
19.828,15.139,2.0956,1.7217,22.488,4.1128
19.828,15.312,0,1.7374,22.948,0
19.828,15.485,0,1.7527,23.391,0
19.828,15.661,0,1.7667,23.817,0
19.828,15.837,0,1.7802,24.225,0
19.828,16.015,0,1.7917,24.615,0
19.828,16.194,0,1.7971,24.987,0
21.311,16.374,1.8998,1.801,25.861,2.9999
21.499,16.554,1.8253,1.8008,26.35,2.5407
21.678,16.734,1.8481,1.7972,26.837,2.7244
21.678,16.914,0,1.7945,27.322,0
22.039,17.094,1.8899,1.7927,27.838,3.0591
22.234,17.273,1.8605,1.7959,28.342,2.8962
22.234,17.452,0,1.795,28.829,0
22.608,17.632,1.7381,1.794,29.321,2.1769
22.608,17.811,0,1.7917,29.81,0
22.608,17.99,0,1.7863,30.281,0
23.147,18.169,1.7582,1.7833,30.802,2.4267
23.147,18.347,0,1.776,31.291,0
23.147,18.525,0,1.7713,31.762,0
23.68,18.702,1.8339,1.7726,32.299,3.0474
23.867,18.879,1.8028,1.7723,32.797,2.8841
24.054,19.057,1.8012,1.7719,33.296,2.9196
24.054,19.234,0,1.7675,33.787,0
24.399,19.411,1.758,1.7615,34.308,2.7061
24.575,19.587,1.7681,1.7572,34.803,2.8179
24.758,19.762,1.6902,1.7562,35.305,2.3453
24.758,19.938,0,1.7501,35.796,0
25.078,20.113,1.4326,1.7371,36.3,0.78426
25.078,20.287,0,1.7221,36.788,0
25.078,20.459,0,1.6984,37.258,0
25.43,20.629,0.87102,1.6685,37.775,0
25.512,20.796,0.79414,1.635,38.249,0
25.586,20.959,0.71337,1.6002,38.709,0
25.664,21.119,0.61901,1.5684,39.164,0
25.664,21.276,0,1.5315,39.611,0
25.779,21.429,0.45066,1.4944,40.05,0
25.818,21.579,0.31263,1.4532,40.482,0
25.818,21.724,0,1.4095,40.898,0
25.854,21.865,0.13303,1.3619,41.306,0
25.869,22.001,0.15991,1.3181,41.704,0
25.877,22.133,0.22056,1.2738,42.088,0
25.877,22.26,0,1.2342,42.456,0
25.877,22.384,0,1.2013,42.811,0
25.877,22.504,0,1.1764,43.155,0
25.877,22.622,0,1.1522,43.486,0
25.877,22.737,0,1.1331,43.806,0
26.16,22.85,0.56996,1.1144,44.169,0
26.16,22.961,0,1.0965,44.494,0
26.16,23.071,0,1.076,44.808,0
26.16,23.179,0,1.0603,45.112,0
26.392,23.285,0.61909,1.0398,45.448,0
26.457,23.389,0.65098,1.0256,45.765,0
26.457,23.491,0,1.012,46.066,0
26.457,23.592,0,0.99602,46.358,0
26.634,23.692,0.67564,0.97912,46.66,0
26.693,23.79,0.75221,0.96517,46.962,0
26.766,23.887,0.74645,0.95604,47.255,0
26.766,23.982,0,0.94715,47.538,0
26.766,24.077,0,0.93777,47.812,0
26.977,24.171,0.71255,0.92861,48.123,0
27.042,24.263,0.56048,0.91807,48.403,0
27.102,24.355,0.50664,0.90663,48.687,0
27.148,24.446,0.50398,0.89105,48.966,0
27.148,24.535,0,0.87468,49.232,0
27.148,24.623,0,0.85759,49.489,0
27.282,24.708,0.47065,0.8456,49.755,0
27.329,24.793,0.4467,0.83216,50.013,0
27.329,24.876,0,0.81781,50.263,0
27.329,24.958,0,0.79975,50.504,0
