7.5,7.5,-1.1905,0,35.5,6.9504
7.3813,7.5,-1.2131,6.7,35.503,88.738
7.3813,8.17,0,6.7,35.458,66.315
7.3813,8.84,0,6.7,35.345,70.975
7.3813,9.51,0,6.7,35.166,75.668
7.3813,10.18,0,6.7,34.92,80.39
6.9278,10.85,-0.65666,-0.23186,34.476,19.979
6.9278,10.827,0,-0.23811,34.085,12.65
6.9278,10.803,0,-0.24467,33.696,12.49
6.7256,10.779,-0.6779,-0.25201,33.292,20.818
6.6494,10.753,-0.69916,-0.25968,32.89,21.325
6.6494,10.727,0,-0.26769,32.481,13.269
6.6494,10.701,0,-0.27596,32.075,13.08
6.6494,10.673,0,-0.28374,31.671,12.891
6.6494,10.645,0,-0.29118,31.27,12.703
6.6494,10.616,0,-0.29963,30.872,12.504
6.2398,10.586,-0.63438,-0.30865,30.352,21.384
6.1681,10.555,-0.64418,-0.31815,29.912,21.659
6.1009,10.523,-0.60756,-0.32768,29.467,21.285
6.0338,10.49,-0.59842,-0.33763,29.014,21.266
6.0338,10.456,0,-0.34772,28.57,14.3
5.9074,10.422,-0.58584,-0.35739,28.13,21.243
5.9074,10.386,0,-0.36811,27.681,14.411
5.7897,10.349,-0.65321,-0.37805,27.228,22.198
5.7196,10.311,-0.68618,-0.39006,26.767,22.718
5.6503,10.272,-0.7136,-0.40245,26.304,23.153
5.6503,10.232,0,-0.41523,25.844,14.542
5.6503,10.19,0,-0.42995,25.388,14.228
5.4331,10.147,-0.70711,-0.44344,24.902,23.198
5.4331,10.103,0,-0.45755,24.433,14.639
5.3063,10.057,-0.69211,-0.4721,23.947,22.92
5.3063,10.01,0,-0.48718,23.475,14.571
5.1768,9.9614,-0.64431,-0.50334,22.989,22.157
5.1768,9.9111,0,-0.51964,22.513,14.466
5.1768,9.8591,0,-0.53622,22.042,14.09
5.0012,9.8055,-0.46464,-0.55263,21.554,19.509
4.9501,9.7502,-0.30876,-0.56942,21.077,17.533
4.9501,9.6933,0,-0.58389,20.6,14.015
4.9101,9.6349,0.0077542,-0.59643,20.14,13.762
4.9057,9.5753,0.13218,-0.60919,19.662,12.339
4.9231,9.5143,0.16942,-0.61819,19.209,11.63
4.9231,9.4525,0,-0.6288,18.753,12.68
4.9564,9.3896,0.12974,-0.63739,18.302,11.125
4.9564,9.3259,0,-0.64686,17.862,11.823
4.9767,9.2612,0.042429,-0.65728,17.438,11.029
4.9835,9.1955,0.024581,-0.66837,17.005,10.778
4.9835,9.1286,0,-0.67763,16.587,10.618
4.9835,9.0609,0,-0.68793,16.176,10.256
4.9835,8.9921,0,-0.69901,15.772,9.8896
4.9835,8.9222,0,-0.71195,15.375,9.5113
4.9685,8.851,-0.31172,-0.72843,14.984,11.684
4.9331,8.7782,-0.39797,-0.74699,14.592,12.155
4.9331,8.7035,0,-0.76862,14.211,8.4676
4.9331,8.6266,0,-0.79066,13.838,8.031
4.9331,8.5475,0,-0.81196,13.473,7.6002
4.9331,8.4663,0,-0.83358,13.115,7.17
4.9331,8.383,0,-0.85476,12.766,6.7457
4.6656,8.2975,-0.31766,-0.87431,12.35,9.5454
4.6656,8.2101,0,-0.89345,11.991,6.8828
4.6656,8.1207,0,-0.91457,11.641,6.4478
4.6656,8.0293,0,-0.93234,11.3,6.0356
4.6656,7.936,0,-0.95396,10.969,5.612
4.4864,7.8406,-0.41563,-0.97565,10.611,8.4235
4.4864,7.7431,0,-0.99764,10.281,5.3615
4.4864,7.6433,0,-1.025,9.9602,4.92
4.4864,7.5408,0,-1.0502,9.6497,4.5001
4.4864,7.4358,0,-1.0787,9.3495,4.0827
4.2117,7.3279,-0.65676,-1.1046,9.0053,8.4051
4.2117,7.2174,0,-1.1354,8.6992,4.0335
4.2117,7.1039,0,-5.2,8.4043,13.78
4.2117,6.5839,0,-5.2,8.1411,12.714
4.2117,6.0639,0,-8.8,7.9299,4.0834
4.0021,5.1839,0.032101,-0.37276,7.7062,1.6428
4.0067,5.1466,0.12234,-0.36553,7.5936,1.3228
4.0067,5.1101,0,-8.8,7.4815,0.15317
4.0294,4.2301,0.20693,-0.054123,7.4179,0
4.0577,4.2247,0.19014,-0.045082,7.4059,0
4.0671,4.2202,0.18166,-0.041494,7.3829,0
4.0671,4.216,0,-0.033176,7.3678,0.23946
4.1159,4.2127,0.14641,-0.026256,7.3706,0
4.1159,4.2101,0,-0.023332,7.361,0.14525
4.1476,4.2077,0.12296,-0.01634,7.3594,0
4.1524,4.2061,0.17847,-0.01461,7.3481,0
4.1792,4.2046,0.23001,-0.0069328,7.3427,0
4.2054,4.2039,0.27943,0.0016271,7.3449,0
4.2054,4.2041,0,0.02701,7.345,0.055939
4.2603,4.2068,0.36182,0.061675,7.3521,0
4.2603,4.213,0,0.089532,7.3572,0.102
4.2603,4.2219,0,0.11675,7.3615,0.19028
4.359,4.2336,0.27519,0.14352,7.3858,0
4.359,4.248,0,0.14812,7.3976,0.10546
4.3915,4.2628,0.2175,0.14591,7.3979,0
4.3915,4.2774,0,0.1559,7.4101,0.11833
4.4429,4.2929,0.23783,0.16856,7.4257,0
4.4647,4.3098,0.25854,0.17321,7.4393,0
4.4647,4.3271,0,0.188,7.4539,0.1489
4.5167,4.3459,0.27767,0.18894,7.4642,0
4.5511,4.3648,0.28358,0.205,7.4807,0
4.5804,4.3853,0.26033,0.21335,7.4964,0
4.5804,4.4066,0,0.22168,7.5148,0.15553
4.5804,4.4288,0,0.22748,7.5311,0.2248
4.6677,4.4516,0.2488,0.23192,7.5445,0
4.6677,4.4748,0,0.23594,7.5649,0.14929
4.6677,4.4984,0,0.23828,7.5831,0.21248
4.6677,4.5222,0,0.25044,7.5988,0.30591
4.6677,4.5472,0,0.25678,7.6121,0.38721
4.6677,4.5729,0,0.28126,7.6229,0.52903
4.9115,4.601,0.72199,0.31998,7.6723,0
4.9869,4.633,0.83837,0.36153,7.6965,0
4.9869,4.6692,0,0.41243,7.7301,0.37343
5.1677,4.7104,0.98457,0.45865,7.7783,0
5.2715,4.7563,1.0044,0.51184,7.8366,0
5.3744,4.8075,1.0148,0.55704,7.896,0
5.3744,4.8632,0,0.58642,7.9499,0.45112
5.3744,4.9218,0,0.61372,7.9981,0.72064
5.3744,4.9832,0,0.64116,8.0403,1.0114
5.7692,5.0473,1.0675,0.67251,8.1489,0
5.885,5.1146,1.0679,0.70763,8.2218,0
5.9824,5.1853,1.0589,0.72233,8.3106,0
6.0937,5.2576,1.0543,0.74729,8.3975,0
6.205,5.3323,1.0222,0.76911,8.4876,0
6.3023,5.4092,0.98352,0.77632,8.5849,0
6.3976,5.4868,0.97421,0.78087,8.6827,0
6.3976,5.5649,0,0.7936,8.7699,0.3099
6.6041,5.6443,0.93173,0.79935,8.8616,0
6.6041,5.7242,0,0.80356,8.9536,0.21167
6.8026,5.8046,0.92162,0.80925,9.0632,0
6.8883,5.8855,0.90446,0.80209,9.1606,0
6.9742,5.9657,0.8221,0.79627,9.2606,0
7.0565,6.0453,0.69912,0.78788,9.3534,0
7.0565,6.1241,0,0.76475,9.4506,0
7.0565,6.2006,0,0.74223,9.54,0.053407
7.0565,6.2748,0,0.70423,9.6219,0.12307
7.0565,6.3452,0,0.65755,9.6966,0.1515
7.0565,6.411,0,0.60727,9.7644,0.15544
7.0565,6.4717,0,0.55149,9.8259,0.12896
7.0565,6.5269,0,0.49985,9.8816,0.10425
7.0565,6.5768,0,0.46171,9.9321,0.11146
7.0565,6.623,0,0.41845,9.9778,0.093998
7.1656,6.6649,-0.59106,0.35701,10.166,2.313
7.1656,6.7006,0,0.28223,10.214,0
7.0171,6.7288,-1.0402,0.20372,10.246,5.6696
6.9089,6.7492,-1.1622,0.11252,10.264,6.7807
6.7897,6.7604,-1.1422,0.020617,10.283,6.476
6.6682,6.7625,-0.97483,-0.024636,10.275,5.1555
6.5722,6.76,-0.78171,-0.049122,10.27,3.87
6.4972,6.7551,-0.54954,-0.067743,10.239,2.5504
6.4972,6.7483,0,-0.079546,10.213,0.35224
6.4155,6.7404,-0.24105,-0.085786,10.192,1.2464
6.4155,6.7318,0,-0.091213,10.16,0.46663
6.3698,6.7227,-0.23079,-0.094154,10.111,1.256
6.3698,6.7133,0,-0.098595,10.076,0.50878
6.3698,6.7034,0,-0.10457,10.042,0.47264
6.3698,6.6929,0,-0.10868,10.009,0.4401
6.2702,6.6821,-0.22473,-0.1116,9.9765,1.335
6.2519,6.6709,-0.21686,-0.11419,9.9313,1.3163
6.2224,6.6595,-0.17621,-0.11985,9.8829,1.1991
6.2224,6.6475,0,-0.12451,9.8398,0.6268
6.1834,6.6351,-0.083506,-0.12483,9.8126,0.9193
6.1834,6.6226,0,-0.1225,9.768,0.66374
6.1692,6.6103,0.036679,-0.12334,9.7196,0.57551
6.1762,6.598,0.059018,-0.11875,9.6673,0.49304
6.1762,6.5861,0,-0.11226,9.6257,0.62344
6.1762,6.5749,0,-0.10947,9.5853,0.60516
6.1928,6.5639,0.11626,-0.10621,9.5397,0.29755
6.2028,6.5533,0.11257,-0.10089,9.4968,0.27449
6.2237,6.5432,0.11964,-0.092325,9.465,0.21734
6.231,6.534,0.12988,-0.087754,9.4427,0.17573
6.231,6.5252,0,-0.081251,9.4129,0.44208
6.231,6.5171,0,-0.077027,9.3838,0.43438
6.231,6.5094,0,-0.070207,9.3556,0.43389
6.2806,6.5024,0.15402,-0.065159,9.3315,0.024102
6.2935,6.4959,0.15339,-0.059652,9.3066,0
6.2935,6.4899,0,-0.0535,9.2866,0.29469
6.2935,6.4845,0,-0.04836,9.2673,0.29507
6.3387,6.4797,0.20231,-0.041773,9.2617,0
6.3387,6.4755,0,-0.036394,9.2478,0.20625
6.3387,6.4719,0,-0.029572,9.2343,0.21395
6.3387,6.4689,0,-0.021182,9.2211,0.22686
6.3387,6.4668,0,-0.014751,9.2082,0.23724
6.4375,6.4653,0.32986,-0.008297,9.2125,0
6.4746,6.4645,0.44298,0.0069297,9.2147,0
6.4746,6.4652,0,0.036751,9.2157,0.060567
6.4746,6.4689,0,0.079407,9.2164,0.16969
6.6432,6.4768,0.63137,0.11432,9.2442,0
6.6974,6.4882,0.5883,0.14372,9.2727,0
6.6974,6.5026,0,0.1689,9.2929,0
6.8052,6.5195,0.32879,0.19594,9.3365,0
6.8052,6.5391,0,0.20238,9.3641,0
6.8402,6.5593,-0.10977,0.19153,9.3869,0.12588
6.8402,6.5785,0,0.16413,9.4141,0
6.8402,6.5949,0,0.12754,9.4394,0
6.8402,6.6077,0,0.069674,9.4633,0
6.6275,6.6146,-1.0836,0.0086908,9.4253,5.8886
6.6275,6.6155,0,-0.026182,9.4266,0
6.6275,6.6129,0,-0.058889,9.4279,0
6.2964,6.607,-0.96375,-0.091931,9.3868,5.5618
6.2964,6.5978,0,-0.11631,9.3562,0.37582
6.1462,6.5862,-0.38713,-0.1315,9.3118,2.023
6.1149,6.573,-0.12828,-0.13787,9.2617,1.0346
6.1149,6.5592,0,-0.14114,9.2165,0.62853
6.0893,6.5451,0.1282,-0.13889,9.1669,0.37811
6.0893,6.5312,0,-0.13076,9.122,0.64905
6.0893,6.5182,0,-0.12417,9.0785,0.63618
6.0893,6.5057,0,-0.11749,9.0362,0.62501
6.1269,6.494,0.090812,-0.11443,8.994,0.32284
6.1434,6.4825,0.12591,-0.10622,8.9588,0.21838
6.1627,6.4719,0.17674,-0.097213,8.9283,0.094901
6.1851,6.4622,0.17541,-0.087465,8.8981,0.0552
6.1851,6.4535,0,-0.079563,8.8709,0.3895
6.1851,6.4455,0,-0.070111,8.8444,0.39455
6.2299,6.4385,0.12824,-0.06646,8.8265,0.03965
6.2299,6.4318,0,-0.057834,8.806,0.29659
6.2299,6.4261,0,-0.053641,8.7861,0.29383
6.2299,6.4207,0,-0.045096,8.7668,0.30212
6.2299,6.4162,0,-0.036967,8.7479,0.31145
6.2299,6.4125,0,-0.031094,8.7295,0.31734
6.2299,6.4094,0,-0.022329,8.7114,0.33158
6.3788,6.4071,0.47621,-0.0091231,8.7391,0
6.4323,6.4062,0.58221,0.017367,8.7305,0
6.4323,6.408,0,0.060639,8.733,0.083379
6.5579,6.414,0.60262,0.095709,8.7513,0
6.6163,6.4236,0.5646,0.12806,8.7639,0
6.665,6.4364,0.4976,0.15164,8.7798,0
6.665,6.4516,0,0.17556,8.802,0
6.665,6.4691,0,0.19564,8.8224,0.03418
6.7949,6.4887,0.16779,0.2021,8.8632,0
6.8065,6.5089,0.047483,0.19613,8.9008,0
6.8065,6.5285,0,0.19051,8.9296,0
6.8065,6.5476,0,0.16746,8.9564,0
6.7796,6.5643,-0.40712,0.14106,8.9856,1.2366
6.7383,6.5784,-0.54156,0.10458,9.0046,1.9176
6.6807,6.5889,-0.68254,0.060006,9.0186,2.7496
6.6133,6.5949,-0.84791,0.012002,9.0273,3.8899
6.5346,6.5961,-0.96375,-0.019376,9.0221,4.9489
6.4337,6.5941,-1.0744,-0.050609,9.0199,6.1768
6.3268,6.5891,-1.1638,-0.083127,8.9895,7.3151
6.3268,6.5808,0,-0.11755,8.9637,0.27371
6.3268,6.569,0,-0.15397,8.9389,0.17623
5.9827,6.5536,-1.0529,-0.18453,8.8521,6.9144
5.9827,6.5352,0,-0.21704,8.7959,0.68329
5.7706,6.5135,-0.80864,-0.24436,8.7233,5.1363
5.6844,6.489,-0.71037,-0.26717,8.6526,4.5165
5.617,6.4623,-0.67895,-0.28368,8.5739,4.3596
5.5523,6.4339,-0.66881,-0.29935,8.4889,4.34
5.4809,6.404,-0.70487,-0.31714,8.4028,4.6481
5.4809,6.3723,0,-0.33803,8.3121,1.1402
5.3258,6.3385,-0.69676,-0.35717,8.2145,4.7055
5.3258,6.3028,0,-5.2,8.115,28.743
5.3258,5.7828,0,-0.19941,8.0433,0.51909
5.3258,5.7628,0,-0.21632,7.9986,0.44133
5.3258,5.7412,0,-0.22746,7.956,0.37511
5.3258,5.7184,0,-8.8,7.9156,19.98
5.3258,4.8384,0,0.18631,7.9203,0
5.3258,4.8571,0,0.17047,7.9681,0
5.3258,4.8741,0,0.17491,8.0142,0
5.0758,4.8916,0.19643,0.17538,7.874,0
5.0758,4.9092,0,0.17808,7.8915,0.055611
5.0758,4.927,0,0.18369,7.9073,0.11116
5.1465,4.9453,0.21862,0.18947,7.9405,0
5.1616,4.9643,0.25668,0.18516,7.9631,0
5.1616,4.9828,0,0.18871,7.9819,0.055309
5.2088,5.0017,0.26313,0.19286,8.0077,0
5.2088,5.021,0,0.19792,8.0274,0.058661
5.2613,5.0407,0.2816,0.20352,8.0437,0
5.2897,5.0611,0.30196,0.20987,8.0591,0
5.2897,5.0821,0,0.221,8.0809,0.07405
5.3498,5.1042,0.42548,0.22385,8.1198,0
5.3498,5.1266,0,0.23241,8.1433,0.068172
5.3498,5.1498,0,0.25896,8.1644,0.1976
5.4922,5.1757,0.71547,0.28419,8.1954,0
5.5565,5.2041,0.79545,0.31462,8.2286,0
5.5565,5.2356,0,0.34898,8.2623,0.16501
5.7212,5.2705,0.8485,0.39813,8.3251,0
5.7212,5.3103,0,0.42979,8.3682,0.18701
5.8814,5.3533,0.87007,0.45902,8.4174,0
5.8814,5.3992,0,0.49487,8.4679,0.21206
6.0568,5.4487,0.84786,0.51911,8.5279,0
6.1502,5.5006,0.8698,0.54994,8.5996,0
6.1502,5.5556,0,0.56983,8.6618,0.16437
6.3219,5.6126,0.97306,0.58922,8.7429,0
6.4232,5.6715,1.0111,0.61809,8.8148,0
6.5343,5.7333,1.0343,0.6513,8.884,0
6.6469,5.7984,1.0497,0.68283,8.9692,0
6.7615,5.8667,1.0598,0.7116,9.0468,0
6.8677,5.9379,1.0432,0.73077,9.1316,0
6.9722,6.0109,1.0756,0.74766,9.2358,0
6.9722,6.0857,0,0.76621,9.3282,0.054793
6.9722,6.1623,0,0.77655,9.413,0.31066
6.9722,6.24,0,0.7958,9.4901,0.61452
6.9722,6.3196,0,0.81092,9.5593,0.91941
7.5139,6.4006,0.97543,0.81796,9.7468,0
7.6076,6.4824,0.98193,0.81768,9.8597,0
7.6076,6.5642,0,0.81916,9.9681,0
7.6076,6.6461,0,0.82551,10.068,0.061157
7.8973,6.7287,0.81324,0.8223,10.197,0
7.8973,6.8109,0,0.80845,10.31,0
8.044,6.8918,0.54321,0.79477,10.43,0
8.1023,6.9712,0.38669,0.77245,10.538,0
8.1317,7.0485,0.32513,0.73361,10.658,0
8.1642,7.1218,0.33144,0.70017,10.767,0
8.1642,7.1919,0,0.66932,10.868,0
8.1642,7.2588,0,0.64241,10.962,0
8.1642,7.323,0,0.61683,11.049,0
8.2778,7.3847,0.12035,0.58287,11.158,0
8.2811,7.443,-0.068051,0.5435,11.243,0
8.2811,7.4973,0,0.50317,11.324,0
8.2346,7.5477,-0.67503,0.44082,11.405,2.6227
8.1679,7.5917,-0.93911,0.36813,11.476,4.6407
8.0825,7.6286,-1.1611,0.28904,11.535,6.7444
8.0825,7.6575,0,0.20177,11.579,0
8.0825,7.6776,0,0.10484,11.62,0
7.7219,7.6881,-1.2795,0.021356,11.602,7.9325
7.5991,7.6903,-1.3463,-0.022424,11.601,9.0063
7.5991,7.688,0,-0.0536,11.592,0.070002
7.3149,7.6827,-2.1969,-0.091021,11.548,25.3
7.0983,7.6736,-2.9036,-0.14322,11.497,49.592
7.0983,7.6592,0,-0.2124,11.441,0.71291
7.0983,7.638,0,-0.29881,11.386,0.48169
6.0427,7.6081,-4.4982,-0.4044,11.18,16.919
5.5966,7.5677,-4.5703,-0.52013,10.999,17.222
5.1418,7.5157,-4.2863,-0.64252,10.782,16.987
4.7166,7.4514,-3.8196,-0.76412,10.517,16.403
4.7166,7.375,0,-0.88082,10.247,3.9993
4.0098,7.2869,-2.8737,-0.98834,9.8954,14.93
4.0098,7.1881,0,-1.0891,9.5727,4.7151
4.0098,7.0792,0,-1.1837,9.2603,4.0371
3.2814,6.9608,-1.8281,-1.2694,8.8515,12.575
3.0991,6.8339,-1.6084,-1.3573,8.4743,11.776
3.0991,6.6981,0,-5.2,8.1076,4.9057
2.814,6.1781,-1.1377,-5.2,7.7442,0
2.814,5.6581,0,-8.8,7.4338,0
2.814,4.7781,0,-8.8,7.1933,0
2.5635,3.8981,-0.40101,-0.36231,7.0031,4.022
2.5314,3.8619,-0.15196,-8.8,6.8671,0
2.5112,2.9819,0.05553,-0.10101,6.7767,0.64899
2.5112,2.9718,0,-0.098176,6.7301,0.77719
2.5438,2.962,0.28931,-0.091099,6.6852,0.13097
2.5438,2.9529,0,-0.082677,6.6439,0.69832
2.5438,2.9446,0,-0.075603,6.6034,0.69798
2.5438,2.937,0,-0.069241,6.5637,0.69742
2.5438,2.9301,0,-0.060706,6.5247,0.70429
2.5438,2.924,0,-0.054838,6.4864,0.70599
2.7025,2.9186,0.19586,-0.048253,6.5226,0
2.7025,2.9137,0,-0.041014,6.5012,0.35645
2.7025,2.9096,0,-0.036296,6.4803,0.35881
2.7548,2.906,-0.008882,-0.034085,6.4676,0.26293
2.7475,2.9026,-0.060221,-0.03496,6.4621,0.39666
2.7475,2.8991,0,-0.035711,6.4468,0.23935
2.7475,2.8955,0,-8.8,6.4318,0
2.7475,2.0155,0,2.4764,6.461,11.514
2.7061,2.2632,-0.25238,1.291,6.517,6.0781
2.7061,2.3923,0,0.76934,6.5549,1.8192
2.7061,2.4692,0,0.50246,6.5824,0.91847
2.6544,2.5194,0.076004,0.33184,6.5827,0.34588
2.664,2.5526,0.16804,0.26872,6.6033,0
2.664,2.5795,0,0.26299,6.6131,0.49756
2.664,2.6058,0,0.25211,6.6202,0.53064
2.664,2.631,0,0.24567,6.6248,0.57503
2.7378,2.6556,0.053157,0.1871,6.6593,0.13415
2.7458,2.6743,0.10431,0.16104,6.6705,0
2.752,2.6904,0.15017,0.13747,6.6841,0
2.752,2.7041,0,0.1257,6.6896,0.19195
2.786,2.7167,0.30183,0.15244,6.6979,0
2.8182,2.732,0.38364,0.18832,6.7081,0
2.8182,2.7508,0,0.24851,6.7158,0.49597
2.916,2.7756,0.64776,0.29911,6.726,0
2.916,2.8055,0,0.38808,6.7386,0.85183
3.0809,2.8444,1.0041,0.48732,6.7777,0
3.0809,2.8931,0,0.56728,6.7989,1.3247
3.0809,2.9498,0,0.69141,6.8148,2.0595
3.4308,3.019,1.4155,0.7777,6.8711,0
3.4308,3.0967,0,0.86199,6.9084,2.1983
3.713,3.1829,1.5428,0.92763,6.9673,0
3.713,3.2757,0,1.0037,7.0157,2.5606
4.0271,3.3761,1.5522,1.0473,7.0785,0
4.1877,3.4808,1.5265,1.0909,7.154,0
4.1877,3.5899,0,1.0979,7.2192,2.48
4.4772,3.6997,1.4205,1.1035,7.302,0
4.4772,3.81,0,1.0968,7.3742,2.2252
4.4772,3.9197,0,1.0987,7.4354,2.6311
4.878,4.0296,1.1281,1.0748,7.5441,0
5.0001,4.1371,0.99543,1.0564,7.6259,0
5.0001,4.2427,0,1.0046,7.7069,1.4538
5.0001,4.3431,0,0.95266,7.7776,1.5429
5.2529,4.4384,0.66098,0.91095,7.8629,0
5.3107,4.5295,0.55747,0.85205,7.941,0
5.3684,4.6147,0.35334,0.80283,8.0081,0
5.4005,4.695,0.099611,0.73666,8.0878,0.088817
5.4005,4.7687,0,0.64853,8.1546,0.33954
5.3902,4.8335,-0.47093,0.56141,8.2136,2.5105
5.3902,4.8897,0,0.45329,8.2664,0.031769
5.2786,4.935,-0.74717,0.33786,8.3012,3.8997
5.1946,4.9688,-0.75476,0.22028,8.3339,3.6837
5.1188,4.9908,-0.70995,0.12429,8.3594,3.1662
5.1188,5.0032,0,0.038953,8.3715,0
4.9884,5.0071,-0.61434,-0.0049703,8.3688,2.3906
4.9182,5.0066,-0.52138,-0.023472,8.3636,2.0309
4.9182,5.0043,0,-0.03593,8.3549,0.10109
4.9182,5.0007,0,-0.043499,8.3464,0.077756
4.9182,4.9963,0,-0.049004,8.3384,0.057544
4.9182,4.9914,0,-0.051837,8.3308,0.041902
4.7978,4.9863,-0.015402,-0.050462,8.2958,0.3207
4.7957,4.9812,-0.029914,-0.049846,8.2742,0.35096
4.7864,4.9762,-0.011525,-0.051186,8.2508,0.31284
4.7921,4.9711,0.050514,-0.048482,8.2224,0.15925
4.8043,4.9663,0.11859,-0.043908,8.2129,0.0076617
4.8043,4.9619,0,-0.03983,8.1969,0.24276
4.8043,4.9579,0,-0.032345,8.1814,0.25142
4.8043,4.9546,0,-0.024451,8.1662,0.26281
4.8043,4.9522,0,-0.016069,8.1513,0.27728
4.8043,4.9506,0,-0.0061365,8.1365,0.2976
4.9588,4.95,0.25432,0.0085397,8.1836,0
4.9588,4.9508,0,0.024988,8.1844,0.03725
4.9588,4.9533,0,0.055718,8.1851,0.11283
4.9588,4.9589,0,0.068332,8.1854,0.15536
4.9588,4.9657,0,0.075843,8.185,0.18909
4.9588,4.9733,0,0.081579,8.1839,0.22057
5.0721,4.9815,-0.015436,0.086651,8.1922,0.037224
5.0657,4.9901,-0.097287,0.072223,8.2059,0.24589
5.0525,4.9974,-0.14458,0.052608,8.2225,0.3758
5.0324,5.0026,-0.16269,0.028336,8.2229,0.42085
5.0324,5.0055,0,0.013593,8.2257,0
5.0324,5.0068,0,-0.00032338,8.2283,0
4.9771,5.0068,-0.21413,-0.0081538,8.1982,0.62048
4.9603,5.006,-0.23285,-0.01251,8.2038,0.71046
4.9603,5.0047,0,-0.017521,8.1993,0.054284
4.9603,5.003,0,-0.02204,8.1949,0.041157
4.8936,5.0008,-0.40688,-0.029543,8.1681,1.5085
4.8615,4.9978,-0.58109,-0.037623,8.1595,2.4515
4.8073,4.9941,-0.74926,-0.051736,8.1351,3.6203
4.7355,4.9889,-0.91158,-0.070318,8.1204,5.0133
4.6514,4.9818,-1.0884,-0.091957,8.1002,6.8184
4.5464,4.9726,-1.2532,-0.11956,8.0523,8.8481
4.4124,4.9607,-1.3049,-0.15474,8.0094,9.8118
4.4124,4.9452,0,-0.18868,7.9554,0.70848
4.4124,4.9264,0,-0.22544,7.903,0.58156
4.0066,4.9038,-1.1892,-0.26083,7.8076,9.3853
4.0066,4.8777,0,-0.29119,7.7192,1.2178
4.0066,4.8486,0,-0.31775,7.6335,1.0799
4.0066,4.8168,0,-0.3411,7.5509,0.9516
3.61,4.7827,-0.84807,-8.8,7.3834,0
3.61,3.9027,0,-0.095884,7.3101,0.40417
3.61,3.8931,0,-0.11993,7.2813,0.32934
3.61,3.8811,0,-0.1502,7.2536,0.24112
3.115,3.8661,-2.4118,-0.19629,7.1281,8.3494
2.8646,3.8465,-3.2342,-0.26092,7.0329,9.9048
2.8646,3.8204,0,-0.34921,6.936,1.2593
2.1331,3.7855,-4.7194,-8.8,6.7747,0
1.6697,2.9055,-4.8906,-0.26756,6.6265,12.881
1.1755,2.8787,-4.6082,-0.37866,6.4817,12.909
1.1755,2.8409,0,-8.8,6.3133,0
1.1755,1.9609,0,-0.26744,6.1908,1.0809
1.1755,1.9341,0,-8.8,6.1136,0
1.1755,1.0541,0,-0.11605,6.0817,0
1.1755,1.0425,0,-0.13431,6.0944,0
-0.53306,1.0291,-1.2941,-8.8,5.4849,0
-0.66928,0.14908,-1.1216,-1.1216,5.3577,1.7819
-0.78862,0.036911,-0.79007,-0.79007,5.2697,1.7966
-0.87505,0,-0.45522,-0.45522,5.1861,1.8981
-0.91551,0,-0.26171,-0.26171,5.0909,1.9811
-0.94556,0,-0.069414,-8.8,4.9894,0
-0.95108,0,0.12029,-8.8,4.9377,0
-0.95108,0,0,-8.8,4.8866,0
-0.95108,0,0,-8.8,4.8355,0
-0.95108,0,0,-8.8,4.7844,0
-0.91629,0,0.070052,-8.8,4.7228,0
-0.91717,0,0.17126,-8.8,4.6731,0
-0.90033,0,0.35667,-8.8,4.6272,0
-0.90033,0,0,-8.8,4.5812,0
-0.80093,0,0.73874,-8.8,4.5435,0
-0.80093,0,0,-8.8,4.5074,0
-0.80093,0,0,-8.8,4.4713,0
-0.52912,0,0.92041,-8.8,4.4763,0
-0.4427,0,0.88016,-8.8,4.4668,0
-0.4427,0,0,-8.8,4.4665,0
-0.27909,0,0.81717,-8.8,4.4919,0
-0.27909,0,0,-8.8,4.508,0
-0.10831,0,0.79096,-8.8,4.555,0
-0.037987,0,0.78368,-8.8,4.5973,0
0.040474,0,0.76956,-8.8,4.6455,0
0.040474,0,0,-8.8,4.6935,0
0.040474,0,0,-8.8,4.7415,0
0.28088,0,0.71152,-8.8,4.8128,0
0.35139,0,0.68625,-8.8,4.8983,0
0.35139,0,0,-8.8,4.9774,0
0.47499,0,0.65236,0.65236,5.0657,0
0.47499,0.065236,0,0.64031,5.11,0.95229
0.47499,0.12927,0,0.63621,5.1477,1.129
0.67631,0.19289,0.62389,0.62389,5.2216,0
0.74726,0.25528,0.58578,0.58578,5.2798,0
0.81016,0.31386,0.54888,0.54888,5.3272,0
0.86871,0.36874,0.5141,0.5141,5.3687,0
0.86871,0.42015,0,0.48468,5.4162,0.26739
0.86871,0.46862,0,0.45556,5.4586,0.29888
0.86871,0.51418,0,0.44259,5.4963,0.37639
1.0435,0.55844,0.43944,0.43944,5.5936,0
1.0808,0.60238,0.44211,0.44211,5.6403,0
1.0808,0.64659,0,0.45199,5.686,0.19791
1.1695,0.69179,0.51348,0.51348,5.7246,0
1.216,0.74314,0.66733,0.66733,5.7631,0
1.216,0.80987,0,0.84379,5.807,1.8641
1.216,0.89425,0,4.9,5.8434,37.93
1.4746,1.3842,1.3516,0.54682,5.8901,0
1.6084,1.4389,1.5782,0.96353,5.9021,0
1.6084,1.5353,0,1.2177,5.9142,5.2236
1.9494,1.6571,1.7487,1.3214,5.9441,0
2.1264,1.7892,1.7258,1.3476,5.9786,0
2.3074,1.924,1.666,1.3626,6.0044,0
2.4729,2.0602,1.546,1.3164,6.0477,0
2.6253,2.1919,1.3445,-8.8,6.0846,0
2.756,1.3119,1.1483,4.9,6.1794,16.178
2.756,1.8019,0,4.4143,6.2993,28.725
2.9593,2.2433,0.63802,2.0818,6.3931,3.6151
3.0161,2.4515,0.39588,1.4296,6.4647,2.1204
3.0161,2.5944,0,1.0732,6.514,2.9919
3.0805,2.7018,0.097043,0.8252,6.5523,1.3992
3.0805,2.7843,0,0.64138,6.5861,1.3029
3.0805,2.8484,0,0.47912,6.6125,0.8438
3.0805,2.8963,0,0.37503,6.6333,0.60354
3.1055,2.9338,0.13655,0.33081,6.6617,0.084806
3.1055,2.9669,0,0.27218,6.6772,0.38876
3.1336,2.9941,0.16392,0.26018,6.6766,0
3.1336,3.0201,0,0.24911,6.6893,0.38177
3.1637,3.0451,-0.051151,0.21623,6.7086,0.42635
3.1587,3.0667,-0.15905,0.16576,6.7146,0.69143
3.1383,3.0833,-0.26407,0.098272,6.7124,0.94033
3.1115,3.0931,-0.28642,0.032796,6.7182,0.88601
3.091,3.0964,-0.24673,-0.001223,6.7111,0.68853
3.091,3.0962,0,-0.0088905,6.7105,0
3.091,3.0953,0,-0.0098652,6.71,0
3.0512,3.0944,-0.018832,-0.0098498,6.6885,0.10962
3.0512,3.0934,0,-0.0088088,6.6842,0.068294
3.0626,3.0925,0.0095664,-0.0068523,6.6728,0.026862
3.0626,3.0918,0,-0.0085836,6.6699,0.041993
3.0492,3.091,0.073509,-0.0095554,6.6715,0
3.0621,3.09,0.20433,-0.0063866,6.663,0
3.0621,3.0894,0,-0.002566,6.6603,0.050681
3.0621,3.0891,0,0.045185,6.6576,0.15867
3.0621,3.0936,0,0.12002,6.6546,0.36157
3.2167,3.1056,0.71165,0.19471,6.6654,0
3.2167,3.1251,0,0.26745,6.6756,0.49352
3.2167,3.1518,0,0.36926,6.6834,0.91086
3.2167,3.1888,0,0.49923,6.688,1.5302
3.6121,3.2387,1.402,0.61689,6.7467,0
3.7554,3.3004,1.4656,0.73254,6.7907,0
3.7554,3.3736,0,0.82183,6.8326,1.8412
3.7554,3.4558,0,0.90386,6.8666,2.5314
4.1981,3.5462,1.4499,0.95014,6.948,0
4.1981,3.6412,0,0.99987,7.0085,2.1165
4.4788,3.7412,1.2858,0.99891,7.0737,0
4.4788,3.8411,0,1.0126,7.1425,1.8996
4.7358,3.9424,1.195,1.0028,7.221,0
4.8512,4.0426,1.1442,0.99031,7.3077,0
4.8512,4.1417,0,0.98407,7.3836,1.5164
4.8512,4.2401,0,0.97356,7.4496,1.7983
5.1751,4.3374,0.88224,0.93833,7.5426,0
5.1751,4.4313,0,0.91778,7.6217,1.0974
5.1751,4.523,0,0.88859,7.6915,1.2616
5.1751,4.6119,0,0.86228,7.7523,1.4304
5.5313,4.6981,0.82016,0.84759,7.8641,0
5.6164,4.7829,0.73962,0.83144,7.9553,0
5.6164,4.866,0,0.80775,8.0345,0.60849
5.6164,4.9468,0,0.7795,8.1055,0.73668
5.8165,5.0248,0.42138,0.74621,8.1877,0
5.8165,5.0994,0,0.70355,8.2632,0.30144
5.8165,5.1697,0,0.65807,8.3314,0.3325
5.9229,5.2355,0.26768,0.62038,8.4239,0
5.9448,5.2976,0.18167,0.57643,8.4837,0
5.9448,5.3552,0,0.53971,8.5456,0.077303
5.9448,5.4092,0,0.50285,8.6019,0.098336
5.9921,5.4595,0.0029751,0.46003,8.6722,0
5.9921,5.5055,0,0.41866,8.7232,0
5.993,5.5473,0.095708,0.37832,8.7644,0
6.0028,5.5852,0.13762,0.35199,8.8058,0
6.008,5.6204,0.18966,0.32474,8.8494,0
6.008,5.6528,0,0.31547,8.8865,0
6.008,5.6844,0,0.2993,8.9204,0.014338
6.0555,5.7143,0.10532,0.28083,8.9518,0
6.0622,5.7424,0.074036,0.26198,8.9863,0
6.0622,5.7686,0,0.24542,9.017,0
6.0703,5.7931,-0.0227,0.22474,9.0322,0
6.0703,5.8156,0,0.19857,9.0588,0
6.0703,5.8355,0,0.18252,9.0832,0
6.0694,5.8537,-0.0047138,0.17314,9.1076,0
6.0645,5.871,0.022026,0.15488,9.1297,0
6.0645,5.8865,0,0.13817,9.1483,0
6.0645,5.9003,0,0.12309,9.1654,0
6.0645,5.9127,0,0.11093,9.1812,0
6.0645,5.9238,0,0.081096,9.1958,0
6.0645,5.9319,0,0.016245,9.2094,0
5.8307,5.9335,-1.7626,-0.027973,9.2051,15.124
5.8307,5.9307,0,-0.075135,9.195,0.048832
5.4167,5.9232,-2.9332,-0.13888,9.1534,11.685
5.123,5.9093,-3.3213,-0.21751,9.0907,12.303
5.123,5.8875,0,-0.3101,9.0132,0.92548
4.4232,5.8565,-3.6924,-0.40868,8.8732,13.156
4.0554,5.8157,-3.6731,-0.5137,8.7093,13.263
4.0554,5.7643,0,-0.6238,8.5359,2.2987
3.3283,5.7019,-3.2122,-0.73461,8.2965,12.664
3.0121,5.6284,-2.8615,-0.84025,8.0441,12.047
3.0121,5.5444,0,-8.8,7.7867,0
3.0121,4.6644,0,-0.64324,7.5775,2.1002
3.0121,4.6001,0,-8.8,7.4154,0
3.0121,3.7201,0,-0.41705,7.3006,0.58824
1.9032,3.6784,-1.5717,-0.46221,6.915,7.708
1.9032,3.6322,0,-8.8,6.7398,0
1.9032,2.7522,0,-0.23745,6.6109,1.3173
1.4672,2.7284,-1.1655,-0.26515,6.4737,5.7881
1.4672,2.7019,0,-0.28852,6.3489,2.1573
1.4672,2.6731,0,-8.8,6.2269,0
1.4672,1.7931,0,-0.087298,6.1503,0.49724
1.4672,1.7843,0,-0.089054,6.1181,0.47362
1.2033,1.7754,0.31184,-0.086593,5.9637,0.3685
1.2033,1.7668,0,-0.081906,5.9069,1.0731
1.2815,1.7586,0.4699,-8.8,5.8643,0
1.2815,0.87857,0,0.48843,5.8606,0.40227
1.2815,0.92742,0,4.9,5.8985,37.722
1.4445,1.4174,0.49471,0.15844,5.9247,0
1.4445,1.4333,0,0.37627,5.9266,1.0886
1.4445,1.4709,0,0.44602,5.9259,1.4746
1.4445,1.5155,0,0.42138,5.921,1.5085
1.4445,1.5576,0,0.45628,5.9118,1.7851
1.4445,1.6033,0,0.37719,5.8982,1.5928
1.737,1.641,0.44683,0.44164,5.9528,0
1.737,1.6851,0,0.39981,5.9602,1.0611
1.8179,1.7251,0.40775,0.39404,5.9771,0
1.8179,1.7645,0,0.40362,5.9845,1.0711
1.8179,1.8049,0,0.39126,5.9878,1.1404
1.9404,1.844,0.33875,0.36764,6.0024,0
1.9755,1.8808,0.34526,0.34999,6.0148,0
2.002,1.9158,0.38864,0.3099,6.0292,0
2.002,1.9468,0,0.32353,6.0362,0.77489
2.002,1.9791,0,0.37221,6.0401,1.04
2.1484,2.0163,0.76518,0.43768,6.0606,0
2.1484,2.0601,0,0.5217,6.0716,1.4389
2.3212,2.1123,1.1706,0.64375,6.094,0
2.4457,2.1767,1.3275,0.79197,6.1249,0
2.4457,2.2558,0,0.87581,6.1478,2.7762
2.7192,2.3434,1.5273,0.98506,6.1772,0
2.7192,2.4419,0,-8.8,6.2098,0
3.0344,1.5619,1.4838,4.9,6.3105,12.763
3.0344,2.0519,0,3.8294,6.4333,22.58
3.3296,2.4349,1.2807,2.315,6.5396,0.89819
3.4608,2.6664,1.1203,1.7865,6.6236,0
3.5645,2.845,0.96147,1.466,6.6963,0
3.5645,2.9916,0,1.2678,6.761,3.524
3.7471,3.1184,0.69849,1.1193,6.8361,0
3.8121,3.2303,0.61497,0.98315,6.8873,0
3.8121,3.3287,0,0.89761,6.9406,1.8624
3.9487,3.4184,0.60149,0.82708,6.9985,0
4.0068,3.5011,0.64759,0.76245,7.0462,0
4.0068,3.5774,0,0.7134,7.093,1.1964
4.0068,3.6487,0,0.68158,7.1324,1.2823
4.0068,3.7169,0,0.6613,7.1648,1.4082
4.28,3.783,0.80644,0.67442,7.2393,0
4.28,3.8504,0,0.6861,7.2856,1.0806
4.4432,3.919,0.80796,0.67846,7.3358,0
4.4432,3.9869,0,0.68406,7.3848,0.99053
4.4432,4.0553,0,0.69255,7.427,1.2366
4.7029,4.1246,0.91494,0.70178,7.5093,0
4.7875,4.1947,0.97815,0.70367,7.5617,0
4.7875,4.2651,0,0.723,7.6175,0.95056
4.9945,4.3374,1.0816,0.74843,7.6861,0
5.1104,4.4122,1.0999,0.77801,7.744,0
5.1104,4.49,0,0.7951,7.8099,0.9521
5.3291,4.5696,1.0893,0.81021,7.874,0
5.4367,4.6506,1.045,0.82116,7.948,0
5.5431,4.7327,1.0266,0.8295,8.0281,0
5.5431,4.8156,0,0.82471,8.105,0.7473
5.7443,4.8981,1.0152,0.83386,8.2047,0
5.7443,4.9815,0,0.8435,8.2852,0.71739
5.948,5.0658,1.0291,0.83646,8.3706,0
5.948,5.1495,0,0.83435,8.4546,0.57181
6.1522,5.2329,1.0086,0.84164,8.5526,0
6.2602,5.3171,0.99768,0.8483,8.6381,0
6.2602,5.4019,0,0.84029,8.7282,0.41709
6.2602,5.486,0,0.83552,8.8098,0.64959
6.2602,5.5695,0,0.83518,8.8831,0.90444
6.63,5.653,0.80376,0.82492,9.0261,0
6.63,5.7355,0,0.80852,9.1197,0.18854
6.63,5.8164,0,0.80039,9.2051,0.39158
6.63,5.8964,0,0.78309,9.2824,0.55935
6.9335,5.9747,0.61288,0.76826,9.4417,0
6.9335,6.0515,0,0.74128,9.5337,0
6.9335,6.1257,0,0.71644,9.6182,0.094304
7.089,6.1973,0.44964,0.68968,9.7185,0
7.089,6.2663,0,0.66606,9.8042,0
7.089,6.3329,0,0.63653,9.8832,0
