9.6561,9.6561,-0.22645,0,35.5,0.61
9.6428,9.6561,-0.2511,6.7,35.5,65.952
9.6215,10.326,-0.20013,6.7,35.463,69.765
9.6215,10.996,0,6.7,35.359,70.388
9.5887,11.666,-0.16921,-0.12848,35.176,6.7584
9.5887,11.653,0,-0.12998,34.969,5.5934
9.5466,11.64,-0.14893,-0.13181,34.747,6.6621
9.5404,11.627,-0.1597,-0.13255,34.533,6.7041
9.5292,11.614,-0.16394,-0.13365,34.315,6.7184
9.503,11.6,-0.1536,-0.13568,34.105,6.6859
9.4948,11.587,-0.16192,-0.1366,33.887,6.7164
9.4686,11.573,-0.17763,-0.13866,33.677,6.8652
9.4686,11.559,0,-0.13968,33.467,5.6373
9.4324,11.545,-0.23261,-0.14177,33.254,7.2784
9.4002,11.531,-0.30064,-0.14423,33.052,7.8585
9.4002,11.517,0,-0.14636,32.84,5.6968
9.4002,11.502,0,-0.14942,32.629,5.6252
9.4002,11.487,0,-0.15326,32.419,5.5485
9.4002,11.472,0,-0.15693,32.211,5.4717
9.185,11.456,-0.54862,-0.16136,31.957,10.546
9.1327,11.44,-0.56967,-0.16561,31.732,10.895
9.1327,11.423,0,-0.17009,31.502,6.2216
9.1327,11.406,0,-0.17549,31.274,6.1258
9.1327,11.389,0,-0.18101,31.047,6.0277
8.8856,11.371,-0.57012,-0.18657,30.757,11.616
8.8276,11.352,-0.5705,-0.19178,30.504,11.775
8.8276,11.333,0,-0.1976,30.253,6.8933
8.8276,11.313,0,-0.20364,30.003,6.7799
8.642,11.293,-0.67058,-0.20901,29.723,13.341
8.642,11.272,0,-0.21562,29.459,7.2789
8.642,11.25,0,-0.22188,29.197,7.1551
8.449,11.228,-0.63718,-0.22802,28.906,13.483
8.3833,11.205,-0.58768,-0.23482,28.622,13.113
8.3267,11.182,-0.43457,-0.24105,28.332,11.67
8.3267,11.158,0,-0.24609,28.048,7.9026
8.2374,11.133,-0.4094,-0.25185,27.748,11.541
8.2374,11.108,0,-0.25679,27.459,7.9971
8.166,11.082,-0.15796,-0.26141,27.162,9.3554
8.166,11.056,0,-0.26348,26.872,8.0351
8.166,11.03,0,-0.26565,26.584,7.9138
8.166,11.003,0,-0.26685,26.299,7.7983
8.166,10.977,0,-0.26649,26.017,7.6924
8.2068,10.95,0.42305,-0.26543,25.729,4.9961
8.2572,10.923,0.51721,-0.26178,25.462,4.3537
8.3005,10.897,0.67113,-0.25878,25.194,3.585
8.3608,10.871,0.80872,-0.25379,24.938,2.9635
8.3608,10.846,0,-0.2463,24.688,6.5284
8.5429,10.821,1.0593,-0.23681,24.448,2.0104
8.639,10.798,1.1309,-0.22722,24.226,1.7435
8.7516,10.775,1.1286,-0.21547,24.023,1.5613
8.7516,10.753,0,-0.2028,23.821,4.973
8.7516,10.733,0,-0.19036,23.622,4.9655
8.7516,10.714,0,-0.17864,23.425,4.9587
9.1886,10.696,1.0935,-0.16715,23.331,0.97522
9.305,10.679,1.0859,-0.15381,23.177,0.84542
9.4184,10.664,1.0766,-0.14049,23.045,0.72819
9.5237,10.65,1.0495,-0.12794,22.927,0.6209
9.5237,10.637,0,-0.11496,22.815,2.4648
9.5237,10.626,0,-0.10352,22.704,2.4764
9.8207,10.615,0.85733,-0.091878,22.634,0.29354
9.9079,10.606,0.799,-0.081042,22.568,0.19919
9.9079,10.598,0,-0.072218,22.499,1.43
9.9079,10.591,0,-0.061974,22.43,1.445
9.9079,10.585,0,-0.051762,22.362,1.4629
9.9079,10.58,0,-0.041887,22.295,1.4827
9.9079,10.575,0,-0.033515,22.228,1.5001
9.9079,10.572,0,-0.023999,22.161,1.5239
9.9079,10.57,0,-0.015769,22.095,1.5461
9.9079,10.568,0,-0.0088196,22.029,1.5663
9.9079,10.567,0,-0.0026247,21.963,1.5858
10.601,10.567,0.43162,0.022897,22.303,0
10.64,10.569,0.32426,0.047232,22.307,0
10.669,10.574,0.22545,0.063182,22.318,0
10.688,10.58,0.088382,0.071773,22.336,0
10.702,10.587,-0.0014922,0.07627,22.35,0
10.702,10.595,0,0.075236,22.361,0
10.69,10.603,-0.20201,0.057641,22.367,0.48972
10.69,10.608,0,0.036089,22.375,0
10.627,10.612,-0.37859,0.010323,22.383,1.1757
10.627,10.613,0,-0.0023784,22.384,0
10.627,10.613,0,-0.0074894,22.386,0
10.627,10.612,0,-0.015097,22.387,0
10.627,10.61,0,-0.021979,22.389,0
10.627,10.608,0,-0.02972,22.391,0
10.627,10.605,0,-0.038477,22.393,0
10.627,10.601,0,-0.04667,22.395,0
10.627,10.597,0,-0.055274,22.398,0
10.047,10.591,-0.80986,-0.064948,22.179,5.5143
9.9589,10.585,-0.83819,-0.074922,22.119,6.0484
9.8775,10.577,-0.86074,-0.084062,22.062,6.5201
9.79,10.569,-0.8757,-0.093953,21.995,6.9533
9.7047,10.559,-0.88875,-0.10357,21.923,7.3637
9.7047,10.549,0,-0.11395,21.838,1.7019
9.5146,10.538,-0.9317,-0.1254,21.741,8.4345
9.5146,10.525,0,-0.13647,21.639,2.0825
9.5146,10.511,0,-0.14705,21.539,2.0051
9.2281,10.497,-0.97169,-0.15901,21.395,9.8233
9.1328,10.481,-0.95458,-0.17048,21.258,9.9534
9.0413,10.464,-0.9576,-0.18161,21.113,10.279
8.9383,10.446,-0.9589,-0.19429,20.968,10.629
8.9383,10.426,0,-0.20702,20.818,3.2261
8.7428,10.406,-1.0403,-0.21865,20.663,12.183
8.6451,10.384,-1.082,-0.23116,20.497,12.998
8.6451,10.361,0,-0.24518,20.324,3.7851
8.4217,10.336,-1.1216,-0.26072,20.139,14.218
8.3104,10.31,-1.126,-0.27611,19.939,14.618
8.3104,10.282,0,-0.29238,19.74,4.4172
8.0904,10.253,-1.141,-0.30731,19.525,15.46
8.0904,10.222,0,-0.32521,19.31,4.805
7.855,10.19,-1.1517,-0.34264,19.07,16.268
7.7461,10.156,-1.1443,-0.35939,18.841,16.44
7.7461,10.12,0,-0.37764,18.602,5.388
7.7461,10.082,0,-0.39772,18.367,5.1502
7.7461,10.042,0,-0.41731,18.135,4.9125
7.2848,10,-1.1316,-0.4369,17.816,17.299
7.1665,9.9567,-1.1359,-0.45882,17.531,17.583
7.0503,9.9108,-1.1609,-0.48046,17.255,18.14
6.937,9.8628,-1.202,-0.50272,16.965,18.904
6.8124,9.8125,-1.1712,-0.52736,16.677,18.65
6.6874,9.7598,-1.1314,-0.55323,16.377,18.249
6.6874,9.7045,0,-0.57821,16.073,6.661
6.6874,9.6466,0,-0.60358,15.774,6.3068
6.3596,9.5863,-0.87791,-0.62852,15.433,15.082
6.2811,9.5234,-0.82613,-0.64999,15.101,14.359
6.1927,9.4584,-0.75895,-0.67431,14.767,13.508
6.1927,9.391,0,-0.69642,14.444,6.6816
6.0512,9.3214,-0.58547,-0.71644,14.111,11.388
6.0512,9.2497,0,-0.73515,13.787,6.4717
5.956,9.1762,-0.35576,-0.74893,13.47,8.9084
5.956,9.1013,0,-0.7623,13.152,6.1362
5.956,9.0251,0,-0.77195,12.841,5.8176
5.8883,8.9479,-0.059751,-0.78087,12.524,6.0705
5.8883,8.8698,0,-0.7854,12.222,5.449
5.8883,8.7913,0,-0.79586,11.928,5.135
5.8883,8.7117,0,-0.80846,11.641,4.8162
5.7638,8.6308,-0.94626,-0.83014,11.331,12.121
5.6602,8.5478,-1.2207,-0.86345,11.042,15.276
5.5417,8.4615,-1.4175,-0.90265,10.75,17.893
5.5417,8.3712,0,-0.95162,10.462,4.2251
5.2439,8.276,-1.6952,-1.0051,10.156,22.143
5.2439,8.1755,0,-1.0648,9.8581,4.0842
4.9155,8.069,-1.7873,-1.1283,9.5375,23.246
4.7451,7.9562,-1.8185,-1.198,9.2132,23.412
4.5658,7.8364,-1.8481,-5.2,8.8813,1.2891
4.5658,7.3164,0,-5.2,8.5802,18.3
4.2045,6.7964,-1.8014,-5.2,8.2855,0
4.2045,6.2764,0,-5.2,8.0523,12.01
4.2045,5.7564,0,-8.8,7.8711,3.3795
4.2045,4.8764,0,-0.35464,7.7599,0.63395
4.2045,4.8409,0,-0.39086,7.6945,0.49989
4.2045,4.8019,0,-0.42608,7.6328,0.37621
3.2978,4.7592,-1.0249,-8.8,7.2948,0
3.1961,3.8792,-0.90528,-0.17654,7.1922,6.1487
3.1961,3.8616,0,-0.20051,7.1248,0.98064
3.1961,3.8415,0,-0.2184,7.0593,0.88709
3.1961,3.8197,0,-0.2351,6.9958,0.79613
3.1961,3.7962,0,-8.8,6.9346,0
3.1961,2.9162,0,-0.01411,6.9186,0
2.8485,2.9148,0.22681,-0.013762,6.8131,0
2.8616,2.9134,0.45024,-0.010769,6.8008,0
2.8616,2.9123,0,0.0055995,6.7957,0.11798
2.9715,2.9129,0.63422,0.11622,6.7916,0
3.0433,2.9245,0.6796,0.23441,6.8,0
3.0433,2.9479,0,0.31953,6.8107,0.65329
3.2014,2.9799,0.9663,0.42443,6.8175,0
3.2014,3.0223,0,0.52355,6.8375,1.1717
3.2014,3.0747,0,0.63995,6.8528,1.835
3.2014,3.1387,0,0.7322,6.8623,2.4895
3.6819,3.2119,1.205,0.80901,6.9565,0
3.8039,3.2928,0.99326,0.84924,7.0057,0
3.8039,3.3777,0,0.84955,7.0526,1.8245
3.9772,3.4627,0.26494,0.79521,7.0981,0.22911
3.9772,3.5422,0,0.68052,7.1456,1.0409
3.9772,3.6103,0,0.55206,7.1857,0.73279
3.9212,3.6655,-1.0984,0.36599,7.245,7.7567
3.8091,3.7021,-1.4866,0.15105,7.2681,11.402
3.8091,3.7172,0,-0.015499,7.2781,0
3.4706,3.7156,-2.0683,-0.059653,7.2491,7.2444
3.2574,3.7097,-2.2031,-0.11058,7.2229,7.6188
3.0379,3.6986,-2.2735,-0.16296,7.1711,7.9
3.0379,3.6823,0,-0.21565,7.1058,0.89183
2.5932,3.6607,-2.0751,-0.27125,6.996,7.889
2.3856,3.6336,-1.8003,-0.32413,6.8702,7.5578
2.199,3.6012,-1.4612,-8.8,6.7447,0
2.199,2.7212,0,-0.13558,6.6485,0.82045
1.94,2.7076,-0.87069,-0.15695,6.5509,6.3816
1.8594,2.692,-0.71686,-0.17253,6.4732,5.2957
1.7855,2.6747,-0.55,-0.18682,6.3927,4.2505
1.7316,2.656,-0.40271,-8.8,6.3082,0
1.6872,1.776,-0.082166,-0.01243,6.2535,0.36094
1.6855,1.7748,0.42864,-0.012522,6.2422,0
1.6855,1.7735,0,-0.0056269,6.2334,0.17204
1.6855,1.773,0,0.17978,6.2246,0.67598
1.9114,1.7909,1.3368,0.4984,6.2283,0
1.9114,1.8408,0,0.77085,6.2378,2.6566
2.1834,1.9179,1.5738,0.98681,6.276,0
2.1834,2.0165,0,1.1148,6.2976,4.2076
2.519,2.128,2.1137,1.2352,6.3571,0
2.733,2.2516,2.2679,1.3943,6.4088,0
2.9558,2.391,2.2768,1.4891,6.4548,0
3.1747,2.5399,2.2505,1.5256,6.5152,0
3.4015,2.6924,2.1934,1.5613,6.5886,0
3.6149,2.8486,2.0657,1.5514,6.6634,0
3.8274,3.0037,2.1204,1.5429,6.7454,0
4.0316,3.158,2.2451,1.521,6.8261,0
4.2565,3.3101,2.2169,1.5411,6.9155,0
4.4691,3.4642,2.2055,1.5346,7.0074,0
4.689,3.6177,2.1906,1.5417,7.1105,0
4.9034,3.7718,2.1917,1.5393,7.219,0
5.1248,3.9258,2.2279,1.5486,7.3413,0
5.1248,4.0806,0,1.5551,7.4535,3.3822
5.1248,4.2361,0,1.5668,7.5501,4.0796
5.81,4.3928,2.3845,1.5895,7.7355,0
6.054,4.5518,2.1605,1.6147,7.8829,0
6.2614,4.7132,2.0224,1.5979,8.0411,0
6.2614,4.873,0,1.5878,8.188,2.2411
6.6758,5.0318,2.0878,1.5736,8.3527,0
6.889,5.1892,2.1523,1.5739,8.5255,0
6.889,5.3465,0,1.5687,8.6876,1.5649
7.3184,5.5034,2.4427,1.579,8.8765,0
7.5652,5.6613,2.5235,1.6081,9.0542,0
7.5652,5.8221,0,1.6352,9.2365,1.1931
8.0802,5.9856,2.6985,1.6756,9.457,0.19077
8.0802,6.1532,0,1.7186,9.658,0.97155
8.0802,6.3251,0,1.7614,9.8421,1.8349
8.0802,6.5012,0,1.7953,10.009,2.7102
8.0802,6.6807,0,1.8261,10.158,3.6197
8.0802,6.8633,0,1.8444,10.289,4.4968
9.7297,7.0478,2.4768,1.8538,10.903,0
9.9757,7.2332,2.3733,1.8552,11.173,0
10.205,7.4187,2.3152,1.846,11.445,0
10.435,7.6033,2.3636,1.8403,11.73,0
10.435,7.7873,0,1.84,12.004,0
10.921,7.9713,2.541,1.8475,12.297,0.08494
10.921,8.1561,0,1.8639,12.582,0
11.45,8.3424,2.6542,1.8834,12.909,0.67779
11.45,8.5308,0,1.8929,13.21,0
11.954,8.7201,2.3321,1.899,13.537,0
12.193,8.91,2.0312,1.8989,13.856,0
12.193,9.0999,0,1.8776,14.175,0
12.563,9.2876,1.6668,1.8437,14.53,0
12.721,9.472,1.5173,1.8056,14.859,0
12.721,9.6525,0,1.765,15.175,0
12.721,9.829,0,1.7202,15.473,0
13.153,10.001,1.3941,1.691,15.814,0
13.153,10.17,0,1.6531,16.121,0
13.153,10.335,0,1.62,16.411,0
13.153,10.497,0,1.5832,16.685,0
13.153,10.656,0,1.5466,16.942,0
13.765,10.81,1.1282,1.5095,17.328,0
13.875,10.961,1.0902,1.4763,17.618,0
13.875,11.109,0,1.4418,17.902,0
13.875,11.253,0,1.413,18.172,0
13.875,11.395,0,1.3793,18.427,0
13.875,11.532,0,1.346,18.668,0
14.353,11.667,0.76872,1.3131,19.028,0
14.353,11.798,0,1.2802,19.29,0
14.501,11.926,0.5808,1.2437,19.563,0
14.501,12.051,0,1.2075,19.814,0
14.618,12.171,0.49843,1.1682,20.064,0
14.618,12.288,0,1.133,20.303,0
14.618,12.402,0,1.0957,20.53,0
14.779,12.511,0.74239,1.0668,20.769,0
14.779,12.618,0,1.0492,20.991,0
14.779,12.723,0,1.0318,21.202,0
14.779,12.826,0,1.0132,21.402,0
15.09,12.927,0.73671,0.99944,21.649,0
15.172,13.027,0.71419,0.98719,21.861,0
15.172,13.126,0,0.97366,22.071,0
15.329,13.223,0.80597,0.9616,22.287,0
15.416,13.319,0.8735,0.95359,22.494,0
15.416,13.415,0,0.943,22.699,0
15.58,13.509,1.046,0.9354,22.914,0
15.58,13.603,0,0.93449,23.117,0
15.787,13.696,1.3229,0.93794,23.335,0
15.913,13.79,1.5444,0.9491,23.548,0
16.074,13.885,1.813,0.97528,23.758,0.88528
16.074,13.982,0,1.0127,23.972,0
16.469,14.084,2.1743,1.0551,24.207,2.5601
16.681,14.189,2.3331,1.0983,24.448,3.3883
16.917,14.299,2.4163,1.1498,24.706,3.8213
17.152,14.414,2.4291,1.1984,24.984,3.863
17.152,14.534,0,1.2478,25.252,0
17.656,14.659,2.6853,1.3014,25.55,5.3887
17.923,14.789,2.7641,1.3552,25.862,5.8867
18.198,14.924,2.8186,1.4101,26.187,6.2471
18.474,15.065,2.9324,1.4621,26.53,7.0286
18.474,15.211,0,1.5172,26.864,0
19.063,15.363,3.0023,1.5718,27.23,7.5884
19.063,15.52,0,1.6258,27.592,0
19.063,15.683,0,1.6784,27.939,0
19.977,15.851,3.0119,1.7277,28.407,7.845
20.278,16.024,3.0418,1.7718,28.817,8.1581
20.278,16.201,0,1.8179,29.234,0
20.904,16.382,3.1093,1.8634,29.692,8.8757
21.219,16.569,3.1378,1.9065,30.148,9.2203
21.219,16.759,0,1.945,30.604,0
21.856,16.954,3.1387,1.9884,31.1,9.5179
22.165,17.153,3.0884,2.0216,31.587,9.2919
22.476,17.355,3.0796,2.0546,32.095,9.3877
22.476,17.56,0,2.087,32.597,0
22.476,17.769,0,2.1159,33.078,0
22.476,17.981,0,2.144,33.538,0
22.476,18.195,0,2.1755,33.977,0
24.057,18.413,3.0075,2.2036,34.785,9.7641
24.36,18.633,2.8614,2.2233,35.344,8.8021
24.642,18.855,2.6218,2.2342,35.921,7.1088
24.642,19.079,0,2.237,36.488,0
25.142,19.302,2.349,2.2305,37.084,5.3727
25.377,19.526,2.2863,2.2234,37.671,5.0592
25.377,19.748,0,2.2131,38.245,0
25.835,19.969,2.3534,2.2067,38.849,5.8541
25.835,20.19,0,2.205,39.424,0
25.835,20.41,0,2.2015,39.978,0
26.572,20.631,2.4548,2.2025,40.627,7.1075
26.572,20.851,0,2.2044,41.21,0
27.071,21.071,2.1514,2.2032,41.82,5.0842
27.286,21.292,2.1359,2.1907,42.413,5.1021
27.286,21.511,0,2.1815,43.002,0
27.286,21.729,0,2.1602,43.568,0
27.286,21.945,0,2.1317,44.113,0
28.024,22.158,1.9115,2.1055,44.793,3.8553
28.216,22.368,1.7975,2.09,45.38,3.1319
28.216,22.577,0,2.0709,45.955,0
28.588,22.785,1.9757,2.0567,46.538,4.6172
28.789,22.99,1.5436,2.0466,47.11,1.646
28.943,23.195,1.1607,2.0212,47.695,0
29.065,23.397,0.80012,1.9849,48.261,0
29.153,23.596,0.50654,1.9394,48.83,0
29.153,23.789,0,1.8842,49.377,0
29.153,23.978,0,1.8191,49.904,0
29.257,24.16,0.24081,1.7594,50.43,0
29.276,24.336,0.37729,1.7002,50.942,0
29.319,24.506,0.55769,1.6509,51.423,0
29.384,24.671,0.68126,1.6118,51.901,0
29.384,24.832,0,1.5722,52.364,0
29.384,24.989,0,1.5417,52.811,0
29.384,25.143,0,1.5101,53.243,0
29.384,25.294,0,1.4779,53.659,0
29.716,25.442,0.50154,1.4419,54.152,0
29.762,25.586,0.47524,1.4052,54.574,0
29.811,25.727,0.45518,1.3708,54.979,0
29.859,25.864,0.31461,4.8,55.379,11.024
29.886,26.344,0.15992,1.1571,55.755,0
29.911,26.46,0.018824,4.8,56.096,17.512
29.911,26.94,0,0.94494,56.417,0
29.911,27.034,0,0.91057,56.71,0
29.896,27.125,-0.077672,4.8,56.975,22.818
29.896,27.605,0,0.70766,57.228,0
29.894,27.676,0.041703,0.68529,57.453,0
29.893,27.745,0.11124,0.66334,57.67,0
29.911,27.811,0.071462,4.8,57.881,24.723
29.927,28.291,-0.0010551,0.49198,58.074,0
29.924,28.34,-0.12127,0.47599,58.237,0
29.924,28.388,0,0.46068,58.393,0
29.891,28.434,-0.52634,0.43775,58.547,0
29.84,28.478,-0.70526,0.40895,58.684,0.16285
29.84,28.518,0,4.8,58.818,30.53
29.84,28.998,0,0.20146,58.926,0
29.598,29.019,-0.97356,0.16917,58.983,3.5031
29.598,29.036,0,0.13605,59.04,0
29.412,29.049,-0.97914,0.10593,59.089,4.0624
29.32,29.06,-0.92615,0.076166,59.124,3.8802
29.32,29.067,0,0.048462,59.15,0
29.161,29.072,-0.55584,0.026053,59.162,1.8473
29.161,29.075,0,0.011057,59.171,0
29.161,29.076,0,-2.175e-05,59.18,0
29.161,29.076,0,-0.0031941,59.188,0
29.161,29.076,0,-0.0069665,59.197,0
28.904,29.075,-1.0066,-0.012039,59.129,5.892
28.904,29.074,0,-0.019193,59.112,0.31791
28.904,29.072,0,-0.027702,59.095,0.29335
28.904,29.069,0,-0.037462,59.078,0.26448
28.904,29.065,0,-0.047089,59.062,0.23444
28.28,29.061,-0.96874,-0.055264,58.88,8.1637
28.28,29.055,0,-0.062239,58.802,1.6924
28.28,29.049,0,-0.066586,58.725,1.66
28.055,29.042,-0.33546,-0.070397,58.606,3.9407
28.016,29.035,-0.24047,-0.072895,58.498,3.5009
28.001,29.028,-0.22361,-0.073643,58.403,3.4335
28.001,29.02,0,-0.074453,58.3,2.3472
27.971,29.013,-0.11599,-0.075146,58.19,2.9308
27.971,29.005,0,-0.075701,58.086,2.3871
27.971,28.998,0,-0.075149,57.983,2.3668
27.971,28.99,0,-0.073374,57.881,2.3516
27.971,28.983,0,-0.070395,57.779,2.3417
27.971,28.976,0,-0.065828,57.678,2.339
27.971,28.969,0,-0.060692,57.578,2.3399
27.971,28.963,0,-0.055972,57.478,2.3407
27.971,28.958,0,-0.051468,57.379,2.342
27.971,28.953,0,-0.045699,57.281,2.3498
27.971,28.948,0,-0.040989,57.183,2.3551
27.971,28.944,0,-0.035992,57.086,2.363
28.503,28.94,0.56609,-0.032295,57.268,0
28.568,28.937,0.58228,-0.027253,57.224,0
28.625,28.934,0.58009,-0.022923,57.188,0
28.688,28.932,0.59052,-0.018043,57.162,0
28.748,28.93,0.59215,-0.013503,57.142,0
28.748,28.929,0,-0.0083469,57.124,0.36925
28.748,28.928,0,-0.0039622,57.106,0.37836
28.748,28.928,0,-0.00011079,57.088,0.38717
28.977,28.928,0.58106,0.013961,57.125,0
29.036,28.929,0.5827,0.030641,57.137,0
29.036,28.932,0,0.044649,57.147,0
29.036,28.937,0,0.05771,57.158,0
29.036,28.942,0,0.069938,57.167,0
29.236,28.949,0.58483,0.081978,57.21,0
29.286,28.958,0.58788,0.093919,57.245,0
29.286,28.967,0,0.1082,57.277,0
29.413,28.978,0.58517,0.12437,57.317,0
29.413,28.99,0,0.13569,57.36,0
29.516,29.004,0.58386,0.14612,57.412,0
29.575,29.018,0.58439,0.15897,57.458,0
29.575,29.034,0,0.17305,57.513,0
29.575,29.052,0,0.18196,57.566,0
29.575,29.07,0,0.19531,57.618,0
29.807,29.089,0.58545,0.20478,57.701,0
29.873,29.11,0.58157,0.21772,57.78,0
29.94,29.132,0.58293,0.23062,57.855,0
29.996,29.155,0.58367,0.24019,57.946,0
29.996,29.179,0,0.25112,58.029,0
30.125,29.204,0.57875,0.26287,58.119,0
30.19,29.23,0.58053,0.27394,58.216,0
30.249,29.257,0.58116,0.28277,58.306,0
30.249,29.286,0,0.29186,58.404,0
30.364,29.315,0.58618,0.29931,58.5,0
30.364,29.345,0,0.30753,58.603,0
30.364,29.376,0,0.31543,58.704,0
30.544,29.407,0.59013,0.32405,58.833,0
30.544,29.44,0,0.33311,58.945,0
30.675,29.473,0.58721,0.34284,59.068,0
30.737,29.507,0.58513,0.35054,59.18,0
30.737,29.542,0,0.35774,59.301,0
30.737,29.578,0,0.36349,59.419,0
30.737,29.614,0,0.36828,59.533,0
30.737,29.651,0,0.37434,59.643,0
30.737,29.689,0,0.38047,59.75,0
31.083,29.727,0.57701,0.3863,59.948,0
31.141,29.765,0.582,0.39161,60.077,0
31.197,29.804,0.5843,0.39645,60.218,0
31.247,29.844,0.58533,0.39922,60.364,0
31.247,29.884,0,0.40705,60.502,0
31.247,29.925,0,0.41301,60.636,0
31.247,29.966,0,-2,60.766,32.103
31.486,29.766,0.57714,-2,60.971,50.27
