18.056,18.056,-0.1666,0,35.5,0.42194
18.048,18.056,-0.23657,-0.00074636,35.49,0.66149
18.023,18.055,-0.21131,-0.003184,35.497,0.63479
18.023,18.055,0,-0.0053928,35.494,0.055132
17.98,18.055,-0.21665,-0.0072925,35.472,0.74957
17.956,18.054,-0.22361,-0.0095776,35.461,0.82824
17.956,18.053,0,-0.012424,35.451,0.17573
17.956,18.052,0,-0.013425,35.441,0.1708
17.903,18.05,-0.18079,-0.014424,35.417,0.79682
17.903,18.049,0,-0.016273,35.402,0.27213
17.859,18.047,-0.13189,-0.018429,35.383,0.73007
17.838,18.045,-0.11254,-0.02032,35.364,0.71211
17.838,18.043,0,-0.021725,35.344,0.38958
17.802,18.041,-0.10079,-0.023506,35.325,0.74675
17.797,18.039,-0.11874,-0.023789,35.298,0.80885
17.782,18.037,-0.12593,-0.025062,35.265,0.86035
17.766,18.034,-0.10001,-0.026465,35.237,0.80872
17.766,18.031,0,-0.026712,35.211,0.51411
17.766,18.029,0,-0.026413,35.184,0.50876
17.742,18.026,-0.08966,-0.028091,35.172,0.81117
17.742,18.023,0,-0.028684,35.144,0.54479
17.742,18.02,0,-0.029365,35.116,0.53639
17.716,18.017,-0.087664,-0.029941,35.085,0.84381
17.708,18.014,-0.074823,-0.030503,35.057,0.81555
17.701,18.011,-0.077203,-0.030906,35.032,0.83109
17.702,18.008,-0.079845,-0.030542,34.993,0.82993
17.688,18.005,-0.064093,-0.03168,34.96,0.80555
17.673,18.002,-0.062134,-0.032893,34.932,0.82531
17.668,17.999,-0.055583,-0.033112,34.908,0.80943
17.672,17.995,-0.047394,-0.032391,34.88,0.76831
17.674,17.992,-0.0466,-0.031942,34.848,0.75524
17.675,17.989,-0.04881,-0.031506,34.824,0.75164
17.675,17.986,-0.056503,-0.031237,34.783,0.76737
17.663,17.983,-0.042725,-0.032177,34.757,0.74596
17.663,17.98,0,-0.033207,34.726,0.61498
17.638,17.976,-0.033207,-0.034105,34.685,0.75674
17.64,17.973,-0.0355,-0.033654,34.658,0.75299
17.64,17.969,0,-0.033788,34.625,0.64423
17.631,17.966,-0.063595,-0.033916,34.589,0.84043
17.617,17.963,-0.072175,-0.03512,34.546,0.8917
17.617,17.959,0,-0.036302,34.512,0.66731
17.617,17.956,0,-0.037312,34.478,0.65601
17.617,17.952,0,-0.038588,34.444,0.64378
17.554,17.948,-0.089741,-0.040246,34.402,1.0561
17.541,17.944,-0.067778,-0.041255,34.356,1.0046
17.541,17.94,0,-0.042257,34.316,0.78552
17.541,17.936,0,-0.041866,34.276,0.77646
17.524,17.931,-0.065217,-0.041873,34.255,1.0056
17.52,17.927,-0.052292,-0.041911,34.219,0.96378
17.511,17.923,-0.062698,-0.04251,34.18,1.0082
17.511,17.919,0,-0.042918,34.139,0.80572
17.494,17.914,-0.023881,-0.043538,34.097,0.90549
17.494,17.91,-0.023618,-0.043081,34.059,0.89348
17.494,17.906,0,-0.042351,34.018,0.81547
17.497,17.902,-0.059871,-0.042084,33.986,0.98146
17.484,17.897,-0.068323,-0.043004,33.94,1.0263
17.47,17.893,-0.080184,-0.044162,33.896,1.0883
17.47,17.889,0,-0.044759,33.854,0.82647
17.448,17.884,-0.10745,-0.045741,33.804,1.2115
17.448,17.88,0,-0.047501,33.761,0.85077
17.448,17.875,0,-0.04912,33.718,0.83459
17.379,17.87,-0.28266,-0.051774,33.652,2.0528
17.351,17.865,-0.36697,-0.054232,33.608,2.5239
17.315,17.859,-0.46917,-0.057613,33.558,3.1751
17.315,17.854,0,-0.061896,33.504,1.071
17.315,17.847,0,-0.066727,33.45,1.0409
17.315,17.841,0,-0.073512,33.397,1.004
17.085,17.833,-0.75669,-0.080094,33.299,5.8782
17.001,17.825,-0.80158,-0.088555,33.213,6.5423
16.927,17.816,-0.81241,-0.095908,33.131,6.8864
16.836,17.807,-0.8324,-0.10507,33.047,7.3829
16.836,17.796,0,-0.11286,32.95,2.0273
16.836,17.785,0,-0.12105,32.855,1.9653
16.836,17.773,0,-0.12966,32.76,1.9003
16.498,17.76,-0.85863,-0.13923,32.614,8.7843
16.41,17.746,-0.86718,-0.1483,32.482,9.1677
16.41,17.731,0,-0.15679,32.349,2.9236
16.41,17.716,0,-0.16609,32.218,2.8365
16.41,17.699,0,-0.17521,32.088,2.7483
16.41,17.681,0,-0.18396,31.96,2.6601
15.975,17.663,-0.83692,-0.19361,31.739,10.262
15.9,17.644,-0.83199,-0.20144,31.575,10.428
15.9,17.624,0,-0.20969,31.401,3.9766
15.9,17.603,0,-0.21943,31.23,3.8611
15.648,17.581,-0.84956,-0.22901,31.027,11.363
15.648,17.558,0,-0.23907,30.834,4.4674
15.648,17.534,0,-0.2489,30.645,4.3373
15.378,17.509,-0.82843,-0.26,30.399,11.903
15.302,17.483,-0.79702,-0.26893,30.176,11.745
15.302,17.456,0,-0.27938,29.959,5.1184
15.147,17.428,-0.63643,-0.28755,29.715,10.446
15.147,17.399,0,-0.29606,29.489,5.384
15.147,17.37,0,-0.30267,29.265,5.2426
14.992,17.339,-0.26311,-0.3059,29.024,7.4222
14.992,17.309,0,-0.30869,28.791,5.5496
14.951,17.278,-0.052694,-0.3103,28.552,5.8919
14.938,17.247,0.0086622,-0.31146,28.322,5.4554
14.929,17.216,0.050268,-0.31191,28.096,5.1384
14.926,17.185,0.10113,-0.31177,27.866,4.7732
14.926,17.153,0,-0.30974,27.641,5.2219
14.926,17.123,0,-0.30613,27.42,5.1303
14.975,17.092,0.13533,-0.3022,27.207,4.1794
14.975,17.062,0,-0.30026,26.997,4.7742
14.975,17.032,0,-0.29787,26.79,4.682
15.012,17.002,0.18862,-0.29352,26.578,3.5778
15.041,16.973,0.15002,-0.28785,26.385,3.5909
15.041,16.944,0,-0.28359,26.194,4.2263
15.082,16.915,0.16173,-0.27887,25.998,3.28
15.096,16.887,0.12271,-0.2752,25.819,3.3345
15.096,16.86,0,-0.27022,25.642,3.829
15.096,16.833,0,-0.26695,25.467,3.7559
15.096,16.806,0,-0.2612,25.294,3.6954
15.096,16.78,0,-0.25573,25.125,3.6358
15.195,16.755,0.17791,-0.25083,24.982,2.5408
15.195,16.729,0,-0.24763,24.827,3.1972
15.213,16.705,0.17581,-0.24398,24.681,2.3875
15.232,16.68,0.10798,-0.23888,24.532,2.5324
15.232,16.656,0,-0.23635,24.389,2.9066
15.232,16.633,0,-0.23306,24.247,2.8486
15.232,16.609,0,-0.23215,24.108,2.7823
15.232,16.586,0,-0.23376,23.972,2.7065
15.232,16.563,0,-0.24077,23.837,2.6097
15.098,16.539,-0.52918,-0.24915,23.706,5.9561
15.046,16.514,-0.44809,-0.2562,23.552,5.4434
15.046,16.488,0,-0.26299,23.406,2.8522
15.046,16.462,0,-0.26596,23.263,2.7618
14.947,16.435,-0.11904,-0.26711,23.085,3.522
14.947,16.409,0,-0.26699,22.937,2.8942
14.921,16.382,-0.016711,-0.26652,22.805,2.9642
14.921,16.355,0,-0.26298,22.66,2.8273
14.921,16.329,0,-0.26089,22.518,2.7573
14.919,16.303,-0.029396,-0.25914,22.38,2.8165
14.919,16.277,0,-0.25815,22.243,2.6217
14.912,16.251,-0.063841,-0.25509,22.104,2.8455
14.907,16.226,-0.026817,-0.25311,21.979,2.6351
14.897,16.2,0.0012572,-0.25231,21.839,2.479
14.9,16.175,0.026464,-0.24884,21.707,2.3138
14.905,16.15,0.038793,-0.24503,21.581,2.1998
14.907,16.126,-0.0010582,-0.24172,21.456,2.2861
14.911,16.102,-0.045719,-0.23781,21.342,2.3939
14.899,16.078,-0.060367,-0.23729,21.224,2.4212
14.899,16.054,0,-0.23764,21.107,2.119
14.899,16.03,0,-0.23359,20.993,2.0677
14.88,16.007,-0.06723,-0.2319,20.88,2.3175
14.867,15.984,-0.035518,-0.23139,20.776,2.1673
14.856,15.961,-0.0077891,-0.23058,20.664,2.0334
14.856,15.938,0.014672,-0.22733,20.558,1.9019
14.856,15.915,0,-0.22298,20.451,1.9069
14.856,15.893,0,-0.22074,20.346,1.8544
14.856,15.87,0,-0.2148,20.244,1.8153
14.856,15.849,0,-0.20867,20.143,1.7786
14.892,15.828,0.092818,-0.2038,20.031,1.3558
14.91,15.808,0.10885,-0.19672,19.936,1.2395
14.91,15.788,0,-0.19324,19.847,1.5265
14.92,15.769,0.15642,-0.18814,19.767,1.0275
14.92,15.75,0,-0.18247,19.683,1.4372
14.92,15.732,0,-0.17532,19.601,1.413
14.96,15.714,0.082512,-0.16993,19.529,1.0478
14.971,15.697,0.0419,-0.16444,19.446,1.1066
14.971,15.681,0,-0.16117,19.374,1.1981
14.983,15.665,0.097285,-0.15607,19.305,0.88093
14.984,15.649,0.15349,-0.15291,19.241,0.72086
14.984,15.634,0,-0.14518,19.175,1.0993
15.024,15.619,0.20664,-0.13802,19.118,0.50338
15.024,15.605,0,-0.12931,19.059,0.97879
15.075,15.592,0.094258,-0.12106,18.996,0.61222
15.075,15.58,0,-0.1166,18.945,0.83292
15.092,15.569,0.10751,-0.11223,18.889,0.51511
15.1,15.557,0.11803,-0.10819,18.846,0.46317
15.114,15.547,0.10274,-0.10253,18.799,0.45514
15.114,15.536,0,-0.097843,18.756,0.68851
15.141,15.527,0.087884,-0.091998,18.725,0.41351
15.141,15.517,0,-0.085871,18.687,0.61568
15.168,15.509,0.070573,-0.081575,18.66,0.37924
15.171,15.501,0.079635,-0.079131,18.617,0.34176
15.18,15.493,0.087909,-0.075249,18.594,0.29874
15.18,15.485,0,-0.072866,18.563,0.4871
15.188,15.478,0.080797,-0.069897,18.54,0.27701
15.188,15.471,0,-0.065208,18.511,0.45515
15.219,15.464,0.11213,-0.059442,18.489,0.14891
15.219,15.458,0,-0.055706,18.464,0.38286
15.235,15.453,0.073093,-0.053071,18.433,0.18294
15.246,15.448,0.048291,-0.049017,18.415,0.20795
15.246,15.443,0,-0.045298,18.395,0.31353
15.246,15.438,0,-0.043991,18.376,0.30677
15.246,15.434,-0.10029,-0.045932,18.381,0.55401
15.236,15.429,-0.21441,-0.04725,18.365,0.92421
15.219,15.424,-0.33108,-0.050144,18.352,1.3929
15.219,15.419,0,-0.057517,18.332,0.29306
15.14,15.414,-0.60323,-0.067107,18.307,2.9221
15.087,15.407,-0.67555,-0.078836,18.269,3.4892
15.02,15.399,-0.71685,-0.093443,18.235,3.9127
14.953,15.39,-0.75927,-0.10823,18.195,4.3637
14.953,15.379,0,-0.12526,18.152,0.6279
14.953,15.366,0,-0.14259,18.11,0.55761
14.953,15.352,0,-0.16103,18.069,0.48376
14.953,15.336,0,-0.1811,18.03,0.4058
14.533,15.318,-0.83811,-0.19849,17.907,5.8796
14.458,15.298,-0.84571,-0.21388,17.821,6.0836
14.373,15.277,-0.83577,-0.23142,17.739,6.1608
14.296,15.254,-0.83778,-0.24667,17.653,6.3108
14.219,15.229,-0.82951,-0.26206,17.562,6.3697
14.219,15.203,0,-0.27796,17.463,1.5313
14.064,15.175,-0.81896,-0.2928,17.35,6.5146
13.973,15.146,-0.82535,-0.31215,17.231,6.7143
13.899,15.114,-0.82797,-0.3264,17.114,6.8282
13.822,15.082,-0.82732,-0.34181,16.984,6.914
13.74,15.048,-0.82638,-0.35835,16.857,7.0053
13.74,15.012,0,-0.37583,16.728,1.9608
13.579,14.974,-0.79469,-0.39038,16.589,6.8967
13.509,14.935,-0.80138,-0.40389,16.446,7.0012
13.432,14.895,-0.81741,-0.41887,16.302,7.1959
13.353,14.853,-0.83847,-0.43449,16.157,7.4378
13.353,14.809,0,-0.4524,16.01,2.1928
13.353,14.764,0,-0.47036,15.866,2.0178
13.093,14.717,-0.87289,-0.48999,15.675,7.92
13.007,14.668,-0.88508,-0.50789,15.51,8.0684
12.925,14.617,-0.89034,-0.52455,15.348,8.1389
12.925,14.565,0,-0.54514,15.182,2.3704
12.925,14.51,0,-0.56777,15.02,2.158
12.925,14.454,0,-0.59297,14.865,1.9436
12.513,14.394,-1.5328,-0.62121,14.623,16.198
12.513,14.332,0,-0.66314,14.438,2.4557
12.513,14.266,0,-0.71266,14.259,2.1444
11.981,14.195,-2.2927,-0.77131,14.028,32.639
11.981,14.117,0,-0.8422,13.811,2.7075
11.981,14.033,0,-0.9206,13.601,2.2895
11.254,13.941,-2.4414,-1.0024,13.302,37.409
11.017,13.841,-2.509,-1.0824,13.023,39.467
11.017,13.733,0,-1.1683,12.746,3.1725
11.017,13.616,0,-1.262,12.48,2.6765
10.244,13.49,-2.7511,-1.3622,12.12,47.303
10.244,13.353,0,-1.4746,11.802,3.2797
10.244,13.206,0,-4.4,11.498,55.359
10.244,12.766,0,-4.4,11.224,72.511
10.244,12.326,0,-4.4,10.994,96.222
10.244,11.886,0,-5.2,10.808,682.07
10.244,11.366,0,-5.2,10.67,3184.4
10.244,10.846,0,-5.2,10.584,0
7.937,10.326,-2.6392,-5.2,9.6221,0
7.6718,9.806,-2.4378,-5.2,9.3937,0
7.6718,9.286,0,-5.2,9.2063,160.76
7.2195,8.766,-1.9824,-5.2,9.0206,0
7.2195,8.246,0,-5.2,8.8919,113.15
6.8411,7.726,-1.7519,-5.2,8.778,1636
6.6696,7.206,-1.7313,-0.19762,8.7011,15.504
6.6696,7.1862,0,-0.25482,8.6485,0.52372
6.3395,7.1607,-1.6904,-5.2,8.5552,69.564
6.3395,6.6407,0,-0.16638,8.4991,0.26886
5.9912,6.6241,-1.6612,-0.22431,8.43,14.659
5.9912,6.6017,0,-0.27897,8.3679,0.66609
5.9912,6.5738,0,-5.2,8.3082,46.477
5.9912,6.0538,0,-0.19038,8.276,0
5.9912,6.0347,0,-0.24236,8.2707,0
5.9912,6.0105,0,-0.29261,8.2675,0
5.9912,5.9812,0,-8.8,8.2671,37.698
5.9912,5.1012,0,-0.083898,8.3121,0
4.6412,5.0929,-1.8269,-0.13526,7.8606,17.365
4.4485,5.0793,-1.8239,-0.19088,7.7976,17.868
4.2633,5.0602,-1.77,-0.24338,7.7354,17.383
4.2633,5.0359,0,-0.2937,7.6569,0.98388
3.9209,5.0065,-1.554,-0.34222,7.535,14.544
3.7687,4.9723,-1.4402,-8.8,7.4159,0
3.7687,4.0923,0,-0.12387,7.3395,0.40603
3.7687,4.0799,0,-0.15927,7.3078,0.30352
3.3596,4.064,-1.1651,-0.19076,7.2075,8.7064
3.3596,4.0449,0,-0.22013,7.1381,0.97446
3.3596,4.0229,0,-0.25024,7.0706,0.84735
3.3596,3.9979,0,-8.8,7.0055,0
3.3596,3.1179,0,-0.049064,6.9857,0
3.3596,3.113,0,-0.07285,7.0101,0
3.3596,3.1057,0,-0.09343,7.0351,0
2.5672,3.0963,-1.0658,-0.11766,6.798,7.3743
2.5672,3.0846,0,-0.13914,6.7456,0.79985
2.3511,3.0707,-1.0507,-0.16368,6.6681,7.8005
2.3511,3.0543,0,-0.18506,6.597,1.1134
2.1399,3.0358,-1.1162,-8.8,6.5062,0
2.0365,2.1558,-1.1985,-0.019568,6.4502,3.9398
1.9159,2.1538,-1.3147,-0.039256,6.4225,4.2911
1.7926,2.1499,-1.4748,-0.059268,6.3948,4.7257
1.7926,2.144,0,-0.084165,6.3594,0.56239
1.4709,2.1356,-1.8652,-0.1124,6.2925,5.843
1.2939,2.1243,-2.0445,-0.1425,6.2152,6.4004
1.0964,2.1101,-2.1963,-0.1771,6.1208,6.9339
1.0964,2.0924,0,-8.8,6.0204,0
1.0964,1.2124,0,-0.057667,5.9648,0.11654
0.40563,1.2066,-2.3859,-0.082637,5.8423,6.692
0.40563,1.1983,0,-0.10826,5.7626,1.5819
0.40563,1.1875,0,-0.13445,5.6839,1.4663
-0.28276,1.1741,-2.2059,-8.8,5.4907,0
-0.28276,0.29407,0,-2.0917,5.389,0
-0.71951,0.084895,-1.9412,-1.9412,5.2918,1.795
-0.71951,0,0,-1.8031,5.2211,0
-0.71951,0,0,-1.7047,5.1581,0
-1.2835,0,-1.6086,-1.6086,5.0129,2.7772
-1.4433,0,-1.5604,-8.8,4.8866,0
-1.4433,0,0,-8.8,4.7863,0
-1.4433,0,0,-8.8,4.6859,0
-1.9114,0,-1.5472,-8.8,4.5105,0
-1.9114,0,0,-8.8,4.3633,0
-1.9114,0,0,-8.8,4.2162,0
-1.9114,0,0,-8.8,4.0691,0
-1.9114,0,0,-8.8,3.9219,0
-2.6959,0,-1.5805,-8.8,3.5671,0
-2.8459,0,-1.5736,-8.8,3.3293,0
-2.9965,0,-1.5694,-8.8,3.0889,0
-3.1633,0,-1.5802,-8.8,2.8319,0
-3.1633,0,0,-8.8,2.5595,0
-3.1633,0,0,-8.8,2.2872,0
-3.1633,0,0,-8.8,2.0149,0
-3.1633,0,0,-8.8,1.7426,0
-3.956,0,-2.0872,-8.8,1.2759,0
-4.1703,0,-3.102,-12.549,0.92045,0
-4.1703,0,0,-22.072,0.56616,0
-4.892,0,-4.3173,-67.256,0.19012,0
-5.3336,0,-4.3846,-1977.1,0.0072103,0
-5.3336,0,0,-3.8782,9.3593,2.9308
-6.1534,0,-2.7704,-2.7704,8.7723,12.76
-6.4311,0,-1.8421,-1.8421,8.1487,13.33
-6.4311,0,0,-1.5476,7.5148,10.078
-6.7711,0,-1.624,-1.624,6.8503,14.027
-6.7711,0,0,-1.8918,6.1813,10.052
-6.7711,0,0,-2.2798,5.5137,9.2362
-6.7711,0,0,-8.8,4.848,0
-6.7711,0,0,-10.082,4.2149,0
-7.899,0,-3.1107,-12.511,3.3186,0
-7.899,0,0,-16.233,2.5912,0
-8.5194,0,-3.0786,-23.124,1.8104,0
-8.5194,0,0,-39.761,1.0741,0
-9.1174,0,-2.6746,-120.68,0.35222,0
-9.1174,0,0,-1834.9,0.043873,0
-9.1174,0,0,-2.2058,8.3069,14.202
-9.1174,0,0,-2.0348,7.4061,14.561
-10.063,0,-1.9811,-1.9811,6.2797,20.776
-10.063,0,0,-2.0053,5.2832,16.562
-10.461,0,-2.1366,-15.005,4.2516,0
-10.461,0,0,-19.67,3.2806,0
-10.897,0,-2.4175,-28.295,2.2943,0
-10.897,0,0,-48.642,1.3461,0
-10.897,0,0,-144.44,0.49961,0
-11.645,0,-2.6117,-2543,0.026689,0
-11.915,0,-2.3732,-2.3732,11.556,24.572
-11.915,0,0,-2.012,10.376,20.344
-11.915,0,0,-1.643,9.1944,21.12
-11.915,0,0,-1.2617,8.0111,21.921
-12.634,0,-0.94927,-0.94927,6.6733,26.046
-12.726,0,-0.86811,-0.86811,5.4117,26.234
-12.81,0,-0.87154,-20.742,4.1291,0
-12.81,0,0,-29.028,2.9518,0
-12.976,0,-0.79395,-47.477,1.8033,0
-12.976,0,0,-115.99,0.74312,0
-12.976,0,0,-32230,0.025532,0
-12.976,0,0,7.8,159.88,43.136
-13.15,0.78,0.12144,7.8,158.48,44.837
-13.138,1.56,0.26106,7.8,157.04,46.119
-13.138,2.34,0,7.8,155.53,48.266
-13.138,3.12,0,7.8,153.95,49.865
-13.06,3.9,0.35494,7.8,152.3,50.558
-13.016,4.68,0.37389,7.8,150.57,52.027
-12.979,5.46,0.38983,7.8,148.76,53.517
-12.932,6.24,0.3838,6.7,146.88,52.721
-12.932,6.91,0,6.7,144.93,54.901
-12.844,7.58,0.35103,6.7,142.92,55.355
-12.844,8.25,0,6.7,140.85,57.466
-12.776,8.92,0.35927,6.7,138.72,57.947
-12.776,9.59,0,6.7,136.51,60.076
-12.698,10.26,0.32022,6.7,134.25,60.616
-12.698,10.93,0,6.7,131.92,62.663
-12.698,11.6,0,6.7,129.53,64.036
-12.611,12.27,0.21573,4.8,127.1,60.784
-12.585,12.75,0.20532,4.8,124.59,61.736
-12.585,13.23,0,4.8,122.03,63.152
-12.585,13.71,0,4.8,119.43,64.136
-12.585,14.19,0,4.8,116.77,65.12
-12.585,14.67,0,4.8,114.07,66.104
-12.585,15.15,0,4.8,111.32,67.088
-12.477,15.63,0.07443,4.8,108.55,67.695
-12.477,16.11,0,4.8,105.72,68.836
-12.477,16.59,0,4.8,102.84,69.82
-12.477,17.07,0,4.8,99.905,70.804
-12.473,17.55,0.047351,4.8,96.939,71.68
-12.473,18.03,0,4.8,93.912,72.763
-12.477,18.51,-0.035093,4.8,90.837,73.829
-12.477,18.99,0,4.8,87.714,74.74
-12.512,19.47,-0.42165,4.8,84.547,76.681
-12.512,19.95,0,4.8,81.325,76.779
-12.629,20.43,-1.0564,4.8,78.052,80.224
-12.629,20.91,0,4.8,74.722,78.988
-12.629,21.39,0,4.8,71.344,79.972
-13.043,21.87,-2.1371,4.8,67.861,86.295
-13.25,22.35,-2.4209,4.8,64.332,88.3
-13.25,22.83,0,4.8,60.748,84.197
-13.25,23.31,0,4.8,57.116,85.181
-13.25,23.79,0,4.8,53.436,86.165
-14.347,24.27,-3.1752,-2.9991,49.492,79.68
-14.674,23.97,-3.3573,-3.386,45.63,79.306
-14.674,23.631,0,-3.8595,41.783,70.563
-15.356,23.246,-3.6396,-4.446,37.893,77.585
-15.718,22.801,-3.734,-5.1889,34.028,76.053
-16.091,22.282,-3.8077,-6.1425,30.191,73.905
-16.472,21.668,-3.8059,-7.4093,26.362,70.761
-16.472,20.927,0,-7.84,22.585,60.34
-17.223,20.143,-3.8064,-7.84,18.808,68.27
-17.601,19.359,-3.7817,-7.84,15.09,67.386
-17.601,18.575,0,-62.275,11.434,0
-18.343,12.347,-3.7011,-62.197,8.0509,0
-18.721,6.1276,-3.6599,-62.171,5.2762,0
-19.083,0,-3.6017,-62.715,3.0803,0
-19.083,0,0,-133.14,1.4856,0
-19.805,0,-3.6344,-1140.1,0.17257,0
-20.168,0,-3.6575,-56.136,3.8755,0
-20.539,0,-3.6585,-103.16,2.1199,0
-20.539,0,0,-398.29,0.58178,0
-21.278,0,-3.3285,-530.32,0.42957,0
-21.608,0,-2.9057,-250.02,0.9447,0
-21.906,0,-2.3531,-11878,0.020205,0
-22.145,0,-1.7289,7.8,57.2,65.567
-22.31,0.78,-1.0815,7.8,54.932,66.143
-22.413,1.56,-0.31569,7.8,52.588,66.345
-22.44,2.34,0.44726,7.8,50.147,66.394
-22.397,3.12,1.0649,7.8,47.635,66.607
-22.397,3.9,0,7.8,45.045,70.444
-22.397,4.68,0,7.8,42.376,72.043
-22.397,5.46,0,7.8,39.629,73.642
-22.397,6.24,0,6.7,36.805,72.929
-21.692,6.91,0.72742,6.7,34.063,71.33
-21.692,7.58,0,6.7,31.17,74.232
-21.572,8.25,0.40053,-1.8245,28.223,56.606
-21.572,8.0675,0,-2.1233,25.25,56.446
-21.482,7.8552,0.4108,-2.5115,22.297,54.147
-21.448,7.6041,0.32072,-3.0267,19.378,52.668
-21.421,7.3014,0.17958,-3.7397,16.485,50.792
-21.421,6.9274,0,-4.7745,13.632,48.228
-21.421,6.45,0,-6.3555,10.821,43.927
-21.484,5.8144,-1.0737,-7.84,8.0628,41.891
-21.484,5.0304,0,-67.413,5.3721,0
-21.484,0,0,-79.611,3.0577,0
-21.484,0,0,-192.8,1.3074,0
-22.183,0,-3.1721,-8373.5,0.029395,0
-22.183,0,0,7.8,39.678,62.011
-22.183,0.78,0,7.8,37.421,63.61
-22.183,1.56,0,7.8,35.086,65.209
-23.74,2.34,-3.2625,7.8,32.392,76.854
