9.4444,9.4444,1.9031,0,35.5,2.929
9.4444,9.4444,0,6.7,35.5,60.872
9.4444,10.114,0,6.7,35.466,65.492
9.4444,10.784,0,6.7,35.366,70.147
10.131,11.454,1.4524,-0.0796,35.35,0.94767
10.131,11.446,0,-0.071217,35.218,3.2787
10.401,11.439,1.3093,-0.063079,35.101,0.68447
10.401,11.433,0,-0.055379,34.998,2.4605
10.644,11.428,1.1445,-0.047972,34.928,0.41183
10.644,11.423,0,-0.040792,34.85,1.7821
10.858,11.419,0.93215,-0.034449,34.808,0.12151
10.858,11.415,0,-0.028486,34.752,1.2232
11.048,11.412,0.89142,-0.022476,34.713,0
11.048,11.41,0,-0.017384,34.677,0.76699
11.048,11.408,0,-0.012041,34.641,0.77813
11.308,11.407,0.84215,-0.0061245,34.646,0
11.308,11.407,0,-0.0013954,34.636,0.20406
11.468,11.406,0.76366,0.053561,34.658,0
11.541,11.412,0.71144,0.11163,34.668,0
11.541,11.423,0,0.17004,34.68,0.14689
11.541,11.44,0,0.21814,34.691,0.32107
11.541,11.462,0,0.25037,34.7,0.47224
11.541,11.487,0,0.27767,34.707,0.62383
11.868,11.515,0.45834,0.30244,34.798,0
11.905,11.545,0.47227,0.30697,34.835,0
11.905,11.575,0,0.32733,34.869,0.080021
11.999,11.608,0.48177,0.33084,34.915,0
11.999,11.641,0,0.34093,34.953,0.050241
11.999,11.675,0,0.35378,34.987,0.17254
12.153,11.711,0.48468,0.37019,35.026,0
12.208,11.748,0.47686,0.38294,35.07,0
12.257,11.786,0.45971,0.39022,35.119,0
12.257,11.825,0,0.3906,35.164,0.015012
12.346,11.864,0.41549,0.39609,35.209,0
12.346,11.904,0,0.39158,35.255,0
12.346,11.943,0,0.38303,35.298,0.062973
12.346,11.981,0,0.37427,35.336,0.13212
12.346,12.019,0,0.36103,35.371,0.18574
12.346,12.055,0,0.35415,35.401,0.25579
12.346,12.09,0,0.3369,35.429,0.29215
12.346,12.124,0,0.31108,35.453,0.29778
12.505,12.155,-0.23939,0.27864,35.56,0.68058
12.48,12.183,-0.43146,0.23625,35.598,1.5191
12.431,12.206,-0.6053,0.17751,35.618,2.4354
12.431,12.224,0,0.10773,35.64,0
12.431,12.235,0,0.042507,35.66,0
12.199,12.239,-0.97438,-0.0025442,35.642,5.0638
12.097,12.239,-1.0605,-0.009084,35.624,6.2831
11.992,12.238,-1.1782,-0.015745,35.595,7.9619
11.992,12.237,0,-0.0226,35.57,0.47782
11.743,12.234,-1.4128,-0.031462,35.521,12.085
11.743,12.231,0,-0.040394,35.472,1.0098
11.449,12.227,-1.5743,-0.050106,35.384,16.09
11.449,12.222,0,-0.059526,35.306,1.6965
11.449,12.216,0,-0.069961,35.229,1.6433
11.449,12.209,0,-0.079687,35.153,1.5906
10.835,12.201,-1.4308,-0.089656,34.948,17.1
10.835,12.192,0,-0.09864,34.811,3.29
10.563,12.182,-1.2608,-0.10761,34.64,15.913
10.563,12.172,0,-0.11551,34.479,4.0416
10.341,12.16,-0.94065,-0.12274,34.281,12.73
10.341,12.148,0,-0.12899,34.1,4.6616
10.341,12.135,0,-0.13442,33.92,4.5883
10.341,12.121,0,-0.13872,33.741,4.5193
10.341,12.108,0,-0.14205,33.564,4.454
10.341,12.093,0,-0.14388,33.388,4.3955
10.04,12.079,0.13968,-0.14476,33.101,4.639
10.061,12.064,0.32749,-0.14346,32.902,3.642
10.061,12.05,0,-0.14127,32.702,5.2533
10.128,12.036,0.38512,-0.13899,32.513,3.1489
10.163,12.022,0.51683,-0.13653,32.328,2.5679
10.221,12.008,0.52475,-0.13234,32.144,2.3768
10.221,11.995,0,-0.12795,31.966,4.5529
10.221,11.982,0,-0.12471,31.789,4.5245
10.361,11.97,0.17099,-0.12191,31.631,3.2045
10.361,11.958,0,-0.12059,31.47,3.9781
10.356,11.946,-0.36745,-0.12213,31.321,6.2095
10.31,11.933,-0.40438,-0.12566,31.158,6.6007
10.31,11.921,0,-0.12897,30.997,3.984
10.226,11.908,-0.7415,-0.13225,30.82,9.7615
10.155,11.895,-0.89907,-0.13792,30.644,11.684
10.057,11.881,-1.0134,-0.14578,30.473,13.427
10.057,11.866,0,-0.15465,30.292,4.5405
10.057,11.851,0,-0.16459,30.111,4.4365
10.057,11.834,0,-0.17463,29.933,4.3297
10.057,11.817,0,-0.18543,29.756,4.2168
9.4531,11.798,-1.275,-0.19705,29.431,19.653
9.4531,11.779,0,-0.20893,29.198,6.1327
9.4531,11.758,0,-0.22037,28.966,5.989
9.4531,11.736,0,-0.23122,28.737,5.8458
8.9732,11.713,-0.96011,-0.24186,28.424,17.043
8.8713,11.689,-0.87357,-0.25233,28.139,16.263
8.7937,11.663,-0.85436,-0.26086,27.848,16.236
8.7937,11.637,0,-0.27116,27.562,7.7968
8.6201,11.61,-0.7045,-0.28038,27.247,14.905
8.6201,11.582,0,-0.28848,26.949,8.1715
8.4916,11.553,-0.66001,-0.29635,26.642,14.636
8.4916,11.524,0,-0.30414,26.337,8.3608
8.3569,11.493,-0.81544,-0.31416,26.006,16.747
8.2755,11.462,-0.88645,-0.3246,25.695,17.848
8.2755,11.429,0,-0.33629,25.378,8.6604
8.1024,11.396,-0.90995,-0.34762,25.053,18.557
8.1024,11.361,0,-0.36095,24.726,8.9386
8.1024,11.325,0,-0.37369,24.402,8.7053
8.1024,11.287,0,-0.38689,24.081,8.4662
8.1024,11.249,0,-0.3991,23.765,8.2304
7.6743,11.209,-1.0156,-0.41183,23.343,20.824
7.5671,11.168,-1.2833,-0.42863,22.986,25.261
7.4422,11.125,-1.6094,-0.44812,22.625,31.639
7.2827,11.08,-1.8209,-0.47305,22.247,36.694
7.0994,11.033,-1.834,-0.50192,21.864,37.616
7.0994,10.982,0,-0.53198,21.473,10.47
7.0994,10.929,0,-0.56167,21.087,10.039
7.0994,10.873,0,-0.59073,20.707,9.6073
7.0994,10.814,0,-0.61743,20.333,9.1865
7.0994,10.752,0,-0.64255,19.964,8.7724
7.0994,10.688,0,-0.66704,19.602,8.3602
6.2039,10.621,-0.21487,-0.68813,18.898,13.649
6.1829,10.553,0.20005,-0.70236,18.464,9.9102
6.1829,10.482,0,-0.71054,18.031,11.065
6.2497,10.411,0.64733,-0.7138,17.595,6.4839
6.3176,10.34,0.78003,-0.71162,17.191,5.511
6.3176,10.269,0,-0.70477,16.792,9.6098
6.4872,10.198,0.94564,-0.69774,16.419,4.2048
6.4872,10.128,0,-0.68823,16.052,8.4419
6.6821,10.06,1.0164,-0.67236,15.719,3.3786
6.6821,9.9924,0,-0.65617,15.385,7.3315
6.8929,9.9268,1.1041,-0.63878,15.062,2.685
6.9976,9.8629,1.1454,-0.61926,14.763,2.4161
6.9976,9.801,0,-0.59391,14.48,5.7941
6.9976,9.7416,0,-0.56974,14.203,5.7082
6.9976,9.6846,0,-0.54272,13.931,5.6458
6.9976,9.6303,0,-0.51591,13.665,5.592
6.9976,9.5787,0,-0.48756,13.404,5.5556
6.9976,9.53,0,-0.45928,13.149,5.5291
6.9976,9.484,0,-0.43207,12.898,5.5072
6.9976,9.4408,0,-0.40201,12.651,5.5101
6.9976,9.4006,0,-0.37093,12.409,5.5295
6.9976,9.3635,0,-0.34031,12.17,5.5581
6.9976,9.3295,0,-0.30526,11.936,5.6223
6.9976,9.299,0,-0.27212,11.704,5.6901
6.9976,9.2718,0,-0.24057,11.475,5.7624
6.9976,9.2477,0,-0.20872,11.249,5.8492
6.9976,9.2268,0,-0.17607,11.025,5.9538
8.681,9.2092,0.91491,-0.14537,12.193,0.23442
8.681,9.1947,0,-0.1154,12.141,0.85538
8.681,9.1832,0,-0.086041,12.09,0.91018
8.681,9.1745,0,-0.056931,12.04,0.9741
9.0676,9.1689,0.89629,-0.028162,12.083,0
9.1615,9.166,0.86507,-0.0012609,12.077,0
9.2495,9.1659,0.81296,0.040798,12.077,0
9.3306,9.17,0.72521,0.078374,12.08,0
9.3306,9.1778,0,0.11244,12.096,0
9.4767,9.1891,0.46496,0.14043,12.137,0
9.5239,9.2031,0.37805,0.15662,12.174,0
9.5544,9.2188,0.30914,0.16374,12.201,0
9.5896,9.2352,0.23749,0.17296,12.244,0
9.6223,9.2525,0.13495,0.18027,12.27,0
9.6279,9.2705,0.048127,0.17416,12.31,0
9.635,9.2879,-0.057244,0.16893,12.337,0
9.6213,9.3048,-0.19587,0.15388,12.365,0.18532
9.6213,9.3202,0,0.13786,12.396,0
9.5781,9.334,-0.40972,0.11854,12.423,1.062
9.5781,9.3458,0,0.091293,12.447,0
9.5781,9.3549,0,0.065448,12.47,0
9.5781,9.3615,0,0.036332,12.492,0
9.5781,9.3651,0,0.015131,12.513,0
9.3476,9.3666,-0.34663,-0.005132,12.501,1.0852
9.3218,9.3661,-0.28766,-0.011933,12.489,0.90345
9.302,9.3649,-0.27145,-0.016943,12.487,0.87753
9.2783,9.3632,-0.32508,-0.022903,12.478,1.122
9.2553,9.3609,-0.44198,-0.028497,12.473,1.67
9.2553,9.3581,0,-0.042028,12.463,0.12257
9.2553,9.3539,0,-0.054399,12.453,0.087894
9.0817,9.3485,-0.81229,-0.072481,12.409,4.2738
8.9941,9.3412,-0.75197,-0.094598,12.379,4.0245
8.9941,9.3317,0,-0.11378,12.345,0.45955
8.9941,9.3204,0,-0.13,12.312,0.39781
8.776,9.3074,-0.56848,-0.14694,12.241,3.2308
8.7124,9.2927,-0.43754,-0.16134,12.189,2.5964
8.7124,9.2765,0,-0.16836,12.131,0.83087
8.617,9.2597,-0.47802,-0.18124,12.057,2.9299
8.5681,9.2416,-0.37585,-0.19127,11.989,2.4542
8.5681,9.2225,0,-0.19943,11.922,0.95749
8.5681,9.2025,0,-0.20513,11.858,0.89623
8.452,9.182,-0.27468,-0.2116,11.791,2.0781
8.4328,9.1608,-0.29813,-0.21267,11.719,2.1705
8.4328,9.1396,0,-0.2147,11.647,1.0392
8.4328,9.1181,0,-0.22244,11.578,0.9682
8.4328,9.0959,0,-0.22818,11.51,0.90216
8.2927,9.073,-0.72442,-0.2354,11.42,4.719
8.2141,9.0495,-0.95044,-0.25463,11.33,6.6804
8.1102,9.024,-1.1148,-0.28103,11.248,8.4773
7.9931,8.9959,-1.2661,-0.31128,11.162,10.409
7.9931,8.9648,0,-0.34265,11.063,1.3143
7.9931,8.9305,0,-0.37463,10.968,1.1515
7.6696,8.8931,-0.26884,-0.39506,10.816,2.8015
7.6696,8.8536,0,-0.39527,10.696,1.677
7.6696,8.814,0,-0.37742,10.579,1.6322
7.7499,8.7763,0.99219,-0.34478,10.47,0.76489
7.7499,8.7418,0,-0.30149,10.369,1.4806
7.9791,8.7117,1.3597,-0.25152,10.282,1.2873
8.1115,8.6865,1.5587,-0.19914,10.209,1.791
8.1115,8.6666,0,-0.13797,10.152,0.89121
8.1115,8.6528,0,-0.071983,10.097,1.0477
8.1115,8.6456,0,-0.0041176,10.044,1.2433
8.1115,8.6452,0,0.084904,9.9902,1.5522
8.1115,8.6537,0,0.17188,9.9364,1.9116
8.1115,8.6709,0,0.24838,9.8813,2.2848
8.1115,8.6957,0,0.31709,9.8242,2.6736
8.1115,8.7274,0,0.38915,9.7641,3.1254
9.7549,8.7663,1.7591,0.45577,10.417,1.4735
9.9354,8.8119,1.7149,0.51782,10.516,1.1785
9.9354,8.8637,0,0.57679,10.626,0
9.9354,8.9214,0,0.6242,10.73,0
9.9354,8.9838,0,0.66764,10.829,0
10.558,9.0506,1.2005,0.6944,11.053,0
10.677,9.12,1.076,0.71683,11.199,0
10.677,9.1917,0,0.73473,11.352,0
10.897,9.2652,0.9889,0.75004,11.521,0
10.989,9.3402,0.95344,0.75789,11.695,0
10.989,9.4159,0,0.76463,11.856,0
11.171,9.4924,0.73005,0.76949,12.021,0
11.171,9.5694,0,0.76803,12.185,0
11.171,9.6462,0,0.76274,12.341,0
11.171,9.7224,0,0.75247,12.49,0
11.171,9.7977,0,0.73145,12.631,0
11.171,9.8708,0,0.71247,12.765,0
11.171,9.9421,0,0.69113,12.891,0
11.486,10.011,0.12348,0.6699,13.14,0
11.486,10.078,0,0.64554,13.284,0
11.5,10.143,-0.066878,0.61437,13.421,0
11.483,10.204,-0.12098,0.57861,13.56,0
11.483,10.262,0,0.54798,13.685,0
11.483,10.317,0,0.51321,13.804,0
11.435,10.368,-0.35058,0.48037,13.905,0
11.435,10.416,0,0.44667,14.01,0
11.367,10.461,-0.57539,0.40724,14.095,1.0259
11.316,10.502,-0.6894,0.36557,14.178,1.7849
11.316,10.538,0,0.32108,14.258,0
11.178,10.57,-0.86763,0.27222,14.331,3.2553
11.098,10.597,-1.1233,0.2241,14.393,5.5931
10.993,10.62,-1.1095,0.16673,14.432,5.6296
10.874,10.637,-1.1306,0.10597,14.461,6.0179
10.763,10.647,-1.218,0.05156,14.478,7.0841
10.763,10.652,0,-0.0015792,14.489,0
10.763,10.652,0,-0.031667,14.5,0
10.416,10.649,-1.0485,-0.056666,14.462,6.2356
10.302,10.643,-0.85311,-0.083182,14.427,4.8382
10.302,10.635,0,-0.10116,14.393,0.47931
10.169,10.625,-0.38913,-0.11193,14.338,2.171
10.169,10.614,0,-0.11775,14.293,0.68733
10.169,10.602,0,-0.11727,14.249,0.66172
10.169,10.59,0,-0.11298,14.207,0.64605
10.131,10.579,0.017179,-0.11214,14.146,0.66698
10.135,10.568,0.070324,-0.1087,14.101,0.51354
10.135,10.557,0.099951,-0.10634,14.055,0.43072
10.144,10.546,0.029295,-0.10192,14.011,0.55965
10.139,10.536,-0.13627,-0.101,13.965,1.0204
10.139,10.526,0,-0.10443,13.926,0.59137
10.139,10.515,0,-0.11186,13.888,0.54954
10.139,10.504,0,-0.11929,13.851,0.50683
10.139,10.492,0,-0.12493,13.815,0.46752
9.9653,10.48,-0.57363,-0.1334,13.757,3.2741
9.9017,10.466,-0.63168,-0.14703,13.712,3.754
9.9017,10.452,0,-0.16143,13.656,0.81669
9.7528,10.436,-0.88894,-0.17985,13.588,5.981
9.6656,10.418,-0.79912,-0.19929,13.524,5.4091
9.5792,10.398,-0.64182,-0.21832,13.453,4.3975
9.508,10.376,-0.41033,-0.23315,13.377,3.0859
9.473,10.353,-0.18946,-0.23851,13.282,2.0606
9.473,10.329,0,-0.24156,13.195,1.3218
9.4488,10.305,0.22534,-0.23605,13.105,0.78937
9.4488,10.281,0,-0.22471,13.021,1.3134
9.5141,10.258,0.6108,-0.20823,12.956,0.26647
9.5141,10.238,0,-0.18604,12.883,1.1603
9.5141,10.219,0,-0.16121,12.811,1.1874
9.7463,10.203,1.1311,-0.13004,12.771,0.53426
9.8641,10.19,1.1763,-0.093178,12.728,0.56798
9.8641,10.181,0,-0.058732,12.696,0.5481
10.087,10.175,0.98583,-0.02531,12.69,0.077278
10.18,10.172,0.8884,0.0034237,12.693,0
10.18,10.173,0,0.042176,12.694,0.076647
10.18,10.177,0,0.076539,12.695,0.1677
10.429,10.184,0.88524,0.10511,12.741,0
10.429,10.195,0,0.1403,12.765,0
10.613,10.209,0.79968,0.1734,12.802,0
10.613,10.226,0,0.19899,12.841,0
10.751,10.246,0.5763,0.21646,12.88,0
10.816,10.268,0.49021,0.23509,12.933,0
10.816,10.291,0,0.24348,12.987,0
10.897,10.316,0.4331,0.24977,13.054,0
10.95,10.341,0.45565,0.26191,13.121,0
10.992,10.367,0.54417,0.26859,13.181,0
10.992,10.394,0,0.28145,13.242,0
10.992,10.422,0,0.28755,13.3,0
10.992,10.451,0,0.29521,13.356,0
11.175,10.48,0.26271,0.29845,13.45,0
11.198,10.51,0.062504,0.2954,13.522,0
11.206,10.54,-0.057011,0.28588,13.582,0
11.205,10.568,-0.16034,0.27328,13.65,0
11.205,10.595,0,0.25776,13.712,0
11.205,10.621,0,0.24091,13.772,0
11.205,10.645,0,0.22847,13.829,0
11.205,10.668,0,0.21961,13.883,0
11.187,10.69,0.029784,0.213,13.922,0
11.187,10.711,0,0.20129,13.971,0
11.187,10.732,0,0.18792,14.018,0
11.187,10.75,0,0.18248,14.062,0
11.167,10.769,-0.61643,0.17041,14.098,1.828
11.167,10.786,0,0.136,14.137,0
11.167,10.799,0,0.098421,14.174,0
10.92,10.809,-1.7425,0.047535,14.167,14.234
10.92,10.814,0,-0.018027,14.178,0
10.92,10.812,0,-0.056847,14.189,0
10.503,10.806,-0.080912,-0.077874,14.126,0.68602
10.503,10.799,0,-0.079857,14.096,0.44877
10.503,10.791,0,-0.06498,14.066,0.46744
10.503,10.784,0,-0.037259,14.038,0.52291
10.503,10.78,0,-0.0021177,14.01,0.60797
10.503,10.78,0,0.05351,13.982,0.76723
10.503,10.786,0,0.09659,13.954,0.91432
10.503,10.795,0,0.13374,13.926,1.062
11.213,10.809,0.96968,0.17226,14.12,0
11.213,10.826,0,0.20804,14.159,0
11.415,10.847,0.99876,0.24207,14.208,0
11.415,10.871,0,0.27308,14.264,0
11.608,10.898,1.004,0.30205,14.322,0
11.701,10.928,0.99603,0.32884,14.405,0
11.804,10.961,0.98288,0.35874,14.481,0
11.903,10.997,0.99554,0.38548,14.558,0
11.993,11.036,0.99849,0.40738,14.658,0
12.102,11.076,0.9857,0.4366,14.767,0
12.205,11.12,0.99745,0.46133,14.864,0
12.205,11.166,0,0.48152,14.97,0
12.408,11.214,0.99048,0.50726,15.088,0
12.408,11.265,0,0.52425,15.205,0
12.408,11.317,0,0.54408,15.316,0
12.689,11.372,0.99244,0.55886,15.466,0
12.786,11.428,0.99684,0.57588,15.592,0
12.786,11.485,0,0.59443,15.725,0
12.786,11.545,0,0.60804,15.852,0
13.082,11.606,1.0063,0.6248,16.011,0
13.082,11.668,0,0.64307,16.156,0
13.082,11.732,0,0.65749,16.294,0
13.082,11.798,0,0.66886,16.426,0
13.082,11.865,0,0.68334,16.551,0
13.082,11.933,0,0.69887,16.669,0
13.689,12.003,1.0743,0.71015,16.971,0
13.801,12.074,1.169,0.72629,17.136,0
13.917,12.147,1.2753,0.74407,17.313,0
13.917,12.221,0,0.76337,17.487,0
14.173,12.298,1.4338,0.78608,17.663,0
14.307,12.376,1.4259,0.80878,17.862,0
14.458,12.457,1.4304,0.83705,18.054,0
14.458,12.541,0,0.85827,18.25,0
14.744,12.627,1.5688,0.88384,18.481,0.26369
14.744,12.715,0,0.90802,18.688,0
14.744,12.806,0,0.94153,18.886,0
15.256,12.9,2.079,0.97987,19.153,2.5797
15.256,12.998,0,1.0248,19.384,0
15.256,13.1,0,1.0687,19.605,0
15.256,13.207,0,1.114,19.815,0
15.256,13.319,0,1.1593,20.014,0
16.343,13.435,1.9492,1.1981,20.452,1.74
16.531,13.554,1.7749,1.2231,20.739,0.84707
16.531,13.677,0,1.2404,21.03,0
16.863,13.801,1.2848,1.2529,21.343,0
16.863,13.926,0,1.2539,21.643,0
16.863,14.051,0,1.2393,21.93,0
16.863,14.175,0,1.2057,22.205,0
17.172,14.296,0.12409,1.1648,22.542,0
17.172,14.412,0,1.1194,22.824,0
17.172,14.524,0,1.0734,23.095,0
17.172,14.632,0,1.0245,23.354,0
17.154,14.734,-0.36959,0.97072,23.602,0
17.154,14.831,0,0.91438,23.839,0
17.076,14.923,-0.55875,0.86049,24.074,0
17.076,15.009,0,0.80214,24.285,0
17.076,15.089,0,0.751,24.488,0
16.931,15.164,-0.48425,0.70223,24.653,0
16.878,15.234,-0.59194,0.65221,24.822,0
16.825,15.299,-0.76916,0.60462,24.989,0.94332
16.747,15.36,-0.86269,0.54894,25.129,1.7609
16.747,15.415,0,0.49373,25.265,0
16.747,15.464,0,0.43842,25.396,0
16.747,15.508,0,0.38529,25.522,0
16.747,15.547,0,0.34025,25.644,0
16.747,15.581,0,0.29777,25.762,0
16.747,15.61,0,0.26366,25.878,0
16.747,15.637,0,0.24322,25.99,0
16.28,15.661,0.82104,0.24333,25.852,0
16.28,15.685,0,0.26416,25.912,0
16.28,15.712,0,0.30865,25.971,0
16.667,15.743,1.5624,0.36276,26.077,1.1114
16.814,15.779,1.4859,0.4061,26.181,0.76616
16.814,15.82,0,0.4446,26.283,0
16.814,15.864,0,0.48615,26.38,0
17.261,15.913,1.4663,0.52803,26.545,0.53721
17.261,15.965,0,0.56543,26.677,0
17.555,16.022,1.4923,0.59948,26.837,0.55201
17.697,16.082,1.4211,0.63059,26.995,0.24121
17.839,16.145,1.4757,0.66095,27.155,0.41872
17.989,16.211,1.6623,0.69274,27.325,1.1729
18.157,16.28,1.7702,0.73037,27.506,1.6386
18.157,16.353,0,0.76757,27.69,0
18.157,16.43,0,0.8051,27.867,0
18.157,16.511,0,0.8397,28.036,0
18.85,16.595,1.6525,0.87235,28.328,0.99405
18.85,16.682,0,0.90186,28.549,0
19.171,16.772,1.6448,0.9249,28.79,0.93307
19.326,16.865,1.7044,0.94783,29.041,1.208
19.492,16.959,1.7051,0.97324,29.286,1.2055
19.668,17.057,1.7224,1.0017,29.537,1.2849
19.668,17.157,0,1.0289,29.793,0
19.668,17.26,0,1.0584,30.039,0
19.668,17.366,0,1.0872,30.275,0
20.395,17.474,1.6138,1.1112,30.633,0.73728
20.558,17.585,1.4761,1.1286,30.928,0.085067
20.558,17.698,0,1.1422,31.22,0
20.838,17.812,1.0647,1.144,31.532,0
20.838,17.927,0,1.1419,31.829,0
21.052,18.041,0.94282,1.1338,32.141,0
21.052,18.154,0,1.1234,32.437,0
21.224,18.267,0.81744,1.1088,32.742,0
21.314,18.378,0.69256,1.0983,33.032,0
21.381,18.487,0.54462,1.0798,33.315,0
21.381,18.595,0,1.0594,33.599,0
21.497,18.701,0.42673,1.0389,33.878,0
21.497,18.805,0,1.0132,34.153,0
21.497,18.907,0,0.98804,34.417,0
21.625,19.005,0.40065,0.96746,34.679,0
21.625,19.102,0,0.94351,34.936,0
21.693,19.197,0.39633,0.91824,35.177,0
21.725,19.288,0.47342,0.89463,35.423,0
21.78,19.378,0.50016,0.88027,35.661,0
21.78,19.466,0,0.86489,35.897,0
21.78,19.552,0,0.8529,36.124,0
21.78,19.638,0,0.83831,36.342,0
21.997,19.721,0.45779,0.82821,36.569,0
21.997,19.804,0,0.81511,36.792,0
22.102,19.886,0.47654,0.80412,37.018,0
22.141,19.966,0.43585,0.78812,37.241,0
22.141,20.045,0,0.77564,37.454,0
22.141,20.123,0,0.75749,37.66,0
22.141,20.198,0,0.74176,37.858,0
