15,15,-0.4586,0,35.5,1.5369
14.956,15,-0.70905,-0.0035069,35.495,3.0743
14.882,15,-0.60859,-0.0094315,35.488,2.6953
14.812,14.999,-0.61573,-0.014908,35.471,2.9629
14.745,14.997,-0.56194,-0.02016,35.453,2.8525
14.745,14.995,0,-0.023867,35.428,0.4855
14.644,14.993,-0.3661,-0.028013,35.401,2.0974
14.607,14.99,-0.21882,-0.0308,35.372,1.5364
14.607,14.987,0,-0.032642,35.334,0.76806
14.607,14.984,0,-0.033561,35.296,0.7576
14.607,14.98,0,-0.03369,35.259,0.74918
14.607,14.977,0,-0.033146,35.221,0.74264
14.607,14.974,0,-0.031326,35.185,0.73981
14.612,14.97,0.17842,-0.02912,35.123,0.30192
14.612,14.968,0,-0.026673,35.087,0.7262
14.659,14.965,0.15921,-0.024882,35.071,0.24325
14.659,14.962,0,-0.023086,35.04,0.61186
14.659,14.96,0,-0.02171,35.01,0.61017
14.698,14.958,-0.039133,-0.021197,34.987,0.62199
14.698,14.956,0,-0.02095,34.961,0.5111
14.698,14.954,0,-0.02165,34.935,0.50446
14.657,14.952,-0.34787,-0.024176,34.893,1.8541
14.657,14.949,0,-0.026203,34.863,0.57823
14.584,14.947,-0.4974,-0.029823,34.827,2.8298
14.535,14.944,-0.53569,-0.033613,34.784,3.2012
14.487,14.94,-0.52807,-0.037359,34.749,3.3016
14.435,14.936,-0.53371,-0.041383,34.699,3.4937
14.39,14.932,-0.55147,-0.044869,34.641,3.7428
14.331,14.928,-0.57113,-0.049536,34.581,4.0584
14.331,14.923,0,-0.054046,34.521,1.2315
14.331,14.917,0,-0.058094,34.462,1.2047
14.331,14.912,0,-0.061684,34.404,1.1785
14.126,14.905,-0.56639,-0.065539,34.283,4.6608
14.078,14.899,-0.55208,-0.069285,34.198,4.706
14.021,14.892,-0.54641,-0.073772,34.115,4.8422
14.021,14.885,0,-0.078886,34.029,1.8806
13.905,14.877,-0.55199,-0.082877,33.935,5.2363
13.849,14.868,-0.52945,-0.087405,33.83,5.2448
13.849,14.86,0,-0.0912,33.728,2.256
13.745,14.851,-0.51399,-0.095685,33.611,5.4368
13.745,14.841,0,-0.099661,33.501,2.4748
13.745,14.831,0,-0.10411,33.392,2.4273
13.745,14.821,0,-0.10742,33.284,2.3833
13.552,14.81,-0.42388,-0.11096,33.154,5.3216
13.504,14.799,-0.4081,-0.11479,33.036,5.3375
13.457,14.787,-0.40674,-0.11863,32.915,5.451
13.457,14.775,0,-0.12196,32.783,3.064
13.457,14.763,0,-0.12591,32.651,3.0086
13.337,14.751,-0.35111,-0.12835,32.498,5.3424
13.337,14.738,0,-0.13113,32.357,3.2834
13.27,14.725,-0.2315,-0.13374,32.213,4.7017
13.27,14.711,0,-0.13562,32.068,3.3928
13.237,14.698,0.04683,-0.13614,31.909,3.2344
13.237,14.684,0,-0.13604,31.764,3.4097
13.237,14.671,0,-0.13389,31.62,3.3755
13.237,14.657,0,-0.13142,31.477,3.3435
13.319,14.644,0.43899,-0.12669,31.349,1.5418
13.319,14.631,0,-0.1212,31.218,3.0472
13.319,14.619,0,-0.11701,31.087,3.0274
13.319,14.608,0,-0.11232,30.958,3.011
13.5,14.596,0.41683,-0.10711,30.866,1.1458
13.5,14.586,0,-0.10333,30.757,2.4266
13.573,14.575,0.24697,-0.098969,30.646,1.3735
13.606,14.565,0.06102,-0.095185,30.54,1.8626
13.609,14.556,-0.050648,-0.094454,30.435,2.2612
13.609,14.546,0,-0.09482,30.341,2.0303
13.609,14.537,0,-0.094957,30.248,2.0028
13.609,14.527,0,-0.096937,30.155,1.9686
13.542,14.518,-0.27234,-0.099145,30.039,3.3895
13.542,14.508,0,-0.10152,29.942,2.0853
13.482,14.498,-0.36792,-0.10414,29.843,4.0556
13.448,14.487,-0.38936,-0.10715,29.736,4.2613
13.405,14.477,-0.40713,-0.111,29.639,4.4756
13.405,14.465,0,-0.11551,29.533,2.3062
13.405,14.454,0,-0.11916,29.427,2.2584
13.405,14.442,0,-0.12316,29.323,2.2085
13.238,14.43,-0.31612,-0.12624,29.171,4.2756
13.238,14.417,0,-0.1282,29.052,2.6063
13.185,14.404,-0.093728,-0.1308,28.927,3.1464
13.166,14.391,0.058771,-0.13225,28.797,2.4862
13.175,14.378,0.21053,-0.13054,28.68,1.8827
13.197,14.365,0.29281,-0.12747,28.564,1.5596
13.218,14.352,0.36752,-0.12448,28.458,1.2999
13.218,14.34,0,-0.12045,28.346,2.4676
13.296,14.328,0.50915,-0.11448,28.237,0.83589
13.296,14.316,0,-0.10912,28.134,2.2136
13.389,14.305,0.57646,-0.10271,28.032,0.56726
13.454,14.295,0.62037,-0.094633,27.952,0.42128
13.454,14.286,0,-0.087198,27.868,1.7601
13.454,14.277,0,-0.078416,27.786,1.7673
13.454,14.269,0,-0.071087,27.704,1.7718
13.454,14.262,0,-0.063277,27.623,1.7801
13.454,14.256,0,-0.056327,27.542,1.7876
13.834,14.25,0.67535,-0.047616,27.595,0
13.834,14.245,0,-0.04023,27.554,0.82018
13.834,14.241,0,-0.032837,27.513,0.8317
14.009,14.238,0.5901,-0.026401,27.484,0
14.064,14.235,0.54258,-0.019741,27.456,0
14.064,14.233,0,-0.013455,27.439,0.33019
14.167,14.232,0.44571,-0.0075268,27.441,0
14.207,14.231,0.44064,-0.002821,27.442,0
14.244,14.231,0.42111,0.0064081,27.435,0
14.29,14.231,0.39761,0.028236,27.443,0
14.29,14.234,0,0.046722,27.449,0
14.29,14.239,0,0.061063,27.454,0.027901
14.29,14.245,0,0.075169,27.459,0.073869
14.29,14.253,0,0.085491,27.463,0.11515
14.447,14.261,0.018475,0.090076,27.511,0
14.459,14.27,-0.021547,0.091416,27.533,0
14.456,14.279,-0.026813,0.085523,27.553,0
14.456,14.288,0,0.076241,27.57,0
14.451,14.295,0.042207,0.07517,27.587,0
14.453,14.303,0.097536,0.072438,27.593,0
14.466,14.31,0.14759,0.075595,27.599,0
14.481,14.318,0.20137,0.079128,27.617,0
14.481,14.326,0,0.08073,27.632,0
14.526,14.334,0.35493,0.092963,27.642,0
14.57,14.343,0.40195,0.10941,27.653,0
14.616,14.354,0.4467,0.12625,27.673,0
14.616,14.367,0,0.13862,27.699,0
14.709,14.381,0.44761,0.15857,27.739,0
14.709,14.396,0,0.16843,27.771,0
14.792,14.413,0.50907,0.18222,27.812,0
14.846,14.431,0.52867,0.19966,27.852,0
14.89,14.451,0.5358,0.21088,27.896,0
14.949,14.472,0.53406,0.229,27.944,0
15.001,14.495,0.52305,0.24243,27.994,0
15.062,14.52,0.49822,0.25977,28.054,0
15.062,14.546,0,0.26986,28.107,0
15.15,14.573,0.47419,0.27628,28.174,0
15.195,14.6,0.47564,0.28398,28.24,0
15.25,14.629,0.45085,0.29631,28.299,0
15.301,14.658,0.44678,0.30613,28.359,0
15.352,14.689,0.44611,0.31538,28.417,0
15.396,14.72,0.4192,0.32072,28.492,0
15.396,14.752,0,0.32439,28.558,0
15.396,14.785,0,0.32598,28.621,0
15.396,14.818,0,0.33129,28.68,0
15.396,14.851,0,0.32877,28.736,0
15.396,14.884,0,0.32552,28.789,0
15.612,14.916,0.33899,0.32752,28.916,0
15.649,14.949,0.29902,0.32948,28.994,0
15.681,14.982,0.25237,0.32819,29.073,0
15.705,15.015,0.19102,0.32359,29.137,0
15.705,15.047,0,0.31461,29.205,0
15.705,15.078,0,0.30824,29.269,0
15.754,15.109,0.17233,0.30073,29.322,0
15.767,15.139,0.16964,0.29269,29.387,0
15.792,15.169,0.1392,0.28998,29.444,0
15.792,15.198,0,0.28459,29.505,0
15.792,15.226,0,0.27924,29.563,0
15.792,15.254,0,0.27349,29.618,0
15.843,15.281,0.048234,0.26003,29.662,0
15.842,15.307,0.052096,0.24726,29.723,0
15.842,15.332,0,0.23775,29.775,0
15.856,15.356,-0.056847,0.2307,29.838,0
15.856,15.379,0,0.21347,29.887,0
15.83,15.4,-0.16483,0.19766,29.933,0
15.83,15.42,0,0.18479,29.975,0
15.791,15.438,-0.22614,0.16216,30.007,0.21477
15.791,15.455,0,0.14423,30.041,0
15.753,15.469,-0.21789,0.13023,30.064,0.26441
15.738,15.482,-0.18555,0.11728,30.09,0.19427
15.738,15.494,0,0.10007,30.115,0
15.701,15.504,-0.082197,0.090248,30.136,0
15.701,15.513,0,0.080559,30.155,0
15.703,15.521,0.17964,0.083128,30.17,0
15.703,15.529,0,0.089751,30.188,0
15.703,15.538,0,0.10276,30.205,0
15.801,15.548,0.57111,0.11535,30.223,0
15.801,15.56,0,0.13396,30.247,0
15.905,15.573,0.61894,0.15122,30.277,0
15.905,15.589,0,0.17206,30.31,0
15.905,15.606,0,0.1928,30.34,0
16.095,15.625,0.62071,0.2141,30.38,0
16.095,15.646,0,0.23221,30.426,0
16.095,15.67,0,0.24789,30.47,0
16.095,15.694,0,0.26903,30.511,0
16.354,15.721,0.69926,0.28694,30.604,0
16.433,15.75,0.67733,0.30926,30.661,0
16.499,15.781,0.66967,0.32463,30.722,0
16.499,15.813,0,0.33936,30.792,0
16.636,15.847,0.71783,0.35549,30.864,0
16.636,15.883,0,0.37044,30.941,0
16.768,15.92,0.71506,0.38139,31.042,0
16.839,15.958,0.68174,0.3956,31.133,0
16.914,15.998,0.6512,0.41092,31.219,0
16.971,16.039,0.627,0.41731,31.317,0
17.03,16.08,0.6183,0.42453,31.408,0
17.03,16.123,0,0.43522,31.501,0
17.158,16.166,0.64622,0.44191,31.607,0
17.213,16.211,0.60856,0.4458,31.702,0
17.269,16.255,0.54715,0.45004,31.812,0
17.269,16.3,0,0.45728,31.911,0
17.269,16.346,0,0.45489,32.006,0
17.269,16.391,0,0.45265,32.096,0
17.269,16.437,0,0.44657,32.181,0
17.489,16.481,0.39726,0.44323,32.313,0
17.528,16.526,0.38705,0.44003,32.405,0
17.559,16.57,0.35512,0.43379,32.507,0
17.559,16.613,0,0.43056,32.603,0
17.625,16.656,0.19813,0.42323,32.696,0
17.625,16.698,0,0.41504,32.791,0
17.625,16.74,0,0.40855,32.881,0
17.625,16.781,0,0.39562,32.968,0
17.625,16.82,0,0.38263,33.05,0
17.706,16.859,0.13234,0.36742,33.158,0
17.728,16.895,0.11412,0.36035,33.245,0
17.745,16.931,0.080079,0.35182,33.328,0
17.745,16.967,0,0.3423,33.407,0
17.763,17.001,0.070382,0.32883,33.483,0
17.763,17.034,0,0.31639,33.558,0
17.769,17.065,0.036839,0.30264,33.62,0
17.769,17.096,0,0.29173,33.689,0
17.769,17.125,0,0.27867,33.755,0
17.769,17.153,0,0.26637,33.818,0
17.763,17.179,-0.092587,0.25018,33.894,0
17.763,17.204,0,0.23748,33.951,0
17.763,17.228,0,0.21803,34.006,0
17.763,17.25,0,0.19642,34.058,0
17.763,17.27,0,0.17705,34.109,0
17.647,17.287,-0.34808,0.15333,34.127,0.60202
17.607,17.303,-0.35137,0.12988,34.164,0.68368
17.607,17.316,0,0.11004,34.194,0
17.607,17.327,0,0.087666,34.222,0
17.607,17.335,0,0.06886,34.25,0
17.607,17.342,0,0.047702,34.277,0
17.389,17.347,-0.66024,0.018007,34.253,2.5622
17.324,17.349,-0.75462,-0.0024134,34.252,3.3073
17.253,17.349,-0.76641,-0.0094713,34.251,3.6326
17.183,17.348,-0.76236,-0.016297,34.234,3.8421
17.1,17.346,-0.76722,-0.024459,34.219,4.1654
17.016,17.344,-0.76768,-0.032607,34.194,4.4595
17.016,17.34,0,-0.040222,34.161,0.61525
17.016,17.336,0,-0.047214,34.129,0.58737
17.016,17.332,0,-0.054153,34.097,0.5584
16.71,17.326,-0.77831,-0.061723,34.007,5.5951
16.636,17.32,-0.74091,-0.068717,33.948,5.5447
16.636,17.313,0,-0.075455,33.88,1.3843
16.636,17.305,0,-0.083009,33.813,1.3399
16.406,17.297,-0.74474,-0.090377,33.726,6.3479
16.326,17.288,-0.75846,-0.098036,33.627,6.7353
16.258,17.278,-0.77896,-0.10439,33.522,7.1363
16.258,17.268,0,-0.11199,33.421,2.1718
16.258,17.257,0,-0.11914,33.32,2.1127
16.02,17.245,-0.77038,-0.1272,33.189,7.8541
15.949,17.232,-0.80226,-0.1339,33.072,8.381
15.862,17.219,-0.81455,-0.14238,32.933,8.7899
15.862,17.204,0,-0.15012,32.798,3.0149
15.695,17.189,-0.81087,-0.15878,32.655,9.3047
15.611,17.174,-0.82706,-0.16711,32.507,9.7421
15.529,17.157,-0.83346,-0.17531,32.347,10.07
15.445,17.139,-0.87026,-0.18389,32.18,10.731
15.361,17.121,-0.90055,-0.19245,32.005,11.329
15.262,17.102,-0.91019,-0.20294,31.819,11.771
15.167,17.081,-0.91432,-0.2131,31.623,12.13
15.167,17.06,0,-0.22249,31.433,4.4925
14.991,17.038,-0.87046,-0.23214,31.212,12.169
14.905,17.015,-0.84079,-0.24152,31.002,12.085
14.814,16.99,-0.82684,-0.25155,30.796,12.196
14.814,16.965,0,-0.26018,30.58,5.2067
14.814,16.939,0,-0.26899,30.366,5.0676
14.584,16.912,-0.77185,-0.278,30.109,12.163
14.584,16.885,0,-0.28628,29.878,5.6111
14.427,16.856,-0.77788,-0.29684,29.622,12.594
14.34,16.826,-0.76853,-0.30738,29.382,12.701
14.272,16.796,-0.78014,-0.31588,29.125,12.952
14.272,16.764,0,-0.32632,28.874,6.0993
14.12,16.731,-0.73695,-0.3353,28.607,12.767
14.052,16.698,-0.7172,-0.34434,28.334,12.653
14.052,16.663,0,-0.35393,28.071,6.3923
13.916,16.628,-0.64781,-0.3626,27.798,12.102
13.916,16.592,0,-0.3727,27.529,6.5295
13.916,16.554,0,-0.38128,27.263,6.3398
13.916,16.516,0,-0.38978,27.001,6.1495
13.688,16.477,-0.30084,-0.39457,26.705,9.0213
13.688,16.438,0,-0.3992,26.428,6.6611
13.631,16.398,-0.089044,-0.4033,26.146,7.2908
13.631,16.358,0,-0.40392,25.871,6.548
13.627,16.317,0.041607,-0.40406,25.593,6.1576
13.629,16.277,0.12862,-0.40352,25.325,5.5116
13.629,16.236,0,-0.40031,25.063,6.1201
13.629,16.196,0,-0.39555,24.804,5.9979
13.629,16.157,0,-0.38973,24.549,5.8839
13.748,16.118,0.56303,-0.38238,24.306,2.9601
13.798,16.08,0.64418,-0.37292,24.078,2.5578
13.798,16.042,0,-0.3595,23.852,5.0227
13.949,16.006,0.74054,-0.34502,23.636,1.9495
13.949,15.972,0,-0.32919,23.432,4.4103
14.119,15.939,0.84813,-0.31228,23.249,1.4412
14.119,15.908,0,-0.29424,23.068,3.7998
14.119,15.878,0,-0.27551,22.891,3.7897
14.119,15.851,0,-0.25883,22.716,3.7763
14.119,15.825,0,-0.24222,22.544,3.768
14.119,15.801,0,-0.22491,22.375,3.7685
14.119,15.778,0,-0.20852,22.208,3.7705
14.119,15.757,0,-0.19384,22.043,3.7701
14.119,15.738,0,-0.1777,21.88,3.7814
14.119,15.72,0,-0.16201,21.719,3.7961
14.119,15.704,0,-0.14505,21.56,3.8222
14.119,15.69,0,-0.12577,21.402,3.8653
14.119,15.677,0,-0.1086,21.246,3.9053
14.119,15.666,0,-0.093296,21.09,3.9424
14.119,15.657,0,-0.07905,20.936,3.98
15.287,15.649,0.27422,-0.067955,21.744,0.087361
15.287,15.642,0,-0.060749,21.708,0.63116
15.333,15.636,-0.11204,-0.057076,21.688,0.83974
15.333,15.63,0,-0.058705,21.658,0.50417
15.333,15.624,0,-0.065009,21.628,0.47522
15.333,15.618,0,-0.071504,21.6,0.44481
15.184,15.611,-0.67688,-0.081255,21.535,3.9061
15.184,15.603,0,-0.09464,21.493,0.68917
15.023,15.593,-0.88552,-0.10913,21.442,5.9504
15.023,15.582,0,-0.12477,21.386,0.93731
15.023,15.57,0,-0.14389,21.33,0.85511
15.023,15.555,0,-0.16426,21.276,0.76827
15.023,15.539,0,-0.18983,21.224,0.66791
14.407,15.52,-1.6242,-0.21852,21.054,17.207
14.251,15.498,-1.7563,-0.24668,20.936,20.123
14.251,15.473,0,-0.27725,20.813,2.1626
14.251,15.446,0,-0.31504,20.692,1.9571
13.624,15.414,-3.0123,-0.36446,20.501,60.673
13.314,15.378,-3.4623,-0.42561,20.313,85.823
12.964,15.335,-3.8252,-0.49615,20.099,112.42
12.578,15.286,-4.0307,-0.57627,19.85,130.61
12.168,15.228,-4.1882,-0.6649,19.553,145.98
11.754,15.161,-4.4325,-0.75733,19.235,172.53
11.319,15.086,-4.7533,-0.8588,18.876,214.41
10.847,15,-5.3036,-0.97372,18.488,32.747
10.319,14.902,-6.0032,-1.1106,18.047,32.889
9.7174,14.791,-6.6142,-1.2754,17.564,33.181
9.7174,14.664,0,-1.4689,17.063,8.9243
8.3441,14.517,-7.1891,-1.6978,16.429,33.272
8.3441,14.347,0,-1.9539,15.82,10.183
8.3441,14.152,0,-2.2235,15.23,8.0625
8.3441,13.929,0,-2.4963,14.66,6.3297
5.8531,13.68,-3.9814,-2.7702,13.563,26.121
5.458,13.403,-3.266,-3.0332,12.782,23.772
5.458,13.1,0,-3.2962,12.003,9.1681
4.8747,12.77,-2.2894,-5.0723,11.199,18.286
4.8747,12.263,0,-4.6188,10.435,8.7413
4.8747,11.801,0,-5.2,9.7195,16.849
4.8747,11.281,0,-5.2,9.0529,21.51
4.8747,10.761,0,-5.2,8.4383,28.016
4.1322,10.241,-0.61487,-5.2,7.6362,13.356
4.0681,9.7208,-0.61445,-5.2,7.0516,11.825
4.0068,9.2008,-0.63773,-5.2,6.4998,10.136
3.9501,8.6808,-0.65373,-5.2,6.0104,8.572
3.9501,8.1608,0,-5.2,5.5633,13.471
3.9501,7.6408,0,-5.2,5.1683,12.405
3.7998,7.1208,-0.23894,-5.2,4.8082,7.9254
3.7998,6.6008,0,-5.2,4.5021,9.0333
3.7998,6.0808,0,-8.8,4.248,0.40281
3.7998,5.2008,0,-8.8,4.0639,0
3.8312,4.3208,0.3954,-8.8,3.961,0.92261
3.8707,3.4408,0.49499,-8.8,3.958,0.51217
3.9212,2.5608,0.57921,-8.8,4.0448,0.092793
3.9212,1.6808,0,-8.8,4.2249,0
4.0313,0.80077,0.55797,-8.8,4.515,0
4.084,0,0.45132,-8.8,4.8945,0
4.1374,0,0.29789,0.29789,5.3426,6.467
4.1701,0.029789,0.10302,0.10302,5.7642,8.2875
4.1701,0.040092,0,-0.088174,6.1777,9.6176
4.1701,0.031274,0,-0.24947,6.5911,9.2606
4.1701,0.0063271,0,-0.36828,7.0062,8.9598
4.1253,0,-0.46198,-0.46198,7.4188,3.6928
4.1253,0,0,-0.53468,7.8337,8.1552
4.1253,0,0,-0.55922,8.2489,8.1036
4.1253,0,0,-0.5239,8.6642,8.1778
3.9254,0,-0.46352,-0.46352,9.0341,2.1819
3.87,0,-0.3872,-0.3872,9.4229,2.6277
3.87,0,0,-0.28849,9.8119,6.3857
3.8161,0,-0.18199,-0.18199,10.19,4.4968
3.8008,0,-0.084115,-0.084115,10.58,5.4797
3.8008,0,0,-0.031046,10.96,6.3712
3.7941,0,0.0074563,0.0074563,11.343,6.3185
3.7941,0.00074563,0,0.03525,11.723,5.7533
3.7941,0.0042706,0,0.035749,12.102,5.7185
3.7947,0.0078455,0.01232,0.01232,12.464,6.2204
3.7947,0.0090775,0,0.014178,12.842,6.0641
3.7969,0.010495,0.014263,0.014263,13.223,6.2007
3.7914,0.011922,-0.030235,-0.030235,13.598,6.0423
3.7914,0.008898,0,0.024315,13.976,5.8624
3.7855,0.01133,0.096755,0.096755,14.354,5.4414
3.7855,0.021005,0,0.1727,14.731,3.3906
3.8085,0.038276,0.13341,0.13341,15.11,5.139
3.8122,0.051617,0.11893,0.11893,15.494,5.1799
3.8296,0.06351,0.043705,0.043705,15.874,5.8024
3.8296,0.06788,0,-0.015565,16.251,6.4127
3.8403,0.066324,-0.047859,-0.047859,16.64,6.334
3.8403,0.061538,0,0.05501,17.018,5.3102
3.8491,0.067039,0.2024,0.2024,17.397,4.7278
3.8681,0.087279,0.34898,0.34898,17.766,3.7901
3.8681,0.12218,0,0.47693,18.142,0
3.9403,0.16987,0.59829,0.59829,18.533,2.443
3.9986,0.2297,0.70593,0.70593,18.916,1.9661
3.9986,0.30029,0,0.7878,19.289,0
3.9986,0.37907,0,0.85721,19.655,0
3.9986,0.46479,0,0.93407,20.013,0
3.9986,0.5582,0,0.96058,20.362,0
3.9986,0.65426,0,0.9665,20.701,0
3.9986,0.75091,0,7.8,21.031,51.787
3.9986,1.5309,0,4.9,21.316,24.554
3.9986,2.0209,0,4.9,21.539,27.533
4.8362,2.5109,1.03,4.9,22.028,12.946
4.9364,3.0009,1.0741,4.9,22.25,14.452
4.9364,3.4909,0,4.9,22.419,30.823
4.9364,3.9809,0,4.0452,22.539,24.908
5.2795,4.3854,1.1628,2.6178,22.665,2.8049
5.3945,4.6472,1.1784,1.992,22.743,0.50746
5.5218,4.8464,1.1768,1.6833,22.815,0
5.6396,5.0147,1.1601,1.4751,22.888,0
5.7519,5.1623,1.1634,1.3298,22.956,0
5.8781,5.2952,1.1829,1.2626,23.014,0
5.9947,5.4215,1.1922,1.1968,23.079,0
6.1212,5.5412,1.1864,1.1703,23.135,0
6.2363,5.6582,1.16,1.1288,23.194,0
6.3565,5.7711,1.0978,1.1082,23.244,0
6.3565,5.8819,0,1.0682,23.297,2.7694
6.5556,5.9887,0.97689,1.0133,23.362,0
6.5556,6.09,0,0.97748,23.414,2.3234
6.7575,6.1878,0.99623,0.96841,23.472,0
6.8561,6.2846,1.0123,0.94877,23.535,0
6.9648,6.3795,1.0272,0.94977,23.595,0
7.0596,6.4745,0.99904,0.92807,23.645,0
7.0596,6.5673,0,0.91307,23.698,1.9076
7.0596,6.6586,0,0.88444,23.743,2.0793
7.3357,6.747,0.84011,0.87761,23.83,0
7.4132,6.8348,0.78319,0.84586,23.893,0
7.4132,6.9194,0,0.82824,23.946,1.5009
7.4132,7.0022,0,0.8013,23.992,1.6479
7.6261,7.0823,0.59915,0.75445,24.072,0
7.6877,7.1578,0.51175,0.72376,24.127,0
7.7325,7.2302,0.40467,0.676,24.182,0
7.7325,7.2978,0,0.62224,24.229,0.80614
7.805,7.36,0.31562,0.58304,24.263,0
7.805,7.4183,0,0.53025,24.305,0.59556
7.8454,7.4713,0.22486,0.47967,24.358,0
7.8454,7.5193,0,0.43071,24.393,0.41219
7.8765,7.5624,0.13128,0.39576,24.431,0
