0,0,-0.14915,0,35.5,0.3134
0,0,0,7.8,35.5,59.103
-0.025514,0.78,-0.14259,7.8,35.448,61.053
-0.033531,1.56,-0.14377,7.8,35.327,62.671
-0.055493,2.34,-0.14519,7.8,35.123,64.318
-0.071349,3.12,-0.14834,7.8,34.837,65.956
-0.071349,3.9,0,7.8,34.479,67.244
-0.10156,4.68,-0.15296,7.8,34.036,69.226
-0.12611,5.46,-0.1473,7.8,33.526,70.864
-0.12611,6.24,0,6.7,32.928,69.842
-0.15985,6.91,-0.14428,6.7,32.257,71.587
-0.17363,7.58,-0.14069,6.7,31.521,72.982
-0.17925,8.25,-0.1357,-0.44872,30.706,59.335
-0.17925,8.2051,0,-0.46471,29.865,58.924
-0.19856,8.1587,-0.1389,-0.48188,29.043,59.124
-0.22123,8.1105,-0.14168,-0.50112,28.199,59.037
-0.2369,8.0604,-0.14364,-0.5208,27.368,58.93
-0.2369,8.0083,0,-0.54177,26.541,58.477
-0.26761,7.9541,-0.14897,-0.56319,25.732,58.697
-0.27743,7.8978,-0.14769,-0.58603,24.917,58.551
-0.28951,7.8392,-0.14396,-0.61095,24.094,58.395
-0.28951,7.7781,0,-0.63653,23.285,57.914
-0.28951,7.7144,0,-0.66422,22.481,57.725
-0.28951,7.648,0,-0.69382,21.684,57.527
-0.28951,7.5786,0,-0.72523,20.894,57.319
-0.28951,7.5061,0,-0.76006,20.11,57.097
-0.28951,7.4301,0,-0.79705,19.335,56.863
-0.28951,7.3504,0,-0.83618,18.567,56.618
-0.39338,7.2668,-0.15087,-0.87769,17.757,56.889
-0.39338,7.179,0,-0.922,16.996,56.299
-0.40788,7.0868,-0.15177,-0.96875,16.238,56.36
-0.43011,6.9899,-0.15015,-1.0213,15.491,56.093
-0.44626,6.8878,-0.1513,-1.0775,14.747,55.801
-0.44626,6.7801,0,-1.138,14.019,55.136
-0.44626,6.6663,0,-1.1999,13.303,54.772
-0.49274,6.5463,-0.14582,-1.269,12.601,54.783
-0.49758,6.4194,-0.14605,-1.3399,11.91,54.384
-0.51528,6.2854,-0.14976,-1.4188,11.231,53.988
-0.53935,6.1435,-0.14804,-1.5049,10.564,53.562
-0.55719,5.993,-0.14291,-1.5962,9.9077,53.087
-0.56223,5.8334,-0.15173,-1.693,9.258,52.585
-0.57935,5.6641,-0.15921,-1.797,8.632,52.07
-0.59152,5.4844,-0.14851,-1.9074,8.0186,51.473
-0.60533,5.2937,-0.15291,-8.8,7.4193,36.636
-0.63018,4.4137,-0.16735,-8.8,6.8727,34.913
-0.63018,3.5337,0,-8.8,6.4123,32.758
-0.63018,2.6537,0,-8.8,6.0399,30.954
-0.63018,1.7737,0,-8.8,5.7555,29.15
-0.63018,0.89365,0,-0.12984,5.5592,45.564
-0.71203,0.88067,-0.14117,-8.8,5.3706,27.783
-0.71748,0.00066965,-0.14421,-0.14421,5.2645,44.185
-0.72929,0,-0.15277,-0.15277,5.1851,44.208
-0.7385,0,-0.15129,-0.15129,5.1109,44.227
-0.7385,0,0,-0.14655,5.0379,43.919
-0.7385,0,0,-8.8,4.9647,25.736
-0.7385,0,0,-8.8,4.9349,25.736
-0.7385,0,0,-8.8,4.905,25.736
-0.7385,0,0,-8.8,4.8752,25.736
-0.82495,0,-0.15338,-8.8,4.8088,26.235
-0.83842,0,-0.15363,-8.8,4.7746,26.263
-0.85795,0,-0.14494,-8.8,4.7354,26.285
-0.87904,0,-0.14519,-8.8,4.6941,26.329
-0.87904,0,0,-8.8,4.6502,26.024
-0.87904,0,0,-8.8,4.6063,26.024
-0.87904,0,0,-8.8,4.5624,26.024
-0.91391,0,0.31964,-8.8,4.4876,25.424
-0.87628,0,0.48608,-8.8,4.4367,24.997
-0.83207,0,0.6442,-8.8,4.4049,24.574
-0.83207,0,0,-8.8,4.3657,25.927
-0.70723,0,0.65596,-8.8,4.3463,24.293
-0.70723,0,0,-8.8,4.3196,25.672
-0.58922,0,0.63057,-8.8,4.3195,24.105
-0.51788,0,0.61405,-8.8,4.3118,23.993
-0.45433,0,0.59735,-8.8,4.3112,23.898
-0.45433,0,0,-8.8,4.3098,25.153
-0.45433,0,0,-8.8,4.3084,25.153
-0.45433,0,0,-8.8,4.3069,25.153
-0.17553,0,1.1809,-8.8,4.361,22.1
-0.049373,0,1.4628,-8.8,4.3964,21.249
-0.049373,0,0,-8.8,4.4354,24.323
-0.049373,0,0,-8.8,4.4745,24.323
0.4527,0,1.8976,-8.8,4.5874,0
0.63446,0,1.8569,-8.8,4.6926,0
0.81684,0,1.7663,-8.8,4.8124,0
0.99989,0,1.6732,-8.8,4.9507,0
1.1694,0,1.61,1.61,5.1106,0
1.1694,0.161,0,1.6098,5.2195,3.8612
1.1694,0.32198,0,1.6316,5.3123,4.6631
1.6585,0.48514,1.7087,1.7087,5.4735,0
1.6585,0.65601,0,1.7426,5.5823,4.7344
1.6585,0.83027,0,1.7654,5.6739,5.6356
2.1834,1.0068,1.7153,4.9,5.8279,12.085
2.1834,1.4968,0,4.6154,5.9211,32.517
2.1834,1.9583,0,1.9264,5.9667,9.5912
2.6752,2.151,1.5441,-8.8,6.0485,0
2.6752,1.271,0,4.9,6.145,31.08
2.6752,1.761,0,4.9,6.2609,34.157
3.1332,2.251,1.3843,2.5526,6.3988,1.4632
3.1332,2.5062,0,1.8739,6.4743,7.303
3.3951,2.6936,1.0956,1.5343,6.5448,0
3.3951,2.8471,0,1.3055,6.6073,3.8452
3.3951,2.9776,0,1.1665,6.6556,3.5347
3.6972,3.0943,1.1968,1.0731,6.7346,0
3.6972,3.2016,0,1.0399,6.7896,2.5415
3.9643,3.3056,1.593,1.0667,6.8546,0
4.1292,3.4122,1.6711,1.1111,6.9258,0
4.2865,3.5233,1.6574,1.1314,6.9973,0
4.2865,3.6365,0,1.1695,7.0679,2.675
4.6232,3.7534,1.498,1.1827,7.1504,0
4.6232,3.8717,0,1.1707,7.2315,2.3109
4.9112,3.9888,1.347,1.16,7.34,0
4.9112,4.1048,0,1.1333,7.4264,1.9202
5.1694,4.2181,1.2904,1.1142,7.5255,0
5.2963,4.3295,1.2826,1.0957,7.6163,0
5.2963,4.4391,0,1.0753,7.7075,1.4569
5.2963,4.5466,0,1.0608,7.7878,1.7527
5.6566,4.6527,1.299,1.0461,7.933,0
5.7885,4.7573,1.2584,1.0472,8.0351,0
5.7885,4.862,0,1.0389,8.133,1.0555
6.0381,4.9659,1.1285,1.0357,8.233,0
6.0381,5.0695,0,1.014,8.335,0.80774
6.2555,5.1709,0.96824,1.0018,8.4458,0
6.2555,5.2711,0,0.985,8.5493,0.63136
6.4595,5.3696,0.90452,0.96695,8.6637,0
6.4595,5.4663,0,0.9509,8.7679,0.46045
6.6439,5.5613,0.73363,0.92618,8.8839,0
6.6439,5.654,0,0.89776,8.9875,0.25546
6.6439,5.7437,0,0.86877,9.082,0.40632
6.8674,5.8306,0.94288,0.84524,9.1962,0
6.8674,5.9151,0,0.84659,9.2956,0.16696
7.0728,5.9998,1.2375,0.85164,9.4148,0
7.0728,6.085,0,0.86851,9.5178,0.14776
7.3197,6.1718,1.1932,0.88811,9.6473,0
7.4459,6.2606,1.0743,0.90542,9.7685,0
7.4459,6.3512,0,0.91305,9.8825,0.0092931
7.4459,6.4425,0,0.91238,9.9874,0.2735
7.7568,6.5337,0.78847,0.89767,10.118,0
7.8397,6.6235,0.69797,0.8818,10.239,0
7.8397,6.7117,0,0.86473,10.356,0
7.8397,6.7981,0,0.83402,10.465,0
7.8397,6.8815,0,0.79876,10.565,0
8.0572,6.9614,0.32281,0.76043,10.701,0
8.0572,7.0375,0,0.72546,10.807,0
8.0572,7.11,0,0.68231,10.905,0
8.1396,7.1782,0.17407,0.65004,11.009,0
8.167,7.2432,0.23356,0.6196,11.096,0
8.1897,7.3052,0.31076,0.58934,11.191,0
8.229,7.3641,0.40422,0.57229,11.273,0
8.229,7.4214,0,0.55809,11.356,0
8.229,7.4772,0,0.54936,11.434,0
8.3665,7.5321,0.3998,0.54197,11.518,0
8.3665,7.5863,0,0.52811,11.599,0
8.4298,7.6391,0.26106,0.50806,11.685,0
8.4615,7.6899,0.26185,0.49306,11.757,0
8.4894,7.7392,0.28267,0.47723,11.84,0
8.5204,7.7869,0.30614,0.46448,11.915,0
8.5503,7.8334,0.34293,0.45185,11.986,0
8.5503,7.8786,0,0.44382,12.055,0
8.625,7.923,0.38164,0.43903,12.135,0
8.625,7.9669,0,0.42917,12.203,0
8.625,8.0098,0,0.42391,12.267,0
8.7251,8.0522,0.30204,0.41602,12.349,0
8.7651,8.0938,0.24973,0.41332,12.412,0
8.7651,8.1351,0,0.4023,12.477,0
8.8106,8.1753,0.1618,0.38814,12.541,0
8.8309,8.2141,0.10455,0.37574,12.611,0
8.8424,8.2517,0.065679,0.35883,12.679,0
8.8424,8.2876,0,0.3401,12.737,0
8.8424,8.3216,0,0.31802,12.79,0
8.8641,8.3534,0.15688,0.3077,12.855,0
8.8878,8.3842,0.21719,0.30259,12.903,0
8.9148,8.4144,0.24622,0.30007,12.962,0
8.9315,8.4445,0.2064,0.29131,13.009,0
8.9315,8.4736,0,0.29065,13.056,0
8.9315,8.5026,0,0.28247,13.1,0
8.9315,8.5309,0,0.27203,13.142,0
8.9315,8.5581,0,0.25893,13.181,0
8.9986,8.584,0.13448,0.24491,13.228,0
8.9986,8.6085,0,0.23343,13.269,0
9.0173,8.6318,0.2452,0.22681,13.311,0
9.0442,8.6545,0.21782,0.22881,13.343,0
9.0631,8.6774,0.15129,0.22591,13.374,0
9.0726,8.7,0.064906,0.21773,13.404,0
9.0726,8.7218,0,0.20875,13.44,0
9.0726,8.7426,0,0.19214,13.474,0
9.065,8.7618,0.022719,0.17634,13.511,0
9.065,8.7795,0,0.1719,13.54,0
9.065,8.7967,0,0.16254,13.568,0
9.0936,8.8129,0.16388,0.16255,13.595,0
9.1131,8.8292,0.21475,0.16419,13.619,0
9.1131,8.8456,0,0.16887,13.647,0
9.1131,8.8625,0,0.1752,13.673,0
9.1798,8.88,0.16488,0.17268,13.706,0
9.1899,8.8973,0.15176,0.16834,13.738,0
9.2081,8.9141,0.15907,0.16895,13.766,0
9.2229,8.931,0.19782,0.16758,13.8,0
9.2488,8.9478,0.23244,0.17269,13.837,0
9.2488,8.965,0,0.17282,13.866,0
9.2899,8.9823,0.24239,0.17618,13.915,0
9.3224,8.9999,0.24148,0.18448,13.948,0
9.3405,9.0184,0.22464,0.1841,13.987,0
9.3405,9.0368,0,0.1827,14.018,0
9.3405,9.0551,0,0.18137,14.047,0
9.3906,9.0732,0.27663,0.18057,14.073,0
9.3906,9.0912,0,0.18432,14.104,0
9.432,9.1097,0.26452,0.18292,14.143,0
9.4568,9.128,0.25418,0.18636,14.173,0
9.4568,9.1466,0,0.18769,14.205,0
9.5,9.1654,0.19804,0.18899,14.227,0
9.5,9.1843,0,0.18898,14.26,0
9.5,9.2032,0,0.192,14.29,0
9.5,9.2224,0,0.18592,14.319,0
9.5,9.241,0,0.18204,14.346,0
9.5,9.2592,0,0.17742,14.371,0
9.5854,9.2769,0.12101,0.17307,14.446,0
9.5854,9.2942,0,0.17164,14.476,0
9.5854,9.3114,0,0.17072,14.504,0
9.5854,9.3285,0,0.17034,14.53,0
9.6465,9.3455,0.15578,0.16792,14.549,0
9.6721,9.3623,0.16077,0.17266,14.584,0
9.6917,9.3795,0.12599,0.17385,14.623,0
9.6917,9.3969,0,0.1738,14.654,0
9.7227,9.4143,0.057133,0.17128,14.682,0
9.7227,9.4314,0,0.16859,14.712,0
9.7481,9.4483,0.012827,0.16611,14.739,0
9.7481,9.4649,0,0.15931,14.769,0
9.7488,9.4808,0.013772,0.14813,14.801,0
9.7488,9.4957,0,0.13936,14.827,0
9.7488,9.5096,0,0.13171,14.851,0
9.7467,9.5228,0.006062,0.12346,14.878,0
9.7562,9.5351,-0.014207,0.1218,14.9,0
9.7562,9.5473,0,0.1118,14.921,0
9.7547,9.5585,-0.041963,0.10793,14.942,0
9.7547,9.5693,0,0.10299,14.961,0
9.7547,9.5796,0,0.089181,14.979,0
9.7255,9.5885,-0.32569,0.075276,15.014,0.85836
9.7027,9.596,-0.28937,0.058566,15.018,0.74362
9.7027,9.6019,0,0.039227,15.028,0
9.7027,9.6058,0,0.030103,15.038,0
9.7027,9.6088,0,0.023259,15.047,0
9.6593,9.6111,0.16071,0.026426,15.034,0
9.6593,9.6138,0,0.03123,15.038,0
9.6593,9.6169,0,0.033507,15.043,0
9.687,9.6202,-0.04696,0.036558,15.047,0.045212
9.687,9.6239,0,0.036911,15.054,0
9.6883,9.6276,-0.18348,0.033167,15.04,0.42164
9.6883,9.6309,0,0.023599,15.046,0
9.6883,9.6333,0,0.014691,15.052,0
9.6374,9.6347,-0.080959,0.001466,15.023,0.18448
9.6379,9.6349,-0.018016,0.0016741,15.03,0.035919
9.6392,9.635,0.035069,0.0022438,15.027,0
9.6505,9.6353,0.047311,0.0083221,15.029,0
9.6597,9.6361,0.010239,0.012856,15.031,0
9.653,9.6374,-0.0084956,0.0085258,15.034,0.0039507
9.6488,9.6382,0.01211,0.0057659,15.042,0
9.6488,9.6388,0,0.0028142,15.043,0
9.649,9.6391,0.19641,0.0053935,15.046,0
9.649,9.6396,0,0.019685,15.047,0.022784
9.7094,9.6416,0.28023,0.036999,15.055,0
9.7094,9.6453,0,0.052369,15.061,0
9.7094,9.6505,0,0.062642,15.068,0.013861
9.7094,9.6568,0,0.064613,15.073,0.031756
9.7809,9.6633,0.12064,0.064133,15.094,0
9.7959,9.6697,0.13807,0.068769,15.105,0
9.7959,9.6766,0,0.071782,15.117,0
9.7959,9.6837,0,0.077,15.129,0
9.7959,9.6914,0,0.082622,15.139,0
9.8684,9.6997,0.24485,0.091711,15.155,0
9.8684,9.7089,0,0.10127,15.172,0
9.8684,9.719,0,0.10352,15.187,0
9.9235,9.7293,0.23986,0.10539,15.221,0
9.9235,9.7399,0,0.1075,15.24,0
9.9699,9.7506,0.24119,0.11891,15.265,0
9.9857,9.7625,0.24812,0.12101,15.295,0
10.013,9.7746,0.26033,0.12901,15.313,0
10.045,9.7875,0.2471,0.13942,15.329,0
10.045,9.8015,0,0.14817,15.354,0
10.045,9.8163,0,0.15109,15.378,0
10.121,9.8314,0.27264,0.15594,15.404,0
10.121,9.847,0,0.15812,15.432,0
10.162,9.8628,0.29598,0.16084,15.469,0
10.191,9.8789,0.32041,0.16764,15.503,0
10.191,9.8957,0,0.17048,15.533,0
10.235,9.9127,0.29522,0.1729,15.574,0
10.257,9.93,0.30469,0.17562,15.604,0
10.257,9.9476,0,0.18715,15.635,0
10.257,9.9663,0,0.19569,15.665,0
10.257,9.9858,0,0.19884,15.694,0
10.394,10.006,0.4006,0.20697,15.736,0
10.394,10.026,0,0.21567,15.774,0
10.477,10.048,0.33812,0.22852,15.811,0
10.516,10.071,0.2793,0.23676,15.859,0
10.549,10.095,0.28681,0.24145,15.908,0
10.581,10.119,0.29158,0.24477,15.946,0
10.617,10.143,0.29481,0.25063,15.997,0
10.617,10.168,0,0.24993,16.043,0
10.669,10.193,0.26198,0.25111,16.098,0
10.669,10.218,0,0.25111,16.144,0
10.701,10.243,-0.40631,0.24094,16.187,0.90462
10.659,10.268,-1.0801,0.20561,16.224,5.5634
10.659,10.288,0,0.13402,16.262,0
10.659,10.301,0,0.031384,16.299,0
10.091,10.305,-3.7519,-0.041286,16.266,102.26
10.091,10.3,0,-0.11515,16.245,0.18831
9.2582,10.289,-5.176,-0.20102,16.153,21.894
8.7471,10.269,-5.7973,-0.30028,16.018,22.937
8.1615,10.239,-6.2102,-0.41589,15.847,23.906
8.1615,10.197,0,-0.54286,15.642,3.4986
8.1615,10.143,0,-0.682,15.441,2.8213
6.217,10.075,-6.8647,-0.83581,14.948,26.164
6.217,9.9912,0,-1.004,14.566,7.1265
4.8323,9.8908,-7.0903,-1.1889,14.058,27.157
4.8323,9.7719,0,-1.3962,13.558,9.3224
3.4333,9.6323,-6.5735,-1.6227,12.943,26.492
3.4333,9.47,0,-1.8743,12.331,10.79
3.4333,9.2826,0,-2.142,11.737,8.5977
1.6441,9.0684,-4.4206,-2.4233,10.884,21.411
1.6441,8.826,0,-2.7195,10.154,10.336
0.84127,8.5541,-3.0688,-3.0282,9.3666,16.774
0.53774,8.2513,-2.7833,-6.2447,8.5947,8.5395
0.53774,7.6268,0,-5.9514,7.8545,2.2107
0.53774,7.0317,0,-5.6312,7.1754,1.6633
0.53774,6.4685,0,-5.2,6.5541,1.4151
-0.35507,5.9485,-1.1336,-8.8,5.7898,0
-0.35507,5.0685,0,-8.8,5.2034,0
-0.35507,4.1885,0,-8.8,4.7051,0
-0.52376,3.3085,0.39082,-8.8,4.2584,0
-0.52376,2.4285,0,-8.8,3.9192,0
-0.45141,1.5485,0.1769,-8.8,3.6773,0
-0.42734,0.66855,0.092009,-8.8,3.5279,0
-0.42734,0,0,-8.8,3.4623,0
-0.4012,0,0.035711,-8.8,3.4729,0
-0.4012,0,0,-8.8,3.4768,0
-0.4012,0,0,-8.8,3.4807,0
-0.4012,0,0,-8.8,3.4845,0
-0.4012,0,0,-8.8,3.4884,0
-0.4012,0,0,-8.8,3.4923,0
-0.4012,0,0,-8.8,3.4962,0
-0.12155,0,0.77417,-8.8,3.5681,0
-0.12155,0,0,-8.8,3.5999,0
-0.12155,0,0,-8.8,3.6318,0
0.14045,0,0.94909,-8.8,3.7109,0
0.23013,0,1.1186,-8.8,3.7657,0
0.33469,0,1.3549,-8.8,3.8389,0
0.47865,0,1.6246,-8.8,3.9319,0
0.47865,0,0,-8.8,4.0238,0
0.47865,0,0,-8.8,4.1156,0
0.47865,0,0,-8.8,4.2075,0
0.47865,0,0,-8.8,4.2994,0
0.47865,0,0,-8.8,4.3912,0
0.47865,0,0,-8.8,4.4831,0
1.9063,0,2.1776,2.1776,5.0595,0
1.9063,0.21776,0,2.1219,5.2392,4.3271
1.9063,0.42995,0,2.0759,5.3975,4.9329
2.5252,0.63754,2.0372,2.0372,5.6361,0
2.5252,0.84126,0,2.018,5.8147,3.6654
2.5252,1.0431,0,4.9,5.973,30.594
2.5252,1.5331,0,4.9,6.0967,33.665
2.5252,2.0231,0,4.5131,6.1714,32.574
3.5544,2.4744,2.0379,2.6908,6.46,0
3.7563,2.7435,2.0098,2.1571,6.5735,0
3.9671,2.9592,1.9717,1.916,6.6682,0
3.9671,3.1508,0,1.7723,6.7594,5.735
3.9671,3.328,0,1.669,6.8322,5.8011
3.9671,3.4949,0,1.5906,6.8877,5.9932
3.9671,3.654,0,1.5284,6.927,6.2611
3.9671,3.8068,0,1.4898,6.9507,6.6666
5.098,3.9558,1.7382,1.4519,7.3145,0
5.098,4.101,0,1.4168,7.4215,2.7549
5.098,4.2426,0,1.3847,7.5141,3.1131
5.098,4.3811,0,1.3581,7.5927,3.4951
5.7548,4.5169,1.5843,1.3339,7.7924,0
5.907,4.6503,1.6137,1.3071,7.9092,0
6.0679,4.781,1.5754,1.2966,8.0392,0
6.0679,4.9107,0,1.2905,8.1614,1.4899
6.0679,5.0397,0,1.2859,8.2707,1.923
6.0679,5.1683,0,1.2855,8.3671,2.3883
6.7166,5.2969,1.5459,1.2776,8.5814,0
6.7166,5.4246,0,1.2726,8.7169,0.94035
6.7166,5.5519,0,1.2804,8.8398,1.4129
6.7166,5.6799,0,1.2945,8.9498,1.9378
7.3955,5.8094,1.7443,1.3007,9.1938,0
7.3955,5.9394,0,1.3091,9.3459,0.56722
7.7456,6.0704,1.5689,1.316,9.5131,0
7.7456,6.202,0,1.3059,9.6741,0.26882
7.7456,6.3325,0,1.2992,9.8219,0.6627
7.7456,6.4625,0,1.294,9.9567,1.0733
7.7456,6.5919,0,1.2876,10.079,1.4876
8.5041,6.7206,1.4184,1.2783,10.387,0
8.5041,6.8485,0,1.2635,10.559,0
8.7779,6.9748,1.2726,1.2509,10.737,0
8.7779,7.0999,0,1.2283,10.911,0
8.7779,7.2227,0,1.2143,11.072,0
8.7779,7.3442,0,1.1969,11.222,0.13982
8.7779,7.4639,0,1.1805,11.359,0.44434
8.7779,7.5819,0,1.1809,11.485,0.82737
9.5537,7.7,1.3781,1.1888,11.833,0
9.5537,7.8189,0,1.1822,12.012,0
9.8157,7.9371,1.1839,1.177,12.203,0
9.9303,8.0548,0.99527,1.1617,12.384,0
9.9303,8.171,0,1.139,12.566,0
9.9303,8.2849,0,1.1021,12.736,0
10.173,8.3951,0.51457,1.0686,12.937,0
10.173,8.5019,0,1.0302,13.11,0
10.28,8.605,0.54028,0.98876,13.278,0
10.28,8.7038,0,0.95426,13.44,0
10.384,8.7993,0.45309,0.92089,13.61,0
10.384,8.8913,0,0.88523,13.764,0
10.463,8.9799,0.31096,0.84923,13.901,0
10.463,9.0648,0,0.81674,14.045,0
10.463,9.1465,0,0.77914,14.181,0
10.463,9.2244,0,0.7462,14.309,0
10.463,9.299,0,0.72829,14.429,0
10.652,9.3718,0.43818,0.71251,14.585,0
10.652,9.4431,0,0.69009,14.709,0
10.715,9.5121,0.30278,0.66314,14.836,0
10.715,9.5784,0,0.6392,14.953,0
10.772,9.6423,0.38088,0.61711,15.077,0
10.772,9.704,0,0.59758,15.187,0
10.833,9.7638,0.23624,0.57938,15.287,0
10.833,9.8217,0,0.5545,15.391,0
10.833,9.8772,0,0.53074,15.49,0
10.89,9.9303,0.064305,0.51413,15.577,0
10.89,9.9817,0,0.49279,15.67,0
10.923,10.031,0.31578,0.47436,15.754,0
10.957,10.078,0.25778,0.4664,15.851,0
10.99,10.125,0.13688,0.45758,15.937,0
10.99,10.171,0,0.44229,16.021,0
11.026,10.215,0.028933,0.4268,16.116,0
11.026,10.258,0,0.40948,16.195,0
11.026,10.299,0,0.39107,16.27,0
11.026,10.338,0,0.37684,16.341,0
11.102,10.375,0.26015,0.37895,16.415,0
11.119,10.413,0.058347,0.36725,16.496,0
11.119,10.45,0,0.34768,16.565,0
11.119,10.485,0,0.32549,16.63,0
11.119,10.517,0,0.31635,16.692,0
11.151,10.549,0.33178,0.31096,16.748,0
11.181,10.58,0.45447,0.30961,16.803,0
11.181,10.611,0,0.31663,16.862,0
11.181,10.643,0,0.32273,16.917,0
11.307,10.675,0.25924,0.32394,16.987,0
11.307,10.707,0,0.31511,17.049,0
11.353,10.739,0.76248,0.31393,17.121,0
11.421,10.77,0.67662,0.33193,17.179,0
