12.778,12.778,1.3024,0,35.5,0.77432
12.906,12.778,1.3761,0.093846,35.511,0.72896
13.05,12.787,1.3507,0.19249,35.528,0.3934
13.194,12.806,1.3354,0.28265,35.553,0.12003
13.194,12.835,0,0.36247,35.591,0.11088
13.469,12.871,1.2548,0.43442,35.664,0
13.585,12.914,1.2398,0.48491,35.725,0
13.718,12.963,1.2333,0.54389,35.805,0
13.848,13.017,1.2486,0.59503,35.881,0
13.848,13.077,0,0.63619,35.961,0
13.848,13.14,0,0.68429,36.035,0.25715
13.848,13.209,0,0.72872,36.103,0.6228
14.381,13.282,1.2382,0.76937,36.29,0
14.508,13.359,1.1515,0.79859,36.401,0
14.508,13.438,0,0.81549,36.512,0
14.723,13.52,1.0175,0.82387,36.624,0
14.723,13.602,0,0.83319,36.74,0
14.938,13.686,1.0058,0.8451,36.879,0
14.938,13.77,0,0.85423,37,0
14.938,13.856,0,0.86533,37.113,0
14.938,13.942,0,0.86537,37.217,0.11369
15.361,14.029,1.0129,0.87382,37.399,0
15.459,14.116,0.93739,0.8743,37.54,0
15.56,14.204,0.92739,0.87736,37.683,0
15.56,14.291,0,0.87631,37.814,0
15.56,14.379,0,0.86552,37.937,0
15.56,14.465,0,0.85833,38.051,0
15.906,14.551,0.87774,0.85202,38.221,0
15.906,14.636,0,0.84456,38.352,0
15.906,14.721,0,0.84562,38.475,0
16.168,14.806,0.82735,0.84031,38.631,0
16.168,14.89,0,0.82995,38.763,0
16.168,14.973,0,0.82599,38.886,0
16.168,15.055,0,0.82177,39.002,0
16.168,15.137,0,0.81074,39.109,0
16.168,15.218,0,0.80447,39.208,0.017987
16.168,15.299,0,0.79704,39.299,0.21864
16.168,15.379,0,0.78134,39.382,0.38904
16.768,15.457,0.72934,0.77115,39.677,0
16.768,15.534,0,0.76358,39.805,0
16.768,15.61,0,0.75924,39.924,0
16.768,15.686,0,0.75585,40.036,0
16.768,15.762,0,0.73913,40.141,0
17.088,15.836,0.30191,0.71735,40.309,0
17.116,15.907,0.11824,0.68889,40.427,0
17.123,15.976,0.038701,0.65034,40.536,0
17.128,16.041,-0.0040881,0.61374,40.639,0
17.124,16.103,-0.058508,0.57425,40.749,0
17.124,16.16,0,0.53544,40.849,0
17.116,16.214,-0.069405,0.50401,40.944,0
17.101,16.264,-0.061124,0.46568,41.024,0
17.101,16.311,0,0.43287,41.106,0
17.101,16.354,0,0.40268,41.183,0
17.061,16.394,-0.046942,0.36825,41.265,0
17.061,16.431,0,0.3455,41.33,0
17.054,16.465,0.045209,0.32309,41.385,0
17.054,16.498,0,0.31109,41.442,0
17.054,16.529,0,0.29332,41.496,0
17.054,16.558,0,0.28686,41.547,0
17.054,16.587,0,0.27876,41.595,0
17.115,16.615,0.12327,0.2721,41.669,0
17.115,16.642,0,0.26739,41.717,0
17.145,16.669,0.14453,0.25826,41.75,0
17.145,16.695,0,0.24648,41.796,0
17.145,16.719,0,0.23824,41.84,0
17.166,16.743,0.020103,0.22829,41.873,0
17.166,16.766,0,0.21755,41.914,0
17.162,16.788,0.045285,0.20158,41.952,0
17.167,16.808,0.15059,0.19311,41.997,0
17.167,16.827,0,0.19153,42.032,0
17.211,16.846,0.29677,0.19582,42.073,0
17.238,16.866,0.31962,0.19968,42.115,0
17.238,16.886,0,0.20546,42.151,0
17.238,16.906,0,0.21371,42.186,0
17.338,16.928,0.21172,0.21908,42.227,0
17.361,16.95,0.1925,0.2191,42.261,0
17.361,16.972,0,0.21793,42.301,0
17.402,16.993,0.19536,0.21748,42.341,0
17.428,17.015,0.20101,0.21916,42.376,0
17.448,17.037,0.17904,0.2179,42.422,0
17.472,17.059,0.11711,0.21908,42.458,0
17.478,17.081,0.13408,0.21036,42.49,0
17.478,17.102,0,0.20113,42.528,0
17.478,17.122,0,0.19318,42.565,0
17.497,17.141,0.147,0.18776,42.596,0
17.509,17.16,0.11959,0.18355,42.641,0
17.517,17.178,0.044397,0.17829,42.674,0
17.517,17.196,0,0.17055,42.707,0
17.517,17.213,0,0.16024,42.739,0
17.51,17.229,-0.09628,0.14741,42.788,0
17.51,17.244,0,0.13384,42.815,0
17.49,17.257,-0.015356,0.12164,42.829,0
17.49,17.269,0,0.11457,42.852,0
17.492,17.281,-0.0031436,0.11013,42.875,0
17.487,17.292,0.0132,0.10207,42.898,0
17.487,17.302,0,0.097638,42.917,0
17.488,17.312,0.063189,0.091764,42.937,0
17.488,17.321,0,0.094247,42.954,0
17.488,17.331,0,0.097035,42.97,0
17.488,17.34,0,0.098639,42.985,0
17.488,17.35,0,0.093767,43,0
17.534,17.359,0.0084336,0.090973,43.035,0
17.534,17.369,0,0.091466,43.052,0
17.554,17.378,0.088713,0.091612,43.079,0
17.554,17.387,0,0.095346,43.097,0
17.554,17.396,0,0.093477,43.113,0
17.587,17.406,-0.019844,0.094212,43.135,0
17.585,17.415,-0.011499,0.088071,43.157,0
17.582,17.424,0.031871,0.081963,43.179,0
17.589,17.432,0.011104,0.08126,43.199,0
17.589,17.44,0,0.07603,43.214,0
17.598,17.448,0.060873,0.077764,43.224,0
17.597,17.456,-0.028905,0.073352,43.235,0
17.597,17.463,0,0.068915,43.249,0
17.583,17.47,-0.085835,0.058434,43.267,0.092019
17.578,17.476,-0.078997,0.052976,43.272,0.08455
17.574,17.481,-0.070077,0.04796,43.288,0.071453
17.575,17.486,-0.078796,0.045972,43.291,0.096801
17.575,17.49,-0.078351,0.043538,43.307,0.10014
17.575,17.495,0,0.039789,43.315,0
17.562,17.499,-0.011985,0.032588,43.31,0
17.562,17.502,0,0.031138,43.316,0
17.562,17.505,0.16557,0.029377,43.317,0
17.577,17.508,0.19556,0.035386,43.334,0
17.577,17.512,0,0.047526,43.34,0
17.628,17.516,0.34176,0.057567,43.352,0
17.628,17.522,0,0.075473,43.363,0
17.628,17.53,0,0.083932,43.373,0
17.628,17.538,0,0.095075,43.382,0.022187
17.628,17.548,0,0.11219,43.391,0.084305
17.801,17.559,0.20778,0.1248,43.429,0
17.801,17.571,0,0.13296,43.453,0
17.801,17.585,0,0.13341,43.475,0
17.861,17.598,0.067066,0.13528,43.486,0
17.861,17.611,0,0.12799,43.512,0
17.861,17.624,0,0.12013,43.536,0
17.861,17.636,0,0.11687,43.559,0
17.861,17.648,0,0.11128,43.581,0
17.861,17.659,0,0.10656,43.602,0
17.88,17.67,0.0056363,0.10764,43.623,0
17.883,17.68,-0.025945,0.10359,43.646,0
17.883,17.691,0,0.10081,43.666,0
17.88,17.701,-0.046407,0.091262,43.672,0
17.88,17.71,0,0.084424,43.69,0
17.86,17.718,-0.059248,0.072264,43.701,0
17.853,17.726,-0.063429,0.064974,43.711,0.01969
17.85,17.732,-0.044541,0.060024,43.715,0
17.844,17.738,0.025674,0.053629,43.724,0
17.844,17.744,0,0.05719,43.735,0
17.844,17.749,0,0.058323,43.744,0
17.872,17.755,-0.012745,0.059265,43.766,0
17.864,17.761,-0.041073,0.052202,43.774,0
17.868,17.766,-0.061537,0.051733,43.785,0.039801
17.868,17.771,0,0.048046,43.795,0
17.867,17.776,-0.082556,0.046322,43.796,0.10216
17.854,17.781,-0.034261,0.037194,43.809,0.0033346
17.861,17.785,-0.022278,0.038577,43.819,0
17.859,17.788,-0.064547,0.035576,43.819,0.07786
17.862,17.792,-0.064948,0.035422,43.816,0.079075
17.862,17.796,0,0.031732,43.823,0
17.862,17.799,0,0.030705,43.83,0
17.861,17.802,0.068827,0.029931,43.834,0
17.864,17.805,0.1457,0.030045,43.847,0
17.884,17.808,0.19522,0.038598,43.86,0
17.9,17.812,0.19955,0.044729,43.878,0
17.9,17.816,0,0.052991,43.886,0
17.937,17.821,0.19928,0.058528,43.913,0
17.957,17.827,0.24613,0.065957,43.921,0
17.986,17.834,0.31025,0.077157,43.933,0
17.986,17.842,0,0.093608,43.947,0
18.05,17.851,0.2719,0.10084,43.978,0
18.05,17.861,0,0.10447,43.997,0
18.05,17.871,0,0.11262,44.016,0
18.05,17.883,0,0.11623,44.033,0
18.136,17.894,0.17621,0.12198,44.069,0
18.163,17.907,0.15408,0.12964,44.096,0
18.163,17.92,0,0.13205,44.121,0
18.203,17.933,0.10503,0.13609,44.148,0
18.203,17.946,0,0.13611,44.175,0
18.215,17.96,0.096502,0.12836,44.214,0
18.23,17.973,0.15843,0.12933,44.245,0
18.243,17.986,0.1592,0.12958,44.274,0
18.266,17.999,0.19485,0.13423,44.296,0
18.266,18.012,0,0.13876,44.322,0
18.266,18.026,0,0.14979,44.346,0
18.266,18.041,0,0.15991,44.37,0
18.404,18.057,0.4935,0.1741,44.414,0
18.463,18.074,0.5467,0.19466,44.455,0
18.522,18.094,0.56249,0.21448,44.486,0
18.571,18.115,0.56844,0.22799,44.523,0
18.634,18.138,0.54643,0.24747,44.579,0
18.634,18.163,0,0.26506,44.628,0
18.752,18.189,0.46721,0.28003,44.697,0
18.793,18.217,0.41221,0.28624,44.751,0
18.793,18.246,0,4.8,44.807,35.395
18.793,18.726,0,0.065963,44.838,0.0041602
18.793,18.733,0,0.073762,44.844,0.036198
18.911,18.74,0.22233,0.081146,44.882,0
18.935,18.748,0.22702,0.089036,44.897,0
18.964,18.757,0.20171,0.098185,44.909,0
18.993,18.767,0.16457,0.10745,44.936,0
18.993,18.778,0,0.10593,44.959,0
18.993,18.788,0,0.11146,44.98,0
19.031,18.799,0.097872,0.11,44.991,0
19.045,18.81,0.070666,0.11132,45.014,0
19.053,18.821,0.035793,0.10948,45.039,0
19.053,18.832,0,0.10556,45.062,0
19.054,18.843,0.032771,0.09974,45.084,0
19.059,18.853,0.022447,0.097357,45.107,0
19.056,18.863,0.11613,0.091536,45.129,0
19.066,18.872,0.16219,0.091662,45.158,0
19.073,18.881,0.091955,0.090544,45.174,0
19.073,18.89,0,0.088206,45.193,0
19.073,18.899,0,0.092711,45.211,0
19.073,18.908,0,0.1008,45.228,0
19.073,18.918,0,0.10266,45.244,0
19.157,18.928,0.31412,0.108,45.289,0
19.157,18.939,0,0.11981,45.312,0
19.232,18.951,0.38621,0.13211,45.331,0
19.232,18.964,0,0.14503,45.359,0
19.32,18.979,0.39857,0.16043,45.392,0
19.32,18.995,0,0.17432,45.426,0
19.406,19.012,0.17296,0.18493,45.454,0
19.406,19.031,0,0.18522,45.493,0
19.406,19.049,0,0.18271,45.529,0
19.406,19.068,0,0.18314,45.564,0
19.406,19.086,0,0.17988,45.597,0
19.48,19.104,0.17495,0.17589,45.65,0
19.507,19.122,0.15837,0.18004,45.684,0
19.507,19.14,0,0.18048,45.721,0
19.534,19.158,0.070161,0.1754,45.747,0
19.532,19.175,0.063402,0.16634,45.788,0
19.532,19.192,0,0.16383,45.823,0
19.532,19.208,0,0.15963,45.856,0
19.56,19.224,0.13472,0.15624,45.879,0
19.56,19.24,0,0.15314,45.912,0
19.56,19.255,0,0.15117,45.943,0
19.591,19.27,0.035297,0.14893,45.973,0
19.596,19.285,0.029374,0.14411,46.007,0
19.596,19.299,0,0.13599,46.038,0
19.596,19.313,0,0.12961,46.067,0
19.589,19.326,0.0071865,0.12151,46.096,0
19.596,19.338,0.034009,0.11936,46.118,0
19.596,19.35,0,0.11281,46.144,0
19.6,19.361,0.030784,0.11012,46.177,0
19.602,19.372,0.052807,0.10589,46.202,0
19.601,19.383,0.022592,0.10074,46.227,0
19.601,19.393,0,0.098588,46.248,0
19.615,19.403,0.047272,0.097599,46.253,0
19.615,19.413,0,0.099109,46.274,0
19.631,19.423,0.16028,0.095775,46.302,0
19.631,19.432,0,0.10227,46.322,0
19.631,19.442,0,0.1124,46.342,0
19.631,19.454,0,0.12659,46.36,0
19.77,19.466,0.55364,0.13965,46.4,0
19.817,19.48,0.66062,0.15463,46.439,0
19.878,19.496,0.71418,0.17541,46.475,0
19.954,19.513,0.75165,0.20225,46.522,0
19.954,19.534,0,4.8,46.565,36.199
19.954,20.014,0,0.042979,46.584,0.22532
19.954,20.018,0,0.06934,46.577,0.30155
19.954,20.025,0,0.099133,46.571,0.39722
20.312,20.035,0.70709,0.12198,46.655,0
20.312,20.047,0,0.14729,46.682,0
20.312,20.062,0,0.17531,46.707,0
20.312,20.079,0,0.20476,46.732,0
20.312,20.1,0,0.23558,46.754,0.10302
20.72,20.123,0.74273,0.26201,46.867,0
20.79,20.149,0.69791,0.28086,46.93,0
20.85,20.177,0.70481,0.29478,47.004,0
20.85,20.207,0,0.31178,47.069,0
20.987,20.238,0.72775,0.32731,47.144,0
21.063,20.271,0.65589,0.34577,47.216,0
21.135,20.305,0.62378,0.36175,47.299,0
21.135,20.342,0,0.37573,47.381,0
21.135,20.379,0,0.38341,47.458,0
21.135,20.417,0,0.38135,47.532,0
21.135,20.456,0,0.37576,47.602,0
21.354,20.493,0.313,0.37263,47.749,0
21.354,20.53,0,0.37053,47.833,0
21.41,20.568,0.31244,0.36363,47.925,0
21.41,20.604,0,0.36338,48.008,0
21.41,20.64,0,4.8,48.087,33.985
21.41,21.12,0,0.15904,48.14,0
21.41,21.136,0,0.16075,48.168,0
21.41,21.152,0,0.15634,48.194,0
21.549,21.168,0.25891,0.15782,48.284,0
21.549,21.184,0,0.16335,48.321,0
21.549,21.2,0,0.173,48.357,0
21.549,21.217,0,0.18367,48.391,0
21.549,21.236,0,0.1867,48.423,0
21.549,21.254,0,0.19084,48.454,0
21.549,21.273,0,0.18775,48.482,0
21.745,21.292,0.046763,0.18667,48.595,0
21.745,21.311,0,0.18291,48.639,0
21.745,21.329,0,0.17464,48.682,0
21.759,21.347,0.14778,0.16989,48.727,0
21.759,21.364,0,0.17268,48.767,0
21.759,21.381,0,0.16938,48.806,0
21.822,21.398,0.35901,0.17449,48.842,0
21.852,21.415,0.58946,0.17954,48.893,0
21.903,21.433,0.71211,0.19274,48.948,0
21.98,21.452,0.5954,0.21657,48.993,0
21.98,21.474,0,0.23055,49.044,0
21.98,21.497,0,0.24169,49.094,0
21.98,21.521,0,0.24152,49.141,0
21.98,21.545,0,0.21734,49.186,0
21.98,21.567,0,0.15952,49.228,0
21.766,21.583,-2.7855,0.07476,49.291,41.839
21.766,21.591,0,-0.0072263,49.309,0
21.125,21.59,-3.8333,-0.032091,49.262,110.04
21.125,21.587,0,-0.058365,49.216,0.89244
21.125,21.581,0,-0.083471,49.17,0.80718
20.085,21.573,-2.0793,-0.10354,48.964,30.581
20.085,21.562,0,-0.11834,48.816,3.5897
19.753,21.55,-0.60036,-0.12634,48.634,9.0177
19.753,21.538,0,-0.13046,48.454,4.5758
19.753,21.525,0,-0.13125,48.277,4.5259
19.753,21.512,0,-0.13369,48.1,4.4677
19.597,21.498,-0.64348,-0.13676,47.887,9.8467
19.597,21.484,0,-0.14059,47.698,4.8893
19.475,21.47,-0.4789,-0.14532,47.497,8.7195
19.423,21.456,-0.22718,-0.14897,47.287,6.8576
19.405,21.441,0.09074,-0.15019,47.081,4.8613
19.423,21.426,0.44541,-0.14866,46.882,3.1524
19.459,21.411,0.74778,-0.14585,46.676,2.1307
19.533,21.397,1.0192,-0.14005,46.487,1.5022
19.627,21.383,1.1326,-0.13266,46.311,1.2538
19.741,21.369,1.1525,-0.12376,46.134,1.0949
19.848,21.357,1.11,-0.11527,45.968,0.9762
19.966,21.345,0.99515,-0.10588,45.822,0.873
20.059,21.335,0.92153,-0.0984,45.683,0.78742
20.059,21.325,0,-0.09111,45.556,3.0323
20.059,21.316,0,-0.083173,45.43,3.0382
20.059,21.307,0,-0.076035,45.305,3.0432
20.419,21.3,0.61818,-0.068811,45.283,0.50378
20.419,21.293,0,-0.064244,45.195,1.9636
20.511,21.287,0.30378,-0.060847,45.128,0.82327
20.511,21.28,0,-0.058426,45.05,1.6905
20.511,21.275,0,-0.056751,44.974,1.6804
20.511,21.269,0,-0.054336,44.898,1.6733
20.6,21.264,0.18563,-0.052578,44.842,0.87678
20.622,21.258,0.20871,-0.050525,44.777,0.76577
20.636,21.253,0.24919,-0.049096,44.712,0.63812
20.636,21.248,0,-0.04749,44.65,1.3058
20.636,21.244,0,-0.045152,44.589,1.301
20.71,21.239,0.48814,-0.042307,44.539,0.13521
20.766,21.235,0.55466,-0.037564,44.492,0.010315
20.822,21.231,0.63545,-0.032828,44.452,0
20.822,21.228,0,-0.027305,44.411,0.84527
20.822,21.225,0,-0.020352,44.371,0.85893
20.822,21.223,0,-0.013456,44.33,0.87429
20.822,21.222,0,-0.0075334,44.29,0.88861
21.214,21.221,0.95496,-0.00053872,44.344,0
21.214,21.221,0,0.031613,44.343,0.083065
21.214,21.224,0,0.067035,44.342,0.17373
21.214,21.231,0,0.10279,44.341,0.28004
21.214,21.241,0,0.13679,44.339,0.39714
21.702,21.255,0.97813,0.17089,44.451,0
21.791,21.272,1.0204,0.19824,44.506,0
21.893,21.292,0.94056,0.22972,44.565,0
21.991,21.315,0.87436,0.2583,44.631,0
22.075,21.34,0.87897,0.2801,44.7,0
22.172,21.368,0.88058,0.30635,44.783,0
22.172,21.399,0,0.32593,44.862,0
22.172,21.432,0,0.34197,44.938,0
22.172,21.466,0,0.36594,45.01,0
22.537,21.502,0.95412,0.39293,45.141,0
22.537,21.542,0,0.41581,45.243,0
22.537,21.583,0,0.43003,45.34,0
22.804,21.626,0.79184,0.44597,45.478,0
22.804,21.671,0,0.46121,45.593,0
22.804,21.717,0,0.47105,45.704,0
22.804,21.764,0,0.47802,45.81,0
22.804,21.812,0,0.483,45.912,0
23.15,21.86,0.68041,0.48588,46.107,0
23.15,21.909,0,0.49424,46.234,0
23.15,21.958,0,0.50268,46.355,0
23.15,22.009,0,0.5083,46.472,0
23.15,22.059,0,0.50917,46.584,0
23.15,22.11,0,0.51017,46.69,0
23.521,22.161,0.46635,0.50825,46.898,0
23.521,22.212,0,0.50882,47.031,0
23.521,22.263,0,0.50425,47.159,0
23.521,22.313,0,0.50019,47.283,0
23.708,22.363,0.4361,0.49994,47.427,0
23.76,22.413,0.3393,0.5,47.562,0
23.803,22.463,0.30114,0.49675,47.697,0
23.803,22.513,0,0.48558,47.829,0
23.803,22.562,0,0.47865,47.955,0
23.88,22.61,0.33085,0.46964,48.071,0
23.92,22.656,0.33915,0.46636,48.206,0
23.958,22.703,0.34484,0.46292,48.341,0
23.958,22.749,0,0.45946,48.464,0
24.029,22.795,0.26699,0.45383,48.592,0
24.059,22.841,0.33006,0.44769,48.716,0
24.059,22.886,0,0.44364,48.835,0
24.124,22.93,0.11759,0.43833,48.969,0
24.142,22.974,0.10914,0.42821,49.079,0
24.142,23.017,0,0.41922,49.194,0
24.168,23.058,0.064859,0.40579,49.314,0
24.168,23.099,0,0.39622,49.423,0
24.168,23.139,0,0.38225,49.527,0
24.168,23.177,0,0.37142,49.628,0
24.205,23.214,0.085674,0.36118,49.722,0
24.219,23.25,0.047441,0.35288,49.818,0
24.219,23.285,0,0.34297,49.913,0
24.219,23.32,0,0.33232,50.005,0
24.244,23.353,0.057305,0.32368,50.088,0
24.244,23.385,0,0.31391,50.175,0
24.249,23.417,2.6777e-06,0.30179,50.256,0
24.251,23.447,0.025387,0.29135,50.333,0
24.245,23.476,0.053286,0.27836,50.406,0
24.245,23.504,0,0.2692,50.482,0
24.25,23.531,0.085163,0.25994,50.554,0
24.25,23.557,0,0.25309,50.624,0
24.252,23.582,0.01329,0.24206,50.703,0
24.248,23.606,-0.0051583,0.23145,50.769,0
24.248,23.629,0,0.22457,50.832,0
24.252,23.652,0.073307,0.21652,50.888,0
24.252,23.674,0,0.21356,50.947,0
24.277,23.695,0.1873,0.20964,51.006,0
24.277,23.716,0,0.20851,51.063,0
24.331,23.737,0.45558,0.21374,51.125,0
24.331,23.758,0,0.22399,51.184,0
24.443,23.781,1.019,0.23841,51.259,0
24.443,23.804,0,0.26564,51.324,0
